,y_test,prediction
13627,47.0,43.81368634633088
2501,25.0,35.0390158360942
18154,41.0,35.0390158360942
15374,45.0,35.0390158360942
18893,35.0,35.0390158360942
3570,36.0,35.0390158360942
11578,39.0,35.0390158360942
9593,24.0,35.0390158360942
4520,45.0,35.0390158360942
1558,46.0,35.0390158360942
16049,37.0,35.0390158360942
8657,33.0,35.0390158360942
7025,16.0,35.0390158360942
14072,26.0,35.0390158360942
18013,39.0,35.0390158360942
7238,30.0,35.0390158360942
12275,32.0,35.0390158360942
14438,34.0,35.0390158360942
13539,45.0,35.0390158360942
21823,30.0,35.0390158360942
16417,19.0,35.0390158360942
12744,29.0,35.0390158360942
8183,23.0,35.0390158360942
9722,38.0,35.0390158360942
16376,38.0,35.0390158360942
10103,47.0,35.0390158360942
21067,42.0,35.0390158360942
11507,44.0,43.04636437891548
18009,34.0,35.0390158360942
22966,45.0,35.0390158360942
10233,31.0,35.0390158360942
4202,43.0,35.0390158360942
20676,30.0,35.0390158360942
22559,46.0,35.0390158360942
19429,35.0,35.0390158360942
21915,46.0,35.0390158360942
6539,40.0,35.0390158360942
11335,25.0,35.0390158360942
18247,37.0,35.0390158360942
18593,44.0,35.0390158360942
7832,32.0,35.0390158360942
5734,41.0,35.0390158360942
12264,45.0,35.0390158360942
17856,37.0,35.0390158360942
23713,49.0,35.0390158360942
3547,43.0,35.0390158360942
9097,45.0,35.0390158360942
15113,29.0,35.0390158360942
3720,26.0,35.0390158360942
9132,40.0,35.0390158360942
4345,48.0,35.0390158360942
5759,46.0,35.0390158360942
15340,30.0,35.0390158360942
10838,27.0,35.0390158360942
9646,36.0,35.0390158360942
11772,41.0,35.0390158360942
2404,27.0,35.0390158360942
20916,37.0,35.0390158360942
4797,50.0,40.74122375512066
3161,35.0,35.0390158360942
8015,44.0,41.304675197519316
15049,39.0,35.0390158360942
15967,32.0,35.0390158360942
15721,35.0,35.0390158360942
15220,22.0,35.0390158360942
19188,23.0,35.0390158360942
20290,35.0,46.82697202858567
17067,43.0,35.0390158360942
4258,37.0,35.0390158360942
22588,46.0,35.0390158360942
13765,33.0,35.0390158360942
22543,43.0,35.0390158360942
5882,47.0,35.0390158360942
8286,47.0,35.0390158360942
5342,32.0,35.0390158360942
17106,44.0,35.0390158360942
9801,30.0,35.0390158360942
18961,39.0,35.0390158360942
21507,44.0,35.0390158360942
19281,42.0,35.0390158360942
10047,43.0,39.174954604182226
3268,34.0,35.0390158360942
10796,25.0,35.0390158360942
9124,44.0,35.0390158360942
2980,30.0,35.0390158360942
7244,24.0,35.0390158360942
9888,35.0,35.0390158360942
15976,25.0,35.0390158360942
23005,38.0,35.0390158360942
11188,37.0,35.0390158360942
19852,24.0,35.0390158360942
228,42.0,35.0390158360942
12293,37.0,35.0390158360942
495,23.0,35.0390158360942
3322,32.0,35.0390158360942
18429,42.0,35.0390158360942
1694,50.0,35.0390158360942
19187,22.0,35.0390158360942
20331,28.0,35.0390158360942
1411,41.0,35.0390158360942
14687,40.0,35.0390158360942
11167,43.0,35.0390158360942
10134,43.0,35.0390158360942
11922,27.0,35.0390158360942
12983,45.0,35.0390158360942
11951,26.0,35.0390158360942
1924,49.0,42.85933972649134
15890,44.0,35.0390158360942
20161,33.0,35.0390158360942
13236,45.0,35.0390158360942
22685,35.0,35.0390158360942
19991,29.0,35.0390158360942
9805,29.0,35.0390158360942
8885,49.0,35.0390158360942
16320,25.0,35.0390158360942
23342,48.0,35.0390158360942
21818,31.0,35.0390158360942
2548,36.0,35.0390158360942
11845,34.0,35.0390158360942
3271,41.0,35.0390158360942
4494,32.0,35.0390158360942
10072,29.0,35.0390158360942
7020,24.0,35.0390158360942
23934,43.0,35.0390158360942
16026,31.0,35.0390158360942
10345,44.0,35.0390158360942
16428,18.0,35.0390158360942
212,49.0,35.0390158360942
2485,23.0,35.0390158360942
21882,38.0,35.0390158360942
13567,27.0,35.0390158360942
13692,34.0,35.0390158360942
1165,42.0,35.0390158360942
11516,45.0,41.21682861005185
5251,38.0,35.0390158360942
14748,28.0,35.0390158360942
5822,46.0,43.65440166081401
12357,40.0,35.0390158360942
2496,31.0,35.0390158360942
9713,25.0,35.0390158360942
9890,36.0,35.0390158360942
21018,32.0,35.0390158360942
1547,48.0,35.0390158360942
16582,44.0,35.0390158360942
501,22.0,35.0390158360942
11107,32.0,35.0390158360942
473,39.0,35.0390158360942
9211,37.0,35.0390158360942
19086,46.0,44.86497733911205
333,29.0,35.0390158360942
20603,27.0,35.0390158360942
23111,42.0,35.0390158360942
3723,22.0,35.0390158360942
14947,43.0,35.0390158360942
535,28.0,35.0390158360942
19623,21.0,35.0390158360942
18944,24.0,35.0390158360942
13883,44.0,35.0390158360942
8516,37.0,35.0390158360942
13213,33.0,35.0390158360942
20971,33.0,35.0390158360942
3188,41.0,35.0390158360942
13559,44.0,43.54953381966543
3122,39.0,35.0390158360942
10981,28.0,35.0390158360942
10209,31.0,35.0390158360942
20799,35.0,35.0390158360942
9461,41.0,35.0390158360942
12763,20.0,35.0390158360942
12197,37.0,35.0390158360942
23273,45.0,35.0390158360942
14763,39.0,35.0390158360942
23155,37.0,35.0390158360942
22465,45.0,35.0390158360942
22092,38.0,35.0390158360942
12523,33.0,35.0390158360942
16079,35.0,35.0390158360942
4908,31.0,35.0390158360942
297,47.0,43.844167234767326
17365,32.0,35.0390158360942
22214,34.0,35.0390158360942
16812,45.0,35.0390158360942
20333,32.0,35.0390158360942
4045,37.0,35.0390158360942
18837,43.0,35.0390158360942
6747,41.0,35.0390158360942
2308,47.0,35.0390158360942
15855,29.0,35.0390158360942
12421,39.0,40.86406057940233
680,34.0,35.0390158360942
8184,24.0,35.0390158360942
1385,32.0,35.0390158360942
20972,33.0,35.0390158360942
22765,43.0,35.0390158360942
8962,53.0,35.0390158360942
10534,33.0,35.0390158360942
14891,34.0,35.0390158360942
5344,30.0,35.0390158360942
22208,34.0,35.0390158360942
21221,31.0,35.0390158360942
15195,40.0,35.0390158360942
3138,32.0,35.0390158360942
19790,40.0,35.0390158360942
7557,34.0,35.0390158360942
4059,40.0,35.0390158360942
15224,22.0,35.0390158360942
8821,36.0,35.0390158360942
5987,45.0,35.0390158360942
22207,39.0,41.70197962646459
6419,34.0,35.0390158360942
10343,47.0,35.0390158360942
20336,33.0,35.0390158360942
17539,42.0,35.0390158360942
23286,43.0,35.0390158360942
7519,38.0,35.0390158360942
3284,31.0,35.0390158360942
18807,47.0,35.0390158360942
7737,36.0,35.0390158360942
4233,35.0,35.0390158360942
4134,22.0,35.0390158360942
4673,41.0,35.0390158360942
2316,41.0,44.04184785658285
5888,46.0,35.0390158360942
4872,31.0,35.0390158360942
14530,22.0,35.0390158360942
498,24.0,35.0390158360942
12841,42.0,35.0390158360942
16411,18.0,35.0390158360942
5686,41.0,35.0390158360942
3124,37.0,35.0390158360942
397,32.0,35.0390158360942
18950,20.0,35.0390158360942
13766,30.0,35.0390158360942
20356,45.0,45.20739394547622
13452,33.0,35.0390158360942
13843,24.0,35.0390158360942
2498,28.0,35.0390158360942
744,30.0,35.0390158360942
22408,38.0,35.0390158360942
7097,42.0,35.0390158360942
12909,39.0,35.0390158360942
18972,23.0,35.0390158360942
10716,24.0,35.0390158360942
8275,20.0,35.0390158360942
3408,36.0,35.0390158360942
17108,26.0,35.0390158360942
22852,43.0,35.0390158360942
18406,23.0,35.0390158360942
23177,48.0,35.0390158360942
1060,47.0,35.0390158360942
9271,33.0,35.0390158360942
16458,22.0,35.0390158360942
14769,41.0,35.0390158360942
3053,29.0,35.0390158360942
23330,45.0,35.0390158360942
4222,38.0,35.0390158360942
6944,15.0,35.0390158360942
9312,28.0,35.0390158360942
17924,34.0,35.0390158360942
13730,45.0,43.5376249938696
23035,49.0,35.0390158360942
22618,45.0,35.0390158360942
3963,41.0,35.0390158360942
13616,43.0,35.0390158360942
20703,30.0,35.0390158360942
11726,43.0,35.0390158360942
6521,37.0,35.0390158360942
1879,44.0,42.25638757062874
22274,41.0,35.0390158360942
22821,39.0,35.0390158360942
6847,44.0,35.0390158360942
8733,23.0,35.0390158360942
14524,27.0,35.0390158360942
4065,38.0,35.0390158360942
20677,26.0,35.0390158360942
8648,40.0,44.26578014196864
13469,43.0,35.0390158360942
22321,21.0,35.0390158360942
10069,27.0,35.0390158360942
3273,38.0,35.0390158360942
19905,41.0,35.0390158360942
6562,41.0,35.0390158360942
8999,40.0,35.0390158360942
8982,35.0,35.0390158360942
7915,39.0,35.0390158360942
11911,31.0,35.0390158360942
4903,29.0,35.0390158360942
18658,43.0,35.0390158360942
8683,34.0,35.0390158360942
210,44.0,35.0390158360942
18899,35.0,35.0390158360942
11813,36.0,35.0390158360942
6892,23.0,35.0390158360942
17841,42.0,35.0390158360942
13556,39.0,35.0390158360942
8175,35.0,35.0390158360942
1474,45.0,35.0390158360942
1347,32.0,35.0390158360942
3645,40.0,35.0390158360942
285,47.0,35.0390158360942
569,37.0,35.0390158360942
4545,23.0,35.0390158360942
12613,37.0,35.0390158360942
2163,40.0,35.0390158360942
12263,50.0,35.0390158360942
12605,35.0,35.0390158360942
23526,44.0,35.0390158360942
2661,41.0,35.0390158360942
10528,35.0,35.0390158360942
9343,28.0,35.0390158360942
20156,33.0,35.0390158360942
1194,32.0,35.0390158360942
3912,39.0,35.0390158360942
22783,41.0,35.0390158360942
8562,40.0,35.0390158360942
13431,44.0,35.0390158360942
16841,24.0,35.0390158360942
16105,46.0,40.54703520922793
1118,26.0,35.0390158360942
19376,31.0,35.0390158360942
5792,45.0,35.0390158360942
11087,42.0,35.0390158360942
2773,45.0,35.0390158360942
6642,23.0,35.0390158360942
14628,39.0,35.0390158360942
22957,44.0,35.0390158360942
22196,43.0,35.0390158360942
23990,42.0,35.0390158360942
8408,29.0,35.0390158360942
1762,49.0,42.99951518355079
14729,45.0,35.0390158360942
15737,42.0,35.0390158360942
16030,26.0,35.0390158360942
1356,34.0,35.0390158360942
16482,39.0,35.0390158360942
18650,43.0,35.0390158360942
14827,32.0,35.0390158360942
18825,24.0,35.0390158360942
23369,41.0,35.0390158360942
13998,36.0,35.0390158360942
6738,41.0,35.0390158360942
2443,20.0,35.0390158360942
1235,25.0,35.0390158360942
3555,28.0,35.0390158360942
2129,40.0,35.0390158360942
2127,41.0,35.0390158360942
22526,30.0,35.0390158360942
20890,21.0,35.0390158360942
6073,32.0,35.0390158360942
3038,25.0,35.0390158360942
21836,25.0,35.0390158360942
6450,23.0,35.0390158360942
10833,47.0,35.0390158360942
19766,34.0,35.0390158360942
20979,41.0,35.0390158360942
2039,41.0,35.0390158360942
15086,40.0,35.0390158360942
17734,41.0,35.0390158360942
14094,43.0,35.0390158360942
3761,42.0,41.8708328034341
12711,33.0,35.0390158360942
2031,36.0,35.0390158360942
21318,42.0,35.0390158360942
20604,25.0,35.0390158360942
20767,18.0,35.0390158360942
1335,16.0,35.0390158360942
3288,28.0,35.0390158360942
16508,32.0,35.0390158360942
6702,24.0,35.0390158360942
2268,28.0,35.0390158360942
18234,33.0,35.0390158360942
18447,29.0,35.0390158360942
10888,42.0,35.0390158360942
22378,44.0,35.0390158360942
1120,26.0,35.0390158360942
8180,22.0,35.0390158360942
18434,33.0,35.0390158360942
6258,32.0,35.0390158360942
2755,30.0,35.0390158360942
14860,49.0,35.0390158360942
11915,31.0,35.0390158360942
22555,41.0,35.0390158360942
18780,43.0,35.0390158360942
3052,31.0,35.0390158360942
13919,32.0,35.0390158360942
10501,45.0,35.0390158360942
2945,45.0,35.0390158360942
9308,26.0,35.0390158360942
6739,42.0,35.0390158360942
8732,29.0,35.0390158360942
1690,43.0,35.0390158360942
17250,31.0,35.0390158360942
15985,19.0,35.0390158360942
2744,22.0,35.0390158360942
10979,27.0,35.0390158360942
14745,29.0,35.0390158360942
8719,8.0,35.0390158360942
14872,35.0,41.51242727147903
8413,43.0,46.92719771545627
18949,17.0,35.0390158360942
6193,43.0,35.0390158360942
846,42.0,35.0390158360942
6338,29.0,35.0390158360942
4333,50.0,35.0390158360942
9341,26.0,35.0390158360942
22649,44.0,35.0390158360942
2552,21.0,35.0390158360942
22670,47.0,35.0390158360942
4129,28.0,35.0390158360942
9305,22.0,35.0390158360942
23979,48.0,35.0390158360942
10846,32.0,35.0390158360942
7222,43.0,35.0390158360942
12707,38.0,35.0390158360942
10536,34.0,35.0390158360942
3804,36.0,35.0390158360942
1569,33.0,35.0390158360942
19384,39.0,35.0390158360942
13569,30.0,35.0390158360942
2258,43.0,35.0390158360942
1977,27.0,35.0390158360942
19613,21.0,35.0390158360942
13020,33.0,35.0390158360942
12493,36.0,35.0390158360942
10152,34.0,35.0390158360942
18270,18.0,35.0390158360942
15118,26.0,35.0390158360942
13873,25.0,35.0390158360942
714,26.0,35.0390158360942
13121,23.0,35.0390158360942
18438,28.0,35.0390158360942
23036,42.0,35.0390158360942
15872,33.0,35.0390158360942
8056,44.0,43.805250729544206
15494,45.0,35.0390158360942
23133,27.0,35.0390158360942
20958,32.0,35.0390158360942
10891,36.0,35.0390158360942
10654,40.0,35.0390158360942
800,39.0,40.97838828890781
17315,34.0,35.0390158360942
7297,42.0,42.386693624111196
19771,39.0,35.0390158360942
11289,43.0,35.0390158360942
16083,36.0,35.0390158360942
12709,35.0,35.0390158360942
20550,48.0,44.18298047309555
20828,34.0,35.0390158360942
12351,44.0,35.0390158360942
18034,39.0,35.0390158360942
1812,43.0,35.0390158360942
1860,41.0,35.0390158360942
10962,44.0,49.542849659943705
2014,30.0,35.0390158360942
870,41.0,35.0390158360942
360,44.0,35.0390158360942
13689,40.0,35.0390158360942
4827,37.0,35.0390158360942
11464,41.0,35.0390158360942
10992,39.0,35.0390158360942
10627,37.0,35.0390158360942
19723,33.0,35.0390158360942
20558,29.0,35.0390158360942
23320,32.0,35.0390158360942
4037,42.0,42.87068339630179
15542,27.0,35.0390158360942
12751,25.0,35.0390158360942
3571,34.0,35.0390158360942
4546,28.0,35.0390158360942
5852,21.0,35.0390158360942
13816,19.0,35.0390158360942
23059,45.0,35.0390158360942
21727,28.0,35.0390158360942
8113,45.0,40.44400171621926
15730,45.0,35.0390158360942
10541,29.0,35.0390158360942
1703,24.0,35.0390158360942
22777,40.0,35.0390158360942
7154,27.0,35.0390158360942
14041,26.0,35.0390158360942
3197,30.0,35.0390158360942
6310,34.0,35.0390158360942
2440,23.0,35.0390158360942
6532,52.0,35.0390158360942
23826,38.0,35.0390158360942
4151,42.0,35.0390158360942
18040,40.0,35.0390158360942
5393,38.0,35.0390158360942
21447,44.0,35.0390158360942
19307,34.0,35.0390158360942
1731,42.0,41.206799926476606
23355,51.0,35.0390158360942
17374,40.0,35.0390158360942
23471,45.0,35.0390158360942
6904,24.0,35.0390158360942
8009,43.0,39.09029931977049
8728,25.0,35.0390158360942
14043,40.0,35.0390158360942
8870,46.0,35.0390158360942
6684,42.0,35.0390158360942
9258,34.0,46.350108049678994
21503,36.0,35.0390158360942
4878,24.0,35.0390158360942
6290,45.0,35.0390158360942
19233,41.0,35.0390158360942
11633,44.0,44.80826803840638
20024,32.0,35.0390158360942
5238,26.0,35.0390158360942
19130,26.0,35.0390158360942
22687,44.0,35.0390158360942
9229,44.0,40.21429878915941
8853,30.0,35.0390158360942
22774,45.0,35.0390158360942
6806,27.0,35.0390158360942
18947,21.0,35.0390158360942
6956,25.0,35.0390158360942
23406,40.0,35.0390158360942
2690,45.0,35.0390158360942
22889,41.0,35.0390158360942
2041,38.0,35.0390158360942
8397,39.0,35.0390158360942
19617,21.0,35.0390158360942
23094,50.0,35.0390158360942
23240,41.0,35.0390158360942
19730,26.0,35.0390158360942
10356,46.0,35.0390158360942
16739,38.0,35.0390158360942
20562,26.0,35.0390158360942
22114,46.0,35.0390158360942
19039,18.0,35.0390158360942
3535,33.0,35.0390158360942
3565,41.0,35.0390158360942
18341,45.0,45.65133576602825
4551,30.0,35.0390158360942
2891,27.0,35.0390158360942
18830,25.0,35.0390158360942
19374,33.0,35.0390158360942
16835,41.0,35.0390158360942
11519,43.0,35.0390158360942
10794,28.0,35.0390158360942
20281,39.0,35.0390158360942
4604,28.0,35.0390158360942
22984,41.0,35.0390158360942
10019,35.0,35.0390158360942
19244,46.0,35.0390158360942
18821,26.0,35.0390158360942
21738,24.0,35.0390158360942
4332,51.0,35.0390158360942
16614,43.0,35.0390158360942
22697,49.0,35.0390158360942
22333,20.0,35.0390158360942
17510,48.0,35.0390158360942
23069,49.0,35.0390158360942
4552,28.0,35.0390158360942
23314,46.0,35.0390158360942
7316,42.0,35.0390158360942
16593,39.0,35.0390158360942
13312,25.0,35.0390158360942
6083,43.0,35.0390158360942
3283,31.0,35.0390158360942
19802,45.0,35.0390158360942
1907,29.0,35.0390158360942
10110,31.0,35.0390158360942
849,42.0,35.0390158360942
16435,27.0,35.0390158360942
1302,32.0,35.0390158360942
20514,42.0,35.0390158360942
2015,28.0,35.0390158360942
15171,42.0,35.0390158360942
23971,44.0,35.0390158360942
