,y_test,prediction
10373,1,1
2729,1,1
6987,1,1
1559,1,1
14242,1,1
2302,1,1
3335,1,1
7916,1,1
11565,1,1
13478,1,1
1650,1,1
20419,1,1
12098,1,1
17168,1,1
884,1,1
19494,1,1
20808,1,1
13006,1,1
4675,1,1
14231,1,1
10552,1,1
22390,1,1
345,1,1
7556,1,1
9304,1,1
10066,1,1
11646,1,1
4666,1,1
7598,1,1
17948,1,1
21901,1,1
11730,1,1
11388,1,1
19331,1,1
12254,1,1
11807,1,1
5910,0,1
4636,1,1
21111,1,1
13861,1,1
19759,1,1
19294,1,1
3372,1,1
7681,1,1
2665,0,0
13473,1,1
15151,1,1
12534,1,1
19955,1,1
10091,1,1
17328,1,1
10674,1,1
4284,1,1
20147,1,1
19449,1,1
11124,1,1
18605,1,1
8744,1,1
5418,1,1
9879,1,1
2178,1,1
10109,1,1
14970,1,1
2313,1,1
1989,1,1
9262,1,1
18694,1,1
20165,1,1
22359,1,1
8471,1,1
7303,1,1
13737,1,1
8630,1,1
19669,1,1
2838,1,1
6689,1,1
20355,1,1
11567,1,1
21120,1,1
22086,0,1
10413,1,1
14967,1,1
5435,1,1
15055,1,1
657,1,1
17258,1,1
15553,1,1
10447,1,1
19747,1,1
1991,1,1
20862,1,1
14608,0,1
17429,1,1
20052,1,1
16452,1,1
17011,1,1
458,1,1
13769,1,1
4600,1,1
20111,1,1
22121,1,1
12438,1,1
11812,1,1
14053,1,1
7146,1,1
19176,1,1
22340,1,1
13247,1,1
1619,1,1
2100,1,1
18683,1,1
6965,1,1
8745,1,1
15845,1,1
4060,1,1
20635,1,1
9066,1,1
12148,1,1
12887,1,1
7271,1,1
19251,1,1
5337,1,1
18618,1,1
13017,1,1
13642,1,1
7670,1,1
17556,1,1
7516,1,1
13294,0,0
17271,1,1
18852,1,1
6764,1,1
8243,1,1
4407,0,0
20076,1,1
8405,1,1
21153,1,1
19900,1,1
6615,1,1
8611,1,1
19996,1,1
14958,1,1
773,1,1
13299,1,1
19378,1,1
21819,1,1
3476,1,1
3895,1,1
3478,1,1
4858,1,1
12339,1,1
19777,1,1
13485,1,1
21404,1,1
21190,1,1
9997,1,1
11357,1,1
19379,1,1
1781,1,1
13439,1,1
9068,1,1
3072,1,1
20718,1,1
1159,1,1
5481,1,1
15120,1,1
21868,1,1
13413,1,1
14047,1,1
15816,1,1
17026,1,1
3904,1,1
8643,1,1
10924,1,1
12737,1,1
7187,1,1
14060,1,1
2867,1,1
16942,1,1
11445,1,1
6626,1,1
6992,1,1
8061,1,1
14667,1,1
8241,1,1
17518,1,1
5160,1,1
3120,1,1
17867,1,1
7471,1,1
10064,1,1
20685,1,1
19949,1,1
20781,1,1
13167,1,1
3782,1,1
11024,1,1
2896,1,1
8642,1,1
19575,1,1
20380,1,1
5680,1,1
20349,1,1
19834,1,1
18435,1,1
15811,1,1
803,1,1
20241,1,1
918,1,1
17431,1,1
8246,1,1
3022,1,1
12733,1,1
6415,1,1
18316,1,1
14233,1,1
5387,1,1
12367,1,1
12091,1,1
1683,1,1
593,1,1
11343,1,1
5818,1,1
16182,1,1
17078,1,1
11130,1,1
21655,1,1
5061,1,1
10591,1,1
8348,1,1
3795,1,1
2782,1,1
14330,1,1
21398,1,1
20383,0,1
16291,1,1
6388,1,1
10604,1,1
13634,1,1
11131,1,1
6266,1,1
16259,1,1
6761,1,1
15880,1,1
14402,1,1
18835,1,1
5053,1,1
7424,1,1
2845,1,1
14698,1,1
12013,1,1
10460,1,1
19947,1,1
14592,0,0
11241,1,1
1157,1,1
755,1,1
13122,1,1
10880,1,1
9536,1,1
18913,1,1
9670,1,1
5414,1,1
16591,1,1
14778,1,1
1138,1,1
19662,1,1
21895,1,1
11033,1,1
14475,1,1
13987,1,1
8510,1,1
1309,1,1
17130,1,1
16055,1,1
16042,1,1
18971,1,1
4521,1,1
11661,1,1
1556,1,1
12556,1,1
19381,1,1
1927,1,1
2934,1,1
16992,1,1
11940,1,1
6680,1,1
19527,1,1
2904,1,1
11147,1,1
15281,1,1
4148,1,1
18954,1,1
8949,1,1
5288,1,1
11201,1,1
8615,1,1
15169,1,1
17019,1,1
3326,1,1
9106,1,1
3995,1,1
13467,1,1
14484,1,1
18065,1,1
6246,1,1
2282,1,1
8932,1,1
5267,1,1
13394,1,1
17300,1,1
13747,1,1
1924,1,1
995,1,1
14730,1,1
585,1,1
19415,1,1
2856,1,1
8568,1,1
6950,1,1
9993,1,1
5565,1,1
200,1,1
22307,1,1
8845,1,1
20687,1,1
17938,1,1
7405,1,1
1599,1,1
14015,1,1
10829,1,1
14705,1,1
19566,1,1
14677,1,1
12992,1,1
11261,1,1
5437,1,1
11546,1,1
17160,1,1
15407,1,1
21731,1,1
4384,1,1
19405,1,1
11025,1,1
13582,1,1
21480,1,1
8473,1,1
19217,1,1
21177,1,1
3444,1,1
13415,1,1
15405,1,1
20774,1,1
21353,1,1
12441,1,1
642,1,1
15263,1,1
8596,1,1
8335,1,1
16054,1,1
20370,1,1
3649,1,1
15090,1,1
6923,1,1
10518,1,1
11909,1,1
18941,1,1
1855,1,1
7198,1,1
5665,1,1
11878,0,1
19297,1,1
20340,1,1
1368,1,1
15329,1,1
13885,1,1
9659,1,1
14539,1,1
2350,1,1
21644,0,1
6410,1,1
6186,1,1
14410,1,1
15026,1,1
6664,1,1
17030,1,1
325,1,1
16522,1,1
9796,1,1
4613,1,1
11734,1,1
226,1,1
9516,1,1
12369,1,1
20512,1,1
17639,1,1
16233,1,1
14369,1,1
12743,1,1
5472,1,1
4331,1,1
18774,1,1
10493,1,1
21407,1,1
7749,1,1
5649,1,1
16179,1,1
8527,1,1
12834,1,1
18336,1,1
1323,1,1
20502,1,1
10210,1,1
14436,1,1
19126,1,1
4869,1,1
936,1,1
18299,1,1
21278,1,1
13182,1,1
5405,1,1
9738,1,1
11936,1,1
10280,1,1
14700,1,1
2604,1,1
20120,1,1
17631,1,1
7983,1,1
15486,1,1
4777,1,1
2376,1,1
2789,1,1
6677,0,1
22366,1,1
12947,1,1
9837,1,1
8572,1,1
5925,1,1
1512,1,1
22264,1,1
17216,1,1
21386,1,1
9036,1,1
14781,1,1
11819,1,1
18815,0,1
19417,1,1
2159,1,1
16008,1,1
17283,1,1
13448,1,1
19282,1,1
13775,1,1
21261,1,1
6,1,1
18619,1,1
7767,1,1
10971,1,1
16574,1,1
12450,1,1
20080,1,1
14239,0,0
14562,1,1
6685,1,1
21156,1,1
14965,1,1
9720,1,1
22136,1,1
9512,1,1
20966,1,1
15240,1,1
20440,1,1
21448,1,1
8318,1,1
717,1,1
1896,1,1
63,1,1
11475,1,1
21516,1,1
10729,1,1
8168,1,1
3928,1,1
15331,1,1
13506,1,1
1209,1,1
2864,1,1
8577,1,1
11186,1,1
5312,1,1
4926,1,1
11394,1,1
8418,1,1
4061,1,1
17426,1,1
20031,1,1
8170,1,1
2018,1,1
3581,1,1
8360,1,1
5664,1,1
19290,1,1
2244,1,1
4525,1,1
15150,1,1
14399,1,1
1983,1,1
11127,1,1
20272,1,1
19416,1,1
20552,1,1
18495,1,1
20341,1,1
16776,1,1
4337,1,1
5310,1,1
12982,1,1
16820,1,1
7276,1,1
7153,1,1
13730,1,1
3926,1,1
15308,1,1
10013,1,1
1848,1,1
9852,1,1
21195,1,1
1409,1,1
8964,1,1
9909,1,1
6141,1,1
2477,1,1
20261,1,1
9351,1,1
14284,1,1
1732,1,1
20537,1,1
2152,1,1
9146,1,1
18515,1,1
21387,1,1
8062,1,1
14105,1,1
8603,1,1
3294,1,1
1055,1,1
19801,1,1
19261,1,1
757,1,1
10319,1,1
482,1,1
10242,1,1
12690,1,1
2646,1,1
18598,1,1
11057,1,1
190,0,1
15418,1,1
12180,1,1
3170,1,1
14121,1,1
17002,1,1
1930,1,1
13676,1,1
14752,1,1
1537,1,1
3223,1,1
19855,1,1
13210,1,1
19329,1,1
4796,1,1
7542,1,1
1814,1,1
3112,1,1
1535,1,1
4914,1,1
12826,1,1
14226,0,0
6943,1,1
8005,1,1
9166,1,1
8808,1,1
8960,1,1
19665,1,1
15578,1,1
9833,1,1
244,1,1
5302,1,1
736,1,1
19,1,1
17632,1,1
16193,1,1
16257,1,1
14950,1,1
671,1,1
22281,1,1
21185,0,0
12304,1,1
11855,1,1
16824,1,1
17563,1,1
22179,1,1
44,1,1
22132,1,1
12301,1,1
9976,0,0
13755,1,1
20910,1,1
15385,1,1
21192,1,1
18093,1,1
16272,1,1
7014,1,1
8636,1,1
7437,1,1
633,1,1
12836,1,1
1866,1,1
13685,1,1
12071,1,1
4593,1,1
7956,1,1
17187,1,1
18705,1,1
12596,1,1
21317,1,1
2623,1,1
7295,1,1
4649,1,1
6332,1,1
6160,1,1
4343,1,1
7547,1,1
10430,1,1
3346,1,1
21555,1,1
21603,1,1
3922,1,1
7575,1,1
12675,1,1
10198,1,1
6768,1,1
14953,1,1
12511,1,1
14764,1,1
21615,1,1
21466,1,1
4149,1,1
18242,0,0
3253,1,1
14117,1,1
7656,1,1
158,1,1
20582,1,1
5067,1,1
14371,1,1
10922,1,1
9072,1,1
18262,1,1
21521,1,1
13344,1,1
19169,1,1
13504,1,1
19943,1,1
7641,1,1
20248,1,1
14702,1,1
11966,1,1
5869,1,1
12507,1,1
17061,1,1
6715,1,1
16392,1,1
13291,1,1
10288,1,1
9364,1,1
935,1,1
8308,1,1
15681,1,1
15326,1,1
1331,1,1
11741,1,1
17296,1,1
20866,1,1
11245,1,1
19226,1,1
3959,1,1
19673,1,1
1580,1,1
3575,1,1
17354,1,1
16342,1,1
2327,1,1
11248,1,1
15491,1,1
15334,1,1
11273,1,1
9083,1,1
8288,1,1
16499,1,1
20926,1,1
17947,1,1
9881,1,1
18756,1,1
11716,1,1
18338,1,1
19033,1,1
21081,1,1
8363,1,1
899,1,1
13732,1,1
10825,1,1
15309,1,1
17486,1,1
20884,1,1
2587,1,1
18513,1,1
4009,1,1
12320,1,1
1250,1,1
11509,1,1
22374,1,1
10889,1,1
11512,1,1
19117,1,1
5749,1,1
22287,0,0
7713,1,1
11286,1,1
12068,1,1
18622,1,1
15290,1,1
5410,1,1
3076,1,1
13865,1,1
4532,1,1
8023,1,1
6378,1,1
20134,1,1
11649,1,1
18594,1,1
13783,1,1
21395,1,1
7648,1,1
3091,1,1
3978,1,1
6176,1,1
13559,1,1
11477,1,1
21689,1,1
16386,1,1
10653,1,1
10594,1,1
4701,1,1
20302,1,1
11204,1,1
18891,1,1
8818,1,1
7298,1,1
5277,1,1
992,1,1
2990,1,1
2975,1,1
17657,1,1
1851,1,1
14159,1,1
3638,1,1
4350,1,1
8553,1,1
15600,0,1
18419,1,1
18653,1,1
9928,1,1
17850,1,1
8465,1,1
1914,1,1
5169,1,1
11635,1,1
20039,1,1
12731,1,1
14120,1,1
13041,1,1
1811,0,1
4623,1,1
1677,1,1
13652,1,1
22285,0,0
13976,1,1
2121,1,1
6854,0,0
11007,1,1
13757,1,1
1830,1,1
14177,1,1
16936,1,1
16988,1,1
3759,1,1
22319,1,1
17663,1,1
16894,1,1
13476,1,1
19898,1,1
19558,1,1
20448,1,1
13543,1,1
1102,1,1
5370,0,0
17707,1,1
16682,1,1
16725,1,1
21253,1,1
5746,0,1
21336,1,1
22257,1,1
21328,1,1
13035,1,1
8930,1,1
15658,1,1
12697,1,1
12121,0,1
20618,1,1
14466,1,1
22261,1,1
12516,1,1
1037,1,1
21579,1,1
11611,1,1
21208,1,1
12059,1,1
7057,0,1
3728,1,1
17461,1,1
8120,1,1
12976,1,1
994,1,1
11633,1,1
14347,1,1
4667,1,1
10582,1,1
11224,1,1
21748,1,1
12433,1,1
583,1,1
19220,1,1
19055,1,1
17218,1,1
20008,1,1
8804,1,1
2619,1,1
7731,1,1
13544,1,1
20917,1,1
4336,1,1
3754,1,1
20622,0,0
11982,1,1
11590,1,1
2017,1,1
274,1,1
12850,1,1
15946,1,1
16205,1,1
19510,1,1
17325,1,1
9647,1,1
21670,1,1
3877,1,1
15439,1,1
10515,1,1
19559,1,1
5042,1,1
16587,1,1
4346,1,1
19434,1,1
11263,1,1
18363,0,1
6445,1,1
9075,1,1
7497,1,1
7094,1,1
21473,1,1
3664,1,1
22207,1,1
20867,1,1
3924,1,1
12139,1,1
19227,1,1
692,1,1
20849,1,1
12875,1,1
8358,1,1
19441,1,1
2023,1,1
12756,1,1
18256,1,1
10300,1,1
13905,1,1
10644,1,1
19104,1,1
2702,0,1
17437,1,1
232,1,1
577,1,1
1375,1,1
17430,1,1
5037,1,1
6034,1,1
16446,1,1
16380,1,1
11220,1,1
5991,1,1
17239,1,1
2668,1,1
14174,1,1
18417,1,1
20922,1,1
6534,1,1
9497,1,1
11371,1,1
3343,1,1
9645,1,1
2426,1,1
6119,1,1
7626,1,1
20696,1,1
21576,1,1
18244,1,1
12056,1,1
8652,1,1
21490,1,1
15639,1,1
18569,1,1
21867,1,1
11023,1,1
15812,1,1
8782,1,1
8163,1,1
6909,1,1
7131,1,1
640,1,1
8963,1,1
19870,1,1
20748,1,1
4707,1,1
17595,1,1
17049,1,1
10754,1,1
13364,1,1
15938,1,1
7102,1,1
12395,1,1
16924,1,1
19866,1,1
10245,1,1
17094,1,1
17397,1,1
7036,1,1
8019,1,1
17158,1,1
15789,1,1
22133,1,1
4141,1,1
15217,1,1
10487,1,1
8972,1,1
4665,1,1
20014,1,1
9629,1,1
1032,1,1
11150,1,1
18728,1,1
17779,1,1
22140,1,1
19197,1,1
5663,1,1
9423,0,1
19430,1,1
5058,1,1
11876,1,1
19113,1,1
16220,1,1
17694,1,1
1129,1,1
20717,1,1
16624,1,1
13640,1,1
15285,1,1
20047,1,1
18900,1,1
10601,1,1
12859,1,1
5270,1,1
15814,1,1
8540,1,1
3362,1,1
19419,1,1
6881,1,1
9102,1,1
13698,1,1
16550,1,1
20990,1,1
8361,1,1
1251,1,1
16576,1,1
20242,1,1
5222,1,1
9642,1,1
3641,1,1
7535,1,1
19490,1,1
16491,1,1
14113,1,1
7691,1,1
20559,1,1
4037,1,1
20108,1,1
14112,1,1
11933,1,1
14118,1,1
12443,1,1
10416,1,1
17186,1,1
4049,1,1
15575,1,1
11020,1,1
13645,1,1
8886,1,1
16400,1,1
17485,1,1
20262,1,1
21844,1,1
6536,1,1
15076,1,1
3295,1,1
20997,1,1
21561,1,1
20067,1,1
5988,1,1
9348,1,1
19146,1,1
5261,1,1
10414,1,1
2430,1,1
11088,1,1
6619,1,1
786,1,1
18883,1,1
18089,1,1
16057,1,1
12095,1,1
2659,1,1
16438,0,0
14001,1,1
19168,1,1
12599,1,1
8889,1,1
22209,1,0
1473,1,1
22190,1,1
1202,1,1
21117,1,1
2306,1,1
19890,1,1
3207,1,1
12035,1,1
1463,1,1
14324,1,1
3473,1,1
10228,1,1
1397,1,1
4025,1,1
18155,1,1
14390,1,1
14240,0,0
5872,1,1
12069,1,1
21392,1,1
9025,1,1
2314,1,1
12271,1,1
19688,1,1
12889,1,1
4891,1,1
21390,1,1
14309,1,1
18329,1,1
5538,1,1
9098,1,1
20319,1,1
2854,1,1
16231,1,1
8933,1,1
5492,1,1
14111,1,1
11,1,1
5695,0,1
4620,1,1
16253,1,1
10243,1,1
5065,1,1
20833,1,1
12728,1,1
8869,1,1
9086,1,1
6386,1,1
20183,1,1
10183,1,1
8287,1,1
7301,1,1
14924,1,1
5889,1,1
6538,1,1
13786,1,1
5155,1,1
978,1,1
22159,1,1
10988,1,1
3331,1,1
14651,1,1
1780,1,1
1038,1,1
8306,1,1
3764,1,1
15469,1,1
18124,1,1
14931,1,1
4392,1,1
12365,1,1
4700,1,1
1481,1,1
21906,0,1
8008,1,1
