,y_test,prediction
12203,2,2
6761,2,2
4786,2,2
1416,2,2
20689,2,2
4871,2,1
1968,2,2
21602,2,2
20691,2,2
19249,2,2
4407,2,2
937,2,2
3071,2,2
757,2,2
8131,2,2
21814,2,1
21260,2,2
16526,2,2
11011,2,2
12339,2,2
17399,2,2
19662,2,2
19195,1,1
19690,1,2
14699,2,2
14862,2,2
1714,2,2
11691,2,1
15289,2,2
8241,2,2
9096,2,2
15059,2,2
16252,2,2
8577,2,2
2350,2,2
19344,2,2
8071,2,2
14579,2,2
20910,2,1
19205,2,2
21956,2,1
14175,2,2
15547,2,2
14451,2,2
20244,2,2
10273,2,2
10336,2,2
19377,2,1
3993,2,2
14322,2,2
13520,2,2
779,2,2
12366,2,2
12320,2,2
6664,2,2
15296,2,2
20521,2,2
20758,2,2
21003,2,2
1043,2,1
233,2,1
5776,2,2
1365,2,2
8869,2,2
11936,2,2
5894,2,2
14650,2,2
1865,2,2
2616,2,2
9497,2,2
8362,2,2
5762,2,2
7395,2,2
13737,2,2
13663,2,2
615,2,2
5794,2,2
19296,2,1
22343,2,2
8033,2,2
1209,2,2
5435,2,2
16884,2,2
6345,2,1
4302,2,2
14113,2,2
11797,2,1
13887,2,2
1685,1,2
9444,2,2
9599,2,2
3405,2,2
9013,2,2
14371,2,2
12675,2,2
12740,2,2
12139,2,2
6854,1,2
4149,2,2
20926,2,2
11773,2,2
1017,2,2
12096,2,2
15951,2,2
21894,2,2
21425,2,2
8747,2,2
10005,2,2
19074,2,1
4255,1,2
19841,1,2
12959,2,2
9229,1,1
12202,2,2
1023,2,2
18642,2,2
482,2,1
4465,2,2
6458,2,1
9359,2,2
13665,2,2
4783,2,2
8647,2,2
17022,2,2
18799,2,2
22165,2,2
17397,2,2
13753,2,2
12068,2,1
9025,2,2
5830,2,2
5786,2,2
21473,2,2
5597,2,2
9914,2,2
8670,2,2
20285,2,2
9006,2,2
13958,2,2
14357,2,2
7117,2,2
10191,2,2
9625,2,2
1085,2,1
15312,2,2
20431,2,2
21555,2,2
17631,2,1
8059,2,2
2212,2,2
19294,2,1
4471,2,2
13488,2,1
12411,2,1
18223,2,2
2867,2,2
2430,2,2
18913,2,2
20990,2,2
19445,2,2
7648,2,1
653,2,2
17391,2,1
4701,2,2
662,2,2
22094,2,2
11186,2,2
12011,2,2
17777,2,2
13643,2,2
13978,2,2
14502,2,2
15427,2,2
19780,2,1
8388,2,2
13736,2,2
20857,2,2
15053,2,2
5669,2,2
5001,2,2
2098,2,1
19510,1,2
13295,2,2
7181,2,2
13777,2,2
9612,2,2
18279,2,2
18986,2,2
17679,2,1
12393,2,1
17413,2,2
10814,2,2
12729,2,2
11497,2,1
17036,2,2
20902,2,1
7329,2,2
19614,2,2
5667,2,2
19444,2,2
5302,2,2
19,2,1
19536,2,2
1162,2,2
7956,2,2
22398,2,2
4837,2,2
19999,2,2
13218,2,2
9385,2,2
19834,2,2
10371,2,2
22286,2,2
13043,2,2
11276,2,2
11807,2,2
13652,2,2
5567,2,2
5663,2,2
7998,2,2
13446,2,2
18348,2,2
3898,2,2
8021,2,2
9486,2,2
22303,2,2
6857,2,2
12927,2,2
12650,2,1
798,2,2
11402,2,2
20947,2,2
20445,1,2
20274,2,2
10390,2,2
4617,1,2
19169,2,2
20595,2,2
20754,2,2
15670,2,2
16144,2,2
17570,2,2
15330,2,2
21130,2,2
4183,2,2
16700,2,1
15789,1,1
2664,2,2
21631,2,2
10192,2,1
2774,2,2
13175,1,2
1799,2,1
3499,2,1
19544,2,2
3002,1,1
2341,2,2
10827,2,2
15263,2,2
11954,2,1
617,2,2
20396,2,2
22133,2,2
13335,2,2
6859,2,2
8135,1,1
5777,2,2
8960,2,2
18325,1,2
19214,2,2
2046,2,2
16383,2,0
3795,2,2
4114,2,2
7147,2,2
15953,2,2
15325,2,2
19607,1,1
17059,2,2
984,2,2
5371,1,1
9442,2,2
4161,2,2
674,2,2
18419,2,2
8469,2,2
1910,2,2
7378,2,2
15356,2,2
20448,2,2
15023,2,2
18454,2,2
3465,2,2
12336,2,2
18649,1,2
10863,2,2
11986,2,2
20397,2,2
19959,2,1
4833,2,2
11828,2,2
12931,2,2
12889,2,1
4740,2,2
4806,2,2
19299,2,2
12942,2,2
17876,2,1
21395,2,2
1409,2,2
4861,2,2
13752,2,2
6921,2,2
9617,2,2
7344,2,2
650,2,2
3490,2,2
12987,2,2
3474,2,2
13650,2,2
10042,2,2
8646,2,2
4688,2,2
22293,2,2
7359,2,2
3176,2,1
6364,1,2
12772,2,1
15292,2,2
14752,2,2
18690,2,2
10769,2,2
5125,2,2
16597,2,2
4620,1,2
623,2,2
9081,2,2
20786,2,2
20305,2,1
8508,2,2
9027,1,2
7300,2,1
4504,2,2
18159,2,2
7351,2,2
16749,2,2
2909,2,1
17257,2,1
19288,2,2
8661,2,2
4994,2,2
6388,2,2
10424,2,2
2089,2,2
18232,2,2
14098,2,2
356,2,1
1556,2,2
172,2,2
5883,2,2
13926,2,2
7029,2,2
16291,2,1
9731,2,2
19584,2,1
18573,2,1
15359,2,1
18250,2,1
8015,2,2
12642,2,2
10650,2,2
19183,2,1
3232,2,1
7079,2,1
7151,2,2
7655,2,2
20199,2,2
5061,2,2
3012,2,2
18594,2,1
16139,2,2
10430,2,2
11816,2,2
12549,2,2
19997,2,2
9893,2,2
18619,2,2
19516,2,2
1881,2,2
11479,2,2
14722,2,2
3149,2,1
3416,2,2
19764,2,2
856,2,2
14592,2,2
16504,2,2
5979,2,2
19611,2,1
5889,2,1
18636,2,2
16905,2,1
3766,2,2
2186,2,2
18886,2,2
13246,1,1
14422,2,2
12395,2,1
21285,2,2
15750,2,2
12578,2,2
13641,2,2
2745,2,2
17513,2,2
3360,2,2
20865,2,2
11605,2,1
10199,2,2
9282,2,2
15090,2,2
12979,2,2
1730,2,2
15908,2,2
21326,2,2
17618,2,2
7547,2,2
1259,2,2
18941,2,2
3911,2,2
4438,2,2
8166,2,2
1647,2,2
6327,2,1
274,2,2
14433,2,2
4178,2,2
20070,2,2
17350,2,2
10576,2,2
5421,0,0
17546,2,2
17049,2,2
14644,2,2
16203,2,2
16062,2,2
8158,2,2
9051,2,2
2396,2,2
22132,2,2
18388,2,2
12812,2,2
736,2,2
10672,2,2
18093,2,2
6846,2,2
17508,2,1
209,2,2
17707,2,1
14289,2,2
10571,2,2
17642,2,2
3885,2,1
18098,2,2
12408,2,2
11057,2,2
15639,2,2
17640,2,2
2180,2,2
21776,2,2
14711,2,2
12714,2,2
16574,2,1
11132,2,2
18645,2,2
11536,1,2
3223,2,2
8903,2,2
8294,1,2
21251,2,2
9036,2,1
15706,2,2
3653,2,2
13364,2,2
19866,2,2
2869,2,2
9205,2,1
18656,2,2
232,2,1
12450,2,2
8933,2,2
11285,2,2
18772,2,2
9742,2,2
21852,2,2
9315,2,2
13014,2,2
18102,2,1
1129,2,2
11635,2,2
7667,2,1
19799,2,2
5295,2,2
15760,2,2
17636,2,2
1368,2,2
19033,2,2
15939,2,2
13559,2,1
21005,2,2
16612,2,2
3473,2,2
17850,2,1
18495,2,2
8611,2,2
14977,2,2
19776,2,2
8946,2,2
780,2,2
5752,2,2
21767,2,2
8442,2,2
21589,2,2
806,2,2
5746,2,2
4009,1,1
6486,2,2
325,2,2
656,2,2
16591,2,2
3313,2,2
11759,2,1
1261,2,2
10076,2,2
1145,2,1
18038,2,2
11543,2,2
14974,2,2
5041,2,2
8736,2,2
7289,2,2
4774,2,2
20800,2,2
5673,2,2
14854,2,2
21611,2,2
20621,2,2
21485,2,1
9012,2,2
22153,2,2
14229,2,2
5820,2,2
14677,2,1
9911,2,2
15072,2,2
9024,2,2
2036,2,2
14704,2,2
22336,2,2
22367,2,2
4200,2,2
4443,2,2
16735,2,2
15334,2,2
7481,2,2
18560,2,2
18774,2,2
13783,2,2
3564,2,2
9566,2,2
3803,2,2
17158,2,2
20228,2,2
7461,2,2
9647,2,2
19088,2,2
10729,1,2
4459,2,2
4962,1,2
5891,2,1
5314,2,2
4886,2,2
7150,2,2
12115,2,1
4042,2,2
14764,2,2
12805,2,2
6540,2,2
19663,2,2
17946,2,2
12116,2,1
19673,2,1
2138,2,2
14159,2,2
18557,2,2
18628,2,2
21153,2,2
19751,2,1
21025,2,2
14177,2,2
18309,2,2
9188,2,2
2845,2,2
13313,2,2
17281,2,1
18067,2,2
18551,2,2
16446,2,2
8763,2,2
2030,2,2
12840,2,2
12657,2,2
11659,2,2
20270,2,2
15940,2,2
13481,2,2
10637,2,2
953,2,2
1922,2,2
12544,2,2
1604,2,1
1321,2,2
10825,2,2
5373,2,2
12541,2,1
1683,2,2
2302,2,2
19677,2,2
12438,2,1
8011,2,2
18099,2,2
21581,2,2
9068,2,2
20641,2,2
13485,2,2
14053,2,1
7185,2,1
14321,2,2
18724,2,2
5680,2,2
1,1,1
10966,1,1
4017,2,2
4802,2,2
18811,2,2
17803,2,2
20866,2,2
10183,2,1
18343,2,2
16522,2,2
21870,2,2
13561,2,2
15697,2,2
1843,2,2
23,2,1
2249,2,2
10926,2,2
15015,2,2
11587,2,1
4075,2,2
11288,2,1
7745,2,2
16402,2,2
10168,2,1
14617,2,2
6281,2,2
12276,2,2
19779,2,1
22298,2,2
21103,2,1
2366,2,2
21561,2,1
14456,2,2
14584,2,2
8648,2,2
5580,2,0
3132,2,1
4897,2,2
11447,2,2
4037,2,2
15046,2,1
9033,2,1
17538,2,1
913,2,2
3926,2,1
14970,2,1
15667,2,2
1510,2,1
18323,1,2
11683,2,2
9938,2,2
19708,2,2
4522,2,2
2642,2,2
4888,2,2
16286,2,2
8109,2,2
13770,2,2
1052,2,2
19581,2,1
10050,2,2
1216,2,2
21683,2,2
17168,1,2
6886,2,2
12224,2,2
18935,2,2
12834,2,2
19237,2,2
11124,2,2
18256,2,1
16561,2,1
19870,2,1
2434,2,1
18598,2,2
14965,2,2
2990,2,2
5066,2,2
11078,2,2
1481,2,2
15310,2,1
9279,1,2
22121,2,2
13653,2,2
10455,2,2
13797,1,2
1728,2,1
12085,2,1
14776,2,1
7658,2,2
18338,2,2
13907,2,2
15087,2,2
8165,2,2
763,2,2
13630,2,2
15448,2,2
1617,2,2
17060,2,2
20141,2,1
2736,2,2
20262,2,2
1666,2,2
18391,2,2
7014,2,2
2507,2,2
4797,2,2
4891,2,2
16824,2,2
3462,2,2
7106,2,2
69,2,2
15326,2,2
19365,2,2
10782,2,2
18303,2,2
15600,2,2
8782,2,1
21352,2,2
8412,2,2
9653,2,1
4308,2,2
12553,2,2
15756,2,2
7849,2,2
6618,2,2
1174,2,2
7638,2,2
7496,2,2
1392,1,2
8376,2,2
15285,2,2
3412,2,2
503,2,2
3042,2,2
14724,2,2
3231,2,1
7670,2,2
1877,2,2
2793,2,2
14849,2,2
14369,2,2
19904,2,2
8615,2,2
5258,2,2
8963,2,2
9009,2,2
20045,2,2
19787,2,2
4290,2,1
9077,2,2
17598,2,2
1989,2,2
12829,2,2
12331,2,2
1610,2,1
11892,2,2
1100,2,2
6287,2,2
9440,2,2
13419,2,2
9296,2,2
1020,2,2
16390,2,2
11061,2,2
1895,2,1
10629,2,1
4036,2,2
6563,2,1
49,2,1
15166,2,2
691,2,2
8092,2,2
32,2,1
17659,2,2
5726,2,2
10250,2,2
13966,2,2
7945,2,2
20349,2,2
15131,2,2
1504,2,2
921,2,1
21701,2,2
2939,2,1
14119,2,2
21188,2,2
20696,2,2
18534,2,1
12324,2,2
20248,2,2
20871,2,2
15036,2,1
14666,2,2
21283,2,2
9668,2,2
19830,2,2
10904,2,2
19287,2,2
8605,2,2
21751,2,2
5133,2,2
16193,2,2
1927,2,2
19321,2,2
22357,2,2
9086,1,1
3580,2,2
19078,2,1
5809,2,2
3266,2,2
15524,2,2
20419,2,2
12884,2,2
20453,2,2
11855,2,2
9079,2,2
2103,2,2
5470,2,2
12075,2,2
8955,2,2
20128,2,2
593,2,2
19665,2,1
5761,2,2
2564,2,2
17094,2,1
18340,2,1
158,2,2
10229,2,2
3676,2,2
11463,2,2
6677,2,1
21604,2,2
14723,2,2
2898,2,2
13392,2,2
9098,2,2
15810,2,2
8037,2,2
20485,2,2
11065,2,2
21816,2,2
2936,2,1
15956,2,2
7799,2,2
20557,2,2
4099,2,2
10826,2,2
7032,2,2
15755,2,2
4024,2,2
19144,2,2
751,2,2
13177,2,2
8462,1,1
20412,2,2
20688,2,2
4093,2,2
1401,2,2
12447,2,2
14086,2,1
5591,2,2
20995,2,2
18363,2,1
14570,2,2
16262,2,2
15018,2,2
15420,2,2
11209,2,2
14118,2,2
12947,2,2
11984,2,2
18458,2,2
11160,2,2
21459,2,2
13971,1,2
15052,2,2
11590,1,2
8804,2,2
9827,2,2
11280,2,2
8220,2,2
9659,2,2
18546,2,2
1686,1,2
2925,2,2
17988,2,2
4049,2,2
19896,2,2
13093,2,2
6188,2,2
5285,2,2
9850,2,2
9552,2,2
19774,2,2
16232,2,2
2005,2,2
12164,2,2
9123,2,2
18687,2,2
10559,2,2
7144,2,2
5267,2,2
16112,2,2
2000,2,2
19126,2,2
21798,2,2
4699,2,2
13333,2,2
8161,2,1
13060,2,2
9260,2,2
20579,2,2
10398,2,2
13668,2,2
17936,2,2
7182,2,1
15175,2,2
7542,2,2
18574,2,1
5134,2,2
8932,2,2
20280,2,2
20774,2,2
11431,2,2
1198,2,2
16353,2,2
16183,2,2
1835,2,1
13017,2,2
6578,2,1
21075,2,1
13443,2,2
6881,2,2
12524,2,2
13882,2,2
20297,2,2
1053,2,2
8799,2,1
3476,2,2
14392,2,2
7170,2,2
19943,2,2
11973,2,2
9663,2,2
7510,2,2
15636,2,2
19522,2,2
11156,2,1
19898,2,2
14390,2,2
13860,2,2
4006,2,2
3904,2,2
8710,2,2
5311,2,2
7360,2,2
3782,2,2
12938,2,2
2960,2,2
11304,2,1
15120,2,2
8136,1,1
5916,2,1
10622,2,2
8020,2,2
1444,2,2
3906,2,2
10742,2,2
15903,2,2
21243,2,2
18078,2,2
13495,2,2
17813,2,2
14227,1,1
9400,2,1
11819,2,1
9503,2,2
14402,2,2
14256,2,2
19619,2,2
2006,2,2
6599,2,2
10482,2,2
9288,2,2
13439,2,2
3298,2,2
4044,2,2
246,2,2
20981,2,2
18694,2,2
18891,2,2
9510,2,2
13730,2,2
3583,2,2
8690,2,1
3646,1,2
21442,1,2
2961,2,2
4442,2,2
9084,2,2
20147,2,2
18394,2,2
18511,1,2
10566,2,2
12502,2,2
16817,2,1
7268,2,2
12010,2,2
1630,2,2
3210,2,1
13180,2,2
12727,2,2
1766,2,2
1286,2,2
15944,2,2
2380,2,1
18123,2,2
15241,2,2
2782,2,1
9221,2,2
19172,1,1
8409,2,2
13441,2,1
11176,2,2
20302,2,2
1156,2,2
3975,2,2
