,y_test,prediction
3145,1,1
3981,1,1
2705,1,1
3371,0,1
1733,1,1
864,1,1
2814,1,1
150,1,1
1100,1,1
3273,1,1
2599,1,1
3746,1,1
3518,1,1
1875,1,1
3927,1,1
3754,1,1
2622,1,1
3934,1,1
2275,1,1
2456,1,1
2904,1,1
3282,1,1
2282,1,1
3046,0,0
1941,1,1
2564,1,1
415,1,1
3868,1,1
1747,1,1
2953,1,1
1196,1,1
3610,1,1
1642,1,1
1264,1,1
230,1,1
1730,1,1
126,1,1
2560,1,1
3861,1,1
1489,1,1
3366,1,1
663,1,1
831,1,1
1776,1,1
1989,1,1
1530,1,1
2018,1,1
3405,1,1
3243,1,1
2209,1,1
1952,1,1
2808,1,1
3449,1,1
2467,1,1
2788,1,1
1548,1,1
662,1,1
2928,1,1
577,1,1
1938,1,1
2147,1,1
3111,1,0
605,0,0
3417,1,1
2099,1,1
3334,1,1
1947,1,1
3565,1,1
11,1,1
4122,1,1
3535,1,1
2764,1,1
3968,1,1
735,1,1
164,1,1
766,1,1
3399,1,1
3067,1,1
3163,1,1
2059,1,1
3738,1,1
2919,1,1
2157,1,1
20,1,1
2650,1,1
192,1,1
898,1,1
989,1,1
1210,1,1
1398,1,1
48,1,1
2046,1,1
1419,1,1
86,1,1
2042,1,1
924,1,1
4097,1,1
345,1,1
1535,1,1
44,0,1
2439,1,1
99,1,1
60,0,1
3341,1,1
1701,1,1
3531,1,1
2759,1,1
2635,1,1
1262,1,1
1714,1,1
3748,1,1
2401,1,1
2127,1,1
580,1,1
3133,1,1
1736,1,1
4002,1,1
2959,1,1
2577,1,1
1111,1,1
4011,1,1
1716,1,1
1183,1,1
2804,1,1
841,1,1
3834,1,1
3002,1,1
3340,1,1
407,1,1
3185,1,1
2937,1,1
4021,1,1
1879,1,1
3564,1,0
83,1,1
601,1,1
709,1,1
2259,1,1
1311,1,1
697,0,1
516,1,1
1909,1,1
1362,1,1
1496,1,1
3593,1,1
1949,1,1
1977,1,1
2519,1,1
1188,1,1
724,1,1
1260,1,1
4130,1,1
3126,0,1
1234,1,1
93,1,1
2899,1,1
2371,1,1
3654,1,1
1273,1,1
3841,1,1
3793,1,1
271,1,1
2457,1,1
2613,1,1
2927,1,1
1490,1,1
3281,1,1
137,1,1
3571,1,1
2696,1,1
4014,1,1
1623,1,1
1491,1,1
557,1,1
2364,1,1
2118,1,1
36,1,1
776,1,1
3427,1,1
1441,1,1
2333,1,1
78,1,1
489,1,1
3402,1,1
4115,1,1
3756,1,1
754,1,1
1172,1,1
2586,1,1
842,1,1
4082,1,1
4055,1,1
1179,1,1
1843,1,1
1415,1,1
123,1,1
556,1,1
860,1,1
3087,1,1
1460,1,1
2887,1,1
3068,1,1
495,0,1
2743,1,1
2697,1,1
1,1,1
2992,1,1
1634,1,1
1678,1,1
1209,1,1
527,1,1
3138,1,1
714,1,1
1077,1,1
1002,1,1
1600,1,1
1084,1,1
3397,1,1
2110,1,1
1895,1,1
513,1,1
1211,1,1
2859,1,1
3856,1,1
2626,0,1
3384,1,1
2598,1,1
2868,1,1
1650,1,1
2896,1,1
554,1,1
1263,1,1
3348,1,1
1737,1,1
1135,1,1
1190,1,1
628,1,1
2529,1,1
664,1,1
680,1,1
901,1,1
2897,1,1
2346,1,1
4087,1,1
3191,1,1
1721,1,1
2676,1,1
725,1,1
2902,1,1
2572,1,1
2894,1,1
3543,1,1
3912,1,1
503,1,1
1006,1,1
646,1,1
1403,1,1
1656,1,1
2041,1,1
2517,1,1
3052,1,1
3205,1,1
879,1,1
906,1,1
1958,1,1
3217,1,1
2809,1,1
880,1,1
567,1,1
3121,1,1
3051,1,1
1421,1,1
4132,1,1
3693,1,1
3395,1,1
3640,1,1
3619,1,1
3233,1,1
2715,1,1
1779,0,1
1990,1,1
1687,1,1
2266,1,1
411,1,1
638,1,1
541,1,1
2431,1,1
2566,1,1
2345,1,1
1830,0,1
1880,1,1
3877,1,1
799,1,1
1823,1,1
2965,1,1
1299,1,1
1191,1,1
3737,1,1
1872,1,1
1341,1,1
2999,1,1
2986,1,1
3035,1,1
1910,1,1
1099,1,1
241,1,1
3682,1,1
3743,1,1
3075,1,1
3360,1,1
758,1,1
2595,1,1
3268,1,1
2961,1,1
3792,1,1
1696,1,1
3776,1,1
2596,1,1
2931,1,1
2375,1,1
3029,1,1
3189,1,1
3978,1,1
1702,1,1
3154,1,1
2504,1,1
2381,1,1
2625,1,1
1828,1,1
4064,1,1
991,1,1
2567,1,1
3254,1,1
801,1,1
3757,1,1
3680,1,1
1624,1,1
3907,1,1
1789,1,1
3905,1,1
3199,1,1
1467,1,1
4048,1,1
2397,1,1
3710,1,1
909,1,1
3014,1,1
2165,1,1
3539,1,1
3424,1,1
811,1,1
2017,1,1
3552,1,1
521,1,1
3474,1,1
2465,1,1
2615,1,1
563,1,1
1648,1,1
581,1,1
1850,1,1
3153,1,1
3570,1,1
966,1,1
4137,1,1
301,1,1
4007,1,1
1346,1,1
1396,1,1
3740,1,1
3808,1,1
1900,1,1
2883,1,1
3269,1,1
1806,1,1
4106,1,1
3426,1,1
2370,1,1
2818,1,1
213,1,1
3951,1,1
204,1,1
1740,1,1
3751,0,1
52,1,1
3320,1,1
1439,1,1
3691,1,1
792,1,1
3876,1,1
3701,1,1
3389,1,1
1257,1,1
2219,1,1
3892,1,1
3697,1,1
2061,1,1
2579,1,1
729,1,1
3503,1,1
269,1,1
1568,1,1
2865,1,1
3403,1,1
3586,1,1
1053,1,1
368,1,1
3591,1,1
1015,1,1
881,1,1
3709,1,1
2830,1,1
3074,1,1
3974,1,1
3863,0,1
4026,1,1
1240,1,1
710,1,1
41,1,1
3533,0,0
822,1,1
4086,1,1
1169,1,1
932,0,1
2925,1,1
2173,1,1
2906,1,1
687,1,1
1607,1,1
223,1,1
587,1,1
2261,1,1
1732,1,1
2608,1,1
1377,1,1
396,1,1
3167,1,1
1253,1,1
1048,1,1
3161,1,1
2223,1,1
1586,1,1
1913,1,1
4107,1,1
3372,1,1
1459,1,1
640,0,1
1067,1,1
1123,1,1
1866,1,1
107,1,1
3091,1,1
1837,1,1
1571,1,1
3059,1,1
1259,1,1
2734,1,1
347,1,1
1374,1,1
2682,1,1
1031,1,1
3880,1,1
1572,1,1
4110,1,1
3696,1,1
2132,1,1
1054,0,1
1413,1,1
896,1,1
3656,1,1
3836,1,1
483,1,1
2885,0,0
1107,1,1
3375,1,1
683,1,1
3109,1,1
3830,1,1
1303,1,1
739,1,1
262,1,1
2528,1,1
2823,1,1
3553,1,1
743,1,1
951,1,1
852,1,1
3249,1,1
4083,1,1
1227,1,1
3653,1,1
252,1,1
466,1,1
147,1,1
2869,1,1
2872,1,1
424,1,1
1579,1,1
3735,1,1
676,1,1
3840,1,1
1841,1,1
3215,1,1
1750,1,1
1485,1,1
2097,1,1
4028,1,1
3053,1,1
3955,1,1
178,1,1
186,1,1
2777,1,1
1269,1,1
4059,1,1
529,1,1
682,1,1
1963,1,1
3144,1,1
2268,1,1
3519,1,1
4121,1,1
232,1,1
3537,1,1
2524,1,1
1074,1,1
326,1,1
519,1,1
2620,1,1
3992,1,1
2820,1,1
1249,1,1
532,1,1
1950,1,1
2863,1,1
3428,1,1
1447,1,1
3975,1,1
3547,1,0
158,1,1
3986,0,1
3048,1,1
656,1,1
1119,1,1
3958,1,1
1356,1,1
4125,1,1
1070,1,1
2207,1,1
1289,1,1
4063,1,1
1982,1,1
2647,1,1
385,1,1
1198,1,1
1688,1,1
877,1,1
276,1,1
3255,1,1
2169,1,1
473,1,1
1158,1,1
1059,1,1
3041,1,1
2964,1,1
3289,1,1
3478,1,1
39,1,1
2822,1,1
617,1,1
1759,1,1
2056,1,1
1182,1,1
1494,1,1
17,1,1
1451,1,1
2212,1,1
1686,1,1
1788,1,1
995,1,1
2288,1,1
3010,1,1
3615,1,1
37,1,1
3906,1,1
3098,1,1
1838,1,1
4024,1,1
1350,1,1
2884,1,1
9,1,1
2790,1,1
196,1,1
3851,1,1
2459,1,1
1741,1,1
404,1,1
1855,1,1
658,1,1
505,1,1
292,1,1
534,1,1
1090,1,1
648,1,1
3707,1,1
2691,1,1
412,1,1
2014,1,1
4017,1,1
878,1,1
891,1,1
4101,1,1
1601,1,1
384,1,1
1055,1,1
3332,1,1
2265,1,1
3987,1,1
2774,1,1
3238,1,1
3030,1,1
3024,1,1
3156,1,1
3758,1,1
367,1,1
1215,1,1
4060,0,1
1284,1,1
2583,1,1
2593,1,1
3623,1,1
1683,1,1
4023,1,1
862,1,1
469,1,1
195,1,1
3532,1,1
1592,1,1
1814,1,1
857,1,1
2034,1,1
2637,1,1
3295,1,1
3982,0,1
855,1,1
1717,1,1
3409,1,1
102,1,1
994,1,1
1883,1,1
408,1,1
2285,1,1
3101,1,1
1162,1,1
2067,1,1
1511,1,1
3500,1,1
1193,1,1
3683,1,1
3413,1,1
1758,1,1
1026,1,1
401,1,1
1404,1,1
2109,1,1
1761,1,1
3587,1,1
765,1,1
3244,1,1
416,1,1
1536,1,1
209,1,1
672,1,1
4,1,1
3875,1,1
3094,1,1
2003,1,1
992,1,1
1684,1,1
381,1,1
2795,1,1
2332,1,1
2292,1,1
3554,1,1
3182,1,1
1858,1,1
988,1,1
2307,1,1
1197,1,1
3350,1,1
1689,1,1
3242,1,1
1581,1,1
850,1,1
2695,0,1
3526,1,1
779,1,1
4038,1,1
3162,1,1
2765,1,1
1594,1,1
630,1,1
926,1,1
905,1,1
3005,1,1
3017,1,1
824,1,1
1670,1,1
1306,1,1
2786,1,1
2960,1,1
2643,1,1
3525,1,1
2323,1,1
2877,1,1
1812,1,1
1960,1,1
701,1,1
4112,0,1
925,1,1
1108,1,1
2858,1,1
2136,1,1
2335,1,1
484,1,1
1813,1,1
3175,1,1
1012,1,1
1621,1,1
3430,1,1
3600,1,1
260,1,1
3464,1,1
2829,1,1
3823,1,1
3085,1,1
1044,1,1
1734,1,1
691,1,1
3354,1,1
3221,1,1
2816,1,1
2305,1,1
2028,1,1
2506,1,1
2499,1,1
3451,1,1
1007,1,1
1103,1,1
1165,1,1
3527,1,1
3446,1,1
3237,1,1
409,1,1
1521,1,1
2164,0,1
650,1,1
1286,1,1
3809,1,1
3551,1,1
3967,1,1
1027,1,1
1435,1,1
3667,0,1
1118,1,1
3345,1,1
3460,1,1
913,1,1
3021,1,1
1297,1,1
3314,1,1
2273,1,1
1199,1,1
3715,1,1
1877,1,1
2005,1,1
2396,1,1
3203,1,1
157,1,1
3458,1,1
3628,1,1
2422,1,1
2267,1,1
3317,1,1
3692,1,1
2144,1,1
1552,1,1
1583,1,1
1466,1,1
94,1,1
3022,1,1
118,1,1
1769,1,1
1898,1,1
1201,1,1
3582,1,1
65,1,1
3288,1,1
961,1,1
4037,1,1
3785,1,1
1547,1,1
3246,1,1
956,1,1
734,1,1
1332,1,1
608,1,1
2138,1,1
1184,1,1
120,1,1
1749,1,1
1753,1,1
707,1,1
2553,1,1
310,1,1
2938,1,1
593,1,1
1543,1,1
429,1,1
2841,1,1
1226,1,1
3594,1,1
3686,1,1
2227,1,1
1556,1,1
131,1,1
4117,1,0
3110,1,1
