,y_test,prediction
3437,2,2
2443,2,2
3814,2,2
1250,2,2
320,1,2
1797,2,2
356,2,2
150,2,2
2409,2,2
464,2,2
3283,2,2
1576,2,2
1726,2,2
577,2,2
180,2,2
14,2,2
1176,2,2
1185,2,2
3438,2,2
2000,2,2
1057,2,2
652,2,2
3850,2,2
1485,2,2
2358,2,2
32,1,2
823,2,2
3075,2,2
796,2,2
409,2,2
2500,2,2
1895,2,2
2022,2,2
2949,2,2
3088,2,2
2193,2,2
3003,2,2
1963,2,2
2936,2,2
3606,2,2
1248,2,2
3490,2,2
553,2,2
2311,2,2
1092,2,2
2612,2,2
2143,2,2
3360,2,2
1146,2,2
1360,2,2
4112,2,2
185,2,2
2066,2,2
3328,2,2
2048,2,2
890,2,2
1734,2,2
271,2,2
2987,2,2
197,2,2
706,2,2
1190,2,2
3322,2,2
327,2,2
3458,2,2
1497,2,2
1396,2,2
2243,2,2
2971,2,2
1902,2,2
1700,1,2
2354,2,2
3872,2,2
3278,2,2
895,2,2
1170,2,2
3741,2,2
3517,2,2
1864,2,2
822,2,2
323,2,2
2262,2,2
1860,2,2
1851,2,2
2512,2,2
1256,2,2
2393,2,2
2955,2,2
1617,2,2
1908,2,2
2217,2,2
2123,2,2
851,2,2
2639,2,2
1890,1,2
399,2,2
1428,2,2
1665,2,2
3832,2,2
3514,2,2
975,2,2
1285,2,2
8,2,2
3674,2,2
3426,2,2
829,2,2
2260,2,2
1087,2,2
1778,2,2
4123,2,2
1116,1,2
3752,2,2
70,2,2
3889,2,2
897,2,2
882,2,2
2447,2,2
3975,2,2
2316,2,2
2487,2,2
608,1,2
2213,2,2
1436,2,2
582,2,2
3645,2,2
3677,2,2
1819,2,2
2510,2,2
2660,2,2
1716,2,2
3997,2,2
3213,2,2
94,2,2
212,2,2
2765,2,2
2420,1,2
2537,2,2
3496,2,2
372,2,2
241,1,2
3602,2,2
3828,2,2
230,2,2
1166,2,2
949,2,2
694,2,2
2372,2,2
3319,2,2
469,2,2
445,2,2
2697,2,2
1802,2,2
1113,2,2
1135,2,2
2963,2,2
3582,2,2
2833,2,2
3901,2,2
1047,2,2
3886,2,2
833,2,2
4113,2,2
121,2,2
3025,2,2
4109,2,2
2060,2,2
1130,2,2
3985,2,2
3475,2,2
1197,2,2
3902,2,2
17,2,2
2333,2,2
3881,2,2
1133,1,2
543,2,2
2328,2,2
2092,2,2
2051,2,2
2797,2,2
330,2,2
2595,2,2
1559,2,2
3065,2,2
2830,2,2
2819,2,2
3597,2,2
3142,2,2
3266,2,2
2181,2,1
1905,2,2
301,2,2
967,2,2
110,2,2
1268,2,2
2390,2,2
2785,2,2
4130,2,2
3560,2,2
2687,2,2
51,2,2
3519,2,2
1349,2,2
1684,2,2
73,2,2
2241,2,2
1159,2,2
1945,2,2
2824,2,2
3331,2,2
2901,2,2
1295,2,2
2063,2,2
294,2,2
422,2,2
4055,2,2
1887,2,2
1238,2,2
3641,2,2
158,2,2
3531,2,2
1812,2,2
547,2,2
52,2,2
221,2,2
2052,2,2
26,2,2
1566,2,2
1404,2,2
1236,2,2
206,2,2
215,1,2
421,2,2
2455,2,2
2714,2,2
33,2,2
1167,2,2
2084,2,2
910,2,2
1427,2,2
3758,2,2
737,2,2
4049,2,2
1117,2,2
1018,2,2
992,2,2
3275,1,2
3935,2,2
415,2,2
3844,2,2
2759,2,2
1179,2,2
934,2,2
943,2,2
2068,2,2
3798,2,2
3382,2,2
2533,2,2
3564,2,2
3662,2,2
3463,2,2
888,2,2
1101,2,2
2997,2,2
326,2,2
1175,2,2
520,2,2
3555,2,2
2956,2,2
2308,2,2
417,2,2
2396,2,2
257,2,2
1251,2,2
2969,2,2
1696,2,2
1168,2,2
2218,2,2
1721,2,2
3451,2,2
2145,2,2
1556,2,2
439,2,2
2529,2,2
1580,2,2
1108,2,2
135,2,2
1609,2,2
1241,2,2
1956,2,2
264,2,2
1336,2,2
471,2,2
1085,2,2
2235,2,2
3392,2,2
3237,2,2
3200,2,2
2388,2,2
1301,2,2
3229,2,2
2040,1,2
536,2,2
2460,2,2
3232,2,2
2404,2,2
171,2,2
3020,2,2
1346,2,2
1536,2,2
1571,2,2
3789,2,2
189,2,2
12,2,2
3691,2,2
1971,2,2
1448,2,2
2911,2,2
918,2,2
3174,2,2
2155,2,2
614,2,2
239,2,2
175,2,2
2442,2,2
2702,2,2
1853,2,2
2419,2,2
1357,2,2
3730,2,2
3563,2,2
3513,1,2
2705,2,2
2642,2,2
3581,2,2
228,2,2
1286,2,2
1082,2,2
770,2,2
2834,2,2
2477,2,2
2547,2,2
3098,2,2
3428,2,2
2298,2,2
3136,2,2
69,2,2
3333,2,2
45,2,2
3591,2,2
184,2,2
1530,2,2
359,2,2
3625,2,2
2468,2,2
140,2,2
3078,2,2
2768,2,2
314,2,2
267,2,2
1459,1,2
2229,2,2
3315,2,2
1076,2,2
3180,2,2
1825,2,2
2074,2,2
145,2,2
3556,2,2
2680,2,2
667,2,2
2158,2,2
1126,2,2
494,2,2
3980,2,2
3389,2,2
3131,2,2
1378,2,2
1221,2,2
805,2,2
252,2,2
3711,2,2
2522,2,2
764,2,2
839,2,2
2905,2,2
1629,2,2
280,2,2
3943,2,2
3614,2,2
2596,2,2
364,2,2
2897,2,2
304,1,2
1062,2,2
962,2,2
2998,2,2
2992,2,2
2300,2,2
509,2,2
1794,2,2
2279,2,2
2973,2,2
576,1,2
923,2,2
2130,2,2
1518,1,2
2136,2,2
3931,2,2
1641,2,2
3456,1,2
1644,2,2
3117,2,2
3577,2,2
3119,2,2
3210,2,2
721,2,2
3571,2,2
927,2,2
58,2,2
76,2,2
2290,2,2
2293,2,2
3723,2,2
3725,2,2
3720,2,2
3748,2,2
4135,2,2
734,2,2
2490,2,2
2202,2,2
2378,1,2
2363,2,2
473,2,2
2877,2,2
2337,2,2
1685,2,2
2451,1,2
1083,2,2
125,2,2
319,2,2
2134,2,2
310,2,2
2817,2,2
1208,2,2
1885,2,2
436,2,2
3468,2,2
736,2,2
1527,2,2
44,2,2
1380,2,2
2967,2,2
3511,2,2
3843,2,2
2129,2,2
3917,2,2
2619,2,2
832,2,2
2544,2,2
2904,2,2
393,2,2
30,2,2
498,2,2
204,2,2
1758,2,2
1581,2,2
3710,2,2
2721,2,2
3970,2,2
3962,2,2
63,2,2
603,2,2
374,2,2
4011,2,2
3739,2,2
1916,2,2
2954,2,2
486,1,2
1334,2,2
2199,2,2
3218,2,2
2981,2,2
450,2,2
564,2,2
157,2,2
1354,2,2
1078,2,2
2004,2,2
193,2,2
3874,2,2
3051,2,2
503,2,2
3290,2,2
2166,2,2
1239,2,2
2863,2,2
446,2,2
291,2,2
167,2,2
1670,2,2
1686,2,2
3750,2,2
3071,2,2
560,2,2
3950,2,2
1992,2,2
3558,2,2
3066,2,2
4074,2,2
2306,2,2
1234,2,2
3263,2,2
1968,2,2
2523,2,2
3632,2,2
195,2,2
457,2,2
1649,2,2
3681,2,2
29,2,2
1693,1,2
2620,2,2
2678,2,2
573,1,2
3068,2,2
1492,2,2
1941,2,2
2253,2,2
2246,2,2
4072,2,2
1284,2,2
223,2,2
1200,2,2
1306,2,2
2953,2,2
3481,2,2
1650,2,2
1252,2,2
2305,2,2
1525,2,2
80,2,2
258,2,2
298,2,2
2885,2,2
3910,2,2
1733,2,2
2674,2,2
681,2,2
3503,2,2
827,2,2
3381,2,2
761,2,2
1491,2,2
825,2,2
1623,2,2
2598,2,2
1986,2,2
1299,2,2
1060,2,2
1502,1,2
2645,2,2
418,2,2
988,2,2
1422,2,2
1274,2,2
3728,2,2
665,2,2
2425,2,2
153,2,2
2008,2,2
3332,2,2
3092,2,2
103,2,2
1582,2,2
240,2,2
1026,2,2
3077,2,2
862,2,2
1545,1,2
3657,2,2
1156,2,2
2577,2,2
782,2,2
2335,2,2
853,2,2
2545,2,2
337,2,2
1264,2,2
3859,2,2
2450,2,2
3478,2,2
1153,2,2
4056,2,2
1013,2,2
2624,2,2
2276,2,2
2715,2,2
3000,2,2
2822,2,2
2343,2,2
3693,2,2
2930,2,2
3882,2,2
2982,2,2
563,2,2
2440,2,2
3780,2,2
2787,2,2
3890,2,2
688,2,2
2131,2,2
3355,2,2
1920,2,2
2124,2,2
1638,2,2
1223,2,2
1226,2,2
3991,2,2
1343,2,2
1980,1,2
2984,2,2
1765,2,2
2781,2,2
1522,1,2
3240,2,2
2252,2,2
1578,2,2
351,2,2
3356,2,2
3441,2,2
3313,2,2
3133,2,2
3386,2,2
3761,2,2
1319,2,2
1557,2,2
1411,2,2
1483,2,2
179,2,2
3687,2,2
750,2,2
773,1,2
1512,1,2
3079,2,2
1798,2,2
2638,2,2
2237,2,2
2299,2,2
174,2,2
818,2,2
3952,2,2
336,2,2
2681,2,2
437,1,2
3615,2,2
2185,2,2
2412,2,2
1400,2,2
487,2,2
1473,2,2
3164,2,2
2917,2,2
1461,2,2
1417,2,2
1922,2,2
3540,2,2
329,2,2
2367,2,2
476,2,2
570,2,2
1830,2,2
1969,2,2
2111,2,2
4132,2,2
3185,1,2
4006,2,2
61,2,2
1777,2,2
865,2,2
255,2,2
2751,2,2
1094,2,2
2362,2,2
3175,2,2
2081,2,2
2739,2,2
1158,2,2
807,2,2
222,2,2
3529,2,2
1813,2,2
1730,2,2
89,2,2
1123,2,2
1654,2,2
2902,2,2
2862,2,2
2661,2,2
3233,2,2
3419,2,2
443,2,2
3537,2,2
3697,2,2
3231,2,2
1567,2,2
1892,2,2
3542,2,2
4001,2,2
2703,2,2
3633,2,2
1854,2,2
284,1,2
728,2,2
275,2,2
2232,2,2
630,2,2
1715,2,2
1290,2,2
3425,2,2
3236,2,2
2648,2,2
430,2,2
3100,2,2
1089,2,2
515,2,2
2821,2,2
3660,2,2
4127,2,2
3361,2,2
508,2,2
2621,2,2
2913,2,2
558,2,2
566,2,2
2191,2,2
611,2,2
449,2,2
1805,2,2
219,2,2
4087,2,2
830,2,2
753,2,2
3429,2,2
2823,2,2
3918,2,2
1689,2,2
3485,2,2
3307,2,2
2811,2,2
4041,2,2
1768,2,2
1105,2,2
1065,2,2
840,2,2
861,2,2
779,2,2
1904,2,2
3694,2,2
1178,2,2
587,2,2
3341,2,2
3303,2,2
1353,2,2
0,1,2
1137,2,2
1443,2,2
3956,2,2
2266,2,2
2502,2,2
2049,2,2
248,2,2
1416,2,2
2669,2,2
3404,2,2
2912,2,2
1028,2,2
660,2,2
3329,2,2
