,y_test,prediction
14251,26.0,273.81928089008875
6758,22.0,273.81928089008875
22587,20.0,273.81928089008875
2647,49.0,273.81928089008875
23248,19.0,273.81928089008875
12250,237.0,273.81928089008875
500,191.0,273.81928089008875
8300,71.0,273.81928089008875
23448,26.0,273.81928089008875
8262,31.0,273.81928089008875
20398,19.0,404.39
19991,23.0,273.81928089008875
3095,24.0,273.81928089008875
23300,21.0,273.81928089008875
3437,21.0,273.81928089008875
4283,18.0,273.81928089008875
12400,21.0,23.85
17338,17.0,273.81928089008875
21289,24.0,273.81928089008875
10833,30.0,273.81928089008875
3568,18.0,273.81928089008875
22612,48.0,273.81928089008875
7509,22.0,273.81928089008875
20585,23.0,273.81928089008875
2554,64.0,273.81928089008875
22416,16.0,273.81928089008875
10220,23.0,273.81928089008875
4541,32.0,273.81928089008875
23285,28.0,273.81928089008875
12739,17.0,273.81928089008875
614,28.0,273.81928089008875
5136,16.0,25.01
20820,35.0,273.81928089008875
22499,27.0,273.81928089008875
23846,24.0,273.81928089008875
14748,39.0,273.81928089008875
17106,21.0,273.81928089008875
23328,19.0,273.81928089008875
6533,21.0,273.81928089008875
19897,27.0,1837.8
20386,27.0,273.81928089008875
23579,35.0,273.81928089008875
6918,28.0,273.81928089008875
17727,23.0,846.7831471004243
10303,18.0,273.81928089008875
1306,11.0,273.81928089008875
23025,30.0,273.81928089008875
20662,13.0,273.81928089008875
3827,19.0,273.81928089008875
22950,28.0,273.81928089008875
23776,17.0,273.81928089008875
18356,18.0,273.81928089008875
7140,26.0,273.81928089008875
21217,13577.0,273.81928089008875
10252,22.0,273.81928089008875
23471,18.0,273.81928089008875
16038,24.0,273.81928089008875
1994,24.0,273.81928089008875
22695,49.0,273.81928089008875
6714,28.0,273.81928089008875
184,17.0,273.81928089008875
16341,43.0,273.81928089008875
10400,19.0,273.81928089008875
2010,135.0,273.81928089008875
21076,32.0,273.81928089008875
11659,37.0,32.56
5539,82.0,273.81928089008875
3138,22.0,273.81928089008875
2430,22.0,23.5
12529,763.0,273.81928089008875
22580,24.0,273.81928089008875
2250,15.0,273.81928089008875
85,28.0,273.81928089008875
12641,17.0,273.81928089008875
17639,32.0,6035.78
2033,91.0,273.81928089008875
855,31.0,273.81928089008875
12177,77.0,273.81928089008875
1194,16.0,273.81928089008875
16608,60.0,273.81928089008875
21464,14.0,447.79
20064,21.0,273.81928089008875
7856,118.0,273.81928089008875
4258,14.0,273.81928089008875
16055,32.0,141.85
23594,131.0,273.81928089008875
18140,23.0,273.81928089008875
10012,14.0,273.81928089008875
23091,25.0,273.81928089008875
4958,13.0,273.81928089008875
8617,500.0,273.81928089008875
23281,21.0,273.81928089008875
15098,25.0,30.14
4599,25.0,273.81928089008875
23049,32.0,273.81928089008875
17660,16.0,22.1
111,26.0,273.81928089008875
2762,36.0,273.81928089008875
2179,51.0,273.81928089008875
22521,17.0,273.81928089008875
1719,59.0,273.81928089008875
20149,19.0,273.81928089008875
11328,33.0,273.81928089008875
16106,25.0,273.81928089008875
15826,24.0,273.81928089008875
5210,183.0,273.81928089008875
22435,18.0,273.81928089008875
18825,61.0,273.81928089008875
5278,24.0,273.81928089008875
17353,28.0,273.81928089008875
18147,23.0,273.81928089008875
6895,227.0,273.81928089008875
1530,16.0,24.19
10760,32.0,273.81928089008875
8418,106.0,24.96
23979,30.0,273.81928089008875
15307,140.0,273.81928089008875
20146,16.0,273.81928089008875
21192,21.0,25.35
10772,86.0,273.81928089008875
7519,50.0,273.81928089008875
14751,33.0,273.81928089008875
12327,27.0,273.81928089008875
6303,17.0,273.81928089008875
1484,17.0,273.81928089008875
557,308.0,273.81928089008875
20560,4178.0,273.81928089008875
8205,62.0,273.81928089008875
11939,4262.0,355.53
1262,17.0,273.81928089008875
275,188.0,273.81928089008875
1364,13.0,273.81928089008875
23924,23.0,273.81928089008875
23719,20.0,273.81928089008875
5283,24.0,273.81928089008875
17913,28.0,273.81928089008875
21049,167.0,273.81928089008875
20762,90.0,273.81928089008875
12689,27.0,273.81928089008875
1575,324.0,273.81928089008875
2592,41.0,273.81928089008875
18273,54.0,273.81928089008875
11344,17.0,273.81928089008875
22596,20.0,273.81928089008875
14427,29.0,273.81928089008875
17059,36.0,21.88
4131,4086.0,273.81928089008875
277,101.0,273.81928089008875
18588,24.0,273.81928089008875
160,338.0,273.81928089008875
9336,116.0,273.81928089008875
23974,21.0,273.81928089008875
20003,15.0,273.81928089008875
10583,24.0,273.81928089008875
22988,17.0,273.81928089008875
14897,4446.0,273.81928089008875
13013,11.0,273.81928089008875
22207,27.0,530.57
11690,40.0,273.81928089008875
5486,33.0,28.36
19228,31.0,273.81928089008875
7347,38.0,273.81928089008875
7523,57.0,273.81928089008875
20642,36.0,273.81928089008875
7173,18.0,273.81928089008875
19080,32.0,273.81928089008875
5032,91.0,273.81928089008875
1105,82.0,273.81928089008875
23114,34.0,273.81928089008875
15073,22.0,273.81928089008875
15391,26.0,273.81928089008875
3320,14.0,273.81928089008875
1116,18.0,273.81928089008875
7207,26.0,273.81928089008875
22495,20.0,273.81928089008875
14629,26.0,273.81928089008875
2797,14.0,273.81928089008875
15438,36.0,273.81928089008875
5056,24.0,273.81928089008875
2149,46.0,273.81928089008875
13117,10.0,273.81928089008875
18879,262.0,273.81928089008875
7805,34.0,273.81928089008875
13556,46.0,273.81928089008875
187,23.0,273.81928089008875
12958,16.0,273.81928089008875
15077,19.0,273.81928089008875
10165,17.0,273.81928089008875
16100,26.0,273.81928089008875
2014,43.0,273.81928089008875
7771,20.0,273.81928089008875
15142,49.0,273.81928089008875
8717,80.0,273.81928089008875
2992,22.0,273.81928089008875
17617,28.0,273.81928089008875
10728,26.0,273.81928089008875
15985,2325.0,273.81928089008875
20634,61.0,273.81928089008875
16034,21.0,273.81928089008875
19733,34.0,273.81928089008875
17547,31.0,273.81928089008875
18661,50.0,273.81928089008875
23160,41.0,273.81928089008875
4559,22.0,273.81928089008875
6975,96.0,273.81928089008875
735,13.0,273.81928089008875
7490,15.0,273.81928089008875
381,18.0,273.81928089008875
8727,53.0,273.81928089008875
3598,46.0,25.93
15339,189.0,273.81928089008875
23286,20.0,273.81928089008875
22862,20.0,273.81928089008875
2714,27.0,23.27
13756,38.0,273.81928089008875
7502,27.0,273.81928089008875
2144,116.0,273.81928089008875
8432,132.0,273.81928089008875
20081,19.0,273.81928089008875
21472,26.0,273.81928089008875
22739,22.0,273.81928089008875
14966,19.0,273.81928089008875
13256,24.0,273.81928089008875
1423,264.0,273.81928089008875
2015,27.0,273.81928089008875
20958,12.0,273.81928089008875
23021,18.0,273.81928089008875
14633,26.0,273.81928089008875
8353,25.0,273.81928089008875
22621,20.0,273.81928089008875
11234,37.0,273.81928089008875
1004,29.0,273.81928089008875
2618,26.0,273.81928089008875
16045,22.0,273.81928089008875
8959,16.0,273.81928089008875
17841,23.0,273.81928089008875
9127,92.0,273.81928089008875
9390,30.0,273.81928089008875
23600,42.0,273.81928089008875
1122,23.0,273.81928089008875
15224,117.0,273.81928089008875
14506,20.0,273.81928089008875
69,62.0,26.67
13986,122.0,273.81928089008875
15560,23.0,273.81928089008875
16031,15.0,273.81928089008875
6806,30.0,273.81928089008875
2498,23.0,273.81928089008875
15716,35.0,273.81928089008875
16339,868.0,273.81928089008875
23417,34.0,273.81928089008875
16614,29.0,273.81928089008875
15887,20.0,273.81928089008875
7009,26.0,273.81928089008875
2645,22.0,273.81928089008875
9933,99.0,273.81928089008875
21030,20.0,273.81928089008875
17299,19.0,273.81928089008875
6368,22.0,273.81928089008875
15093,27.0,273.81928089008875
17306,14.0,273.81928089008875
3513,25.0,273.81928089008875
11107,46.0,273.81928089008875
6187,19.0,273.81928089008875
11911,23201.0,273.81928089008875
13787,56.0,273.81928089008875
18750,3082.0,273.81928089008875
1929,29.0,273.81928089008875
14957,17.0,273.81928089008875
13368,27.0,273.81928089008875
14283,23.0,273.81928089008875
2537,23.0,273.81928089008875
13996,63.0,273.81928089008875
14333,26.0,273.81928089008875
8051,41.0,273.81928089008875
22135,18.0,273.81928089008875
23369,22.0,273.81928089008875
7211,15.0,273.81928089008875
21934,21.0,273.81928089008875
22535,21.0,273.81928089008875
1835,41.0,31.34
14541,61.0,273.81928089008875
14920,34.0,216.13284331221826
10399,25.0,26.94
235,26.0,273.81928089008875
22464,29.0,273.81928089008875
1113,14.0,273.81928089008875
11115,31.0,273.81928089008875
5159,27.0,273.81928089008875
7274,27.0,273.81928089008875
8251,12.0,273.81928089008875
754,19.0,35.72599041264256
19765,21.0,273.81928089008875
13219,78.0,273.81928089008875
1543,43.0,273.81928089008875
16374,124.0,273.81928089008875
20598,1264.0,273.81928089008875
17199,139.0,273.81928089008875
6630,23.0,273.81928089008875
14724,23.0,25.55
9709,191.0,273.81928089008875
821,17.0,26.97
23384,23.0,273.81928089008875
13869,90.0,273.81928089008875
3192,48.0,273.81928089008875
9869,90.0,273.81928089008875
11309,30.0,273.81928089008875
3038,76.0,273.81928089008875
10069,28.0,273.81928089008875
19219,27.0,273.81928089008875
6936,26.0,28.11
4900,41.0,273.81928089008875
1453,190.0,273.81928089008875
12635,30.0,273.81928089008875
4333,23.0,273.81928089008875
6467,48.0,273.81928089008875
12823,23.0,273.81928089008875
17478,31.0,273.81928089008875
1667,16.0,273.81928089008875
8938,169.0,273.81928089008875
17788,22.0,273.81928089008875
1847,21.0,273.81928089008875
22792,37.0,273.81928089008875
9721,30.0,273.81928089008875
20162,20.0,273.81928089008875
8625,129.0,273.81928089008875
10923,17.0,31.29
22917,26.0,273.81928089008875
23856,32.0,273.81928089008875
12154,95.0,273.81928089008875
5859,383.0,273.81928089008875
19046,44.0,273.81928089008875
4091,43.0,273.81928089008875
11166,37.0,273.81928089008875
19852,431.0,273.81928089008875
11806,32.0,273.81928089008875
2450,40.0,273.81928089008875
304,15.0,273.81928089008875
410,20.0,273.81928089008875
2812,64.0,273.81928089008875
22056,83.0,273.81928089008875
13403,17.0,273.81928089008875
14877,37.0,273.81928089008875
20825,35.0,273.81928089008875
23207,29.0,273.81928089008875
19886,40.0,273.81928089008875
4677,28.0,273.81928089008875
19151,28.0,273.81928089008875
22541,18.0,273.81928089008875
12751,64.0,273.81928089008875
6198,92.0,273.81928089008875
15408,19.0,273.81928089008875
14901,9466.0,273.81928089008875
649,25.0,273.81928089008875
1988,26.0,273.81928089008875
22208,20.0,273.81928089008875
1903,26.0,273.81928089008875
6850,29.0,273.81928089008875
17758,36.0,273.81928089008875
12972,14.0,273.81928089008875
4134,2595.0,273.81928089008875
21310,108.0,273.81928089008875
234,55.0,24.65
20237,22.0,273.81928089008875
9570,30.0,273.81928089008875
22480,16.0,273.81928089008875
2555,81.0,273.81928089008875
15497,30.0,273.81928089008875
11621,1744.0,273.81928089008875
173,79.0,273.81928089008875
2682,23.0,273.81928089008875
1233,35.0,273.81928089008875
9490,31.0,273.81928089008875
6641,47.0,273.81928089008875
23711,28.0,273.81928089008875
333,64.0,273.81928089008875
12165,24.0,273.81928089008875
2266,19.0,273.81928089008875
5835,28.0,273.81928089008875
11578,18.0,273.81928089008875
2810,90.0,273.81928089008875
919,24.0,273.81928089008875
8030,28.0,273.81928089008875
13283,9323.0,273.81928089008875
19511,45.0,27.68
1165,30.0,273.81928089008875
16904,21.0,273.81928089008875
18737,4495.0,273.81928089008875
18402,29.0,273.81928089008875
12801,32.0,273.81928089008875
10068,38.0,273.81928089008875
1711,14.0,273.81928089008875
968,23.0,273.81928089008875
6310,17.0,273.81928089008875
20967,191.0,273.81928089008875
6316,26.0,273.81928089008875
22639,27.0,273.81928089008875
7436,23.0,273.81928089008875
23893,20.0,273.81928089008875
9944,48.0,273.81928089008875
21166,18.0,273.81928089008875
20689,23.0,23.95
10073,36.0,273.81928089008875
10411,22.0,273.81928089008875
12357,29.0,273.81928089008875
15349,28.0,273.81928089008875
4420,24.0,273.81928089008875
1167,88.0,273.81928089008875
9918,15.0,273.81928089008875
23170,18.0,273.81928089008875
19105,29.0,273.81928089008875
6945,30.0,273.81928089008875
169,52.0,273.81928089008875
7309,18.0,273.81928089008875
4797,58.0,26.03
12574,43.0,273.81928089008875
22800,27.0,273.81928089008875
21218,11572.0,273.81928089008875
18773,29.0,273.81928089008875
21004,19.0,273.81928089008875
18406,30.0,273.81928089008875
14217,51.0,273.81928089008875
20067,21.0,185.25
14245,16.0,273.81928089008875
2512,50.0,273.81928089008875
12933,22.0,273.81928089008875
14009,23.0,273.81928089008875
3339,32.0,273.81928089008875
9360,25.0,273.81928089008875
5186,26.0,273.81928089008875
21725,65.0,273.81928089008875
21221,7892.0,273.81928089008875
8991,50.0,273.81928089008875
9263,76.0,273.81928089008875
13287,5461.0,273.81928089008875
16276,15.0,273.81928089008875
3237,24.0,273.81928089008875
12231,27.0,273.81928089008875
435,30.0,273.81928089008875
4880,80.0,273.81928089008875
1783,19.0,23.18
21674,36.0,273.81928089008875
15723,51.0,273.81928089008875
15526,52.0,273.81928089008875
13365,37.0,273.81928089008875
12255,19.0,273.81928089008875
10258,30.0,273.81928089008875
13465,80.0,273.81928089008875
8210,62.0,273.81928089008875
7155,89.0,273.81928089008875
6397,128.0,273.81928089008875
21966,36.0,273.81928089008875
20227,23.0,273.81928089008875
6419,5911.0,273.81928089008875
11077,25.0,273.81928089008875
6577,47.0,273.81928089008875
10426,23.0,273.81928089008875
20484,44.0,273.81928089008875
17342,23.0,273.81928089008875
8733,21.0,273.81928089008875
23959,25.0,273.81928089008875
21999,38.0,273.81928089008875
23192,29.0,273.81928089008875
7039,25.0,31.86
7907,37.0,273.81928089008875
18261,26.0,273.81928089008875
12470,17.0,273.81928089008875
1486,19.0,273.81928089008875
9305,52.0,273.81928089008875
20713,26.0,273.81928089008875
7215,52.0,273.81928089008875
17256,37.0,25.46
14715,95.0,273.81928089008875
23830,25.0,273.81928089008875
13194,16.0,273.81928089008875
23005,28.0,273.81928089008875
18013,75.0,273.81928089008875
3377,16.0,273.81928089008875
2541,20.0,273.81928089008875
1419,178.0,273.81928089008875
16070,73.0,273.81928089008875
11814,24.0,273.81928089008875
22815,22.0,273.81928089008875
21548,23.0,273.81928089008875
5779,24.0,25.37
21969,30.0,273.81928089008875
23351,27.0,273.81928089008875
4501,27.0,337.74
12759,70.0,273.81928089008875
16458,29.0,273.81928089008875
14880,83.0,273.81928089008875
1029,55.0,273.81928089008875
18920,32.0,273.81928089008875
1287,27.0,273.81928089008875
22599,40.0,273.81928089008875
14034,57.0,273.81928089008875
924,29.0,273.81928089008875
18584,21.0,273.81928089008875
6101,29.0,273.81928089008875
3503,26.0,273.81928089008875
885,28.0,273.81928089008875
9823,36.0,273.81928089008875
20736,18.0,273.81928089008875
12649,20.0,23.65
12239,324.0,273.81928089008875
534,19.0,5549.91
14139,16.0,273.81928089008875
20702,28.0,273.81928089008875
12619,18.0,273.81928089008875
1420,191.0,273.81928089008875
10072,29.0,273.81928089008875
12149,104.0,273.81928089008875
4691,45.0,273.81928089008875
15665,39.0,273.81928089008875
22425,24.0,273.81928089008875
6643,34.0,273.81928089008875
15757,18.0,273.81928089008875
22203,25.0,25.2
3806,5179.0,273.81928089008875
2056,13.0,273.81928089008875
17460,17.0,273.81928089008875
7911,42.0,273.81928089008875
5141,20.0,273.81928089008875
6631,25.0,273.81928089008875
15141,54.0,273.81928089008875
22717,43.0,273.81928089008875
14153,17.0,273.81928089008875
22610,22.0,273.81928089008875
11951,1871.0,273.81928089008875
12081,64.0,273.81928089008875
12321,29.0,273.81928089008875
7031,35.0,273.81928089008875
13666,34.0,26.74
9306,42.0,273.81928089008875
23868,22.0,273.81928089008875
3739,2006.0,273.81928089008875
10318,25.0,273.81928089008875
5958,30.0,273.81928089008875
3622,33.0,273.81928089008875
12407,28.0,273.81928089008875
23262,15.0,273.81928089008875
14734,40.0,273.81928089008875
10869,42.0,273.81928089008875
23617,23.0,273.81928089008875
9515,37.0,273.81928089008875
4859,27.0,273.81928089008875
14585,33.0,273.81928089008875
5212,98.0,273.81928089008875
20660,30.0,273.81928089008875
7696,25.0,273.81928089008875
17184,29.0,273.81928089008875
2129,45.0,273.81928089008875
20797,1685.0,273.81928089008875
13116,12.0,273.81928089008875
18893,32.0,273.81928089008875
20971,52.0,273.81928089008875
16274,27.0,273.81928089008875
7597,33.0,273.81928089008875
9282,18.0,23.02
14769,25.0,273.81928089008875
6890,2004.0,273.81928089008875
1101,81.0,273.81928089008875
6439,2172.0,273.81928089008875
20160,16.0,273.81928089008875
15012,26.0,273.81928089008875
23614,32.0,273.81928089008875
13108,14.0,273.81928089008875
19923,30.0,273.81928089008875
17662,30.0,273.81928089008875
7883,50.0,273.81928089008875
1021,18.0,273.81928089008875
19926,20.0,273.81928089008875
2047,29.0,28.18
19455,44.0,273.81928089008875
2594,37.0,273.81928089008875
10603,56.0,273.81928089008875
11892,27.0,24.87
16594,29.0,273.81928089008875
9934,86.0,273.81928089008875
2998,22.0,273.81928089008875
8623,224.0,273.81928089008875
5825,23.0,273.81928089008875
21450,28.0,273.81928089008875
10765,43.0,273.81928089008875
16423,67.0,273.81928089008875
19802,32.0,273.81928089008875
10652,23.0,25.82
2032,55.0,273.81928089008875
2845,31.0,24.11
3555,29.0,273.81928089008875
19768,28.0,273.81928089008875
15501,31.0,273.81928089008875
12429,25.0,273.81928089008875
5116,31.0,273.81928089008875
17229,18.0,273.81928089008875
316,24.0,273.81928089008875
12913,33.0,273.81928089008875
6639,41.0,273.81928089008875
1474,53.0,273.81928089008875
22533,22.0,273.81928089008875
10170,25.0,273.81928089008875
5475,23.0,273.81928089008875
6076,269.0,273.81928089008875
11620,1841.0,273.81928089008875
1310,21.0,4696.33
11700,31.0,27.63
5911,28.0,273.81928089008875
489,25.0,273.81928089008875
5192,19.0,273.81928089008875
17822,42.0,273.81928089008875
20968,144.0,273.81928089008875
9239,23.0,273.81928089008875
8913,12.0,273.81928089008875
2633,52.0,273.81928089008875
22179,25.0,23.43
22763,20.0,273.81928089008875
16083,18.0,273.81928089008875
23575,43.0,273.81928089008875
8843,26.0,273.81928089008875
20608,776.0,273.81928089008875
14827,30.0,273.81928089008875
8093,51.0,273.81928089008875
1694,31.0,273.81928089008875
1631,31.0,273.81928089008875
14700,26.0,28.36
3967,23.0,273.81928089008875
11866,25.0,273.81928089008875
9500,17.0,273.81928089008875
16893,14.0,273.81928089008875
18143,26.0,273.81928089008875
2574,2225.0,273.81928089008875
19373,19.0,273.81928089008875
6036,22.0,273.81928089008875
3202,74.0,273.81928089008875
6669,31.0,273.81928089008875
16482,33.0,273.81928089008875
13469,15.0,273.81928089008875
10606,51.0,273.81928089008875
5861,156.0,273.81928089008875
3461,27.0,273.81928089008875
3529,194.0,273.81928089008875
13836,30.0,273.81928089008875
3813,712.0,273.81928089008875
2680,23.0,273.81928089008875
10541,54.0,273.81928089008875
1304,14.0,273.81928089008875
16795,25.0,273.81928089008875
21853,26.0,273.81928089008875
21894,31.0,25.05
8276,605.0,273.81928089008875
23451,29.0,273.81928089008875
22536,20.0,273.81928089008875
21747,21.0,273.81928089008875
6559,36.0,273.81928089008875
11410,51.0,273.81928089008875
17827,15.0,273.81928089008875
6387,61.0,273.81928089008875
5771,23.0,23.82
19613,47.0,273.81928089008875
4551,87.0,273.81928089008875
10789,21.0,273.81928089008875
18944,782.0,273.81928089008875
23318,28.0,273.81928089008875
7578,31.0,26.78
22706,28.0,273.81928089008875
3660,226.0,273.81928089008875
18978,76.0,273.81928089008875
9519,23.0,273.81928089008875
1,23.0,64.85
23239,27.0,273.81928089008875
15341,362.0,273.81928089008875
23542,17.0,273.81928089008875
15004,2477.0,273.81928089008875
10301,21.0,273.81928089008875
6756,33.0,273.81928089008875
1445,82.0,273.81928089008875
13998,48.0,273.81928089008875
5122,35.0,273.81928089008875
14893,2325.0,273.81928089008875
5742,34.0,273.81928089008875
4122,407.0,273.81928089008875
11717,55.0,273.81928089008875
6776,14.0,273.81928089008875
11744,47.0,273.81928089008875
1054,24.0,273.81928089008875
1648,22.0,273.81928089008875
22853,21.0,273.81928089008875
23637,21.0,273.81928089008875
13125,690.0,273.81928089008875
17816,52.0,273.81928089008875
15841,25.0,273.81928089008875
8971,63.0,273.81928089008875
4413,17.0,273.81928089008875
14079,254.0,273.81928089008875
2557,58.0,273.81928089008875
22870,23.0,273.81928089008875
1303,12.0,273.81928089008875
15298,37.0,273.81928089008875
5275,24.0,273.81928089008875
19618,54.0,273.81928089008875
16553,37.0,273.81928089008875
14350,18.0,273.81928089008875
14695,38.0,273.81928089008875
8367,22.0,273.81928089008875
6254,103.0,273.81928089008875
2708,33.0,273.81928089008875
8056,51.0,24.19
2367,68.0,273.81928089008875
21993,59.0,273.81928089008875
6700,19.0,273.81928089008875
15785,150.0,273.81928089008875
2625,144.0,273.81928089008875
4823,40.0,273.81928089008875
2330,24.0,273.81928089008875
20969,105.0,273.81928089008875
14909,40.0,273.81928089008875
23249,20.0,273.81928089008875
4475,31.0,273.81928089008875
8701,56.0,273.81928089008875
4098,18.0,273.81928089008875
8397,37.0,273.81928089008875
5879,24.0,273.81928089008875
5980,19.0,273.81928089008875
14999,1561.0,273.81928089008875
13940,299.0,273.81928089008875
21066,22.0,273.81928089008875
22722,60.0,273.81928089008875
1435,22.0,273.81928089008875
23559,31.0,273.81928089008875
3201,119.0,273.81928089008875
10774,95.0,43.02
4789,20.0,273.81928089008875
21360,23.0,273.81928089008875
22211,38.0,273.81928089008875
22472,22.0,273.81928089008875
17954,51.0,273.81928089008875
549,37.0,273.81928089008875
23372,21.0,273.81928089008875
10343,34.0,273.81928089008875
15002,1938.0,273.81928089008875
18876,139.0,273.81928089008875
23257,20.0,273.81928089008875
3435,24.0,273.81928089008875
8330,135.0,273.81928089008875
10147,20.0,273.81928089008875
9674,28.0,273.81928089008875
16014,16.0,273.81928089008875
19717,21.0,273.81928089008875
3860,21.0,273.81928089008875
17949,46.0,273.81928089008875
