,y_test,prediction
14251,26.0,273.27032566392154
6758,22.0,273.27032566392154
22587,20.0,273.27032566392154
2647,49.0,273.27032566392154
23248,19.0,273.27032566392154
12250,237.0,273.27032566392154
500,191.0,273.27032566392154
8300,71.0,273.27032566392154
23448,26.0,273.27032566392154
8262,31.0,273.27032566392154
20398,19.0,-1775.777905224153
19991,23.0,273.27032566392154
3095,24.0,273.27032566392154
23300,21.0,273.27032566392154
3437,21.0,273.27032566392154
4283,18.0,273.27032566392154
12400,21.0,6930.4894990005705
17338,17.0,273.27032566392154
21289,24.0,273.27032566392154
10833,30.0,273.27032566392154
3568,18.0,273.27032566392154
22612,48.0,273.27032566392154
7509,22.0,273.27032566392154
20585,23.0,273.27032566392154
2554,64.0,273.27032566392154
22416,16.0,273.27032566392154
10220,23.0,273.27032566392154
4541,32.0,273.27032566392154
23285,28.0,273.27032566392154
12739,17.0,273.27032566392154
614,28.0,273.27032566392154
5136,16.0,-2093.8379862547445
20820,35.0,273.27032566392154
22499,27.0,273.27032566392154
23846,24.0,273.27032566392154
14748,39.0,273.27032566392154
17106,21.0,273.27032566392154
23328,19.0,273.27032566392154
6533,21.0,273.27032566392154
19897,27.0,-1634.7725632966321
20386,27.0,273.27032566392154
23579,35.0,273.27032566392154
6918,28.0,273.27032566392154
17727,23.0,2137.2279321541573
10303,18.0,273.27032566392154
1306,11.0,273.27032566392154
23025,30.0,273.27032566392154
20662,13.0,273.27032566392154
3827,19.0,273.27032566392154
22950,28.0,273.27032566392154
23776,17.0,273.27032566392154
18356,18.0,273.27032566392154
7140,26.0,273.27032566392154
21217,13577.0,273.27032566392154
10252,22.0,273.27032566392154
23471,18.0,273.27032566392154
16038,24.0,273.27032566392154
1994,24.0,273.27032566392154
22695,49.0,273.27032566392154
6714,28.0,273.27032566392154
184,17.0,273.27032566392154
16341,43.0,273.27032566392154
10400,19.0,273.27032566392154
2010,135.0,273.27032566392154
21076,32.0,273.27032566392154
11659,37.0,1243.072702536534
5539,82.0,273.27032566392154
3138,22.0,273.27032566392154
2430,22.0,6260.340338311158
12529,763.0,273.27032566392154
22580,24.0,273.27032566392154
2250,15.0,273.27032566392154
85,28.0,273.27032566392154
12641,17.0,273.27032566392154
17639,32.0,2710.729393006186
2033,91.0,273.27032566392154
855,31.0,273.27032566392154
12177,77.0,273.27032566392154
1194,16.0,273.27032566392154
16608,60.0,273.27032566392154
21464,14.0,-3233.3945402854297
20064,21.0,273.27032566392154
7856,118.0,273.27032566392154
4258,14.0,273.27032566392154
16055,32.0,-3016.6183071523847
23594,131.0,273.27032566392154
18140,23.0,273.27032566392154
10012,14.0,273.27032566392154
23091,25.0,273.27032566392154
4958,13.0,273.27032566392154
8617,500.0,273.27032566392154
23281,21.0,273.27032566392154
15098,25.0,1801.0433490994328
4599,25.0,273.27032566392154
23049,32.0,273.27032566392154
17660,16.0,-826.7265377108706
111,26.0,273.27032566392154
2762,36.0,273.27032566392154
2179,51.0,273.27032566392154
22521,17.0,273.27032566392154
1719,59.0,273.27032566392154
20149,19.0,273.27032566392154
11328,33.0,273.27032566392154
16106,25.0,273.27032566392154
15826,24.0,273.27032566392154
5210,183.0,273.27032566392154
22435,18.0,273.27032566392154
18825,61.0,273.27032566392154
5278,24.0,273.27032566392154
17353,28.0,273.27032566392154
18147,23.0,273.27032566392154
6895,227.0,273.27032566392154
1530,16.0,-2039.6840651640086
10760,32.0,273.27032566392154
8418,106.0,2449.3952101941977
23979,30.0,273.27032566392154
15307,140.0,273.27032566392154
20146,16.0,273.27032566392154
21192,21.0,594.823851898138
10772,86.0,273.27032566392154
7519,50.0,273.27032566392154
14751,33.0,273.27032566392154
12327,27.0,273.27032566392154
6303,17.0,273.27032566392154
1484,17.0,273.27032566392154
557,308.0,273.27032566392154
20560,4178.0,273.27032566392154
8205,62.0,273.27032566392154
11939,4262.0,3233.136884466134
1262,17.0,273.27032566392154
275,188.0,273.27032566392154
1364,13.0,273.27032566392154
23924,23.0,273.27032566392154
23719,20.0,273.27032566392154
5283,24.0,273.27032566392154
17913,28.0,273.27032566392154
21049,167.0,273.27032566392154
20762,90.0,273.27032566392154
12689,27.0,273.27032566392154
1575,324.0,273.27032566392154
2592,41.0,273.27032566392154
18273,54.0,273.27032566392154
11344,17.0,273.27032566392154
22596,20.0,273.27032566392154
14427,29.0,273.27032566392154
17059,36.0,549.9875041802006
4131,4086.0,273.27032566392154
277,101.0,273.27032566392154
18588,24.0,273.27032566392154
160,338.0,273.27032566392154
9336,116.0,273.27032566392154
23974,21.0,273.27032566392154
20003,15.0,273.27032566392154
10583,24.0,273.27032566392154
22988,17.0,273.27032566392154
14897,4446.0,273.27032566392154
13013,11.0,273.27032566392154
22207,27.0,3333.586538347299
11690,40.0,273.27032566392154
5486,33.0,1810.7977660432225
19228,31.0,273.27032566392154
7347,38.0,273.27032566392154
7523,57.0,273.27032566392154
20642,36.0,273.27032566392154
7173,18.0,273.27032566392154
19080,32.0,273.27032566392154
5032,91.0,273.27032566392154
1105,82.0,273.27032566392154
23114,34.0,273.27032566392154
15073,22.0,273.27032566392154
15391,26.0,273.27032566392154
3320,14.0,273.27032566392154
1116,18.0,273.27032566392154
7207,26.0,273.27032566392154
22495,20.0,273.27032566392154
14629,26.0,273.27032566392154
2797,14.0,273.27032566392154
15438,36.0,273.27032566392154
5056,24.0,273.27032566392154
2149,46.0,273.27032566392154
13117,10.0,273.27032566392154
18879,262.0,273.27032566392154
7805,34.0,273.27032566392154
13556,46.0,273.27032566392154
187,23.0,273.27032566392154
12958,16.0,273.27032566392154
15077,19.0,273.27032566392154
10165,17.0,273.27032566392154
16100,26.0,273.27032566392154
2014,43.0,273.27032566392154
7771,20.0,273.27032566392154
15142,49.0,273.27032566392154
8717,80.0,273.27032566392154
2992,22.0,273.27032566392154
17617,28.0,273.27032566392154
10728,26.0,273.27032566392154
15985,2325.0,273.27032566392154
20634,61.0,273.27032566392154
16034,21.0,273.27032566392154
19733,34.0,273.27032566392154
17547,31.0,273.27032566392154
18661,50.0,273.27032566392154
23160,41.0,273.27032566392154
4559,22.0,273.27032566392154
6975,96.0,273.27032566392154
735,13.0,273.27032566392154
7490,15.0,273.27032566392154
381,18.0,273.27032566392154
8727,53.0,273.27032566392154
3598,46.0,1666.0118140714476
15339,189.0,273.27032566392154
23286,20.0,273.27032566392154
22862,20.0,273.27032566392154
2714,27.0,-855.5329730187368
13756,38.0,273.27032566392154
7502,27.0,273.27032566392154
2144,116.0,273.27032566392154
8432,132.0,273.27032566392154
20081,19.0,273.27032566392154
21472,26.0,273.27032566392154
22739,22.0,273.27032566392154
14966,19.0,273.27032566392154
13256,24.0,273.27032566392154
1423,264.0,273.27032566392154
2015,27.0,273.27032566392154
20958,12.0,273.27032566392154
23021,18.0,273.27032566392154
14633,26.0,273.27032566392154
8353,25.0,273.27032566392154
22621,20.0,273.27032566392154
11234,37.0,273.27032566392154
1004,29.0,273.27032566392154
2618,26.0,273.27032566392154
16045,22.0,273.27032566392154
8959,16.0,273.27032566392154
17841,23.0,273.27032566392154
9127,92.0,273.27032566392154
9390,30.0,273.27032566392154
23600,42.0,273.27032566392154
1122,23.0,273.27032566392154
15224,117.0,273.27032566392154
14506,20.0,273.27032566392154
69,62.0,-392.1818296628189
13986,122.0,273.27032566392154
15560,23.0,273.27032566392154
16031,15.0,273.27032566392154
6806,30.0,273.27032566392154
2498,23.0,273.27032566392154
15716,35.0,273.27032566392154
16339,868.0,273.27032566392154
23417,34.0,273.27032566392154
16614,29.0,273.27032566392154
15887,20.0,273.27032566392154
7009,26.0,273.27032566392154
2645,22.0,273.27032566392154
9933,99.0,273.27032566392154
21030,20.0,273.27032566392154
17299,19.0,273.27032566392154
6368,22.0,273.27032566392154
15093,27.0,273.27032566392154
17306,14.0,273.27032566392154
3513,25.0,273.27032566392154
11107,46.0,273.27032566392154
6187,19.0,273.27032566392154
11911,23201.0,273.27032566392154
13787,56.0,273.27032566392154
18750,3082.0,273.27032566392154
1929,29.0,273.27032566392154
14957,17.0,273.27032566392154
13368,27.0,273.27032566392154
14283,23.0,273.27032566392154
2537,23.0,273.27032566392154
13996,63.0,273.27032566392154
14333,26.0,273.27032566392154
8051,41.0,273.27032566392154
22135,18.0,273.27032566392154
23369,22.0,273.27032566392154
7211,15.0,273.27032566392154
21934,21.0,273.27032566392154
22535,21.0,273.27032566392154
1835,41.0,430.2900770465494
14541,61.0,273.27032566392154
14920,34.0,-1052.2821743449895
10399,25.0,389.0275760127697
235,26.0,273.27032566392154
22464,29.0,273.27032566392154
1113,14.0,273.27032566392154
11115,31.0,273.27032566392154
5159,27.0,273.27032566392154
7274,27.0,273.27032566392154
8251,12.0,273.27032566392154
754,19.0,1076.0532569916104
19765,21.0,273.27032566392154
13219,78.0,273.27032566392154
1543,43.0,273.27032566392154
16374,124.0,273.27032566392154
20598,1264.0,273.27032566392154
17199,139.0,273.27032566392154
6630,23.0,273.27032566392154
14724,23.0,-1668.7112569141027
9709,191.0,273.27032566392154
821,17.0,598.8580618134292
23384,23.0,273.27032566392154
13869,90.0,273.27032566392154
3192,48.0,273.27032566392154
9869,90.0,273.27032566392154
11309,30.0,273.27032566392154
3038,76.0,273.27032566392154
10069,28.0,273.27032566392154
19219,27.0,273.27032566392154
6936,26.0,292.11867531135795
4900,41.0,273.27032566392154
1453,190.0,273.27032566392154
12635,30.0,273.27032566392154
4333,23.0,273.27032566392154
6467,48.0,273.27032566392154
12823,23.0,273.27032566392154
17478,31.0,273.27032566392154
1667,16.0,273.27032566392154
8938,169.0,273.27032566392154
17788,22.0,273.27032566392154
1847,21.0,273.27032566392154
22792,37.0,273.27032566392154
9721,30.0,273.27032566392154
20162,20.0,273.27032566392154
8625,129.0,273.27032566392154
10923,17.0,-135.54194269079017
22917,26.0,273.27032566392154
23856,32.0,273.27032566392154
12154,95.0,273.27032566392154
5859,383.0,273.27032566392154
19046,44.0,273.27032566392154
4091,43.0,273.27032566392154
11166,37.0,273.27032566392154
19852,431.0,273.27032566392154
11806,32.0,273.27032566392154
2450,40.0,273.27032566392154
304,15.0,273.27032566392154
410,20.0,273.27032566392154
2812,64.0,273.27032566392154
22056,83.0,273.27032566392154
13403,17.0,273.27032566392154
14877,37.0,273.27032566392154
20825,35.0,273.27032566392154
23207,29.0,273.27032566392154
19886,40.0,273.27032566392154
4677,28.0,273.27032566392154
19151,28.0,273.27032566392154
22541,18.0,273.27032566392154
12751,64.0,273.27032566392154
6198,92.0,273.27032566392154
15408,19.0,273.27032566392154
14901,9466.0,273.27032566392154
649,25.0,273.27032566392154
1988,26.0,273.27032566392154
22208,20.0,273.27032566392154
1903,26.0,273.27032566392154
6850,29.0,273.27032566392154
17758,36.0,273.27032566392154
12972,14.0,273.27032566392154
4134,2595.0,273.27032566392154
21310,108.0,273.27032566392154
234,55.0,-3800.223221248598
20237,22.0,273.27032566392154
9570,30.0,273.27032566392154
22480,16.0,273.27032566392154
2555,81.0,273.27032566392154
15497,30.0,273.27032566392154
11621,1744.0,273.27032566392154
173,79.0,273.27032566392154
2682,23.0,273.27032566392154
1233,35.0,273.27032566392154
9490,31.0,273.27032566392154
6641,47.0,273.27032566392154
23711,28.0,273.27032566392154
333,64.0,273.27032566392154
12165,24.0,273.27032566392154
2266,19.0,273.27032566392154
5835,28.0,273.27032566392154
11578,18.0,273.27032566392154
2810,90.0,273.27032566392154
919,24.0,273.27032566392154
8030,28.0,273.27032566392154
13283,9323.0,273.27032566392154
19511,45.0,-750.8863526222995
1165,30.0,273.27032566392154
16904,21.0,273.27032566392154
18737,4495.0,273.27032566392154
18402,29.0,273.27032566392154
12801,32.0,273.27032566392154
10068,38.0,273.27032566392154
1711,14.0,273.27032566392154
968,23.0,273.27032566392154
6310,17.0,273.27032566392154
20967,191.0,273.27032566392154
6316,26.0,273.27032566392154
22639,27.0,273.27032566392154
7436,23.0,273.27032566392154
23893,20.0,273.27032566392154
9944,48.0,273.27032566392154
21166,18.0,273.27032566392154
20689,23.0,-3425.3202123537776
10073,36.0,273.27032566392154
10411,22.0,273.27032566392154
12357,29.0,273.27032566392154
15349,28.0,273.27032566392154
4420,24.0,273.27032566392154
1167,88.0,273.27032566392154
9918,15.0,273.27032566392154
23170,18.0,273.27032566392154
19105,29.0,273.27032566392154
6945,30.0,273.27032566392154
169,52.0,273.27032566392154
7309,18.0,273.27032566392154
4797,58.0,-1298.3535636151792
12574,43.0,273.27032566392154
22800,27.0,273.27032566392154
21218,11572.0,273.27032566392154
18773,29.0,273.27032566392154
21004,19.0,273.27032566392154
18406,30.0,273.27032566392154
14217,51.0,273.27032566392154
20067,21.0,2336.7147345331323
14245,16.0,273.27032566392154
2512,50.0,273.27032566392154
12933,22.0,273.27032566392154
14009,23.0,273.27032566392154
3339,32.0,273.27032566392154
9360,25.0,273.27032566392154
5186,26.0,273.27032566392154
21725,65.0,273.27032566392154
21221,7892.0,273.27032566392154
8991,50.0,273.27032566392154
9263,76.0,273.27032566392154
13287,5461.0,273.27032566392154
16276,15.0,273.27032566392154
3237,24.0,273.27032566392154
12231,27.0,273.27032566392154
435,30.0,273.27032566392154
4880,80.0,273.27032566392154
1783,19.0,432.0399402999901
21674,36.0,273.27032566392154
15723,51.0,273.27032566392154
15526,52.0,273.27032566392154
13365,37.0,273.27032566392154
12255,19.0,273.27032566392154
10258,30.0,273.27032566392154
13465,80.0,273.27032566392154
8210,62.0,273.27032566392154
7155,89.0,273.27032566392154
6397,128.0,273.27032566392154
21966,36.0,273.27032566392154
20227,23.0,273.27032566392154
6419,5911.0,273.27032566392154
11077,25.0,273.27032566392154
6577,47.0,273.27032566392154
10426,23.0,273.27032566392154
20484,44.0,273.27032566392154
17342,23.0,273.27032566392154
8733,21.0,273.27032566392154
23959,25.0,273.27032566392154
21999,38.0,273.27032566392154
23192,29.0,273.27032566392154
7039,25.0,-3304.4285295144655
7907,37.0,273.27032566392154
18261,26.0,273.27032566392154
12470,17.0,273.27032566392154
1486,19.0,273.27032566392154
9305,52.0,273.27032566392154
20713,26.0,273.27032566392154
7215,52.0,273.27032566392154
17256,37.0,-1271.160947226308
14715,95.0,273.27032566392154
23830,25.0,273.27032566392154
13194,16.0,273.27032566392154
23005,28.0,273.27032566392154
18013,75.0,273.27032566392154
3377,16.0,273.27032566392154
2541,20.0,273.27032566392154
1419,178.0,273.27032566392154
16070,73.0,273.27032566392154
11814,24.0,273.27032566392154
22815,22.0,273.27032566392154
21548,23.0,273.27032566392154
5779,24.0,6373.186505152742
21969,30.0,273.27032566392154
23351,27.0,273.27032566392154
4501,27.0,-2348.2069112255413
12759,70.0,273.27032566392154
16458,29.0,273.27032566392154
14880,83.0,273.27032566392154
1029,55.0,273.27032566392154
18920,32.0,273.27032566392154
1287,27.0,273.27032566392154
22599,40.0,273.27032566392154
14034,57.0,273.27032566392154
924,29.0,273.27032566392154
18584,21.0,273.27032566392154
6101,29.0,273.27032566392154
3503,26.0,273.27032566392154
885,28.0,273.27032566392154
9823,36.0,273.27032566392154
20736,18.0,273.27032566392154
12649,20.0,-1207.9656270892592
12239,324.0,273.27032566392154
534,19.0,-6745.860963686573
14139,16.0,273.27032566392154
20702,28.0,273.27032566392154
12619,18.0,273.27032566392154
1420,191.0,273.27032566392154
10072,29.0,273.27032566392154
12149,104.0,273.27032566392154
4691,45.0,273.27032566392154
15665,39.0,273.27032566392154
22425,24.0,273.27032566392154
6643,34.0,273.27032566392154
15757,18.0,273.27032566392154
22203,25.0,-1058.7472065796028
3806,5179.0,273.27032566392154
2056,13.0,273.27032566392154
17460,17.0,273.27032566392154
7911,42.0,273.27032566392154
5141,20.0,273.27032566392154
6631,25.0,273.27032566392154
15141,54.0,273.27032566392154
22717,43.0,273.27032566392154
14153,17.0,273.27032566392154
22610,22.0,273.27032566392154
11951,1871.0,273.27032566392154
12081,64.0,273.27032566392154
12321,29.0,273.27032566392154
7031,35.0,273.27032566392154
13666,34.0,220.87871507531963
9306,42.0,273.27032566392154
23868,22.0,273.27032566392154
3739,2006.0,273.27032566392154
10318,25.0,273.27032566392154
5958,30.0,273.27032566392154
3622,33.0,273.27032566392154
12407,28.0,273.27032566392154
23262,15.0,273.27032566392154
14734,40.0,273.27032566392154
10869,42.0,273.27032566392154
23617,23.0,273.27032566392154
9515,37.0,273.27032566392154
4859,27.0,273.27032566392154
14585,33.0,273.27032566392154
5212,98.0,273.27032566392154
20660,30.0,273.27032566392154
7696,25.0,273.27032566392154
17184,29.0,273.27032566392154
2129,45.0,273.27032566392154
20797,1685.0,273.27032566392154
13116,12.0,273.27032566392154
18893,32.0,273.27032566392154
20971,52.0,273.27032566392154
16274,27.0,273.27032566392154
7597,33.0,273.27032566392154
9282,18.0,-47.41655306582106
14769,25.0,273.27032566392154
6890,2004.0,273.27032566392154
1101,81.0,273.27032566392154
6439,2172.0,273.27032566392154
20160,16.0,273.27032566392154
15012,26.0,273.27032566392154
23614,32.0,273.27032566392154
13108,14.0,273.27032566392154
19923,30.0,273.27032566392154
17662,30.0,273.27032566392154
7883,50.0,273.27032566392154
1021,18.0,273.27032566392154
19926,20.0,273.27032566392154
2047,29.0,1411.0755948271253
19455,44.0,273.27032566392154
2594,37.0,273.27032566392154
10603,56.0,273.27032566392154
11892,27.0,-261.4362702558137
16594,29.0,273.27032566392154
9934,86.0,273.27032566392154
2998,22.0,273.27032566392154
8623,224.0,273.27032566392154
5825,23.0,273.27032566392154
21450,28.0,273.27032566392154
10765,43.0,273.27032566392154
16423,67.0,273.27032566392154
19802,32.0,273.27032566392154
10652,23.0,275.03120447011315
2032,55.0,273.27032566392154
2845,31.0,-799.9129902717978
3555,29.0,273.27032566392154
19768,28.0,273.27032566392154
15501,31.0,273.27032566392154
12429,25.0,273.27032566392154
5116,31.0,273.27032566392154
17229,18.0,273.27032566392154
316,24.0,273.27032566392154
12913,33.0,273.27032566392154
6639,41.0,273.27032566392154
1474,53.0,273.27032566392154
22533,22.0,273.27032566392154
10170,25.0,273.27032566392154
5475,23.0,273.27032566392154
6076,269.0,273.27032566392154
11620,1841.0,273.27032566392154
1310,21.0,702.3841905722802
11700,31.0,-4303.983491046936
5911,28.0,273.27032566392154
489,25.0,273.27032566392154
5192,19.0,273.27032566392154
17822,42.0,273.27032566392154
20968,144.0,273.27032566392154
9239,23.0,273.27032566392154
8913,12.0,273.27032566392154
2633,52.0,273.27032566392154
22179,25.0,-346.03660729076364
22763,20.0,273.27032566392154
16083,18.0,273.27032566392154
23575,43.0,273.27032566392154
8843,26.0,273.27032566392154
20608,776.0,273.27032566392154
14827,30.0,273.27032566392154
8093,51.0,273.27032566392154
1694,31.0,273.27032566392154
1631,31.0,273.27032566392154
14700,26.0,-1875.4121737284295
3967,23.0,273.27032566392154
11866,25.0,273.27032566392154
9500,17.0,273.27032566392154
16893,14.0,273.27032566392154
18143,26.0,273.27032566392154
2574,2225.0,273.27032566392154
19373,19.0,273.27032566392154
6036,22.0,273.27032566392154
3202,74.0,273.27032566392154
6669,31.0,273.27032566392154
16482,33.0,273.27032566392154
13469,15.0,273.27032566392154
10606,51.0,273.27032566392154
5861,156.0,273.27032566392154
3461,27.0,273.27032566392154
3529,194.0,273.27032566392154
13836,30.0,273.27032566392154
3813,712.0,273.27032566392154
2680,23.0,273.27032566392154
10541,54.0,273.27032566392154
1304,14.0,273.27032566392154
16795,25.0,273.27032566392154
21853,26.0,273.27032566392154
21894,31.0,-1140.6966312958102
8276,605.0,273.27032566392154
23451,29.0,273.27032566392154
22536,20.0,273.27032566392154
21747,21.0,273.27032566392154
6559,36.0,273.27032566392154
11410,51.0,273.27032566392154
17827,15.0,273.27032566392154
6387,61.0,273.27032566392154
5771,23.0,-614.7181543685147
19613,47.0,273.27032566392154
4551,87.0,273.27032566392154
10789,21.0,273.27032566392154
18944,782.0,273.27032566392154
23318,28.0,273.27032566392154
7578,31.0,-1746.0722721517814
22706,28.0,273.27032566392154
3660,226.0,273.27032566392154
18978,76.0,273.27032566392154
9519,23.0,273.27032566392154
1,23.0,-390.7532676390547
23239,27.0,273.27032566392154
15341,362.0,273.27032566392154
23542,17.0,273.27032566392154
15004,2477.0,273.27032566392154
10301,21.0,273.27032566392154
6756,33.0,273.27032566392154
1445,82.0,273.27032566392154
13998,48.0,273.27032566392154
5122,35.0,273.27032566392154
14893,2325.0,273.27032566392154
5742,34.0,273.27032566392154
4122,407.0,273.27032566392154
11717,55.0,273.27032566392154
6776,14.0,273.27032566392154
11744,47.0,273.27032566392154
1054,24.0,273.27032566392154
1648,22.0,273.27032566392154
22853,21.0,273.27032566392154
23637,21.0,273.27032566392154
13125,690.0,273.27032566392154
17816,52.0,273.27032566392154
15841,25.0,273.27032566392154
8971,63.0,273.27032566392154
4413,17.0,273.27032566392154
14079,254.0,273.27032566392154
2557,58.0,273.27032566392154
22870,23.0,273.27032566392154
1303,12.0,273.27032566392154
15298,37.0,273.27032566392154
5275,24.0,273.27032566392154
19618,54.0,273.27032566392154
16553,37.0,273.27032566392154
14350,18.0,273.27032566392154
14695,38.0,273.27032566392154
8367,22.0,273.27032566392154
6254,103.0,273.27032566392154
2708,33.0,273.27032566392154
8056,51.0,-1037.7565033537103
2367,68.0,273.27032566392154
21993,59.0,273.27032566392154
6700,19.0,273.27032566392154
15785,150.0,273.27032566392154
2625,144.0,273.27032566392154
4823,40.0,273.27032566392154
2330,24.0,273.27032566392154
20969,105.0,273.27032566392154
14909,40.0,273.27032566392154
23249,20.0,273.27032566392154
4475,31.0,273.27032566392154
8701,56.0,273.27032566392154
4098,18.0,273.27032566392154
8397,37.0,273.27032566392154
5879,24.0,273.27032566392154
5980,19.0,273.27032566392154
14999,1561.0,273.27032566392154
13940,299.0,273.27032566392154
21066,22.0,273.27032566392154
22722,60.0,273.27032566392154
1435,22.0,273.27032566392154
23559,31.0,273.27032566392154
3201,119.0,273.27032566392154
10774,95.0,-1923.162965447118
4789,20.0,273.27032566392154
21360,23.0,273.27032566392154
22211,38.0,273.27032566392154
22472,22.0,273.27032566392154
17954,51.0,273.27032566392154
549,37.0,273.27032566392154
23372,21.0,273.27032566392154
10343,34.0,273.27032566392154
15002,1938.0,273.27032566392154
18876,139.0,273.27032566392154
23257,20.0,273.27032566392154
3435,24.0,273.27032566392154
8330,135.0,273.27032566392154
10147,20.0,273.27032566392154
9674,28.0,273.27032566392154
16014,16.0,273.27032566392154
19717,21.0,273.27032566392154
3860,21.0,273.27032566392154
17949,46.0,273.27032566392154
