,y_test,prediction
6818,28.0,23.359266648464192
16320,20.0,23.359266648464192
603,19.0,23.359266648464192
10560,24.0,23.359266648464192
8060,27.0,23.359266648464192
17012,25.0,23.359266648464192
5471,24.0,23.359266648464192
1575,27.0,23.359266648464192
1569,24.0,23.359266648464192
8637,21.0,23.359266648464192
17645,21.0,23.359266648464192
13411,20.0,23.359266648464192
16582,25.0,23.359266648464192
22875,26.0,23.359266648464192
15,22.0,23.359266648464192
3652,23.0,23.359266648464192
11726,28.0,23.359266648464192
18948,24.0,23.359266648464192
23323,22.0,23.359266648464192
22484,25.0,23.359266648464192
6806,24.0,23.359266648464192
1816,25.0,23.359266648464192
6267,20.0,23.359266648464192
