,y_test,prediction
6818,28.0,23.37253201885392
16320,20.0,23.37253201885392
603,19.0,23.37253201885392
10560,24.0,23.37253201885392
8060,27.0,23.37253201885392
17012,25.0,23.37253201885392
5471,24.0,23.37253201885392
1575,27.0,23.37253201885392
1569,24.0,23.37253201885392
8637,21.0,23.37253201885392
17645,21.0,23.37253201885392
13411,20.0,23.37253201885392
16582,25.0,23.37253201885392
22875,26.0,23.37253201885392
15,22.0,23.37253201885392
3652,23.0,23.37253201885392
11726,28.0,23.37253201885392
18948,24.0,23.37253201885392
23323,22.0,23.37253201885392
22484,25.0,23.37253201885392
6806,24.0,23.37253201885392
1816,25.0,23.37253201885392
6267,20.0,23.37253201885392
