,y_test,prediction
13431,5.0,32.971512891155015
14541,4.0,32.971512891155015
6391,24.0,32.971512891155015
14388,5.0,32.971512891155015
3136,14.0,32.971512891155015
3284,51.0,32.971512891155015
19655,10.0,32.971512891155015
16582,7.0,32.971512891155015
20860,3.0,10.28
23276,37.0,32.971512891155015
22106,290.0,32.971512891155015
20003,3.0,32.971512891155015
18786,5.0,32.971512891155015
22899,6.0,32.971512891155015
13201,6.0,32.971512891155015
2969,10.0,32.971512891155015
21836,396.0,32.971512891155015
5636,22.0,32.971512891155015
22061,129.0,32.971512891155015
3679,15.0,32.971512891155015
20815,7.0,32.971512891155015
12278,444.0,32.971512891155015
11746,7.0,32.971512891155015
4069,5.0,32.971512891155015
23811,46.0,32.971512891155015
14218,21.0,32.971512891155015
21531,3.0,32.971512891155015
9113,16.0,32.971512891155015
21362,4.0,32.971512891155015
16297,219.0,32.971512891155015
11922,110.0,32.971512891155015
9090,16.0,32.971512891155015
4666,9.0,8.72
13429,7.0,32.971512891155015
15185,12.0,32.971512891155015
2570,49.0,32.971512891155015
23559,4.0,32.971512891155015
8976,12.0,32.971512891155015
5631,24.0,32.971512891155015
9943,7.0,32.971512891155015
15188,10.0,32.971512891155015
8313,12.0,32.971512891155015
11294,22.0,32.971512891155015
17306,8.0,32.971512891155015
22821,9.0,32.971512891155015
4332,14.0,32.971512891155015
11249,21.0,32.971512891155015
7856,77.0,32.971512891155015
4552,88.0,32.971512891155015
4903,11.0,32.971512891155015
11350,6.0,32.971512891155015
13125,162.0,32.971512891155015
22559,5.0,32.971512891155015
19464,50.0,32.971512891155015
23929,4.0,32.971512891155015
11066,4.0,32.971512891155015
9980,6.0,32.971512891155015
7566,10.0,32.971512891155015
2574,67.0,32.971512891155015
15779,121.0,32.971512891155015
1122,4.0,32.971512891155015
10036,8.0,32.971512891155015
23457,6.0,32.971512891155015
4917,4.0,32.971512891155015
4744,13.0,32.971512891155015
12197,8.0,32.971512891155015
19709,7.0,8.62
1501,11.0,7.86
14738,34.0,32.971512891155015
4394,7.0,32.971512891155015
4266,8.0,32.971512891155015
18593,15.0,32.971512891155015
4478,9.0,32.971512891155015
3285,51.0,32.971512891155015
11919,108.0,32.971512891155015
20788,36.0,32.971512891155015
2811,6.0,32.971512891155015
22511,6.0,32.971512891155015
20877,8.0,32.971512891155015
6835,4.0,32.971512891155015
13738,9.0,32.971512891155015
3535,68.0,32.971512891155015
18027,5.0,32.971512891155015
10143,5.0,32.971512891155015
7911,248.0,32.971512891155015
9121,8.0,32.971512891155015
22009,9.0,32.971512891155015
15631,129.0,32.971512891155015
18094,5.0,32.971512891155015
22951,12.0,32.971512891155015
19802,23.0,32.971512891155015
210,3.0,32.971512891155015
8503,6.0,32.971512891155015
403,4.0,32.971512891155015
5210,3.0,32.971512891155015
14997,119.0,32.971512891155015
3405,7.0,18.73763465578107
17025,6.0,32.971512891155015
10804,18.0,32.971512891155015
15077,10.0,32.971512891155015
10739,20.0,32.971512891155015
21619,35.0,32.971512891155015
2575,71.0,32.971512891155015
18776,4.0,32.971512891155015
5835,12.0,32.971512891155015
15184,12.0,32.971512891155015
20024,159.0,32.971512891155015
18190,9.0,32.971512891155015
16322,24.0,14.22
22387,7.0,32.971512891155015
2631,6.0,32.971512891155015
20286,7.0,32.971512891155015
9384,7.0,32.971512891155015
14527,3.0,32.971512891155015
4258,7.0,32.971512891155015
16655,11.0,32.971512891155015
17299,11.0,32.971512891155015
10119,3.0,32.971512891155015
21360,5.0,32.971512891155015
14873,17.0,32.971512891155015
22613,4.0,32.971512891155015
12768,187.0,32.971512891155015
4638,4.0,32.971512891155015
16593,5.0,32.971512891155015
19300,9.0,32.971512891155015
5881,9.0,10.749514245679588
8917,4.0,32.971512891155015
15447,3.0,32.971512891155015
21015,6.0,32.971512891155015
196,87.0,32.971512891155015
21755,14.0,32.971512891155015
19151,8.0,32.971512891155015
20087,11.0,32.971512891155015
13479,9.0,10.13
11627,459.0,32.971512891155015
1428,604.0,32.971512891155015
2480,9.0,32.971512891155015
22397,4.0,32.971512891155015
13135,197.0,32.971512891155015
12808,4.0,32.971512891155015
15001,173.0,32.971512891155015
8691,9.0,32.971512891155015
23524,7.0,32.971512891155015
11629,473.0,32.971512891155015
1524,9.0,32.971512891155015
22450,13.0,32.971512891155015
455,4.0,32.971512891155015
5713,6.0,32.971512891155015
393,4.0,32.971512891155015
8895,33.0,32.971512891155015
19868,5.0,32.971512891155015
283,213.0,32.971512891155015
8015,4.0,10.16
10760,4.0,32.971512891155015
9209,12.0,32.971512891155015
15869,8.0,32.971512891155015
489,9.0,32.971512891155015
23036,3.0,32.971512891155015
3723,15.0,32.971512891155015
7897,87.0,32.971512891155015
8189,44.0,32.971512891155015
23403,6.0,32.971512891155015
21215,65.0,32.971512891155015
23594,79.0,32.971512891155015
20179,429.0,32.971512891155015
7480,4.0,32.971512891155015
11012,8.0,32.971512891155015
2541,6.0,32.971512891155015
12418,10.0,32.971512891155015
2014,7.0,32.971512891155015
4879,253.0,32.971512891155015
4871,13.0,16.28
21018,6.0,32.971512891155015
15181,8.0,32.971512891155015
20308,4.0,32.971512891155015
19730,6.0,32.971512891155015
14872,29.0,14.32
13287,65.0,32.971512891155015
9820,5.0,32.971512891155015
12275,414.0,32.971512891155015
279,205.0,32.971512891155015
14034,43.0,32.971512891155015
16627,8.0,32.971512891155015
12631,7.0,32.971512891155015
7832,14.0,32.971512891155015
8076,19.0,32.971512891155015
23094,10.0,32.971512891155015
23798,2.0,32.971512891155015
23700,11.0,32.971512891155015
10111,17.0,32.971512891155015
15343,26.0,32.971512891155015
537,29.0,32.971512891155015
6243,9.0,32.971512891155015
1420,448.0,32.971512891155015
19222,10.0,32.971512891155015
14372,8.0,32.971512891155015
10022,4.0,32.971512891155015
1690,5.0,32.971512891155015
4379,6.0,32.971512891155015
23536,4.0,32.971512891155015
12285,475.0,32.971512891155015
6895,9.0,32.971512891155015
10233,99.0,32.971512891155015
8821,6.0,32.971512891155015
21966,13.0,32.971512891155015
4615,5.0,32.971512891155015
9273,20.0,32.971512891155015
16606,3.0,32.971512891155015
16596,5.0,32.971512891155015
14524,5.0,32.971512891155015
10536,4.0,32.971512891155015
15037,47.0,32.971512891155015
21603,3.0,9.74
19136,7.0,32.971512891155015
7152,62.0,32.971512891155015
21987,7.0,32.971512891155015
18620,5.0,7.59
3598,5.0,10.23
4363,3.0,32.971512891155015
20597,219.0,32.971512891155015
22623,69.0,32.971512891155015
10642,4.0,7.08
16261,11.0,32.971512891155015
23493,3.0,32.971512891155015
20214,10.0,10.83
23241,6.0,32.971512891155015
15244,8.0,32.971512891155015
427,7.0,32.971512891155015
11528,7.0,32.971512891155015
3270,8.0,32.971512891155015
20890,9.0,32.971512891155015
3322,3.0,32.971512891155015
360,2.0,32.971512891155015
16045,6.0,32.971512891155015
20676,4.0,32.971512891155015
4610,4.0,32.971512891155015
13743,6.0,32.971512891155015
11185,9.0,32.971512891155015
2586,17.0,32.971512891155015
680,7.0,32.971512891155015
11861,14.0,32.971512891155015
17434,10.0,9.28
11898,11.0,32.971512891155015
16681,3.0,32.971512891155015
10343,4.0,32.971512891155015
6079,4.0,32.971512891155015
6684,3.0,32.971512891155015
17698,13.0,32.971512891155015
18582,5.0,32.971512891155015
11911,69.0,32.971512891155015
21254,4.0,32.971512891155015
8516,15.0,32.971512891155015
901,3.0,32.971512891155015
23014,17.0,32.971512891155015
16518,22.0,32.971512891155015
4880,258.0,32.971512891155015
3288,90.0,32.971512891155015
3183,4.0,32.971512891155015
19373,4.0,32.971512891155015
22590,7.0,32.971512891155015
21643,12.0,32.971512891155015
13507,13.0,8.8
11750,6.0,32.971512891155015
13283,63.0,32.971512891155015
14283,4.0,32.971512891155015
22776,24.0,32.971512891155015
8559,5.0,32.971512891155015
19920,16.0,32.971512891155015
6344,7.0,32.971512891155015
1947,4.0,32.971512891155015
3323,4.0,32.971512891155015
23068,6.0,32.971512891155015
3715,70.0,32.971512891155015
23744,4.0,32.971512891155015
21353,7.0,19.49
13830,5.0,32.971512891155015
13611,7.0,32.971512891155015
8558,4.0,32.971512891155015
18079,3.0,32.971512891155015
2444,8.0,32.971512891155015
4131,22.0,32.971512891155015
3565,13.0,32.971512891155015
9674,4.0,32.971512891155015
13852,427.0,32.971512891155015
22433,8.0,32.971512891155015
23293,5.0,32.971512891155015
8173,463.0,32.971512891155015
20585,13.0,32.971512891155015
13573,3.0,32.971512891155015
21633,4.0,32.971512891155015
19957,13.0,8.42
195,38.0,32.971512891155015
19923,12.0,32.971512891155015
7035,4.0,32.971512891155015
6144,10.0,32.971512891155015
17304,10.0,32.971512891155015
10839,3.0,32.971512891155015
12283,516.0,32.971512891155015
1453,18.0,32.971512891155015
1398,6.0,32.971512891155015
13771,3.0,32.971512891155015
277,242.0,32.971512891155015
507,5.0,32.971512891155015
15002,220.0,32.971512891155015
14715,6.0,32.971512891155015
2287,3.0,32.971512891155015
12709,3.0,32.971512891155015
3534,76.0,21.1
7690,21.0,32.971512891155015
20677,3.0,32.971512891155015
10165,3.0,32.971512891155015
22743,10.0,32.971512891155015
23284,5.0,32.971512891155015
1169,12.0,32.971512891155015
4097,6.0,32.971512891155015
4137,19.0,32.971512891155015
19054,12.0,32.971512891155015
11074,3.0,32.971512891155015
22498,5.0,32.971512891155015
7822,27.0,32.971512891155015
1088,27.0,32.971512891155015
6428,181.0,32.971512891155015
20034,20.0,32.971512891155015
7910,222.0,32.971512891155015
15721,207.0,32.971512891155015
11316,15.0,32.971512891155015
14374,9.0,32.971512891155015
23787,5.0,32.971512891155015
13369,10.0,32.971512891155015
6280,5.0,32.971512891155015
8683,14.0,32.971512891155015
1814,9.0,7.28
14492,8.0,32.971512891155015
8988,8.0,32.971512891155015
3621,7.0,32.971512891155015
1417,342.0,32.971512891155015
17768,11.0,32.971512891155015
5301,10.0,32.971512891155015
22109,238.0,32.971512891155015
10337,30.0,13.98
22536,3.0,32.971512891155015
20576,66.0,32.971512891155015
6435,134.0,32.971512891155015
2556,36.0,32.971512891155015
1236,5.0,32.971512891155015
3739,108.0,32.971512891155015
2205,50.0,32.971512891155015
2200,83.0,32.971512891155015
3513,4.0,32.971512891155015
22152,3.0,32.971512891155015
22102,258.0,32.971512891155015
9332,80.0,32.971512891155015
18839,25.0,32.971512891155015
13586,4.0,32.971512891155015
19219,6.0,32.971512891155015
14574,6.0,32.971512891155015
21024,7.0,32.971512891155015
2130,7.0,32.971512891155015
20647,16.0,32.971512891155015
16896,9.0,32.971512891155015
3806,11.0,32.971512891155015
8699,10.0,32.971512891155015
13530,6.0,32.971512891155015
2114,11.0,32.971512891155015
23273,9.0,32.971512891155015
7523,53.0,32.971512891155015
7907,194.0,32.971512891155015
1380,7.0,32.971512891155015
15974,209.0,32.971512891155015
16303,219.0,32.971512891155015
6440,7.0,32.971512891155015
2404,12.0,32.971512891155015
20146,6.0,32.971512891155015
4333,10.0,32.971512891155015
10654,8.0,32.971512891155015
4001,6.0,32.971512891155015
1089,17.0,32.971512891155015
19188,12.0,32.971512891155015
18141,11.0,32.971512891155015
6589,5.0,32.971512891155015
2948,6.0,32.971512891155015
21179,7.0,32.971512891155015
18661,4.0,32.971512891155015
22052,200.0,32.971512891155015
5796,18.0,32.971512891155015
3287,53.0,32.971512891155015
7698,10.0,32.971512891155015
6334,23.0,32.971512891155015
21688,4.0,32.971512891155015
23565,8.0,32.971512891155015
6477,10.0,32.971512891155015
8511,14.0,32.971512891155015
12478,3.0,32.971512891155015
1676,8.0,32.971512891155015
17139,8.0,32.971512891155015
15708,15.0,32.971512891155015
2935,4.0,32.971512891155015
10838,4.0,32.971512891155015
5389,4.0,32.971512891155015
6551,9.0,32.971512891155015
18236,3.0,32.971512891155015
12763,165.0,32.971512891155015
5825,13.0,32.971512891155015
11633,5.0,9.84
728,9.0,32.971512891155015
8985,10.0,32.971512891155015
11951,68.0,32.971512891155015
13368,12.0,32.971512891155015
22184,3.0,32.971512891155015
2633,5.0,32.971512891155015
12024,23.0,32.971512891155015
16827,6.0,32.971512891155015
9039,9.0,32.971512891155015
14994,108.0,32.971512891155015
3899,6.0,32.971512891155015
6944,26.0,32.971512891155015
19240,3.0,32.971512891155015
18623,4.0,27.55
9944,7.0,32.971512891155015
1539,7.0,32.971512891155015
9589,12.0,32.971512891155015
5234,3.0,32.971512891155015
2397,16.0,32.971512891155015
2040,3.0,32.971512891155015
21766,4.0,32.971512891155015
14751,4.0,32.971512891155015
6138,13.0,32.971512891155015
19416,5.0,11.74
3999,6.0,32.971512891155015
11560,5.0,32.971512891155015
6112,8.0,32.971512891155015
549,10.0,32.971512891155015
20760,131.0,32.971512891155015
18143,7.0,32.971512891155015
4965,5.0,32.971512891155015
4472,12.0,32.971512891155015
8373,7.0,6.87
18344,13.0,32.971512891155015
23105,5.0,32.971512891155015
20971,18.0,32.971512891155015
22228,6.0,32.971512891155015
20600,227.0,32.971512891155015
706,4.0,32.971512891155015
16901,7.0,32.971512891155015
13627,4.0,11.98
10600,7.0,32.971512891155015
10113,16.0,32.971512891155015
22104,296.0,32.971512891155015
12214,17.0,32.971512891155015
20473,12.0,32.971512891155015
11566,4.0,32.971512891155015
20013,125.0,32.971512891155015
17743,5.0,32.971512891155015
1886,13.0,32.971512891155015
1929,8.0,32.971512891155015
22790,4.0,32.971512891155015
2060,5.0,32.971512891155015
742,6.0,32.971512891155015
330,14.0,32.971512891155015
13469,6.0,32.971512891155015
7215,8.0,32.971512891155015
8056,6.0,7.99
6168,9.0,32.971512891155015
6825,4.0,32.971512891155015
4133,21.0,32.971512891155015
15947,10.0,32.971512891155015
12067,10.0,32.971512891155015
4135,16.0,32.971512891155015
8406,14.0,32.971512891155015
12229,5.0,32.971512891155015
3743,114.0,32.971512891155015
4633,9.0,32.971512891155015
5861,47.0,32.971512891155015
5627,9.0,32.971512891155015
15378,16.0,32.971512891155015
21580,9.0,32.971512891155015
3912,7.0,32.971512891155015
9227,10.0,32.971512891155015
12958,13.0,32.971512891155015
1694,11.0,32.971512891155015
16648,12.0,32.971512891155015
6897,11.0,32.971512891155015
22848,7.0,32.971512891155015
3415,14.0,32.971512891155015
10012,5.0,32.971512891155015
2555,53.0,32.971512891155015
23711,8.0,32.971512891155015
18539,5.0,32.971512891155015
22580,11.0,32.971512891155015
4546,145.0,32.971512891155015
21694,3.0,32.971512891155015
21309,12.0,32.971512891155015
21031,8.0,32.971512891155015
1804,6.0,32.971512891155015
4952,6.0,32.971512891155015
11937,67.0,32.971512891155015
12201,6.0,32.971512891155015
7306,14.0,32.971512891155015
20780,5.0,32.971512891155015
15008,245.0,32.971512891155015
5851,26.0,32.971512891155015
16790,14.0,32.971512891155015
6437,124.0,32.971512891155015
20703,3.0,32.971512891155015
21338,17.0,32.971512891155015
5651,8.0,32.971512891155015
11423,5.0,32.971512891155015
19165,6.0,32.971512891155015
11519,6.0,32.971512891155015
10917,195.0,32.971512891155015
19194,10.0,32.971512891155015
9084,6.0,22.19
14729,5.0,32.971512891155015
8528,8.0,32.971512891155015
23987,4.0,32.971512891155015
11742,12.0,32.971512891155015
9229,5.0,12.71
6656,7.0,32.971512891155015
23399,9.0,32.971512891155015
2875,65.0,32.971512891155015
13262,10.0,32.971512891155015
2137,49.0,32.971512891155015
22970,23.0,32.971512891155015
23025,7.0,32.971512891155015
8445,7.0,32.971512891155015
9931,3.0,32.971512891155015
19671,5.0,32.971512891155015
21263,7.0,13.73
15198,5.0,32.971512891155015
22609,5.0,32.971512891155015
22055,210.0,32.971512891155015
18918,10.0,32.971512891155015
3713,6.0,32.971512891155015
3725,11.0,32.971512891155015
18023,10.0,32.971512891155015
14316,6.0,32.971512891155015
3038,67.0,32.971512891155015
22555,4.0,32.971512891155015
13281,62.0,32.971512891155015
18725,7.0,32.971512891155015
14830,5.0,32.971512891155015
10501,9.0,32.971512891155015
14957,7.0,32.971512891155015
17841,7.0,32.971512891155015
8729,13.0,32.971512891155015
6575,4.0,32.971512891155015
19191,29.0,32.971512891155015
18650,8.0,32.971512891155015
8733,11.0,32.971512891155015
4467,9.0,32.971512891155015
18049,13.0,32.971512891155015
16411,38.0,32.971512891155015
11917,84.0,32.971512891155015
17053,6.0,32.971512891155015
12689,3.0,32.971512891155015
10981,12.0,32.971512891155015
23314,6.0,32.971512891155015
10583,8.0,32.971512891155015
16330,39.0,32.971512891155015
12910,12.0,32.971512891155015
23376,3.0,32.971512891155015
3563,7.0,32.971512891155015
5340,8.0,32.971512891155015
1994,14.0,32.971512891155015
6539,5.0,32.971512891155015
735,8.0,32.971512891155015
15531,4.0,32.971512891155015
1335,68.0,32.971512891155015
15788,7.0,32.971512891155015
2065,6.0,32.971512891155015
14891,35.0,32.971512891155015
11912,72.0,35.49
