,y_test,prediction
13431,5.0,32.94922355700645
14541,4.0,32.94922355700645
6391,24.0,32.94922355700645
14388,5.0,32.94922355700645
3136,14.0,32.94922355700645
3284,51.0,32.94922355700645
19655,10.0,32.94922355700645
16582,7.0,32.94922355700645
20860,3.0,21.480498459169397
23276,37.0,32.94922355700645
22106,290.0,32.94922355700645
20003,3.0,32.94922355700645
18786,5.0,32.94922355700645
22899,6.0,32.94922355700645
13201,6.0,32.94922355700645
2969,10.0,32.94922355700645
21836,396.0,32.94922355700645
5636,22.0,32.94922355700645
22061,129.0,32.94922355700645
3679,15.0,32.94922355700645
20815,7.0,32.94922355700645
12278,444.0,32.94922355700645
11746,7.0,32.94922355700645
4069,5.0,32.94922355700645
23811,46.0,32.94922355700645
14218,21.0,32.94922355700645
21531,3.0,32.94922355700645
9113,16.0,32.94922355700645
21362,4.0,32.94922355700645
16297,219.0,32.94922355700645
11922,110.0,32.94922355700645
9090,16.0,32.94922355700645
4666,9.0,10.716628272625911
13429,7.0,32.94922355700645
15185,12.0,32.94922355700645
2570,49.0,32.94922355700645
23559,4.0,32.94922355700645
8976,12.0,32.94922355700645
5631,24.0,32.94922355700645
9943,7.0,32.94922355700645
15188,10.0,32.94922355700645
8313,12.0,32.94922355700645
11294,22.0,32.94922355700645
17306,8.0,32.94922355700645
22821,9.0,32.94922355700645
4332,14.0,32.94922355700645
11249,21.0,32.94922355700645
7856,77.0,32.94922355700645
4552,88.0,32.94922355700645
4903,11.0,32.94922355700645
11350,6.0,32.94922355700645
13125,162.0,32.94922355700645
22559,5.0,32.94922355700645
19464,50.0,32.94922355700645
23929,4.0,32.94922355700645
11066,4.0,32.94922355700645
9980,6.0,32.94922355700645
7566,10.0,32.94922355700645
2574,67.0,32.94922355700645
15779,121.0,32.94922355700645
1122,4.0,32.94922355700645
10036,8.0,32.94922355700645
23457,6.0,32.94922355700645
4917,4.0,32.94922355700645
4744,13.0,32.94922355700645
12197,8.0,32.94922355700645
19709,7.0,5.90984695070415
1501,11.0,41.003633710305294
14738,34.0,32.94922355700645
4394,7.0,32.94922355700645
4266,8.0,32.94922355700645
18593,15.0,32.94922355700645
4478,9.0,32.94922355700645
3285,51.0,32.94922355700645
11919,108.0,32.94922355700645
20788,36.0,32.94922355700645
2811,6.0,32.94922355700645
22511,6.0,32.94922355700645
20877,8.0,32.94922355700645
6835,4.0,32.94922355700645
13738,9.0,32.94922355700645
3535,68.0,32.94922355700645
18027,5.0,32.94922355700645
10143,5.0,32.94922355700645
7911,248.0,32.94922355700645
9121,8.0,32.94922355700645
22009,9.0,32.94922355700645
15631,129.0,32.94922355700645
18094,5.0,32.94922355700645
22951,12.0,32.94922355700645
19802,23.0,32.94922355700645
210,3.0,32.94922355700645
8503,6.0,32.94922355700645
403,4.0,32.94922355700645
5210,3.0,32.94922355700645
14997,119.0,32.94922355700645
3405,7.0,9.276499120709218
17025,6.0,32.94922355700645
10804,18.0,32.94922355700645
15077,10.0,32.94922355700645
10739,20.0,32.94922355700645
21619,35.0,32.94922355700645
2575,71.0,32.94922355700645
18776,4.0,32.94922355700645
5835,12.0,32.94922355700645
15184,12.0,32.94922355700645
20024,159.0,32.94922355700645
18190,9.0,32.94922355700645
16322,24.0,30.865272330733987
22387,7.0,32.94922355700645
2631,6.0,32.94922355700645
20286,7.0,32.94922355700645
9384,7.0,32.94922355700645
14527,3.0,32.94922355700645
4258,7.0,32.94922355700645
16655,11.0,32.94922355700645
17299,11.0,32.94922355700645
10119,3.0,32.94922355700645
21360,5.0,32.94922355700645
14873,17.0,32.94922355700645
22613,4.0,32.94922355700645
12768,187.0,32.94922355700645
4638,4.0,32.94922355700645
16593,5.0,32.94922355700645
19300,9.0,32.94922355700645
5881,9.0,28.70467342934255
8917,4.0,32.94922355700645
15447,3.0,32.94922355700645
21015,6.0,32.94922355700645
196,87.0,32.94922355700645
21755,14.0,32.94922355700645
19151,8.0,32.94922355700645
20087,11.0,32.94922355700645
13479,9.0,16.065639399628836
11627,459.0,32.94922355700645
1428,604.0,32.94922355700645
2480,9.0,32.94922355700645
22397,4.0,32.94922355700645
13135,197.0,32.94922355700645
12808,4.0,32.94922355700645
15001,173.0,32.94922355700645
8691,9.0,32.94922355700645
23524,7.0,32.94922355700645
11629,473.0,32.94922355700645
1524,9.0,32.94922355700645
22450,13.0,32.94922355700645
455,4.0,32.94922355700645
5713,6.0,32.94922355700645
393,4.0,32.94922355700645
8895,33.0,32.94922355700645
19868,5.0,32.94922355700645
283,213.0,32.94922355700645
8015,4.0,4.428564423368883
10760,4.0,32.94922355700645
9209,12.0,32.94922355700645
15869,8.0,32.94922355700645
489,9.0,32.94922355700645
23036,3.0,32.94922355700645
3723,15.0,32.94922355700645
7897,87.0,32.94922355700645
8189,44.0,32.94922355700645
23403,6.0,32.94922355700645
21215,65.0,32.94922355700645
23594,79.0,32.94922355700645
20179,429.0,32.94922355700645
7480,4.0,32.94922355700645
11012,8.0,32.94922355700645
2541,6.0,32.94922355700645
12418,10.0,32.94922355700645
2014,7.0,32.94922355700645
4879,253.0,32.94922355700645
4871,13.0,33.53217133928007
21018,6.0,32.94922355700645
15181,8.0,32.94922355700645
20308,4.0,32.94922355700645
19730,6.0,32.94922355700645
14872,29.0,13.491419298548152
13287,65.0,32.94922355700645
9820,5.0,32.94922355700645
12275,414.0,32.94922355700645
279,205.0,32.94922355700645
14034,43.0,32.94922355700645
16627,8.0,32.94922355700645
12631,7.0,32.94922355700645
7832,14.0,32.94922355700645
8076,19.0,32.94922355700645
23094,10.0,32.94922355700645
23798,2.0,32.94922355700645
23700,11.0,32.94922355700645
10111,17.0,32.94922355700645
15343,26.0,32.94922355700645
537,29.0,32.94922355700645
6243,9.0,32.94922355700645
1420,448.0,32.94922355700645
19222,10.0,32.94922355700645
14372,8.0,32.94922355700645
10022,4.0,32.94922355700645
1690,5.0,32.94922355700645
4379,6.0,32.94922355700645
23536,4.0,32.94922355700645
12285,475.0,32.94922355700645
6895,9.0,32.94922355700645
10233,99.0,32.94922355700645
8821,6.0,32.94922355700645
21966,13.0,32.94922355700645
4615,5.0,32.94922355700645
9273,20.0,32.94922355700645
16606,3.0,32.94922355700645
16596,5.0,32.94922355700645
14524,5.0,32.94922355700645
10536,4.0,32.94922355700645
15037,47.0,32.94922355700645
21603,3.0,10.492877655527039
19136,7.0,32.94922355700645
7152,62.0,32.94922355700645
21987,7.0,32.94922355700645
18620,5.0,2.566581064638612
3598,5.0,-14.285633226797458
4363,3.0,32.94922355700645
20597,219.0,32.94922355700645
22623,69.0,32.94922355700645
10642,4.0,7.512757728367106
16261,11.0,32.94922355700645
23493,3.0,32.94922355700645
20214,10.0,1.0257555071687676
23241,6.0,32.94922355700645
15244,8.0,32.94922355700645
427,7.0,32.94922355700645
11528,7.0,32.94922355700645
3270,8.0,32.94922355700645
20890,9.0,32.94922355700645
3322,3.0,32.94922355700645
360,2.0,32.94922355700645
16045,6.0,32.94922355700645
20676,4.0,32.94922355700645
4610,4.0,32.94922355700645
13743,6.0,32.94922355700645
11185,9.0,32.94922355700645
2586,17.0,32.94922355700645
680,7.0,32.94922355700645
11861,14.0,32.94922355700645
17434,10.0,10.606893841395404
11898,11.0,32.94922355700645
16681,3.0,32.94922355700645
10343,4.0,32.94922355700645
6079,4.0,32.94922355700645
6684,3.0,32.94922355700645
17698,13.0,32.94922355700645
18582,5.0,32.94922355700645
11911,69.0,32.94922355700645
21254,4.0,32.94922355700645
8516,15.0,32.94922355700645
901,3.0,32.94922355700645
23014,17.0,32.94922355700645
16518,22.0,32.94922355700645
4880,258.0,32.94922355700645
3288,90.0,32.94922355700645
3183,4.0,32.94922355700645
19373,4.0,32.94922355700645
22590,7.0,32.94922355700645
21643,12.0,32.94922355700645
13507,13.0,10.404598074467614
11750,6.0,32.94922355700645
13283,63.0,32.94922355700645
14283,4.0,32.94922355700645
22776,24.0,32.94922355700645
8559,5.0,32.94922355700645
19920,16.0,32.94922355700645
6344,7.0,32.94922355700645
1947,4.0,32.94922355700645
3323,4.0,32.94922355700645
23068,6.0,32.94922355700645
3715,70.0,32.94922355700645
23744,4.0,32.94922355700645
21353,7.0,-3.0289465913287614
13830,5.0,32.94922355700645
13611,7.0,32.94922355700645
8558,4.0,32.94922355700645
18079,3.0,32.94922355700645
2444,8.0,32.94922355700645
4131,22.0,32.94922355700645
3565,13.0,32.94922355700645
9674,4.0,32.94922355700645
13852,427.0,32.94922355700645
22433,8.0,32.94922355700645
23293,5.0,32.94922355700645
8173,463.0,32.94922355700645
20585,13.0,32.94922355700645
13573,3.0,32.94922355700645
21633,4.0,32.94922355700645
19957,13.0,4.037809952350287
195,38.0,32.94922355700645
19923,12.0,32.94922355700645
7035,4.0,32.94922355700645
6144,10.0,32.94922355700645
17304,10.0,32.94922355700645
10839,3.0,32.94922355700645
12283,516.0,32.94922355700645
1453,18.0,32.94922355700645
1398,6.0,32.94922355700645
13771,3.0,32.94922355700645
277,242.0,32.94922355700645
507,5.0,32.94922355700645
15002,220.0,32.94922355700645
14715,6.0,32.94922355700645
2287,3.0,32.94922355700645
12709,3.0,32.94922355700645
3534,76.0,45.402329972845266
7690,21.0,32.94922355700645
20677,3.0,32.94922355700645
10165,3.0,32.94922355700645
22743,10.0,32.94922355700645
23284,5.0,32.94922355700645
1169,12.0,32.94922355700645
4097,6.0,32.94922355700645
4137,19.0,32.94922355700645
19054,12.0,32.94922355700645
11074,3.0,32.94922355700645
22498,5.0,32.94922355700645
7822,27.0,32.94922355700645
1088,27.0,32.94922355700645
6428,181.0,32.94922355700645
20034,20.0,32.94922355700645
7910,222.0,32.94922355700645
15721,207.0,32.94922355700645
11316,15.0,32.94922355700645
14374,9.0,32.94922355700645
23787,5.0,32.94922355700645
13369,10.0,32.94922355700645
6280,5.0,32.94922355700645
8683,14.0,32.94922355700645
1814,9.0,10.16416727523655
14492,8.0,32.94922355700645
8988,8.0,32.94922355700645
3621,7.0,32.94922355700645
1417,342.0,32.94922355700645
17768,11.0,32.94922355700645
5301,10.0,32.94922355700645
22109,238.0,32.94922355700645
10337,30.0,29.93511926556579
22536,3.0,32.94922355700645
20576,66.0,32.94922355700645
6435,134.0,32.94922355700645
2556,36.0,32.94922355700645
1236,5.0,32.94922355700645
3739,108.0,32.94922355700645
2205,50.0,32.94922355700645
2200,83.0,32.94922355700645
3513,4.0,32.94922355700645
22152,3.0,32.94922355700645
22102,258.0,32.94922355700645
9332,80.0,32.94922355700645
18839,25.0,32.94922355700645
13586,4.0,32.94922355700645
19219,6.0,32.94922355700645
14574,6.0,32.94922355700645
21024,7.0,32.94922355700645
2130,7.0,32.94922355700645
20647,16.0,32.94922355700645
16896,9.0,32.94922355700645
3806,11.0,32.94922355700645
8699,10.0,32.94922355700645
13530,6.0,32.94922355700645
2114,11.0,32.94922355700645
23273,9.0,32.94922355700645
7523,53.0,32.94922355700645
7907,194.0,32.94922355700645
1380,7.0,32.94922355700645
15974,209.0,32.94922355700645
16303,219.0,32.94922355700645
6440,7.0,32.94922355700645
2404,12.0,32.94922355700645
20146,6.0,32.94922355700645
4333,10.0,32.94922355700645
10654,8.0,32.94922355700645
4001,6.0,32.94922355700645
1089,17.0,32.94922355700645
19188,12.0,32.94922355700645
18141,11.0,32.94922355700645
6589,5.0,32.94922355700645
2948,6.0,32.94922355700645
21179,7.0,32.94922355700645
18661,4.0,32.94922355700645
22052,200.0,32.94922355700645
5796,18.0,32.94922355700645
3287,53.0,32.94922355700645
7698,10.0,32.94922355700645
6334,23.0,32.94922355700645
21688,4.0,32.94922355700645
23565,8.0,32.94922355700645
6477,10.0,32.94922355700645
8511,14.0,32.94922355700645
12478,3.0,32.94922355700645
1676,8.0,32.94922355700645
17139,8.0,32.94922355700645
15708,15.0,32.94922355700645
2935,4.0,32.94922355700645
10838,4.0,32.94922355700645
5389,4.0,32.94922355700645
6551,9.0,32.94922355700645
18236,3.0,32.94922355700645
12763,165.0,32.94922355700645
5825,13.0,32.94922355700645
11633,5.0,9.681812716326775
728,9.0,32.94922355700645
8985,10.0,32.94922355700645
11951,68.0,32.94922355700645
13368,12.0,32.94922355700645
22184,3.0,32.94922355700645
2633,5.0,32.94922355700645
12024,23.0,32.94922355700645
16827,6.0,32.94922355700645
9039,9.0,32.94922355700645
14994,108.0,32.94922355700645
3899,6.0,32.94922355700645
6944,26.0,32.94922355700645
19240,3.0,32.94922355700645
18623,4.0,19.47883952106487
9944,7.0,32.94922355700645
1539,7.0,32.94922355700645
9589,12.0,32.94922355700645
5234,3.0,32.94922355700645
2397,16.0,32.94922355700645
2040,3.0,32.94922355700645
21766,4.0,32.94922355700645
14751,4.0,32.94922355700645
6138,13.0,32.94922355700645
19416,5.0,19.246931525689334
3999,6.0,32.94922355700645
11560,5.0,32.94922355700645
6112,8.0,32.94922355700645
549,10.0,32.94922355700645
20760,131.0,32.94922355700645
18143,7.0,32.94922355700645
4965,5.0,32.94922355700645
4472,12.0,32.94922355700645
8373,7.0,15.477577821292826
18344,13.0,32.94922355700645
23105,5.0,32.94922355700645
20971,18.0,32.94922355700645
22228,6.0,32.94922355700645
20600,227.0,32.94922355700645
706,4.0,32.94922355700645
16901,7.0,32.94922355700645
13627,4.0,16.51925679725322
10600,7.0,32.94922355700645
10113,16.0,32.94922355700645
22104,296.0,32.94922355700645
12214,17.0,32.94922355700645
20473,12.0,32.94922355700645
11566,4.0,32.94922355700645
20013,125.0,32.94922355700645
17743,5.0,32.94922355700645
1886,13.0,32.94922355700645
1929,8.0,32.94922355700645
22790,4.0,32.94922355700645
2060,5.0,32.94922355700645
742,6.0,32.94922355700645
330,14.0,32.94922355700645
13469,6.0,32.94922355700645
7215,8.0,32.94922355700645
8056,6.0,19.093802420164863
6168,9.0,32.94922355700645
6825,4.0,32.94922355700645
4133,21.0,32.94922355700645
15947,10.0,32.94922355700645
12067,10.0,32.94922355700645
4135,16.0,32.94922355700645
8406,14.0,32.94922355700645
12229,5.0,32.94922355700645
3743,114.0,32.94922355700645
4633,9.0,32.94922355700645
5861,47.0,32.94922355700645
5627,9.0,32.94922355700645
15378,16.0,32.94922355700645
21580,9.0,32.94922355700645
3912,7.0,32.94922355700645
9227,10.0,32.94922355700645
12958,13.0,32.94922355700645
1694,11.0,32.94922355700645
16648,12.0,32.94922355700645
6897,11.0,32.94922355700645
22848,7.0,32.94922355700645
3415,14.0,32.94922355700645
10012,5.0,32.94922355700645
2555,53.0,32.94922355700645
23711,8.0,32.94922355700645
18539,5.0,32.94922355700645
22580,11.0,32.94922355700645
4546,145.0,32.94922355700645
21694,3.0,32.94922355700645
21309,12.0,32.94922355700645
21031,8.0,32.94922355700645
1804,6.0,32.94922355700645
4952,6.0,32.94922355700645
11937,67.0,32.94922355700645
12201,6.0,32.94922355700645
7306,14.0,32.94922355700645
20780,5.0,32.94922355700645
15008,245.0,32.94922355700645
5851,26.0,32.94922355700645
16790,14.0,32.94922355700645
6437,124.0,32.94922355700645
20703,3.0,32.94922355700645
21338,17.0,32.94922355700645
5651,8.0,32.94922355700645
11423,5.0,32.94922355700645
19165,6.0,32.94922355700645
11519,6.0,32.94922355700645
10917,195.0,32.94922355700645
19194,10.0,32.94922355700645
9084,6.0,27.710299928458042
14729,5.0,32.94922355700645
8528,8.0,32.94922355700645
23987,4.0,32.94922355700645
11742,12.0,32.94922355700645
9229,5.0,47.8843796220509
6656,7.0,32.94922355700645
23399,9.0,32.94922355700645
2875,65.0,32.94922355700645
13262,10.0,32.94922355700645
2137,49.0,32.94922355700645
22970,23.0,32.94922355700645
23025,7.0,32.94922355700645
8445,7.0,32.94922355700645
9931,3.0,32.94922355700645
19671,5.0,32.94922355700645
21263,7.0,10.999695559751345
15198,5.0,32.94922355700645
22609,5.0,32.94922355700645
22055,210.0,32.94922355700645
18918,10.0,32.94922355700645
3713,6.0,32.94922355700645
3725,11.0,32.94922355700645
18023,10.0,32.94922355700645
14316,6.0,32.94922355700645
3038,67.0,32.94922355700645
22555,4.0,32.94922355700645
13281,62.0,32.94922355700645
18725,7.0,32.94922355700645
14830,5.0,32.94922355700645
10501,9.0,32.94922355700645
14957,7.0,32.94922355700645
17841,7.0,32.94922355700645
8729,13.0,32.94922355700645
6575,4.0,32.94922355700645
19191,29.0,32.94922355700645
18650,8.0,32.94922355700645
8733,11.0,32.94922355700645
4467,9.0,32.94922355700645
18049,13.0,32.94922355700645
16411,38.0,32.94922355700645
11917,84.0,32.94922355700645
17053,6.0,32.94922355700645
12689,3.0,32.94922355700645
10981,12.0,32.94922355700645
23314,6.0,32.94922355700645
10583,8.0,32.94922355700645
16330,39.0,32.94922355700645
12910,12.0,32.94922355700645
23376,3.0,32.94922355700645
3563,7.0,32.94922355700645
5340,8.0,32.94922355700645
1994,14.0,32.94922355700645
6539,5.0,32.94922355700645
735,8.0,32.94922355700645
15531,4.0,32.94922355700645
1335,68.0,32.94922355700645
15788,7.0,32.94922355700645
2065,6.0,32.94922355700645
14891,35.0,32.94922355700645
11912,72.0,21.77160376653505
