,y_test,prediction
13431,5.0,32.961993122692675
14541,4.0,32.961993122692675
6391,24.0,32.961993122692675
14388,5.0,32.961993122692675
3136,14.0,32.961993122692675
3284,51.0,32.961993122692675
19655,10.0,32.961993122692675
16582,7.0,32.961993122692675
20860,3.0,22.28342825475329
23276,37.0,32.961993122692675
22106,290.0,32.961993122692675
20003,3.0,32.961993122692675
18786,5.0,32.961993122692675
22899,6.0,32.961993122692675
13201,6.0,32.961993122692675
2969,10.0,32.961993122692675
21836,396.0,32.961993122692675
5636,22.0,32.961993122692675
22061,129.0,32.961993122692675
3679,15.0,32.961993122692675
20815,7.0,32.961993122692675
12278,444.0,32.961993122692675
11746,7.0,32.961993122692675
4069,5.0,32.961993122692675
23811,46.0,32.961993122692675
14218,21.0,32.961993122692675
21531,3.0,32.961993122692675
9113,16.0,32.961993122692675
21362,4.0,32.961993122692675
16297,219.0,32.961993122692675
11922,110.0,32.961993122692675
9090,16.0,32.961993122692675
4666,9.0,3.199262702594581
13429,7.0,32.961993122692675
15185,12.0,32.961993122692675
2570,49.0,32.961993122692675
23559,4.0,32.961993122692675
8976,12.0,32.961993122692675
5631,24.0,32.961993122692675
9943,7.0,32.961993122692675
15188,10.0,32.961993122692675
8313,12.0,32.961993122692675
11294,22.0,32.961993122692675
17306,8.0,32.961993122692675
22821,9.0,32.961993122692675
4332,14.0,32.961993122692675
11249,21.0,32.961993122692675
7856,77.0,32.961993122692675
4552,88.0,32.961993122692675
4903,11.0,32.961993122692675
11350,6.0,32.961993122692675
13125,162.0,32.961993122692675
22559,5.0,32.961993122692675
19464,50.0,32.961993122692675
23929,4.0,32.961993122692675
11066,4.0,32.961993122692675
9980,6.0,32.961993122692675
7566,10.0,32.961993122692675
2574,67.0,32.961993122692675
15779,121.0,32.961993122692675
1122,4.0,32.961993122692675
10036,8.0,32.961993122692675
23457,6.0,32.961993122692675
4917,4.0,32.961993122692675
4744,13.0,32.961993122692675
12197,8.0,32.961993122692675
19709,7.0,6.575416418805091
1501,11.0,27.00462124400193
14738,34.0,32.961993122692675
4394,7.0,32.961993122692675
4266,8.0,32.961993122692675
18593,15.0,32.961993122692675
4478,9.0,32.961993122692675
3285,51.0,32.961993122692675
11919,108.0,32.961993122692675
20788,36.0,32.961993122692675
2811,6.0,32.961993122692675
22511,6.0,32.961993122692675
20877,8.0,32.961993122692675
6835,4.0,32.961993122692675
13738,9.0,32.961993122692675
3535,68.0,32.961993122692675
18027,5.0,32.961993122692675
10143,5.0,32.961993122692675
7911,248.0,32.961993122692675
9121,8.0,32.961993122692675
22009,9.0,32.961993122692675
15631,129.0,32.961993122692675
18094,5.0,32.961993122692675
22951,12.0,32.961993122692675
19802,23.0,32.961993122692675
210,3.0,32.961993122692675
8503,6.0,32.961993122692675
403,4.0,32.961993122692675
5210,3.0,32.961993122692675
14997,119.0,32.961993122692675
3405,7.0,16.665765468605642
17025,6.0,32.961993122692675
10804,18.0,32.961993122692675
15077,10.0,32.961993122692675
10739,20.0,32.961993122692675
21619,35.0,32.961993122692675
2575,71.0,32.961993122692675
18776,4.0,32.961993122692675
5835,12.0,32.961993122692675
15184,12.0,32.961993122692675
20024,159.0,32.961993122692675
18190,9.0,32.961993122692675
16322,24.0,-0.39309765659979234
22387,7.0,32.961993122692675
2631,6.0,32.961993122692675
20286,7.0,32.961993122692675
9384,7.0,32.961993122692675
14527,3.0,32.961993122692675
4258,7.0,32.961993122692675
16655,11.0,32.961993122692675
17299,11.0,32.961993122692675
10119,3.0,32.961993122692675
21360,5.0,32.961993122692675
14873,17.0,32.961993122692675
22613,4.0,32.961993122692675
12768,187.0,32.961993122692675
4638,4.0,32.961993122692675
16593,5.0,32.961993122692675
19300,9.0,32.961993122692675
5881,9.0,30.035518788192036
8917,4.0,32.961993122692675
15447,3.0,32.961993122692675
21015,6.0,32.961993122692675
196,87.0,32.961993122692675
21755,14.0,32.961993122692675
19151,8.0,32.961993122692675
20087,11.0,32.961993122692675
13479,9.0,19.360068070751254
11627,459.0,32.961993122692675
1428,604.0,32.961993122692675
2480,9.0,32.961993122692675
22397,4.0,32.961993122692675
13135,197.0,32.961993122692675
12808,4.0,32.961993122692675
15001,173.0,32.961993122692675
8691,9.0,32.961993122692675
23524,7.0,32.961993122692675
11629,473.0,32.961993122692675
1524,9.0,32.961993122692675
22450,13.0,32.961993122692675
455,4.0,32.961993122692675
5713,6.0,32.961993122692675
393,4.0,32.961993122692675
8895,33.0,32.961993122692675
19868,5.0,32.961993122692675
283,213.0,32.961993122692675
8015,4.0,12.317847868700696
10760,4.0,32.961993122692675
9209,12.0,32.961993122692675
15869,8.0,32.961993122692675
489,9.0,32.961993122692675
23036,3.0,32.961993122692675
3723,15.0,32.961993122692675
7897,87.0,32.961993122692675
8189,44.0,32.961993122692675
23403,6.0,32.961993122692675
21215,65.0,32.961993122692675
23594,79.0,32.961993122692675
20179,429.0,32.961993122692675
7480,4.0,32.961993122692675
11012,8.0,32.961993122692675
2541,6.0,32.961993122692675
12418,10.0,32.961993122692675
2014,7.0,32.961993122692675
4879,253.0,32.961993122692675
4871,13.0,32.22906394964003
21018,6.0,32.961993122692675
15181,8.0,32.961993122692675
20308,4.0,32.961993122692675
19730,6.0,32.961993122692675
14872,29.0,16.944309855235574
13287,65.0,32.961993122692675
9820,5.0,32.961993122692675
12275,414.0,32.961993122692675
279,205.0,32.961993122692675
14034,43.0,32.961993122692675
16627,8.0,32.961993122692675
12631,7.0,32.961993122692675
7832,14.0,32.961993122692675
8076,19.0,32.961993122692675
23094,10.0,32.961993122692675
23798,2.0,32.961993122692675
23700,11.0,32.961993122692675
10111,17.0,32.961993122692675
15343,26.0,32.961993122692675
537,29.0,32.961993122692675
6243,9.0,32.961993122692675
1420,448.0,32.961993122692675
19222,10.0,32.961993122692675
14372,8.0,32.961993122692675
10022,4.0,32.961993122692675
1690,5.0,32.961993122692675
4379,6.0,32.961993122692675
23536,4.0,32.961993122692675
12285,475.0,32.961993122692675
6895,9.0,32.961993122692675
10233,99.0,32.961993122692675
8821,6.0,32.961993122692675
21966,13.0,32.961993122692675
4615,5.0,32.961993122692675
9273,20.0,32.961993122692675
16606,3.0,32.961993122692675
16596,5.0,32.961993122692675
14524,5.0,32.961993122692675
10536,4.0,32.961993122692675
15037,47.0,32.961993122692675
21603,3.0,12.656617224376902
19136,7.0,32.961993122692675
7152,62.0,32.961993122692675
21987,7.0,32.961993122692675
18620,5.0,8.86970270352937
3598,5.0,-5.519883034341774
4363,3.0,32.961993122692675
20597,219.0,32.961993122692675
22623,69.0,32.961993122692675
10642,4.0,5.239403374345883
16261,11.0,32.961993122692675
23493,3.0,32.961993122692675
20214,10.0,10.546674509609531
23241,6.0,32.961993122692675
15244,8.0,32.961993122692675
427,7.0,32.961993122692675
11528,7.0,32.961993122692675
3270,8.0,32.961993122692675
20890,9.0,32.961993122692675
3322,3.0,32.961993122692675
360,2.0,32.961993122692675
16045,6.0,32.961993122692675
20676,4.0,32.961993122692675
4610,4.0,32.961993122692675
13743,6.0,32.961993122692675
11185,9.0,32.961993122692675
2586,17.0,32.961993122692675
680,7.0,32.961993122692675
11861,14.0,32.961993122692675
17434,10.0,13.612745063175765
11898,11.0,32.961993122692675
16681,3.0,32.961993122692675
10343,4.0,32.961993122692675
6079,4.0,32.961993122692675
6684,3.0,32.961993122692675
17698,13.0,32.961993122692675
18582,5.0,32.961993122692675
11911,69.0,32.961993122692675
21254,4.0,32.961993122692675
8516,15.0,32.961993122692675
901,3.0,32.961993122692675
23014,17.0,32.961993122692675
16518,22.0,32.961993122692675
4880,258.0,32.961993122692675
3288,90.0,32.961993122692675
3183,4.0,32.961993122692675
19373,4.0,32.961993122692675
22590,7.0,32.961993122692675
21643,12.0,32.961993122692675
13507,13.0,-10.127567129156077
11750,6.0,32.961993122692675
13283,63.0,32.961993122692675
14283,4.0,32.961993122692675
22776,24.0,32.961993122692675
8559,5.0,32.961993122692675
19920,16.0,32.961993122692675
6344,7.0,32.961993122692675
1947,4.0,32.961993122692675
3323,4.0,32.961993122692675
23068,6.0,32.961993122692675
3715,70.0,32.961993122692675
23744,4.0,32.961993122692675
21353,7.0,-5.014715573955158
13830,5.0,32.961993122692675
13611,7.0,32.961993122692675
8558,4.0,32.961993122692675
18079,3.0,32.961993122692675
2444,8.0,32.961993122692675
4131,22.0,32.961993122692675
3565,13.0,32.961993122692675
9674,4.0,32.961993122692675
13852,427.0,32.961993122692675
22433,8.0,32.961993122692675
23293,5.0,32.961993122692675
8173,463.0,32.961993122692675
20585,13.0,32.961993122692675
13573,3.0,32.961993122692675
21633,4.0,32.961993122692675
19957,13.0,-4.957664525111042
195,38.0,32.961993122692675
19923,12.0,32.961993122692675
7035,4.0,32.961993122692675
6144,10.0,32.961993122692675
17304,10.0,32.961993122692675
10839,3.0,32.961993122692675
12283,516.0,32.961993122692675
1453,18.0,32.961993122692675
1398,6.0,32.961993122692675
13771,3.0,32.961993122692675
277,242.0,32.961993122692675
507,5.0,32.961993122692675
15002,220.0,32.961993122692675
14715,6.0,32.961993122692675
2287,3.0,32.961993122692675
12709,3.0,32.961993122692675
3534,76.0,50.13764913701122
7690,21.0,32.961993122692675
20677,3.0,32.961993122692675
10165,3.0,32.961993122692675
22743,10.0,32.961993122692675
23284,5.0,32.961993122692675
1169,12.0,32.961993122692675
4097,6.0,32.961993122692675
4137,19.0,32.961993122692675
19054,12.0,32.961993122692675
11074,3.0,32.961993122692675
22498,5.0,32.961993122692675
7822,27.0,32.961993122692675
1088,27.0,32.961993122692675
6428,181.0,32.961993122692675
20034,20.0,32.961993122692675
7910,222.0,32.961993122692675
15721,207.0,32.961993122692675
11316,15.0,32.961993122692675
14374,9.0,32.961993122692675
23787,5.0,32.961993122692675
13369,10.0,32.961993122692675
6280,5.0,32.961993122692675
8683,14.0,32.961993122692675
1814,9.0,8.647514413183103
14492,8.0,32.961993122692675
8988,8.0,32.961993122692675
3621,7.0,32.961993122692675
1417,342.0,32.961993122692675
17768,11.0,32.961993122692675
5301,10.0,32.961993122692675
22109,238.0,32.961993122692675
10337,30.0,26.27335073877324
22536,3.0,32.961993122692675
20576,66.0,32.961993122692675
6435,134.0,32.961993122692675
2556,36.0,32.961993122692675
1236,5.0,32.961993122692675
3739,108.0,32.961993122692675
2205,50.0,32.961993122692675
2200,83.0,32.961993122692675
3513,4.0,32.961993122692675
22152,3.0,32.961993122692675
22102,258.0,32.961993122692675
9332,80.0,32.961993122692675
18839,25.0,32.961993122692675
13586,4.0,32.961993122692675
19219,6.0,32.961993122692675
14574,6.0,32.961993122692675
21024,7.0,32.961993122692675
2130,7.0,32.961993122692675
20647,16.0,32.961993122692675
16896,9.0,32.961993122692675
3806,11.0,32.961993122692675
8699,10.0,32.961993122692675
13530,6.0,32.961993122692675
2114,11.0,32.961993122692675
23273,9.0,32.961993122692675
7523,53.0,32.961993122692675
7907,194.0,32.961993122692675
1380,7.0,32.961993122692675
15974,209.0,32.961993122692675
16303,219.0,32.961993122692675
6440,7.0,32.961993122692675
2404,12.0,32.961993122692675
20146,6.0,32.961993122692675
4333,10.0,32.961993122692675
10654,8.0,32.961993122692675
4001,6.0,32.961993122692675
1089,17.0,32.961993122692675
19188,12.0,32.961993122692675
18141,11.0,32.961993122692675
6589,5.0,32.961993122692675
2948,6.0,32.961993122692675
21179,7.0,32.961993122692675
18661,4.0,32.961993122692675
22052,200.0,32.961993122692675
5796,18.0,32.961993122692675
3287,53.0,32.961993122692675
7698,10.0,32.961993122692675
6334,23.0,32.961993122692675
21688,4.0,32.961993122692675
23565,8.0,32.961993122692675
6477,10.0,32.961993122692675
8511,14.0,32.961993122692675
12478,3.0,32.961993122692675
1676,8.0,32.961993122692675
17139,8.0,32.961993122692675
15708,15.0,32.961993122692675
2935,4.0,32.961993122692675
10838,4.0,32.961993122692675
5389,4.0,32.961993122692675
6551,9.0,32.961993122692675
18236,3.0,32.961993122692675
12763,165.0,32.961993122692675
5825,13.0,32.961993122692675
11633,5.0,13.328569741195636
728,9.0,32.961993122692675
8985,10.0,32.961993122692675
11951,68.0,32.961993122692675
13368,12.0,32.961993122692675
22184,3.0,32.961993122692675
2633,5.0,32.961993122692675
12024,23.0,32.961993122692675
16827,6.0,32.961993122692675
9039,9.0,32.961993122692675
14994,108.0,32.961993122692675
3899,6.0,32.961993122692675
6944,26.0,32.961993122692675
19240,3.0,32.961993122692675
18623,4.0,14.366349739336798
9944,7.0,32.961993122692675
1539,7.0,32.961993122692675
9589,12.0,32.961993122692675
5234,3.0,32.961993122692675
2397,16.0,32.961993122692675
2040,3.0,32.961993122692675
21766,4.0,32.961993122692675
14751,4.0,32.961993122692675
6138,13.0,32.961993122692675
19416,5.0,24.703744730197066
3999,6.0,32.961993122692675
11560,5.0,32.961993122692675
6112,8.0,32.961993122692675
549,10.0,32.961993122692675
20760,131.0,32.961993122692675
18143,7.0,32.961993122692675
4965,5.0,32.961993122692675
4472,12.0,32.961993122692675
8373,7.0,18.83206736566997
18344,13.0,32.961993122692675
23105,5.0,32.961993122692675
20971,18.0,32.961993122692675
22228,6.0,32.961993122692675
20600,227.0,32.961993122692675
706,4.0,32.961993122692675
16901,7.0,32.961993122692675
13627,4.0,20.282957889698878
10600,7.0,32.961993122692675
10113,16.0,32.961993122692675
22104,296.0,32.961993122692675
12214,17.0,32.961993122692675
20473,12.0,32.961993122692675
11566,4.0,32.961993122692675
20013,125.0,32.961993122692675
17743,5.0,32.961993122692675
1886,13.0,32.961993122692675
1929,8.0,32.961993122692675
22790,4.0,32.961993122692675
2060,5.0,32.961993122692675
742,6.0,32.961993122692675
330,14.0,32.961993122692675
13469,6.0,32.961993122692675
7215,8.0,32.961993122692675
8056,6.0,17.632837020395954
6168,9.0,32.961993122692675
6825,4.0,32.961993122692675
4133,21.0,32.961993122692675
15947,10.0,32.961993122692675
12067,10.0,32.961993122692675
4135,16.0,32.961993122692675
8406,14.0,32.961993122692675
12229,5.0,32.961993122692675
3743,114.0,32.961993122692675
4633,9.0,32.961993122692675
5861,47.0,32.961993122692675
5627,9.0,32.961993122692675
15378,16.0,32.961993122692675
21580,9.0,32.961993122692675
3912,7.0,32.961993122692675
9227,10.0,32.961993122692675
12958,13.0,32.961993122692675
1694,11.0,32.961993122692675
16648,12.0,32.961993122692675
6897,11.0,32.961993122692675
22848,7.0,32.961993122692675
3415,14.0,32.961993122692675
10012,5.0,32.961993122692675
2555,53.0,32.961993122692675
23711,8.0,32.961993122692675
18539,5.0,32.961993122692675
22580,11.0,32.961993122692675
4546,145.0,32.961993122692675
21694,3.0,32.961993122692675
21309,12.0,32.961993122692675
21031,8.0,32.961993122692675
1804,6.0,32.961993122692675
4952,6.0,32.961993122692675
11937,67.0,32.961993122692675
12201,6.0,32.961993122692675
7306,14.0,32.961993122692675
20780,5.0,32.961993122692675
15008,245.0,32.961993122692675
5851,26.0,32.961993122692675
16790,14.0,32.961993122692675
6437,124.0,32.961993122692675
20703,3.0,32.961993122692675
21338,17.0,32.961993122692675
5651,8.0,32.961993122692675
11423,5.0,32.961993122692675
19165,6.0,32.961993122692675
11519,6.0,32.961993122692675
10917,195.0,32.961993122692675
19194,10.0,32.961993122692675
9084,6.0,27.401698605966473
14729,5.0,32.961993122692675
8528,8.0,32.961993122692675
23987,4.0,32.961993122692675
11742,12.0,32.961993122692675
9229,5.0,27.113235201357043
6656,7.0,32.961993122692675
23399,9.0,32.961993122692675
2875,65.0,32.961993122692675
13262,10.0,32.961993122692675
2137,49.0,32.961993122692675
22970,23.0,32.961993122692675
23025,7.0,32.961993122692675
8445,7.0,32.961993122692675
9931,3.0,32.961993122692675
19671,5.0,32.961993122692675
21263,7.0,18.950453201359224
15198,5.0,32.961993122692675
22609,5.0,32.961993122692675
22055,210.0,32.961993122692675
18918,10.0,32.961993122692675
3713,6.0,32.961993122692675
3725,11.0,32.961993122692675
18023,10.0,32.961993122692675
14316,6.0,32.961993122692675
3038,67.0,32.961993122692675
22555,4.0,32.961993122692675
13281,62.0,32.961993122692675
18725,7.0,32.961993122692675
14830,5.0,32.961993122692675
10501,9.0,32.961993122692675
14957,7.0,32.961993122692675
17841,7.0,32.961993122692675
8729,13.0,32.961993122692675
6575,4.0,32.961993122692675
19191,29.0,32.961993122692675
18650,8.0,32.961993122692675
8733,11.0,32.961993122692675
4467,9.0,32.961993122692675
18049,13.0,32.961993122692675
16411,38.0,32.961993122692675
11917,84.0,32.961993122692675
17053,6.0,32.961993122692675
12689,3.0,32.961993122692675
10981,12.0,32.961993122692675
23314,6.0,32.961993122692675
10583,8.0,32.961993122692675
16330,39.0,32.961993122692675
12910,12.0,32.961993122692675
23376,3.0,32.961993122692675
3563,7.0,32.961993122692675
5340,8.0,32.961993122692675
1994,14.0,32.961993122692675
6539,5.0,32.961993122692675
735,8.0,32.961993122692675
15531,4.0,32.961993122692675
1335,68.0,32.961993122692675
15788,7.0,32.961993122692675
2065,6.0,32.961993122692675
14891,35.0,32.961993122692675
11912,72.0,22.25645382060047
