,y_test,prediction
10732,75.0,73.64
9304,55.0,66.16
12553,66.0,67.33
7813,67.0,65.11
21731,80.0,79.9
8638,98.0,85.35
14229,82.0,75.92
9098,62.0,59.25
19607,101.0,96.16
5824,87.0,81.88
2730,89.0,87.72
14369,74.0,78.99
5149,66.0,66.91
14505,103.0,96.48
15275,81.0,82.34
13303,68.0,71.81
4269,68.0,66.68
10591,102.0,100.04
648,89.0,84.53
8826,69.0,82.1
22219,65.0,79.63
9992,94.0,90.79
8886,72.0,77.76
9911,58.0,62.78
13304,68.0,71.81
9376,77.0,75.87
19612,69.0,68.45
17611,63.0,66.17
2303,70.0,70.85
19211,75.0,74.33
4436,83.0,81.31
10078,81.0,82.06
7945,63.0,72.66
1854,62.0,62.46
20458,81.0,76.54
20116,82.0,80.68
6376,86.0,81.46
21386,81.0,79.18
10243,95.0,86.56
1946,86.0,78.19
14179,53.0,67.43
10563,82.0,75.29
5373,59.0,62.87
9032,77.0,78.54
16000,81.0,79.67
15398,91.0,95.97
4692,61.0,75.19
975,78.0,76.61
1392,68.0,69.22
22319,76.0,84.78
5726,89.0,86.73
7542,60.0,62.78
16499,71.0,71.96
5790,82.0,82.27
20620,70.0,70.61
4777,99.0,86.76
10107,88.0,94.45
22053,64.0,71.58
4936,77.0,87.07
15045,83.0,82.44
22345,85.0,83.2
19260,80.0,80.91
22133,84.0,83.58
4183,82.0,81.5
5398,73.0,73.28
10454,79.0,68.08
5806,75.0,72.07
17853,76.0,69.02
8542,68.0,78.19
14484,69.0,68.16
5626,81.0,84.79
19955,77.0,76.89
10395,78.0,82.99
22231,77.0,68.58
14604,70.0,66.28
10245,69.0,73.14
1780,61.0,60.14
14644,83.0,72.0
1894,75.0,74.41
15956,74.0,74.24
20353,85.0,71.69
3712,51.0,70.22
14709,78.0,78.98
10229,76.0,77.48
13453,77.0,68.15
19317,72.0,71.69
21867,88.0,83.39
16157,79.0,78.67
7488,87.0,84.06
9868,85.0,81.29
11209,81.0,79.32
20552,99.0,89.22
5027,80.0,76.65
10642,94.0,93.08
16492,84.0,88.41
20833,56.0,60.09
2136,70.0,63.6
11041,76.0,78.38
15697,91.0,78.81
5663,85.0,85.97
8287,98.0,97.01
15733,77.0,78.86
8592,80.0,76.83
21442,82.0,82.22
8102,89.0,83.01
3490,70.0,62.58
14477,78.0,73.0
20033,87.0,85.36
20290,82.0,78.98
16199,84.0,83.33
22013,90.0,86.25
4818,85.0,78.13
8960,110.0,104.15
19797,68.0,67.62
2009,70.0,77.05
15834,84.0,73.97
3253,78.0,82.63
13443,72.0,78.81
9053,104.0,98.53
8059,94.0,88.57
20307,82.0,75.52
9034,77.0,78.54
22359,86.0,87.96
2085,68.0,66.9
20557,64.0,61.43
19511,66.0,68.27
8019,74.0,74.29
361,76.0,74.66
18159,69.0,68.85
14926,85.0,81.12
20869,70.0,70.06
2617,70.0,72.64
2954,89.0,80.29
3293,72.0,74.56
16522,89.0,82.71
5383,85.0,74.01
2990,94.0,88.34
18325,105.0,98.88
5673,68.0,70.6
3928,61.0,71.95
15900,87.0,86.78
7376,76.0,78.53
3128,86.0,76.94
8061,94.0,88.57
5746,85.0,86.93
3800,87.0,72.47
15305,96.0,83.19
1509,80.0,79.35
19327,89.0,84.49
2904,90.0,83.83
14922,62.0,69.1
14672,66.0,67.8
11912,67.0,71.09
20465,68.0,73.67
14338,75.0,61.97
15905,86.0,75.86
19739,70.0,75.29
21901,78.0,75.5
2598,65.0,76.47
7359,79.0,79.45
15318,69.0,72.92
21705,96.0,87.41
7175,85.0,87.19
17970,83.0,74.39
9766,83.0,68.62
4784,92.0,91.14
20814,62.0,68.2
9038,76.0,75.2
16167,95.0,83.98
2578,78.0,76.88
13544,80.0,80.02
14230,82.0,75.92
4782,92.0,91.14
6838,79.0,73.34
11061,83.0,83.91
3676,87.0,79.99
18649,89.0,82.8
10863,68.0,65.9
21516,79.0,79.42
12683,67.0,71.72
1811,85.0,75.58
14855,88.0,87.88
1642,103.0,99.88
19265,85.0,82.49
13630,89.0,88.51
16247,109.0,92.11
13772,70.0,70.4
3859,82.0,78.43
10636,89.0,89.27
8799,101.0,99.3
8010,99.0,94.31
7556,67.0,70.24
21685,76.0,80.55
719,64.0,79.61
21895,84.0,82.0
20688,78.0,80.93
1913,88.0,83.8
21192,81.0,80.41
5190,80.0,83.01
16690,53.0,65.76
19902,71.0,70.38
4790,93.0,85.08
8682,85.0,79.95
15681,86.0,83.2
1023,60.0,75.41
1989,85.0,75.75
20167,76.0,61.91
13915,78.0,72.12
3430,95.0,90.39
11278,79.0,77.87
5695,105.0,100.29
5788,66.0,77.47
16483,74.0,74.6
3313,78.0,77.02
21467,90.0,87.66
14862,64.0,72.26
21791,70.0,72.84
2561,81.0,81.26
5481,91.0,80.82
1583,79.0,78.94
3632,82.0,79.43
5298,58.0,72.61
11179,63.0,70.92
8995,89.0,93.5
19430,56.0,60.03
15856,94.0,89.88
1274,98.0,84.72
13786,76.0,62.85
15403,85.0,84.02
13543,80.0,80.02
11204,96.0,91.46
1409,86.0,80.46
9964,69.0,71.44
10396,78.0,82.99
17618,95.0,84.62
21459,82.0,82.32
5478,84.0,84.49
21644,79.0,83.3
7183,89.0,85.71
2411,85.0,78.36
17630,69.0,70.86
2800,76.0,72.39
21543,88.0,76.02
2983,80.0,75.92
5741,77.0,70.19
21103,73.0,76.31
20612,93.0,82.89
1813,68.0,69.65
13882,90.0,86.74
20066,83.0,82.67
11280,86.0,82.36
8109,80.0,73.22
1276,98.0,84.72
18687,71.0,71.84
2030,104.0,80.58
3613,90.0,82.23
935,76.0,75.23
22217,54.0,61.3
21013,69.0,57.88
2018,68.0,72.47
3012,70.0,77.29
4808,78.0,77.65
9826,75.0,74.25
14357,85.0,73.8
21480,85.0,79.18
20122,70.0,67.27
11244,82.0,81.08
15396,56.0,67.67
9957,52.0,63.84
4404,93.0,92.02
21327,84.0,83.23
4556,68.0,89.33
22300,87.0,78.54
6677,71.0,69.25
5795,77.0,77.26
18642,75.0,76.32
5156,85.0,82.53
5232,79.0,84.58
22242,64.0,64.72
20357,90.0,89.2
22261,71.0,71.28
10013,77.0,78.36
21388,81.0,79.18
4700,77.0,77.37
13218,65.0,64.05
13713,89.0,84.82
3551,82.0,82.97
2190,84.0,80.5
17130,54.0,58.38
22390,102.0,101.21
9157,68.0,67.8
3643,79.0,77.87
19753,69.0,68.92
19125,70.0,71.58
18835,73.0,74.04
4433,83.0,81.31
3997,78.0,83.0
3295,72.0,74.56
14950,68.0,73.16
2376,101.0,83.46
10922,84.0,80.57
8166,70.0,69.71
1718,90.0,84.29
10288,76.0,79.67
3469,65.0,72.91
22140,69.0,70.04
2244,80.0,75.17
14537,91.0,84.03
21400,63.0,63.74
19653,90.0,77.91
14591,72.0,72.41
14643,83.0,72.0
9351,73.0,68.63
4468,87.0,81.88
3266,57.0,59.58
14021,89.0,87.82
8307,84.0,83.59
5429,91.0,86.9
16894,82.0,74.23
11054,71.0,70.73
8021,74.0,74.29
10574,79.0,78.73
10964,86.0,84.54
19855,83.0,81.73
14410,52.0,66.52
1865,87.0,86.64
15553,92.0,76.5
5580,75.0,75.25
9355,73.0,68.63
9563,86.0,82.44
9012,83.0,82.34
1920,100.0,93.41
490,90.0,89.98
20551,99.0,89.22
2601,72.0,62.47
9574,90.0,88.46
16322,72.0,72.13
16447,91.0,88.67
18258,100.0,90.65
16385,79.0,79.37
3171,67.0,75.88
18093,110.0,101.12
16112,83.0,83.46
10433,61.0,58.17
17548,83.0,75.3
21212,71.0,67.31
20621,75.0,79.14
10601,78.0,80.97
2134,70.0,63.6
1878,77.0,77.06
5592,100.0,94.03
20641,61.0,66.53
20047,67.0,71.51
8085,70.0,66.52
8577,95.0,94.66
5772,73.0,74.0
18564,70.0,70.18
13640,72.0,71.55
14047,78.0,84.0
3405,62.0,70.14
20069,90.0,88.73
2068,73.0,65.02
16685,99.0,100.72
14651,93.0,89.94
13642,72.0,71.55
2726,74.0,80.78
21058,100.0,90.27
8057,70.0,71.34
14640,66.0,70.53
10880,70.0,84.91
18668,73.0,75.29
9006,74.0,79.95
7799,71.0,74.06
8607,71.0,69.67
1375,80.0,75.42
9258,94.0,89.77
1209,88.0,79.27
20390,64.0,64.06
1910,67.0,69.06
11886,56.0,72.58
16003,80.0,90.07
16224,81.0,73.54
16813,80.0,77.04
1735,63.0,62.58
10651,93.0,93.17
20118,82.0,80.68
2521,59.0,64.15
2269,80.0,72.71
4178,65.0,67.64
13372,90.0,85.44
20007,79.0,76.37
19484,87.0,87.55
15330,79.0,78.99
9720,79.0,73.82
19389,79.0,79.09
10102,82.0,78.3
1762,43.0,54.85
20248,69.0,67.51
8760,85.0,84.65
4308,95.0,93.52
5516,62.0,73.1
18768,77.0,71.37
20947,77.0,74.25
9738,81.0,80.28
10057,75.0,73.52
21845,74.0,75.53
19584,81.0,78.79
15359,99.0,81.81
4815,73.0,76.8
2182,57.0,59.83
20966,60.0,67.49
4798,86.0,83.99
20866,70.0,70.06
19490,64.0,68.17
12643,82.0,81.93
19486,93.0,91.63
18652,78.0,74.78
2325,71.0,70.94
20699,46.0,58.87
18774,105.0,88.55
7699,48.0,57.06
2770,91.0,86.62
18986,75.0,72.21
2422,93.0,99.29
14792,80.0,75.97
5450,53.0,60.53
14289,86.0,72.66
11020,82.0,87.67
14414,80.0,76.16
5822,75.0,84.31
3020,90.0,86.17
11131,65.0,68.72
10424,88.0,99.1
3792,79.0,79.22
22051,70.0,73.35
15912,110.0,93.13
21395,87.0,88.76
2507,43.0,63.91
15489,74.0,74.27
10831,90.0,89.29
4435,83.0,81.31
4602,73.0,73.25
19725,70.0,78.9
5766,78.0,77.08
18435,75.0,82.01
14921,62.0,69.1
18256,78.0,82.07
18864,78.0,78.09
3984,61.0,62.3
9133,98.0,95.15
11028,84.0,76.95
13297,69.0,68.51
1309,67.0,67.26
1436,74.0,70.79
21130,100.0,96.33
14264,89.0,85.44
20995,67.0,64.62
13333,62.0,65.24
16113,97.0,84.11
9194,63.0,63.7
19417,84.0,79.22
9972,81.0,78.49
3752,60.0,64.26
22367,71.0,70.7
14175,77.0,77.57
20685,80.0,79.41
21262,76.0,76.12
10183,79.0,69.36
4544,63.0,64.6
3803,71.0,79.96
14508,103.0,96.48
18163,93.0,93.1
1666,80.0,77.8
2553,70.0,77.51
14332,63.0,67.93
2470,45.0,64.8
21355,81.0,69.2
19214,76.0,74.8
16933,75.0,81.14
21413,60.0,77.97
16840,70.0,72.29
3104,76.0,73.03
9770,93.0,92.03
20165,95.0,72.23
13559,93.0,89.6
1208,88.0,79.27
19761,90.0,88.05
9710,62.0,63.56
15164,71.0,77.01
4797,86.0,83.99
15581,76.0,66.55
16284,76.0,76.19
4590,75.0,75.77
8453,63.0,68.12
19806,75.0,75.91
5786,70.0,79.33
2874,50.0,63.23
952,69.0,89.13
9444,79.0,79.2
9971,81.0,78.49
1980,94.0,84.7
20412,73.0,73.15
11939,60.0,63.6
10457,79.0,79.74
20857,80.0,80.27
21897,77.0,77.85
4350,79.0,68.0
1325,97.0,99.39
15750,74.0,82.56
2822,71.0,65.63
19168,87.0,85.69
4928,90.0,96.33
10856,80.0,73.24
15767,70.0,77.0
3353,79.0,70.86
7794,67.0,68.62
18654,78.0,74.78
3184,69.0,69.92
10352,97.0,95.61
11274,85.0,84.23
1924,63.0,65.9
15754,94.0,93.47
15204,83.0,75.22
177,66.0,74.5
3172,67.0,75.88
2364,60.0,62.7
4121,50.0,59.28
22080,76.0,79.56
10430,96.0,89.08
22307,79.0,81.27
19419,79.0,86.53
9368,94.0,77.49
11197,80.0,77.86
14931,74.0,72.55
16794,90.0,85.33
1927,77.0,80.38
3224,97.0,92.92
11157,80.0,82.07
20639,78.0,77.63
951,69.0,89.13
21265,94.0,90.52
11371,107.0,106.19
15569,70.0,82.03
18982,70.0,72.04
18102,72.0,72.29
4288,81.0,81.14
19444,83.0,87.35
5815,81.0,81.27
21208,71.0,67.31
13490,93.0,75.53
15902,90.0,99.54
2048,92.0,89.54
8887,72.0,77.76
4477,78.0,79.61
8335,74.0,74.26
19906,70.0,62.6
20812,78.0,75.39
20404,76.0,76.98
9955,82.0,79.41
3978,71.0,73.48
1446,76.0,71.1
2191,84.0,80.5
2396,71.0,68.24
8372,75.0,73.85
7965,66.0,93.63
13171,85.0,81.35
9400,79.0,86.21
10105,88.0,94.45
4883,79.0,81.69
21281,70.0,81.69
21333,72.0,73.43
16479,73.0,75.82
10521,66.0,78.78
15285,73.0,72.88
9959,52.0,63.84
4926,77.0,72.19
20111,87.0,87.39
15820,63.0,80.64
12398,92.0,86.3
8305,77.0,81.87
8291,87.0,85.58
7176,85.0,87.19
13558,93.0,89.6
2995,103.0,92.24
15946,53.0,70.18
21683,76.0,80.55
8114,78.0,75.73
5724,89.0,86.73
10650,93.0,93.17
15356,79.0,86.47
1788,100.0,87.77
5135,111.0,110.02
9576,62.0,78.95
5778,65.0,65.5
1537,89.0,82.88
21581,82.0,86.51
2135,70.0,63.6
15667,90.0,90.59
10555,66.0,64.88
7941,84.0,83.29
9403,75.0,64.43
4796,86.0,83.99
11132,65.0,68.72
16233,93.0,92.85
15120,103.0,96.4
14055,84.0,78.09
13974,70.0,69.14
4618,83.0,82.77
5285,92.0,92.87
2648,83.0,74.22
14107,84.0,82.94
8630,93.0,81.87
5279,80.0,79.56
18688,71.0,71.84
20355,90.0,89.2
5048,90.0,89.5
9009,90.0,83.17
11200,88.0,84.27
12288,99.0,91.5
10655,78.0,79.11
17022,80.0,66.58
20619,70.0,70.61
14024,73.0,64.49
16531,87.0,88.47
11281,73.0,73.78
21454,77.0,78.28
6796,64.0,62.76
11909,67.0,71.09
3738,55.0,88.73
22020,81.0,81.02
20262,78.0,76.91
5819,86.0,84.02
9016,91.0,80.42
14119,87.0,86.04
10250,54.0,75.99
13210,41.0,81.49
5314,84.0,77.59
19635,72.0,78.28
14451,63.0,74.92
9908,90.0,90.02
7943,84.0,83.29
9829,79.0,89.06
21981,91.0,85.05
16793,90.0,85.33
20054,55.0,64.28
22260,71.0,71.28
9425,73.0,68.22
10923,84.0,80.57
21784,99.0,93.05
14650,93.0,89.94
10063,68.0,69.44
20536,78.0,78.15
2715,68.0,69.38
5058,79.0,78.29
15549,71.0,73.14
5769,72.0,73.22
5821,75.0,84.31
19600,82.0,78.97
10747,87.0,84.37
9681,73.0,74.66
22398,83.0,80.81
8804,92.0,79.14
7655,89.0,87.43
1883,84.0,79.43
19275,74.0,81.54
4666,98.0,95.83
5097,77.0,77.5
8409,85.0,82.35
9836,69.0,70.99
15634,89.0,86.18
18952,78.0,77.62
9879,71.0,71.4
13415,92.0,91.0
5222,78.0,70.91
1877,77.0,77.06
4886,64.0,77.16
21426,76.0,76.79
2646,71.0,72.21
4585,76.0,76.18
3112,51.0,68.09
15639,56.0,66.76
11128,67.0,67.01
16235,84.0,82.53
8749,72.0,74.3
3362,70.0,79.61
10687,78.0,73.24
10373,75.0,85.69
11033,81.0,74.09
13488,93.0,75.53
4751,80.0,82.89
21466,90.0,87.66
10889,63.0,63.81
10399,82.0,81.04
2616,70.0,72.64
21639,77.0,68.14
3303,69.0,68.5
3766,94.0,94.35
11129,91.0,89.08
14263,89.0,85.44
18594,82.0,84.74
5172,70.0,84.19
5061,86.0,81.59
7185,89.0,85.71
1321,84.0,82.06
21188,92.0,88.56
16148,91.0,82.08
14977,70.0,71.01
2187,93.0,84.73
15861,91.0,89.88
10932,88.0,90.14
22391,102.0,101.21
10990,78.0,67.26
5538,97.0,92.01
10557,66.0,64.88
15682,86.0,83.2
19890,78.0,77.85
10129,67.0,66.5
2036,62.0,73.27
12756,80.0,73.12
9293,93.0,87.96
10966,86.0,84.54
1493,59.0,79.07
19896,64.0,66.51
9966,69.0,71.44
19140,72.0,69.56
21577,60.0,60.4
9442,86.0,85.25
21521,111.0,103.04
19738,70.0,75.29
3169,73.0,73.84
22343,74.0,75.63
20902,108.0,94.15
14347,68.0,79.72
20401,90.0,85.44
15090,85.0,82.75
22287,89.0,89.67
16682,100.0,87.76
21615,65.0,69.91
19592,77.0,82.19
10438,72.0,81.94
21933,71.0,73.86
2343,93.0,90.29
4414,57.0,87.37
2315,85.0,84.2
13961,73.0,68.38
4036,67.0,71.1
8947,82.0,76.39
4800,106.0,100.04
9661,80.0,70.11
13925,91.0,85.01
7119,90.0,86.43
21650,93.0,73.98
3074,78.0,76.39
22176,77.0,76.71
17264,65.0,66.25
3504,84.0,85.83
8946,82.0,76.39
20696,78.0,80.77
14226,83.0,79.88
18714,90.0,89.22
3480,76.0,68.2
14954,70.0,75.07
5767,78.0,77.08
3700,69.0,70.18
3759,69.0,74.67
5674,68.0,70.6
3990,69.0,78.14
3179,84.0,81.96
16008,86.0,86.23
2026,77.0,77.39
15903,90.0,99.54
20786,97.0,73.47
4500,67.0,67.07
19764,88.0,99.94
10191,83.0,84.28
21733,85.0,80.42
8894,74.0,77.48
14057,65.0,64.48
20548,85.0,83.72
7029,75.0,77.36
9370,76.0,69.39
16357,88.0,83.99
15636,86.0,85.05
19405,90.0,93.79
11026,92.0,89.45
19838,88.0,86.74
