,y_test,prediction
1741,84.0,83.42
1684,82.0,82.56
2490,88.0,75.76
3824,67.0,68.95
2487,74.0,79.53
997,91.0,86.22
446,71.0,72.71
1519,74.0,73.2
3562,109.0,85.94
3957,80.0,75.07
3622,97.0,82.54
3977,68.0,83.65
2659,68.0,66.59
684,69.0,84.36
690,101.0,92.27
1571,80.0,85.12
3815,100.0,87.57
3070,84.0,84.05
3077,85.0,86.4
4071,81.0,85.57
791,71.0,71.42
2510,75.0,73.36
2580,73.0,68.4
3918,61.0,71.75
3773,59.0,68.43
3459,78.0,85.04
692,71.0,79.14
865,102.0,81.05
1052,85.0,87.01
2989,76.0,73.79
841,84.0,93.71
2611,74.0,77.73
1845,75.0,67.2
728,76.0,86.96
3962,101.0,92.1
3799,78.0,77.7
4083,90.0,77.65
1791,83.0,69.29
696,69.0,74.53
3993,61.0,63.91
720,72.0,78.17
3836,108.0,92.66
3539,69.0,77.32
3690,79.0,79.32
3582,47.0,57.96
3838,86.0,75.77
3857,84.0,75.05
3378,68.0,76.83
3559,74.0,82.86
3725,93.0,100.21
813,84.0,74.49
4134,76.0,74.51
911,77.0,69.24
3951,90.0,89.87
2631,84.0,80.31
2781,83.0,75.24
2635,80.0,85.74
3686,82.0,71.74
2077,84.0,80.22
3925,62.0,62.89
3082,72.0,75.9
598,87.0,71.76
2819,81.0,80.68
1602,85.0,81.97
4010,74.0,70.65
2896,65.0,66.76
2569,62.0,69.66
2091,73.0,76.24
3750,70.0,66.16
2515,47.0,64.98
667,79.0,75.2
462,71.0,85.44
944,84.0,77.28
3675,80.0,76.18
2708,66.0,83.7
2289,74.0,74.36
582,88.0,76.43
2869,65.0,68.75
3986,79.0,64.54
2840,79.0,93.69
204,64.0,76.71
1778,49.0,60.06
273,84.0,70.72
4098,65.0,80.1
444,85.0,80.59
744,89.0,84.3
2758,68.0,71.25
493,83.0,75.85
2550,62.0,64.39
3712,95.0,89.23
586,84.0,85.27
1595,60.0,75.89
2054,67.0,66.12
3735,82.0,72.23
2197,67.0,61.82
4018,86.0,79.51
2075,78.0,77.01
3647,70.0,71.16
3715,95.0,73.27
1883,57.0,64.16
641,74.0,68.89
2628,94.0,92.21
2601,87.0,86.7
769,97.0,86.46
2602,84.0,77.79
1670,67.0,68.39
559,94.0,81.44
4127,81.0,72.41
3394,94.0,87.36
3316,81.0,71.81
2030,59.0,63.31
2595,89.0,88.37
3556,68.0,74.56
1428,93.0,80.5
3996,57.0,95.38
900,60.0,70.81
199,85.0,76.38
2816,86.0,76.1
2625,50.0,80.87
3863,85.0,76.4
3420,75.0,80.01
380,114.0,104.98
1850,79.0,92.11
2526,89.0,84.43
1066,77.0,79.85
3814,65.0,68.47
3878,91.0,79.66
1740,65.0,72.17
2370,56.0,62.97
2906,59.0,68.4
572,95.0,83.95
1591,91.0,83.74
2121,82.0,83.45
1814,83.0,77.95
1393,71.0,76.33
4101,77.0,70.63
281,64.0,66.15
1756,62.0,79.74
269,74.0,71.56
2818,78.0,76.26
768,60.0,61.5
242,62.0,70.14
2929,76.0,91.65
2495,65.0,68.03
557,68.0,78.19
291,69.0,73.5
2105,107.0,101.02
424,115.0,88.91
3355,94.0,74.03
1616,41.0,58.31
717,81.0,76.96
1059,73.0,83.37
800,80.0,79.98
2029,71.0,66.29
674,73.0,75.68
3058,71.0,74.67
3087,100.0,86.4
2221,65.0,64.09
3611,69.0,65.76
2943,94.0,88.25
1296,70.0,69.16
3967,88.0,73.43
2663,52.0,69.97
978,66.0,59.61
3147,80.0,68.25
842,73.0,71.35
2015,93.0,76.83
4077,69.0,72.99
3868,90.0,80.04
241,66.0,83.62
3366,78.0,74.7
642,84.0,86.77
2259,70.0,71.67
777,71.0,61.15
1896,91.0,81.18
3114,82.0,67.9
4062,74.0,82.76
903,99.0,95.49
310,55.0,61.38
863,81.0,83.87
421,79.0,76.89
964,77.0,73.65
1659,78.0,80.81
1927,64.0,67.03
724,94.0,88.62
2764,81.0,78.94
1892,83.0,73.07
1363,76.0,79.82
2586,72.0,69.9
3940,76.0,84.85
1239,105.0,91.84
1638,110.0,95.23
776,82.0,71.97
3719,106.0,97.73
3568,71.0,69.43
1947,91.0,78.8
3825,62.0,64.16
3989,58.0,58.88
1911,84.0,86.13
715,63.0,80.49
2790,73.0,75.07
1722,79.0,84.79
754,61.0,61.78
2766,70.0,71.42
2691,59.0,68.31
2180,58.0,74.57
3899,110.0,93.73
2008,70.0,83.0
1456,66.0,99.76
2226,68.0,76.69
995,95.0,83.12
278,91.0,86.25
1745,90.0,76.91
1733,100.0,92.24
4034,72.0,77.94
3865,100.0,91.63
256,89.0,86.42
987,73.0,73.53
2547,82.0,78.94
585,92.0,75.34
3695,83.0,79.86
3616,86.0,101.09
882,78.0,76.2
1573,76.0,71.39
822,67.0,65.04
3770,70.0,72.82
1901,63.0,76.64
1010,72.0,77.38
713,61.0,71.1
1688,63.0,62.56
4099,82.0,75.52
2056,65.0,72.95
2876,81.0,83.01
362,77.0,75.35
2014,84.0,72.79
3442,96.0,81.85
2053,96.0,89.08
946,111.0,92.52
4117,87.0,78.57
3447,85.0,85.34
979,86.0,74.0
1915,88.0,96.59
1666,56.0,64.73
2535,57.0,76.19
1558,71.0,78.72
3396,76.0,72.13
3945,68.0,72.52
2669,56.0,76.12
1584,75.0,69.49
2725,66.0,61.01
852,98.0,85.74
2486,86.0,85.34
2462,60.0,63.64
3512,76.0,66.9
3698,64.0,63.66
2817,68.0,60.75
487,93.0,86.35
1718,76.0,70.24
3866,65.0,65.54
2777,90.0,83.05
1623,86.0,77.65
4080,105.0,101.36
3428,56.0,64.28
3405,78.0,82.91
1241,69.0,73.48
1792,93.0,85.66
627,76.0,64.58
3739,82.0,78.97
697,82.0,75.56
2073,81.0,77.44
3555,74.0,77.43
1668,75.0,64.36
786,76.0,70.74
1923,88.0,87.3
1886,70.0,71.14
831,65.0,72.85
1999,79.0,73.48
198,60.0,65.33
2842,58.0,70.6
2217,71.0,75.53
2539,70.0,82.65
3593,56.0,63.47
3621,95.0,87.71
1514,84.0,79.82
435,71.0,69.07
414,70.0,64.96
4027,73.0,74.24
240,98.0,81.69
302,79.0,73.35
1703,57.0,61.08
3709,88.0,83.9
540,65.0,64.76
589,87.0,86.1
693,79.0,75.13
4046,50.0,61.21
1597,68.0,72.11
1879,69.0,73.48
3330,75.0,72.32
3592,80.0,78.08
391,96.0,85.42
1356,97.0,91.19
1482,80.0,78.17
3223,65.0,66.68
2596,73.0,64.38
2974,63.0,60.49
2481,80.0,72.71
373,64.0,71.56
3607,75.0,74.2
2610,75.0,71.04
1525,86.0,77.99
3477,75.0,73.53
3433,88.0,81.04
2692,72.0,72.87
2783,84.0,84.51
3819,57.0,80.37
1864,64.0,68.94
1852,74.0,65.8
474,43.0,63.16
4125,75.0,77.47
3659,78.0,75.97
1316,90.0,85.69
418,80.0,60.28
1847,50.0,68.02
1532,72.0,68.75
2879,70.0,82.74
2271,75.0,80.82
2972,77.0,81.1
873,76.0,79.4
3109,70.0,76.07
394,80.0,70.44
3421,66.0,78.6
1862,72.0,78.32
526,72.0,68.75
1725,66.0,71.22
4094,77.0,74.96
3795,70.0,73.61
736,73.0,77.39
957,92.0,94.26
3877,99.0,87.81
1789,83.0,76.52
3740,62.0,80.58
512,71.0,76.29
3016,109.0,93.48
1912,79.0,74.49
980,66.0,74.64
3733,74.0,80.49
509,89.0,78.9
803,93.0,82.7
2846,56.0,64.89
1871,77.0,84.61
412,70.0,81.3
702,62.0,62.97
2945,86.0,77.47
3931,83.0,91.31
551,80.0,73.8
2609,84.0,82.16
805,87.0,74.99
3081,85.0,76.53
374,63.0,70.9
2028,78.0,68.07
3322,110.0,85.01
3892,111.0,83.45
3001,95.0,88.87
1970,78.0,79.48
862,73.0,65.9
2921,80.0,75.9
2225,55.0,66.78
3105,76.0,83.49
1462,80.0,79.72
801,58.0,62.6
1973,62.0,64.77
1072,81.0,80.95
3116,70.0,76.8
461,54.0,59.66
3007,61.0,75.92
2873,71.0,77.46
639,70.0,58.66
689,79.0,78.88
1424,80.0,70.48
2649,67.0,66.58
2730,79.0,80.87
761,65.0,71.97
3920,84.0,76.65
2027,70.0,81.8
336,76.0,78.54
1030,81.0,85.48
823,65.0,87.08
3679,87.0,71.61
3069,85.0,74.88
599,78.0,85.25
2063,64.0,65.09
1336,74.0,73.19
1715,53.0,63.14
2947,110.0,95.22
1976,74.0,74.17
1388,79.0,72.99
4137,83.0,84.56
751,50.0,76.6
449,93.0,85.41
2092,89.0,81.91
3839,85.0,79.87
549,85.0,82.15
501,75.0,70.33
3517,76.0,74.03
3590,66.0,61.9
1022,82.0,81.56
3964,111.0,97.71
747,67.0,75.21
3574,84.0,80.24
1797,64.0,74.09
3045,63.0,60.74
3587,66.0,71.23
3324,72.0,79.14
2934,73.0,63.23
4136,102.0,102.51
3628,55.0,70.02
4011,75.0,62.69
3732,80.0,66.25
4084,57.0,98.34
2557,76.0,63.95
331,63.0,60.13
3017,80.0,74.3
2626,83.0,59.33
2169,87.0,75.05
2220,80.0,67.93
866,83.0,76.0
1417,81.0,74.07
3642,74.0,73.81
3506,85.0,82.54
3191,60.0,68.26
479,81.0,81.19
485,65.0,75.41
2209,80.0,78.98
2517,84.0,78.87
339,78.0,68.37
250,84.0,77.04
3588,83.0,87.52
2324,62.0,66.67
3485,92.0,82.76
3997,76.0,73.83
2856,89.0,83.91
2785,82.0,83.53
3384,75.0,80.59
816,101.0,89.3
3057,86.0,81.54
1851,91.0,77.33
3645,98.0,83.46
4089,87.0,79.2
4060,62.0,71.43
833,85.0,73.47
2815,81.0,70.8
3811,78.0,77.67
2768,98.0,82.01
2732,79.0,78.52
463,85.0,74.65
3487,80.0,76.87
2208,66.0,66.96
2046,83.0,82.6
705,77.0,72.43
3532,85.0,84.02
576,76.0,68.29
3386,85.0,73.75
2059,66.0,64.57
1675,81.0,78.73
3310,49.0,61.29
3786,92.0,87.12
855,68.0,73.7
471,45.0,64.31
3563,96.0,83.97
1917,61.0,59.6
2085,85.0,90.07
1242,71.0,69.07
3108,90.0,86.2
4066,71.0,85.91
3076,69.0,74.72
1637,78.0,67.09
1069,75.0,72.08
830,63.0,62.34
3789,69.0,69.95
1503,80.0,91.07
3476,70.0,74.26
2475,75.0,87.09
1935,83.0,80.95
3793,93.0,84.56
2954,53.0,72.08
2744,78.0,82.42
2993,79.0,80.0
2892,56.0,87.67
2549,75.0,61.65
3419,86.0,75.19
1658,83.0,77.69
3971,59.0,70.71
1268,81.0,72.32
1500,62.0,76.09
4052,78.0,75.6
631,68.0,73.2
1440,54.0,70.55
529,69.0,60.31
1949,79.0,77.15
326,90.0,83.26
2743,64.0,72.1
515,84.0,78.11
314,80.0,75.34
506,79.0,72.48
3980,65.0,69.21
3978,62.0,63.0
972,90.0,86.68
4024,96.0,86.61
2908,78.0,88.97
3540,66.0,71.45
3742,66.0,77.63
3919,95.0,81.52
1941,68.0,73.52
3867,65.0,63.59
3439,90.0,90.84
743,79.0,74.41
750,74.0,84.37
3309,89.0,87.78
2563,94.0,96.15
660,83.0,75.05
1048,68.0,72.61
3778,90.0,79.25
906,76.0,75.3
1567,95.0,95.31
1907,78.0,82.7
1003,82.0,72.19
3525,55.0,50.36
1427,80.0,80.11
1237,68.0,68.65
3478,68.0,86.31
3399,100.0,87.12
3681,88.0,78.25
1775,86.0,87.8
2530,99.0,90.85
3692,84.0,76.96
3029,73.0,67.92
1937,66.0,73.61
1646,90.0,86.66
4038,78.0,77.59
2012,88.0,84.46
2018,88.0,92.77
2358,72.0,74.63
1757,89.0,68.54
719,61.0,62.29
3737,81.0,89.8
491,77.0,84.39
1077,70.0,72.8
337,64.0,65.99
2857,60.0,57.91
406,68.0,61.06
3781,78.0,76.76
507,76.0,71.63
2773,76.0,72.62
2946,61.0,65.57
1538,68.0,64.28
3586,77.0,68.72
1575,79.0,82.1
3448,105.0,82.74
4124,85.0,79.64
952,80.0,85.79
3720,74.0,69.45
