,y_test,prediction
3698,100.0,112.39
3998,139.0,146.62
2590,102.0,117.81
3824,113.0,114.6
2893,144.0,127.48
996,137.0,133.89
445,144.0,142.94
2595,143.0,136.02
3562,164.0,156.93
4040,155.0,152.32
3622,150.0,143.29
1621,105.0,118.69
1671,96.0,106.16
683,100.0,108.93
689,144.0,127.56
1571,163.0,133.55
2382,90.0,107.14
2647,105.0,117.0
2050,120.0,119.31
3576,89.0,108.91
789,131.0,135.18
2510,130.0,131.26
3082,124.0,125.71
1441,109.0,121.85
3710,155.0,149.71
2586,113.0,122.88
691,129.0,142.77
864,156.0,123.04
1051,132.0,128.57
2630,136.0,129.85
840,118.0,126.19
2976,123.0,121.26
1455,136.0,131.23
727,124.0,122.27
3443,96.0,125.32
2505,134.0,138.73
3568,117.0,111.19
1790,136.0,122.9
695,119.0,124.41
2751,86.0,113.82
719,103.0,106.55
3836,153.0,171.56
4080,172.0,170.38
3690,132.0,130.44
1681,130.0,116.08
2459,141.0,139.0
3857,122.0,130.59
3377,101.0,100.1
2747,122.0,131.34
3725,174.0,147.25
812,140.0,126.63
2817,94.0,109.22
910,136.0,140.78
3937,145.0,135.82
2631,134.0,132.66
3096,176.0,147.84
2635,140.0,133.76
3686,113.0,133.45
3100,143.0,140.47
3925,102.0,113.09
3587,121.0,119.88
596,124.0,130.66
2556,131.0,129.72
1718,110.0,119.25
4010,121.0,128.22
2324,108.0,112.95
3806,144.0,126.75
2090,137.0,131.84
3609,124.0,127.46
2083,134.0,137.9
665,151.0,151.31
461,82.0,104.32
943,128.0,143.16
3614,123.0,124.88
2904,134.0,144.11
2286,138.0,118.5
581,121.0,126.31
3567,116.0,135.76
2796,116.0,118.44
2840,158.0,126.23
204,120.0,116.22
1676,130.0,134.37
273,118.0,132.53
4098,133.0,107.81
442,80.0,91.05
743,124.0,128.67
3108,142.0,145.91
492,121.0,123.25
1978,130.0,107.02
3712,158.0,153.54
585,150.0,146.32
2031,122.0,114.81
2053,147.0,145.2
4088,112.0,110.56
2180,132.0,119.58
3933,153.0,140.82
2074,123.0,113.27
3647,110.0,120.06
3411,111.0,119.53
3597,93.0,105.29
640,133.0,136.89
3048,145.0,129.84
2601,136.0,139.85
768,102.0,118.16
1656,124.0,125.48
1985,134.0,133.25
558,117.0,127.54
2784,97.0,105.25
1579,113.0,120.58
2847,169.0,150.76
3383,128.0,134.89
2953,124.0,138.14
3691,118.0,115.32
3397,109.0,122.24
2617,102.0,112.21
899,127.0,150.62
199,122.0,136.09
2816,123.0,136.0
1574,114.0,114.72
1868,133.0,128.03
3419,120.0,131.41
379,135.0,112.8
2620,123.0,121.27
2608,133.0,124.89
1065,142.0,134.42
1706,145.0,123.56
3878,132.0,144.05
1739,120.0,126.97
2879,146.0,121.47
2927,125.0,133.18
571,132.0,131.51
3426,124.0,120.27
3889,135.0,125.7
1971,125.0,132.42
2500,125.0,136.8
3436,110.0,121.37
281,108.0,108.12
1755,132.0,142.32
269,116.0,117.77
3987,123.0,107.7
767,134.0,129.95
242,112.0,111.72
2668,109.0,108.77
2203,140.0,126.77
556,150.0,125.98
291,114.0,120.15
1997,143.0,141.24
423,129.0,140.73
3020,123.0,118.21
1583,109.0,109.19
715,128.0,124.6
1058,131.0,125.25
799,159.0,140.62
2028,105.0,129.6
673,131.0,137.79
3058,120.0,120.37
1709,133.0,136.01
2944,172.0,142.25
3611,106.0,129.25
2943,147.0,141.45
1960,124.0,126.91
4039,179.0,147.2
2035,151.0,136.89
977,136.0,124.83
2069,124.0,129.73
841,158.0,131.55
2411,126.0,125.87
1466,148.0,137.7
2447,149.0,132.68
241,141.0,107.76
3364,161.0,135.12
641,120.0,128.63
3578,157.0,131.55
776,131.0,130.74
1895,105.0,107.2
1475,158.0,145.31
3312,164.0,147.51
902,160.0,143.28
310,95.0,111.21
862,110.0,124.82
420,144.0,143.29
963,117.0,119.98
3957,126.0,125.68
2676,108.0,117.48
723,156.0,129.33
2764,129.0,132.41
3582,90.0,100.7
1501,153.0,131.16
3946,131.0,123.27
2071,125.0,140.75
2984,117.0,122.54
1637,111.0,134.2
775,127.0,131.63
2208,108.0,118.97
2818,125.0,129.93
1468,120.0,131.48
3825,107.0,128.8
1662,100.0,125.61
2205,120.0,128.42
714,131.0,128.71
2790,119.0,123.81
1357,122.0,125.39
751,129.0,105.92
2766,117.0,118.73
3586,109.0,130.31
2169,141.0,142.43
4025,127.0,125.67
3396,119.0,118.47
2758,117.0,122.84
2225,104.0,112.4
994,132.0,132.05
278,142.0,143.45
1742,106.0,130.37
3050,97.0,112.55
4034,139.0,131.08
2933,145.0,130.63
256,150.0,137.99
986,151.0,127.04
2547,126.0,131.52
584,127.0,119.71
2813,118.0,141.36
3616,176.0,134.63
881,133.0,131.77
3960,120.0,126.15
821,122.0,118.54
1975,152.0,119.02
1900,164.0,147.2
1009,153.0,136.73
712,133.0,130.64
1848,130.0,118.1
1394,120.0,121.63
2527,122.0,113.82
2025,145.0,137.73
361,152.0,142.59
3506,137.0,136.37
3794,118.0,118.22
2052,87.0,132.52
945,100.0,111.01
3361,129.0,111.14
3446,115.0,123.95
978,102.0,118.47
3969,124.0,121.73
3685,96.0,130.44
2763,147.0,145.64
1558,129.0,127.06
4127,123.0,133.31
2046,133.0,132.56
2669,130.0,109.64
3590,96.0,107.48
3514,118.0,128.85
851,99.0,106.45
3507,125.0,134.26
1925,151.0,148.75
3403,135.0,148.32
1741,141.0,135.76
3927,119.0,128.9
486,105.0,125.67
1612,121.0,126.35
2977,144.0,118.97
2707,115.0,115.08
2852,133.0,130.94
3962,154.0,149.31
3427,139.0,141.18
3696,143.0,133.04
1241,118.0,114.45
2815,112.0,140.58
626,106.0,114.02
3739,128.0,134.78
696,127.0,122.68
2600,120.0,121.04
3627,122.0,116.97
3530,125.0,119.3
785,136.0,123.76
2921,121.0,128.91
1885,136.0,130.88
830,103.0,106.14
1998,151.0,139.77
198,101.0,106.51
2958,139.0,124.43
2743,115.0,120.48
1795,115.0,121.22
3593,107.0,112.68
1307,115.0,105.51
1653,127.0,129.43
434,114.0,114.85
413,119.0,117.27
4027,117.0,118.04
240,146.0,145.63
302,125.0,131.97
1702,110.0,107.52
1887,119.0,119.78
539,103.0,109.95
588,116.0,109.74
692,133.0,115.92
2044,119.0,121.5
1461,130.0,137.59
2754,149.0,133.07
1725,121.0,125.27
3592,125.0,123.97
390,118.0,119.83
2592,111.0,112.03
3041,104.0,115.06
1685,122.0,118.95
4031,135.0,127.55
2974,103.0,113.65
1723,110.0,118.63
372,138.0,154.89
2067,119.0,115.72
2014,121.0,147.63
1713,118.0,120.72
2989,123.0,117.97
3432,117.0,113.4
2692,120.0,118.55
1828,139.0,131.17
3253,139.0,146.15
1863,147.0,142.97
4109,117.0,130.2
473,142.0,111.81
3069,124.0,137.69
2896,108.0,106.75
2929,164.0,127.34
417,104.0,109.6
2097,165.0,146.94
3814,114.0,107.63
1456,170.0,120.28
2554,125.0,117.5
3849,113.0,115.59
870,99.0,116.59
3109,120.0,117.47
393,132.0,116.55
3599,139.0,124.23
1785,166.0,150.64
525,119.0,126.87
3327,141.0,141.73
1789,131.0,125.7
2002,133.0,129.48
735,139.0,132.51
956,119.0,122.66
3877,154.0,148.88
3746,105.0,115.36
3740,131.0,118.11
511,147.0,127.83
3016,187.0,162.01
1911,138.0,132.07
979,122.0,134.69
3733,133.0,131.89
508,136.0,124.0
802,139.0,122.07
1869,135.0,131.35
1524,163.0,146.93
411,116.0,132.3
701,135.0,135.55
2945,122.0,139.65
3990,143.0,146.57
550,123.0,126.29
2609,140.0,134.4
804,102.0,113.89
3081,130.0,147.06
373,117.0,115.78
3984,153.0,149.71
3321,125.0,130.38
1569,120.0,125.62
1796,127.0,107.87
1969,115.0,121.95
861,114.0,121.61
3577,108.0,150.97
2224,127.0,108.26
2662,106.0,114.38
4006,111.0,125.93
800,126.0,119.8
2892,137.0,111.66
1071,140.0,141.61
1844,150.0,149.75
460,109.0,116.24
3542,148.0,121.71
2873,128.0,123.05
638,123.0,125.6
688,114.0,116.17
1597,115.0,116.97
2828,138.0,146.5
2730,127.0,134.22
760,111.0,124.05
3920,118.0,131.0
2026,110.0,118.83
336,132.0,128.62
1029,120.0,125.72
822,106.0,119.35
1351,103.0,115.66
2777,135.0,140.84
598,130.0,142.8
1746,113.0,117.26
3569,168.0,139.56
1777,107.0,119.7
3671,98.0,126.26
1293,91.0,114.22
2485,92.0,111.87
1425,134.0,122.1
750,138.0,117.96
448,124.0,123.29
2949,114.0,118.3
3317,139.0,135.87
548,109.0,113.58
500,103.0,108.82
3517,126.0,124.51
1974,119.0,128.0
1021,112.0,118.8
3964,173.0,179.49
746,136.0,127.83
4099,123.0,136.29
1736,124.0,116.77
2919,138.0,128.33
2995,130.0,138.76
3322,156.0,164.23
2532,133.0,124.3
3758,140.0,127.62
2015,127.0,143.26
4011,107.0,130.19
3732,107.0,129.28
1915,165.0,137.69
2267,120.0,126.84
331,100.0,105.83
3338,119.0,128.36
3819,137.0,112.62
3828,130.0,133.98
3127,122.0,132.43
865,146.0,150.19
3022,155.0,161.7
3642,122.0,126.6
2073,121.0,130.49
3190,115.0,115.02
478,127.0,120.82
484,123.0,132.6
1921,138.0,146.5
1635,129.0,130.52
339,110.0,121.71
250,128.0,138.72
2523,120.0,127.87
1362,147.0,121.85
1557,120.0,118.63
3997,118.0,125.45
2856,143.0,145.21
1601,114.0,125.02
3670,139.0,150.5
815,110.0,118.76
3802,114.0,125.96
4136,183.0,156.66
3764,107.0,109.62
3130,130.0,130.82
1391,125.0,124.22
832,145.0,121.51
2013,110.0,117.21
3811,121.0,125.28
3089,188.0,158.82
4062,133.0,133.6
462,137.0,121.14
3473,122.0,129.71
1457,130.0,122.62
3114,114.0,139.41
703,135.0,141.16
2877,114.0,128.29
575,115.0,118.41
3384,133.0,129.05
1590,134.0,133.09
2606,152.0,145.31
3951,143.0,146.01
3786,152.0,142.05
854,107.0,114.53
470,123.0,130.56
3493,94.0,107.21
3971,114.0,112.02
3977,142.0,117.85
1242,114.0,125.28
3863,128.0,136.66
2605,99.0,114.23
4076,104.0,113.32
1636,106.0,126.78
1068,118.0,127.61
828,118.0,125.33
3789,120.0,120.94
1989,113.0,117.59
3476,120.0,116.67
3815,149.0,148.19
1934,131.0,129.97
3793,146.0,142.11
1699,103.0,128.92
2930,94.0,104.29
3722,140.0,142.41
3122,132.0,135.63
1933,141.0,132.99
3418,140.0,129.46
1657,160.0,165.23
1958,140.0,124.27
2042,141.0,122.09
1625,143.0,128.63
4052,115.0,120.85
630,122.0,127.79
3450,101.0,111.72
528,128.0,132.05
3701,125.0,118.14
326,134.0,138.22
2823,115.0,131.11
514,137.0,145.59
314,122.0,129.71
505,145.0,127.56
3125,179.0,142.28
3638,153.0,127.79
971,139.0,129.62
3336,108.0,123.52
1927,107.0,116.05
3540,113.0,119.94
1423,118.0,113.1
2254,120.0,130.21
2032,135.0,125.21
3867,103.0,113.66
3438,135.0,139.04
742,146.0,141.77
749,114.0,122.96
3308,100.0,117.65
2563,161.0,145.74
659,136.0,140.53
1047,132.0,136.52
3778,134.0,145.45
905,147.0,125.74
2027,135.0,118.35
3852,134.0,124.12
1002,102.0,113.73
1929,122.0,128.98
1427,145.0,125.96
1213,125.0,126.14
3478,159.0,120.99
3398,101.0,109.83
3116,123.0,112.63
1772,127.0,117.53
2932,117.0,118.2
1902,109.0,111.01
3029,108.0,119.77
2088,124.0,134.01
1644,162.0,139.88
4038,128.0,127.52
2901,146.0,135.58
3075,149.0,126.87
2354,106.0,119.91
3610,153.0,154.89
718,113.0,116.51
3737,167.0,131.85
490,115.0,120.76
1076,129.0,123.0
337,108.0,111.65
3798,118.0,123.92
405,135.0,141.25
3912,132.0,125.44
506,116.0,127.84
2773,113.0,122.03
3077,145.0,141.45
2786,111.0,109.07
2876,133.0,132.43
1575,134.0,122.65
3447,155.0,131.28
4124,140.0,133.12
951,117.0,112.58
1716,113.0,124.99
1731,125.0,132.18
