,y_test,prediction
3698,100.0,113.68200214052335
3998,139.0,147.36736000658692
2590,102.0,102.75531341132549
3824,113.0,118.90029143883662
2893,144.0,129.45224536444329
996,137.0,138.3493615092686
445,144.0,140.5705701960004
2595,143.0,137.42638002258582
3562,164.0,152.0130268139335
4040,155.0,154.9501503303057
3622,150.0,150.33740327520252
1621,105.0,119.33234394246821
1671,96.0,111.89579028133254
683,100.0,107.43035434729846
689,144.0,130.88013932786288
1571,163.0,134.42167628373454
2382,90.0,107.22231869417831
2647,105.0,111.60342600636486
2050,120.0,122.4676488794159
3576,89.0,108.73401637974732
789,131.0,136.76749331330376
2510,130.0,128.56569085498492
3082,124.0,127.05714888465023
1441,109.0,123.65889392649088
3710,155.0,157.55832890117017
2586,113.0,122.02113196691525
691,129.0,136.79093133988013
864,156.0,121.25675932732881
1051,132.0,133.79086245647045
2630,136.0,128.98112442534654
840,118.0,130.3214904256917
2976,123.0,124.42260211305586
1455,136.0,133.22994275360122
727,124.0,123.24629823317099
3443,96.0,127.17897222589146
2505,134.0,132.87309645414197
3568,117.0,116.68262807954919
1790,136.0,124.47465616513931
695,119.0,119.02954757031551
2751,86.0,99.62502747837416
719,103.0,110.6698645398751
3836,153.0,159.267744260018
4080,172.0,164.10098704490218
3690,132.0,129.71597497867776
1681,130.0,118.37854242301913
2459,141.0,140.99996580047633
3857,122.0,132.76230887580778
3377,101.0,96.7254846356296
2747,122.0,131.52531950692585
3725,174.0,148.08469005839697
812,140.0,126.19791238613209
2817,94.0,111.39494028233378
910,136.0,134.66376362001432
3937,145.0,133.81341286584978
2631,134.0,135.19404139361745
3096,176.0,146.95657088206218
2635,140.0,134.81862722212736
3686,113.0,127.6783077087594
3100,143.0,135.704263296638
3925,102.0,112.275371713598
3587,121.0,119.5784291908947
596,124.0,132.40347536878446
2556,131.0,127.66324649387076
1718,110.0,121.74147473719363
4010,121.0,127.0890658299128
2324,108.0,112.35891516171245
3806,144.0,128.3502984165384
2090,137.0,135.02527339376311
3609,124.0,128.4279026753777
2083,134.0,131.90015681532435
665,151.0,152.8752622279746
461,82.0,102.01426676940582
943,128.0,139.8042856245927
3614,123.0,122.59229241725103
2904,134.0,137.17109657513745
2286,138.0,123.3581154431475
581,121.0,121.8654241043456
3567,116.0,135.29251137091507
2796,116.0,118.00544784235444
2840,158.0,131.6349671849859
204,120.0,119.13010281372861
1676,130.0,129.7326297014183
273,118.0,134.84058301678644
4098,133.0,114.42652224825791
442,80.0,87.1626529311541
743,124.0,126.61319104800438
3108,142.0,136.6985966474962
492,121.0,123.40505226457002
1978,130.0,106.39239062229667
3712,158.0,150.13580306577268
585,150.0,142.94067032453194
2031,122.0,115.72178673061555
2053,147.0,149.70482707056453
4088,112.0,117.86263261371973
2180,132.0,112.3294257312308
3933,153.0,138.57008306755802
2074,123.0,111.48481183364935
3647,110.0,120.65395578197106
3411,111.0,119.35304745991381
3597,93.0,112.64028017927306
640,133.0,143.91176742854088
3048,145.0,135.0990148056905
2601,136.0,140.62545586413694
768,102.0,113.30618209137243
1656,124.0,126.91437853589348
1985,134.0,134.11080388644606
558,117.0,127.49588180287591
2784,97.0,107.45747213658201
1579,113.0,122.15893239292326
2847,169.0,142.8910778332817
3383,128.0,135.5200451696806
2953,124.0,137.91969028697696
3691,118.0,113.67373559329889
3397,109.0,121.40480117816715
2617,102.0,115.34765167296261
899,127.0,144.11489638529218
199,122.0,136.48950755642358
2816,123.0,140.34079921861456
1574,114.0,120.69910816371754
1868,133.0,130.62425808286608
3419,120.0,132.22407155604594
379,135.0,104.08179283391412
2620,123.0,124.66749017233354
2608,133.0,121.26328489856849
1065,142.0,130.83517843582547
1706,145.0,128.79818302379795
3878,132.0,143.02664861384505
1739,120.0,125.36651740527066
2879,146.0,121.78972280920547
2927,125.0,135.85689601295945
571,132.0,131.42925747094682
3426,124.0,121.37049468485054
3889,135.0,128.08192922736546
1971,125.0,130.96199479125391
2500,125.0,133.22455706979926
3436,110.0,123.20028410761542
281,108.0,111.18173918274117
1755,132.0,139.111170780161
269,116.0,119.33811804096415
3987,123.0,107.08597510689852
767,134.0,131.9986143030059
242,112.0,111.92835606053849
2668,109.0,109.29691004481175
2203,140.0,135.8469051904545
556,150.0,129.23045353630715
291,114.0,114.40819804716911
1997,143.0,134.189515721126
423,129.0,137.91782634835175
3020,123.0,119.53187510337183
1583,109.0,112.62145688815845
715,128.0,121.03085181193873
1058,131.0,122.62593327250084
799,159.0,140.39771241458294
2028,105.0,131.38523202767706
673,131.0,135.6750682639152
3058,120.0,118.56311209533006
1709,133.0,144.616129614138
2944,172.0,138.8902383469574
3611,106.0,126.19865838250644
2943,147.0,138.40774184857685
1960,124.0,128.41768415549146
4039,179.0,139.77761663451713
2035,151.0,140.31486531356802
977,136.0,119.91512249227462
2069,124.0,128.77049812285253
841,158.0,133.22489570791987
2411,126.0,119.28583045875752
1466,148.0,137.01429806727577
2447,149.0,122.98407902156902
241,141.0,114.07586367730066
3364,161.0,137.31481602675376
641,120.0,126.58680268844019
3578,157.0,135.16695114749206
776,131.0,129.10960986995923
1895,105.0,111.0299870809578
1475,158.0,142.03208367073051
3312,164.0,150.05161565149962
902,160.0,142.22170577351676
310,95.0,106.61352064625449
862,110.0,125.14832940928963
420,144.0,141.73085673843133
963,117.0,120.03639644420792
3957,126.0,129.18365207221166
2676,108.0,119.48970874585127
723,156.0,130.85779583833715
2764,129.0,135.78073769843974
3582,90.0,97.06864182443414
1501,153.0,130.00551340214366
3946,131.0,127.72938792974942
2071,125.0,140.6125169655832
2984,117.0,122.75296885850342
1637,111.0,129.54317950394247
775,127.0,131.78988162819027
2208,108.0,118.51807269499005
2818,125.0,133.78993594741638
1468,120.0,132.29851491728675
3825,107.0,113.9331461868411
1662,100.0,123.9211971401093
2205,120.0,131.65920556690205
714,131.0,130.09868318687157
2790,119.0,122.51666295878161
1357,122.0,129.3821742089097
751,129.0,105.72426641038446
2766,117.0,120.12056351169713
3586,109.0,132.41668893959516
2169,141.0,137.06582747075788
4025,127.0,123.60436808320188
3396,119.0,122.81757360683993
2758,117.0,122.3735071523074
2225,104.0,104.58037931236609
994,132.0,125.93832948887835
278,142.0,144.83182415225014
1742,106.0,129.897264438195
3050,97.0,117.22560924673044
4034,139.0,127.58482876992773
2933,145.0,128.4007939128062
256,150.0,138.33418813210824
986,151.0,132.38114354695182
2547,126.0,129.7185692794194
584,127.0,121.8951410276857
2813,118.0,141.01651113547155
3616,176.0,136.41229872874064
881,133.0,135.1399931932014
3960,120.0,127.50015946355603
821,122.0,122.68398619247523
1975,152.0,115.04457636102975
1900,164.0,149.58063673426614
1009,153.0,136.52125259724315
712,133.0,132.7687771401134
1848,130.0,121.35532399987414
1394,120.0,112.74760990842762
2527,122.0,120.98281057262582
2025,145.0,139.08471084390868
361,152.0,138.60543884089202
3506,137.0,134.30292480193833
3794,118.0,124.49666327094643
2052,87.0,132.84732286630475
945,100.0,116.43504468845312
3361,129.0,103.0666100305574
3446,115.0,123.87718677436011
978,102.0,120.77569429732112
3969,124.0,117.96023987749707
3685,96.0,131.36075079207535
2763,147.0,147.4422204354052
1558,129.0,123.62749678129897
4127,123.0,134.65478507538919
2046,133.0,132.1809873434641
2669,130.0,107.51095062802602
3590,96.0,111.51119892638222
3514,118.0,130.68325245793324
851,99.0,107.60408151329386
3507,125.0,136.0802563226346
1925,151.0,145.85289181822833
3403,135.0,149.55131104699586
1741,141.0,132.90236310254676
3927,119.0,128.00359466515425
486,105.0,121.0804984334574
1612,121.0,131.36107259284427
2977,144.0,117.23315673817054
2707,115.0,119.73613482648044
2852,133.0,132.0082929700279
3962,154.0,152.11092154854344
3427,139.0,142.95018539350355
3696,143.0,137.95206078810702
1241,118.0,118.78439269212295
2815,112.0,132.24506252785284
626,106.0,112.80143142823633
3739,128.0,132.22670275261476
696,127.0,120.34778183573044
2600,120.0,126.13513558875907
3627,122.0,117.15924568283471
3530,125.0,122.93970124441347
785,136.0,119.00317308036254
2921,121.0,131.96009814013388
1885,136.0,135.12261464850155
830,103.0,111.19046444668538
1998,151.0,141.72411456183016
198,101.0,105.03247281317104
2958,139.0,117.95679632708043
2743,115.0,113.14601832474129
1795,115.0,120.52601833762073
3593,107.0,108.41827647187928
1307,115.0,113.11069594030324
1653,127.0,133.02548115127985
434,114.0,127.36221813485643
413,119.0,115.69603983854249
4027,117.0,122.26049051484094
240,146.0,144.38866712704737
302,125.0,130.53190211140344
1702,110.0,108.70828572969239
1887,119.0,121.70050024206886
539,103.0,103.68457644295476
588,116.0,111.70108253319275
692,133.0,116.64492210056326
2044,119.0,125.11946917567796
1461,130.0,138.93084860894663
2754,149.0,135.18496489620026
1725,121.0,119.10842834194275
3592,125.0,126.33122007195126
390,118.0,114.7317820931584
2592,111.0,115.23792809954499
3041,104.0,109.83083664546695
1685,122.0,119.26675591697094
4031,135.0,128.95803020292547
2974,103.0,112.45938220217367
1723,110.0,126.9944774503995
372,138.0,156.09718168889935
2067,119.0,114.95772222634545
2014,121.0,135.36265885372234
1713,118.0,122.64863467507692
2989,123.0,124.87622771685027
3432,117.0,115.65268913844143
2692,120.0,122.70412883439853
1828,139.0,129.50620981031864
3253,139.0,142.112299676833
1863,147.0,148.0083919218426
4109,117.0,128.81582563505873
473,142.0,98.00362550568624
3069,124.0,140.44952290832055
2896,108.0,113.7175047225799
2929,164.0,127.36306397304425
417,104.0,109.57003947498266
2097,165.0,146.7926865938707
3814,114.0,109.46334300390829
1456,170.0,121.93070899506083
2554,125.0,119.66169552212448
3849,113.0,112.23636052362356
870,99.0,107.60226578587816
3109,120.0,119.26330075671439
393,132.0,118.64111823700227
3599,139.0,129.52756446223287
1785,166.0,140.11194166256695
525,119.0,112.8840685102067
3327,141.0,140.8504761289144
1789,131.0,129.68996314435725
2002,133.0,131.42992685471668
735,139.0,131.2417867929418
956,119.0,126.27939421031401
3877,154.0,150.15583005619538
3746,105.0,120.28585657192049
3740,131.0,113.04818274317162
511,147.0,129.97776503787168
3016,187.0,157.2930604506504
1911,138.0,132.19332811071405
979,122.0,136.72463883521655
3733,133.0,126.35528250044428
508,136.0,126.68009426163138
802,139.0,122.88845887094669
1869,135.0,132.80210324232695
1524,163.0,148.23378861670676
411,116.0,133.84612043650043
701,135.0,138.14523502016596
2945,122.0,131.2561212363588
3990,143.0,141.60135155732456
550,123.0,114.81393268524288
2609,140.0,131.92878976479955
804,102.0,118.4518088564696
3081,130.0,138.16160496203776
373,117.0,114.93018863205407
3984,153.0,150.87729846419126
3321,125.0,116.07756367168417
1569,120.0,126.9786084385009
1796,127.0,110.87583375435686
1969,115.0,120.53100372213642
861,114.0,122.98296086340366
3577,108.0,151.85961003080342
2224,127.0,109.88027555167156
2662,106.0,113.47792263144727
4006,111.0,128.3506155612362
800,126.0,125.47998695953878
2892,137.0,109.48075750163707
1071,140.0,140.37795921880797
1844,150.0,148.09251886583104
460,109.0,120.46348232202918
3542,148.0,121.45848713303003
2873,128.0,123.31930390641182
638,123.0,133.46521853515395
688,114.0,122.00462178725911
1597,115.0,117.32088612242524
2828,138.0,143.53872588270298
2730,127.0,131.4786560383448
760,111.0,125.56604316193454
3920,118.0,130.88505743010327
2026,110.0,127.15280798611174
336,132.0,130.02026870861886
1029,120.0,129.0496377062114
822,106.0,120.75236481618889
1351,103.0,102.95068639978031
2777,135.0,139.94962877522613
598,130.0,141.06986462487572
1746,113.0,120.83179094674277
3569,168.0,140.71581829544272
1777,107.0,121.31401345211681
3671,98.0,111.21333305710728
1293,91.0,113.37926716518754
2485,92.0,112.94114763536251
1425,134.0,123.9918268353726
750,138.0,122.61620994196042
448,124.0,127.40004878863584
2949,114.0,121.31037383564521
3317,139.0,136.26485169349888
548,109.0,110.3900866406258
500,103.0,110.87674479405884
3517,126.0,125.22836283611521
1974,119.0,126.41647231686316
1021,112.0,123.44200330162735
3964,173.0,161.4907125949507
746,136.0,130.8334835165976
4099,123.0,137.06947604403
1736,124.0,118.01906349091465
2919,138.0,126.89397238971249
2995,130.0,133.6669696096475
3322,156.0,154.2087309215226
2532,133.0,125.16135968898882
3758,140.0,127.8017352411042
2015,127.0,143.03044314835915
4011,107.0,130.58077783023688
3732,107.0,132.49556057373002
1915,165.0,138.01635155070386
2267,120.0,125.88834961547262
331,100.0,112.90795850969042
3338,119.0,129.19053986678784
3819,137.0,107.14000962307077
3828,130.0,135.16919358189824
3127,122.0,135.3855003366948
865,146.0,146.00086790877037
3022,155.0,149.67400544602134
3642,122.0,126.6468871116224
2073,121.0,133.27637325703583
3190,115.0,117.52237479753911
478,127.0,118.90188057145438
484,123.0,132.35916520958887
1921,138.0,142.94489539722457
1635,129.0,130.40632774388638
339,110.0,124.0348942652095
250,128.0,134.90793202343366
2523,120.0,126.49218711977964
1362,147.0,124.94427846100541
1557,120.0,119.46469402070836
3997,118.0,124.73489228586696
2856,143.0,144.785690242658
1601,114.0,125.14421987685802
3670,139.0,140.80807096601654
815,110.0,120.25536527059974
3802,114.0,123.86189189628864
4136,183.0,152.63003568842527
3764,107.0,112.3319339557897
3130,130.0,121.55029727509113
1391,125.0,124.67269701699276
832,145.0,123.06302778823917
2013,110.0,112.89596151515057
3811,121.0,126.07889533036013
3089,188.0,146.4976817495156
4062,133.0,125.97080424565354
462,137.0,128.7849083051977
3473,122.0,128.3508084343243
1457,130.0,125.88986259215956
3114,114.0,135.16988391115154
703,135.0,140.54557181631054
2877,114.0,131.67765381876887
575,115.0,118.7342747653195
3384,133.0,125.64464567810916
1590,134.0,130.5685563584195
2606,152.0,145.05542860930507
3951,143.0,144.42303188771865
3786,152.0,141.11888659766106
854,107.0,117.39596354295074
470,123.0,130.70678767101717
3493,94.0,114.21422584124215
3971,114.0,112.07484758707218
3977,142.0,118.89238951488825
1242,114.0,129.5085373892445
3863,128.0,138.44950593529205
2605,99.0,110.33274729440589
4076,104.0,114.3491091864841
1636,106.0,122.2065770185621
1068,118.0,130.16335841611163
828,118.0,120.70556086064211
3789,120.0,116.58655413844028
1989,113.0,120.81160836295098
3476,120.0,117.98107076001503
3815,149.0,150.44759728861686
1934,131.0,139.9773722116708
3793,146.0,141.56494650224374
1699,103.0,109.15714001194233
2930,94.0,105.6668218978738
3722,140.0,141.71918430044423
3122,132.0,130.32055394081345
1933,141.0,133.07601181774643
3418,140.0,135.73567697775636
1657,160.0,152.82508299293255
1958,140.0,118.85021975016001
2042,141.0,128.18002660115695
1625,143.0,126.66869883222157
4052,115.0,120.78533907537347
630,122.0,127.03575681109048
3450,101.0,113.88408188173045
528,128.0,136.9229436702206
3701,125.0,116.45916278450251
326,134.0,135.81189883787175
2823,115.0,134.62291360581958
514,137.0,138.74260557180645
314,122.0,131.45586234180627
505,145.0,132.4567072771804
3125,179.0,172.67148650184453
3638,153.0,130.14428550708382
971,139.0,131.97573852041086
3336,108.0,119.83891747073771
1927,107.0,116.87641452120464
3540,113.0,122.17197961416574
1423,118.0,120.26052052119
2254,120.0,134.27564814617745
2032,135.0,127.82210618072126
3867,103.0,113.51907290448126
3438,135.0,138.74930087762033
742,146.0,136.09695063215432
749,114.0,119.65615020386291
3308,100.0,119.2567081892585
2563,161.0,147.38794772096145
659,136.0,140.86761437270422
1047,132.0,137.54075300768704
3778,134.0,137.28860781308362
905,147.0,126.81267188665853
2027,135.0,115.78642143671398
3852,134.0,129.96551938173073
1002,102.0,107.69420957222593
1929,122.0,120.88160377952883
1427,145.0,131.35616419781235
1213,125.0,131.56578284246194
3478,159.0,120.26085385943297
3398,101.0,116.75012647985902
3116,123.0,116.67479126116437
1772,127.0,118.50811298514182
2932,117.0,123.3244915254253
1902,109.0,112.37452177114939
3029,108.0,120.15074489323806
2088,124.0,132.4638597249423
1644,162.0,140.8998538321182
4038,128.0,129.4118807427906
2901,146.0,135.1728797085811
3075,149.0,132.45480695648314
2354,106.0,107.09026605119868
3610,153.0,151.6592038612713
718,113.0,118.6250314057265
3737,167.0,129.64313216293885
490,115.0,126.76414660009527
1076,129.0,123.06995169080318
337,108.0,113.20010017107514
3798,118.0,123.13090941781903
405,135.0,140.17005612043994
3912,132.0,125.14441740139819
506,116.0,129.3046674403763
2773,113.0,122.1758360308703
3077,145.0,138.83126444375938
2786,111.0,108.49847291827582
2876,133.0,130.04566094237973
1575,134.0,125.33569534891753
3447,155.0,131.711763757626
4124,140.0,137.0614763268449
951,117.0,117.32100142710459
1716,113.0,124.40997871142059
1731,125.0,128.72044514282587
