,y_test,prediction
10729,134.0,135.58350738054975
9294,124.0,138.26657850521815
12520,134.0,119.48444188293209
7807,118.0,102.94575966557804
21731,131.0,130.80596133803044
8636,113.0,121.91767737060242
14226,103.0,135.52500292587882
9092,106.0,124.45378760245886
19602,124.0,127.89775569599466
5822,145.0,127.17299370760239
2729,133.0,133.91882535814065
14357,120.0,130.89356971159074
5145,137.0,135.93122038187454
14502,119.0,114.09976241160419
15261,94.0,110.302910338416
13300,105.0,129.06207883984706
4261,147.0,125.41765291640175
10586,118.0,104.91853985053687
648,136.0,139.7440632439881
8811,117.0,131.35719556539237
22219,133.0,113.49195571790291
9979,141.0,147.8114632818573
8881,135.0,136.56255842313536
9908,186.0,139.2775819905972
13302,141.0,126.62935783934613
9368,131.0,136.8337966246695
19609,153.0,152.92594199537976
17560,128.0,118.81349767706543
2302,131.0,120.74313689985742
19195,126.0,112.68107756309564
4435,122.0,133.82910096602956
10076,130.0,121.27414530029023
7943,141.0,132.95505295536358
1853,110.0,136.68527654349413
20458,130.0,141.49004122497792
20111,149.0,136.86912173575354
6289,110.0,114.85799045035856
21386,130.0,129.40406453248266
10232,113.0,117.04921085173584
1930,107.0,114.06255114151635
14176,123.0,125.79663213720885
10557,107.0,115.3830799617838
5371,144.0,144.1443821361677
9025,116.0,119.17266861478547
15964,138.0,118.17222048989834
15395,111.0,115.96476254535749
4688,102.0,126.79113023483603
975,112.0,126.67532897998916
1392,110.0,120.40749124919314
22319,139.0,128.01066852852665
5725,132.0,138.5385787092725
7537,121.0,123.99307609957826
16492,162.0,137.8896299988935
5788,125.0,113.86646257973216
20620,120.0,121.62361181562973
4775,133.0,127.71610321335976
10102,141.0,132.65087395348962
21936,138.0,124.59411153044287
4932,102.0,96.87927165487383
15038,106.0,120.10496652453968
22345,140.0,138.1005065555788
19255,125.0,122.20209139221485
22133,133.0,137.7810678769308
4180,125.0,128.7072584618822
5397,122.0,120.7942192404524
10447,143.0,146.04715336744937
5804,118.0,130.68614695866745
17764,109.0,123.33145400742333
8540,131.0,121.46778449807968
14466,120.0,113.92067353279037
5614,120.0,129.34272318715293
19952,127.0,136.2878272091879
10392,141.0,136.97987929470585
22231,119.0,129.30233729804525
14592,120.0,120.39868744154197
10242,156.0,144.48732320506085
1780,87.0,107.65541790605526
14642,136.0,121.42638857442394
1883,124.0,130.6465937845679
15951,161.0,143.8164366373257
20353,116.0,132.91005135335112
3702,124.0,111.67635661101085
14677,135.0,142.08008130039187
10225,133.0,129.155982258787
13446,125.0,126.86649213354765
19298,135.0,144.5514740731253
21867,134.0,138.93997146366326
16152,121.0,108.59133253353208
7481,118.0,121.22111282287018
9861,135.0,140.9004791946725
11204,159.0,149.7981231231187
21669,132.0,124.35967615859991
5024,176.0,152.68267629470444
10639,149.0,146.76533305036207
16483,122.0,120.24664755146135
20833,68.0,98.97829847540537
2135,108.0,120.1886270561607
11036,147.0,150.8361777899009
15684,131.0,133.0673579443782
5655,107.0,115.79797879782863
8284,132.0,126.13814671723667
15729,123.0,129.80389638804243
8591,120.0,131.33493436975624
21442,131.0,131.93534756949194
8092,117.0,124.22928217546963
3480,123.0,133.53329801279932
14463,120.0,113.92067353279037
20014,98.0,116.9576914927654
20280,116.0,115.96058728911146
16196,174.0,155.703976998144
22013,124.0,135.77682171349625
4815,113.0,123.84751060404349
8949,106.0,121.80409263688142
19789,110.0,120.0279994128899
2006,148.0,148.42771506167495
15827,122.0,123.56517479784482
3252,149.0,132.19744634650857
13438,135.0,142.60858062025727
9047,124.0,127.47012749155202
8057,126.0,120.88047746712469
22178,136.0,141.13316833899287
9032,139.0,129.31068216205333
22359,147.0,134.19731899055617
2071,135.0,140.39197568628646
20557,94.0,110.80268613561377
19494,109.0,132.89260612528804
8017,148.0,136.94000048439673
361,117.0,119.59353242616076
18139,167.0,147.00292715147833
14922,133.0,113.51512508225876
20869,110.0,121.96710061046475
2616,117.0,117.82469996449797
2944,118.0,134.63743159644565
3269,149.0,110.06100106611586
16502,120.0,118.97994902724172
5373,99.0,108.18869367196955
2987,131.0,144.5555037416146
18309,129.0,101.94646654025087
5671,121.0,125.76129143666309
3926,133.0,132.60896916559972
15897,147.0,139.58622784937037
7375,128.0,121.7069420969938
3120,137.0,126.13414070529919
8059,158.0,141.05810704907154
5744,132.0,133.7332738984062
3795,161.0,147.9220635295396
15292,121.0,129.20295766724735
1509,117.0,134.15372145666117
19319,114.0,121.37099392364273
2903,128.0,126.14501653846655
14920,133.0,113.51512508225876
14653,92.0,100.80671244939293
11897,107.0,111.59354182757123
21426,140.0,128.00494869614704
14330,90.0,95.42332192437703
15902,172.0,140.52132734944036
19725,140.0,132.02504829518142
21901,128.0,130.2897351509841
2589,123.0,132.72805040479304
7358,141.0,135.9361664163275
15310,140.0,136.33561225311013
21705,139.0,149.24660625475425
7174,150.0,136.2467481811305
17948,118.0,122.89856805889045
9756,131.0,130.37712526879008
4783,164.0,143.68681162041386
20814,107.0,113.93422874168773
9034,139.0,129.31068216205333
16154,136.0,135.24841927792002
2568,119.0,105.41982156847867
13538,120.0,134.01616603536687
14227,103.0,135.52500292587882
4777,157.0,150.94040134201484
6796,96.0,116.67314165381481
11054,119.0,125.26226272761203
3669,119.0,122.97595552271738
18643,131.0,125.1141628293595
10856,128.0,133.0420000285252
21516,129.0,134.3832485214635
12675,117.0,115.27297609960294
1806,57.0,125.49078522892314
14853,136.0,140.24145149826685
1642,162.0,156.8085504250272
19260,149.0,131.03504679262926
13627,124.0,120.53850043855655
16233,145.0,143.0447303359413
13745,106.0,118.40146303762802
3856,127.0,119.47250908308564
10632,119.0,124.842712793115
8782,110.0,124.1314208058161
8009,147.0,148.77303177196038
7553,163.0,104.54979874015801
21685,143.0,128.9191258635725
719,123.0,119.29154254828487
21895,129.0,133.44681997680132
20688,148.0,131.99450855814104
1910,111.0,117.63024113297377
21192,124.0,126.53586056012723
5185,117.0,117.14244055469796
16682,160.0,148.19980027066916
19897,98.0,110.54126938724893
4786,147.0,123.24895474774813
8676,133.0,128.53461121351407
15668,142.0,140.13871103386043
1023,124.0,112.70804756168843
1983,142.0,137.43789322979913
20153,110.0,109.37442334275475
13904,120.0,119.74331820733087
3428,104.0,120.55918768029372
11276,124.0,132.82335003147097
5680,118.0,127.91828026680155
5786,125.0,120.8386535755731
16480,140.0,127.44118395669203
3312,119.0,125.12641573961655
21467,143.0,146.0881497202966
14855,136.0,140.24145149826685
21791,115.0,124.4280785297349
2553,127.0,117.81364941004044
5479,142.0,132.4097562520548
1583,125.0,130.390469167157
3630,128.0,132.78904081061972
5295,140.0,139.10726601124395
11174,133.0,135.2500727196581
8969,92.0,109.67528559263907
19417,126.0,134.722463926765
15851,145.0,129.07854286857471
1274,146.0,144.83507254823837
13783,131.0,127.10481943681249
15396,101.0,109.97938837719936
13520,130.0,128.77584856093227
11200,125.0,141.77441712792486
1409,137.0,134.7204718025222
9962,143.0,149.6049967161612
10393,141.0,136.97987929470585
17570,108.0,114.44159332725158
20440,145.0,122.60732789472213
5477,142.0,132.4097562520548
21644,134.0,130.55929258357267
7182,124.0,144.51311028518853
2409,137.0,127.29061375740693
17611,99.0,112.68200675179014
2795,116.0,89.86455700656815
21543,125.0,137.3688735230165
2975,126.0,122.0441473312842
5733,127.0,137.43514663903025
21281,140.0,122.78113651353047
20612,146.0,141.47855631857348
1811,127.0,140.33226605937486
13863,129.0,131.83420515257194
20062,141.0,132.7316336564205
11277,128.0,135.16700926330202
8106,123.0,129.09589027249473
1276,146.0,144.83507254823837
18681,145.0,132.14410320059315
2027,125.0,123.28077127265657
3611,125.0,120.18347126117413
935,116.0,125.7525978039479
22217,117.0,101.8293208364702
21013,94.0,110.64186306105465
2017,132.0,117.87831474965746
3007,120.0,123.04081784426778
4806,133.0,136.2713427071423
9796,127.0,110.33706285680555
14347,128.0,114.09041325630457
21480,140.0,133.86768517508753
20118,130.0,129.60613893867975
11241,148.0,144.3470480646237
15385,132.0,110.20411597513159
9954,117.0,128.89542347880513
4392,139.0,122.60409127061413
21327,118.0,131.44492977016677
4554,117.0,114.82644508709176
22300,131.0,135.45861962198592
6667,118.0,118.21515070309509
5794,139.0,127.60341511992672
18639,120.0,131.62131065445664
5155,128.0,140.26946532260857
5230,132.0,125.20946816182638
22242,107.0,113.48230731282071
20357,137.0,143.40724843780376
22261,124.0,121.59244028897464
10005,132.0,132.51284959760167
21388,130.0,129.40406453248266
4699,127.0,129.39856102717505
13171,149.0,123.20461975979555
13695,140.0,113.3380891134726
3550,124.0,125.52080212213374
2189,132.0,128.6581247530781
17080,140.0,127.23977615526533
22390,183.0,152.82739553233046
9154,126.0,130.41108383582548
3636,151.0,151.6633086282501
19747,158.0,131.18810979859046
19104,156.0,133.54016653123963
18808,143.0,136.7316226939691
4431,118.0,126.70910444686083
3995,156.0,131.12167120090947
3294,160.0,126.00049087550126
14936,149.0,135.93949034673597
2374,127.0,131.64474895753426
10908,137.0,140.76393046900907
8165,112.0,122.10980625091567
1718,134.0,136.23357329831447
10280,119.0,121.27985676675667
3462,118.0,118.77185268695462
22140,120.0,119.24653331220931
2229,136.0,140.14734795477526
14519,141.0,120.45528001393367
21400,100.0,110.58045398577255
19647,122.0,117.81909334349682
14584,105.0,108.64586616664288
14640,136.0,121.42638857442394
9331,116.0,117.48059646506677
4465,168.0,146.7079669554507
3258,102.0,100.98996745847117
14015,121.0,116.73039839450108
8306,158.0,125.0463187566283
5428,137.0,139.4987473448231
16840,123.0,116.14184012091192
11044,141.0,128.40457012116917
8020,123.0,122.98085002832343
10569,131.0,142.02668731027677
10962,157.0,156.14612476704104
19841,131.0,125.38937959160212
14404,149.0,139.35859949095183
1864,133.0,133.9986640348079
15549,128.0,124.13624178001548
5575,125.0,131.75653642441839
9348,118.0,122.41023088688512
9544,140.0,138.80476652971322
9006,135.0,123.57610363489835
1918,127.0,126.60796681455514
490,145.0,142.30197807873913
20551,156.0,151.06693768736937
2598,112.0,120.3249361512989
9571,132.0,139.04438571887175
16311,108.0,120.43459184910373
16438,147.0,115.84419847160576
18242,130.0,143.8571232339916
16383,122.0,123.88850929382586
3170,121.0,121.9374695333817
18078,100.0,114.98799917688703
16107,108.0,124.76866334105262
10424,165.0,138.74850997933498
17467,107.0,121.3908614848873
21212,110.0,121.90277586750052
20621,143.0,127.41570889598282
10594,139.0,119.05049790881094
2132,119.0,115.27100383805245
1877,123.0,128.9591309357017
5591,143.0,151.73885426244684
20641,99.0,105.19861915903618
20042,132.0,129.5325052009935
8071,120.0,127.18587164773608
8573,128.0,120.08796037422333
5771,131.0,122.935644113009
18534,159.0,148.47890430422288
13632,145.0,139.52213170349734
14029,161.0,118.99849367264844
3404,107.0,117.7607613154131
20066,133.0,132.02385574976248
2064,170.0,146.68139930423618
16659,124.0,128.1671149015802
14646,116.0,123.70367736015321
13640,115.0,126.2212974765365
2724,113.0,121.90766613194799
21058,167.0,146.03871366629238
8056,126.0,120.88047746712469
14623,149.0,122.498847954765
10865,129.0,133.53977447284143
18654,121.0,127.67130008192613
8972,136.0,133.09603589812895
7797,125.0,123.76444919363051
8605,114.0,119.91528251079303
1375,125.0,133.80487840580622
9238,120.0,107.57778331865335
1209,124.0,135.07800663901736
20808,113.0,118.30608464307932
1898,130.0,131.66607637544163
11876,127.0,121.4941373386436
16000,141.0,135.96289267344056
16221,137.0,154.37038467616415
16794,142.0,136.36089114672345
1735,100.0,112.3925731834404
10644,138.0,135.24389907100712
20116,130.0,129.60613893867975
2507,100.0,97.72030629357202
2257,113.0,118.62001641691539
4177,115.0,114.47135173165289
13363,132.0,109.12459420046918
20002,118.0,116.24963862748366
19456,90.0,95.74152525587168
15326,120.0,128.06677721251432
9701,159.0,145.0034806387269
19386,140.0,130.25124707321157
10091,125.0,136.64480711614942
1762,118.0,94.21831512560706
20241,174.0,148.68258366375082
8757,114.0,124.96571384941295
4302,142.0,113.762597129702
5501,134.0,159.16434364758058
18728,96.0,127.32721335253561
20947,115.0,128.54070162415553
9735,166.0,139.24773969206166
10054,108.0,125.69975990595155
21845,127.0,124.37640305614667
19575,104.0,129.82716856531593
15348,130.0,137.26560032980126
4808,123.0,133.64880612337745
2180,108.0,101.0325183498088
22209,120.0,119.71590925235547
4797,124.0,138.57248170360145
20866,110.0,121.96710061046475
19486,152.0,144.0971694819983
12636,106.0,108.16956841131274
19476,142.0,141.55670045770242
18645,144.0,113.20096659719367
2324,118.0,120.93191669922122
22391,183.0,152.82739553233046
18771,155.0,131.61501372166708
7670,101.0,111.13278609312253
2745,120.0,115.52511828621259
18982,120.0,117.38851099481484
2411,125.0,142.50140231295308
14776,142.0,151.30629962142257
5447,128.0,131.9735456856384
14281,110.0,110.02740877536915
11016,124.0,142.4524977387885
14406,106.0,112.22464501404804
5821,145.0,127.17299370760239
3012,120.0,124.31824954612053
11129,149.0,141.85347922184846
10414,115.0,117.11995338290919
3791,144.0,131.8682461727883
22051,118.0,115.11218340937353
15909,106.0,111.67915049122611
21395,164.0,140.55745900335523
2494,142.0,97.36480544271069
15486,125.0,135.67481658675828
10827,119.0,122.21014170327436
4434,122.0,133.82910096602956
4600,118.0,121.49753690146179
19710,131.0,127.84631541802429
5764,140.0,131.6197681656046
18421,124.0,115.00190283079117
14910,133.0,133.1487144331587
18239,130.0,143.8571232339916
18860,150.0,147.83494697488868
3978,113.0,117.15468841707538
9123,130.0,130.1478436877757
11025,127.0,141.40036317977285
13294,142.0,119.0972182470457
1309,111.0,121.85885494939401
1436,116.0,118.88895780272118
21130,161.0,149.2103590313629
14256,100.0,110.67301130620558
20995,106.0,117.88394431819923
13327,125.0,125.62576699952292
16111,139.0,129.217211926331
9177,122.0,119.27555665803007
19415,106.0,119.2738441038082
9970,139.0,129.83272218317327
3738,166.0,103.4502551748024
22367,122.0,121.10296153249352
14170,113.0,128.6362562208112
20685,130.0,130.65697284670057
21262,132.0,126.59928212747485
10168,132.0,140.53530136229477
4529,118.0,121.66722076418955
3800,129.0,136.6933657210348
14505,140.0,151.75992842078622
18160,108.0,120.40722247664672
1666,122.0,131.79923384255605
2545,101.0,122.34584414641165
14326,134.0,128.9610442633402
2457,123.0,131.2941084729857
21355,119.0,128.1266583018375
19197,118.0,130.02186764219027
16914,117.0,124.45413818173519
21413,139.0,116.39415226927333
16824,114.0,135.07567369233553
3096,111.0,133.4062809436453
9768,149.0,147.47889835329673
20147,110.0,109.37442334275475
13545,120.0,134.01616603536687
1208,124.0,135.07800663901736
19757,146.0,148.54181722255598
9685,97.0,102.2048968219383
15151,124.0,116.54682769024545
4796,124.0,138.57248170360145
15570,146.0,130.48767457099785
16272,118.0,120.79543164478277
4588,121.0,130.43479783744243
8449,124.0,114.79967741374972
19804,135.0,124.97717270410543
5784,150.0,137.82816662087043
2870,151.0,141.31981279169705
952,144.0,120.73207943876412
9436,127.0,127.62772831887023
9969,139.0,129.83272218317327
1974,100.0,119.87620131772722
20412,115.0,122.02830747278311
11912,113.0,119.09835757749111
10454,116.0,131.25624901571487
20857,135.0,134.35510568009923
21897,129.0,122.44652918917825
4348,129.0,136.47051426719582
1325,177.0,147.54385727802105
15736,156.0,148.09076689332264
2808,110.0,115.43194733497837
19163,137.0,134.46978858462032
4926,119.0,123.36974941478869
10853,133.0,132.11772863900754
15760,142.0,139.272020719281
3346,142.0,142.07706659624208
7788,115.0,117.76451839547543
18652,121.0,127.67130008192613
3179,141.0,139.00823107635566
10342,157.0,144.73648306862287
11263,150.0,131.4633336334475
1923,117.0,114.49963165076413
15745,115.0,132.48013440227106
15187,125.0,129.49754675291518
177,115.0,115.33274335216379
3171,127.0,121.55709456369851
2352,154.0,144.9324888718857
4116,138.0,122.15528993244892
22080,130.0,128.30851292604711
10416,141.0,117.93499338128393
22307,157.0,133.12409489885525
19416,106.0,119.2738441038082
9359,98.0,102.93180516039966
11186,127.0,137.7621783759558
14924,86.0,98.5278496367798
16776,142.0,127.64943936962794
1925,114.0,109.6100746714646
3223,138.0,149.77077030506393
11152,134.0,139.15613411323574
20639,122.0,130.39672842245295
951,144.0,120.73207943876412
21719,127.0,131.87930807953597
11327,165.0,146.66423597057937
15564,114.0,132.5548785042305
18956,108.0,112.3262942822992
18095,156.0,154.61768573306372
4287,132.0,131.98879490312493
19441,108.0,153.5868318800728
5813,140.0,141.17864640936503
21208,110.0,121.90277586750052
13479,125.0,133.20569330109413
15899,149.0,139.09510479271216
2036,118.0,110.1159628455166
8884,122.0,130.7787113857062
4474,99.0,111.72475860419003
8334,118.0,120.83605669682007
19903,116.0,121.04535881468618
20812,121.0,127.28620803263509
20404,122.0,129.2710525292492
9940,100.0,113.22080318855417
3975,127.0,130.36449625797226
1446,111.0,121.3570032781867
2190,132.0,128.6581247530781
2395,109.0,119.50896681159075
8369,138.0,140.40505257186092
7962,136.0,133.6041107830618
13161,150.0,122.88382277809865
9385,146.0,114.25031881686593
10094,106.0,123.2033915069836
4877,123.0,108.89814013459876
21111,107.0,110.11592415717018
20735,136.0,131.1550935943626
16475,140.0,151.297350718174
10516,139.0,131.70915884258434
15279,119.0,124.45557671609515
9955,117.0,128.89542347880513
4914,115.0,116.12007795349119
20085,123.0,136.5912186192422
15817,101.0,113.59468704724499
12389,105.0,113.5986765183201
8294,115.0,121.16846264073644
8290,129.0,138.97619091679198
7175,150.0,136.2467481811305
13544,120.0,134.01616603536687
2990,131.0,144.5555037416146
15943,124.0,139.19615853692005
21683,143.0,128.9191258635725
8113,118.0,121.64580009789488
5718,110.0,122.71339289993993
10642,149.0,146.76533305036207
15346,135.0,143.94208250318493
1788,154.0,147.13144621540624
5134,174.0,156.99197074548587
9573,132.0,139.04438571887175
5777,103.0,115.491264743319
1537,139.0,131.89487082188876
21581,137.0,134.43886049854106
2134,108.0,120.1886270561607
15658,108.0,112.37682483156256
10553,128.0,142.0178283370181
7927,112.0,120.28718882714081
9398,123.0,131.90655127490214
4792,116.0,132.1535803493856
11130,121.0,115.56276372990912
16231,145.0,143.0447303359413
15101,139.0,130.5550183594517
14051,120.0,126.5178888168029
13968,119.0,128.188408477194
4617,138.0,134.02866369999762
5281,135.0,130.05148470560624
2646,121.0,123.1326144148545
14098,140.0,123.5241737669759
8615,96.0,98.20244842048707
5277,130.0,131.02434674166062
18686,120.0,133.1187655072965
20355,137.0,143.40724843780376
5045,143.0,147.71558592925757
8995,162.0,140.81152168880757
11197,124.0,129.7169590975828
12271,133.0,133.25829898079462
10652,115.0,121.26603313323218
16933,130.0,122.58553457832875
20334,130.0,116.62814125829676
14021,143.0,137.2482911972307
16504,149.0,117.77220373375798
11278,128.0,135.16700926330202
21454,143.0,127.95309956288779
6715,148.0,137.16356567052244
11894,110.0,132.12983311783898
3733,129.0,118.36769373948934
22020,129.0,127.8605701247511
20254,108.0,108.9057459346794
5818,146.0,136.22459259757085
9013,138.0,131.01112491080332
14117,127.0,126.62258514109966
10245,121.0,114.82520265396407
13169,149.0,123.20461975979555
5312,118.0,132.6024919016564
19619,120.0,116.11024227820253
14436,109.0,108.83729129478024
9904,138.0,133.5610185102185
7942,141.0,132.95505295536358
9826,121.0,124.80278013779964
21981,138.0,142.73155598758981
16772,114.0,131.7964829557418
20047,118.0,112.84022869260454
22260,124.0,121.59244028897464
9407,100.0,107.37174071388336
10911,110.0,111.71158561743638
21784,123.0,151.08280960762775
14644,116.0,134.71871837670852
10055,108.0,125.69975990595155
20536,129.0,126.67364030105666
2714,115.0,117.4207890825934
5055,112.0,127.37261160644584
15539,127.0,119.63701148921089
5768,125.0,127.36726724712585
5820,133.0,135.41205511912406
19598,150.0,141.28362414728826
10743,113.0,120.48922798573331
9663,127.0,119.35751703504302
22398,138.0,126.15695101956743
8802,153.0,154.78653336401106
7654,132.0,142.8318392933291
1881,120.0,112.82675200473837
19261,149.0,131.03504679262926
4665,137.0,148.0804068345872
5095,141.0,152.2728215165608
8407,109.0,120.85232359943328
9833,106.0,112.12107928688211
15611,117.0,122.6985041812354
18927,125.0,128.40920445088318
9870,130.0,111.33403333541561
13410,140.0,142.23181057923554
5220,125.0,136.99200102302743
1876,152.0,138.68384960847774
4884,133.0,134.50317226371962
22134,133.0,137.7810678769308
2644,121.0,123.1326144148545
4583,129.0,140.45771034332566
3104,111.0,133.4062809436453
15637,141.0,141.31150762857337
11126,147.0,151.5412267637677
16232,145.0,143.0447303359413
8747,114.0,118.28712005896891
3353,113.0,123.98374499997766
10677,186.0,147.6875396376198
10369,109.0,111.89215388319701
11028,130.0,135.28678833026706
13478,125.0,133.20569330109413
4740,125.0,128.32306514480024
21466,143.0,146.0881497202966
10868,143.0,152.21800756626817
10396,133.0,125.33620793650157
2604,143.0,142.27065355548478
21639,110.0,124.26694803779068
3298,145.0,140.00562403199595
3764,185.0,143.2690883411825
11127,108.0,117.43891505174852
14242,134.0,134.89441927402845
18574,138.0,129.3717458986436
5169,106.0,114.37550607150305
5059,120.0,128.30883537847143
7183,124.0,144.51311028518853
1321,128.0,134.98484355503547
21188,139.0,139.02960049787163
16142,123.0,124.83709086980349
14967,147.0,149.17468989352957
2186,150.0,133.66821642188867
15856,154.0,148.27009220436693
10928,128.0,137.6094772627261
20717,114.0,121.29920494784065
10987,135.0,115.55721652444274
5533,120.0,140.69692570801652
10555,107.0,115.3830799617838
15670,131.0,130.3902945953894
19882,159.0,129.86480691347563
10124,127.0,138.97968938413396
2030,142.0,155.78527997736978
12740,126.0,122.977901642771
9284,110.0,107.10474438969302
10964,137.0,139.08848334164878
1493,123.0,113.88250277937006
19890,122.0,127.08618177640359
9963,126.0,120.38326416933856
19129,144.0,140.85241620927297
21577,103.0,114.52597468699558
9425,112.0,126.27906871459308
21521,173.0,162.9457084046492
19712,115.0,124.558269152029
3168,121.0,121.9374695333817
22343,130.0,125.61545798340143
20902,153.0,161.3284773306624
14338,107.0,122.23298449772761
20401,150.0,137.19470758455066
15076,119.0,120.98837977119501
22287,143.0,145.1634231714607
16645,130.0,138.73286843781855
21615,113.0,111.90717937949033
19581,115.0,117.73300721306076
10433,100.0,107.73364832782306
21933,118.0,119.77905837273644
2341,147.0,146.29412024767717
4411,126.0,133.19720794871432
2314,131.0,136.40884374207434
13949,135.0,131.9265649051727
4035,140.0,117.65364737113164
8935,149.0,121.46702864819311
4798,124.0,138.57248170360145
9645,137.0,116.53031825302821
13915,119.0,129.05313506000556
7066,115.0,111.72444219300704
21650,122.0,141.6199951854176
3072,115.0,118.4131740423737
22176,115.0,124.92203525650065
17190,95.0,116.56487232254767
3502,120.0,125.66563508503313
8933,105.0,115.98582784542337
20696,144.0,127.97174209975785
14210,125.0,102.50148957299842
18710,135.0,139.91248176416528
3478,128.0,123.77768216392953
14950,117.0,122.48436739497852
5766,125.0,127.36726724712585
3698,117.0,116.3715913317109
3754,141.0,113.6127449160027
5673,112.0,117.97077169628932
3987,121.0,116.07179946476049
3176,150.0,141.7356091550611
16003,143.0,134.4730305134236
2025,125.0,123.28077127265657
15900,149.0,139.09510479271216
20786,117.0,138.05969848200965
4486,122.0,121.76642959463508
19759,146.0,148.54181722255598
10183,116.0,133.14719046534134
21733,130.0,136.8487465508602
8886,143.0,127.41979700851222
14055,129.0,139.93955095219803
21383,152.0,137.62171201353198
7014,105.0,110.95466244953315
9364,113.0,124.04110400089884
16347,148.0,144.79982945390233
15613,86.0,105.1138724846644
19399,117.0,115.71519623358425
11024,127.0,141.40036317977285
19835,130.0,132.0023902389484
14386,124.0,120.1467886367962
