,y_test,prediction
1741,84.0,82.6260705408317
1684,82.0,80.80055623954763
2490,88.0,74.94973383221408
3824,67.0,70.54305421906153
2487,74.0,79.61404438046411
997,91.0,87.12570538218552
446,71.0,71.90844360443091
1519,74.0,71.63872968657759
3562,109.0,92.29527291752638
3957,80.0,74.98600038014926
3622,97.0,86.99461090544645
3977,68.0,83.93037584912558
2659,68.0,66.19049121959321
684,69.0,85.9462465027508
690,101.0,93.97881201906173
1571,80.0,90.9205761141064
3815,100.0,86.75624401607864
3070,84.0,80.44060365053801
3077,85.0,82.74564697486173
4071,81.0,82.72464006895493
791,71.0,70.42172832267418
2510,75.0,75.61926809050283
2580,73.0,68.53713554903213
3918,61.0,73.43641596307135
3773,59.0,64.95697962850284
3459,78.0,79.23626353731848
692,71.0,79.82851513715548
865,102.0,86.40196094581387
1052,85.0,88.70246779605891
2989,76.0,73.88286268033019
841,84.0,94.4754945946157
2611,74.0,75.8978223146043
1845,75.0,69.51914146654298
728,76.0,83.74245281234593
3962,101.0,89.86298840234971
3799,78.0,78.8898029884156
4083,90.0,77.69284302844036
1791,83.0,70.24181186877271
696,69.0,75.81065651587846
3993,61.0,65.63403328848985
720,72.0,80.255338774469
3836,108.0,91.66799725227989
3539,69.0,77.08994563183937
3690,79.0,78.7058444398388
3582,47.0,64.85314774171088
3838,86.0,85.75838336719437
3857,84.0,76.86798113306006
3378,68.0,81.21963583928809
3559,74.0,81.6117806315581
3725,93.0,96.73638868345276
813,84.0,75.62245517255278
4134,76.0,74.66452198191428
911,77.0,71.78394605392515
3951,90.0,86.01438586948856
2631,84.0,81.74221815899145
2781,83.0,72.53124607677353
2635,80.0,84.31491233313989
3686,82.0,72.8618585578024
2077,84.0,79.91346982721248
3925,62.0,64.11877267009862
3082,72.0,71.93011017149911
598,87.0,74.27684114848935
2819,81.0,80.51466490217626
1602,85.0,86.72419887814193
4010,74.0,71.79182596250976
2896,65.0,68.37343794700097
2569,62.0,69.69118720495342
2091,73.0,77.29907915338234
3750,70.0,66.95425650198266
2515,47.0,64.64830226946631
667,79.0,74.95514740233173
462,71.0,79.86012465683376
944,84.0,76.50633386070116
3675,80.0,75.12170154044125
2708,66.0,78.85521485641058
2289,74.0,73.98536105714486
582,88.0,75.10723362753761
2869,65.0,70.0735340917538
3986,79.0,78.69310958611013
2840,79.0,89.76847928647963
204,64.0,74.99073576737776
1778,49.0,65.5395968386458
273,84.0,70.18872796774033
4098,65.0,77.18364526537897
444,85.0,77.93971509664235
744,89.0,88.03779173384356
2758,68.0,72.70008830209044
493,83.0,75.26325510968991
2550,62.0,67.03983752969667
3712,95.0,87.83652035756445
586,84.0,84.61611266256745
1595,60.0,77.94403545941864
2054,67.0,69.69911788830068
3735,82.0,76.0120819331668
2197,67.0,63.82067790913018
4018,86.0,83.41555843889216
2075,78.0,74.70633101729663
3647,70.0,69.72356380927343
3715,95.0,68.99554206433837
1883,57.0,67.33829113434814
641,74.0,71.74690959403083
2628,94.0,92.56677573605964
2601,87.0,81.17831506677717
769,97.0,88.4424746819031
2602,84.0,77.79356624048935
1670,67.0,67.87351792493811
559,94.0,80.20804776331244
4127,81.0,73.44825113274288
3394,94.0,83.84031241843797
3316,81.0,69.96444913038908
2030,59.0,65.59500832345384
2595,89.0,83.24404169974842
3556,68.0,74.58979287739757
1428,93.0,77.5530634089819
3996,57.0,105.05826768126379
900,60.0,69.19281560393877
199,85.0,76.7863884496254
2816,86.0,75.87316940114424
2625,50.0,78.71946928823564
3863,85.0,76.79689020831123
3420,75.0,77.41736551732566
380,114.0,103.43032136377491
1850,79.0,92.59877760559704
2526,89.0,83.29386879051654
1066,77.0,81.8017161105848
3814,65.0,71.10662769201141
3878,91.0,77.74675333500656
1740,65.0,75.69716426761119
2370,56.0,63.56411191672554
2906,59.0,68.3138612772605
572,95.0,79.57075447614912
1591,91.0,80.68811509056016
2121,82.0,80.75008174149431
1814,83.0,78.18818207925241
1393,71.0,73.49272816524254
4101,77.0,72.64024327244226
281,64.0,66.8807142944448
1756,62.0,76.96318223775224
269,74.0,72.32365746419426
2818,78.0,74.94434802351765
768,60.0,68.54921373382723
242,62.0,70.09495744321163
2929,76.0,94.72674558029749
2495,65.0,68.30079597459688
557,68.0,74.19946948515619
291,69.0,74.29582611474875
2105,107.0,103.398318631262
424,115.0,94.02554217230607
3355,94.0,74.16203285136109
1616,41.0,59.862171423707565
717,81.0,78.264667574108
1059,73.0,77.65991233398205
800,80.0,77.77216202622233
2029,71.0,67.57959404603037
674,73.0,76.17869173221482
3058,71.0,76.15192062144253
3087,100.0,91.34617645159858
2221,65.0,69.13300172966942
3611,69.0,65.87170413767372
2943,94.0,88.09240350372895
1296,70.0,70.86617129427673
3967,88.0,76.48803604151561
2663,52.0,68.09934092419914
978,66.0,66.21296302218272
3147,80.0,66.58298990898575
842,73.0,74.25881539072232
2015,93.0,77.56034992531397
4077,69.0,70.59038794139923
3868,90.0,83.37823963600874
241,66.0,82.1358965106225
3366,78.0,73.70118444847125
642,84.0,86.07101554533466
2259,70.0,73.26639088537041
777,71.0,67.84806966759913
1896,91.0,84.63825307235527
3114,82.0,71.29926381186291
4062,74.0,82.50394780723666
903,99.0,88.98122984577554
310,55.0,60.370222310431636
863,81.0,84.29616485022493
421,79.0,77.39586514389359
964,77.0,77.18072455521192
1659,78.0,82.64361089938183
1927,64.0,69.30187599381176
724,94.0,85.622241826855
2764,81.0,78.8099156417803
1892,83.0,75.79811811300078
1363,76.0,79.36223969491981
2586,72.0,69.48497858940539
3940,76.0,84.25479194591645
1239,105.0,86.59156463359446
1638,110.0,94.50687323793525
776,82.0,79.25633245515793
3719,106.0,98.70592200582226
3568,71.0,67.596446258405
1947,91.0,78.44859178803982
3825,62.0,65.36896826454594
3989,58.0,64.74120801491722
1911,84.0,84.39516831311812
715,63.0,77.83253019279816
2790,73.0,74.71727687021064
1722,79.0,84.71827876311752
754,61.0,61.689554239814456
2766,70.0,69.87672611157583
2691,59.0,65.4957361874774
2180,58.0,76.5538570552214
3899,110.0,102.78416044312961
2008,70.0,83.71540457803431
1456,66.0,91.94012308875404
2226,68.0,75.71256253660061
995,95.0,79.99057631852324
278,91.0,81.79676480690003
1745,90.0,79.40941265455382
1733,100.0,91.55492321811387
4034,72.0,79.68636042087218
3865,100.0,95.26338567945486
256,89.0,87.27882069026622
987,73.0,74.534588719733
2547,82.0,79.43609758089134
585,92.0,89.63994242801728
3695,83.0,78.31691672818866
3616,86.0,96.74753387500311
882,78.0,75.41739338907958
1573,76.0,70.70708365415018
822,67.0,66.07171957541269
3770,70.0,71.48309129714787
1901,63.0,75.87508179755946
1010,72.0,80.89818006305536
713,61.0,67.86748837751715
1688,63.0,64.44581586953129
4099,82.0,75.90885684581268
2056,65.0,72.63596715764123
2876,81.0,80.08553930580554
362,77.0,74.37454790674823
2014,84.0,72.45350304699622
3442,96.0,83.45148775603104
2053,96.0,88.24665967050062
946,111.0,88.16140031879658
4117,87.0,80.1204501932001
3447,85.0,87.66515249233791
979,86.0,76.63550439641466
1915,88.0,94.52234574206066
1666,56.0,66.38921680203298
2535,57.0,74.03157811637274
1558,71.0,79.28326166083032
3396,76.0,72.16969826389582
3945,68.0,73.47969126422315
2669,56.0,78.79577775938267
1584,75.0,69.26607669212531
2725,66.0,56.8861425789603
852,98.0,84.34080350934572
2486,86.0,83.65294161068579
2462,60.0,63.74126440727827
3512,76.0,69.24822577482797
3698,64.0,64.4538164726146
2817,68.0,60.969974870050365
487,93.0,83.0767165684857
1718,76.0,71.42012640092852
3866,65.0,67.7844243141474
2777,90.0,78.28326631961102
1623,86.0,79.38008990174274
4080,105.0,102.17524080675585
3428,56.0,69.13600234692521
3405,78.0,79.5929868137487
1241,69.0,70.06750999569843
1792,93.0,87.39875611310293
627,76.0,65.05817511084366
3739,82.0,77.4568173672994
697,82.0,74.8068830726873
2073,81.0,74.61064929263239
3555,74.0,77.20308606659671
1668,75.0,67.70177374914623
786,76.0,74.25638264310525
1923,88.0,84.87353993232588
1886,70.0,75.21830320120932
831,65.0,74.57051119214512
1999,79.0,75.02718812985307
198,60.0,64.68520431424736
2842,58.0,71.62034249904465
2217,71.0,74.76519208055294
2539,70.0,82.29376268114862
3593,56.0,69.96544353713944
3621,95.0,88.26904528976164
1514,84.0,79.49726025225814
435,71.0,67.09272817726784
414,70.0,70.26482659544152
4027,73.0,73.40847522848236
240,98.0,84.00832054322728
302,79.0,74.45953287641254
1703,57.0,59.767324904986026
3709,88.0,82.95475966127397
540,65.0,64.37887068209729
589,87.0,89.4090426811959
693,79.0,76.04132293268141
4046,50.0,65.585191755705
1597,68.0,70.57004124317402
1879,69.0,73.309657195721
3330,75.0,74.61553191357363
3592,80.0,75.65491542274208
391,96.0,85.72902784843339
1356,97.0,88.41619702797115
1482,80.0,74.7420336835873
3223,65.0,65.51910167589135
2596,73.0,65.5063826092844
2974,63.0,63.92932250176205
2481,80.0,74.53751372941511
373,64.0,71.38728552971455
3607,75.0,71.77547235611951
2610,75.0,73.16651594748026
1525,86.0,78.7189655458479
3477,75.0,72.72076008726401
3433,88.0,80.9554153636406
2692,72.0,71.82430926795763
2783,84.0,83.8561553523817
3819,57.0,79.19263019776389
1864,64.0,70.62224957069503
1852,74.0,67.05644111730749
474,43.0,63.348586533153075
4125,75.0,76.82945596653977
3659,78.0,76.48086719430495
1316,90.0,81.46073036154701
418,80.0,65.21566764240035
1847,50.0,69.79277969691131
1532,72.0,65.23866532720638
2879,70.0,85.4647643443069
2271,75.0,70.39681790838631
2972,77.0,76.03487939959075
873,76.0,77.2248333472343
3109,70.0,74.96956447770214
394,80.0,79.27178323737395
3421,66.0,84.56972849312572
1862,72.0,77.80840830686348
526,72.0,72.07151866102947
1725,66.0,71.54655778299443
4094,77.0,74.76071448772527
3795,70.0,74.24263157413964
736,73.0,75.68068874486441
957,92.0,98.84396016566386
3877,99.0,88.2523747594756
1789,83.0,78.17093557941737
3740,62.0,77.63112824558695
512,71.0,75.24350749765843
3016,109.0,102.93551135340596
1912,79.0,75.03343092659063
980,66.0,75.49104605637041
3733,74.0,81.35042157856081
509,89.0,76.93859187864572
803,93.0,82.40599575858786
2846,56.0,66.98241781748077
1871,77.0,83.19938676738929
412,70.0,83.62193877081415
702,62.0,64.3700511253594
2945,86.0,78.90165429624156
3931,83.0,90.0953757306861
551,80.0,73.17439165689211
2609,84.0,83.2397716343014
805,87.0,74.52471886400879
3081,85.0,78.8693153963571
374,63.0,68.47462996529197
2028,78.0,67.99225828412725
3322,110.0,89.567465906269
3892,111.0,83.68839462958954
3001,95.0,90.08990890956468
1970,78.0,79.12080943220883
862,73.0,68.23145048910395
2921,80.0,73.92729883420562
2225,55.0,66.02891405139705
3105,76.0,81.74473433828067
1462,80.0,79.9055129628984
801,58.0,68.35521822516276
1973,62.0,64.38137113590426
1072,81.0,84.16945001135352
3116,70.0,74.22766247760069
461,54.0,60.090700734558894
3007,61.0,74.67704939383958
2873,71.0,77.53839343914214
639,70.0,64.27401910886385
689,79.0,80.2818568195784
1424,80.0,69.69770989164994
2649,67.0,66.35597317586681
2730,79.0,78.72094750357454
761,65.0,70.61426399000692
3920,84.0,75.80352708716578
2027,70.0,81.24377078739074
336,76.0,77.81060428914694
1030,81.0,82.9139251211719
823,65.0,87.38500053882646
3679,87.0,74.24630820865312
3069,85.0,74.19123831261683
599,78.0,86.94629962479002
2063,64.0,67.28181568028293
1336,74.0,71.87143554114539
1715,53.0,63.03062077384503
2947,110.0,90.73549074355411
1976,74.0,75.27579585112241
1388,79.0,69.25264928648406
4137,83.0,84.00563059425562
751,50.0,78.03630669624542
449,93.0,82.54235270714747
2092,89.0,82.55433637315363
3839,85.0,81.45173341308288
549,85.0,80.30608336506486
501,75.0,71.62887598457466
3517,76.0,75.30115502582508
3590,66.0,61.54679385984203
1022,82.0,79.95883871453714
3964,111.0,98.45502854630755
747,67.0,74.59661437492733
3574,84.0,78.12853423558911
1797,64.0,74.08327000354046
3045,63.0,74.41025603914969
3587,66.0,73.84195812211556
3324,72.0,78.12123850258772
2934,73.0,65.17947676684322
4136,102.0,98.85955160375613
3628,55.0,71.64872967250555
4011,75.0,67.84639623568029
3732,80.0,67.26558421021795
4084,57.0,98.10630540902554
2557,76.0,65.3416137014949
331,63.0,63.055739220444615
3017,80.0,76.87144657072773
2626,83.0,63.4867317371919
2169,87.0,81.23172096731254
2220,80.0,72.98805801897562
866,83.0,75.94289786824206
1417,81.0,71.9772680575384
3642,74.0,74.66374686118886
3506,85.0,82.06893467245672
3191,60.0,72.65305753720945
479,81.0,83.1236580944536
485,65.0,69.75276270300367
2209,80.0,80.72141297649591
2517,84.0,79.02071343747069
339,78.0,67.34314264715292
250,84.0,76.11260109953464
3588,83.0,82.44364483078306
2324,62.0,66.33935095459933
3485,92.0,85.0947455438974
3997,76.0,73.99229805559705
2856,89.0,82.71826249096912
2785,82.0,78.95383220710724
3384,75.0,79.39019344470319
816,101.0,95.29057900720002
3057,86.0,81.32230209914079
1851,91.0,78.00741422292808
3645,98.0,86.42423772489096
4089,87.0,80.99606668480715
4060,62.0,71.51886170520987
833,85.0,74.08215808950466
2815,81.0,72.16827485483287
3811,78.0,78.24862623299074
2768,98.0,82.41271084750461
2732,79.0,77.95407869029319
463,85.0,77.37676937648013
3487,80.0,76.14013464845546
2208,66.0,65.13827277751788
2046,83.0,82.68676922080078
705,77.0,70.69891161000731
3532,85.0,84.04317812232239
576,76.0,74.20459356353359
3386,85.0,74.30219088998828
2059,66.0,67.31308526774643
1675,81.0,76.216503420548
3310,49.0,62.2532159332876
3786,92.0,88.58791419347003
855,68.0,80.94795998089671
471,45.0,66.99440363647528
3563,96.0,81.99767275275295
1917,61.0,63.16594167114283
2085,85.0,89.51823438595872
1242,71.0,68.75987552335707
3108,90.0,81.41839652583391
4066,71.0,84.73670494222151
3076,69.0,71.93139663676646
1637,78.0,69.41732399203082
1069,75.0,74.19933395960359
830,63.0,67.84339706428284
3789,69.0,74.71859586051286
1503,80.0,94.14707317163365
3476,70.0,72.75097412895093
2475,75.0,84.2491529712951
1935,83.0,82.10977162654166
3793,93.0,85.47098976009369
2954,53.0,70.03009540875576
2744,78.0,76.89208563813185
2993,79.0,81.70295411660155
2892,56.0,80.54182573554746
2549,75.0,67.21367012578787
3419,86.0,73.01356939652855
1658,83.0,76.12052386863948
3971,59.0,72.28386814625156
1268,81.0,73.8254279134805
1500,62.0,77.99704347000898
4052,78.0,74.15275885334162
631,68.0,72.48097150688588
1440,54.0,69.76523705185008
529,69.0,61.586169507141264
1949,79.0,76.28227216921914
326,90.0,81.39577382692278
2743,64.0,73.22049023578698
515,84.0,78.39195681454595
314,80.0,73.96948061428628
506,79.0,69.07395184115667
3980,65.0,70.8583410799452
3978,62.0,67.0363448957157
972,90.0,85.07247827426639
4024,96.0,83.94306700042833
2908,78.0,86.9743895579775
3540,66.0,69.71398842673825
3742,66.0,78.6936200934338
3919,95.0,80.18533526496043
1941,68.0,73.92648938910368
3867,65.0,65.75426378813984
3439,90.0,96.91861245628357
743,79.0,77.74984852235102
750,74.0,81.24059021404447
3309,89.0,85.02592731315686
2563,94.0,91.75048448162724
660,83.0,75.10631785873751
1048,68.0,72.45234883228431
3778,90.0,78.92018136659821
906,76.0,74.10763115039285
1567,95.0,95.99608501295612
1907,78.0,80.71116214787791
1003,82.0,72.80128610268983
3525,55.0,53.792687612920304
1427,80.0,80.43968419524418
1237,68.0,65.25671917003675
3478,68.0,86.3952749594886
3399,100.0,92.57293977876469
3681,88.0,75.90170386621404
1775,86.0,86.26171839244512
2530,99.0,93.06279476301185
3692,84.0,75.2047966023666
3029,73.0,67.76455495611607
1937,66.0,76.56069958212588
1646,90.0,84.03367695756589
4038,78.0,77.30410541647171
2012,88.0,82.39803240610271
2018,88.0,92.2961581449567
2358,72.0,71.58149466675333
1757,89.0,69.98259038382997
719,61.0,67.82965810526713
3737,81.0,92.18367717860664
491,77.0,82.90737309195222
1077,70.0,73.86688183888322
337,64.0,67.30059475945069
2857,60.0,65.45744521712444
406,68.0,60.71956453011167
3781,78.0,78.36902325831144
507,76.0,69.31711801042351
2773,76.0,71.39862647479862
2946,61.0,68.38770579675774
1538,68.0,71.0471038820559
3586,77.0,71.0854560735905
1575,79.0,78.19404145707344
3448,105.0,87.0649911647431
4124,85.0,80.5647477917633
952,80.0,84.74501576344466
3720,74.0,69.26050244104178
