,y_test,prediction
10729,134.0,133.5
9294,124.0,129.54
12520,134.0,124.6
7807,118.0,105.37
21731,131.0,127.8
8636,113.0,116.5
14226,103.0,113.31
9092,106.0,110.91
19602,124.0,127.52
5822,145.0,124.78
2729,133.0,131.88
14357,120.0,127.86
5145,137.0,136.71
14502,119.0,120.14
15261,94.0,108.36
13300,105.0,108.08
4261,147.0,127.19
10586,118.0,110.55
648,136.0,146.84
8811,117.0,131.46
22219,133.0,107.09
9979,141.0,148.53
8881,135.0,135.63
9908,186.0,141.21
13302,141.0,139.69
9368,131.0,154.5
19609,153.0,155.13
17560,128.0,121.87
2302,131.0,129.95
19195,126.0,116.58
4435,122.0,123.42
10076,130.0,120.6
7943,141.0,137.02
1853,110.0,116.48
20458,130.0,142.32
20111,149.0,144.38
6289,110.0,121.15
21386,130.0,131.17
10232,113.0,116.62
1930,107.0,111.0
14176,123.0,125.21
10557,107.0,108.45
5371,144.0,144.46
9025,116.0,118.76
15964,138.0,124.08
15395,111.0,115.74
4688,102.0,129.04
975,112.0,117.67
1392,110.0,120.14
22319,139.0,133.85
5725,132.0,132.11
7537,121.0,121.86
16492,162.0,151.11
5788,125.0,113.87
20620,120.0,119.9
4775,133.0,129.17
10102,141.0,135.98
21936,138.0,123.54
4932,102.0,102.62
15038,106.0,118.61
22345,140.0,137.1
19255,125.0,122.76
22133,133.0,137.66
4180,125.0,128.2
5397,122.0,121.76
10447,143.0,143.84
5804,118.0,129.01
17764,109.0,114.68
8540,131.0,116.19
14466,120.0,107.66
5614,120.0,126.9
19952,127.0,127.96
10392,141.0,136.91
22231,119.0,132.16
14592,120.0,119.73
10242,156.0,147.26
1780,87.0,93.01
14642,136.0,114.27
1883,124.0,126.31
15951,161.0,143.77
20353,116.0,129.25
3702,124.0,107.68
14677,135.0,143.28
10225,133.0,129.65
13446,125.0,125.12
19298,135.0,136.25
21867,134.0,137.05
16152,121.0,112.87
7481,118.0,118.35
9861,135.0,151.99
11204,159.0,155.88
21669,132.0,130.4
5024,176.0,162.49
10639,149.0,147.39
16483,122.0,115.48
20833,68.0,70.38
2135,108.0,112.38
11036,147.0,144.8
15684,131.0,132.97
5655,107.0,117.18
8284,132.0,130.4
15729,123.0,130.34
8591,120.0,131.86
21442,131.0,128.76
8092,117.0,124.67
3480,123.0,128.3
14463,120.0,107.66
20014,98.0,116.97
20280,116.0,112.91
16196,174.0,171.89
22013,124.0,128.19
4815,113.0,125.79
8949,106.0,120.61
19789,110.0,110.79
2006,148.0,147.06
15827,122.0,121.92
3252,149.0,139.94
13438,135.0,136.96
9047,124.0,126.47
8057,126.0,123.46
22178,136.0,138.21
9032,139.0,137.28
22359,147.0,135.29
2071,135.0,146.23
20557,94.0,100.8
19494,109.0,134.01
8017,148.0,147.34
361,117.0,121.27
18139,167.0,145.6
14922,133.0,122.69
20869,110.0,111.57
2616,117.0,118.51
2944,118.0,127.62
3269,149.0,108.18
16502,120.0,120.79
5373,99.0,110.69
2987,131.0,147.14
18309,129.0,112.6
5671,121.0,123.43
3926,133.0,132.32
15897,147.0,141.63
7375,128.0,126.24
3120,137.0,125.18
8059,158.0,154.54
5744,132.0,127.63
3795,161.0,145.54
15292,121.0,126.01
1509,117.0,119.18
19319,114.0,115.95
2903,128.0,120.91
14920,133.0,122.69
14653,92.0,99.9
11897,107.0,113.23
21426,140.0,138.11
14330,90.0,99.95
15902,172.0,159.73
19725,140.0,132.14
21901,128.0,128.91
2589,123.0,132.46
7358,141.0,139.34
15310,140.0,136.13
21705,139.0,147.73
7174,150.0,141.7
17948,118.0,117.83
9756,131.0,128.04
4783,164.0,160.79
20814,107.0,114.47
9034,139.0,137.28
16154,136.0,133.62
2568,119.0,117.01
13538,120.0,121.22
14227,103.0,113.31
4777,157.0,146.6
6796,96.0,120.8
11054,119.0,122.35
3669,119.0,121.68
18643,131.0,129.09
10856,128.0,132.09
21516,129.0,127.74
12675,117.0,115.43
1806,57.0,130.06
14853,136.0,137.4
1642,162.0,160.3
19260,149.0,130.1
13627,124.0,123.13
16233,145.0,142.72
13745,106.0,110.44
3856,127.0,122.87
10632,119.0,125.38
8782,110.0,125.41
8009,147.0,146.9
7553,163.0,106.57
21685,143.0,137.51
719,123.0,114.24
21895,129.0,128.5
20688,148.0,142.47
1910,111.0,114.46
21192,124.0,125.11
5185,117.0,114.55
16682,160.0,146.93
19897,98.0,100.59
4786,147.0,123.54
8676,133.0,127.39
15668,142.0,139.3
1023,124.0,113.91
1983,142.0,137.09
20153,110.0,112.03
13904,120.0,117.95
3428,104.0,120.05
11276,124.0,125.08
5680,118.0,128.12
5786,125.0,118.2
16480,140.0,138.19
3312,119.0,121.46
21467,143.0,143.67
14855,136.0,137.4
21791,115.0,121.9
2553,127.0,117.27
5479,142.0,137.57
1583,125.0,132.77
3630,128.0,129.56
5295,140.0,144.08
11174,133.0,136.2
8969,92.0,109.2
19417,126.0,136.97
15851,145.0,128.23
1274,146.0,146.96
13783,131.0,130.57
15396,101.0,109.63
13520,130.0,130.33
11200,125.0,129.45
1409,137.0,130.55
9962,143.0,144.6
10393,141.0,136.91
17570,108.0,116.23
20440,145.0,124.89
5477,142.0,137.57
21644,134.0,128.23
7182,124.0,130.96
2409,137.0,118.64
17611,99.0,106.72
2795,116.0,102.74
21543,125.0,139.2
2975,126.0,122.81
5733,127.0,133.5
21281,140.0,120.26
20612,146.0,144.56
1811,127.0,135.32
13863,129.0,128.88
20062,141.0,130.9
11277,128.0,131.55
8106,123.0,133.53
1276,146.0,146.96
18681,145.0,141.36
2027,125.0,124.1
3611,125.0,124.37
935,116.0,117.41
22217,117.0,111.92
21013,94.0,111.4
2017,132.0,125.37
3007,120.0,121.94
4806,133.0,131.45
9796,127.0,113.14
14347,128.0,114.63
21480,140.0,132.13
20118,130.0,130.62
11241,148.0,145.39
15385,132.0,113.3
9954,117.0,128.76
4392,139.0,121.18
21327,118.0,120.65
4554,117.0,115.91
22300,131.0,139.47
6667,118.0,110.03
5794,139.0,134.18
18639,120.0,125.47
5155,128.0,130.42
5230,132.0,122.76
22242,107.0,111.99
20357,137.0,139.38
22261,124.0,122.92
10005,132.0,135.86
21388,130.0,131.17
4699,127.0,127.06
13171,149.0,134.56
13695,140.0,114.18
3550,124.0,124.99
2189,132.0,132.53
17080,140.0,127.43
22390,183.0,155.55
9154,126.0,129.42
3636,151.0,151.12
19747,158.0,141.85
19104,156.0,138.41
18808,143.0,137.11
4431,118.0,124.75
3995,156.0,146.31
3294,160.0,156.89
14936,149.0,133.45
2374,127.0,129.93
10908,137.0,138.36
8165,112.0,122.44
1718,134.0,137.97
10280,119.0,119.02
3462,118.0,118.13
22140,120.0,119.87
2229,136.0,148.15
14519,141.0,120.76
21400,100.0,103.6
19647,122.0,121.82
14584,105.0,109.45
14640,136.0,114.27
9331,116.0,119.48
4465,168.0,152.76
3258,102.0,104.39
14015,121.0,119.62
8306,158.0,143.77
5428,137.0,136.21
16840,123.0,112.87
11044,141.0,124.64
8020,123.0,122.66
10569,131.0,132.34
10962,157.0,158.16
19841,131.0,123.98
14404,149.0,132.96
1864,133.0,133.51
15549,128.0,126.27
5575,125.0,125.67
9348,118.0,121.0
9544,140.0,141.4
9006,135.0,127.6
1918,127.0,125.46
490,145.0,139.36
20551,156.0,148.84
2598,112.0,122.64
9571,132.0,133.84
16311,108.0,110.0
16438,147.0,115.36
18242,130.0,139.94
16383,122.0,123.42
3170,121.0,120.5
18078,100.0,109.64
16107,108.0,123.92
10424,165.0,138.68
17467,107.0,125.21
21212,110.0,117.49
20621,143.0,138.22
10594,139.0,121.12
2132,119.0,118.27
1877,123.0,123.15
5591,143.0,148.78
20641,99.0,108.75
20042,132.0,130.07
8071,120.0,120.91
8573,128.0,124.51
5771,131.0,129.88
18534,159.0,146.05
13632,145.0,144.52
14029,161.0,118.93
3404,107.0,109.35
20066,133.0,131.74
2064,170.0,150.43
16659,124.0,124.84
14646,116.0,129.6
13640,115.0,116.7
2724,113.0,119.22
21058,167.0,150.84
8056,126.0,123.46
14623,149.0,123.83
10865,129.0,125.17
18654,121.0,122.98
8972,136.0,126.68
7797,125.0,126.52
8605,114.0,113.95
1375,125.0,136.97
9238,120.0,105.18
1209,124.0,141.69
20808,113.0,119.21
1898,130.0,133.79
11876,127.0,123.26
16000,141.0,139.36
16221,137.0,138.84
16794,142.0,142.75
1735,100.0,105.97
10644,138.0,138.04
20116,130.0,130.62
2507,100.0,120.74
2257,113.0,110.08
4177,115.0,113.97
13363,132.0,129.61
20002,118.0,119.3
19456,90.0,102.17
15326,120.0,122.33
9701,159.0,148.56
19386,140.0,138.62
10091,125.0,159.07
1762,118.0,115.94
20241,174.0,172.83
8757,114.0,125.21
4302,142.0,127.52
5501,134.0,166.29
18728,96.0,108.42
20947,115.0,118.87
9735,166.0,155.54
10054,108.0,115.78
21845,127.0,124.93
19575,104.0,126.6
15348,130.0,137.8
4808,123.0,130.25
2180,108.0,104.72
22209,120.0,117.47
4797,124.0,134.03
20866,110.0,111.57
19486,152.0,150.77
12636,106.0,113.79
19476,142.0,142.09
18645,144.0,115.28
2324,118.0,116.96
22391,183.0,155.55
18771,155.0,141.43
7670,101.0,111.72
2745,120.0,115.81
18982,120.0,118.18
2411,125.0,148.03
14776,142.0,146.56
5447,128.0,128.75
14281,110.0,106.69
11016,124.0,124.85
14406,106.0,114.57
5821,145.0,124.78
3012,120.0,118.6
11129,149.0,138.88
10414,115.0,115.72
3791,144.0,142.24
22051,118.0,118.9
15909,106.0,106.59
21395,164.0,154.99
2494,142.0,109.75
15486,125.0,136.12
10827,119.0,123.32
4434,122.0,123.42
4600,118.0,119.66
19710,131.0,131.1
5764,140.0,138.68
18421,124.0,118.22
14910,133.0,130.27
18239,130.0,139.94
18860,150.0,149.59
3978,113.0,114.92
9123,130.0,132.44
11025,127.0,133.44
13294,142.0,131.18
1309,111.0,116.32
1436,116.0,120.95
21130,161.0,156.31
14256,100.0,110.64
20995,106.0,119.56
13327,125.0,125.93
16111,139.0,135.14
9177,122.0,119.67
19415,106.0,118.92
9970,139.0,136.69
3738,166.0,111.52
22367,122.0,121.04
14170,113.0,126.66
20685,130.0,130.41
21262,132.0,132.41
10168,132.0,138.96
4529,118.0,123.72
3800,129.0,140.13
14505,140.0,142.92
18160,108.0,109.34
1666,122.0,125.05
2545,101.0,103.11
14326,134.0,130.4
2457,123.0,125.82
21355,119.0,132.98
19197,118.0,127.42
16914,117.0,118.58
21413,139.0,123.5
16824,114.0,131.74
3096,111.0,127.18
9768,149.0,149.76
20147,110.0,112.03
13545,120.0,121.22
1208,124.0,141.69
19757,146.0,144.34
9685,97.0,107.63
15151,124.0,122.93
4796,124.0,134.03
15570,146.0,129.39
16272,118.0,120.04
4588,121.0,122.14
8449,124.0,117.72
19804,135.0,132.67
5784,150.0,148.21
2870,151.0,147.3
952,144.0,117.95
9436,127.0,132.59
9969,139.0,136.69
1974,100.0,117.3
20412,115.0,116.76
11912,113.0,115.83
10454,116.0,128.72
20857,135.0,130.56
21897,129.0,127.74
4348,129.0,130.66
1325,177.0,150.0
15736,156.0,153.44
2808,110.0,115.76
19163,137.0,132.92
4926,119.0,125.05
10853,133.0,131.96
15760,142.0,139.38
3346,142.0,144.34
7788,115.0,115.74
18652,121.0,122.98
3179,141.0,140.08
10342,157.0,143.01
11263,150.0,121.36
1923,117.0,114.3
15745,115.0,129.45
15187,125.0,129.12
177,115.0,112.17
3171,127.0,123.34
2352,154.0,142.97
4116,138.0,118.54
22080,130.0,130.95
10416,141.0,114.73
22307,157.0,144.98
19416,106.0,118.92
9359,98.0,107.88
11186,127.0,134.87
14924,86.0,109.16
16776,142.0,131.59
1925,114.0,109.97
3223,138.0,141.08
11152,134.0,138.0
20639,122.0,122.88
951,144.0,117.95
21719,127.0,133.66
11327,165.0,158.02
15564,114.0,128.93
18956,108.0,109.99
18095,156.0,159.88
4287,132.0,132.19
19441,108.0,123.5
5813,140.0,141.36
21208,110.0,117.49
13479,125.0,136.34
15899,149.0,139.11
2036,118.0,107.86
8884,122.0,127.47
4474,99.0,116.54
8334,118.0,117.72
19903,116.0,116.97
20812,121.0,128.06
20404,122.0,126.54
9940,100.0,102.04
3975,127.0,129.21
1446,111.0,119.37
2190,132.0,132.53
2395,109.0,111.01
8369,138.0,141.51
7962,136.0,127.41
13161,150.0,118.91
9385,146.0,111.0
10094,106.0,118.68
4877,123.0,123.05
21111,107.0,108.42
20735,136.0,129.05
16475,140.0,146.39
10516,139.0,136.04
15279,119.0,121.19
9955,117.0,128.76
4914,115.0,113.37
20085,123.0,137.91
15817,101.0,102.49
12389,105.0,107.27
8294,115.0,119.41
8290,129.0,129.71
7175,150.0,141.7
13544,120.0,121.22
2990,131.0,147.14
15943,124.0,125.53
21683,143.0,137.51
8113,118.0,120.21
5718,110.0,121.65
10642,149.0,147.39
15346,135.0,149.21
1788,154.0,154.12
5134,174.0,169.92
9573,132.0,133.84
5777,103.0,104.56
1537,139.0,133.88
21581,137.0,132.73
2134,108.0,112.38
15658,108.0,104.18
10553,128.0,130.11
7927,112.0,119.86
9398,123.0,127.93
4792,116.0,126.26
11130,121.0,120.73
16231,145.0,142.72
15101,139.0,128.57
14051,120.0,122.76
13968,119.0,123.71
4617,138.0,137.35
5281,135.0,130.85
2646,121.0,120.41
14098,140.0,120.66
8615,96.0,100.77
5277,130.0,130.21
18686,120.0,126.23
20355,137.0,139.38
5045,143.0,152.45
8995,162.0,143.92
11197,124.0,125.5
12271,133.0,134.83
10652,115.0,118.42
16933,130.0,127.81
20334,130.0,129.02
14021,143.0,139.96
16504,149.0,115.17
11278,128.0,131.55
21454,143.0,140.32
6715,148.0,136.47
11894,110.0,126.08
3733,129.0,120.15
22020,129.0,130.82
20254,108.0,111.09
5818,146.0,145.74
9013,138.0,137.21
14117,127.0,129.58
10245,121.0,109.39
13169,149.0,134.56
5312,118.0,119.75
19619,120.0,118.07
14436,109.0,107.82
9904,138.0,133.78
7942,141.0,137.02
9826,121.0,122.46
21981,138.0,146.28
16772,114.0,129.33
20047,118.0,112.13
22260,124.0,122.92
9407,100.0,123.2
10911,110.0,114.84
21784,123.0,130.68
14644,116.0,121.59
10055,108.0,115.78
20536,129.0,126.25
2714,115.0,115.32
5055,112.0,126.3
15539,127.0,115.89
5768,125.0,125.8
5820,133.0,136.73
19598,150.0,146.74
10743,113.0,115.13
9663,127.0,121.73
22398,138.0,132.02
8802,153.0,151.96
7654,132.0,137.26
1881,120.0,120.63
19261,149.0,130.1
4665,137.0,138.29
5095,141.0,140.63
8407,109.0,114.15
9833,106.0,111.2
15611,117.0,119.69
18927,125.0,125.61
9870,130.0,113.66
13410,140.0,134.45
5220,125.0,129.62
1876,152.0,143.92
4884,133.0,131.67
22134,133.0,137.66
2644,121.0,120.41
4583,129.0,134.51
3104,111.0,127.18
15637,141.0,138.03
11126,147.0,145.57
16232,145.0,142.72
8747,114.0,115.26
3353,113.0,119.9
10677,186.0,151.68
10369,109.0,109.12
11028,130.0,135.88
13478,125.0,136.34
4740,125.0,130.54
21466,143.0,143.67
10868,143.0,146.13
10396,133.0,129.03
2604,143.0,143.71
21639,110.0,125.05
3298,145.0,132.29
3764,185.0,146.19
11127,108.0,108.4
14242,134.0,135.34
18574,138.0,134.96
5169,106.0,112.73
5059,120.0,121.64
7183,124.0,130.96
1321,128.0,129.86
21188,139.0,141.67
16142,123.0,120.57
14967,147.0,145.91
2186,150.0,142.54
15856,154.0,157.62
10928,128.0,130.3
20717,114.0,117.34
10987,135.0,131.16
5533,120.0,137.06
10555,107.0,108.45
15670,131.0,127.06
19882,159.0,149.11
10124,127.0,135.03
2030,142.0,175.21
12740,126.0,123.22
9284,110.0,107.42
10964,137.0,136.57
1493,123.0,115.21
19890,122.0,127.48
9963,126.0,125.92
19129,144.0,143.08
21577,103.0,104.63
9425,112.0,127.9
21521,173.0,174.51
19712,115.0,125.5
3168,121.0,120.5
22343,130.0,123.82
20902,153.0,167.47
14338,107.0,123.17
20401,150.0,139.03
15076,119.0,121.73
22287,143.0,144.42
16645,130.0,133.35
21615,113.0,110.92
19581,115.0,118.37
10433,100.0,109.11
21933,118.0,119.7
2341,147.0,149.1
4411,126.0,136.28
2314,131.0,131.09
13949,135.0,130.75
4035,140.0,137.46
8935,149.0,109.25
4798,124.0,134.03
9645,137.0,131.74
13915,119.0,126.84
7066,115.0,108.09
21650,122.0,145.4
3072,115.0,115.1
22176,115.0,121.58
17190,95.0,113.75
3502,120.0,126.78
8933,105.0,109.6
20696,144.0,137.52
14210,125.0,112.57
18710,135.0,138.77
3478,128.0,121.19
14950,117.0,122.1
5766,125.0,125.8
3698,117.0,115.77
3754,141.0,130.5
5673,112.0,116.77
3987,121.0,119.23
3176,150.0,146.54
16003,143.0,132.19
2025,125.0,124.1
15900,149.0,139.11
20786,117.0,159.63
4486,122.0,121.42
19759,146.0,144.34
10183,116.0,132.39
21733,130.0,133.53
8886,143.0,137.69
14055,129.0,134.31
21383,152.0,142.45
7014,105.0,109.75
9364,113.0,120.01
16347,148.0,144.59
15613,86.0,112.52
19399,117.0,110.33
11024,127.0,133.44
19835,130.0,128.52
14386,124.0,120.15
