,y_test,prediction
10732,75.0,77.19877210328445
9304,55.0,67.58150867241557
12553,66.0,68.72483715665162
7813,67.0,68.76965116787694
21731,80.0,79.70024352493155
8638,98.0,87.62596830180901
14229,82.0,67.69846157384393
9098,62.0,61.10269905476697
19607,101.0,88.1559448144793
5824,87.0,80.92717976216178
2730,89.0,78.01800743108728
14369,74.0,83.05617745034647
5149,66.0,67.55796457733094
14505,103.0,85.7448694399774
15275,81.0,80.37183073115617
13303,68.0,83.27676209562402
4269,68.0,66.60905668266972
10591,102.0,89.53079295226136
648,89.0,82.99058091022854
8826,69.0,81.49989314006217
22219,65.0,77.61688906635584
9992,94.0,86.57938624504364
8886,72.0,81.18304941593652
9911,58.0,69.70353107849823
13304,68.0,83.27676209562402
9376,77.0,74.95380798980129
19612,69.0,67.16110805056053
17611,63.0,65.4163901451838
2303,70.0,78.84384864742445
19211,75.0,75.03342747246484
4436,83.0,77.31186732947404
10078,81.0,81.58297842470587
7945,63.0,72.246000849647
1854,62.0,63.922446904834764
20458,81.0,76.38191860525384
20116,82.0,77.00419445734593
6376,86.0,80.57871674548507
21386,81.0,77.67020004463075
10243,95.0,87.29683767640537
1946,86.0,76.57301765373373
14179,53.0,66.58437654960491
10563,82.0,74.23529912812302
5373,59.0,66.31386269686179
9032,77.0,80.11110157676518
16000,81.0,83.26919385690903
15398,91.0,94.984878201347
4692,61.0,76.49745342473919
975,78.0,69.65866350268189
1392,68.0,68.0837028526406
22319,76.0,85.03085467318348
5726,89.0,81.85587623772214
7542,60.0,62.32603875412369
16499,71.0,75.90920013885597
5790,82.0,84.00794741763025
20620,70.0,74.78173964964958
4777,99.0,91.69241493337796
10107,88.0,90.89011144587258
22053,64.0,73.09688780388933
4936,77.0,86.9789364233809
15045,83.0,73.8501821701521
22345,85.0,80.98339257484099
19260,80.0,86.72814721840669
22133,84.0,80.32536192165708
4183,82.0,76.72040504017019
5398,73.0,74.21004829151246
10454,79.0,70.62628377991685
5806,75.0,74.52672249832675
17853,76.0,71.6683599883718
8542,68.0,75.11872632524936
14484,69.0,68.29617704080331
5626,81.0,83.57035272877667
19955,77.0,76.96062240770684
10395,78.0,80.75796313315186
22231,77.0,72.87505661342368
14604,70.0,67.17761048335578
10245,69.0,73.42673206250163
1780,61.0,59.47739812716836
14644,83.0,73.08953980836216
1894,75.0,72.99241770802297
15956,74.0,78.02006821120041
20353,85.0,73.37746859861403
3712,51.0,74.72346554798281
14709,78.0,77.99591497413672
10229,76.0,83.3715528151898
13453,77.0,68.87257019533399
19317,72.0,70.65673341776971
21867,88.0,81.99346413912761
16157,79.0,81.7793775886181
7488,87.0,85.51397513429279
9868,85.0,77.02661217986795
11209,81.0,74.3954608323177
20552,99.0,93.22350987602027
5027,80.0,81.507665509407
10642,94.0,87.95200961518475
16492,84.0,93.59806752125138
20833,56.0,52.35797307964032
2136,70.0,70.00417988322506
11041,76.0,85.73844709181257
15697,91.0,80.18016287848695
5663,85.0,87.43115283303962
8287,98.0,100.85198817117168
15733,77.0,76.82659626533629
8592,80.0,73.48924091799572
21442,82.0,81.82146803161307
8102,89.0,74.54879010407109
3490,70.0,65.20691418194727
14477,78.0,73.57409210633833
20033,87.0,82.33727931117457
20290,82.0,77.03584205521572
16199,84.0,84.14686343474312
22013,90.0,77.56073251362
4818,85.0,82.778060798614
8960,110.0,95.65161995181248
19797,68.0,67.70194609415202
2009,70.0,87.0956265241465
15834,84.0,76.61276675820582
3253,78.0,86.912642237674
13443,72.0,78.43534898937033
9053,104.0,92.6272677720888
8059,94.0,88.76967546327006
20307,82.0,76.67349465356926
9034,77.0,80.11110157676518
22359,86.0,87.60158192130856
2085,68.0,60.08938515093836
20557,64.0,62.91421106368438
19511,66.0,74.00640948461816
8019,74.0,74.26487307046831
361,76.0,71.62160975443545
18159,69.0,68.62609443873598
14926,85.0,78.63990998392563
20869,70.0,71.02524006221414
2617,70.0,70.98651792078898
2954,89.0,83.39502703886285
3293,72.0,91.5304040255603
16522,89.0,83.1672901301259
5383,85.0,81.10330893064733
2990,94.0,79.8819229624689
18325,105.0,85.38210140973268
5673,68.0,71.62899623831402
3928,61.0,67.24621644321519
15900,87.0,88.32726671961953
7376,76.0,79.96433441719114
3128,86.0,76.63754653919291
8061,94.0,88.76967546327006
5746,85.0,88.97614796530064
3800,87.0,76.99816007628453
15305,96.0,82.88478961170193
1509,80.0,71.10739856184777
19327,89.0,84.19028597416133
2904,90.0,74.15605792791413
14922,62.0,79.6910572038836
14672,66.0,78.8154700632681
11912,67.0,71.79044472142019
20465,68.0,77.98538624832582
14338,75.0,67.52726026112131
15905,86.0,78.22256540159137
19739,70.0,73.60839967769846
21901,78.0,77.90996864680073
2598,65.0,69.59357723041904
7359,79.0,82.6605371743685
15318,69.0,74.00343713458093
21705,96.0,87.50944428256412
7175,85.0,87.49717083955017
17970,83.0,77.41441225282375
9766,83.0,70.21281827429291
4784,92.0,92.34589744679771
20814,62.0,65.99296805119921
9038,76.0,72.94909561056159
16167,95.0,84.81735889810255
2578,78.0,75.53103500141629
13544,80.0,74.37105929407606
14230,82.0,67.69846157384393
4782,92.0,92.34589744679771
6838,79.0,70.60314512577385
11061,83.0,82.37419216591633
3676,87.0,79.37466635729936
18649,89.0,82.87353601672604
10863,68.0,65.07695896533116
21516,79.0,81.07376484587067
12683,67.0,77.0535462570867
1811,85.0,76.89638010797103
14855,88.0,80.30653817617511
1642,103.0,91.97648658611719
19265,85.0,84.15816606391284
13630,89.0,84.13459407712784
16247,109.0,104.27124169540116
13772,70.0,75.64152565756328
3859,82.0,74.5598135574973
10636,89.0,90.3537584195555
8799,101.0,88.78103964301553
8010,99.0,85.37166328212942
7556,67.0,69.71985188212255
21685,76.0,83.0649288229327
719,64.0,75.52993923211704
21895,84.0,77.43261818666244
20688,78.0,86.68270499503404
1913,88.0,74.51299593213216
21192,81.0,76.32251763000733
5190,80.0,85.19387427071854
16690,53.0,68.49393609121924
19902,71.0,70.53009573139528
4790,93.0,84.13379711416317
8682,85.0,82.26982972132626
15681,86.0,87.26140720246099
1023,60.0,73.7069484399448
1989,85.0,76.41210697258154
20167,76.0,60.19100198990707
13915,78.0,72.40449811222848
3430,95.0,88.01916426890772
11278,79.0,76.94774525241027
5695,105.0,100.18659365844269
5788,66.0,74.18736613302872
16483,74.0,74.32751980059125
3313,78.0,73.17715310661879
21467,90.0,86.15073422477498
14862,64.0,72.66757611124439
21791,70.0,70.32449260134166
2561,81.0,82.63730012025444
5481,91.0,80.80266429340841
1583,79.0,74.85253927084923
3632,82.0,74.9445535674646
5298,58.0,71.5584458032761
11179,63.0,74.87181037052164
8995,89.0,95.1034042677907
19430,56.0,61.18694866398545
15856,94.0,88.71123210847736
1274,98.0,84.27202040763717
13786,76.0,65.57830025768234
15403,85.0,74.84896176899042
13543,80.0,74.37105929407606
11204,96.0,93.16223873382845
1409,86.0,80.36831976479989
9964,69.0,77.19337260250018
10396,78.0,80.75796313315186
17618,95.0,85.45985201902408
21459,82.0,79.14842730896234
5478,84.0,85.35736362465693
21644,79.0,79.14739595289883
7183,89.0,76.3842413073379
2411,85.0,79.65386822275748
17630,69.0,82.87554921281256
2800,76.0,72.07572566018757
21543,88.0,76.21970618394602
2983,80.0,77.3269828445777
5741,77.0,72.76574859615256
21103,73.0,74.30644547395623
20612,93.0,85.23616719024619
1813,68.0,75.677889288367
13882,90.0,82.07135024884062
20066,83.0,78.96751111330943
11280,86.0,80.4126840768268
8109,80.0,74.630711656974
1276,98.0,84.27202040763717
18687,71.0,71.72225142582056
2030,104.0,82.2514712201546
3613,90.0,79.96308633829912
935,76.0,73.18979062897513
22217,54.0,74.26154436757358
21013,69.0,62.713825299952816
2018,68.0,78.56134810402384
3012,70.0,72.23881904382054
4808,78.0,76.07356929535077
9826,75.0,75.4757725633205
14357,85.0,71.10559877652315
21480,85.0,81.1997161878183
20122,70.0,66.02085651394589
11244,82.0,76.16054223097308
15396,56.0,66.71639367639037
9957,52.0,66.34548134323525
4404,93.0,83.05700174736094
21327,84.0,75.69740368864097
4556,68.0,87.23488904487354
22300,87.0,79.94632617303608
6677,71.0,68.86120582432572
5795,77.0,81.86516751203915
18642,75.0,77.03809889339692
5156,85.0,78.29335773317348
5232,79.0,82.94271813493131
22242,64.0,66.38277963246627
20357,90.0,81.9715405289858
22261,71.0,75.16219742032644
10013,77.0,76.68910497764868
21388,81.0,77.67020004463075
4700,77.0,79.43578006744335
13218,65.0,65.43652393177702
13713,89.0,80.65085141341129
3551,82.0,90.88961399590934
2190,84.0,78.75995410320826
17130,54.0,67.57202327550306
22390,102.0,99.14701294048251
9157,68.0,68.2045535666681
3643,79.0,74.93757644485285
19753,69.0,63.98160063420089
19125,70.0,74.35425045197299
18835,73.0,72.10302792088984
4433,83.0,77.31186732947404
3997,78.0,90.33790003095297
3295,72.0,91.5304040255603
14950,68.0,72.59434343201673
2376,101.0,80.03779395873065
10922,84.0,73.18956431041534
8166,70.0,69.28652588907356
1718,90.0,80.8362273781213
10288,76.0,79.79763891978034
3469,65.0,73.39741272980996
22140,69.0,70.7482713638018
2244,80.0,72.35973946820263
14537,91.0,67.34918687247483
21400,63.0,65.6940235626305
19653,90.0,77.23969160292123
14591,72.0,71.72530796934856
14643,83.0,73.08953980836216
9351,73.0,70.32648936042224
4468,87.0,75.29671294172608
3266,57.0,64.48451406583725
14021,89.0,84.75374536637446
8307,84.0,80.0422073588037
5429,91.0,86.62180213520065
16894,82.0,80.54293728428598
11054,71.0,73.75737342890378
8021,74.0,74.26487307046831
10574,79.0,76.79198581843144
10964,86.0,83.2668568903807
19855,83.0,75.82083812690331
14410,52.0,67.58691681570603
1865,87.0,80.70919510182394
15553,92.0,74.27224027711807
5580,75.0,77.7546973332285
9355,73.0,70.32648936042224
9563,86.0,78.79545405859456
9012,83.0,83.735968094214
1920,100.0,79.80786172158915
490,90.0,84.32307967861682
20551,99.0,93.22350987602027
2601,72.0,68.51281095437412
9574,90.0,77.91659455559864
16322,72.0,77.04553417563744
16447,91.0,80.45671810120926
18258,100.0,95.11800728127866
16385,79.0,81.24055710994098
3171,67.0,76.10445382727954
18093,110.0,89.8838547865617
16112,83.0,84.24123514982286
10433,61.0,63.188786661123025
17548,83.0,78.12014612075164
21212,71.0,68.63145145867999
20621,75.0,83.18593602969808
10601,78.0,80.96826088256479
2134,70.0,70.00417988322506
1878,77.0,74.31942720431877
5592,100.0,83.60255537527686
20641,61.0,64.6996001381028
20047,67.0,72.67224137241625
8085,70.0,68.6138481216775
8577,95.0,95.21829281497922
5772,73.0,77.82611176312426
18564,70.0,69.14727046550126
13640,72.0,70.47790519451735
14047,78.0,85.86099123285892
3405,62.0,68.31522900597633
20069,90.0,84.78369370167954
2068,73.0,66.9446260130137
16685,99.0,104.75162580753258
14651,93.0,89.37874223457209
13642,72.0,70.47790519451735
2726,74.0,81.43551268522181
21058,100.0,95.87304882275895
8057,70.0,75.16448973485663
14640,66.0,80.71278100831094
10880,70.0,82.87871615073882
18668,73.0,75.07992900919864
9006,74.0,79.4101133963485
7799,71.0,76.47086107469835
8607,71.0,69.14159754912525
1375,80.0,76.84912788655407
9258,94.0,82.7014175782628
1209,88.0,75.3645731853239
20390,64.0,68.06423082587605
1910,67.0,69.72618726210753
11886,56.0,75.55685290037906
16003,80.0,85.26855151801425
16224,81.0,74.02935476940422
16813,80.0,78.11364399481911
1735,63.0,62.413513925595666
10651,93.0,91.79976021201318
20118,82.0,77.00419445734593
2521,59.0,65.10242596276414
2269,80.0,72.22748260377355
4178,65.0,70.74947050500478
13372,90.0,84.41118001234811
20007,79.0,63.1691196179719
19484,87.0,85.98618211382305
15330,79.0,74.95910589893762
9720,79.0,74.40392762149081
19389,79.0,81.08085245236877
10102,82.0,82.18372388494171
1762,43.0,71.60406267173627
20248,69.0,71.8493774307774
8760,85.0,86.13550932056765
4308,95.0,95.81122732650653
5516,62.0,73.18559165823528
18768,77.0,71.66391578219756
20947,77.0,68.25538843312863
9738,81.0,81.45998462358412
10057,75.0,69.56613492776137
21845,74.0,78.29552423982236
19584,81.0,75.36867535799966
15359,99.0,82.7962077919639
4815,73.0,74.65902809364638
2182,57.0,68.51938391232491
20966,60.0,69.70356639837496
4798,86.0,80.57699375850225
20866,70.0,71.02524006221414
19490,64.0,68.81313939050166
12643,82.0,82.01954550521917
19486,93.0,88.45341939900747
18652,78.0,73.90996618938757
2325,71.0,72.38876162917441
20699,46.0,57.80101469270353
18774,105.0,86.16577459699303
7699,48.0,59.66969901623789
2770,91.0,80.11821195221145
18986,75.0,73.79869826836999
2422,93.0,102.99862038085803
14792,80.0,73.2779020992612
5450,53.0,63.676039860615404
14289,86.0,70.56110173214485
11020,82.0,85.13524793493957
14414,80.0,73.20469042539648
5822,75.0,83.9270434625889
3020,90.0,82.88786247295386
11131,65.0,72.79792931650564
10424,88.0,94.7224697878313
3792,79.0,80.70961653179114
22051,70.0,73.488948395131
15912,110.0,92.2578271445295
21395,87.0,94.35602096308504
2507,43.0,64.35882836991591
15489,74.0,81.97679711628146
10831,90.0,87.5710992501659
4435,83.0,77.31186732947404
4602,73.0,73.77743441039453
19725,70.0,83.70369523102171
5766,78.0,76.86418649571297
18435,75.0,79.40199196642489
14921,62.0,79.6910572038836
18256,78.0,78.65588770732003
18864,78.0,79.1908597796367
3984,61.0,67.67838094824828
9133,98.0,88.10744926850353
11028,84.0,79.29953828871948
13297,69.0,69.0422866553568
1309,67.0,67.8804185895166
1436,74.0,72.2654361307387
21130,100.0,92.7874522390757
14264,89.0,80.06785668038246
20995,67.0,70.66910948049082
13333,62.0,71.23832258975534
16113,97.0,90.20366914190546
9194,63.0,64.8971101645484
19417,84.0,77.93241833250579
9972,81.0,74.38386320851814
3752,60.0,65.69250034198906
22367,71.0,74.29270307510217
14175,77.0,74.26970067734028
20685,80.0,79.3740358394838
21262,76.0,79.55174239942433
10183,79.0,74.26918620429207
4544,63.0,67.28786695659664
3803,71.0,79.70320170604197
14508,103.0,85.7448694399774
18163,93.0,92.59017870628394
1666,80.0,74.24487925459738
2553,70.0,77.32187685876485
14332,63.0,65.7531322430958
2470,45.0,67.23051881155857
21355,81.0,72.07397100864037
19214,76.0,75.96121582563889
16933,75.0,79.25374481297052
21413,60.0,80.54343396482703
16840,70.0,74.83446609033554
3104,76.0,73.2079048974858
9770,93.0,88.68862190695516
20165,95.0,68.97684549340727
13559,93.0,85.40736609773944
1208,88.0,75.3645731853239
19761,90.0,83.7384553009992
9710,62.0,63.90674789276879
15164,71.0,73.18716707804012
4797,86.0,80.57699375850225
15581,76.0,75.39617368016621
16284,76.0,72.80031096702899
4590,75.0,74.34990064678047
8453,63.0,74.9219682278345
19806,75.0,79.82400689763801
5786,70.0,75.06474614386542
2874,50.0,64.43313980615352
952,69.0,84.29653664105993
9444,79.0,76.41438356454935
9971,81.0,74.38386320851814
1980,94.0,80.61461675615034
20412,73.0,70.76111747101096
11939,60.0,77.52886756302851
10457,79.0,76.45840438181371
20857,80.0,81.20776441077908
21897,77.0,79.20287708745056
4350,79.0,69.53172334969514
1325,97.0,98.77968124398117
15750,74.0,80.6769449911385
2822,71.0,65.07342850680601
19168,87.0,77.82881826256516
4928,90.0,92.17201471689317
10856,80.0,78.65466063345622
15767,70.0,85.83687371480426
3353,79.0,70.84132840365791
7794,67.0,71.9671459841948
18654,78.0,73.90996618938757
3184,69.0,70.85796387101526
10352,97.0,93.69518703124533
11274,85.0,76.09443760377269
1924,63.0,69.38207241476205
15754,94.0,91.01581897458014
15204,83.0,73.44531821638941
177,66.0,69.42930942963405
3172,67.0,76.10445382727954
2364,60.0,63.08337682908747
4121,50.0,76.79153188422944
22080,76.0,77.56290243242579
10430,96.0,87.52653366066369
22307,79.0,87.81530866254172
19419,79.0,81.89352159108068
9368,94.0,77.90269264088761
11197,80.0,77.55114961279477
14931,74.0,67.06482299033033
16794,90.0,82.16996064853366
1927,77.0,82.61906349781077
3224,97.0,83.58989652868283
11157,80.0,85.09601945226822
20639,78.0,78.9636186448999
951,69.0,84.29653664105993
21265,94.0,95.22055227526599
11371,107.0,103.7358667108245
15569,70.0,85.84126559765316
18982,70.0,72.97280808028282
18102,72.0,79.01647471846599
4288,81.0,77.4929884366604
19444,83.0,91.98826170368031
5815,81.0,84.85458069957099
21208,71.0,68.63145145867999
13490,93.0,73.37590535082714
15902,90.0,101.76517372559888
2048,92.0,86.92019203818853
8887,72.0,81.18304941593652
4477,78.0,80.00082340156501
8335,74.0,72.09369514620246
19906,70.0,71.10413869275735
20812,78.0,75.12049096770492
20404,76.0,75.41825960835374
9955,82.0,76.66193608924836
3978,71.0,69.16684963440736
1446,76.0,71.24306038396765
2191,84.0,78.75995410320826
2396,71.0,68.22916895880034
8372,75.0,71.81991225995279
7965,66.0,93.97572905562399
13171,85.0,89.49557600909088
9400,79.0,85.46811005102764
10105,88.0,90.89011144587258
4883,79.0,81.14999181475176
21281,70.0,81.90945621031078
21333,72.0,73.53679096194716
16479,73.0,85.48339438138748
10521,66.0,76.6436166177683
15285,73.0,73.92886159270381
9959,52.0,66.34548134323525
4926,77.0,73.09540001842615
20111,87.0,86.42467391060077
15820,63.0,80.44177017017944
12398,92.0,82.85921517179008
8305,77.0,88.84530144566145
8291,87.0,78.66153853121361
7176,85.0,87.49717083955017
13558,93.0,85.40736609773944
2995,103.0,98.09136297795604
15946,53.0,69.57821704663607
21683,76.0,83.0649288229327
8114,78.0,73.69370783620141
5724,89.0,81.85587623772214
10650,93.0,91.79976021201318
15356,79.0,90.55556281903007
1788,100.0,87.78724375530803
5135,111.0,99.10752585974603
9576,62.0,78.3637302648886
5778,65.0,67.84703429390115
1537,89.0,83.78528560834553
21581,82.0,85.32665722061986
2135,70.0,70.00417988322506
15667,90.0,86.7868427022726
10555,66.0,67.15363084261942
7941,84.0,82.22073843325833
9403,75.0,71.24873570817334
4796,86.0,80.57699375850225
11132,65.0,72.79792931650564
16233,93.0,86.42580813677682
15120,103.0,95.54747866185899
14055,84.0,78.8003119180265
13974,70.0,69.02983673477758
4618,83.0,83.11331281055018
5285,92.0,90.85395242074165
2648,83.0,75.7304173170124
14107,84.0,83.75562762402555
8630,93.0,85.0853851386703
5279,80.0,80.36578347114352
18688,71.0,71.72225142582056
20355,90.0,81.9715405289858
5048,90.0,86.26732872684262
9009,90.0,83.76833474938394
11200,88.0,78.67212489527743
12288,99.0,90.33601277760499
10655,78.0,79.32252821994464
17022,80.0,67.49290212229565
20619,70.0,74.78173964964958
14024,73.0,66.05965222994847
16531,87.0,87.30934353061345
11281,73.0,77.7756150187079
21454,77.0,86.112067869649
6796,64.0,63.974361014495095
11909,67.0,71.79044472142019
3738,55.0,93.4866245212637
22020,81.0,76.74597356780689
20262,78.0,69.32199901544746
5819,86.0,78.44415603383095
9016,91.0,77.50928514107348
14119,87.0,78.52952167334439
10250,54.0,73.64467611643855
13210,41.0,77.67232962495896
5314,84.0,75.21972532698621
19635,72.0,75.41496585389372
14451,63.0,74.25235630149032
9908,90.0,104.72314200851596
7943,84.0,82.22073843325833
9829,79.0,86.97252841329114
21981,91.0,83.2201549454831
16793,90.0,82.16996064853366
20054,55.0,61.241661055669624
22260,71.0,75.16219742032644
9425,73.0,67.28177610077898
10923,84.0,73.18956431041534
21784,99.0,77.83239472015433
14650,93.0,89.37874223457209
10063,68.0,73.51010403674907
20536,78.0,78.08894375290006
2715,68.0,74.65094774309198
5058,79.0,75.33175192710803
15549,71.0,78.08651187475857
5769,72.0,79.84802575965813
5821,75.0,83.9270434625889
19600,82.0,78.94364856944182
10747,87.0,81.57880053174448
9681,73.0,74.03974181596408
22398,83.0,84.1036207231933
8804,92.0,80.19945583046983
7655,89.0,77.3885528174333
1883,84.0,72.65514360328822
19275,74.0,82.3271290373734
4666,98.0,84.24626642670715
5097,77.0,77.10888482435146
8409,85.0,73.14228360726628
9836,69.0,76.52849653389254
15634,89.0,84.92543414087169
18952,78.0,75.59403684329169
9879,71.0,75.62610991132485
13415,92.0,85.94111577085636
5222,78.0,72.95501392244049
1877,77.0,74.31942720431877
4886,64.0,75.36317539433429
21426,76.0,84.34392103605376
2646,71.0,73.71333139054516
4585,76.0,73.47500322351559
3112,51.0,64.74667500413216
15639,56.0,80.21086320959587
11128,67.0,69.19482351089113
16235,84.0,81.52813330380798
8749,72.0,76.0876249034595
3362,70.0,76.13623349842669
10687,78.0,76.1226351629964
10373,75.0,82.2017262642948
11033,81.0,73.26946553907842
13488,93.0,73.37590535082714
4751,80.0,83.25814896993695
21466,90.0,86.15073422477498
10889,63.0,69.3521586775739
10399,82.0,80.85521772974732
2616,70.0,70.98651792078898
21639,77.0,71.04707976588935
3303,69.0,70.21074267326583
3766,94.0,96.0172272632172
11129,91.0,88.99453847668624
14263,89.0,80.06785668038246
18594,82.0,81.77821986730082
5172,70.0,81.59352017891962
5061,86.0,81.65433515200402
7185,89.0,76.3842413073379
1321,84.0,76.62393611641747
21188,92.0,81.46660041647661
16148,91.0,84.6881525316642
14977,70.0,71.20497707554458
2187,93.0,87.61993478932794
15861,91.0,92.3396488160138
10932,88.0,92.71621967766582
22391,102.0,99.14701294048251
10990,78.0,67.87519173518984
5538,97.0,92.377263240343
10557,66.0,67.15363084261942
15682,86.0,87.26140720246099
19890,78.0,74.67637599382776
10129,67.0,68.63626651000001
2036,62.0,73.5056695733572
12756,80.0,76.93124501208814
9293,93.0,76.28663956969083
10966,86.0,83.2668568903807
1493,59.0,74.67848049562517
19896,64.0,65.98935759768682
9966,69.0,77.19337260250018
19140,72.0,70.17748324118246
21577,60.0,65.65270038702506
9442,86.0,85.10000808791915
21521,111.0,98.74409838625574
19738,70.0,73.60839967769846
3169,73.0,75.35108258658785
22343,74.0,75.66963522637948
20902,108.0,91.8143244496952
14347,68.0,74.66084851145087
20401,90.0,87.11974938121725
15090,85.0,67.86374280204024
22287,89.0,85.77142283377056
16682,100.0,91.47931544055646
21615,65.0,70.66938589861334
19592,77.0,79.16980680414957
10438,72.0,82.81758128516361
21933,71.0,72.525423058139
2343,93.0,84.53622142768741
4414,57.0,82.42697803968599
2315,85.0,77.11242133831303
13961,73.0,69.29871617121353
4036,67.0,84.75130620151228
8947,82.0,76.99917506282716
4800,106.0,94.72739866906267
9661,80.0,70.87451754637496
13925,91.0,75.69126773447101
7119,90.0,82.32053066429165
21650,93.0,75.02039306243884
3074,78.0,77.85725760840674
22176,77.0,74.42127698822588
17264,65.0,68.42005362335019
3504,84.0,87.21636773301239
8946,82.0,76.99917506282716
20696,78.0,84.92405534903757
14226,83.0,63.87335486551132
18714,90.0,96.1068052368052
3480,76.0,77.6198969525079
14954,70.0,77.60844526803999
5767,78.0,76.86418649571297
3700,69.0,70.46854641879015
3759,69.0,85.61809423096568
5674,68.0,71.62899623831402
3990,69.0,81.80713884510536
3179,84.0,84.45330419187859
16008,86.0,80.55758837601059
2026,77.0,76.8278447066399
15903,90.0,101.76517372559888
20786,97.0,73.94538951029284
4500,67.0,65.23111670675604
19764,88.0,96.16786334174361
10191,83.0,83.40749695063059
21733,85.0,79.33753336166902
8894,74.0,75.21176608574373
14057,65.0,63.379178418784804
20548,85.0,82.15316385227166
7029,75.0,75.07181357687526
9370,76.0,71.16927863604803
16357,88.0,84.0856242232658
15636,86.0,83.81743178577935
19405,90.0,96.06630515056223
11026,92.0,76.28342665176743
19838,88.0,82.58944453631486
