,y_test,prediction
1741,84.0,82.939142307993
1684,82.0,82.46211237806068
2490,88.0,75.39731172061445
3824,67.0,70.5418645711562
2487,74.0,80.03320642154124
997,91.0,83.74637994353725
446,71.0,72.90170497537117
1519,74.0,72.1187361695493
3562,109.0,91.78250451156238
3957,80.0,75.0384477249511
3622,97.0,87.79172391232467
3977,68.0,84.32725247417461
2659,68.0,66.70278335911678
684,69.0,87.00982531743925
690,101.0,95.37845572007623
1571,80.0,90.88092408449695
3815,100.0,87.39982319544575
3070,84.0,79.95940910927742
3077,85.0,82.6650932528985
4071,81.0,82.68465861214415
791,71.0,70.6254176504282
2510,75.0,74.83349541439941
2580,73.0,68.38048009191994
3918,61.0,73.39424648808826
3773,59.0,65.58087281291456
3459,78.0,80.13226981828257
692,71.0,79.91884923924628
865,102.0,86.04143771021492
1052,85.0,87.96851458164608
2989,76.0,74.06987023094231
841,84.0,94.09648560472215
2611,74.0,75.37360770706411
1845,75.0,68.91894275808211
728,76.0,82.6686810051832
3962,101.0,89.818547109821
3799,78.0,79.06348485665156
4083,90.0,78.49591995067517
1791,83.0,70.11826513444717
696,69.0,76.69349368543831
3993,61.0,65.32713987078289
720,72.0,77.58529351323119
3836,108.0,92.83203522803817
3539,69.0,76.71418787070954
3690,79.0,79.34610490393285
3582,47.0,61.32376218426833
3838,86.0,84.82605276238516
3857,84.0,77.03700358768421
3378,68.0,81.38343240319314
3559,74.0,82.06885842184604
3725,93.0,97.05050909466509
813,84.0,75.1535994967895
4134,76.0,73.2835050327651
911,77.0,72.37755951208587
3951,90.0,88.14174511815403
2631,84.0,81.3827847260693
2781,83.0,72.97576015028446
2635,80.0,85.35106165006425
3686,82.0,73.16272229618998
2077,84.0,80.51101718804071
3925,62.0,62.75842225259315
3082,72.0,71.7269233663873
598,87.0,73.62375936460143
2819,81.0,81.13935289848092
1602,85.0,87.64871489561492
4010,74.0,71.07588763980132
2896,65.0,69.14260171488996
2569,62.0,69.23609226967223
2091,73.0,77.88493325933067
3750,70.0,67.50235706151756
2515,47.0,62.5878096017153
667,79.0,73.710989315718
462,71.0,80.47775563250755
944,84.0,77.03893785099397
3675,80.0,74.46786859083662
2708,66.0,77.45463888528289
2289,74.0,74.07045516851204
582,88.0,76.21605834885328
2869,65.0,71.5491620767406
3986,79.0,76.7174181201479
2840,79.0,89.17485850841499
204,64.0,74.45549844675867
1778,49.0,63.595291752456276
273,84.0,70.35973923142691
4098,65.0,76.98633967256308
444,85.0,79.5763492933439
744,89.0,88.27919564963732
2758,68.0,72.20992395386182
493,83.0,75.36899380642234
2550,62.0,67.79657916747627
3712,95.0,87.47633955776185
586,84.0,86.72342383846964
1595,60.0,76.76257527320865
2054,67.0,69.51705442247335
3735,82.0,75.63148274782516
2197,67.0,63.98300216431717
4018,86.0,82.71929570322064
2075,78.0,75.18898474644304
3647,70.0,69.4477523577424
3715,95.0,69.14300905721875
1883,57.0,67.0032216797724
641,74.0,70.22030861894673
2628,94.0,91.0046610444568
2601,87.0,83.61491049775586
769,97.0,87.79764544456881
2602,84.0,77.9762797187305
1670,67.0,68.23270231874136
559,94.0,79.3537608191145
4127,81.0,73.83248488614028
3394,94.0,84.82378908126955
3316,81.0,69.45976896687131
2030,59.0,65.52219775135742
2595,89.0,83.13991076430732
3556,68.0,75.28578023021905
1428,93.0,77.15767333545517
3996,57.0,97.12434853920162
900,60.0,69.38238661758564
199,85.0,76.1524182060562
2816,86.0,77.33653785332592
2625,50.0,78.37994041657821
3863,85.0,77.23343565127041
3420,75.0,78.29057165831614
380,114.0,103.84409846686707
1850,79.0,93.05052404934156
2526,89.0,82.70307514457141
1066,77.0,82.22838881520016
3814,65.0,71.41496170365181
3878,91.0,78.86209747003718
1740,65.0,76.17533413591387
2370,56.0,65.00644144720133
2906,59.0,68.08923980387078
572,95.0,79.91822322235092
1591,91.0,81.801177876733
2121,82.0,80.02149481812617
1814,83.0,78.850238479712
1393,71.0,73.79639587112882
4101,77.0,72.56930285527
281,64.0,66.51409009706335
1756,62.0,77.28096798894886
269,74.0,71.78867979654068
2818,78.0,76.10537634495009
768,60.0,66.61566093279853
242,62.0,70.29319914981619
2929,76.0,93.46388301242011
2495,65.0,68.27006088060348
557,68.0,74.81094772978062
291,69.0,73.83847454184534
2105,107.0,104.12052546188593
424,115.0,94.41209355716401
3355,94.0,73.61556773338947
1616,41.0,58.1026292807364
717,81.0,78.4095307406557
1059,73.0,77.95272925365549
800,80.0,79.0004343228647
2029,71.0,67.7053865353636
674,73.0,76.26817641914667
3058,71.0,76.51556285738013
3087,100.0,91.17485990868516
2221,65.0,69.56218824194008
3611,69.0,62.14090772697584
2943,94.0,86.78514414792016
1296,70.0,74.18357840448344
3967,88.0,76.61044749111274
2663,52.0,66.42699094651566
978,66.0,64.25450616287746
3147,80.0,67.76680680332488
842,73.0,74.44371538249294
2015,93.0,77.84189554976555
4077,69.0,70.09263901444544
3868,90.0,83.9645537062695
241,66.0,82.24654016246382
3366,78.0,74.42436174164669
642,84.0,85.37424660518715
2259,70.0,74.31020053861616
777,71.0,67.59923084434936
1896,91.0,84.69722561263353
3114,82.0,71.12790297060843
4062,74.0,81.29731590744954
903,99.0,88.31621844998662
310,55.0,59.37215942015352
863,81.0,83.64286233304688
421,79.0,78.08831158922439
964,77.0,77.10313994884005
1659,78.0,82.56375068485748
1927,64.0,68.6552078540706
724,94.0,85.10051082931855
2764,81.0,80.86152748902597
1892,83.0,76.36027820999104
1363,76.0,80.15371940243239
2586,72.0,69.01449962954575
3940,76.0,85.34893170487206
1239,105.0,86.63484421904538
1638,110.0,95.21635458114699
776,82.0,78.98592732332614
3719,106.0,99.22278659559714
3568,71.0,68.48408921546033
1947,91.0,79.71015579157908
3825,62.0,63.950376461641376
3989,58.0,64.8411745386541
1911,84.0,85.48965254187146
715,63.0,78.49451261666087
2790,73.0,75.10863999543074
1722,79.0,87.83954686211068
754,61.0,60.153863099252
2766,70.0,69.61210451184098
2691,59.0,65.02196949417208
2180,58.0,76.77452818639456
3899,110.0,100.34250631905118
2008,70.0,83.85926165319664
1456,66.0,88.42295609316287
2226,68.0,76.54208468768287
995,95.0,80.7828841096393
278,91.0,84.1581868805892
1745,90.0,80.29877514438445
1733,100.0,90.37154322737976
4034,72.0,79.50696970023385
3865,100.0,92.58966928555685
256,89.0,88.2485669718074
987,73.0,74.5119371224741
2547,82.0,79.66755265096901
585,92.0,90.41008375290141
3695,83.0,78.91353409211801
3616,86.0,93.59043100623254
882,78.0,76.9735821224927
1573,76.0,71.26417284899614
822,67.0,66.01898763278189
3770,70.0,72.0000204812499
1901,63.0,73.62132223165041
1010,72.0,80.39509738367065
713,61.0,68.74337118574759
1688,63.0,63.61314734839036
4099,82.0,76.71533125517595
2056,65.0,72.89356026831615
2876,81.0,80.053483094109
362,77.0,74.27635144006022
2014,84.0,72.87075278832543
3442,96.0,83.96547101413746
2053,96.0,89.9217848902431
946,111.0,88.92525897983026
4117,87.0,80.22274438505346
3447,85.0,86.8232060160198
979,86.0,77.18582563915075
1915,88.0,93.04780271871752
1666,56.0,66.95143663877904
2535,57.0,75.11688162006067
1558,71.0,80.23304296561636
3396,76.0,72.98607905770439
3945,68.0,74.2400078094303
2669,56.0,79.11438040107846
1584,75.0,69.93097014424092
2725,66.0,54.73140447024649
852,98.0,84.77054790449112
2486,86.0,85.37331214444615
2462,60.0,61.141712591977935
3512,76.0,67.61909178953992
3698,64.0,63.985200790673304
2817,68.0,60.885422226941245
487,93.0,83.54389694929392
1718,76.0,71.5420365159749
3866,65.0,67.84883065975326
2777,90.0,78.95065999087132
1623,86.0,79.06266544787249
4080,105.0,102.02939038734743
3428,56.0,68.95425387827221
3405,78.0,79.96756107474909
1241,69.0,70.74865626601579
1792,93.0,88.10449212390292
627,76.0,65.36943343493436
3739,82.0,78.2110799554641
697,82.0,75.02765711741013
2073,81.0,74.74485973860953
3555,74.0,78.39092317914437
1668,75.0,67.79103844404528
786,76.0,73.23507640054126
1923,88.0,85.4076780531157
1886,70.0,75.37395035825222
831,65.0,75.03645341677033
1999,79.0,74.63752651298381
198,60.0,63.068312528536175
2842,58.0,70.77083071632029
2217,71.0,75.07304773668105
2539,70.0,82.99265091658754
3593,56.0,68.25185175453089
3621,95.0,89.7486735115099
1514,84.0,79.7740196362536
435,71.0,67.61892309489863
414,70.0,70.56643065537989
4027,73.0,73.15307717708859
240,98.0,84.13262892897436
302,79.0,74.72841497758344
1703,57.0,61.39775538685559
3709,88.0,83.48405853415528
540,65.0,65.23347024086985
589,87.0,90.63278136021462
693,79.0,76.01758679577553
4046,50.0,63.79057722214076
1597,68.0,70.67103083116776
1879,69.0,73.7003844822597
3330,75.0,75.59080405787438
3592,80.0,76.24285242386014
391,96.0,86.79734596512813
1356,97.0,89.1924142370069
1482,80.0,75.84668539135016
3223,65.0,64.74214599681017
2596,73.0,62.77067399976428
2974,63.0,63.66916873282054
2481,80.0,74.89646321036784
373,64.0,70.31477554298242
3607,75.0,73.58815684475813
2610,75.0,71.98062469145795
1525,86.0,79.65476241703225
3477,75.0,71.61308697933399
3433,88.0,81.4482568700482
2692,72.0,72.05084062027962
2783,84.0,84.52024747516501
3819,57.0,79.03379096114006
1864,64.0,70.04519563729772
1852,74.0,67.06497213089017
474,43.0,62.80715249262795
4125,75.0,77.29935050227242
3659,78.0,76.59639753318241
1316,90.0,81.68940816159063
418,80.0,65.14986249521502
1847,50.0,69.84241241070657
1532,72.0,65.93936512932353
2879,70.0,84.04073041399835
2271,75.0,71.47588231250919
2972,77.0,76.39735417966598
873,76.0,77.75346938558951
3109,70.0,74.86612552547467
394,80.0,80.26147733747193
3421,66.0,84.0206305648902
1862,72.0,78.39968943542964
526,72.0,73.70185276046743
1725,66.0,71.80151527683277
4094,77.0,74.54482255102253
3795,70.0,74.44241758741282
736,73.0,75.20018616376036
957,92.0,97.11964921619519
3877,99.0,86.73250376214685
1789,83.0,78.33388506250935
3740,62.0,77.79100948424261
512,71.0,76.83620962154214
3016,109.0,95.99080646745344
1912,79.0,75.017844525188
980,66.0,75.61296542896825
3733,74.0,80.64226541019147
509,89.0,77.31555002542831
803,93.0,82.21716565022227
2846,56.0,67.0244647442842
1871,77.0,82.55926449967708
412,70.0,83.2818103423287
702,62.0,65.13855718916284
2945,86.0,79.0344851769029
3931,83.0,91.11284852588963
551,80.0,73.41593483443576
2609,84.0,83.35998601172591
805,87.0,74.75747439702545
3081,85.0,78.48714328115634
374,63.0,68.4581888844709
2028,78.0,67.36715677911754
3322,110.0,91.22665411179625
3892,111.0,84.88588969021916
3001,95.0,89.31024420799764
1970,78.0,80.24948481227867
862,73.0,67.39532374292267
2921,80.0,74.38786644249429
2225,55.0,66.1212677618714
3105,76.0,81.29722919474555
1462,80.0,80.48192422525918
801,58.0,67.84920799408722
1973,62.0,64.86877204941011
1072,81.0,85.7187005538768
3116,70.0,74.1331776459084
461,54.0,60.02040516612354
3007,61.0,75.70915232728616
2873,71.0,77.97083695551068
639,70.0,64.14146077315715
689,79.0,80.9434829854149
1424,80.0,70.04970747886671
2649,67.0,66.03430677716263
2730,79.0,77.54956941025748
761,65.0,70.27876729698366
3920,84.0,76.36028819038856
2027,70.0,80.63801039408577
336,76.0,77.94329713969414
1030,81.0,83.43427330364669
823,65.0,86.10864197466667
3679,87.0,75.40821871647928
3069,85.0,75.4386059781669
599,78.0,87.47860949364386
2063,64.0,67.15160392645417
1336,74.0,71.18392466388588
1715,53.0,62.59525468992351
2947,110.0,89.47406907438503
1976,74.0,76.52086056189852
1388,79.0,70.20813398505426
4137,83.0,84.57974323022891
751,50.0,78.77471324285521
449,93.0,82.08039330187857
2092,89.0,83.17432087876446
3839,85.0,81.81570085528773
549,85.0,80.87110240155022
501,75.0,71.5372743776665
3517,76.0,75.47768337251173
3590,66.0,62.188945725557986
1022,82.0,81.4686024218392
3964,111.0,97.76116396443416
747,67.0,75.2447460745152
3574,84.0,77.44781908755293
1797,64.0,73.65965897759989
3045,63.0,81.58408311656584
3587,66.0,74.24878325975075
3324,72.0,77.83635108915786
2934,73.0,63.96434897006721
4136,102.0,98.3058518059041
3628,55.0,70.92278422470507
4011,75.0,68.3939771010282
3732,80.0,68.3156507234597
4084,57.0,94.13780899387353
2557,76.0,64.3804514099827
331,63.0,63.18866459004586
3017,80.0,77.33031904184034
2626,83.0,64.62402968069519
2169,87.0,80.63375351512401
2220,80.0,72.00921375000125
866,83.0,75.33951669760603
1417,81.0,72.49624284946124
3642,74.0,74.23771200849433
3506,85.0,82.55814740101073
3191,60.0,72.33165979374448
479,81.0,83.04438327237023
485,65.0,70.20086602605843
2209,80.0,81.05264575517852
2517,84.0,80.47748286196018
339,78.0,67.76012723987643
250,84.0,76.47914766350345
3588,83.0,82.73436237000637
2324,62.0,65.75646767991643
3485,92.0,84.49046853827136
3997,76.0,73.16885434032278
2856,89.0,85.49243178771232
2785,82.0,78.809422380402
3384,75.0,79.89360363994211
816,101.0,92.06892511510834
3057,86.0,81.89414006100911
1851,91.0,78.85598771489192
3645,98.0,86.58797056329351
4089,87.0,80.68220764146513
4060,62.0,70.75477337818299
833,85.0,72.77274693684892
2815,81.0,72.91786466858491
3811,78.0,78.2151688117807
2768,98.0,81.15535568432178
2732,79.0,78.92720983426835
463,85.0,77.91154761993937
3487,80.0,77.03701881981905
2208,66.0,64.98612164644952
2046,83.0,83.05800182492419
705,77.0,72.40601546535633
3532,85.0,84.6272359963829
576,76.0,73.45199065412464
3386,85.0,74.62087793847597
2059,66.0,66.35402066800998
1675,81.0,76.83438728053139
3310,49.0,63.97764214653508
3786,92.0,86.50926463520705
855,68.0,81.38814147931173
471,45.0,65.70803574683342
3563,96.0,80.70009614430882
1917,61.0,63.96643270401901
2085,85.0,91.97616780212347
1242,71.0,68.61727672581848
3108,90.0,80.97945578064451
4066,71.0,83.62313646944513
3076,69.0,73.30043902829058
1637,78.0,69.33146857730738
1069,75.0,74.47158085383111
830,63.0,67.50130790264045
3789,69.0,75.24435229891198
1503,80.0,98.04931647352942
3476,70.0,72.75523313167128
2475,75.0,84.52088898487442
1935,83.0,81.83555289545431
3793,93.0,84.13807938806298
2954,53.0,69.90186950934635
2744,78.0,77.75019716157948
2993,79.0,80.10680152785798
2892,56.0,80.84174855109819
2549,75.0,67.43289857396854
3419,86.0,73.38166205997396
1658,83.0,77.1608008915463
3971,59.0,72.95574162709315
1268,81.0,74.03201391579272
1500,62.0,78.34792112221893
4052,78.0,76.1662853651513
631,68.0,71.77525638492541
1440,54.0,70.81054094053303
529,69.0,61.695299316984844
1949,79.0,77.0585402315919
326,90.0,82.21851616195339
2743,64.0,72.78159029167327
515,84.0,78.90047577134186
314,80.0,73.34811669247128
506,79.0,68.66407779897213
3980,65.0,70.64221177181865
3978,62.0,66.13731534118432
972,90.0,86.06989348762377
4024,96.0,83.59584254411809
2908,78.0,87.34323963530416
3540,66.0,69.6976744420835
3742,66.0,78.10979110556444
3919,95.0,81.21582800280271
1941,68.0,73.41483836301968
3867,65.0,65.59012858705765
3439,90.0,95.03421859714726
743,79.0,78.0550582135743
750,74.0,81.37849485571597
3309,89.0,86.7573028389684
2563,94.0,92.26551762106612
660,83.0,75.25726496004073
1048,68.0,72.89172552028649
3778,90.0,79.54034585712093
906,76.0,74.18041255357632
1567,95.0,96.12260385149578
1907,78.0,80.86491158656057
1003,82.0,71.76225950975278
3525,55.0,52.885086041059324
1427,80.0,79.18615490506483
1237,68.0,64.70580256114887
3478,68.0,85.60826492825211
3399,100.0,93.33275328681802
3681,88.0,76.54330677043941
1775,86.0,86.80591452704135
2530,99.0,91.81095989166406
3692,84.0,76.89155117949258
3029,73.0,67.5480983902816
1937,66.0,77.82113337869103
1646,90.0,82.98002166466397
4038,78.0,76.95961764472739
2012,88.0,83.76350304166121
2018,88.0,93.37128365600866
2358,72.0,71.97873045413982
1757,89.0,70.31940413343112
719,61.0,67.30484435661553
3737,81.0,89.87413440072248
491,77.0,82.7352337870133
1077,70.0,74.48009682050787
337,64.0,67.2662065967568
2857,60.0,63.595041106508084
406,68.0,60.283237168876994
3781,78.0,78.30509478368123
507,76.0,70.04578643103086
2773,76.0,71.97917795990554
2946,61.0,68.04523938585234
1538,68.0,69.46999516469704
3586,77.0,70.92178049825534
1575,79.0,78.33819518742351
3448,105.0,87.94177575830108
4124,85.0,80.97558337648985
952,80.0,83.57873308727943
3720,74.0,70.15205436754289
