,y_test,prediction
1110,24.2,29.995
1778,28.6,30.974000000000014
1958,26.8,30.570000000000004
3615,33.3,28.436000000000003
1516,28.1,26.316999999999993
1048,21.5,25.0
2879,28.0,27.296999999999997
870,25.7,28.908999999999995
1776,21.8,22.188999999999997
2823,24.8,28.63799999999999
601,19.8,19.156999999999996
1663,22.3,27.680999999999994
441,36.6,27.21399999999999
230,25.6,25.955999999999996
2124,21.7,24.851999999999997
1636,23.1,24.432999999999993
2206,32.0,23.625999999999998
1948,21.4,24.223999999999997
3332,25.9,27.151
1272,20.4,26.340999999999994
1329,29.0,27.29200000000002
4117,22.9,28.414000000000005
698,20.1,21.313000000000006
723,24.9,28.701000000000004
2364,31.8,23.022000000000006
3542,26.4,27.30600000000001
1568,22.0,22.462999999999997
1742,24.5,27.420999999999985
837,25.9,26.967000000000006
1918,23.8,23.21400000000001
3582,23.7,25.963
3363,20.9,21.141999999999992
3651,24.1,25.88
3375,29.3,25.581
197,32.7,26.787000000000013
2468,24.9,27.230999999999998
3994,25.7,27.192999999999998
3289,27.7,28.541000000000004
903,27.1,26.696999999999992
537,25.8,27.481000000000005
2341,22.4,24.824000000000005
2403,32.3,25.211
2781,26.1,27.167999999999996
508,26.8,25.416999999999987
411,27.3,30.497999999999987
3892,25.1,28.413000000000007
464,26.4,32.493999999999986
110,43.7,33.18599999999999
1802,24.5,24.853999999999996
3625,21.8,21.84700000000001
1152,32.9,30.956999999999997
3624,20.4,23.357000000000014
97,27.4,27.875999999999998
2292,26.3,25.89599999999999
2006,26.2,25.139999999999986
1062,25.7,26.93800000000001
2820,20.3,25.167999999999992
1843,23.9,25.634000000000004
3000,23.9,24.898999999999997
71,24.0,25.84699999999999
4120,43.6,33.742000000000004
2935,28.8,31.940000000000012
2368,24.8,27.733
310,19.3,22.924000000000007
3097,27.2,31.989999999999988
954,23.6,22.876000000000005
8,35.9,31.002000000000002
2765,29.1,23.409000000000002
3310,18.2,22.851999999999993
1376,23.3,24.655000000000015
206,14.5,24.583
1612,24.1,28.342999999999993
3009,26.1,22.656000000000002
2233,27.0,25.813000000000002
770,22.2,23.389
33,23.1,23.38099999999999
800,17.9,25.28099999999999
3808,31.9,26.392
1956,32.5,32.548
2400,24.9,28.414000000000005
4110,27.7,24.3
297,33.6,29.684999999999988
1171,23.3,24.95200000000001
316,24.2,28.087999999999997
2353,27.8,26.888000000000005
4021,38.4,29.814999999999976
3671,19.8,23.96600000000002
17,19.4,24.899
938,31.8,29.083000000000002
150,42.0,28.002999999999993
2138,23.9,27.813
1701,18.7,23.154
1307,26.5,29.99200000000001
1264,18.7,24.701999999999995
1267,25.1,24.725
167,21.6,23.725000000000005
3182,36.0,28.228999999999978
899,21.0,25.392999999999997
3497,24.6,24.137000000000004
2664,26.3,28.389000000000006
70,33.3,29.100000000000005
497,42.4,33.169000000000004
331,19.1,21.090999999999998
151,26.3,21.724999999999994
1543,22.3,24.83299999999999
1631,25.4,24.652999999999988
1566,24.5,26.293999999999993
2978,24.0,21.06599999999998
2573,22.3,23.051000000000013
3503,25.9,26.491999999999997
3067,35.3,29.206999999999994
2739,33.1,27.933000000000003
2942,21.4,25.717
185,30.9,25.008000000000003
2395,16.4,24.59500000000001
3687,22.1,27.186
468,22.7,21.898000000000003
603,19.6,20.99199999999999
871,25.9,21.068
1432,24.0,42.84000000000001
1620,20.1,24.838000000000008
2934,21.4,23.444000000000006
3354,20.5,19.463999999999995
1661,37.0,30.806000000000004
3570,17.1,19.635999999999992
3818,22.5,23.638999999999992
2121,21.8,25.45899999999999
913,42.2,35.025
1746,21.2,23.505999999999993
1576,17.6,24.025
2239,23.8,26.06900000000001
3239,25.4,25.801000000000002
413,18.8,20.12899999999999
14,26.7,24.989000000000004
2441,28.8,24.86200000000001
1888,26.5,27.86699999999999
1287,27.8,25.05
3163,33.6,31.441999999999997
3608,38.6,30.020000000000014
2375,27.8,29.20100000000001
2977,28.4,28.572999999999997
3261,26.1,27.026999999999997
3447,27.3,27.820000000000007
970,26.1,28.171999999999993
1182,29.6,28.017999999999997
435,21.5,22.64
554,29.7,29.953000000000007
2478,26.2,29.351
1024,34.0,32.50800000000002
3724,29.0,25.214000000000002
1322,26.4,22.751000000000005
315,23.1,28.163000000000007
2791,18.4,18.79500000000001
2260,23.0,24.861000000000004
1713,21.2,21.552000000000007
815,19.8,23.200999999999986
1887,20.0,23.701999999999995
1971,22.0,22.848999999999997
1366,23.7,28.12599999999999
1829,22.4,26.151
3379,33.3,27.521999999999995
2454,27.0,25.54300000000001
368,26.4,31.050000000000008
1467,22.9,26.130999999999993
1403,25.9,24.02400000000002
2295,19.1,28.19399999999998
670,31.8,29.880999999999982
133,19.8,24.296999999999997
1040,23.6,23.505
3705,27.1,25.908000000000005
3612,30.1,26.959999999999994
3766,22.5,19.427
2984,26.9,25.990000000000006
1194,21.9,24.365
1277,19.9,23.047000000000015
2490,22.3,20.56999999999999
3899,25.0,28.199
3199,21.6,26.063000000000006
180,32.4,31.21099999999999
2695,29.5,25.439999999999976
1477,21.0,23.433999999999997
2938,31.6,30.846999999999994
2346,22.5,26.076
3732,30.5,33.664999999999985
2106,27.3,26.35399999999998
567,25.1,22.169
809,22.3,25.655000000000005
1908,24.8,28.776
3534,22.6,24.82900000000001
885,23.4,25.069999999999997
4086,31.7,33.37499999999999
2707,18.5,24.203000000000007
3798,27.0,27.169999999999977
3226,20.9,28.276999999999994
2671,25.4,28.950999999999993
1347,28.2,26.765999999999973
1208,24.3,23.46100000000001
212,24.6,27.007
610,29.3,25.684999999999995
32,21.2,23.216000000000005
498,28.6,24.784999999999986
3942,26.0,24.035999999999998
3173,24.5,27.613999999999997
1825,22.2,23.840999999999994
271,20.6,24.010999999999996
1522,24.7,25.668000000000003
2607,35.3,34.058
1236,27.5,24.248999999999995
3696,17.6,25.490000000000013
3664,47.0,32.30299999999999
1654,20.7,30.386000000000017
309,34.7,32.506
514,26.9,28.42299999999999
2724,25.5,27.68699999999999
3392,22.9,24.87200000000002
1490,31.6,23.99000000000001
3801,17.3,25.519999999999992
326,22.5,26.732000000000014
2762,23.9,22.814
3308,24.9,23.656999999999996
1471,23.2,23.05599999999999
1880,26.9,29.930999999999994
2122,22.6,23.586
1302,26.5,24.417999999999996
541,20.8,24.72999999999999
3536,36.1,29.268999999999995
3559,22.5,24.585000000000015
1651,33.5,28.10699999999999
2407,26.0,31.607000000000003
2692,21.2,25.91700000000001
3889,30.0,29.689999999999994
1989,19.9,24.02
3507,44.1,28.875999999999998
3643,24.6,28.275999999999996
1764,23.7,26.05499999999998
2826,20.7,19.13900000000001
460,18.1,24.391999999999992
1330,23.4,24.01000000000001
2271,16.4,21.869999999999994
3684,21.4,26.647999999999993
1129,24.0,27.016000000000012
1101,22.0,22.936000000000003
1883,24.4,27.826999999999988
299,22.7,19.837000000000007
685,23.9,21.891000000000005
1355,29.5,24.641
675,24.7,25.858
45,28.9,23.355
2830,23.5,26.774
1622,20.7,23.014000000000006
1964,25.4,26.770000000000003
43,26.7,22.251000000000012
571,23.0,28.90099999999999
3561,20.7,23.405000000000005
2983,21.5,23.710000000000004
2993,40.4,48.83899999999998
3024,25.0,29.99300000000001
782,56.8,32.688
2329,23.4,24.29200000000001
2602,33.1,30.388999999999996
252,29.8,26.269999999999996
3650,29.0,32.29999999999998
530,19.2,20.808000000000007
710,23.7,27.79400000000002
1371,20.1,24.02100000000001
3936,18.7,22.624999999999996
2438,20.4,23.931000000000004
2668,23.3,23.365000000000006
4085,21.4,26.708999999999996
3221,23.2,24.843000000000004
319,32.1,32.787000000000006
3621,25.5,27.15899999999999
3830,27.5,27.455999999999996
3142,21.2,24.84799999999999
2661,29.1,28.466000000000008
2252,31.1,25.880999999999993
740,27.3,33.278999999999996
817,27.1,25.855000000000015
3825,23.2,24.113000000000007
2182,38.3,27.78
2992,31.9,24.234000000000005
1196,45.9,31.95300000000001
3700,26.5,28.008000000000006
2875,17.6,21.529
4052,20.1,21.426
2596,18.3,23.708999999999996
1819,34.5,24.975999999999996
2727,26.5,23.24700000000001
1141,28.0,26.268
558,26.4,26.05099999999999
1112,27.3,31.798000000000012
3537,20.9,22.679000000000016
687,30.1,26.976
3225,25.5,24.927999999999983
94,27.1,34.18099999999998
1897,24.7,30.035000000000004
547,19.5,20.508000000000003
3999,30.4,27.112999999999996
23,25.0,27.119999999999983
1523,26.1,34.03099999999998
2670,21.8,21.727000000000018
1824,24.4,22.653000000000002
2616,17.2,22.135000000000005
2894,23.9,21.858
3278,21.2,24.004000000000005
2097,25.0,28.16000000000001
1412,23.4,23.886000000000003
3099,23.2,26.964999999999986
3040,22.2,21.187
2027,27.3,24.031
3539,20.6,22.093000000000014
3921,22.7,23.246999999999993
1134,22.2,27.953999999999986
3177,33.8,27.307999999999996
2194,21.8,24.15999999999999
3185,29.4,27.20700000000001
3739,23.5,25.47200000000001
100,17.5,21.944000000000006
405,21.3,31.142000000000024
2048,18.0,24.854
1517,24.1,22.559999999999995
1667,31.0,26.517999999999994
599,28.4,31.544999999999995
121,44.5,31.577
1193,20.2,26.191000000000003
1200,20.7,19.958000000000002
157,27.8,27.000000000000014
474,26.6,30.21000000000002
3945,33.4,25.403
2238,28.4,33.119000000000014
306,24.7,25.587999999999997
1349,39.3,28.989999999999988
3973,26.0,25.169999999999995
493,25.7,27.97999999999999
3938,43.1,26.429000000000002
3963,37.3,29.48899999999998
2258,26.6,20.182999999999986
1269,26.0,23.28100000000001
241,25.1,25.58
3689,43.7,32.054000000000016
3563,21.1,27.162000000000003
1070,22.5,23.259999999999994
1405,22.9,26.12400000000002
1602,37.4,33.675
2394,27.7,26.96399999999999
1799,29.0,26.92599999999998
3090,26.1,26.906000000000013
3922,20.8,27.49700000000001
3861,17.7,22.569999999999997
804,18.6,19.863999999999997
580,22.5,23.31200000000001
1181,24.2,24.587999999999987
2880,28.0,26.619000000000007
3975,24.6,27.802999999999987
647,23.8,28.60199999999999
1243,16.7,22.771000000000004
2543,32.9,28.61900000000001
1102,27.2,25.826
178,15.6,20.037000000000013
2126,27.5,25.371000000000013
1401,19.7,23.25800000000001
3630,28.0,28.11200000000001
51,19.3,25.456
2890,25.0,33.54499999999999
1841,24.8,25.283
74,61.4,37.91699999999999
1123,22.3,25.478000000000012
2458,20.6,27.657999999999998
2507,26.8,28.226
2442,18.4,20.973
2253,28.1,28.418999999999997
2321,26.8,22.826
909,28.7,25.584
1281,24.1,25.805999999999994
975,27.8,28.343000000000014
2339,27.5,32.86399999999999
1937,23.2,21.84000000000001
2508,32.6,35.276999999999994
158,19.7,26.946999999999992
2674,22.9,27.098000000000006
2390,25.2,22.572999999999997
982,23.9,31.166000000000007
52,35.0,27.200999999999993
2280,20.7,26.452999999999992
221,22.3,25.342999999999996
887,19.2,23.596000000000007
26,23.8,24.28899999999999
2635,43.9,31.878999999999998
752,22.7,26.151000000000007
3764,20.1,19.855999999999995
215,23.7,21.340000000000003
2895,27.4,26.22299999999999
1339,23.7,25.83999999999999
2003,24.3,29.412
2416,24.6,25.014999999999986
1561,27.4,24.896000000000008
322,24.5,27.39399999999999
417,27.6,24.776000000000007
2801,23.8,19.680000000000003
3415,26.9,27.51100000000001
1806,22.6,25.75000000000001
1508,21.9,30.987999999999992
1430,33.0,26.85599999999999
1047,26.0,27.132999999999996
145,24.0,26.956999999999997
3548,36.6,23.278
1067,33.0,33.12500000000002
3673,27.9,28.416000000000004
3858,30.5,29.557999999999993
1012,31.9,28.69599999999999
2583,22.6,25.713999999999995
44,26.0,23.991999999999997
1913,28.5,23.705000000000005
895,23.5,27.77900000000001
3953,30.9,31.041000000000007
4044,25.2,25.951000000000004
2084,20.7,25.223999999999993
2591,20.8,23.581
356,20.2,19.463
604,30.4,28.13599999999999
3287,22.9,25.406000000000002
4034,25.0,41.005
3706,19.4,24.581000000000003
1155,25.2,30.009000000000015
4129,20.3,28.447000000000003
877,29.7,27.248000000000005
2185,32.5,23.32
2089,41.0,32.88
1170,22.8,23.41700000000001
1872,30.1,29.51700000000002
984,21.3,25.02299999999999
1600,21.8,23.447000000000003
257,30.8,26.846000000000014
3048,25.9,30.429000000000002
2432,22.1,25.101999999999975
1596,56.8,29.154
1033,21.6,30.214000000000006
2489,30.5,28.256000000000004
761,20.2,22.322999999999997
2469,24.0,25.332000000000008
1850,24.8,29.88700000000001
1833,24.7,28.546999999999993
955,26.1,23.873000000000015
3925,18.4,23.301
4047,19.3,23.630999999999993
2579,24.9,25.092999999999993
292,21.3,26.68499999999999
2689,22.4,25.127999999999997
1740,24.0,25.267999999999997
135,36.0,27.656999999999996
1797,26.5,32.80899999999999
894,21.3,24.078000000000007
2756,19.6,23.524999999999995
3623,28.4,25.414999999999992
264,29.0,29.801000000000002
1781,25.8,25.070999999999994
1624,31.0,32.79999999999999
1707,18.9,24.816
2036,36.2,25.44100000000001
4137,21.5,27.980000000000018
56,30.8,25.628999999999998
3479,25.8,27.219999999999985
2340,23.0,25.593000000000025
1180,30.1,27.94199999999999
2310,24.5,34.773
1579,22.3,23.79100000000001
796,31.1,30.382999999999996
1555,25.2,27.18000000000001
466,36.7,27.999000000000006
1816,23.0,23.311000000000007
2531,24.3,28.614000000000015
3476,22.7,22.120000000000005
3579,24.5,23.769999999999996
396,25.5,26.35600000000001
2449,36.8,22.94500000000002
1486,22.9,27.64399999999999
171,32.7,33.81300000000001
1882,29.9,27.368000000000006
2279,35.2,33.15900000000001
1298,52.9,25.060999999999993
3322,22.0,29.344000000000005
3821,17.1,18.816000000000017
3998,34.7,31.427000000000007
3126,34.5,29.533000000000005
189,33.1,25.43700000000001
1053,22.6,21.5
12,23.4,30.45499999999999
3502,24.3,26.147000000000002
3200,23.3,21.991
323,14.5,21.02000000000001
660,31.0,27.732000000000014
2318,24.9,23.997000000000003
1853,24.7,25.86099999999999
504,29.8,33.765000000000015
353,28.8,23.381999999999998
3795,26.8,25.358000000000008
2158,39.8,28.644999999999982
4075,28.0,27.834999999999987
3084,21.5,25.389
1525,28.5,25.582000000000015
2383,23.2,27.703999999999983
3124,24.1,24.85
3020,18.4,21.297999999999984
3330,28.9,27.692999999999994
1186,24.6,24.857000000000014
1229,24.5,28.998999999999995
1114,24.9,27.03599999999999
2886,25.2,21.105999999999995
239,28.3,25.506000000000014
175,34.0,31.06400000000001
916,25.0,29.005999999999993
3005,25.5,22.739
2678,30.8,25.360999999999994
2904,23.3,24.955
1383,18.3,24.676
1228,23.5,24.934999999999988
1318,24.5,27.671000000000014
2559,26.6,22.05300000000001
4060,25.3,28.646
1959,20.0,25.993000000000016
228,22.5,22.245999999999995
3958,23.8,22.70900000000001
2682,19.6,23.103
3102,25.8,24.752
3645,21.8,24.346999999999998
184,28.7,27.666000000000018
3803,29.3,30.780000000000005
1009,36.8,36.657999999999994
489,22.4,24.910999999999998
1610,33.0,27.214999999999982
2474,38.2,27.835000000000004
140,22.5,25.51099999999999
267,25.7,26.517999999999994
3091,31.8,26.136999999999993
3347,24.5,23.151999999999983
64,26.7,29.268999999999988
3635,27.8,28.96500000000001
1748,27.4,31.801000000000023
1851,22.1,23.647999999999996
2155,21.2,25.2
2298,17.0,24.477000000000004
3962,26.4,27.528000000000002
3970,54.9,29.790999999999993
3769,37.9,29.773000000000003
1704,20.7,25.24400000000001
1750,15.9,25.08899999999999
3568,19.9,22.542000000000012
2146,34.4,27.037999999999997
3807,24.4,23.324000000000023
1050,25.8,24.159000000000006
280,28.3,25.041000000000004
3224,23.2,22.164999999999992
1437,33.8,28.171999999999997
360,26.2,25.637999999999984
2948,26.3,27.313999999999997
300,20.7,22.495
1416,20.1,18.771999999999995
2828,25.7,29.52300000000001
757,20.2,22.552000000000007
3362,30.0,26.449999999999992
3227,23.3,28.916999999999994
418,21.8,24.383999999999997
4003,26.3,33.42099999999999
3490,37.2,31.132
3350,25.4,23.014
3528,22.7,24.51700000000001
2594,26.1,26.24099999999999
4026,27.1,23.82800000000001
1999,24.8,25.279999999999983
3749,44.9,26.76200000000001
3611,23.6,30.796000000000014
863,23.8,27.755000000000013
1346,22.0,24.443000000000016
1402,19.7,21.768000000000008
1221,23.2,26.41500000000001
2926,18.5,23.29200000000001
58,20.4,22.711999999999993
77,29.7,20.470000000000006
370,23.8,26.00399999999999
835,28.5,29.25199999999999
1553,24.5,26.913
2539,16.2,20.601999999999997
2738,31.6,27.708000000000006
3055,30.0,33.135
2915,29.6,33.35699999999999
2463,23.4,26.308000000000003
2464,24.3,24.697
4094,22.0,24.550000000000015
1871,26.3,26.465999999999994
2499,18.9,17.214000000000002
125,41.6,29.420000000000005
3773,23.2,21.209000000000007
2181,19.7,22.11100000000001
2647,22.2,24.82300000000001
2357,32.4,27.20999999999999
2498,24.9,28.640999999999995
432,25.4,23.063999999999986
3752,23.1,23.925
2251,36.1,34.2
2213,34.9,32.26599999999999
1623,22.9,27.057999999999993
1212,29.9,27.668999999999993
750,22.3,25.909000000000006
2304,29.7,32.589
3111,24.5,25.842999999999993
390,28.0,21.506
30,26.7,23.62200000000001
1028,21.7,34.256
204,27.8,28.354
681,25.2,24.307
4018,24.8,27.847999999999992
3634,66.4,32.78
918,19.7,22.98
3244,29.5,26.691999999999997
2841,23.8,29.962999999999997
2782,24.6,28.912999999999997
481,19.9,20.27800000000001
2451,23.4,32.66999999999998
3844,24.1,34.635000000000005
446,26.1,26.064000000000007
2672,41.5,29.611
1446,26.1,23.99300000000001
818,24.5,26.499000000000002
193,28.1,28.698999999999984
570,24.5,28.884999999999994
1345,24.6,22.505000000000013
1637,24.1,28.70499999999998
6,35.2,28.57399999999999
442,14.5,19.569000000000003
290,28.7,22.717
1090,33.8,32.856
3652,21.3,28.74999999999999
1241,22.9,24.859
3566,30.6,26.355
1007,25.7,28.288999999999998
1421,28.4,31.006000000000004
3155,21.3,22.169999999999995
2034,28.5,26.496999999999993
695,25.6,26.279
2574,25.1,25.47299999999999
1415,28.4,29.97900000000001
195,22.8,23.396999999999988
453,24.7,28.479
1304,23.2,27.281999999999996
1195,22.0,32.082
29,28.3,26.61499999999999
3396,24.0,22.612999999999996
3409,26.0,26.795
1560,22.9,28.06599999999999
2735,23.4,26.567000000000004
1119,31.4,25.705000000000013
1754,22.8,23.470999999999982
3087,21.4,24.33000000000001
3418,39.0,30.879
1100,34.6,33.585
3855,21.1,26.682000000000006
808,29.8,26.853999999999992
1460,29.3,34.03099999999999
3424,18.2,20.685
223,22.6,26.156999999999996
737,34.5,29.716000000000008
2415,25.9,27.115000000000013
577,20.2,26.108999999999995
1324,27.4,26.042999999999996
3526,24.4,25.961000000000002
3467,26.8,26.600000000000005
1927,43.7,26.02900000000001
1800,31.7,36.635
725,34.0,25.566999999999997
81,23.4,24.793999999999993
258,42.2,29.012000000000004
296,24.0,34.725
1431,23.1,26.15400000000001
3701,30.4,29.223
1197,21.1,23.727999999999998
1608,20.5,19.77499999999999
1023,24.9,24.986000000000004
3745,23.4,27.477999999999994
1116,29.2,27.597999999999985
3062,26.6,28.84999999999998
3145,26.7,26.633999999999993
1676,18.8,25.218000000000004
2143,23.7,24.28000000000001
2981,18.8,21.419
1215,21.8,26.762999999999987
4099,25.7,29.185999999999993
1625,23.8,28.091999999999995
1058,27.3,23.095
1789,23.1,23.478000000000012
3913,28.4,28.714999999999996
868,26.3,22.845000000000017
659,27.5,28.02400000000001
2900,28.1,27.113000000000007
3698,25.1,23.390000000000008
1245,21.2,24.913000000000007
2303,42.7,32.44000000000002
414,28.1,25.429000000000023
739,24.1,24.701999999999995
1077,22.1,22.763
3935,25.6,27.120000000000022
1546,33.4,30.81900000000001
2487,25.7,24.333
875,24.8,29.107999999999983
3648,31.0,27.331999999999994
662,24.2,30.503000000000007
2108,23.7,24.750999999999998
767,23.2,23.771
824,25.5,27.020999999999987
849,24.6,25.531999999999993
1250,19.7,27.418000000000003
2042,30.2,27.787999999999993
153,26.5,28.458
1429,19.1,26.05400000000001
3101,21.6,27.401
2025,43.1,31.233
103,37.0,29.374000000000002
2299,16.7,20.112
3968,28.1,30.049000000000014
240,24.7,31.591000000000005
1542,32.2,26.377999999999993
848,23.3,25.224
109,23.0,24.894000000000002
1684,33.4,24.15299999999999
791,19.5,22.193000000000012
822,22.9,26.050000000000004
1770,20.2,24.127000000000006
1685,18.9,20.586000000000002
2627,26.5,28.842
2745,24.9,31.721999999999994
2922,24.5,29.11399999999999
2226,20.8,25.204
1983,23.1,29.864
333,19.1,21.84499999999999
816,22.9,26.00399999999999
844,18.0,23.191000000000003
3345,20.9,25.433999999999987
3295,30.2,28.786000000000005
3990,25.3,24.99000000000001
3616,33.2,24.967000000000002
3393,30.4,23.83400000000001
1120,34.7,25.662000000000003
1136,24.7,26.169000000000004
2588,25.9,23.056999999999995
2175,20.7,22.965000000000003
3636,29.0,25.514999999999997
3286,25.3,28.46899999999999
1574,27.0,23.104000000000006
2966,21.5,24.93500000000001
1642,26.6,23.116
3366,33.3,27.510000000000005
2409,22.8,25.658
1669,17.8,19.474999999999994
3049,38.6,29.895
3703,28.0,30.87300000000001
557,27.7,25.747999999999998
1933,25.8,25.405999999999995
3550,21.7,22.464000000000006
2471,22.2,24.30199999999999
2774,20.9,24.565000000000005
1031,22.7,24.709000000000007
3341,28.7,26.503999999999998
2754,21.2,27.78600000000001
1672,27.3,23.134999999999994
1218,23.1,23.02700000000001
2767,26.3,27.386999999999997
921,21.8,28.791
823,33.2,30.02299999999998
758,21.1,23.09800000000001
2986,26.0,25.570000000000004
3116,16.9,25.730999999999995
1790,20.2,26.089999999999996
2068,18.2,26.698999999999998
1331,28.7,27.747999999999987
4037,23.6,22.322999999999993
2102,26.8,26.84900000000001
3788,35.4,28.128999999999987
1063,19.2,26.85099999999999
735,28.4,26.822
1680,19.6,22.133000000000003
3120,50.2,29.839999999999996
727,25.7,29.984
3023,23.7,28.00199999999999
3877,22.7,27.250000000000004
3778,25.0,23.950999999999986
1657,24.9,30.297999999999988
3243,26.6,24.549000000000007
2731,16.1,25.247999999999998
1837,39.2,28.845
347,33.8,24.376999999999995
4069,29.7,29.479
2728,25.7,26.198000000000008
1168,25.5,25.497999999999998
2856,30.6,27.116
3423,31.4,28.30400000000001
813,26.3,25.04200000000001
4046,24.5,28.377999999999993
1436,23.8,25.548999999999996
1698,17.8,20.515000000000004
2589,25.0,26.403999999999996
3076,21.8,25.855999999999998
179,26.5,31.789
2056,23.5,25.528
3966,18.6,29.777000000000015
793,20.0,23.60499999999999
2710,25.8,26.959000000000007
3259,23.0,22.94899999999999
3912,27.1,27.637999999999998
1497,26.0,22.744999999999994
2834,30.5,25.392
25,23.9,22.609
2690,56.4,33.436000000000014
3944,33.4,28.33700000000001
1074,23.0,27.683999999999997
174,22.8,24.214999999999996
1921,21.2,24.808000000000007
3187,23.7,30.701000000000008
332,24.1,23.740999999999996
1563,22.8,26.359999999999985
433,27.8,27.870999999999995
2949,29.8,23.549999999999997
2113,24.6,29.267999999999997
1081,36.5,27.723000000000006
1521,32.5,23.27599999999999
482,22.5,21.430999999999994
2080,22.4,29.268000000000008
