,y_test,prediction
1110,24.2,30.635000000000012
1778,28.6,30.026000000000003
1958,26.8,31.998999999999995
3615,33.3,30.035999999999994
1516,28.1,25.432000000000002
1048,21.5,22.969000000000005
2879,28.0,27.278
870,25.7,29.262999999999998
1776,21.8,23.211000000000002
2823,24.8,27.237999999999996
601,19.8,19.115
1663,22.3,26.418000000000003
441,36.6,27.680999999999994
230,25.6,25.054999999999993
2124,21.7,25.038999999999998
1636,23.1,24.36000000000001
2206,32.0,23.29700000000001
1948,21.4,23.397000000000002
3332,25.9,27.644999999999992
1272,20.4,25.918000000000006
1329,29.0,27.531
4117,22.9,27.674000000000007
698,20.1,21.71300000000001
723,24.9,27.197
2364,31.8,23.09300000000001
3542,26.4,26.507
1568,22.0,22.637000000000015
1742,24.5,26.467000000000013
837,25.9,26.119
1918,23.8,23.206
3582,23.7,34.86100000000001
3363,20.9,21.116000000000003
3651,24.1,27.104999999999997
3375,29.3,26.07500000000001
197,32.7,25.652999999999988
2468,24.9,27.63299999999999
3994,25.7,27.221
3289,27.7,28.303999999999995
903,27.1,28.796
537,25.8,28.51900000000001
2341,22.4,25.072999999999997
2403,32.3,25.693999999999992
2781,26.1,28.542999999999996
508,26.8,26.303999999999984
411,27.3,32.35299999999998
3892,25.1,34.272000000000006
464,26.4,33.09999999999999
110,43.7,33.10300000000001
1802,24.5,24.569999999999997
3625,21.8,23.164999999999996
1152,32.9,31.77700000000001
3624,20.4,23.387999999999987
97,27.4,28.021999999999984
2292,26.3,24.975999999999996
2006,26.2,28.61999999999999
1062,25.7,26.66500000000001
2820,20.3,22.257999999999996
1843,23.9,27.404000000000007
3000,23.9,24.44699999999999
71,24.0,25.837999999999997
4120,43.6,37.10499999999998
2935,28.8,31.850999999999996
2368,24.8,28.263999999999992
310,19.3,23.440000000000005
3097,27.2,31.52
954,23.6,21.436999999999998
8,35.9,30.598999999999986
2765,29.1,21.992000000000004
3310,18.2,24.495000000000005
1376,23.3,25.476000000000013
206,14.5,23.858
1612,24.1,29.006
3009,26.1,23.463999999999995
2233,27.0,25.588000000000008
770,22.2,23.417
33,23.1,23.50000000000001
800,17.9,25.772999999999993
3808,31.9,27.11900000000001
1956,32.5,29.673
2400,24.9,29.52399999999999
4110,27.7,26.398000000000007
297,33.6,30.463999999999984
1171,23.3,24.017000000000003
316,24.2,28.333
2353,27.8,26.477999999999998
4021,38.4,31.717
3671,19.8,22.267999999999994
17,19.4,24.835
938,31.8,30.519999999999968
150,42.0,28.736999999999984
2138,23.9,27.69799999999998
1701,18.7,22.745000000000005
1307,26.5,26.473000000000006
1264,18.7,24.071999999999985
1267,25.1,22.932000000000002
167,21.6,23.233
3182,36.0,28.16599999999999
899,21.0,24.61699999999999
3497,24.6,23.222999999999992
2664,26.3,28.76800000000001
70,33.3,31.517
497,42.4,33.372
331,19.1,21.31099999999999
151,26.3,22.125000000000004
1543,22.3,24.997000000000003
1631,25.4,24.453000000000003
1566,24.5,25.460999999999995
2978,24.0,21.150000000000006
2573,22.3,23.98
3503,25.9,27.84799999999999
3067,35.3,30.917
2739,33.1,27.944000000000006
2942,21.4,24.549999999999986
185,30.9,24.721999999999998
2395,16.4,23.857000000000014
3687,22.1,25.21400000000001
468,22.7,21.56600000000001
603,19.6,20.42899999999999
871,25.9,22.256
1432,24.0,29.402999999999988
1620,20.1,27.033
2934,21.4,23.224999999999994
3354,20.5,19.879999999999992
1661,37.0,29.775999999999996
3570,17.1,17.831
3818,22.5,22.99999999999999
2121,21.8,24.98999999999999
913,42.2,33.928000000000004
1746,21.2,24.628999999999998
1576,17.6,22.695999999999998
2239,23.8,26.01
3239,25.4,24.93500000000001
413,18.8,20.807999999999982
14,26.7,24.656999999999996
2441,28.8,24.206999999999994
1888,26.5,26.11300000000001
1287,27.8,26.97600000000001
3163,33.6,30.949000000000005
3608,38.6,31.89100000000001
2375,27.8,28.588999999999984
2977,28.4,28.698
3261,26.1,26.341000000000008
3447,27.3,27.97300000000001
970,26.1,26.438999999999993
1182,29.6,27.75299999999999
435,21.5,21.639
554,29.7,31.943999999999996
2478,26.2,28.061999999999998
1024,34.0,34.64300000000002
3724,29.0,25.029999999999994
1322,26.4,23.816999999999997
315,23.1,27.125
2791,18.4,20.243000000000002
2260,23.0,24.85600000000001
1713,21.2,21.552000000000007
815,19.8,22.535999999999998
1887,20.0,24.96100000000001
1971,22.0,23.38600000000001
1366,23.7,27.502000000000006
1829,22.4,25.127999999999997
3379,33.3,27.828999999999997
2454,27.0,24.807999999999996
368,26.4,30.318000000000005
1467,22.9,26.664999999999992
1403,25.9,25.14600000000001
2295,19.1,25.86299999999999
670,31.8,31.774000000000004
133,19.8,23.79799999999999
1040,23.6,23.967999999999993
3705,27.1,26.432000000000006
3612,30.1,28.261999999999993
3766,22.5,19.199
2984,26.9,26.694000000000003
1194,21.9,23.544
1277,19.9,22.666999999999994
2490,22.3,20.523999999999987
3899,25.0,27.425
3199,21.6,26.370000000000008
180,32.4,31.193999999999996
2695,29.5,25.90499999999999
1477,21.0,22.885
2938,31.6,28.129
2346,22.5,29.373999999999988
3732,30.5,31.977999999999987
2106,27.3,29.479
567,25.1,22.452
809,22.3,24.541999999999994
1908,24.8,26.456
3534,22.6,23.488000000000003
885,23.4,26.147000000000013
4086,31.7,31.130000000000006
2707,18.5,22.839000000000006
3798,27.0,24.50999999999998
3226,20.9,27.75699999999999
2671,25.4,28.862
1347,28.2,27.29599999999999
1208,24.3,22.968000000000004
212,24.6,26.937
610,29.3,26.964999999999996
32,21.2,23.267000000000007
498,28.6,24.325999999999986
3942,26.0,24.662999999999993
3173,24.5,28.303999999999988
1825,22.2,24.806999999999984
271,20.6,23.66599999999999
1522,24.7,26.459
2607,35.3,32.92999999999999
1236,27.5,23.43500000000001
3696,17.6,26.729
3664,47.0,33.259
1654,20.7,26.461000000000002
309,34.7,31.973000000000017
514,26.9,27.406000000000002
2724,25.5,28.542
3392,22.9,25.542999999999996
1490,31.6,24.715000000000003
3801,17.3,25.016999999999992
326,22.5,25.425000000000004
2762,23.9,22.167
3308,24.9,23.10499999999999
1471,23.2,24.132999999999992
1880,26.9,28.862999999999996
2122,22.6,24.038
1302,26.5,25.661000000000005
541,20.8,24.346999999999998
3536,36.1,31.411000000000016
3559,22.5,24.358999999999995
1651,33.5,27.93699999999999
2407,26.0,32.50700000000001
2692,21.2,25.105
3889,30.0,26.26000000000001
1989,19.9,23.739999999999995
3507,44.1,27.764999999999997
3643,24.6,28.593999999999998
1764,23.7,26.087
2826,20.7,19.312999999999995
460,18.1,24.241999999999983
1330,23.4,23.798000000000002
2271,16.4,22.013999999999996
3684,21.4,27.368999999999993
1129,24.0,27.55400000000001
1101,22.0,23.945
1883,24.4,27.986
299,22.7,19.986000000000008
685,23.9,22.23900000000001
1355,29.5,24.28199999999999
675,24.7,28.387999999999998
45,28.9,22.352999999999994
2830,23.5,28.18699999999999
1622,20.7,21.854999999999997
1964,25.4,26.20999999999999
43,26.7,25.457000000000008
571,23.0,28.848000000000006
3561,20.7,21.967000000000002
2983,21.5,22.443
2993,40.4,32.2
3024,25.0,29.078000000000003
782,56.8,34.49999999999999
2329,23.4,24.636000000000013
2602,33.1,31.090999999999998
252,29.8,26.68399999999999
3650,29.0,34.158
530,19.2,20.16
710,23.7,28.424000000000014
1371,20.1,23.479999999999997
3936,18.7,22.084999999999994
2438,20.4,24.219
2668,23.3,21.625999999999998
4085,21.4,25.066000000000003
3221,23.2,25.899999999999995
319,32.1,32.28500000000001
3621,25.5,27.817000000000004
3830,27.5,30.84500000000001
3142,21.2,25.460999999999984
2661,29.1,28.48099999999999
2252,31.1,26.125
740,27.3,30.953000000000003
817,27.1,24.31500000000001
3825,23.2,24.04700000000001
2182,38.3,26.751000000000005
2992,31.9,25.367000000000008
1196,45.9,32.603
3700,26.5,27.526000000000003
2875,17.6,22.057999999999996
4052,20.1,21.210999999999995
2596,18.3,24.10800000000001
1819,34.5,24.36399999999999
2727,26.5,24.967
1141,28.0,25.87399999999999
558,26.4,27.284999999999997
1112,27.3,32.322
3537,20.9,22.189000000000007
687,30.1,26.731000000000005
3225,25.5,24.36299999999999
94,27.1,32.496
1897,24.7,29.486000000000008
547,19.5,19.085000000000004
3999,30.4,26.016
23,25.0,27.701
1523,26.1,27.414999999999996
2670,21.8,21.716999999999988
1824,24.4,23.25700000000001
2616,17.2,20.083000000000006
2894,23.9,21.848000000000006
3278,21.2,24.983000000000008
2097,25.0,27.628999999999998
1412,23.4,25.28500000000002
3099,23.2,26.402999999999977
3040,22.2,21.71400000000001
2027,27.3,25.523000000000003
3539,20.6,22.282999999999998
3921,22.7,24.178
1134,22.2,26.882
3177,33.8,26.653
2194,21.8,23.796999999999993
3185,29.4,28.127999999999982
3739,23.5,26.722
100,17.5,21.232000000000006
405,21.3,30.478
2048,18.0,24.456000000000003
1517,24.1,22.851
1667,31.0,26.97599999999999
599,28.4,32.55600000000001
121,44.5,32.060999999999986
1193,20.2,23.162000000000003
1200,20.7,20.577999999999992
157,27.8,27.504000000000005
474,26.6,29.883000000000003
3945,33.4,25.84399999999999
2238,28.4,33.925000000000004
306,24.7,25.93299999999999
1349,39.3,30.557000000000006
3973,26.0,24.606000000000005
493,25.7,26.559
3938,43.1,28.450999999999993
3963,37.3,31.67299999999999
2258,26.6,20.699999999999996
1269,26.0,23.162999999999993
241,25.1,26.145000000000003
3689,43.7,31.92899999999999
3563,21.1,27.007
1070,22.5,22.864000000000004
1405,22.9,25.09500000000001
1602,37.4,31.21199999999999
2394,27.7,27.114999999999995
1799,29.0,27.842999999999993
3090,26.1,36.966000000000015
3922,20.8,23.658
3861,17.7,21.787
804,18.6,19.49800000000001
580,22.5,22.723999999999997
1181,24.2,25.055000000000014
2880,28.0,26.299
3975,24.6,27.598000000000006
647,23.8,27.266999999999992
1243,16.7,21.751000000000012
2543,32.9,29.783
1102,27.2,26.071000000000005
178,15.6,19.973000000000017
2126,27.5,26.399999999999995
1401,19.7,22.344999999999995
3630,28.0,28.311
51,19.3,24.460999999999995
2890,25.0,32.30499999999998
1841,24.8,26.946999999999992
74,61.4,36.293
1123,22.3,26.287
2458,20.6,26.87499999999999
2507,26.8,30.605
2442,18.4,20.622000000000007
2253,28.1,27.472999999999985
2321,26.8,23.666999999999994
909,28.7,27.357000000000014
1281,24.1,26.548999999999996
975,27.8,28.250999999999994
2339,27.5,28.49600000000001
1937,23.2,23.42199999999999
2508,32.6,34.343999999999994
158,19.7,24.803000000000008
2674,22.9,25.767
2390,25.2,23.267000000000003
982,23.9,29.81700000000001
52,35.0,28.71100000000001
2280,20.7,25.223999999999997
221,22.3,24.846999999999994
887,19.2,22.826000000000004
26,23.8,25.153
2635,43.9,32.72300000000002
752,22.7,26.655000000000005
3764,20.1,19.468999999999994
215,23.7,21.057000000000002
2895,27.4,26.69000000000001
1339,23.7,24.78800000000001
2003,24.3,30.31
2416,24.6,25.43599999999999
1561,27.4,24.203000000000003
322,24.5,28.314999999999987
417,27.6,25.21499999999999
2801,23.8,20.523000000000007
3415,26.9,28.277999999999988
1806,22.6,26.592
1508,21.9,31.62399999999999
1430,33.0,29.039999999999992
1047,26.0,27.154000000000007
145,24.0,26.542999999999996
3548,36.6,25.013000000000005
1067,33.0,32.248
3673,27.9,28.044000000000004
3858,30.5,29.132
1012,31.9,27.106000000000005
2583,22.6,24.923000000000005
44,26.0,27.412000000000003
1913,28.5,23.741999999999997
895,23.5,27.86800000000001
3953,30.9,28.98300000000001
4044,25.2,29.28300000000002
2084,20.7,24.026000000000003
2591,20.8,24.508999999999993
356,20.2,20.099000000000004
604,30.4,29.892999999999983
3287,22.9,25.223000000000003
4034,25.0,29.194999999999997
3706,19.4,25.739
1155,25.2,32.42200000000001
4129,20.3,24.725999999999985
877,29.7,26.12899999999999
2185,32.5,24.739
2089,41.0,31.580000000000005
1170,22.8,23.997000000000003
1872,30.1,29.025
984,21.3,22.964999999999996
1600,21.8,25.353999999999992
257,30.8,25.773000000000007
3048,25.9,30.84299999999998
2432,22.1,24.518
1596,56.8,30.817000000000007
1033,21.6,29.957999999999988
2489,30.5,28.975999999999996
761,20.2,23.047000000000004
2469,24.0,25.889000000000006
1850,24.8,28.505000000000006
1833,24.7,27.131000000000014
955,26.1,25.388
3925,18.4,22.122000000000007
4047,19.3,23.508000000000003
2579,24.9,25.573999999999998
292,21.3,24.431000000000004
2689,22.4,23.089999999999996
1740,24.0,25.48100000000001
135,36.0,31.398999999999987
1797,26.5,33.459999999999994
894,21.3,23.042000000000012
2756,19.6,22.754
3623,28.4,26.048000000000005
264,29.0,30.092
1781,25.8,24.154
1624,31.0,33.525999999999975
1707,18.9,20.776999999999997
2036,36.2,25.440000000000005
4137,21.5,23.53400000000001
56,30.8,27.325
3479,25.8,28.267000000000007
2340,23.0,25.94700000000002
1180,30.1,28.353000000000005
2310,24.5,30.294000000000004
1579,22.3,24.084000000000007
796,31.1,30.345
1555,25.2,27.610999999999994
466,36.7,27.441999999999986
1816,23.0,21.64100000000001
2531,24.3,26.605999999999998
3476,22.7,22.576000000000004
3579,24.5,22.627000000000006
396,25.5,26.177999999999987
2449,36.8,23.08200000000001
1486,22.9,22.247000000000007
171,32.7,33.45900000000002
1882,29.9,26.65600000000001
2279,35.2,34.398
1298,52.9,27.01800000000001
3322,22.0,28.169000000000004
3821,17.1,20.34500000000001
3998,34.7,32.08299999999999
3126,34.5,28.72999999999999
189,33.1,26.809999999999995
1053,22.6,21.625
12,23.4,27.877999999999993
3502,24.3,27.143000000000008
3200,23.3,20.765
323,14.5,20.178000000000008
660,31.0,27.74400000000001
2318,24.9,22.53900000000001
1853,24.7,25.633999999999997
504,29.8,36.55699999999999
353,28.8,24.680999999999997
3795,26.8,25.555000000000003
2158,39.8,27.962999999999983
4075,28.0,27.560000000000006
3084,21.5,25.935000000000006
1525,28.5,27.105999999999995
2383,23.2,28.28100000000001
3124,24.1,24.943000000000016
3020,18.4,20.528999999999993
3330,28.9,28.621000000000002
1186,24.6,24.325
1229,24.5,29.933999999999997
1114,24.9,27.361000000000004
2886,25.2,21.679999999999996
239,28.3,27.612000000000002
175,34.0,31.197
916,25.0,28.747999999999998
3005,25.5,22.63000000000001
2678,30.8,25.845000000000006
2904,23.3,28.715000000000018
1383,18.3,24.55400000000001
1228,23.5,25.116999999999994
1318,24.5,27.415
2559,26.6,21.995000000000005
4060,25.3,26.388
1959,20.0,25.628000000000007
228,22.5,22.22999999999999
3958,23.8,22.704000000000004
2682,19.6,22.807
3102,25.8,24.72000000000001
3645,21.8,25.247999999999987
184,28.7,27.046999999999997
3803,29.3,30.745000000000015
1009,36.8,33.892999999999994
489,22.4,26.003999999999998
1610,33.0,28.136
2474,38.2,27.775000000000013
140,22.5,25.596999999999984
267,25.7,25.839999999999996
3091,31.8,26.943999999999992
3347,24.5,24.125
64,26.7,29.690999999999985
3635,27.8,29.945000000000004
1748,27.4,31.402
1851,22.1,27.086
2155,21.2,25.179000000000006
2298,17.0,24.124999999999986
3962,26.4,27.366999999999994
3970,54.9,32.42300000000001
3769,37.9,29.92099999999999
1704,20.7,24.368000000000002
1750,15.9,24.705999999999985
3568,19.9,22.237000000000013
2146,34.4,26.98799999999999
3807,24.4,23.580999999999996
1050,25.8,24.381000000000004
280,28.3,24.44600000000001
3224,23.2,22.623000000000005
1437,33.8,28.319000000000006
360,26.2,24.369
2948,26.3,27.650999999999996
300,20.7,23.12
1416,20.1,19.527
2828,25.7,29.397000000000002
757,20.2,22.392000000000003
3362,30.0,26.822
3227,23.3,29.936999999999994
418,21.8,22.660999999999987
4003,26.3,30.78199999999999
3490,37.2,32.90300000000001
3350,25.4,23.32700000000001
3528,22.7,24.82
2594,26.1,27.653999999999996
4026,27.1,22.93999999999999
1999,24.8,25.403000000000006
3749,44.9,27.215999999999998
3611,23.6,30.776999999999997
863,23.8,27.25
1346,22.0,24.884000000000004
1402,19.7,22.166999999999998
1221,23.2,27.12900000000001
2926,18.5,21.742000000000004
58,20.4,22.13899999999999
77,29.7,21.031999999999993
370,23.8,24.17099999999999
835,28.5,32.60500000000001
1553,24.5,26.193000000000005
2539,16.2,20.95900000000001
2738,31.6,28.515999999999995
3055,30.0,32.93800000000001
2915,29.6,31.932000000000013
2463,23.4,26.677000000000007
2464,24.3,25.395999999999994
4094,22.0,23.34800000000001
1871,26.3,26.922999999999984
2499,18.9,18.88900000000001
125,41.6,31.136999999999986
3773,23.2,21.529000000000007
2181,19.7,25.033999999999995
2647,22.2,24.956000000000007
2357,32.4,27.779999999999987
2498,24.9,28.065999999999985
432,25.4,24.077999999999996
3752,23.1,25.011999999999993
2251,36.1,36.6
2213,34.9,29.826
1623,22.9,28.802000000000003
1212,29.9,27.428
750,22.3,26.482
2304,29.7,34.11499999999999
3111,24.5,25.555999999999997
390,28.0,21.155
30,26.7,23.312
1028,21.7,31.17700000000001
204,27.8,28.112999999999996
681,25.2,25.682999999999993
4018,24.8,27.552999999999997
3634,66.4,35.494
918,19.7,22.932999999999993
3244,29.5,26.947000000000006
2841,23.8,32.873000000000005
2782,24.6,28.79899999999999
481,19.9,20.870000000000008
2451,23.4,29.79500000000001
3844,24.1,35.659
446,26.1,25.677999999999987
2672,41.5,31.920000000000012
1446,26.1,24.36800000000001
818,24.5,26.806999999999995
193,28.1,28.65500000000001
570,24.5,27.911000000000012
1345,24.6,23.572999999999993
1637,24.1,28.465000000000014
6,35.2,29.208999999999993
442,14.5,17.832000000000004
290,28.7,24.40299999999999
1090,33.8,29.218000000000007
3652,21.3,28.801
1241,22.9,25.807999999999996
3566,30.6,26.744000000000007
1007,25.7,27.090000000000003
1421,28.4,31.874000000000002
3155,21.3,21.727999999999998
2034,28.5,24.944000000000003
695,25.6,25.112000000000002
2574,25.1,25.04200000000001
1415,28.4,27.73899999999999
195,22.8,23.691
453,24.7,28.189
1304,23.2,27.363999999999997
1195,22.0,32.68699999999999
29,28.3,26.896999999999988
3396,24.0,21.846999999999998
3409,26.0,28.28199999999998
1560,22.9,26.136
2735,23.4,26.935000000000006
1119,31.4,26.995
1754,22.8,23.400999999999996
3087,21.4,25.782000000000004
3418,39.0,30.967
1100,34.6,33.81100000000001
3855,21.1,30.151000000000014
808,29.8,26.327999999999996
1460,29.3,33.054
3424,18.2,21.578000000000007
223,22.6,25.97999999999999
737,34.5,29.751000000000005
2415,25.9,28.010000000000012
577,20.2,24.07700000000001
1324,27.4,26.03599999999999
3526,24.4,25.390999999999995
3467,26.8,26.949999999999992
1927,43.7,27.71600000000002
1800,31.7,34.83599999999999
725,34.0,25.642999999999994
81,23.4,23.583999999999993
258,42.2,29.67699999999997
296,24.0,33.016999999999996
1431,23.1,25.521
3701,30.4,29.22600000000001
1197,21.1,23.566999999999993
1608,20.5,19.24800000000001
1023,24.9,23.859
3745,23.4,25.859000000000016
1116,29.2,26.88600000000001
3062,26.6,32.12099999999999
3145,26.7,26.642000000000003
1676,18.8,26.273999999999997
2143,23.7,25.486000000000008
2981,18.8,20.826999999999998
1215,21.8,27.765
4099,25.7,29.402999999999984
1625,23.8,26.444000000000003
1058,27.3,23.482999999999993
1789,23.1,22.627
3913,28.4,28.02999999999999
868,26.3,24.303
659,27.5,31.177000000000003
2900,28.1,30.102999999999998
3698,25.1,24.558000000000003
1245,21.2,24.633999999999997
2303,42.7,31.912999999999997
414,28.1,25.641000000000005
739,24.1,22.642000000000007
1077,22.1,21.048999999999996
3935,25.6,28.174999999999986
1546,33.4,33.04400000000001
2487,25.7,25.097
875,24.8,28.951999999999984
3648,31.0,27.987
662,24.2,28.699000000000016
2108,23.7,24.744
767,23.2,23.367000000000004
824,25.5,28.063000000000006
849,24.6,24.33500000000002
1250,19.7,26.8
2042,30.2,26.961999999999993
153,26.5,27.114
1429,19.1,24.240000000000006
3101,21.6,26.656999999999993
2025,43.1,32.43800000000001
103,37.0,32.17700000000001
2299,16.7,21.90200000000001
3968,28.1,32.282999999999994
240,24.7,31.91999999999999
1542,32.2,26.762999999999998
848,23.3,30.38500000000002
109,23.0,23.45
1684,33.4,25.906000000000002
791,19.5,22.294000000000004
822,22.9,23.88299999999999
1770,20.2,23.402
1685,18.9,21.139999999999997
2627,26.5,28.66000000000001
2745,24.9,28.953999999999997
2922,24.5,30.548999999999996
2226,20.8,25.308999999999997
1983,23.1,33.373000000000026
333,19.1,21.365999999999996
816,22.9,24.43099999999999
844,18.0,23.136
3345,20.9,24.952
3295,30.2,29.385000000000005
3990,25.3,25.159999999999997
3616,33.2,25.24899999999999
3393,30.4,21.707999999999988
1120,34.7,26.31299999999999
1136,24.7,26.204000000000004
2588,25.9,24.171999999999993
2175,20.7,22.671999999999997
3636,29.0,24.073000000000015
3286,25.3,28.56699999999999
1574,27.0,24.112
2966,21.5,24.781
1642,26.6,22.255
3366,33.3,27.500999999999998
2409,22.8,25.971000000000007
1669,17.8,19.206
3049,38.6,25.601999999999997
3703,28.0,31.802
557,27.7,27.761000000000013
1933,25.8,26.03699999999998
3550,21.7,21.721999999999994
2471,22.2,22.98999999999999
2774,20.9,24.21400000000001
1031,22.7,24.358000000000008
3341,28.7,27.716000000000005
2754,21.2,26.651000000000018
1672,27.3,24.467
1218,23.1,23.643999999999995
2767,26.3,28.715999999999998
921,21.8,26.861999999999995
823,33.2,30.322999999999983
758,21.1,21.668000000000006
2986,26.0,25.948999999999998
3116,16.9,25.359
1790,20.2,25.37899999999999
2068,18.2,27.039999999999992
1331,28.7,26.858999999999984
4037,23.6,21.010000000000005
2102,26.8,26.419000000000015
3788,35.4,28.947999999999993
1063,19.2,26.98199999999999
735,28.4,27.078000000000003
1680,19.6,21.545
3120,50.2,31.816999999999993
727,25.7,29.416999999999994
3023,23.7,25.968000000000004
3877,22.7,27.692999999999998
3778,25.0,23.127000000000002
1657,24.9,31.778000000000006
3243,26.6,24.299999999999997
2731,16.1,22.933000000000007
1837,39.2,27.583
347,33.8,33.534
4069,29.7,29.733000000000008
2728,25.7,28.847999999999992
1168,25.5,25.10900000000001
2856,30.6,27.247999999999994
3423,31.4,29.667999999999996
813,26.3,24.87200000000001
4046,24.5,25.070999999999998
1436,23.8,25.532999999999994
1698,17.8,19.103000000000012
2589,25.0,25.878999999999998
3076,21.8,25.302999999999997
179,26.5,32.77400000000001
2056,23.5,24.19599999999999
3966,18.6,27.90500000000001
793,20.0,23.74499999999999
2710,25.8,26.246999999999993
3259,23.0,23.383000000000003
3912,27.1,26.983000000000008
1497,26.0,22.522999999999982
2834,30.5,25.558999999999997
25,23.9,22.078000000000003
2690,56.4,32.92900000000001
3944,33.4,27.477000000000007
1074,23.0,28.130000000000006
174,22.8,26.713999999999988
1921,21.2,25.652
3187,23.7,31.64599999999999
332,24.1,24.203000000000003
1563,22.8,25.204000000000004
433,27.8,27.823000000000008
2949,29.8,23.57099999999999
2113,24.6,29.197999999999993
1081,36.5,29.524999999999995
1521,32.5,23.80600000000001
482,22.5,21.097
2080,22.4,27.275999999999975
