,y_test,prediction
1110,24.2,23.503334760558722
1778,28.6,29.06637972917238
1958,26.8,27.4449545375525
3615,33.3,32.87949748723655
1516,28.1,28.146569531185374
1048,21.5,21.78534353173604
2879,28.0,28.592127281256385
870,25.7,25.902523787860968
1776,21.8,21.004421496139337
2823,24.8,24.539230342805794
601,19.8,20.97162337289447
1663,22.3,21.308216874917548
441,36.6,36.81899994667691
230,25.6,25.575660349149473
2124,21.7,20.393441593921345
1636,23.1,22.39064310533479
2206,32.0,31.906994671679087
1948,21.4,21.339905267350623
3332,25.9,25.6321180079724
1272,20.4,20.272903509761314
1329,29.0,29.188677583267477
4117,22.9,22.276447343575768
698,20.1,20.35988187262962
723,24.9,24.799826263969425
2364,31.8,31.818920467954975
3542,26.4,26.674760206129225
1568,22.0,22.18487822776749
1742,24.5,24.62528965283027
837,25.9,25.90980376567459
1918,23.8,23.91561999129614
3582,23.7,23.30919693119698
3363,20.9,20.89713057988645
3651,24.1,23.276027611099742
3375,29.3,29.794943751151187
197,32.7,32.69645446472565
2468,24.9,24.646557899950686
3994,25.7,26.333200017124096
3289,27.7,27.86624057050475
903,27.1,27.028674623656336
537,25.8,24.941299282569382
2341,22.4,22.41315129210067
2403,32.3,32.274478180449684
2781,26.1,25.97147856634291
508,26.8,26.822121402020468
411,27.3,27.349020860707057
3892,25.1,24.93401060257373
464,26.4,26.467272574332377
110,43.7,43.272709922141544
1802,24.5,24.43889568172255
3625,21.8,23.207783378314986
1152,32.9,33.159746382209555
3624,20.4,20.49112238407674
97,27.4,27.298746358515963
2292,26.3,26.214805711740404
2006,26.2,25.824916735070868
1062,25.7,25.6754209016516
2820,20.3,24.080618436377563
1843,23.9,23.19958870271403
3000,23.9,23.792968505713915
71,24.0,23.352885909669453
4120,43.6,45.008335825805844
2935,28.8,29.35585053956824
2368,24.8,24.55282569143295
310,19.3,19.54085247690284
3097,27.2,27.25606175056815
954,23.6,25.33496028360225
8,35.9,35.860678560660986
2765,29.1,29.21056655577128
3310,18.2,20.748788583282668
1376,23.3,22.92691323687535
206,14.5,13.006213515270325
1612,24.1,23.479946453637815
3009,26.1,26.488554165237126
2233,27.0,26.89848012973028
770,22.2,21.32388734752621
33,23.1,22.303499695094487
800,17.9,16.501834121246375
3808,31.9,32.512920316357956
1956,32.5,33.4052950569057
2400,24.9,25.101125460663162
4110,27.7,27.758937682142022
297,33.6,33.171303089512705
1171,23.3,22.760067469154976
316,24.2,23.44797851107743
2353,27.8,28.038992883351245
4021,38.4,41.22078785101847
3671,19.8,17.315770867189684
17,19.4,19.47240623773783
938,31.8,32.03844812087213
150,42.0,44.58671154847596
2138,23.9,23.98151620733332
1701,18.7,17.639926400313293
1307,26.5,26.967875310519666
1264,18.7,17.349642405141083
1267,25.1,25.868480291043422
167,21.6,20.542128041725675
3182,36.0,35.493135507262004
899,21.0,21.385698890116707
3497,24.6,24.456275521696412
2664,26.3,26.1975854893833
70,33.3,34.79495012725345
497,42.4,44.35781416517917
331,19.1,19.578612552734114
151,26.3,26.239874178838825
1543,22.3,22.691125768600607
1631,25.4,25.44526447590937
1566,24.5,24.44407152952943
2978,24.0,25.018733811215156
2573,22.3,21.843792197628318
3503,25.9,25.575645913426072
3067,35.3,36.594708794391025
2739,33.1,33.85475351945085
2942,21.4,22.605402350972035
185,30.9,30.87635012254978
2395,16.4,14.501075452289143
3687,22.1,21.960116515702204
468,22.7,23.30206340577221
603,19.6,18.84347026714613
871,25.9,25.75133134982056
1432,24.0,24.33490236624423
1620,20.1,19.742101308701628
2934,21.4,20.427331981972635
3354,20.5,20.406247871431155
1661,37.0,39.479926339650376
3570,17.1,18.111744943999653
3818,22.5,22.452393438673823
2121,21.8,21.65216438195992
913,42.2,43.02447250552916
1746,21.2,20.797522648231002
1576,17.6,18.937734008761026
2239,23.8,23.3494322376212
3239,25.4,25.397525863438695
413,18.8,19.58188523007535
14,26.7,26.876610794117838
2441,28.8,28.732988412870966
1888,26.5,26.666706134988253
1287,27.8,27.930970415288407
3163,33.6,34.79320494895678
3608,38.6,40.62113344019603
2375,27.8,27.963166993746917
2977,28.4,28.977782696548328
3261,26.1,26.03785832308843
3447,27.3,27.301610244690686
970,26.1,26.003036011415272
1182,29.6,30.112664954633715
435,21.5,21.76767295096213
554,29.7,29.696994897045183
2478,26.2,25.905086427636085
1024,34.0,34.42377718887691
3724,29.0,29.420256494014136
1322,26.4,26.590331066005582
315,23.1,23.95515101949441
2791,18.4,18.60635676367935
2260,23.0,23.113828499196863
1713,21.2,20.75736468485669
815,19.8,19.962032614454046
1887,20.0,19.652771117324527
1971,22.0,22.435284832522065
1366,23.7,22.877750564656225
1829,22.4,21.654911411530712
3379,33.3,36.50090856707615
2454,27.0,27.808068967476597
368,26.4,26.480458508390818
1467,22.9,22.537936507939847
1403,25.9,25.762156071264734
2295,19.1,18.116499145394897
670,31.8,33.28762289854555
133,19.8,19.89931017940586
1040,23.6,23.3984370717531
3705,27.1,27.118164181905815
3612,30.1,30.47420732400324
3766,22.5,24.097536679749822
2984,26.9,27.211352165368982
1194,21.9,21.52542631961596
1277,19.9,20.485680457314082
2490,22.3,22.127050072811763
3899,25.0,24.379562391279883
3199,21.6,20.768750098248027
180,32.4,33.15608519612199
2695,29.5,30.268767360119522
1477,21.0,20.560424224022867
2938,31.6,31.097115514593664
2346,22.5,22.383804024403226
3732,30.5,30.416527764862693
2106,27.3,27.46646423355169
567,25.1,24.91693908599712
809,22.3,21.490599345046917
1908,24.8,24.94942175465504
3534,22.6,21.896584610251068
885,23.4,23.503235080562803
4086,31.7,31.472965904468865
2707,18.5,17.828256176950994
3798,27.0,27.03773482316616
3226,20.9,20.088609165835116
2671,25.4,25.3591480071978
1347,28.2,28.755255051375855
1208,24.3,23.76833380234909
212,24.6,24.184048396348643
610,29.3,29.794425771294005
32,21.2,20.490342056206345
498,28.6,28.99081860453822
3942,26.0,25.67524736801881
3173,24.5,23.99303706911251
1825,22.2,21.595739550045565
271,20.6,20.599306736272403
1522,24.7,24.293931749971726
2607,35.3,35.80178705034038
1236,27.5,27.405292480535564
3696,17.6,15.328350971184484
3664,47.0,49.820244492067
1654,20.7,20.262303297058644
309,34.7,36.50691125834332
514,26.9,26.935765297078966
2724,25.5,25.60308109889325
3392,22.9,22.71834337949617
1490,31.6,31.595734618558794
3801,17.3,17.442258356743643
326,22.5,21.464598236727603
2762,23.9,24.328357998195855
3308,24.9,25.49004065844961
1471,23.2,21.999696947912568
1880,26.9,26.696654422170432
2122,22.6,22.370810965856435
1302,26.5,26.219685149935614
541,20.8,20.286685163495243
3536,36.1,36.28888022439016
3559,22.5,22.250232962527257
1651,33.5,33.73145515260808
2407,26.0,25.827085518989158
2692,21.2,20.854588652669733
3889,30.0,30.35606545260507
1989,19.9,20.37900848812307
3507,44.1,42.78625344378884
3643,24.6,24.68068866333512
1764,23.7,23.467844040493397
2826,20.7,21.677521763804883
460,18.1,19.590193377504043
1330,23.4,23.86269803912122
2271,16.4,18.078402672579507
3684,21.4,20.57350698345833
1129,24.0,23.394256726724777
1101,22.0,22.120297145247434
1883,24.4,24.691498213322966
299,22.7,23.595918786290568
685,23.9,24.219736085772112
1355,29.5,29.989861371865892
675,24.7,24.319013461076693
45,28.9,29.420129317290474
2830,23.5,22.672677059285093
1622,20.7,21.398013850737392
1964,25.4,25.109450414727625
43,26.7,27.25374761242523
571,23.0,22.747375808164158
3561,20.7,21.05331414411586
2983,21.5,20.708752772842786
2993,40.4,42.37971899943794
3024,25.0,24.408140190215626
782,56.8,60.35102902393129
2329,23.4,22.89498526901196
2602,33.1,33.37523950192491
252,29.8,29.940838746323127
3650,29.0,29.339186355211275
530,19.2,18.346959090521587
710,23.7,23.006531813008337
1371,20.1,19.82672483874544
3936,18.7,18.474070946138255
2438,20.4,19.665764262200867
2668,23.3,23.503897364166292
4085,21.4,21.33322064581796
3221,23.2,22.03400042647776
319,32.1,32.714547297728544
3621,25.5,24.961512810137148
3830,27.5,27.84735655874539
3142,21.2,20.809898904514817
2661,29.1,29.88001516462769
2252,31.1,31.493165276129794
740,27.3,27.366164304060284
817,27.1,27.472236419458223
3825,23.2,22.66077014051566
2182,38.3,36.32521035453202
2992,31.9,32.43138572052212
1196,45.9,49.64412654296268
3700,26.5,26.467874028277322
2875,17.6,15.419939797487395
4052,20.1,21.8063275209393
2596,18.3,16.94059268385015
1819,34.5,35.5881620562765
2727,26.5,26.5876305415522
1141,28.0,28.09927904320329
558,26.4,26.043593286084374
1112,27.3,27.285660982840056
3537,20.9,20.67292020158751
687,30.1,30.086790772627346
3225,25.5,25.139868402064103
94,27.1,27.170674234880906
1897,24.7,24.05864779858591
547,19.5,20.91748418199648
3999,30.4,30.913687511023454
23,25.0,24.731045825283253
1523,26.1,26.02046079055878
2670,21.8,22.30283845883539
1824,24.4,24.13000416799308
2616,17.2,18.185257804259813
2894,23.9,24.171486664991356
3278,21.2,20.20727535597888
2097,25.0,25.10819468455322
1412,23.4,22.447435873229132
3099,23.2,22.633031177357708
3040,22.2,22.413294743693903
2027,27.3,27.79498879112073
3539,20.6,20.127102810340688
3921,22.7,22.05870849895164
1134,22.2,20.68610411801418
3177,33.8,33.16067625719654
2194,21.8,21.78999202289186
3185,29.4,29.851626020060237
3739,23.5,23.197333469210676
100,17.5,16.81433627974782
405,21.3,20.347023892343053
2048,18.0,17.03841662849213
1517,24.1,24.50214677704296
1667,31.0,31.464389667311668
599,28.4,28.419327940206916
121,44.5,45.33022068497794
1193,20.2,20.105680752401945
1200,20.7,21.302335055985147
157,27.8,27.738637531106775
474,26.6,26.90112216683717
3945,33.4,34.124840767606784
2238,28.4,28.127865703222277
306,24.7,24.479050166413224
1349,39.3,39.22551127741692
3973,26.0,27.108893718831784
493,25.7,25.262249741530947
3938,43.1,44.9785365592886
3963,37.3,39.271929435207625
2258,26.6,26.739847711745924
1269,26.0,26.657938077895658
241,25.1,25.500270413905177
3689,43.7,43.27840103513855
3563,21.1,21.404528396501107
1070,22.5,22.18989890216232
1405,22.9,23.323116047356024
1602,37.4,39.25814162459149
2394,27.7,27.683256072617738
1799,29.0,29.118832363990002
3090,26.1,26.63448588944411
3922,20.8,20.797333664567653
3861,17.7,18.018147455568126
804,18.6,18.931524945622925
580,22.5,21.814470851106293
1181,24.2,24.257693254710006
2880,28.0,28.48366216588223
3975,24.6,24.526770410460657
647,23.8,23.48446120451912
1243,16.7,16.884049154549977
2543,32.9,32.44357890396945
1102,27.2,27.053123535672384
178,15.6,16.57050529735651
2126,27.5,27.440703345444426
1401,19.7,20.39625818244823
3630,28.0,28.014900695205757
51,19.3,18.518753962483814
2890,25.0,24.295002935686234
1841,24.8,24.343094568643018
74,61.4,64.77428067047882
1123,22.3,21.36993001749552
2458,20.6,19.11172601055153
2507,26.8,26.933595691012357
2442,18.4,18.869631095583117
2253,28.1,28.197290411335494
2321,26.8,27.140640112606434
909,28.7,28.47989236489649
1281,24.1,23.39412519544417
975,27.8,28.134175203132564
2339,27.5,27.612424296727447
1937,23.2,23.355624482676532
2508,32.6,32.3627688005785
158,19.7,18.950278938854062
2674,22.9,22.311988264200693
2390,25.2,24.87719331229699
982,23.9,23.359480766953176
52,35.0,35.61709331538406
2280,20.7,21.029643194485132
221,22.3,21.769381426692455
887,19.2,18.134518131914653
26,23.8,24.49747004524624
2635,43.9,45.583789220949384
752,22.7,22.409745012915074
3764,20.1,20.531359835865686
215,23.7,23.50315692368033
2895,27.4,27.30055227793886
1339,23.7,23.54321155692842
2003,24.3,24.159835505616208
2416,24.6,24.250026031484865
1561,27.4,27.68637824270181
322,24.5,24.154069565048097
417,27.6,28.090457249690413
2801,23.8,23.81230579001663
3415,26.9,26.86723800691589
1806,22.6,22.27572066235505
1508,21.9,20.67144507036563
1430,33.0,33.68300739130531
1047,26.0,25.603126424140353
145,24.0,23.43329507780704
3548,36.6,36.43113568720246
1067,33.0,33.62177434838692
3673,27.9,28.151923531933168
3858,30.5,30.951394045111424
1012,31.9,31.454569241178277
2583,22.6,21.790620505671214
44,26.0,25.991764234896422
1913,28.5,28.742972117788
895,23.5,22.504761244889927
3953,30.9,30.593124943592645
4044,25.2,24.811372417670846
2084,20.7,21.310058167556917
2591,20.8,20.196161369859226
356,20.2,20.378669186592887
604,30.4,30.707505431901424
3287,22.9,22.35017233756519
4034,25.0,25.443764729319607
3706,19.4,17.781147455316876
1155,25.2,24.64674278517556
4129,20.3,20.73258345063062
877,29.7,30.063379575159665
2185,32.5,32.18148001889761
2089,41.0,42.64967344219388
1170,22.8,23.03075785384715
1872,30.1,30.362293816789496
984,21.3,21.31655863125055
1600,21.8,23.137503471082525
257,30.8,31.25184627059204
3048,25.9,25.82237032385452
2432,22.1,22.527458788206026
1596,56.8,53.25858669977117
1033,21.6,20.970773852639695
2489,30.5,30.502999566385636
761,20.2,20.160295654580807
2469,24.0,23.98338870881885
1850,24.8,24.263280856953223
1833,24.7,24.897872654353204
955,26.1,25.37508102161543
3925,18.4,17.296203821970202
4047,19.3,18.876187093115313
2579,24.9,24.550235956791838
292,21.3,20.741675031038078
2689,22.4,22.438124001825983
1740,24.0,24.032150836926903
135,36.0,37.51126120775887
1797,26.5,26.243990624324915
894,21.3,21.580919569937187
2756,19.6,18.623537631900504
3623,28.4,28.259649096214044
264,29.0,29.297543427853565
1781,25.8,25.73166471900153
1624,31.0,31.864811462182402
1707,18.9,17.74585605317958
2036,36.2,35.93922582462967
4137,21.5,23.518427096891074
56,30.8,30.887602666532445
3479,25.8,25.615724380225096
2340,23.0,22.055486356635974
1180,30.1,30.198357573610465
2310,24.5,24.145467430283524
1579,22.3,21.691100731700963
796,31.1,32.251228083874
1555,25.2,24.906303773121294
466,36.7,36.60034347402295
1816,23.0,23.08730227742643
2531,24.3,23.94426882015285
3476,22.7,22.423355765504994
3579,24.5,24.438875282635706
396,25.5,25.363951241540246
2449,36.8,36.355954756256025
1486,22.9,23.40288793875301
171,32.7,33.077296630291045
1882,29.9,30.349104023963676
2279,35.2,35.97349831561441
1298,52.9,50.47212695745162
3322,22.0,21.03361990697335
3821,17.1,17.351933793180706
3998,34.7,36.16773556022871
3126,34.5,34.78542162585301
189,33.1,33.222386100259115
1053,22.6,22.837669656393416
12,23.4,22.583410250120608
3502,24.3,24.133695912712376
3200,23.3,23.03119298067572
323,14.5,14.787707916389138
660,31.0,31.346254042200563
2318,24.9,25.869167965916276
1853,24.7,24.10218625986922
504,29.8,29.851489110033487
353,28.8,29.143450043718662
3795,26.8,27.054455956906327
2158,39.8,41.568512288787716
4075,28.0,28.132498671372055
3084,21.5,20.444853549830967
1525,28.5,29.059010264567778
2383,23.2,22.225190618234258
3124,24.1,24.027463415699025
3020,18.4,17.916790029482456
3330,28.9,29.274851495924782
1186,24.6,24.52656540915349
1229,24.5,24.24814352913841
1114,24.9,24.403767948026143
2886,25.2,25.833407963527392
239,28.3,27.994933183539118
175,34.0,34.29171467125094
916,25.0,25.409445501597567
3005,25.5,25.768759048917243
2678,30.8,31.374472669660864
2904,23.3,22.6692197112488
1383,18.3,17.001254649007606
1228,23.5,22.939665928825647
1318,24.5,23.8229253190231
2559,26.6,26.527268222178407
4060,25.3,25.632024993083178
1959,20.0,21.45080424885613
228,22.5,22.59116963371848
3958,23.8,24.176893483368914
2682,19.6,19.84239283267469
3102,25.8,25.638774731019474
3645,21.8,20.691157065002855
184,28.7,28.963732947480366
3803,29.3,29.30095460866528
1009,36.8,37.29522297214842
489,22.4,21.694458551311776
1610,33.0,33.09418125669404
2474,38.2,37.084715638137766
140,22.5,23.19624642029691
267,25.7,25.95308847203777
3091,31.8,32.001566145376316
3347,24.5,24.770166253131542
64,26.7,26.755628899855957
3635,27.8,27.96062858377411
1748,27.4,27.067091489876
1851,22.1,21.88046674959525
2155,21.2,20.62923194993531
2298,17.0,16.78615250855661
3962,26.4,26.15499304198702
3970,54.9,57.54897104046997
3769,37.9,38.85904159050281
1704,20.7,20.338719618957022
1750,15.9,15.692982425853131
3568,19.9,21.1298431316243
2146,34.4,34.636408688055106
3807,24.4,24.896918651383956
1050,25.8,25.93306650356034
280,28.3,28.777809343752104
3224,23.2,23.885532383114572
1437,33.8,33.80003186439602
360,26.2,25.87516152261363
2948,26.3,26.42620861073811
300,20.7,20.969451471418026
1416,20.1,20.33667025122321
2828,25.7,25.137411339787622
757,20.2,20.68139772355495
3362,30.0,30.543940658949275
3227,23.3,22.670698077576084
418,21.8,22.141629541780652
4003,26.3,26.160938132236193
3490,37.2,40.03037718041912
3350,25.4,25.06152720007989
3528,22.7,23.2562289558702
2594,26.1,26.030903982889647
4026,27.1,27.280095981038865
1999,24.8,24.588234477251717
3749,44.9,46.38275629898473
3611,23.6,22.795827693244718
863,23.8,24.067553144486844
1346,22.0,22.172326371948493
1402,19.7,20.391802563665543
1221,23.2,22.26923735414328
2926,18.5,19.200338339224842
58,20.4,21.346054494202413
77,29.7,29.628920838191746
370,23.8,23.861574221145958
835,28.5,29.227730114154483
1553,24.5,24.098939481210607
2539,16.2,16.521963874898873
2738,31.6,31.843011241225877
3055,30.0,30.58175169111065
2915,29.6,29.74132441208488
2463,23.4,22.558772123551037
2464,24.3,24.398718965795354
4094,22.0,21.867612033954465
1871,26.3,27.224407296154766
2499,18.9,18.620402907694228
125,41.6,41.683892912641085
3773,23.2,23.379182536339577
2181,19.7,17.624033505769397
2647,22.2,21.66073728189312
2357,32.4,32.211837369276175
2498,24.9,24.81387674614095
432,25.4,25.73900010858023
3752,23.1,23.49766372712279
2251,36.1,38.67742035094087
2213,34.9,34.29709850794637
1623,22.9,21.584855870167836
1212,29.9,30.359596095304326
750,22.3,22.824917202663173
2304,29.7,29.51214602431077
3111,24.5,24.80347766026044
390,28.0,28.331285341622245
30,26.7,27.05881432107811
1028,21.7,21.836531625240276
204,27.8,27.759308767844225
681,25.2,25.101650463760276
4018,24.8,25.274056635210723
3634,66.4,72.78450393325977
918,19.7,19.38787488745443
3244,29.5,29.975977695105627
2841,23.8,22.90554749942428
2782,24.6,24.30813973696221
481,19.9,20.729033087142234
2451,23.4,22.43919417873527
3844,24.1,23.178941246999855
446,26.1,26.72746712431241
2672,41.5,42.16394725807243
1446,26.1,26.654094651828046
818,24.5,24.55543876677107
193,28.1,28.492371551132813
570,24.5,24.389212467218094
1345,24.6,24.46058347543307
1637,24.1,24.108166063007268
6,35.2,34.848037608835384
442,14.5,15.206545277261178
290,28.7,28.644543193802296
1090,33.8,34.294440134134554
3652,21.3,20.56286229145372
1241,22.9,23.090218631978473
3566,30.6,30.4755722490314
1007,25.7,25.695324729677242
1421,28.4,28.38132042052682
3155,21.3,21.76288112899264
2034,28.5,28.760305426516712
695,25.6,25.58615595033926
2574,25.1,25.00360632490413
1415,28.4,28.463906252723934
195,22.8,23.13237478998014
453,24.7,24.037620008765167
1304,23.2,23.08633955426916
1195,22.0,22.202972658824862
29,28.3,28.619794093109235
3396,24.0,24.052179981635774
3409,26.0,25.94385895839458
1560,22.9,22.988671695902283
2735,23.4,22.507356715375863
1119,31.4,31.766732229516116
1754,22.8,22.876640523817656
3087,21.4,19.991748441644305
3418,39.0,39.17474348578875
1100,34.6,34.58307705957567
3855,21.1,20.259901953019572
808,29.8,30.478109212413536
1460,29.3,29.73574711804316
3424,18.2,19.19417819347573
223,22.6,22.77220338085464
737,34.5,34.66199840497441
2415,25.9,25.74569935869816
577,20.2,20.014288477148327
1324,27.4,27.2067756381294
3526,24.4,24.09889662618754
3467,26.8,26.63137963597009
1927,43.7,42.581039680934246
1800,31.7,32.26173042158946
725,34.0,35.08388369039007
81,23.4,23.45429502659899
258,42.2,40.46355948892767
296,24.0,23.307472002851753
1431,23.1,22.620936570887253
3701,30.4,30.61491480249239
1197,21.1,20.627483510815303
1608,20.5,21.83512133794853
1023,24.9,25.192563397149407
3745,23.4,22.776400525649407
1116,29.2,29.610909400253952
3062,26.6,26.2602599684856
3145,26.7,26.770327366837712
1676,18.8,17.758962594477893
2143,23.7,23.220848964019005
2981,18.8,19.271570505155488
1215,21.8,20.076823586592738
4099,25.7,25.699997605709108
1625,23.8,23.27049174032495
1058,27.3,27.64431559550035
1789,23.1,23.251427812905852
3913,28.4,28.900730507129715
868,26.3,26.046362242115542
659,27.5,27.67402336097994
2900,28.1,28.098439034712076
3698,25.1,25.265192781085446
1245,21.2,20.71835502531423
2303,42.7,43.33234733948184
414,28.1,28.405864974010445
739,24.1,24.620783615583143
1077,22.1,22.813030876773162
3935,25.6,25.48090271242506
1546,33.4,33.718859976137125
2487,25.7,25.876233444995517
875,24.8,24.38064544055395
3648,31.0,31.424709683233587
662,24.2,24.190081149084556
2108,23.7,23.510196984017597
767,23.2,22.829153642835045
824,25.5,25.204289921785218
849,24.6,25.117090803723634
1250,19.7,18.833075565694024
2042,30.2,30.28224943741285
153,26.5,26.505827837471337
1429,19.1,20.25078405784761
3101,21.6,20.513101617166292
2025,43.1,42.88394025138647
103,37.0,37.71587583731817
2299,16.7,18.646298876011763
3968,28.1,27.86299091909909
240,24.7,23.988540614864178
1542,32.2,32.38708587383304
848,23.3,22.004134972039296
109,23.0,22.633525076397206
1684,33.4,34.81254444631054
791,19.5,19.6662595876464
822,22.9,23.61196184596607
1770,20.2,19.594687620759657
1685,18.9,19.539066263911465
2627,26.5,26.644552223680044
2745,24.9,24.196595404622364
2922,24.5,23.751878349070985
2226,20.8,20.681534597194563
1983,23.1,22.678396239410986
333,19.1,20.839861502738913
816,22.9,23.696199175891373
844,18.0,16.976168261564922
3345,20.9,21.160934331911996
3295,30.2,30.65857772904647
3990,25.3,24.762075556769254
3616,33.2,32.95613595647083
3393,30.4,30.200356033547905
1120,34.7,35.463141229640264
1136,24.7,24.29810370210437
2588,25.9,25.765171941845388
2175,20.7,20.866338155846215
3636,29.0,29.30080150430244
3286,25.3,24.987114719974528
1574,27.0,27.428639477327632
2966,21.5,22.404954191460824
1642,26.6,27.07183601169116
3366,33.3,34.38437129972179
2409,22.8,22.57113194384162
1669,17.8,18.577720104277383
3049,38.6,38.25631744276352
3703,28.0,28.28890726058961
557,27.7,27.737306651347456
1933,25.8,25.78736201820373
3550,21.7,21.298392832034743
2471,22.2,22.843174399584782
2774,20.9,19.22847629777783
1031,22.7,23.396806703218402
3341,28.7,28.855588312140252
2754,21.2,19.39720891327928
1672,27.3,28.012924402835807
1218,23.1,23.396674001929597
2767,26.3,26.2526838438637
921,21.8,22.273682296298894
823,33.2,33.201316080025634
758,21.1,22.03472758148046
2986,26.0,25.64641713570861
3116,16.9,16.24970720805628
1790,20.2,18.869305612710583
2068,18.2,18.793940391549555
1331,28.7,28.983656971870907
4037,23.6,23.08565777939812
2102,26.8,26.832583847208305
3788,35.4,35.13587285022372
1063,19.2,18.428309450258155
735,28.4,28.663915345630265
1680,19.6,20.266349406922238
3120,50.2,51.17816052869545
727,25.7,25.491734622459106
3023,23.7,23.619511140635872
3877,22.7,22.228779717047168
3778,25.0,25.240853762102667
1657,24.9,24.44312499702331
3243,26.6,26.687288185680778
2731,16.1,13.913705903517801
1837,39.2,39.90626260241632
347,33.8,33.089416540135566
4069,29.7,29.973523763489077
2728,25.7,25.616429189574756
1168,25.5,25.61122696009602
2856,30.6,31.503417181464545
3423,31.4,31.373766487174695
813,26.3,26.09526667003943
4046,24.5,24.564034309685887
1436,23.8,23.23508184845099
1698,17.8,19.182565367912353
2589,25.0,24.65888223102268
3076,21.8,23.05234755551689
179,26.5,26.573427305653
2056,23.5,23.93837637277919
3966,18.6,18.211910607405365
793,20.0,20.185526732739497
2710,25.8,25.549410452052264
3259,23.0,23.0203146691183
3912,27.1,27.216997516888153
1497,26.0,25.976602112249623
2834,30.5,30.726704255027283
25,23.9,24.111828471274087
2690,56.4,53.242239571127975
3944,33.4,33.67248120720456
1074,23.0,22.679882637817713
174,22.8,22.74358041161471
1921,21.2,20.00467348829298
3187,23.7,22.787443536957767
332,24.1,24.347546004526905
1563,22.8,23.004705603457587
433,27.8,27.674300644838233
2949,29.8,29.798697295294936
2113,24.6,23.983152953371416
1081,36.5,36.36781028240682
1521,32.5,32.34618919968577
482,22.5,21.59288924901938
2080,22.4,21.56121337669972
