,y_test,prediction
12800,23.2,27.79199999999998
3782,22.5,22.801000000000002
14713,37.1,33.083
16817,28.6,27.440999999999995
9726,42.6,32.329000000000015
5094,49.0,46.521
17320,21.6,25.399999999999988
19085,50.1,47.723
21798,24.8,27.028000000000002
15044,26.1,26.67299999999997
5671,26.0,23.879999999999995
2604,25.5,27.089000000000002
13143,28.8,25.777000000000008
5916,34.6,32.81399999999999
10393,22.1,23.619999999999973
5749,22.6,21.458
8362,24.2,24.101000000000013
4928,26.2,30.87500000000002
22355,23.4,23.720000000000038
3646,31.6,27.750000000000014
482,26.6,27.959000000000017
12118,31.1,29.613999999999965
9070,37.0,30.136999999999997
21776,23.9,27.020000000000014
787,28.4,28.48700000000001
12269,21.8,24.720000000000013
19903,27.9,28.30100000000004
9304,18.9,26.044999999999995
8495,22.7,26.077
4749,22.0,25.638000000000012
7998,29.3,30.223000000000017
11088,22.5,23.083999999999996
1316,21.6,23.557000000000013
5261,29.7,25.658
22374,20.6,25.300000000000008
20991,26.3,22.532999999999994
14934,20.2,20.538000000000025
14227,29.4,28.629000000000048
13622,23.7,23.793000000000003
21618,24.6,23.92699999999999
8925,25.4,24.839000000000002
17534,18.4,19.60900000000002
20974,20.7,22.453000000000017
12594,21.8,26.931999999999988
5403,24.1,24.610999999999972
4348,30.6,29.10799999999996
3877,20.4,21.52800000000003
5876,20.9,22.07200000000003
2027,25.5,25.487000000000002
19174,26.0,26.03
13081,28.7,29.962999999999983
15512,26.2,29.741
18594,26.0,28.106000000000005
7813,39.9,32.15800000000003
13330,22.2,25.59599999999999
21750,24.0,24.737
19614,30.1,27.762000000000004
345,24.2,25.736000000000004
12729,24.3,24.196999999999992
17369,27.8,27.867999999999988
11025,36.2,35.40899999999995
1561,18.8,19.00799999999997
8760,37.4,33.492999999999995
19484,35.7,28.97900000000001
6382,24.5,25.44600000000001
916,21.6,21.906999999999968
9016,33.8,28.694000000000006
19033,25.8,24.625
17078,25.3,26.383000000000003
18338,33.3,27.638999999999996
11819,24.4,28.441000000000013
7303,39.3,27.629
14276,29.8,29.465000000000035
17752,28.0,24.481999999999992
5594,21.4,23.373999999999995
7003,22.8,27.766000000000005
19787,22.3,23.125999999999994
3904,24.2,27.659000000000006
10774,31.2,29.80699999999997
10620,20.3,22.839000000000002
12190,29.0,25.801999999999992
17570,24.8,22.221999999999994
8609,23.4,24.924
8008,23.9,24.271000000000026
14833,26.5,29.066000000000003
5832,19.9,26.137000000000004
14060,24.8,29.891
786,28.4,28.48700000000001
17556,24.0,22.702
7510,21.6,22.083999999999982
15018,20.9,24.616000000000003
19662,40.6,40.61099999999995
1508,39.1,37.413999999999945
17257,26.2,25.75999999999999
4877,32.8,50.44500000000004
89,20.7,22.878
4968,30.5,27.298000000000005
14484,21.6,22.47399999999997
18453,30.5,29.028000000000002
8869,20.1,21.63799999999998
1288,38.2,28.114000000000015
3592,26.1,26.625999999999976
1974,22.6,25.846999999999998
9219,18.3,22.415
16195,34.3,34.31700000000005
16231,25.3,25.56900000000001
350,20.1,22.30900000000001
648,44.5,31.632999999999996
1733,24.7,24.725999999999996
21977,19.3,20.73499999999998
2006,33.8,33.758000000000024
1592,38.4,26.543999999999986
21689,33.9,28.391000000000005
13958,24.9,25.256
13018,30.5,29.611000000000008
4346,30.6,29.10799999999996
21228,19.0,25.115
14160,29.2,28.353999999999974
21407,43.1,30.570000000000004
9492,21.8,25.575999999999986
19476,35.7,28.97900000000001
10198,26.3,27.23800000000002
5639,27.3,27.990999999999996
9848,23.8,22.360000000000003
822,20.3,20.147999999999975
4932,17.7,22.82600000000002
10406,24.5,26.50500000000001
3480,24.9,33.78
10139,21.1,21.216999999999963
15553,17.6,20.988000000000007
250,34.4,23.32
14324,24.0,23.563999999999993
19340,23.2,26.313
12345,26.3,26.38799999999999
7916,19.3,25.252999999999997
7467,40.8,30.21700000000002
9879,31.0,28.823999999999998
7506,22.3,26.03899999999999
21615,18.3,22.129999999999992
9758,20.2,25.721999999999994
18935,26.4,25.20299999999999
11238,22.0,22.206999999999997
19525,25.8,22.40899999999999
17789,35.9,27.560999999999982
1535,21.2,21.572000000000006
15021,25.9,25.92600000000004
11546,23.7,24.862000000000002
20265,24.9,23.929000000000006
10785,30.8,25.323999999999998
16936,27.2,26.042000000000012
19807,21.3,23.227000000000007
1604,24.7,25.659999999999982
21080,23.1,24.48599999999996
9643,21.0,22.931999999999995
18567,27.3,29.01700000000002
2944,29.1,28.641000000000023
34,35.2,28.57
6755,26.6,27.31900000000002
11878,24.7,24.413
5414,30.1,25.456999999999994
8647,43.3,38.884000000000036
6536,25.1,31.601000000000003
9098,17.8,19.58499999999999
20196,22.0,24.251000000000005
14487,21.4,26.978000000000005
18625,20.0,20.216
4786,21.1,25.834999999999994
5612,21.7,31.787000000000006
10500,25.8,25.841999999999988
4312,24.4,27.066
5812,30.0,30.676
121,26.7,23.844000000000005
2174,25.2,24.537999999999993
1375,42.2,30.435999999999982
16793,28.0,27.318
7010,24.2,23.673000000000016
21916,27.2,30.147999999999975
60,24.1,23.351999999999993
11036,31.7,29.958999999999996
16287,19.2,22.124000000000002
14677,25.1,27.804000000000002
13876,17.2,23.75900000000001
2668,23.3,27.08400000000001
12703,24.8,26.862
12258,19.6,20.646999999999977
7144,23.1,26.403000000000002
18341,21.6,23.08699999999997
17839,22.9,24.766
9261,17.8,19.713
11564,34.4,27.648999999999987
22008,18.5,20.178
1261,26.2,26.076000000000008
4343,30.2,31.91900000000002
20862,23.9,23.178999999999988
4667,25.4,29.037000000000038
16371,26.1,29.361999999999995
9221,25.5,26.088999999999995
2036,31.1,23.879999999999995
3554,23.5,23.701000000000004
13440,17.9,19.932000000000027
16076,21.6,24.868999999999993
3549,23.8,24.584999999999994
21276,23.4,24.13499999999999
12352,19.1,25.808000000000003
2190,28.5,26.772000000000002
18160,38.6,34.66699999999997
8965,19.3,23.182000000000006
20754,23.7,23.230000000000004
757,31.6,31.150000000000013
13257,41.5,28.842000000000006
15905,27.1,26.493000000000002
17988,18.2,22.65099999999999
2959,53.7,50.27799999999992
21263,23.4,23.591000000000037
20989,26.3,22.532999999999994
5538,36.6,29.533999999999995
3343,29.0,27.150000000000006
10571,21.4,23.733999999999995
11022,20.7,23.015000000000004
5049,26.4,26.00200000000003
19319,31.4,30.176000000000055
15166,33.4,28.072000000000017
2825,24.0,24.45700000000001
9710,25.8,24.60299999999998
19494,45.4,30.02799999999999
20910,20.6,26.011999999999997
18520,28.4,29.58800000000003
1473,28.7,26.947999999999983
17461,27.8,29.040999999999993
9480,24.9,25.525
12593,21.8,26.931999999999988
9911,34.5,24.761999999999997
2191,28.5,26.772000000000002
1957,34.9,37.549
16624,25.3,28.651000000000014
9629,27.5,28.098000000000006
10563,25.6,30.439000000000007
18774,20.7,22.00400000000001
9571,24.2,24.77999999999999
14608,29.5,26.334999999999994
21383,32.4,29.050000000000004
13655,33.7,29.227999999999987
13632,30.4,29.57400000000004
992,28.7,28.52399999999998
4602,24.7,27.07599999999998
19858,23.8,27.747999999999998
10616,20.0,21.52999999999999
11973,19.7,22.30199999999997
9186,24.8,23.820999999999998
7289,24.3,24.373
10430,38.2,29.276
6954,19.3,25.79500000000001
4104,30.8,30.006000000000007
4797,34.0,32.768
3861,20.1,19.710999999999984
10005,45.4,29.42599999999999
21265,24.1,27.267000000000007
4121,21.6,27.201999999999995
1215,24.2,23.15500000000001
22181,20.2,23.668000000000003
18184,37.1,36.514999999999944
9133,36.5,34.81700000000001
17548,21.2,23.618
10061,31.2,30.041000000000036
19451,25.5,35.530999999999985
18883,21.2,26.79499999999999
8826,27.6,25.146000000000004
2323,26.1,25.559999999999995
367,29.7,20.007000000000012
11470,21.7,24.813
6540,23.1,24.222999999999992
16550,35.3,31.911999999999992
18254,48.8,42.775000000000034
2896,20.8,24.764
4571,19.3,25.636000000000017
13366,26.2,28.80600000000002
2726,26.8,24.732999999999997
10102,27.3,26.913000000000007
17666,26.1,26.536000000000012
8599,23.2,23.745000000000005
15055,16.2,19.553999999999995
10009,24.1,24.145999999999958
5190,30.7,32.435
19040,19.7,22.999000000000006
22189,22.7,23.540000000000006
22144,17.1,22.733000000000008
13732,27.6,27.320999999999948
17659,23.0,22.952
5135,24.0,23.758999999999997
1698,24.5,27.136999999999997
21039,31.4,34.158999999999985
20254,22.3,23.048999999999996
1270,28.3,28.165
12931,24.5,23.081999999999997
7324,25.4,32.711000000000006
18768,23.1,23.017999999999997
5788,23.0,24.731000000000016
17379,27.5,24.49400000000001
21494,32.8,21.585000000000004
4318,23.9,28.72199999999999
15488,23.2,22.910000000000014
22202,27.7,30.032999999999998
18244,24.5,23.660999999999987
7390,23.7,29.81000000000001
7300,28.3,29.654000000000025
1780,19.8,20.49399999999998
3569,20.4,21.502999999999993
19276,22.6,24.947999999999997
3625,24.2,29.78599999999999
1204,20.1,20.060999999999982
16384,23.0,23.086000000000002
1214,24.2,23.15500000000001
20867,30.2,30.199999999999964
12095,23.3,22.575999999999993
2282,24.2,28.784999999999997
1286,28.3,32.312000000000005
19522,39.9,28.473000000000003
13774,23.5,23.844999999999995
8530,18.9,22.121999999999986
5870,25.9,25.152000000000015
18067,18.7,29.966000000000005
12731,24.3,24.196999999999992
7360,44.3,37.704000000000036
4013,25.7,26.41799999999999
4362,22.9,23.36000000000003
1481,22.4,25.71499999999999
1639,19.3,20.63599999999998
7172,16.6,16.79899999999998
19255,32.8,30.925000000000022
19125,19.6,20.96599999999999
5883,27.1,25.336000000000002
19997,15.5,15.742
13077,22.1,25.01099999999999
4613,21.9,27.978
7359,44.3,37.704000000000036
18515,41.8,30.87900000000001
21003,30.5,30.727000000000004
15877,31.6,27.331000000000007
6514,27.2,22.706
4161,20.2,21.243000000000006
14176,43.8,28.215999999999987
9995,21.5,21.366000000000003
14776,25.7,27.007999999999985
6608,24.5,28.561000000000003
19237,16.5,21.004999999999992
10836,23.6,25.444000000000003
6114,22.2,28.567999999999987
7183,30.4,30.411000000000026
16574,23.8,28.096999999999998
22293,28.0,31.478999999999996
7121,25.9,25.03500000000003
1187,16.6,17.72799999999998
656,59.8,56.87500000000009
4326,29.0,29.338999999999995
10930,23.7,25.663999999999998
2857,21.6,21.518999999999963
8191,26.0,25.416000000000004
1868,26.2,25.347
1402,23.1,24.549999999999986
5676,54.5,46.12300000000001
22286,30.3,30.798000000000034
10399,22.7,24.480000000000008
7032,52.9,24.88599999999999
15332,21.2,21.165000000000017
16390,23.0,22.563999999999997
7651,28.4,27.034000000000002
14456,41.5,32.644999999999996
19755,23.5,26.19000000000001
1991,36.5,33.668
4079,27.3,29.858999999999988
12324,22.7,24.331
6548,23.2,25.279000000000007
13630,30.4,29.57400000000004
12098,32.6,24.689999999999994
2702,29.1,26.567000000000007
14591,21.2,21.52800000000002
11425,27.5,30.42900000000002
7182,30.4,30.411000000000026
18078,17.3,22.433999999999987
12202,24.1,27.64800000000001
10697,28.2,27.203999999999983
4438,25.4,28.107999999999993
5991,29.1,27.980999999999966
10550,54.0,49.042
587,43.7,35.369
18522,19.7,26.923000000000002
21404,26.3,28.625999999999998
5172,21.0,26.739999999999995
18250,24.7,27.53699999999998
20849,40.9,31.786999999999992
3993,28.3,26.238000000000003
14449,21.8,22.15799999999998
5485,36.8,38.15700000000004
8969,26.6,22.40499999999999
17630,27.9,27.25800000000005
9044,26.7,26.879
1666,35.2,31.74899999999999
3120,26.1,29.343999999999987
12059,19.3,19.73699999999997
13769,32.7,28.630999999999982
14369,29.1,28.45299999999997
16576,22.7,20.610999999999994
9126,36.5,34.81700000000001
18299,31.2,25.262999999999987
11207,44.5,40.146
17399,25.0,23.678000000000008
15263,31.4,32.04999999999998
19211,32.8,25.793000000000003
8136,40.4,37.46300000000004
15046,26.1,26.67299999999997
2316,27.5,28.055
6938,21.6,22.43099999999997
17813,26.0,25.972000000000016
17611,21.7,24.010999999999996
8453,26.0,26.091999999999995
20735,23.5,29.146
8929,39.6,38.40999999999996
4759,25.7,29.450000000000017
4062,33.0,30.754
1033,23.1,22.093000000000004
16504,21.3,25.198999999999998
13467,17.1,19.664999999999978
15634,25.0,32.96199999999998
5262,29.7,25.658
21283,23.5,23.951000000000004
3500,23.6,25.75399999999996
20884,29.8,43.405000000000015
10371,25.7,25.276999999999994
10044,20.0,20.105999999999998
8003,35.4,34.54200000000002
4619,18.0,18.78
6302,23.9,26.840000000000003
8023,27.3,29.338999999999984
18636,39.0,36.281000000000006
3042,27.5,25.394999999999996
4784,24.8,25.04000000000001
16209,23.7,23.833000000000013
11793,23.8,26.62500000000003
19599,40.1,27.180999999999987
4796,34.0,32.768
21379,28.9,30.019000000000002
7488,27.4,24.55699999999998
8482,15.7,17.64400000000002
7153,25.8,27.75399999999999
8591,22.0,21.133000000000006
5806,19.6,22.54
936,26.0,26.769000000000002
22270,27.4,24.733999999999995
21901,20.5,25.511999999999993
1665,35.2,31.74899999999999
3738,24.1,24.952999999999996
8605,27.0,25.331000000000003
1053,36.7,32.42599999999997
13634,20.4,21.149999999999995
16291,43.1,31.73600000000001
20458,27.4,28.717999999999982
3204,22.0,26.341000000000005
9351,23.7,23.317000000000007
8933,26.2,25.692000000000004
10580,24.2,20.861999999999995
19833,30.9,30.751000000000047
17428,19.0,19.394000000000002
20618,26.8,26.941000000000013
7607,25.4,27.485999999999986
3149,27.8,24.535999999999987
2158,17.0,19.533999999999995
9262,17.8,19.713
14620,20.0,25.406000000000002
21181,30.0,30.37199999999999
17241,26.4,26.604999999999997
486,21.1,30.396000000000004
21158,20.4,21.61100000000001
12402,32.6,32.00999999999996
18686,31.3,25.307000000000002
15839,26.1,25.301000000000002
4180,28.2,27.709999999999983
20396,18.4,18.74300000000003
5863,24.8,24.745
1726,31.3,27.971
2136,28.1,26.903999999999968
16796,23.7,24.38000000000001
18188,28.7,28.979000000000013
21425,24.5,25.574
8946,17.6,19.929999999999986
1649,34.4,33.554000000000045
21631,24.5,22.266
506,27.4,28.234000000000005
16176,21.5,22.864
8646,43.3,38.884000000000036
106,23.8,24.374999999999996
8348,26.1,27.409000000000006
5477,23.6,25.130999999999975
21190,25.1,24.797999999999956
19050,35.9,34.80400000000003
18675,26.2,25.329000000000004
1032,23.1,22.093000000000004
14502,30.8,30.273000000000035
6599,23.5,24.335999999999995
13647,22.2,26.526999999999997
12328,24.1,23.67999999999998
6100,22.0,26.08300000000002
11701,25.7,25.541
6619,19.9,22.221999999999994
4185,24.8,29.971
17132,29.4,28.47900000000003
10486,23.7,23.731000000000005
3007,29.4,26.69
14846,31.6,27.986999999999995
21576,26.0,26.271
12908,29.4,34.486999999999995
15956,21.6,22.058999999999966
16479,31.2,30.655999999999967
14505,46.1,45.08499999999997
12976,31.6,28.767999999999997
6177,20.2,22.72000000000001
6887,31.3,30.007000000000016
10641,26.9,28.180000000000042
13598,29.1,25.416000000000004
20500,24.3,24.55400000000001
411,20.9,22.168999999999997
13479,28.4,29.39100000000003
18232,20.9,25.162999999999993
12596,23.5,25.78400000000001
17030,29.6,30.937999999999988
286,26.7,29.628999999999987
8807,20.5,20.053000000000004
19871,47.0,32.273
15863,24.9,25.35900000000004
9870,19.5,24.726000000000003
1209,22.6,25.166999999999998
2325,26.1,25.559999999999995
9454,32.4,28.105999999999995
1783,23.6,23.202999999999975
19347,30.6,30.714000000000006
12959,22.3,23.090999999999998
13695,16.2,19.983000000000015
1047,25.0,27.307999999999996
22164,26.5,27.477999999999998
1466,21.8,20.94599999999999
6370,32.8,29.38499999999999
15909,29.1,30.175999999999974
11152,25.9,31.119
19957,25.1,24.95399999999997
13755,37.8,37.43400000000006
12020,15.7,22.10999999999998
8508,23.9,25.342000000000034
6618,23.2,31.410999999999998
4884,32.1,30.862999999999964
8357,44.3,42.27200000000004
2135,28.1,26.903999999999968
19806,24.1,24.347999999999967
22024,24.0,25.535
21561,54.9,52.37099999999997
17166,23.5,26.316
13014,20.5,22.695999999999998
21543,32.0,30.71100000000001
8016,23.9,24.079000000000043
736,18.6,23.383999999999997
2904,41.5,35.687000000000005
21852,21.9,24.031999999999996
17618,25.5,25.570999999999998
7150,26.4,24.63800000000002
5230,28.9,28.338
13175,31.7,32.61799999999998
15944,26.3,26.458000000000016
5793,22.9,23.149000000000033
20014,22.1,29.120999999999995
18099,24.8,24.296
9569,22.8,22.77599999999999
12091,26.1,28.142999999999976
12367,35.0,32.19
9647,34.5,29.448999999999998
10814,30.9,30.012000000000043
1853,34.9,33.01100000000003
8133,40.4,37.46300000000004
1797,24.8,25.906000000000002
10557,24.1,23.711999999999968
15881,19.5,21.497000000000003
16310,22.3,22.190999999999985
3074,23.0,30.378
1075,34.2,30.09499999999999
18279,24.3,36.56500000000001
18858,23.7,23.976999999999997
9497,35.4,27.028
5160,19.9,20.209000000000028
984,22.4,22.706000000000035
21103,24.9,26.616000000000007
13976,25.0,25.595000000000006
10553,22.2,23.550000000000004
12428,25.2,25.063000000000002
14436,23.3,25.225000000000005
10880,21.5,29.450000000000003
4148,21.1,21.294999999999977
9114,19.4,25.269000000000005
7769,24.0,48.95400000000001
18208,22.0,25.65199999999999
20990,26.3,22.532999999999994
10173,29.3,28.353000000000005
1208,22.6,25.166999999999998
14604,18.6,24.138000000000005
2020,27.7,28.034000000000006
15720,31.9,32.68300000000001
9238,21.6,24.661000000000005
6070,23.5,24.533000000000012
15681,21.7,22.73800000000001
2439,19.8,25.18100000000001
15444,30.6,30.22999999999995
13696,28.1,30.99299999999998
3990,27.9,26.596999999999984
17220,29.0,27.673000000000016
14936,21.2,29.19600000000001
4647,23.3,27.335
13559,29.5,31.159000000000006
2898,20.8,24.764
8955,24.1,26.608
22231,24.1,25.963
3193,24.7,31.629999999999992
14177,43.8,28.215999999999987
2293,27.2,26.347999999999992
14159,29.2,28.353999999999974
17535,18.4,19.60900000000002
8120,25.4,23.058999999999997
8061,24.8,24.831000000000007
16711,22.2,27.52400000000001
1879,34.5,34.427
4678,17.0,24.640000000000004
14448,21.8,22.15799999999998
2644,37.5,34.97200000000001
7047,26.5,26.753
20582,23.6,25.760999999999967
16126,19.6,29.927999999999994
12772,19.3,23.063000000000002
505,27.4,28.234000000000005
19152,21.9,23.212999999999997
16112,21.5,21.647999999999996
17021,25.9,25.854000000000042
2758,21.5,21.663
4436,19.9,20.195000000000036
19759,48.8,42.01600000000004
5131,31.7,31.72799999999998
10396,29.0,27.155999999999995
7376,25.1,25.573999999999973
13363,20.7,21.405000000000022
15910,29.1,30.175999999999974
5567,18.7,21.348999999999997
6285,25.4,23.111999999999995
1630,19.3,20.63599999999998
18941,22.1,28.54799999999999
4275,27.2,24.571000000000016
2071,21.3,32.611999999999995
1809,33.8,23.466000000000005
5977,24.2,26.98600000000001
825,26.5,28.934999999999995
2913,29.1,24.69600000000001
678,23.9,22.232
10455,23.7,26.116999999999997
22368,25.6,26.481000000000005
9856,25.4,26.28199999999999
21005,17.7,19.078000000000003
2229,27.8,27.230000000000008
4699,25.7,25.573999999999987
5285,26.1,28.493000000000002
13333,29.1,30.698000000000008
20240,35.5,35.08800000000001
1862,29.2,28.69099999999999
19798,19.6,19.723999999999975
21763,25.5,26.142000000000007
14433,47.8,32.30699999999999
9006,21.9,23.74599999999999
14640,29.8,32.968000000000025
8595,25.2,23.997999999999998
1799,33.9,34.40099999999998
3613,27.5,28.049000000000014
13043,20.5,24.446000000000005
21785,29.9,29.962000000000035
16220,31.4,31.402000000000044
1801,33.9,34.40099999999998
3906,24.2,27.659000000000006
2642,22.2,22.825000000000003
6930,41.6,38.86299999999994
15611,23.5,22.138999999999992
18325,20.9,20.671000000000028
14056,22.7,22.087000000000007
1162,23.4,23.856000000000027
9564,24.9,26.36700000000003
1325,28.0,26.62699999999999
6064,27.8,23.57
15135,22.6,28.70499999999999
2324,26.1,25.559999999999995
5797,33.0,31.217999999999996
6345,29.3,32.23700000000002
2954,29.7,32.206
15880,19.5,21.497000000000003
8673,27.8,27.573999999999998
3172,25.6,25.39299999999997
1848,24.5,24.263999999999996
15692,33.9,25.82999999999999
1200,22.3,22.35399999999999
21278,27.1,27.98399999999999
11912,27.7,27.020999999999976
15308,21.1,23.74600000000001
1085,25.3,42.409000000000034
8014,23.9,24.079000000000043
11226,24.2,23.437999999999988
5533,27.9,31.128000000000007
20380,35.3,31.435999999999986
20912,29.2,34.317000000000014
11158,19.7,21.55999999999999
5565,30.9,31.564000000000036
4501,22.9,23.55200000000003
19261,37.6,36.42199999999997
4582,25.4,25.297000000000036
10637,25.4,25.95500000000002
20270,30.5,29.965999999999994
2745,19.4,18.103000000000012
3676,27.0,27.741000000000014
15469,24.4,28.558999999999987
5181,23.3,19.077000000000012
13904,16.9,18.267000000000014
11285,20.7,21.42900000000002
4815,19.5,26.291
6086,37.9,32.73400000000003
8799,25.6,26.122999999999955
4411,21.9,24.567999999999987
21697,23.3,29.336000000000002
8005,35.4,34.54200000000002
19867,18.5,18.659000000000002
16988,29.4,27.696000000000012
12979,31.6,28.767999999999997
8726,27.5,26.645000000000003
297,23.1,23.79999999999997
14924,20.1,24.67900000000001
7110,36.6,28.911999999999992
11126,38.6,38.14699999999996
8053,20.4,28.150000000000006
10474,43.7,26.898000000000003
20141,29.6,30.193000000000012
5405,20.4,22.116
19665,25.5,27.21999999999999
986,22.4,22.706000000000035
6320,22.8,22.570000000000018
20340,28.5,27.504999999999995
15167,33.4,28.072000000000017
7514,21.9,22.60400000000001
14118,35.9,32.250000000000036
10295,35.6,30.47700000000001
68,44.6,32.31199999999999
16612,26.7,25.66200000000002
20836,28.4,25.859
12209,22.5,27.697999999999997
1716,25.4,24.211000000000002
7611,27.1,28.528999999999993
136,21.6,27.380999999999982
6124,24.6,25.195999999999994
15294,20.7,19.770000000000003
8967,24.3,21.343999999999998
19449,20.9,22.597
21081,23.1,24.48599999999996
2842,24.0,22.381
17188,28.1,26.614999999999966
17986,29.8,28.818000000000012
10410,27.5,24.306999999999995
19180,24.7,23.818000000000012
14651,29.8,28.702000000000016
11431,26.0,40.38100000000003
18569,27.3,29.01700000000002
21998,31.5,30.178
7014,14.7,16.34899999999999
14962,23.4,22.900000000000038
9123,18.8,26.309999999999988
4335,22.5,22.866
15856,28.8,28.642999999999986
4150,21.1,21.294999999999977
394,23.4,24.321000000000023
21303,27.7,28.572000000000003
9503,23.7,23.09300000000001
3498,23.6,25.75399999999996
14646,22.8,20.57800000000001
14112,23.6,23.243999999999975
4390,17.9,19.324999999999996
2849,24.8,23.923999999999996
17060,26.9,25.50300000000003
6365,24.2,24.111000000000004
689,40.3,39.65900000000006
22002,20.1,20.798000000000005
7699,25.5,27.697999999999983
10460,24.8,29.833000000000006
11565,30.6,31.13000000000001
19074,26.8,27.70500000000002
21906,22.2,22.677000000000007
10482,27.9,25.639999999999997
13210,27.0,27.964000000000002
1843,28.8,25.12099999999999
3428,20.2,23.846999999999994
18727,25.2,25.120999999999995
10677,26.0,30.939999999999994
18690,21.4,21.25100000000003
8282,22.1,25.07299999999996
20271,30.5,29.965999999999994
4285,18.2,19.58099999999999
108,28.7,28.09699999999999
13398,22.8,23.651
19619,30.1,27.762000000000004
14270,43.9,31.060999999999993
17513,27.1,26.611000000000008
13975,25.9,22.834999999999994
13582,28.4,25.324999999999996
18722,34.6,31.77400000000001
4284,18.2,22.851999999999997
8257,24.4,22.90400000000001
7497,24.5,24.86
4676,23.0,23.136999999999993
475,26.6,27.959000000000017
14170,27.8,29.719999999999985
3606,25.8,20.021999999999995
11184,22.0,25.847000000000016
19148,20.1,21.999999999999996
9742,25.6,30.272000000000002
10723,24.4,25.216999999999988
6119,35.1,30.05800000000002
5597,32.4,29.096
14584,22.2,22.749000000000002
13353,17.9,28.579
18629,27.4,25.822
14804,22.1,28.508000000000003
521,34.5,27.145999999999994
22353,23.3,23.312
19275,32.1,29.196999999999992
19091,18.8,29.147999999999996
4152,24.7,26.686999999999998
9955,24.4,24.346000000000032
3176,31.0,31.229
15243,35.2,35.052000000000035
21767,24.7,24.551
19279,23.5,26.17899999999999
6358,20.2,19.924000000000003
13332,29.1,30.698000000000008
15164,23.8,19.988000000000007
6276,25.6,27.602999999999994
11263,20.7,28.604000000000006
6889,27.0,28.220999999999993
17598,20.2,20.51899999999999
20672,23.1,27.309999999999995
10742,35.6,32.42199999999997
21177,22.7,21.009999999999994
13858,25.7,26.983000000000015
18131,25.9,26.028000000000038
14672,44.0,41.758
14910,24.1,23.55600000000001
7662,32.8,27.192000000000007
14617,24.1,25.77
3182,29.0,28.39900000000001
8479,28.6,28.853999999999996
14444,26.4,23.375999999999998
17614,43.4,42.15800000000004
10076,22.5,29.741000000000003
1248,27.8,28.292000000000026
2867,25.8,27.122000000000018
22136,23.6,22.70999999999997
14932,20.2,20.538000000000025
18101,27.5,27.406
8746,46.1,43.59999999999997
21246,18.4,21.162000000000013
16438,25.7,25.711000000000002
1138,30.1,27.211999999999968
12115,36.1,35.735999999999954
8240,38.1,41.559
9736,25.5,25.506000000000007
19060,25.9,28.603999999999996
5024,28.1,30.535000000000018
997,30.9,27.17299999999999
14621,20.0,25.406000000000002
5492,20.2,22.51600000000001
14309,34.7,32.84699999999997
19808,21.3,23.227000000000007
17595,22.7,22.76100000000001
20498,20.7,21.618999999999996
5222,21.0,21.82399999999999
8553,27.7,26.58099999999999
6912,19.9,20.155000000000037
20656,17.3,22.921999999999983
5726,26.0,25.927999999999997
174,25.2,33.391
6095,17.0,21.14700000000002
2889,30.0,28.34999999999999
3266,19.8,19.52399999999998
20341,28.5,27.504999999999995
1695,29.4,30.462
14120,20.5,20.683000000000003
22263,22.0,22.092999999999996
10566,27.6,26.917999999999964
10636,25.4,25.95500000000002
12395,24.9,27.071000000000026
19350,30.7,27.34599999999999
7547,22.8,22.85
17729,26.0,26.326000000000004
717,21.0,24.03100000000001
3184,17.9,21.171000000000003
11507,39.2,28.883000000000006
2161,22.5,23.459000000000007
21118,27.7,27.305999999999976
1693,31.2,28.71599999999999
10124,31.5,29.786999999999992
15149,31.3,30.930000000000042
5281,23.7,24.85899999999999
20383,24.1,30.910000000000004
19288,28.3,28.301000000000027
52,31.2,27.626000000000012
430,23.5,25.276
16289,40.1,28.75800000000001
859,27.8,27.035999999999998
17980,24.9,23.399000000000004
2395,18.1,21.28799999999999
5478,23.6,25.130999999999975
977,32.4,31.671000000000035
20539,20.5,23.36799999999999
20006,33.5,32.672999999999995
10228,22.4,22.467000000000038
22113,31.0,28.51600000000001
18642,26.6,26.85199999999996
16509,24.0,25.826999999999998
15241,40.6,39.482999999999954
15028,30.1,30.042999999999996
11281,33.4,29.908000000000037
3647,31.6,27.750000000000014
5886,22.2,20.563000000000006
18136,17.4,18.38800000000003
2434,28.4,27.52000000000003
1682,24.1,24.599999999999977
9858,25.4,25.82000000000003
17904,26.6,27.61499999999999
7072,25.7,26.951
16152,31.9,25.675000000000008
15329,21.2,21.165000000000017
4377,20.9,26.667000000000016
2436,22.7,20.892999999999997
4701,25.7,25.573999999999987
1115,14.5,24.248999999999988
3298,29.7,31.367000000000008
246,30.5,23.369999999999994
9981,35.8,26.107000000000003
7177,27.7,30.03900000000001
5773,17.7,18.226000000000028
4124,21.6,27.201999999999995
844,20.5,23.136000000000013
3382,23.8,27.365999999999996
19870,47.0,32.273
4424,29.8,29.288000000000032
10923,29.6,28.96399999999996
10232,19.6,24.131999999999998
13242,20.6,26.39999999999999
21981,34.2,31.192000000000007
22242,24.1,21.243999999999996
13949,29.9,25.728999999999996
7745,19.9,20.52900000000003
5953,24.2,30.37400000000001
2800,33.9,25.37100000000001
2687,28.6,24.156999999999993
11489,27.1,24.66
21143,18.7,23.593999999999998
9612,20.2,21.85900000000001
17300,31.2,25.43500000000001
11230,24.2,23.437999999999988
1201,22.3,22.35399999999999
12365,35.0,32.19
15760,26.6,26.439999999999984
12664,24.2,27.860999999999994
13784,23.6,24.757999999999985
10956,20.3,22.08400000000001
15038,28.6,29.655999999999985
6050,38.3,29.25000000000002
17186,28.1,26.614999999999966
16202,25.5,24.770000000000003
2054,32.7,32.684999999999995
10107,27.2,28.448999999999984
10662,25.8,25.862000000000013
6531,24.2,24.006999999999998
13122,25.4,22.918000000000017
21384,32.4,29.050000000000004
21212,26.0,26.316999999999997
17815,26.0,25.972000000000016
8471,27.0,27.206
22132,28.0,27.958000000000002
5068,19.9,20.252000000000038
7369,28.4,31.595999999999993
4060,33.0,30.754
20143,26.0,26.826000000000004
939,22.8,25.16700000000001
190,26.0,26.891999999999985
15385,20.8,24.319000000000006
17936,31.6,28.673999999999975
17396,36.7,36.01099999999996
6182,24.6,24.940999999999963
15640,25.1,26.140999999999995
11615,26.7,26.27
9047,22.8,25.519999999999982
10390,19.8,22.44
9331,23.4,27.907000000000007
14044,23.1,24.359
20353,23.4,26.84000000000001
18421,24.7,24.98
14669,18.5,23.606000000000005
7471,35.9,32.96200000000001
11659,28.1,29.52999999999997
7623,18.3,21.239999999999995
5310,27.8,28.208000000000016
20696,32.4,43.06000000000004
5813,30.0,30.676
12265,30.4,32.876
1412,26.3,26.912999999999997
10578,24.2,20.861999999999995
18927,26.4,25.20299999999999
13247,23.2,26.000999999999994
21979,19.3,20.73499999999998
9146,24.4,24.15100000000003
13925,25.8,26.156999999999996
18159,38.6,34.66699999999997
13520,23.0,31.245999999999995
9777,24.3,29.024
14117,21.0,25.957000000000008
19265,30.1,32.55600000000002
13825,25.9,31.02299999999999
1617,27.0,28.271000000000004
12346,18.4,20.894999999999996
7945,26.0,23.29899999999999
4107,23.7,22.347999999999985
10515,24.8,24.77
5756,30.0,29.572000000000006
14332,22.2,22.659000000000006
4653,31.1,27.701999999999995
17697,27.3,26.87199999999998
15296,26.3,25.073999999999987
16353,21.1,23.946999999999992
16224,18.0,24.111
19611,23.6,26.20599999999997
1078,32.3,29.127000000000013
1401,23.4,23.277000000000008
9914,34.5,24.761999999999997
9083,40.0,38.570000000000014
1759,29.4,28.84600000000004
11241,22.4,25.618000000000034
1811,26.6,29.175999999999995
3133,22.5,22.597999999999992
15495,20.9,24.249000000000006
7056,23.2,25.213999999999995
99,25.0,25.815000000000005
20781,23.6,27.613000000000007
22367,25.6,26.481000000000005
5428,28.1,25.491
9009,25.6,23.557000000000002
14653,20.8,24.029999999999994
12652,19.1,20.365999999999996
19779,20.6,24.238999999999983
12745,27.8,28.477999999999994
19434,24.2,25.356000000000005
5989,29.2,28.363999999999987
5874,26.8,24.227999999999987
18678,24.5,24.605999999999995
8203,23.7,27.675000000000015
8972,25.8,27.527000000000008
17239,29.4,29.204999999999995
17433,24.8,24.424000000000007
21165,25.5,19.500999999999998
18393,52.1,51.462000000000025
22090,23.2,24.041000000000007
11730,21.9,22.78800000000003
923,23.2,23.74
1344,35.7,27.579
22204,22.0,22.706000000000003
16277,29.8,28.320999999999998
1520,30.5,27.941999999999997
17157,31.9,30.540000000000035
9260,17.8,19.713
11091,26.5,28.06400000000001
21872,23.9,27.529000000000007
12203,24.1,27.64800000000001
14175,20.6,22.26099999999997
18971,27.0,24.131999999999994
7849,27.6,29.188999999999997
5097,32.3,29.639999999999997
2616,25.8,24.57900000000001
6623,26.3,23.37899999999999
4775,23.1,25.519999999999992
4665,25.4,29.037000000000038
238,23.2,25.13
4593,24.7,23.717999999999996
8680,29.0,28.791000000000007
12205,24.1,27.784999999999997
13269,21.2,21.122000000000018
15762,28.8,25.47599999999999
11277,41.0,37.068
20372,35.3,31.435999999999986
18221,32.9,32.184000000000026
7516,25.2,27.215000000000003
16446,25.0,24.842
9320,28.6,33.96299999999999
18167,19.0,20.163999999999998
4585,25.9,25.91400000000004
2847,25.4,26.76599999999999
13171,24.1,27.794999999999973
20070,17.6,20.450999999999976
19278,22.6,24.947999999999997
9550,15.9,17.13600000000002
9444,28.9,30.136000000000017
1946,27.0,35.261000000000024
21875,25.0,28.363000000000007
19829,30.9,30.751000000000047
6820,18.7,22.15499999999999
10576,19.5,19.43900000000001
13580,30.5,30.094
3170,26.9,26.65200000000004
3385,34.7,36.44499999999998
4618,18.0,18.78
8736,56.8,29.861000000000008
21709,30.4,26.345999999999986
17642,23.2,25.171999999999997
5311,27.8,28.208000000000016
974,26.5,27.413
22352,23.3,23.312
4408,18.6,18.78099999999997
2154,27.6,24.550999999999995
11160,19.7,21.55999999999999
172,23.0,26.723000000000003
16107,21.8,25.581999999999997
16142,22.1,25.226000000000003
17193,25.2,26.69399999999999
19782,21.8,24.922000000000008
4269,23.5,26.603
2789,22.4,23.875000000000004
16259,19.3,27.24300000000001
2578,19.9,19.33200000000002
