,y_test,prediction
1110,24.2,24.254000000000005
1778,28.6,28.47
1958,26.8,27.049000000000007
3615,33.3,33.63400000000001
1516,28.1,28.06899999999997
1048,21.5,21.430000000000014
2879,28.0,27.765
870,25.7,25.977999999999984
1776,21.8,21.77800000000001
2823,24.8,24.741999999999994
601,19.8,19.86299999999999
1663,22.3,22.49900000000001
441,36.6,36.49999999999998
230,25.6,25.71499999999999
2124,21.7,21.76100000000001
1636,23.1,23.11
2206,32.0,31.866999999999994
1948,21.4,21.50700000000001
3332,25.9,25.82400000000002
1272,20.4,20.405000000000005
1329,29.0,29.115000000000023
4117,22.9,22.543000000000024
698,20.1,20.07399999999998
723,24.9,25.151999999999997
2364,31.8,31.88599999999999
3542,26.4,26.411000000000012
1568,22.0,22.087999999999997
1742,24.5,24.48100000000001
837,25.9,25.882000000000012
1918,23.8,23.85899999999999
3582,23.7,23.719000000000005
3363,20.9,20.944999999999997
3651,24.1,24.570000000000007
3375,29.3,29.257000000000012
197,32.7,32.681000000000004
2468,24.9,25.048999999999992
3994,25.7,25.787999999999997
3289,27.7,27.583999999999996
903,27.1,27.014999999999997
537,25.8,26.017
2341,22.4,22.58999999999999
2403,32.3,32.48600000000001
2781,26.1,26.155000000000005
508,26.8,26.740000000000006
411,27.3,27.308999999999987
3892,25.1,25.13099999999999
464,26.4,26.429999999999996
110,43.7,48.30800000000002
1802,24.5,24.546999999999997
3625,21.8,21.776
1152,32.9,32.95600000000001
3624,20.4,20.403000000000013
97,27.4,27.386999999999986
2292,26.3,26.264999999999997
2006,26.2,25.97
1062,25.7,25.445000000000004
2820,20.3,18.462
1843,23.9,24.046000000000006
3000,23.9,24.116000000000007
71,24.0,23.942000000000004
4120,43.6,44.08100000000001
2935,28.8,28.857
2368,24.8,24.633999999999997
310,19.3,19.369000000000003
3097,27.2,27.364000000000004
954,23.6,23.465999999999994
8,35.9,35.75599999999998
2765,29.1,29.00299999999998
3310,18.2,16.812999999999995
1376,23.3,23.36099999999999
206,14.5,16.561000000000007
1612,24.1,23.98799999999997
3009,26.1,26.08099999999998
2233,27.0,27.134000000000004
770,22.2,22.358000000000008
33,23.1,23.039999999999996
800,17.9,18.240000000000002
3808,31.9,32.06
1956,32.5,32.91199999999999
2400,24.9,24.97400000000001
4110,27.7,27.40699999999998
297,33.6,32.93399999999999
1171,23.3,23.289000000000016
316,24.2,24.121000000000002
2353,27.8,27.852000000000007
4021,38.4,38.85299999999999
3671,19.8,20.882999999999996
17,19.4,19.296999999999993
938,31.8,31.95700000000001
150,42.0,44.81900000000002
2138,23.9,23.89100000000003
1701,18.7,18.754000000000016
1307,26.5,27.023999999999983
1264,18.7,18.635000000000012
1267,25.1,25.333999999999975
167,21.6,21.610999999999976
3182,36.0,35.51100000000002
899,21.0,20.941999999999997
3497,24.6,24.474999999999987
2664,26.3,26.22099999999999
70,33.3,33.81499999999998
497,42.4,42.15400000000002
331,19.1,19.05799999999999
151,26.3,26.36400000000001
1543,22.3,22.27100000000001
1631,25.4,25.598000000000006
1566,24.5,24.487
2978,24.0,23.941
2573,22.3,22.24699999999999
3503,25.9,25.80099999999998
3067,35.3,35.84799999999999
2739,33.1,32.85099999999998
2942,21.4,21.276
185,30.9,30.719999999999974
2395,16.4,17.149
3687,22.1,22.207000000000004
468,22.7,22.63500000000001
603,19.6,19.347999999999995
871,25.9,25.91400000000002
1432,24.0,23.912999999999997
1620,20.1,20.194999999999986
2934,21.4,21.497000000000003
3354,20.5,20.455
1661,37.0,35.89300000000001
3570,17.1,17.366
3818,22.5,22.514
2121,21.8,21.71399999999999
913,42.2,41.858999999999995
1746,21.2,21.12200000000002
1576,17.6,17.785000000000004
2239,23.8,23.813999999999986
3239,25.4,25.217999999999996
413,18.8,18.77299999999999
14,26.7,26.50199999999999
2441,28.8,28.309000000000015
1888,26.5,26.620999999999995
1287,27.8,28.132999999999985
3163,33.6,33.64700000000001
3608,38.6,37.882999999999996
2375,27.8,27.775000000000013
2977,28.4,28.560000000000013
3261,26.1,26.272999999999996
3447,27.3,27.291
970,26.1,26.106999999999974
1182,29.6,29.738000000000007
435,21.5,21.413
554,29.7,29.715999999999994
2478,26.2,26.185999999999982
1024,34.0,34.118000000000016
3724,29.0,28.992000000000008
1322,26.4,26.246000000000016
315,23.1,23.069000000000003
2791,18.4,18.366000000000007
2260,23.0,23.038999999999998
1713,21.2,21.291
815,19.8,19.826999999999995
1887,20.0,19.975999999999996
1971,22.0,22.165
1366,23.7,23.643000000000008
1829,22.4,22.297000000000004
3379,33.3,36.833
2454,27.0,27.029
368,26.4,26.424
1467,22.9,22.868000000000023
1403,25.9,25.729000000000006
2295,19.1,18.862000000000002
670,31.8,33.33
133,19.8,20.054999999999993
1040,23.6,23.543000000000003
3705,27.1,27.091999999999988
3612,30.1,30.09400000000002
3766,22.5,22.406999999999996
2984,26.9,26.894000000000016
1194,21.9,22.05
1277,19.9,20.066000000000006
2490,22.3,22.247999999999998
3899,25.0,25.032999999999998
3199,21.6,21.75
180,32.4,32.643
2695,29.5,29.679999999999986
1477,21.0,21.091999999999995
2938,31.6,31.941000000000003
2346,22.5,22.508000000000003
3732,30.5,30.471000000000014
2106,27.3,27.451999999999995
567,25.1,25.067999999999994
809,22.3,22.40600000000001
1908,24.8,24.895
3534,22.6,22.76200000000002
885,23.4,23.10799999999999
4086,31.7,31.35
2707,18.5,18.551000000000002
3798,27.0,26.988000000000014
3226,20.9,20.946000000000016
2671,25.4,24.732000000000003
1347,28.2,27.913999999999987
1208,24.3,24.241999999999997
212,24.6,24.58399999999999
610,29.3,29.344000000000005
32,21.2,21.31400000000001
498,28.6,28.660999999999987
3942,26.0,25.84799999999999
3173,24.5,24.267000000000007
1825,22.2,22.328000000000007
271,20.6,20.666999999999994
1522,24.7,24.719999999999985
2607,35.3,35.38399999999998
1236,27.5,27.647000000000002
3696,17.6,17.924000000000007
3664,47.0,48.56300000000003
1654,20.7,20.898000000000003
309,34.7,35.19900000000003
514,26.9,27.177000000000003
2724,25.5,27.897000000000002
3392,22.9,22.834999999999976
1490,31.6,31.483000000000015
3801,17.3,17.429000000000002
326,22.5,22.59
2762,23.9,23.919000000000036
3308,24.9,24.685999999999993
1471,23.2,23.287999999999997
1880,26.9,26.854
2122,22.6,22.643999999999977
1302,26.5,26.631999999999998
541,20.8,20.720999999999982
3536,36.1,35.797
3559,22.5,22.503999999999998
1651,33.5,33.47200000000001
2407,26.0,26.293999999999997
2692,21.2,21.494
3889,30.0,29.786999999999992
1989,19.9,20.14799999999999
3507,44.1,44.22400000000002
3643,24.6,24.67399999999999
1764,23.7,23.579000000000004
2826,20.7,20.766000000000005
460,18.1,18.416999999999987
1330,23.4,23.316000000000034
2271,16.4,15.511999999999993
3684,21.4,21.17800000000001
1129,24.0,24.048
1101,22.0,22.075000000000003
1883,24.4,24.476000000000028
299,22.7,22.63400000000001
685,23.9,23.899000000000015
1355,29.5,29.324000000000026
675,24.7,24.806999999999984
45,28.9,28.91000000000002
2830,23.5,23.887000000000015
1622,20.7,20.66500000000001
1964,25.4,25.21099999999999
43,26.7,26.60799999999999
571,23.0,22.923
3561,20.7,20.732000000000014
2983,21.5,21.403000000000002
2993,40.4,55.01899999999996
3024,25.0,25.10000000000001
782,56.8,50.581
2329,23.4,23.54500000000002
2602,33.1,33.39100000000001
252,29.8,29.631999999999994
3650,29.0,29.201000000000004
530,19.2,19.226
710,23.7,23.729
1371,20.1,20.171999999999983
3936,18.7,18.907
2438,20.4,20.410000000000004
2668,23.3,23.365000000000006
4085,21.4,21.491000000000007
3221,23.2,24.396000000000008
319,32.1,32.626000000000005
3621,25.5,25.642999999999994
3830,27.5,27.684999999999988
3142,21.2,21.068000000000016
2661,29.1,29.126999999999985
2252,31.1,30.986999999999995
740,27.3,27.375999999999998
817,27.1,27.395
3825,23.2,23.316
2182,38.3,33.28999999999999
2992,31.9,32.09
1196,45.9,44.36400000000001
3700,26.5,26.651999999999983
2875,17.6,18.613999999999987
4052,20.1,20.259000000000007
2596,18.3,18.303999999999995
1819,34.5,34.152999999999984
2727,26.5,26.438
1141,28.0,28.174
558,26.4,26.47500000000001
1112,27.3,27.338999999999995
3537,20.9,20.970000000000006
687,30.1,30.009000000000015
3225,25.5,25.628999999999998
94,27.1,26.96499999999999
1897,24.7,24.632999999999996
547,19.5,19.441
3999,30.4,30.415000000000006
23,25.0,24.950999999999993
1523,26.1,25.96799999999997
2670,21.8,21.74599999999998
1824,24.4,24.45400000000001
2616,17.2,17.625999999999994
2894,23.9,23.89600000000001
3278,21.2,21.21400000000001
2097,25.0,25.06
1412,23.4,23.377000000000017
3099,23.2,23.105000000000004
3040,22.2,22.099999999999987
2027,27.3,27.708
3539,20.6,20.51599999999999
3921,22.7,22.944000000000013
1134,22.2,22.201000000000008
3177,33.8,33.02699999999998
2194,21.8,21.771
3185,29.4,29.327000000000016
3739,23.5,23.665000000000006
100,17.5,17.937000000000005
405,21.3,21.15599999999999
2048,18.0,18.201
1517,24.1,24.097999999999978
1667,31.0,30.94
599,28.4,28.391000000000012
121,44.5,43.596000000000025
1193,20.2,20.26700000000001
1200,20.7,20.734
157,27.8,27.60099999999999
474,26.6,26.786999999999992
3945,33.4,33.23400000000001
2238,28.4,28.65599999999999
306,24.7,24.696999999999992
1349,39.3,39.477000000000025
3973,26.0,25.97699999999999
493,25.7,25.79599999999998
3938,43.1,43.11100000000002
3963,37.3,37.416000000000004
2258,26.6,26.487999999999975
1269,26.0,26.026000000000003
241,25.1,25.15400000000001
3689,43.7,43.582
3563,21.1,21.101999999999993
1070,22.5,22.357999999999993
1405,22.9,22.86100000000002
1602,37.4,37.794
2394,27.7,27.862999999999985
1799,29.0,29.388000000000012
3090,26.1,26.16300000000001
3922,20.8,20.57399999999999
3861,17.7,17.816999999999997
804,18.6,18.725999999999996
580,22.5,22.598999999999997
1181,24.2,24.141000000000023
2880,28.0,27.758999999999997
3975,24.6,24.44699999999998
647,23.8,23.76299999999999
1243,16.7,17.126000000000005
2543,32.9,32.727
1102,27.2,27.156
178,15.6,15.842000000000008
2126,27.5,27.42399999999999
1401,19.7,19.676000000000013
3630,28.0,28.055999999999994
51,19.3,19.329999999999988
2890,25.0,25.296000000000003
1841,24.8,24.749000000000006
74,61.4,60.59400000000001
1123,22.3,22.586000000000002
2458,20.6,20.96900000000001
2507,26.8,26.799000000000007
2442,18.4,18.488999999999997
2253,28.1,28.355999999999984
2321,26.8,27.225
909,28.7,28.93299999999998
1281,24.1,24.060999999999964
975,27.8,27.962000000000018
2339,27.5,27.214000000000002
1937,23.2,23.329999999999995
2508,32.6,32.559999999999974
158,19.7,19.531000000000002
2674,22.9,22.839000000000024
2390,25.2,25.32
982,23.9,24.189999999999994
52,35.0,35.52699999999999
2280,20.7,20.799000000000007
221,22.3,22.172999999999988
887,19.2,19.130000000000006
26,23.8,23.807000000000006
2635,43.9,44.035
752,22.7,22.745999999999995
3764,20.1,20.22299999999997
215,23.7,23.563000000000006
2895,27.4,27.274999999999988
1339,23.7,23.690000000000005
2003,24.3,24.159999999999997
2416,24.6,24.662000000000003
1561,27.4,27.309999999999995
322,24.5,24.647
417,27.6,27.525999999999996
2801,23.8,23.864000000000004
3415,26.9,26.76
1806,22.6,22.817999999999994
1508,21.9,21.866000000000007
1430,33.0,33.007000000000005
1047,26.0,25.836
145,24.0,23.969000000000015
3548,36.6,36.732
1067,33.0,32.766
3673,27.9,27.681000000000004
3858,30.5,31.087000000000018
1012,31.9,31.814000000000018
2583,22.6,22.423999999999996
44,26.0,26.097
1913,28.5,28.513999999999992
895,23.5,23.47300000000001
3953,30.9,30.483
4044,25.2,25.328000000000003
2084,20.7,20.824000000000016
2591,20.8,20.757999999999978
356,20.2,20.19200000000001
604,30.4,30.230999999999995
3287,22.9,22.87200000000002
4034,25.0,25.064
3706,19.4,19.58100000000002
1155,25.2,25.119000000000018
4129,20.3,20.205
877,29.7,29.43300000000001
2185,32.5,32.22699999999999
2089,41.0,40.568999999999996
1170,22.8,22.983999999999995
1872,30.1,30.140000000000004
984,21.3,21.184
1600,21.8,21.491000000000003
257,30.8,30.815000000000005
3048,25.9,25.817000000000004
2432,22.1,22.1
1596,56.8,47.90500000000001
1033,21.6,21.557999999999996
2489,30.5,30.662999999999993
761,20.2,20.393999999999995
2469,24.0,23.875000000000004
1850,24.8,24.798
1833,24.7,24.63899999999999
955,26.1,26.063
3925,18.4,18.439000000000007
4047,19.3,19.357
2579,24.9,25.000999999999998
292,21.3,21.216999999999985
2689,22.4,22.437000000000022
1740,24.0,24.007999999999978
135,36.0,36.45699999999999
1797,26.5,26.463999999999995
894,21.3,20.693999999999992
2756,19.6,19.548999999999985
3623,28.4,28.58699999999996
264,29.0,29.307999999999996
1781,25.8,25.835
1624,31.0,31.119
1707,18.9,19.018
2036,36.2,36.077999999999996
4137,21.5,20.86500000000002
56,30.8,31.07600000000002
3479,25.8,25.843000000000004
2340,23.0,22.87699999999999
1180,30.1,29.880999999999993
2310,24.5,24.563
1579,22.3,22.238999999999987
796,31.1,31.316000000000003
1555,25.2,25.146000000000004
466,36.7,36.95699999999997
1816,23.0,23.005
2531,24.3,24.458
3476,22.7,22.673999999999996
3579,24.5,24.552000000000003
396,25.5,25.552999999999994
2449,36.8,36.16900000000001
1486,22.9,22.825000000000003
171,32.7,32.61000000000001
1882,29.9,30.15
2279,35.2,35.137000000000015
1298,52.9,47.61900000000002
3322,22.0,22.002000000000002
3821,17.1,17.481000000000012
3998,34.7,34.614000000000004
3126,34.5,34.347
189,33.1,32.913000000000004
1053,22.6,22.789999999999996
12,23.4,23.436999999999994
3502,24.3,24.145000000000014
3200,23.3,23.283000000000012
323,14.5,14.858999999999995
660,31.0,31.188999999999997
2318,24.9,25.02700000000001
1853,24.7,24.802000000000003
504,29.8,29.746000000000002
353,28.8,29.019999999999996
3795,26.8,26.682000000000002
2158,39.8,42.188
4075,28.0,28.105999999999984
3084,21.5,21.546999999999993
1525,28.5,28.274999999999977
2383,23.2,23.508000000000006
3124,24.1,24.10099999999998
3020,18.4,18.636000000000003
3330,28.9,28.925000000000008
1186,24.6,24.462999999999983
1229,24.5,24.406999999999996
1114,24.9,24.906000000000017
2886,25.2,24.888
239,28.3,28.365000000000006
175,34.0,33.81300000000002
916,25.0,24.977999999999987
3005,25.5,25.507999999999978
2678,30.8,30.897000000000027
2904,23.3,23.314
1383,18.3,18.472000000000005
1228,23.5,23.324999999999992
1318,24.5,24.482000000000006
2559,26.6,26.36100000000002
4060,25.3,25.322999999999997
1959,20.0,20.147
228,22.5,22.572999999999993
3958,23.8,23.598999999999993
2682,19.6,19.51899999999999
3102,25.8,25.86699999999998
3645,21.8,21.926999999999992
184,28.7,28.837000000000007
3803,29.3,29.375999999999994
1009,36.8,36.56699999999998
489,22.4,22.263000000000016
1610,33.0,33.08999999999999
2474,38.2,37.090000000000025
140,22.5,22.618000000000006
267,25.7,25.652
3091,31.8,31.82599999999999
3347,24.5,24.534000000000002
64,26.7,26.65700000000001
3635,27.8,28.021
1748,27.4,27.689
1851,22.1,22.076999999999998
2155,21.2,21.22500000000002
2298,17.0,17.574
3962,26.4,26.491999999999997
3970,54.9,50.64300000000002
3769,37.9,37.80899999999998
1704,20.7,20.769999999999992
1750,15.9,16.111
3568,19.9,20.176999999999996
2146,34.4,34.02399999999999
3807,24.4,24.293000000000003
1050,25.8,26.121999999999986
280,28.3,28.51600000000001
3224,23.2,23.276000000000003
1437,33.8,34.03600000000003
360,26.2,26.13499999999999
2948,26.3,26.754000000000005
300,20.7,20.815000000000012
1416,20.1,20.050999999999977
2828,25.7,25.375000000000018
757,20.2,20.25800000000001
3362,30.0,29.912000000000006
3227,23.3,23.497999999999983
418,21.8,21.601999999999986
4003,26.3,26.639
3490,37.2,37.67600000000002
3350,25.4,25.40999999999999
3528,22.7,22.631000000000014
2594,26.1,26.421999999999997
4026,27.1,26.92
1999,24.8,24.70999999999999
3749,44.9,47.94500000000002
3611,23.6,24.312999999999985
863,23.8,23.956000000000003
1346,22.0,22.148000000000007
1402,19.7,19.596000000000014
1221,23.2,23.531000000000002
2926,18.5,18.903000000000006
58,20.4,20.25000000000001
77,29.7,29.667999999999985
370,23.8,23.827999999999992
835,28.5,28.430000000000028
1553,24.5,24.581
2539,16.2,16.85000000000001
2738,31.6,32.159
3055,30.0,30.796999999999997
2915,29.6,29.76900000000001
2463,23.4,23.55
2464,24.3,24.23599999999999
4094,22.0,22.019000000000005
1871,26.3,26.225999999999996
2499,18.9,18.965000000000007
125,41.6,41.67199999999998
3773,23.2,23.17899999999999
2181,19.7,20.552000000000017
2647,22.2,22.352000000000004
2357,32.4,32.61699999999999
2498,24.9,24.968000000000032
432,25.4,25.52100000000002
3752,23.1,23.113999999999983
2251,36.1,35.299
2213,34.9,34.386000000000024
1623,22.9,24.079
1212,29.9,29.610000000000014
750,22.3,22.370999999999995
2304,29.7,29.772000000000006
3111,24.5,24.609
390,28.0,27.969
30,26.7,26.848999999999993
1028,21.7,21.888999999999996
204,27.8,27.742999999999988
681,25.2,25.28499999999999
4018,24.8,24.744000000000007
3634,66.4,65.02100000000002
918,19.7,19.694000000000003
3244,29.5,29.552999999999987
2841,23.8,23.82599999999999
2782,24.6,24.97000000000001
481,19.9,19.765000000000015
2451,23.4,23.349000000000004
3844,24.1,24.13599999999998
446,26.1,25.978999999999992
2672,41.5,42.166000000000004
1446,26.1,26.274999999999995
818,24.5,24.826999999999995
193,28.1,28.107000000000006
570,24.5,24.482999999999997
1345,24.6,24.645000000000003
1637,24.1,24.06399999999998
6,35.2,34.52900000000001
442,14.5,14.966999999999999
290,28.7,28.55100000000001
1090,33.8,33.83899999999999
3652,21.3,21.136999999999997
1241,22.9,22.877999999999993
3566,30.6,30.58799999999998
1007,25.7,26.14800000000001
1421,28.4,28.680999999999973
3155,21.3,21.360999999999994
2034,28.5,28.557000000000013
695,25.6,25.723000000000017
2574,25.1,25.18499999999999
1415,28.4,28.547000000000022
195,22.8,22.783
453,24.7,24.608
1304,23.2,23.212999999999997
1195,22.0,22.090000000000003
29,28.3,27.68399999999999
3396,24.0,23.906
3409,26.0,25.885999999999985
1560,22.9,22.84699999999998
2735,23.4,23.32700000000002
1119,31.4,31.40899999999999
1754,22.8,22.799999999999983
3087,21.4,21.590999999999998
3418,39.0,38.474
1100,34.6,34.76900000000001
3855,21.1,21.193
808,29.8,30.09599999999999
1460,29.3,29.410999999999998
3424,18.2,18.217
223,22.6,22.57399999999999
737,34.5,34.218
2415,25.9,25.90500000000001
577,20.2,20.228
1324,27.4,27.314000000000007
3526,24.4,24.39399999999999
3467,26.8,26.806000000000004
1927,43.7,42.30200000000001
1800,31.7,31.577000000000016
725,34.0,34.033
81,23.4,23.27299999999999
258,42.2,40.581000000000024
296,24.0,23.81599999999999
1431,23.1,23.05899999999999
3701,30.4,30.270000000000024
1197,21.1,21.205999999999996
1608,20.5,20.312999999999988
1023,24.9,24.987000000000013
3745,23.4,23.394999999999996
1116,29.2,29.152000000000015
3062,26.6,26.579999999999977
3145,26.7,26.66500000000001
1676,18.8,20.41099999999999
2143,23.7,23.702000000000012
2981,18.8,18.89100000000001
1215,21.8,22.186999999999994
4099,25.7,25.543999999999993
1625,23.8,24.692999999999998
1058,27.3,27.237999999999996
1789,23.1,23.159999999999986
3913,28.4,28.576000000000022
868,26.3,26.494
659,27.5,27.619999999999994
2900,28.1,27.951000000000004
3698,25.1,24.986999999999984
1245,21.2,21.14300000000002
2303,42.7,42.15000000000002
414,28.1,28.355000000000008
739,24.1,24.039000000000005
1077,22.1,21.96899999999999
3935,25.6,25.661999999999992
1546,33.4,33.51099999999998
2487,25.7,25.58400000000001
875,24.8,24.740000000000006
3648,31.0,31.292
662,24.2,23.989999999999995
2108,23.7,23.85800000000001
767,23.2,23.178
824,25.5,25.656999999999986
849,24.6,24.927
1250,19.7,19.770000000000003
2042,30.2,30.16299999999999
153,26.5,26.683000000000003
1429,19.1,19.107999999999993
3101,21.6,21.634999999999973
2025,43.1,43.06300000000002
103,37.0,36.745000000000005
2299,16.7,15.259999999999991
3968,28.1,28.37500000000001
240,24.7,24.816
1542,32.2,32.141
848,23.3,23.048999999999992
109,23.0,23.109999999999985
1684,33.4,34.14699999999998
791,19.5,19.402000000000005
822,22.9,22.85100000000002
1770,20.2,20.356999999999992
1685,18.9,19.142999999999986
2627,26.5,26.461
2745,24.9,24.99500000000002
2922,24.5,24.545000000000005
2226,20.8,20.74999999999998
1983,23.1,23.10699999999999
333,19.1,18.858999999999995
816,22.9,22.905999999999995
844,18.0,17.918999999999997
3345,20.9,21.101
3295,30.2,30.194000000000003
3990,25.3,25.599
3616,33.2,32.983999999999966
3393,30.4,30.243000000000002
1120,34.7,34.183999999999976
1136,24.7,24.701999999999988
2588,25.9,25.587999999999994
2175,20.7,20.807000000000002
3636,29.0,28.624000000000013
3286,25.3,25.271000000000004
1574,27.0,26.993999999999993
2966,21.5,21.335000000000008
1642,26.6,26.427999999999997
3366,33.3,33.601999999999975
2409,22.8,22.80399999999999
1669,17.8,17.62500000000001
3049,38.6,38.57399999999998
3703,28.0,28.01599999999998
557,27.7,27.601
1933,25.8,25.84099999999999
3550,21.7,21.820999999999998
2471,22.2,22.145000000000003
2774,20.9,21.300000000000004
1031,22.7,22.351999999999997
3341,28.7,28.65799999999998
2754,21.2,20.856000000000012
1672,27.3,27.188999999999982
1218,23.1,23.213999999999977
2767,26.3,26.092
921,21.8,21.788000000000007
823,33.2,33.318000000000005
758,21.1,20.923
2986,26.0,26.287
3116,16.9,17.30999999999999
1790,20.2,20.570000000000004
2068,18.2,18.721
1331,28.7,28.546999999999997
4037,23.6,23.493
2102,26.8,26.87400000000001
3788,35.4,35.21800000000001
1063,19.2,19.154
735,28.4,28.345000000000027
1680,19.6,19.456999999999997
3120,50.2,50.10800000000005
727,25.7,25.45100000000001
3023,23.7,23.625999999999994
3877,22.7,23.093000000000004
3778,25.0,25.10900000000002
1657,24.9,24.921000000000035
3243,26.6,26.428999999999984
2731,16.1,17.063000000000002
1837,39.2,39.859
347,33.8,33.40099999999998
4069,29.7,29.47500000000001
2728,25.7,25.734
1168,25.5,25.58000000000001
2856,30.6,31.100000000000005
3423,31.4,33.324
813,26.3,26.180999999999994
4046,24.5,24.462000000000003
1436,23.8,23.94599999999999
1698,17.8,17.727000000000007
2589,25.0,25.002000000000002
3076,21.8,21.723000000000006
179,26.5,26.480999999999995
2056,23.5,23.579000000000004
3966,18.6,18.74500000000001
793,20.0,20.228000000000016
2710,25.8,25.813000000000002
3259,23.0,23.002
3912,27.1,27.050999999999995
1497,26.0,25.723999999999997
2834,30.5,30.278999999999986
25,23.9,23.897000000000038
2690,56.4,49.21200000000001
3944,33.4,33.10600000000001
1074,23.0,23.108000000000008
174,22.8,22.942999999999994
1921,21.2,21.232000000000014
3187,23.7,23.636000000000003
332,24.1,24.200999999999986
1563,22.8,22.909999999999986
433,27.8,27.770000000000017
2949,29.8,29.68000000000002
2113,24.6,24.515999999999984
1081,36.5,37.056999999999995
1521,32.5,32.147000000000006
482,22.5,22.611999999999995
2080,22.4,22.253000000000007
