,y_test,prediction
12800,23.2,31.91669664019389
3782,22.5,22.796037292337083
14713,37.1,33.511333667303326
16817,28.6,30.985838737479078
9726,42.6,34.542491930533764
5094,49.0,30.831998585912345
17320,21.6,27.135115591980345
19085,50.1,33.817331379120695
21798,24.8,26.70079700615792
15044,26.1,25.517285807249543
5671,26.0,25.260492384444348
2604,25.5,26.157283355879564
13143,28.8,24.108495942811274
5916,34.6,39.984379223526794
10393,22.1,26.48792488908159
5749,22.6,20.7871252767249
8362,24.2,23.18905832494856
4928,26.2,29.930703767811863
22355,23.4,28.242273215216322
3646,31.6,29.20291232555629
482,26.6,28.20136826961985
12118,31.1,26.34484483999441
9070,37.0,31.39744544631931
21776,23.9,26.12960579459581
787,28.4,29.03271015512776
12269,21.8,24.740754659426216
19903,27.9,25.968266068793028
9304,18.9,22.82408607876907
8495,22.7,25.355951980993225
4749,22.0,24.980715287505
7998,29.3,32.12798081340196
11088,22.5,23.281778218047783
1316,21.6,24.21301771075715
5261,29.7,25.98742690038209
22374,20.6,26.023853652074905
20991,26.3,25.921745913930494
14934,20.2,19.934972280955378
14227,29.4,25.782997667846104
13622,23.7,29.494253611999213
21618,24.6,23.767067018665458
8925,25.4,24.58826583767943
17534,18.4,20.914648518940147
20974,20.7,26.199190049452184
12594,21.8,29.99062784844778
5403,24.1,25.60645875367652
4348,30.6,27.21228303356849
3877,20.4,21.58044028360242
5876,20.9,25.198851166168836
2027,25.5,25.5995723779117
19174,26.0,25.061805695498087
13081,28.7,32.84286531941174
15512,26.2,27.21793475669032
18594,26.0,27.47542242628642
7813,39.9,30.268117398103463
13330,22.2,19.956151080488247
21750,24.0,28.062286433915098
19614,30.1,28.040232773876255
345,24.2,23.560633470705667
12729,24.3,25.178122732288493
17369,27.8,30.092539071655466
11025,36.2,27.971977850414888
1561,18.8,21.927313100737244
8760,37.4,36.040902055126885
19484,35.7,30.246877888914526
6382,24.5,28.11163596532964
916,21.6,24.743720007674426
9016,33.8,27.71279175553473
19033,25.8,20.69095863776179
17078,25.3,25.104980403235267
18338,33.3,28.582654606714343
11819,24.4,25.745972589295846
7303,39.3,30.505515992137433
14276,29.8,26.45826821828576
17752,28.0,29.55873276853096
5594,21.4,25.651807751273644
7003,22.8,43.81481683674132
19787,22.3,25.811943648871512
3904,24.2,27.51052292274523
10774,31.2,27.10744171136396
10620,20.3,23.019593019459712
12190,29.0,28.155398516894003
17570,24.8,21.476467648681798
8609,23.4,24.495271944973176
8008,23.9,26.16901633111523
14833,26.5,28.479565929141216
5832,19.9,26.667984265870558
14060,24.8,27.45820109014035
786,28.4,29.03271015512776
17556,24.0,21.917510232887516
7510,21.6,20.583578294555387
15018,20.9,25.72666176225909
19662,40.6,37.88754201421789
1508,39.1,29.53467200806498
17257,26.2,27.240870451842596
4877,32.8,36.56541018792766
89,20.7,23.566927716405694
4968,30.5,26.513389023638197
14484,21.6,23.81520472502683
18453,30.5,26.15955551728385
8869,20.1,23.914433625637535
1288,38.2,28.505880661732803
3592,26.1,29.00548869107272
1974,22.6,24.58471161869935
9219,18.3,20.677355409542685
16195,34.3,31.81971096918869
16231,25.3,30.325362272993765
350,20.1,23.060448110387284
648,44.5,32.58830344008357
1733,24.7,26.30166705192962
21977,19.3,23.543975179895604
2006,33.8,28.80903936341356
1592,38.4,39.22462187094445
21689,33.9,26.476876721476387
13958,24.9,27.630322288186285
13018,30.5,26.8755584499077
4346,30.6,27.21228303356849
21228,19.0,21.25805043281654
14160,29.2,23.788163473020944
21407,43.1,32.03844263879071
9492,21.8,26.265900165149212
19476,35.7,30.246877888914526
10198,26.3,25.8688627772111
5639,27.3,29.608724159993265
9848,23.8,22.984796527344436
822,20.3,19.060413539810504
4932,17.7,20.201569943457123
10406,24.5,27.008648725341303
3480,24.9,30.309860069700534
10139,21.1,27.14794714018226
15553,17.6,23.03844546132877
250,34.4,24.35440047794139
14324,24.0,22.67306818044665
19340,23.2,26.05791799725204
12345,26.3,27.469116861310397
7916,19.3,25.722549419734136
7467,40.8,29.978689776254456
9879,31.0,25.10067134589486
7506,22.3,27.1851625296341
21615,18.3,21.05449386816592
9758,20.2,26.175689994244586
18935,26.4,27.954070661782616
11238,22.0,22.44952927702716
19525,25.8,23.687750565143894
17789,35.9,30.54829198272521
1535,21.2,25.025121480391356
15021,25.9,29.218586837742002
11546,23.7,24.411303124545995
20265,24.9,25.44477644678895
10785,30.8,28.594596376424683
16936,27.2,30.207465251300363
19807,21.3,23.042696427899422
1604,24.7,24.795649945994
21080,23.1,28.013751051695714
9643,21.0,21.505837896239214
18567,27.3,28.747559231275893
2944,29.1,28.994229017914577
34,35.2,26.008371504521307
6755,26.6,29.305151751735465
11878,24.7,27.77359982729429
5414,30.1,25.74011915392343
8647,43.3,29.1128364175591
6536,25.1,27.18099646566931
9098,17.8,19.27496258473247
20196,22.0,27.41159449501727
14487,21.4,26.09686440463453
18625,20.0,20.097637242481348
4786,21.1,24.52300722605152
5612,21.7,28.661785250938408
10500,25.8,27.466303961580138
4312,24.4,29.08310172117332
5812,30.0,29.18454003805376
121,26.7,25.0625589863171
2174,25.2,25.22884763885523
1375,42.2,29.026535485552394
16793,28.0,25.849471434604773
7010,24.2,24.40076903335111
21916,27.2,33.683549832449906
60,24.1,22.75739271140526
11036,31.7,28.233807243566865
16287,19.2,24.58722333229486
14677,25.1,29.389490199905076
13876,17.2,22.66911613845499
2668,23.3,30.765988354180983
12703,24.8,24.607174043153286
12258,19.6,24.311199230132573
7144,23.1,26.288639344850253
18341,21.6,23.567665884584926
17839,22.9,25.102202716682818
9261,17.8,16.812447681774024
11564,34.4,31.605462614787164
22008,18.5,21.603704389747683
1261,26.2,23.998706263331883
4343,30.2,28.525563816461997
20862,23.9,24.366562055301678
4667,25.4,30.30655814250946
16371,26.1,32.104465359646824
9221,25.5,27.051509616293835
2036,31.1,25.65778470484453
3554,23.5,28.6871539554403
13440,17.9,19.8029006415423
16076,21.6,25.578200589971146
3549,23.8,27.720712121405064
21276,23.4,20.688399546230215
12352,19.1,24.269050454897773
2190,28.5,26.19939016055254
18160,38.6,28.68943379876265
8965,19.3,24.711236069949678
20754,23.7,22.51728298074884
757,31.6,27.509160364614374
13257,41.5,29.795744871241396
15905,27.1,27.09499771239019
17988,18.2,20.12285239855069
2959,53.7,40.50714789984388
21263,23.4,27.5387155836766
20989,26.3,25.921745913930494
5538,36.6,31.679969111934263
3343,29.0,25.19684082150752
10571,21.4,23.457607763570884
11022,20.7,24.99354614653015
5049,26.4,27.530074305355313
19319,31.4,24.58531551020858
15166,33.4,29.560233281364937
2825,24.0,24.466234483514
9710,25.8,26.57803870834777
19494,45.4,31.030939973999615
20910,20.6,26.37117363663635
18520,28.4,30.30544450512935
1473,28.7,25.054376480342015
17461,27.8,29.82735785045776
9480,24.9,25.090818884751457
12593,21.8,29.99062784844778
9911,34.5,28.796221974509955
2191,28.5,26.19939016055254
1957,34.9,34.797247793345356
16624,25.3,26.58484763861174
9629,27.5,28.689119982738774
10563,25.6,28.040289138197338
18774,20.7,23.563672321438453
9571,24.2,22.88445638591024
14608,29.5,29.788594577763952
21383,32.4,32.10613941884553
13655,33.7,29.291180224180813
13632,30.4,25.974450418698765
992,28.7,29.00768861421573
4602,24.7,27.446140300017007
19858,23.8,27.026761614641927
10616,20.0,23.978828656390206
11973,19.7,21.022437795754577
9186,24.8,23.860001065962408
7289,24.3,26.925223094763147
10430,38.2,33.798697890593495
6954,19.3,21.618690191589913
4104,30.8,29.870937208173615
4797,34.0,31.789051344777278
3861,20.1,21.684809080604317
10005,45.4,31.347546470785694
21265,24.1,28.48189981934552
4121,21.6,27.986475746626482
1215,24.2,21.434254389886014
22181,20.2,22.57701354389213
18184,37.1,32.91086846161527
9133,36.5,32.2402296847896
17548,21.2,24.024900442014797
10061,31.2,26.18187539102469
19451,25.5,34.27519398500613
18883,21.2,25.175072688237286
8826,27.6,26.774639050463115
2323,26.1,23.815825057116342
367,29.7,24.244434651244816
11470,21.7,25.09374695059119
6540,23.1,22.656012692475933
16550,35.3,30.407663433749114
18254,48.8,35.4278678528977
2896,20.8,22.721385017084202
4571,19.3,22.06111979604492
13366,26.2,23.050311120285464
2726,26.8,25.20297609736793
10102,27.3,27.88490637179678
17666,26.1,24.57394164978227
8599,23.2,27.696020007687387
15055,16.2,17.019145492782243
10009,24.1,17.76066187655953
5190,30.7,26.74703135438243
19040,19.7,21.90856801131241
22189,22.7,25.4213877764235
22144,17.1,23.630424827000013
13732,27.6,24.92527584613886
17659,23.0,23.743690996824853
5135,24.0,25.109411624554845
1698,24.5,25.930634944790768
21039,31.4,27.13249213512308
20254,22.3,23.640032935815853
1270,28.3,25.920730603731847
12931,24.5,22.913045047358835
7324,25.4,26.922238118077466
18768,23.1,23.776160448702342
5788,23.0,24.91577957260818
17379,27.5,26.51696067680065
21494,32.8,24.577660683527753
4318,23.9,28.102602771587243
15488,23.2,23.301489893069544
22202,27.7,32.950625365524786
18244,24.5,23.872215656927857
7390,23.7,28.566878707440985
7300,28.3,39.47137341057449
1780,19.8,23.026937418530743
3569,20.4,19.984288637800432
19276,22.6,25.38584861382291
3625,24.2,26.450488739480136
1204,20.1,20.78961953295461
16384,23.0,23.688819854390417
1214,24.2,21.434254389886014
20867,30.2,30.477679419104938
12095,23.3,21.529084794243843
2282,24.2,28.039773850433242
1286,28.3,27.1547137456199
19522,39.9,29.55042530306627
13774,23.5,28.91224244814631
8530,18.9,22.861162562914316
5870,25.9,23.666089400134453
18067,18.7,30.775941084175102
12731,24.3,25.178122732288493
7360,44.3,30.61413593605247
4013,25.7,30.92793356870594
4362,22.9,25.691510463979903
1481,22.4,25.57615772516506
1639,19.3,20.7885930331597
7172,16.6,12.475153149290612
19255,32.8,28.25143704797282
19125,19.6,20.28278936920448
5883,27.1,27.72569654371444
19997,15.5,21.785627436462484
13077,22.1,23.283983548751678
4613,21.9,28.81141886989468
7359,44.3,30.61413593605247
18515,41.8,28.5124189271395
21003,30.5,32.30796130490137
15877,31.6,26.34393939075037
6514,27.2,24.483778722130303
4161,20.2,22.177841133770947
14176,43.8,31.60844505263607
9995,21.5,22.4259174957984
14776,25.7,25.19929331184121
6608,24.5,28.817037125610547
19237,16.5,18.940013090094233
10836,23.6,26.15829378173015
6114,22.2,40.26455228066896
7183,30.4,31.24394134915429
16574,23.8,29.505672433785016
22293,28.0,29.2473285979758
7121,25.9,26.437918467348574
1187,16.6,19.023154945135623
656,59.8,42.73085252301315
4326,29.0,29.7367696653777
10930,23.7,24.781698057957975
2857,21.6,21.537908284300705
8191,26.0,21.009166824421072
1868,26.2,26.606937751445393
1402,23.1,22.158435167293263
5676,54.5,31.712322053006623
22286,30.3,31.798190226353356
10399,22.7,23.769660305909206
7032,52.9,28.879168015412745
15332,21.2,21.94269413182448
16390,23.0,24.007385517508418
7651,28.4,29.475971719832003
14456,41.5,32.21058746406198
19755,23.5,25.946200625533017
1991,36.5,31.6975102120431
4079,27.3,30.83639730084274
12324,22.7,24.23189802090618
6548,23.2,28.508457240396574
13630,30.4,25.974450418698765
12098,32.6,27.87859811820185
2702,29.1,27.704272805334035
14591,21.2,24.54659266695697
11425,27.5,28.37888135077101
7182,30.4,31.24394134915429
18078,17.3,18.53620302331648
12202,24.1,24.189080007902525
10697,28.2,25.917097797216293
4438,25.4,26.807175819815413
5991,29.1,25.40319251994992
10550,54.0,33.805313884406594
587,43.7,34.841836690785165
18522,19.7,24.371676040735395
21404,26.3,26.89710000929945
5172,21.0,25.075770641325185
18250,24.7,28.659239479983086
20849,40.9,30.116732246319778
3993,28.3,25.483851319278465
14449,21.8,21.903033437163316
5485,36.8,32.64438380944038
8969,26.6,22.652555623076708
17630,27.9,24.24449700280492
9044,26.7,28.911084121738682
1666,35.2,29.263760041082513
3120,26.1,28.440371575638878
12059,19.3,21.394166805804808
13769,32.7,26.28361167490229
14369,29.1,26.893345380055145
16576,22.7,19.210120892519328
9126,36.5,32.2402296847896
18299,31.2,25.037502898564902
11207,44.5,32.47564468267824
17399,25.0,24.401307805060895
15263,31.4,29.943006612671873
19211,32.8,26.289783635900342
8136,40.4,32.83256583266817
15046,26.1,25.517285807249543
2316,27.5,27.934588788025223
6938,21.6,25.697214152441283
17813,26.0,28.36543297020541
17611,21.7,24.070026626227715
8453,26.0,26.670921102752573
20735,23.5,25.076695142152147
8929,39.6,35.443035730678865
4759,25.7,27.894690751743184
4062,33.0,26.371812629165262
1033,23.1,22.396726459479567
16504,21.3,18.284233870084826
13467,17.1,18.80801233907779
15634,25.0,46.926384427922734
5262,29.7,25.98742690038209
21283,23.5,27.405339746747245
3500,23.6,28.321883946104066
20884,29.8,30.899717531945882
10371,25.7,23.94968455277745
10044,20.0,18.459139325687204
8003,35.4,30.833461717139436
4619,18.0,21.18248049143154
6302,23.9,29.37678171616733
8023,27.3,29.55388720966561
18636,39.0,32.12803085190733
3042,27.5,26.640764226287352
4784,24.8,30.620296688027075
16209,23.7,24.532499973629015
11793,23.8,24.63064511024973
19599,40.1,27.615411474712673
4796,34.0,31.789051344777278
21379,28.9,28.93714031680667
7488,27.4,24.76388689499519
8482,15.7,21.037359512221258
7153,25.8,33.290582884849236
8591,22.0,22.830178358400424
5806,19.6,22.656531859825442
936,26.0,25.897412804628033
22270,27.4,27.50708152592736
21901,20.5,24.54119616141731
1665,35.2,29.263760041082513
3738,24.1,25.268902284375763
8605,27.0,23.617420162254653
1053,36.7,29.454912413983088
13634,20.4,20.916061082078684
16291,43.1,29.533281718080232
20458,27.4,29.21922501299119
3204,22.0,27.0881501123054
9351,23.7,22.104416177004012
8933,26.2,24.422991236501026
10580,24.2,23.605180242234475
19833,30.9,31.093322303616986
17428,19.0,21.251487369253418
20618,26.8,24.394523984768718
7607,25.4,26.23701287201427
3149,27.8,28.054589614849014
2158,17.0,20.848503267982196
9262,17.8,16.812447681774024
14620,20.0,27.656808219477604
21181,30.0,27.192375231738325
17241,26.4,26.494365342554822
486,21.1,28.208607935919986
21158,20.4,20.683246164715072
12402,32.6,31.069099678779985
18686,31.3,25.503876798641933
15839,26.1,26.94909026750203
4180,28.2,24.72428220703629
20396,18.4,20.856902457931845
5863,24.8,29.005524515519426
1726,31.3,28.230399075123493
2136,28.1,25.934432008408642
16796,23.7,26.401620800612243
18188,28.7,27.422681357002325
21425,24.5,28.0599775364433
8946,17.6,21.735460549171982
1649,34.4,26.45335759207191
21631,24.5,25.28560544769236
506,27.4,29.399887930628708
16176,21.5,24.66193742128712
8646,43.3,29.1128364175591
106,23.8,22.440722159635953
8348,26.1,26.39519741301074
5477,23.6,28.70401395610711
21190,25.1,22.520565122018112
19050,35.9,32.37447623547321
18675,26.2,26.250622136524214
1032,23.1,22.396726459479567
14502,30.8,26.602464258646826
6599,23.5,25.340237340470722
13647,22.2,26.757568088349316
12328,24.1,23.75855698647048
6100,22.0,26.287677414978326
11701,25.7,25.428762885404737
6619,19.9,20.37703274571428
4185,24.8,23.870916252163582
17132,29.4,28.180594201464594
10486,23.7,25.412562113075765
3007,29.4,27.130731037742805
14846,31.6,28.043641646643756
21576,26.0,25.695375892218557
12908,29.4,32.95875499562298
15956,21.6,23.44558122316345
16479,31.2,27.669477671117747
14505,46.1,33.481087029258376
12976,31.6,28.1929038328191
6177,20.2,26.991361732485146
6887,31.3,29.068106456403584
10641,26.9,30.845582506959865
13598,29.1,25.074203462172235
20500,24.3,28.17648761924145
411,20.9,23.89384096004965
13479,28.4,29.173850093600436
18232,20.9,19.632933556250926
12596,23.5,23.211475593469913
17030,29.6,32.561861807022225
286,26.7,26.973121975433422
8807,20.5,21.05522020729301
19871,47.0,37.01870094074585
15863,24.9,26.754252829990918
9870,19.5,22.780250742226066
1209,22.6,24.186044063895473
2325,26.1,23.815825057116342
9454,32.4,29.21651105776857
1783,23.6,24.997800174792772
19347,30.6,30.305865815940095
12959,22.3,24.60946913473633
13695,16.2,21.75197343304216
1047,25.0,28.27251378884317
22164,26.5,27.464869360182483
1466,21.8,22.06028613568199
6370,32.8,27.83639030305607
15909,29.1,26.55789042870498
11152,25.9,38.750688430968644
19957,25.1,25.70650797508776
13755,37.8,34.23588183807055
12020,15.7,21.727522031667128
8508,23.9,25.442430880674713
6618,23.2,25.92243488377531
4884,32.1,30.768814230507886
8357,44.3,38.70483957276374
2135,28.1,25.934432008408642
19806,24.1,28.327226916132325
22024,24.0,29.039714988288843
21561,54.9,35.179915135070594
17166,23.5,24.901774976758624
13014,20.5,22.726888160666732
21543,32.0,25.91069021324798
8016,23.9,25.048643384997597
736,18.6,23.683300738102275
2904,41.5,25.72731767213982
21852,21.9,27.657252974432204
17618,25.5,25.103153898853783
7150,26.4,24.273818534193225
5230,28.9,33.264420757593406
13175,31.7,32.02585492120202
15944,26.3,29.93527961817542
5793,22.9,25.27522141439279
20014,22.1,27.10186499896586
18099,24.8,20.99927624440722
9569,22.8,24.17166086342786
12091,26.1,29.896982431482428
12367,35.0,27.954437125291918
9647,34.5,26.066828682311424
10814,30.9,25.992876228333955
1853,34.9,30.757699220750425
8133,40.4,32.83256583266817
1797,24.8,25.331671770649443
10557,24.1,24.478223090334154
15881,19.5,23.190459500774885
16310,22.3,20.83732132833402
3074,23.0,28.81126507961055
1075,34.2,30.84461910756881
18279,24.3,30.171756335748952
18858,23.7,23.305565632952586
9497,35.4,31.51478296814264
5160,19.9,20.87351253510272
984,22.4,24.1089610614577
21103,24.9,26.41190375953827
13976,25.0,29.69429364378979
10553,22.2,27.058064090523786
12428,25.2,26.506532842053403
14436,23.3,20.705823419112946
10880,21.5,30.03475895149144
4148,21.1,22.449175962988612
9114,19.4,24.35568400123173
7769,24.0,25.08460933810254
18208,22.0,26.13353718535741
20990,26.3,25.921745913930494
10173,29.3,27.15505038864601
1208,22.6,24.186044063895473
14604,18.6,21.45144625764045
2020,27.7,28.330373619299685
15720,31.9,35.088436530186065
9238,21.6,23.97648820585716
6070,23.5,23.101788760518254
15681,21.7,25.53803228403718
2439,19.8,22.55453336890936
15444,30.6,29.128185612448803
13696,28.1,31.25489669992666
3990,27.9,26.201752128445413
17220,29.0,29.539697747330578
14936,21.2,25.13901174881736
4647,23.3,26.60560576000435
13559,29.5,31.41059072491403
2898,20.8,22.721385017084202
8955,24.1,25.64858366993704
22231,24.1,27.68352227117753
3193,24.7,33.10867988931578
14177,43.8,31.60844505263607
2293,27.2,26.83386186131247
14159,29.2,23.788163473020944
17535,18.4,20.914648518940147
8120,25.4,26.066938981726793
8061,24.8,23.793709201699315
16711,22.2,35.77693981725955
1879,34.5,29.995930964327023
4678,17.0,25.129078409864377
14448,21.8,21.903033437163316
2644,37.5,29.489222858434424
7047,26.5,28.592726804301968
20582,23.6,27.966053191285752
16126,19.6,26.25257284282545
12772,19.3,23.249382948571416
505,27.4,29.399887930628708
19152,21.9,24.07125611290124
16112,21.5,23.494108244705835
17021,25.9,23.55152975281748
2758,21.5,22.267943096225764
4436,19.9,24.951526464115346
19759,48.8,34.854703263706135
5131,31.7,31.672778513255437
10396,29.0,25.088045863320147
7376,25.1,29.574847375615178
13363,20.7,26.50413718781818
15910,29.1,26.55789042870498
5567,18.7,21.369945420754476
6285,25.4,23.15022466739496
1630,19.3,20.7885930331597
18941,22.1,25.628464148950805
4275,27.2,28.059914498728673
2071,21.3,28.541120850890316
1809,33.8,25.662026457773045
5977,24.2,27.98307565840077
825,26.5,27.61448932349972
2913,29.1,26.01754600095942
678,23.9,22.452132898622132
10455,23.7,25.581125359700465
22368,25.6,27.649859711022465
9856,25.4,27.718228666364205
21005,17.7,16.79340402609759
2229,27.8,28.623551094605475
4699,25.7,28.792340900791373
5285,26.1,28.68868420465855
13333,29.1,28.78067298178845
20240,35.5,30.654147841711975
1862,29.2,24.36703241355376
19798,19.6,18.526543928713373
21763,25.5,28.65515242334608
14433,47.8,32.562879637420686
9006,21.9,22.304084903874276
14640,29.8,35.79434460443323
8595,25.2,23.142267637224492
1799,33.9,34.265171890679675
3613,27.5,25.986106927465933
13043,20.5,27.051805302719146
21785,29.9,31.803056250672917
16220,31.4,31.53321456179694
1801,33.9,34.265171890679675
3906,24.2,27.51052292274523
2642,22.2,23.864743474169778
6930,41.6,32.78878274758987
15611,23.5,21.006000620682023
18325,20.9,23.104130849119784
14056,22.7,19.871996838812343
1162,23.4,21.511886535465244
9564,24.9,28.920880873888237
1325,28.0,24.124354112107532
6064,27.8,24.467705091225646
15135,22.6,26.74306227205492
2324,26.1,23.815825057116342
5797,33.0,31.292358773162988
6345,29.3,29.039829087810034
2954,29.7,30.345033512084676
15880,19.5,23.190459500774885
8673,27.8,29.843604144234533
3172,25.6,23.69230858012861
1848,24.5,22.784602713163324
15692,33.9,28.130657573449213
1200,22.3,24.63134946965738
21278,27.1,27.882912130083092
11912,27.7,25.830356310096093
15308,21.1,23.9640052640882
1085,25.3,45.4771048829783
8014,23.9,25.048643384997597
11226,24.2,26.236358803546146
5533,27.9,29.699900827821935
20380,35.3,30.67522186924822
20912,29.2,32.62667515906134
11158,19.7,22.63131383868471
5565,30.9,29.321619959769727
4501,22.9,24.677698964954942
19261,37.6,32.2311634525454
4582,25.4,27.016187997841563
10637,25.4,25.906750419339858
20270,30.5,26.604671145708515
2745,19.4,22.504925024114307
3676,27.0,27.744462828009326
15469,24.4,28.425384252960463
5181,23.3,19.58481349670005
13904,16.9,19.444383805132702
11285,20.7,24.657152202440365
4815,19.5,26.68716989555375
6086,37.9,29.05477099047703
8799,25.6,31.34580339744828
4411,21.9,23.200774010149253
21697,23.3,26.23493968486048
8005,35.4,30.833461717139436
19867,18.5,18.485885195199728
16988,29.4,27.659447596824783
12979,31.6,28.1929038328191
8726,27.5,28.82933188818798
297,23.1,24.08233563070788
14924,20.1,22.346177989704685
7110,36.6,30.372705328872755
11126,38.6,32.6788613856697
8053,20.4,26.278127404746613
10474,43.7,28.424944298381433
20141,29.6,26.759126683715287
5405,20.4,23.17926759851693
19665,25.5,29.9555463406125
986,22.4,24.1089610614577
6320,22.8,23.78602113684564
20340,28.5,23.537626080997086
15167,33.4,29.560233281364937
7514,21.9,24.63644006326048
14118,35.9,30.179999194790675
10295,35.6,31.215714066886235
68,44.6,30.762964608258535
16612,26.7,23.258625232991548
20836,28.4,23.632744307884956
12209,22.5,26.26195898213512
1716,25.4,23.867368710611522
7611,27.1,27.570454360551963
136,21.6,27.679947450673872
6124,24.6,25.196460904842183
15294,20.7,19.223307827431817
8967,24.3,20.00992667220182
19449,20.9,23.867112409104152
21081,23.1,28.013751051695714
2842,24.0,22.765214925953956
17188,28.1,22.571852691884565
17986,29.8,30.28007565156308
10410,27.5,25.573013754536206
19180,24.7,20.931529800117588
14651,29.8,29.985025678417493
11431,26.0,37.47506601987711
18569,27.3,28.747559231275893
21998,31.5,28.878972270751163
7014,14.7,19.36953832845056
14962,23.4,23.674952049041465
9123,18.8,24.199505217743415
4335,22.5,25.284166226545175
15856,28.8,35.47378905700311
4150,21.1,22.449175962988612
394,23.4,25.127370918297068
21303,27.7,27.83239674220404
9503,23.7,22.411740405302176
3498,23.6,28.321883946104066
14646,22.8,22.13095524389221
14112,23.6,24.033442147756155
4390,17.9,21.333782526442732
2849,24.8,23.957183532279984
17060,26.9,25.14152446230751
6365,24.2,26.352944440087754
689,40.3,29.032633038031285
22002,20.1,18.853299975510907
7699,25.5,25.51075745593245
10460,24.8,31.520655104557264
11565,30.6,30.292706564026616
19074,26.8,28.340753061962857
21906,22.2,23.557668155403753
10482,27.9,26.45463408525535
13210,27.0,23.92803366843583
1843,28.8,25.345217215067585
3428,20.2,20.671779732607213
18727,25.2,24.905540653187096
10677,26.0,28.653993374894966
18690,21.4,19.975987879103542
8282,22.1,25.58145365024943
20271,30.5,26.604671145708515
4285,18.2,20.72977046340103
108,28.7,29.096235545231167
13398,22.8,24.58830063014966
19619,30.1,28.040232773876255
14270,43.9,32.21134423775499
17513,27.1,30.034654332161935
13975,25.9,26.29968683231214
13582,28.4,28.409479736043465
18722,34.6,31.81496225310496
4284,18.2,21.334346800896213
8257,24.4,22.75697501357108
7497,24.5,23.684064745193986
4676,23.0,22.148734328564423
475,26.6,28.20136826961985
14170,27.8,30.295544251752318
3606,25.8,21.468891123910417
11184,22.0,27.6377708061003
19148,20.1,21.70654931581464
9742,25.6,28.312764027105615
10723,24.4,25.098392840835956
6119,35.1,29.311736761476787
5597,32.4,30.706658849422702
14584,22.2,21.58273209136874
13353,17.9,25.207881833083412
18629,27.4,25.288375876512376
14804,22.1,26.658978660741965
521,34.5,26.37560220898159
22353,23.3,24.67404401346895
19275,32.1,28.276107289733375
19091,18.8,25.77163128319703
4152,24.7,28.185491607594884
9955,24.4,24.802138804685796
3176,31.0,40.07866129973451
15243,35.2,31.473713017184366
21767,24.7,28.561593101675264
19279,23.5,26.52104558397005
6358,20.2,18.878947149341407
13332,29.1,28.78067298178845
15164,23.8,22.83597138294838
6276,25.6,25.005861747129103
11263,20.7,25.4729114892829
6889,27.0,28.500655915513512
17598,20.2,23.292459984163848
20672,23.1,28.381167868881
10742,35.6,26.944443166497443
21177,22.7,21.374455155261217
13858,25.7,26.59460485715541
18131,25.9,28.544941403626602
14672,44.0,29.308671551522984
14910,24.1,26.704137229049003
7662,32.8,25.085166452054203
14617,24.1,27.742727227876202
3182,29.0,29.241202162569834
8479,28.6,28.092957320743068
14444,26.4,24.872084685853686
17614,43.4,30.484126587354247
10076,22.5,26.281170176691063
1248,27.8,30.32398935045466
2867,25.8,32.53869936828242
22136,23.6,22.564170883541323
14932,20.2,19.934972280955378
18101,27.5,25.63935442908413
8746,46.1,25.861489107381885
21246,18.4,21.838548632432115
16438,25.7,26.075499576007097
1138,30.1,23.604607543902475
12115,36.1,35.11705867819375
8240,38.1,38.45002572796472
9736,25.5,24.16337536617283
19060,25.9,30.522943263425702
5024,28.1,28.59247819379288
997,30.9,24.71852573437313
14621,20.0,27.656808219477604
5492,20.2,16.37255047270782
14309,34.7,25.80470198200276
19808,21.3,23.042696427899422
17595,22.7,26.218727471698138
20498,20.7,17.535198103536445
5222,21.0,22.670114702880937
8553,27.7,28.385341619660572
6912,19.9,19.93238901666914
20656,17.3,20.222594627266126
5726,26.0,26.952121502438594
174,25.2,30.37441566273162
6095,17.0,8.483349285142943
2889,30.0,25.43784297940558
3266,19.8,18.128561507746753
20341,28.5,23.537626080997086
1695,29.4,30.190288358717076
14120,20.5,23.3645289916671
22263,22.0,25.582192407674555
10566,27.6,25.32108186376678
10636,25.4,25.906750419339858
12395,24.9,31.841645088171333
19350,30.7,29.690439188128728
7547,22.8,20.41704951144508
17729,26.0,27.84838268316031
717,21.0,26.198148288965676
3184,17.9,17.09646664966848
11507,39.2,33.75867401884636
2161,22.5,23.361827046253893
21118,27.7,28.277079536127147
1693,31.2,25.962399992418476
10124,31.5,42.32111401570338
15149,31.3,27.44352579008111
5281,23.7,27.635721444699712
20383,24.1,27.669055543382775
19288,28.3,32.49192197487108
52,31.2,29.419601559659796
430,23.5,29.67618668062704
16289,40.1,29.588837920904638
859,27.8,29.493079563341055
17980,24.9,21.348086832471388
2395,18.1,20.276775436003675
5478,23.6,28.70401395610711
977,32.4,32.52229078301305
20539,20.5,27.053228601225783
20006,33.5,29.094450796590117
10228,22.4,22.59529815694289
22113,31.0,26.749731426381594
18642,26.6,28.492042152855817
16509,24.0,25.12276652263359
15241,40.6,28.31236715513132
15028,30.1,26.03872405750795
11281,33.4,27.696852195805135
3647,31.6,29.20291232555629
5886,22.2,18.094286491176916
18136,17.4,21.55897602546797
2434,28.4,25.749865113009882
1682,24.1,25.057424923333457
9858,25.4,25.869179447963653
17904,26.6,30.158231614326887
7072,25.7,26.225090821312783
16152,31.9,27.879974393428412
15329,21.2,21.94269413182448
4377,20.9,25.45024235970699
2436,22.7,21.558439146727018
4701,25.7,28.792340900791373
1115,14.5,19.49950471303797
3298,29.7,27.783213340955854
246,30.5,27.140340603070918
9981,35.8,27.346653570705485
7177,27.7,28.38339635573965
5773,17.7,20.964402171772733
4124,21.6,27.986475746626482
844,20.5,23.559648286137453
3382,23.8,23.536122403200544
19870,47.0,37.01870094074585
4424,29.8,28.509252796386953
10923,29.6,23.455581787730566
10232,19.6,25.06662965497854
13242,20.6,26.860866506600267
21981,34.2,29.26761592829618
22242,24.1,21.680571579528447
13949,29.9,29.319131632545343
7745,19.9,21.779167090646922
5953,24.2,29.387049919795572
2800,33.9,24.98732160644633
2687,28.6,25.104839689215666
11489,27.1,25.1040394150614
21143,18.7,24.76137756527067
9612,20.2,24.3524269899384
17300,31.2,25.779129140291417
11230,24.2,26.236358803546146
1201,22.3,24.63134946965738
12365,35.0,27.954437125291918
15760,26.6,29.351985202192267
12664,24.2,26.319929528131702
13784,23.6,25.529790033368926
10956,20.3,22.04610860768414
15038,28.6,30.27269962255656
6050,38.3,26.901757454910083
17186,28.1,22.571852691884565
16202,25.5,25.33103416807284
2054,32.7,28.913871254564683
10107,27.2,26.428609448182506
10662,25.8,27.693612405365506
6531,24.2,26.642689272406926
13122,25.4,24.4958286614847
21384,32.4,32.10613941884553
21212,26.0,26.875118145281263
17815,26.0,28.36543297020541
8471,27.0,29.241853802924595
22132,28.0,28.94800548518611
5068,19.9,25.289821554516934
7369,28.4,31.129118644785784
4060,33.0,26.371812629165262
20143,26.0,27.286929138083565
939,22.8,22.323220033728454
190,26.0,28.915584991105597
15385,20.8,22.128071242778326
17936,31.6,26.091918852755427
17396,36.7,31.49120777044657
6182,24.6,24.919253870922667
15640,25.1,28.01834147712826
11615,26.7,25.9294601843634
9047,22.8,25.633889733206495
10390,19.8,20.669480057389016
9331,23.4,41.55590985882045
14044,23.1,24.45327070658542
20353,23.4,25.892516363770312
18421,24.7,28.66933514894982
14669,18.5,22.062199752817385
7471,35.9,31.191004492902948
11659,28.1,26.914472440084417
7623,18.3,17.862229774451933
5310,27.8,30.190808115218154
20696,32.4,30.83111527546422
5813,30.0,29.18454003805376
12265,30.4,38.28869481928346
1412,26.3,28.00241340765237
10578,24.2,23.605180242234475
18927,26.4,27.954070661782616
13247,23.2,25.565116015004087
21979,19.3,23.543975179895604
9146,24.4,25.859172811571547
13925,25.8,21.04503842952667
18159,38.6,28.68943379876265
13520,23.0,27.765272088451034
9777,24.3,32.38086866393242
14117,21.0,23.137763701106955
19265,30.1,31.15279406415658
13825,25.9,26.367524184096006
1617,27.0,26.71803579719785
12346,18.4,23.435148297345663
7945,26.0,23.26670319460176
4107,23.7,22.269437336531162
10515,24.8,23.42714984350058
5756,30.0,36.034124143528594
14332,22.2,25.264051174385372
4653,31.1,28.98938821870982
17697,27.3,28.65944454202272
15296,26.3,29.112414146846497
16353,21.1,22.91438871006308
16224,18.0,23.304856209478366
19611,23.6,28.877075939990476
1078,32.3,33.052894241488666
1401,23.4,26.473397385525317
9914,34.5,28.796221974509955
9083,40.0,28.79259562302218
1759,29.4,24.580752007623303
11241,22.4,26.964438267504818
1811,26.6,30.108787693112234
3133,22.5,23.51901778035178
15495,20.9,23.580414754008522
7056,23.2,24.689265274525503
99,25.0,25.917310989925404
20781,23.6,29.207511080486398
22367,25.6,27.649859711022465
5428,28.1,29.54539548723433
9009,25.6,25.262913340881113
14653,20.8,21.80061572593771
12652,19.1,18.404021619055833
19779,20.6,27.807244219362588
12745,27.8,29.28612796215627
19434,24.2,25.39502711301091
5989,29.2,28.1561182786675
5874,26.8,23.463667425874867
18678,24.5,30.487024627777423
8203,23.7,25.30284412728733
8972,25.8,27.45673337953778
17239,29.4,29.838767548532807
17433,24.8,22.91923309052224
21165,25.5,20.250020215850668
18393,52.1,33.092848058944654
22090,23.2,23.902439647029162
11730,21.9,26.249963475311134
923,23.2,22.040317051758528
1344,35.7,28.89378916077986
22204,22.0,23.47455944719836
16277,29.8,28.51900887376518
1520,30.5,28.1476841831507
17157,31.9,26.475006050829705
9260,17.8,16.812447681774024
11091,26.5,26.959219653275518
21872,23.9,21.233774482156107
12203,24.1,24.189080007902525
14175,20.6,23.58737122779401
18971,27.0,22.438998926841464
7849,27.6,29.308459862464787
5097,32.3,31.319461683936133
2616,25.8,24.768829529646624
6623,26.3,26.593665864664253
4775,23.1,28.47286015211499
4665,25.4,30.30655814250946
238,23.2,19.234191942586712
4593,24.7,24.359776617843096
8680,29.0,24.580610472206416
12205,24.1,33.65163103204079
13269,21.2,23.52500410263513
15762,28.8,28.65822616852664
11277,41.0,34.62464966848382
20372,35.3,30.67522186924822
18221,32.9,32.189321971051335
7516,25.2,25.760467461841536
16446,25.0,25.016983101915926
9320,28.6,30.562089110158063
18167,19.0,22.050186159379145
4585,25.9,29.097300398299772
2847,25.4,24.453704689768976
13171,24.1,28.873419121470775
20070,17.6,25.94857455583297
19278,22.6,25.38584861382291
9550,15.9,22.80531039366428
9444,28.9,31.552248932573264
1946,27.0,30.227575946126613
21875,25.0,30.04909444721477
19829,30.9,31.093322303616986
6820,18.7,24.284944622403813
10576,19.5,19.45446588800752
13580,30.5,23.248423412683685
3170,26.9,30.10925960789489
3385,34.7,32.517876035234856
4618,18.0,21.18248049143154
8736,56.8,30.353316866091525
21709,30.4,28.79383737524094
17642,23.2,24.578259087246003
5311,27.8,30.190808115218154
974,26.5,31.26507275636014
22352,23.3,24.67404401346895
4408,18.6,17.647189526701986
2154,27.6,23.833715993264335
11160,19.7,22.63131383868471
172,23.0,19.641636870168163
16107,21.8,25.94493442042888
16142,22.1,25.34792459111239
17193,25.2,28.3540674967092
19782,21.8,25.87376567917054
4269,23.5,27.966012593244464
2789,22.4,22.699164693071552
16259,19.3,25.909802635114374
2578,19.9,20.720370159009484
