,y_test,prediction
1110,24.2,24.12
1778,28.6,28.657999999999983
1958,26.8,26.828000000000003
3615,33.3,33.99199999999999
1516,28.1,28.01099999999997
1048,21.5,21.530000000000005
2879,28.0,27.803999999999988
870,25.7,25.69199999999999
1776,21.8,21.868000000000023
2823,24.8,24.701999999999998
601,19.8,19.84399999999999
1663,22.3,22.420999999999996
441,36.6,36.49999999999997
230,25.6,25.598999999999982
2124,21.7,21.756000000000004
1636,23.1,23.153
2206,32.0,31.875999999999998
1948,21.4,21.560000000000006
3332,25.9,25.89700000000003
1272,20.4,20.46700000000002
1329,29.0,29.099
4117,22.9,22.936000000000018
698,20.1,20.011999999999965
723,24.9,25.06500000000002
2364,31.8,31.82800000000001
3542,26.4,26.37300000000001
1568,22.0,22.032000000000004
1742,24.5,24.479
837,25.9,25.90000000000002
1918,23.8,23.906999999999993
3582,23.7,23.739000000000015
3363,20.9,20.92300000000002
3651,24.1,24.365000000000006
3375,29.3,29.258000000000017
197,32.7,32.73800000000002
2468,24.9,25.039999999999992
3994,25.7,25.749999999999986
3289,27.7,27.60899999999999
903,27.1,26.952999999999985
537,25.8,25.791999999999994
2341,22.4,22.493999999999996
2403,32.3,32.52400000000001
2781,26.1,26.087999999999976
508,26.8,26.747000000000018
411,27.3,27.34299999999998
3892,25.1,25.04700000000001
464,26.4,26.383000000000017
110,43.7,43.606000000000016
1802,24.5,24.541000000000004
3625,21.8,21.770000000000014
1152,32.9,32.80700000000001
3624,20.4,20.41800000000002
97,27.4,27.357000000000006
2292,26.3,26.262999999999987
2006,26.2,26.06099999999997
1062,25.7,25.49400000000001
2820,20.3,17.049999999999994
1843,23.9,23.96600000000002
3000,23.9,24.045000000000005
71,24.0,23.969
4120,43.6,44.432000000000016
2935,28.8,28.743000000000006
2368,24.8,24.679999999999996
310,19.3,19.332
3097,27.2,27.33200000000001
954,23.6,23.514999999999972
8,35.9,35.766000000000005
2765,29.1,29.11299999999996
3310,18.2,16.375000000000007
1376,23.3,23.312999999999988
206,14.5,16.134000000000004
1612,24.1,24.09799999999996
3009,26.1,26.08099999999997
2233,27.0,27.13900000000002
770,22.2,22.32500000000001
33,23.1,23.06699999999998
800,17.9,18.02
3808,31.9,32.04000000000001
1956,32.5,32.47400000000002
2400,24.9,24.958000000000002
4110,27.7,27.51499999999999
297,33.6,33.22099999999998
1171,23.3,23.263
316,24.2,24.195999999999998
2353,27.8,27.79500000000002
4021,38.4,37.833999999999996
3671,19.8,20.605
17,19.4,19.304000000000006
938,31.8,31.881000000000007
150,42.0,42.99100000000002
2138,23.9,23.896000000000043
1701,18.7,18.781000000000013
1307,26.5,26.950999999999986
1264,18.7,18.79500000000001
1267,25.1,25.14599999999999
167,21.6,21.604999999999976
3182,36.0,35.90400000000001
899,21.0,21.051000000000013
3497,24.6,24.504999999999978
2664,26.3,26.202999999999992
70,33.3,33.80300000000002
497,42.4,42.24200000000002
331,19.1,19.071999999999996
151,26.3,26.497000000000003
1543,22.3,22.270000000000003
1631,25.4,25.527999999999988
1566,24.5,24.493
2978,24.0,23.90899999999999
2573,22.3,22.267999999999997
3503,25.9,25.77999999999999
3067,35.3,35.39200000000001
2739,33.1,33.02899999999997
2942,21.4,21.350999999999996
185,30.9,30.572999999999976
2395,16.4,16.953000000000003
3687,22.1,22.18000000000001
468,22.7,22.69100000000001
603,19.6,19.442999999999998
871,25.9,25.893000000000033
1432,24.0,23.980999999999995
1620,20.1,20.21199999999998
2934,21.4,21.452999999999992
3354,20.5,20.433000000000003
1661,37.0,36.187
3570,17.1,17.136000000000006
3818,22.5,22.506
2121,21.8,21.74099999999999
913,42.2,42.64199999999999
1746,21.2,21.161000000000016
1576,17.6,17.604999999999997
2239,23.8,23.77599999999999
3239,25.4,25.25299999999997
413,18.8,18.775999999999986
14,26.7,26.701999999999984
2441,28.8,28.362
1888,26.5,26.607
1287,27.8,27.99299999999998
3163,33.6,33.48600000000001
3608,38.6,38.76699999999998
2375,27.8,27.76100000000002
2977,28.4,28.32800000000002
3261,26.1,26.269999999999982
3447,27.3,27.291999999999998
970,26.1,26.067999999999973
1182,29.6,29.605000000000018
435,21.5,21.537000000000003
554,29.7,29.795999999999985
2478,26.2,26.167999999999985
1024,34.0,34.01
3724,29.0,28.92900000000001
1322,26.4,26.200999999999993
315,23.1,22.878000000000007
2791,18.4,18.381000000000018
2260,23.0,22.994
1713,21.2,21.316999999999993
815,19.8,19.916
1887,20.0,19.944000000000003
1971,22.0,22.006000000000004
1366,23.7,23.642000000000007
1829,22.4,22.365000000000006
3379,33.3,36.05500000000001
2454,27.0,27.072000000000006
368,26.4,26.398000000000035
1467,22.9,22.90100000000003
1403,25.9,25.74
2295,19.1,18.97700000000001
670,31.8,33.17000000000001
133,19.8,19.811999999999976
1040,23.6,23.47400000000001
3705,27.1,27.035999999999994
3612,30.1,30.147
3766,22.5,22.429000000000016
2984,26.9,26.84000000000001
1194,21.9,22.05300000000001
1277,19.9,20.01800000000002
2490,22.3,22.30699999999998
3899,25.0,25.025
3199,21.6,21.69099999999999
180,32.4,32.556999999999995
2695,29.5,29.70699999999999
1477,21.0,21.056999999999995
2938,31.6,31.913999999999998
2346,22.5,22.509
3732,30.5,30.597000000000012
2106,27.3,27.44299999999997
567,25.1,25.08599999999999
809,22.3,22.445000000000004
1908,24.8,24.838
3534,22.6,22.71800000000002
885,23.4,23.525
4086,31.7,31.66100000000001
2707,18.5,18.493
3798,27.0,27.105000000000015
3226,20.9,20.92000000000002
2671,25.4,25.477000000000007
1347,28.2,28.123999999999977
1208,24.3,24.381000000000004
212,24.6,24.54799999999999
610,29.3,29.20700000000001
32,21.2,21.236000000000008
498,28.6,28.65199999999998
3942,26.0,26.031999999999986
3173,24.5,24.494000000000018
1825,22.2,22.32500000000001
271,20.6,20.673000000000005
1522,24.7,24.698999999999998
2607,35.3,35.382999999999996
1236,27.5,27.66800000000001
3696,17.6,17.38700000000001
3664,47.0,46.53600000000002
1654,20.7,20.791000000000007
309,34.7,34.91800000000003
514,26.9,27.06
2724,25.5,25.92700000000001
3392,22.9,22.906999999999975
1490,31.6,31.726000000000013
3801,17.3,17.161
326,22.5,22.607000000000003
2762,23.9,23.897000000000034
3308,24.9,24.798
1471,23.2,23.22699999999999
1880,26.9,26.782000000000007
2122,22.6,22.643999999999984
1302,26.5,26.59500000000001
541,20.8,20.75999999999998
3536,36.1,35.793
3559,22.5,22.5
1651,33.5,33.504
2407,26.0,26.123999999999995
2692,21.2,21.334
3889,30.0,30.03799999999998
1989,19.9,20.188999999999986
3507,44.1,44.83300000000002
3643,24.6,24.61999999999999
1764,23.7,23.690000000000005
2826,20.7,20.707000000000004
460,18.1,18.289999999999985
1330,23.4,23.388000000000037
2271,16.4,15.720999999999998
3684,21.4,21.240000000000006
1129,24.0,24.011
1101,22.0,22.010000000000005
1883,24.4,24.372000000000035
299,22.7,22.672000000000008
685,23.9,23.90400000000003
1355,29.5,29.323000000000043
675,24.7,24.698999999999998
45,28.9,28.70700000000001
2830,23.5,23.768000000000008
1622,20.7,20.76900000000002
1964,25.4,25.23499999999998
43,26.7,26.71999999999998
571,23.0,22.973999999999997
3561,20.7,20.765000000000015
2983,21.5,21.408000000000005
2993,40.4,40.491000000000014
3024,25.0,25.089000000000002
782,56.8,48.59200000000001
2329,23.4,23.506000000000018
2602,33.1,32.95300000000001
252,29.8,29.72299999999997
3650,29.0,29.09500000000001
530,19.2,19.235999999999997
710,23.7,23.696000000000005
1371,20.1,20.151999999999976
3936,18.7,18.806000000000008
2438,20.4,20.35799999999999
2668,23.3,23.342999999999996
4085,21.4,21.471
3221,23.2,24.224000000000018
319,32.1,32.537000000000006
3621,25.5,25.702999999999996
3830,27.5,27.63800000000002
3142,21.2,21.18300000000001
2661,29.1,28.96699999999997
2252,31.1,31.032999999999998
740,27.3,27.328000000000003
817,27.1,27.346000000000018
3825,23.2,23.20499999999999
2182,38.3,33.53299999999999
2992,31.9,32.025000000000006
1196,45.9,44.220000000000006
3700,26.5,26.645999999999994
2875,17.6,18.380999999999993
4052,20.1,20.46300000000001
2596,18.3,18.48400000000001
1819,34.5,34.43
2727,26.5,26.546000000000006
1141,28.0,27.932000000000006
558,26.4,26.477000000000004
1112,27.3,27.35
3537,20.9,20.936000000000014
687,30.1,30.078000000000003
3225,25.5,25.535000000000004
94,27.1,26.963999999999977
1897,24.7,24.69400000000001
547,19.5,19.50800000000001
3999,30.4,30.395999999999994
23,25.0,24.925999999999984
1523,26.1,26.067999999999962
2670,21.8,21.707999999999988
1824,24.4,24.456999999999997
2616,17.2,17.458999999999993
2894,23.9,23.893000000000033
3278,21.2,21.22200000000001
2097,25.0,25.088999999999995
1412,23.4,23.400000000000023
3099,23.2,23.197000000000006
3040,22.2,22.090000000000003
2027,27.3,27.594000000000005
3539,20.6,20.54499999999998
3921,22.7,22.882999999999992
1134,22.2,22.234000000000016
3177,33.8,33.35999999999999
2194,21.8,21.73400000000001
3185,29.4,29.526000000000018
3739,23.5,23.556000000000004
100,17.5,17.857999999999997
405,21.3,21.25699999999999
2048,18.0,18.191999999999997
1517,24.1,24.085999999999967
1667,31.0,30.942999999999998
599,28.4,28.395000000000014
121,44.5,44.441000000000024
1193,20.2,20.27500000000002
1200,20.7,20.752000000000002
157,27.8,27.743000000000006
474,26.6,26.730999999999973
3945,33.4,32.984
2238,28.4,28.386999999999997
306,24.7,24.737999999999996
1349,39.3,39.606000000000016
3973,26.0,25.74199999999999
493,25.7,25.643999999999984
3938,43.1,43.42100000000003
3963,37.3,37.45100000000001
2258,26.6,26.519999999999968
1269,26.0,25.831000000000003
241,25.1,25.15600000000001
3689,43.7,43.215000000000025
3563,21.1,21.046999999999993
1070,22.5,22.389999999999997
1405,22.9,22.853000000000012
1602,37.4,37.98800000000001
2394,27.7,27.75699999999998
1799,29.0,29.43100000000001
3090,26.1,26.143000000000015
3922,20.8,20.756999999999977
3861,17.7,17.914999999999992
804,18.6,18.62900000000001
580,22.5,22.613999999999997
1181,24.2,24.148000000000014
2880,28.0,27.787999999999993
3975,24.6,24.557999999999975
647,23.8,23.769999999999996
1243,16.7,17.034999999999997
2543,32.9,32.75099999999998
1102,27.2,27.26899999999999
178,15.6,15.775
2126,27.5,27.508999999999993
1401,19.7,19.629000000000016
3630,28.0,28.035999999999987
51,19.3,19.39599999999998
2890,25.0,25.03400000000001
1841,24.8,24.745999999999995
74,61.4,56.55300000000002
1123,22.3,22.466999999999995
2458,20.6,20.81000000000001
2507,26.8,26.76700000000001
2442,18.4,18.345
2253,28.1,28.217
2321,26.8,27.213999999999988
909,28.7,28.675999999999977
1281,24.1,24.074999999999967
975,27.8,27.938999999999997
2339,27.5,27.392
1937,23.2,23.195
2508,32.6,32.66399999999997
158,19.7,19.477999999999994
2674,22.9,22.883000000000035
2390,25.2,25.201999999999998
982,23.9,24.02099999999999
52,35.0,35.242999999999995
2280,20.7,20.790000000000024
221,22.3,22.205999999999996
887,19.2,19.224000000000004
26,23.8,23.776999999999994
2635,43.9,44.34500000000003
752,22.7,22.774
3764,20.1,20.17599999999997
215,23.7,23.684000000000005
2895,27.4,27.267999999999997
1339,23.7,23.666999999999998
2003,24.3,24.20199999999998
2416,24.6,24.642999999999986
1561,27.4,27.370999999999995
322,24.5,24.57599999999999
417,27.6,27.619000000000014
2801,23.8,23.875999999999994
3415,26.9,26.882999999999978
1806,22.6,22.78899999999999
1508,21.9,21.941000000000017
1430,33.0,32.880000000000024
1047,26.0,25.996999999999993
145,24.0,24.039000000000005
3548,36.6,36.552000000000014
1067,33.0,32.86500000000001
3673,27.9,27.787000000000006
3858,30.5,30.666000000000018
1012,31.9,31.717000000000038
2583,22.6,22.483999999999995
44,26.0,26.017999999999997
1913,28.5,28.647000000000002
895,23.5,23.589000000000002
3953,30.9,30.737000000000016
4044,25.2,25.359999999999985
2084,20.7,20.71400000000002
2591,20.8,20.76399999999998
356,20.2,20.206000000000014
604,30.4,30.321999999999985
3287,22.9,22.937000000000026
4034,25.0,24.972
3706,19.4,19.622000000000018
1155,25.2,25.11500000000001
4129,20.3,20.248999999999988
877,29.7,29.425000000000004
2185,32.5,32.24899999999998
2089,41.0,40.82900000000001
1170,22.8,22.812999999999988
1872,30.1,30.099000000000004
984,21.3,21.314999999999994
1600,21.8,21.7
257,30.8,30.76699999999998
3048,25.9,25.814000000000014
2432,22.1,21.992999999999984
1596,56.8,48.46300000000001
1033,21.6,21.516000000000005
2489,30.5,30.66600000000001
761,20.2,20.235000000000007
2469,24.0,23.881999999999998
1850,24.8,24.829
1833,24.7,24.70699999999999
955,26.1,26.061999999999983
3925,18.4,18.293000000000003
4047,19.3,19.419999999999987
2579,24.9,24.853999999999992
292,21.3,21.194999999999986
2689,22.4,22.44700000000003
1740,24.0,24.029999999999973
135,36.0,36.175000000000004
1797,26.5,26.517000000000003
894,21.3,21.28699999999998
2756,19.6,19.54199999999998
3623,28.4,28.611999999999977
264,29.0,29.252000000000017
1781,25.8,25.909000000000006
1624,31.0,30.961
1707,18.9,18.862000000000005
2036,36.2,36.136999999999986
4137,21.5,21.42500000000002
56,30.8,30.872000000000025
3479,25.8,25.90699999999999
2340,23.0,22.942999999999994
1180,30.1,29.841000000000005
2310,24.5,24.537999999999993
1579,22.3,22.223999999999997
796,31.1,31.160999999999998
1555,25.2,25.15000000000001
466,36.7,37.08499999999999
1816,23.0,23.002
2531,24.3,24.46
3476,22.7,22.71100000000001
3579,24.5,24.456
396,25.5,25.578000000000003
2449,36.8,36.424000000000014
1486,22.9,22.925
171,32.7,32.792999999999985
1882,29.9,30.042
2279,35.2,35.279000000000025
1298,52.9,48.72600000000001
3322,22.0,21.994999999999994
3821,17.1,17.354
3998,34.7,34.557
3126,34.5,34.07199999999998
189,33.1,33.11700000000002
1053,22.6,22.80599999999998
12,23.4,23.330000000000005
3502,24.3,24.166000000000004
3200,23.3,23.281000000000002
323,14.5,14.802999999999999
660,31.0,31.136000000000003
2318,24.9,24.946000000000005
1853,24.7,24.81400000000001
504,29.8,29.814
353,28.8,28.984999999999992
3795,26.8,26.790000000000013
2158,39.8,39.40499999999999
4075,28.0,28.23299999999998
3084,21.5,21.54400000000001
1525,28.5,28.438999999999982
2383,23.2,23.461000000000013
3124,24.1,24.105999999999973
3020,18.4,18.581000000000007
3330,28.9,28.927000000000017
1186,24.6,24.54999999999999
1229,24.5,24.480999999999995
1114,24.9,24.981000000000023
2886,25.2,24.875000000000004
239,28.3,28.52799999999999
175,34.0,33.72400000000001
916,25.0,25.041
3005,25.5,25.535999999999987
2678,30.8,30.774000000000015
2904,23.3,23.26
1383,18.3,18.43500000000001
1228,23.5,23.434999999999995
1318,24.5,24.512000000000004
2559,26.6,26.429000000000002
4060,25.3,25.213
1959,20.0,19.915
228,22.5,22.601999999999986
3958,23.8,23.670999999999978
2682,19.6,19.566999999999982
3102,25.8,25.902
3645,21.8,21.92099999999999
184,28.7,28.860000000000017
3803,29.3,29.257999999999992
1009,36.8,36.797999999999995
489,22.4,22.29900000000003
1610,33.0,32.83899999999997
2474,38.2,37.691000000000024
140,22.5,22.582000000000004
267,25.7,25.65599999999999
3091,31.8,31.89899999999999
3347,24.5,24.512999999999998
64,26.7,26.627000000000017
3635,27.8,28.028
1748,27.4,27.600000000000005
1851,22.1,22.028000000000006
2155,21.2,21.20100000000001
2298,17.0,17.190999999999992
3962,26.4,26.425000000000008
3970,54.9,51.351000000000006
3769,37.9,38.04599999999998
1704,20.7,20.700000000000003
1750,15.9,16.64699999999999
3568,19.9,19.876999999999985
2146,34.4,34.15299999999999
3807,24.4,24.410999999999998
1050,25.8,26.056999999999995
280,28.3,28.448000000000008
3224,23.2,23.174000000000007
1437,33.8,33.857000000000035
360,26.2,26.13899999999999
2948,26.3,26.350000000000012
300,20.7,20.79800000000002
1416,20.1,20.02599999999997
2828,25.7,25.544000000000004
757,20.2,20.233000000000008
3362,30.0,29.968999999999998
3227,23.3,23.45799999999999
418,21.8,21.688000000000002
4003,26.3,26.30100000000001
3490,37.2,36.93600000000003
3350,25.4,25.443999999999996
3528,22.7,22.595000000000006
2594,26.1,26.291000000000004
4026,27.1,26.902999999999984
1999,24.8,24.761999999999997
3749,44.9,45.711000000000034
3611,23.6,24.403999999999982
863,23.8,23.817999999999998
1346,22.0,22.092000000000002
1402,19.7,19.660000000000014
1221,23.2,23.44100000000002
2926,18.5,18.38600000000001
58,20.4,20.316000000000017
77,29.7,29.750999999999998
370,23.8,23.852999999999994
835,28.5,28.430000000000035
1553,24.5,24.5
2539,16.2,16.824
2738,31.6,32.154999999999994
3055,30.0,30.153999999999986
2915,29.6,29.76400000000001
2463,23.4,23.536000000000023
2464,24.3,24.335999999999995
4094,22.0,21.949
1871,26.3,26.30099999999999
2499,18.9,18.980000000000008
125,41.6,41.385999999999974
3773,23.2,23.173
2181,19.7,20.091000000000022
2647,22.2,22.31200000000001
2357,32.4,32.52199999999999
2498,24.9,24.938000000000038
432,25.4,25.45100000000002
3752,23.1,23.134999999999977
2251,36.1,35.55099999999997
2213,34.9,34.56000000000003
1623,22.9,23.840000000000003
1212,29.9,29.68700000000003
750,22.3,22.28
2304,29.7,29.654000000000007
3111,24.5,24.588
390,28.0,28.02299999999998
30,26.7,26.71699999999998
1028,21.7,21.76800000000001
204,27.8,27.744
681,25.2,25.346000000000004
4018,24.8,24.728000000000005
3634,66.4,54.731000000000016
918,19.7,19.614000000000004
3244,29.5,29.703999999999983
2841,23.8,23.751999999999995
2782,24.6,24.816000000000013
481,19.9,19.763000000000016
2451,23.4,23.404000000000014
3844,24.1,24.13599999999997
446,26.1,25.914999999999992
2672,41.5,41.93999999999996
1446,26.1,26.34999999999999
818,24.5,24.61799999999999
193,28.1,28.010000000000026
570,24.5,24.47
1345,24.6,24.60199999999999
1637,24.1,24.064999999999973
6,35.2,34.881
442,14.5,15.258
290,28.7,28.625
1090,33.8,33.90099999999998
3652,21.3,21.234999999999992
1241,22.9,22.928999999999984
3566,30.6,30.516999999999985
1007,25.7,25.813999999999986
1421,28.4,28.651999999999983
3155,21.3,21.345000000000006
2034,28.5,28.62000000000002
695,25.6,25.636000000000013
2574,25.1,25.12499999999998
1415,28.4,28.44600000000003
195,22.8,22.68500000000001
453,24.7,24.657999999999998
1304,23.2,23.214000000000002
1195,22.0,22.032999999999998
29,28.3,28.04599999999999
3396,24.0,23.972
3409,26.0,25.98399999999999
1560,22.9,22.932999999999975
2735,23.4,23.378000000000032
1119,31.4,31.325
1754,22.8,22.814999999999976
3087,21.4,21.521999999999988
3418,39.0,38.46099999999999
1100,34.6,34.357
3855,21.1,21.08499999999999
808,29.8,29.980999999999984
1460,29.3,29.287000000000013
3424,18.2,18.20200000000001
223,22.6,22.58299999999998
737,34.5,34.34500000000002
2415,25.9,25.80300000000001
577,20.2,20.21400000000001
1324,27.4,27.276000000000007
3526,24.4,24.370999999999995
3467,26.8,26.806999999999988
1927,43.7,42.859000000000016
1800,31.7,31.668000000000028
725,34.0,33.878
81,23.4,23.315999999999995
258,42.2,40.704
296,24.0,23.916999999999998
1431,23.1,23.094999999999967
3701,30.4,30.256000000000014
1197,21.1,21.14799999999999
1608,20.5,20.35999999999999
1023,24.9,24.91100000000004
3745,23.4,23.39400000000002
1116,29.2,29.100000000000012
3062,26.6,26.670000000000005
3145,26.7,26.649000000000004
1676,18.8,18.982
2143,23.7,23.685000000000006
2981,18.8,18.849999999999994
1215,21.8,22.090999999999994
4099,25.7,25.545
1625,23.8,24.49999999999998
1058,27.3,27.146000000000008
1789,23.1,23.09099999999998
3913,28.4,28.439
868,26.3,26.516000000000005
659,27.5,27.590000000000003
2900,28.1,27.973000000000006
3698,25.1,25.023999999999983
1245,21.2,21.148000000000014
2303,42.7,42.714
414,28.1,28.18599999999999
739,24.1,24.088000000000008
1077,22.1,21.948999999999987
3935,25.6,25.650000000000013
1546,33.4,33.59899999999998
2487,25.7,25.636000000000017
875,24.8,24.785999999999994
3648,31.0,31.064
662,24.2,24.008999999999993
2108,23.7,23.654000000000018
767,23.2,23.209000000000007
824,25.5,25.566000000000003
849,24.6,24.760000000000005
1250,19.7,19.858999999999995
2042,30.2,30.148999999999997
153,26.5,26.662
1429,19.1,19.069999999999997
3101,21.6,21.619999999999962
2025,43.1,42.854000000000035
103,37.0,36.823
2299,16.7,14.748999999999988
3968,28.1,28.126000000000012
240,24.7,24.764999999999997
1542,32.2,32.17699999999999
848,23.3,23.10199999999999
109,23.0,23.07300000000001
1684,33.4,33.538999999999994
791,19.5,19.421
822,22.9,22.90500000000002
1770,20.2,20.401
1685,18.9,18.920999999999996
2627,26.5,26.57100000000001
2745,24.9,25.012000000000004
2922,24.5,24.484
2226,20.8,20.791999999999977
1983,23.1,23.055999999999973
333,19.1,19.370999999999995
816,22.9,22.91400000000001
844,18.0,18.106999999999985
3345,20.9,20.90400000000001
3295,30.2,30.135999999999996
3990,25.3,25.379000000000016
3616,33.2,32.99299999999998
3393,30.4,30.16700000000001
1120,34.7,34.42599999999997
1136,24.7,24.715999999999994
2588,25.9,25.726999999999997
2175,20.7,20.759000000000018
3636,29.0,28.755
3286,25.3,25.288000000000007
1574,27.0,27.152999999999984
2966,21.5,21.511000000000003
1642,26.6,26.484
3366,33.3,33.528999999999996
2409,22.8,22.797999999999984
1669,17.8,17.600000000000005
3049,38.6,38.607
3703,28.0,28.140999999999973
557,27.7,27.592
1933,25.8,25.69599999999999
3550,21.7,21.775
2471,22.2,22.25000000000003
2774,20.9,21.287
1031,22.7,22.625000000000004
3341,28.7,28.58299999999997
2754,21.2,20.831999999999997
1672,27.3,27.18399999999998
1218,23.1,23.142999999999976
2767,26.3,26.102999999999998
921,21.8,21.807000000000002
823,33.2,33.58600000000003
758,21.1,20.945999999999998
2986,26.0,26.168999999999997
3116,16.9,17.169999999999998
1790,20.2,20.45400000000001
2068,18.2,18.361000000000004
1331,28.7,28.568000000000005
4037,23.6,23.518999999999995
2102,26.8,26.893000000000008
3788,35.4,35.396000000000015
1063,19.2,19.209
735,28.4,28.38000000000005
1680,19.6,19.485999999999994
3120,50.2,49.69100000000001
727,25.7,25.575999999999993
3023,23.7,23.67099999999999
3877,22.7,22.713999999999995
3778,25.0,25.149
1657,24.9,24.90000000000004
3243,26.6,26.450999999999976
2731,16.1,16.95199999999999
1837,39.2,39.65200000000001
347,33.8,33.368999999999986
4069,29.7,29.54200000000001
2728,25.7,25.705999999999996
1168,25.5,25.440000000000005
2856,30.6,30.881999999999994
3423,31.4,33.406000000000006
813,26.3,26.30100000000001
4046,24.5,24.482
1436,23.8,23.910999999999976
1698,17.8,17.669000000000004
2589,25.0,24.947000000000017
3076,21.8,21.747000000000018
179,26.5,26.516000000000005
2056,23.5,23.554000000000006
3966,18.6,18.794000000000004
793,20.0,20.22900000000002
2710,25.8,25.72600000000002
3259,23.0,23.002
3912,27.1,27.10299999999998
1497,26.0,25.767999999999997
2834,30.5,30.438999999999986
25,23.9,23.884000000000043
2690,56.4,51.69800000000001
3944,33.4,33.08599999999998
1074,23.0,23.108
174,22.8,22.83399999999999
1921,21.2,21.187000000000022
3187,23.7,23.641000000000005
332,24.1,24.169999999999987
1563,22.8,22.796999999999983
433,27.8,27.802000000000017
2949,29.8,29.608000000000025
2113,24.6,24.55999999999998
1081,36.5,36.746
1521,32.5,32.306000000000004
482,22.5,22.631
2080,22.4,22.376000000000005
