,y_test,prediction
1110,24.2,28.63377792391819
1778,28.6,27.54361956525795
1958,26.8,25.816676416250502
3615,33.3,26.933438441542947
1516,28.1,26.94651430137663
1048,21.5,24.36611466484832
2879,28.0,27.06944398121663
870,25.7,26.383672745699556
1776,21.8,23.351533911056435
2823,24.8,27.274979639316776
601,19.8,18.480692884792035
1663,22.3,26.80319624050037
441,36.6,28.655915029781006
230,25.6,25.28315495096801
2124,21.7,24.884250479949216
1636,23.1,25.292105470896956
2206,32.0,23.70275134200962
1948,21.4,23.38162237865373
3332,25.9,28.406203948097307
1272,20.4,22.81843209449203
1329,29.0,28.37794673358143
4117,22.9,26.92989132599299
698,20.1,21.723600558639838
723,24.9,27.924935440379706
2364,31.8,24.35420867337905
3542,26.4,24.71470906328077
1568,22.0,23.039804949226166
1742,24.5,29.42213353311596
837,25.9,28.997508338153317
1918,23.8,23.892472474602137
3582,23.7,25.192588123913183
3363,20.9,23.45991957480385
3651,24.1,27.6521087089546
3375,29.3,28.070819846927414
197,32.7,27.563645782441462
2468,24.9,26.165915662626396
3994,25.7,27.14031087241392
3289,27.7,27.974491153344538
903,27.1,26.101595517989168
537,25.8,32.7699819719815
2341,22.4,23.814477204989338
2403,32.3,26.357165911942467
2781,26.1,25.929598956570977
508,26.8,25.36820551557266
411,27.3,21.989025726220497
3892,25.1,25.742591822244798
464,26.4,32.14133284336645
110,43.7,32.993262021198916
1802,24.5,25.956377305151726
3625,21.8,21.666607267846196
1152,32.9,33.71288310254407
3624,20.4,23.102148404989038
97,27.4,28.722432105031153
2292,26.3,26.5954064670131
2006,26.2,24.86847647744775
1062,25.7,28.40766737542085
2820,20.3,19.710177957477278
1843,23.9,26.92209997196513
3000,23.9,26.628637345437305
71,24.0,24.932829428377673
4120,43.6,32.352803887968854
2935,28.8,34.70438205729131
2368,24.8,25.568778940873663
310,19.3,21.158585820764912
3097,27.2,28.12989464354836
954,23.6,21.36036692472804
8,35.9,30.22809230987761
2765,29.1,23.43365479204072
3310,18.2,21.170181061768773
1376,23.3,22.43806263546258
206,14.5,20.714383166278708
1612,24.1,27.64236193474536
3009,26.1,24.42906622924457
2233,27.0,26.73291548638273
770,22.2,23.06225394261908
33,23.1,23.675351077989106
800,17.9,24.563144605850404
3808,31.9,28.788580574461704
1956,32.5,31.562998271293786
2400,24.9,25.994103411367625
4110,27.7,26.831460983490103
297,33.6,27.133103839872014
1171,23.3,25.644855865432774
316,24.2,29.87066279249477
2353,27.8,26.338547376987798
4021,38.4,29.576024841066115
3671,19.8,25.14606733680906
17,19.4,23.70722895532139
938,31.8,29.64007912907161
150,42.0,30.54472294509098
2138,23.9,27.877605539222934
1701,18.7,23.519329310811955
1307,26.5,25.78826273738847
1264,18.7,24.42348222799219
1267,25.1,23.333777442658793
167,21.6,24.46452528397132
3182,36.0,27.04381803210859
899,21.0,25.55371333029138
3497,24.6,24.149004733542867
2664,26.3,28.593258118685803
70,33.3,29.620730429255964
497,42.4,31.11085464760754
331,19.1,21.955590567490667
151,26.3,23.350746922178665
1543,22.3,23.6150164913996
1631,25.4,24.47069806170446
1566,24.5,24.81116390265067
2978,24.0,23.390025776301833
2573,22.3,22.24038294194378
3503,25.9,28.735707033834338
3067,35.3,29.938583705239964
2739,33.1,28.59723380927729
2942,21.4,21.97494655951568
185,30.9,25.239522291065782
2395,16.4,23.37239988359383
3687,22.1,26.888121392747237
468,22.7,21.771043761158452
603,19.6,21.324960086412688
871,25.9,22.14869748023211
1432,24.0,25.70431903409353
1620,20.1,24.329660105208305
2934,21.4,23.57401197197759
3354,20.5,21.08888805466784
1661,37.0,29.930865242869487
3570,17.1,16.06417442233439
3818,22.5,22.959518099948056
2121,21.8,24.323085615565454
913,42.2,34.203699296180154
1746,21.2,24.15543141315962
1576,17.6,20.827962402931604
2239,23.8,25.71997357985029
3239,25.4,25.737902460493544
413,18.8,20.545425941219186
14,26.7,25.835814252030012
2441,28.8,24.703168471727246
1888,26.5,26.703075673677482
1287,27.8,29.859549133663343
3163,33.6,30.313779626900555
3608,38.6,31.46529559983314
2375,27.8,28.583845096440548
2977,28.4,29.992561307755395
3261,26.1,25.620665735614615
3447,27.3,25.121829912809197
970,26.1,28.60743435270308
1182,29.6,27.413591403520385
435,21.5,21.081901196848108
554,29.7,29.945037672196932
2478,26.2,24.481386132829755
1024,34.0,44.82011410314444
3724,29.0,25.655364776187774
1322,26.4,24.4021711245812
315,23.1,25.95980445963533
2791,18.4,20.757757718704866
2260,23.0,25.042763092229997
1713,21.2,22.356643632447664
815,19.8,21.468935295238794
1887,20.0,25.65678822601867
1971,22.0,23.69838495135371
1366,23.7,28.4314324979117
1829,22.4,25.98507698331366
3379,33.3,30.866094826725053
2454,27.0,23.631568516976124
368,26.4,27.38309012304935
1467,22.9,25.471316350557608
1403,25.9,24.664149910364422
2295,19.1,24.408298340734518
670,31.8,33.49329216369545
133,19.8,23.51060888176101
1040,23.6,25.1196453865919
3705,27.1,26.934852700617633
3612,30.1,27.66669440416822
3766,22.5,19.425580404222934
2984,26.9,26.24552761934362
1194,21.9,24.41710506430507
1277,19.9,20.791040582309407
2490,22.3,21.74108568631548
3899,25.0,28.050466512249166
3199,21.6,27.168336564040224
180,32.4,31.825909095109154
2695,29.5,28.97485258227899
1477,21.0,22.920136888012294
2938,31.6,26.624812941690045
2346,22.5,34.86418573163398
3732,30.5,27.578718869767393
2106,27.3,29.892366063217835
567,25.1,22.741565292745406
809,22.3,24.68373288725528
1908,24.8,26.08065870335426
3534,22.6,24.817997381604847
885,23.4,26.44959449878794
4086,31.7,29.3446115215232
2707,18.5,22.392906171347967
3798,27.0,25.056891767370743
3226,20.9,23.19712401210029
2671,25.4,27.94511709466083
1347,28.2,30.081252791563458
1208,24.3,23.478033460342147
212,24.6,26.8734723393601
610,29.3,27.393797466170625
32,21.2,24.524585240833225
498,28.6,25.19209068705233
3942,26.0,26.162286569044944
3173,24.5,28.840004499272368
1825,22.2,24.263959940518312
271,20.6,28.83776814473623
1522,24.7,25.39460817281732
2607,35.3,32.08147323722314
1236,27.5,24.99766834450947
3696,17.6,25.506157149006597
3664,47.0,34.58771697636791
1654,20.7,24.805487898387213
309,34.7,28.813752326552056
514,26.9,26.6906490679959
2724,25.5,31.187943005161692
3392,22.9,23.95220803177226
1490,31.6,23.42911873872054
3801,17.3,21.66399782609509
326,22.5,25.286917309098826
2762,23.9,22.303878003483945
3308,24.9,21.862674287374574
1471,23.2,25.7058752341582
1880,26.9,27.698252400488784
2122,22.6,23.9032168229826
1302,26.5,28.270738429919966
541,20.8,23.040378809789374
3536,36.1,29.533171939834325
3559,22.5,25.112895788350727
1651,33.5,28.713261085640532
2407,26.0,29.37882376932687
2692,21.2,24.749400209402538
3889,30.0,26.317379975182
1989,19.9,21.523496139935844
3507,44.1,26.269215454125643
3643,24.6,27.520070164738804
1764,23.7,24.07886752879528
2826,20.7,19.156604201845525
460,18.1,21.80401711883961
1330,23.4,22.860824645948362
2271,16.4,18.631947349887113
3684,21.4,26.95165364568784
1129,24.0,27.941398408861907
1101,22.0,25.346159568642513
1883,24.4,26.367209801889793
299,22.7,19.704372476366345
685,23.9,22.645026060399395
1355,29.5,26.43656185770334
675,24.7,25.151543906523123
45,28.9,21.527389064931604
2830,23.5,26.096410377589187
1622,20.7,22.827728734745072
1964,25.4,25.696082653137637
43,26.7,22.925132276336143
571,23.0,28.391563896528773
3561,20.7,22.650316031504914
2983,21.5,23.154676399252935
2993,40.4,30.692548657319357
3024,25.0,28.673310300990607
782,56.8,31.601433579385414
2329,23.4,23.12433931300035
2602,33.1,31.800159772861377
252,29.8,27.808448718798758
3650,29.0,28.52874113577561
530,19.2,21.31763993455239
710,23.7,29.470334208941352
1371,20.1,23.33693218678831
3936,18.7,23.047705608827407
2438,20.4,24.12987588429153
2668,23.3,20.39972532573207
4085,21.4,24.978889435634365
3221,23.2,27.497843669079266
319,32.1,29.792927610851102
3621,25.5,29.206718809874218
3830,27.5,28.901319597627648
3142,21.2,22.229325946837548
2661,29.1,28.745374176045786
2252,31.1,26.321320170478252
740,27.3,27.63075206754236
817,27.1,23.08983249746413
3825,23.2,22.605726295217117
2182,38.3,25.472048651445938
2992,31.9,27.37851054426688
1196,45.9,32.0664891623595
3700,26.5,28.531755612319024
2875,17.6,23.01580039012525
4052,20.1,19.435282665200532
2596,18.3,24.685999292719174
1819,34.5,27.50443366249371
2727,26.5,24.591766318826636
1141,28.0,29.86554920197424
558,26.4,26.22248464874297
1112,27.3,28.871243371868758
3537,20.9,22.678112989617233
687,30.1,28.080561988179625
3225,25.5,25.272423154793486
94,27.1,35.911045675100475
1897,24.7,29.01739071857031
547,19.5,19.31282195657616
3999,30.4,28.25626838569496
23,25.0,26.488804587974997
1523,26.1,26.915370327620153
2670,21.8,21.682385551495493
1824,24.4,24.6714778061243
2616,17.2,17.132656723317396
2894,23.9,21.453875695276984
3278,21.2,26.055138352253472
2097,25.0,27.741224498593432
1412,23.4,26.751798214876615
3099,23.2,24.015711446582728
3040,22.2,22.794698219769998
2027,27.3,23.895712084129755
3539,20.6,21.628197506149533
3921,22.7,24.19280573511884
1134,22.2,27.769332088229298
3177,33.8,25.052172100140524
2194,21.8,22.3468685758142
3185,29.4,29.217130398066672
3739,23.5,25.757469552754593
100,17.5,19.660465271716944
405,21.3,28.36799840131755
2048,18.0,23.69291655620537
1517,24.1,23.590368676063278
1667,31.0,29.456498938763907
599,28.4,32.672890263167304
121,44.5,30.562090082055832
1193,20.2,24.374910986818072
1200,20.7,21.30093555853508
157,27.8,29.89401096869522
474,26.6,26.091732413575265
3945,33.4,26.981453068081706
2238,28.4,32.515637395272165
306,24.7,24.90913312590383
1349,39.3,29.74821471209055
3973,26.0,25.833850580112703
493,25.7,26.309913521238215
3938,43.1,30.493376975655472
3963,37.3,30.600981165725585
2258,26.6,21.65744893145554
1269,26.0,22.725409027387464
241,25.1,23.132437632869213
3689,43.7,30.912067736098216
3563,21.1,25.519124889712216
1070,22.5,25.63306471710346
1405,22.9,24.21722321568202
1602,37.4,34.95458143987412
2394,27.7,26.632440824485833
1799,29.0,27.240768772897034
3090,26.1,25.77217376272486
3922,20.8,24.674758015462672
3861,17.7,19.357080545864804
804,18.6,18.054567555315295
580,22.5,23.017870222761104
1181,24.2,25.02920290349062
2880,28.0,26.456097205972455
3975,24.6,28.80008639981544
647,23.8,27.097750010190225
1243,16.7,23.57748510313823
2543,32.9,27.291033169175613
1102,27.2,25.901905628810418
178,15.6,20.20844234294146
2126,27.5,26.28012596855516
1401,19.7,21.90033402489638
3630,28.0,26.64542873783884
51,19.3,24.125032717681407
2890,25.0,42.24453254527649
1841,24.8,28.203115323421926
74,61.4,38.55774929173878
1123,22.3,27.41550388542094
2458,20.6,26.47823845622927
2507,26.8,28.191910410348974
2442,18.4,20.913300456163263
2253,28.1,28.874989622692638
2321,26.8,22.5433719598034
909,28.7,27.199239714906746
1281,24.1,26.643026448638338
975,27.8,29.915554767901114
2339,27.5,24.99543092455368
1937,23.2,23.27519663319474
2508,32.6,32.85056690047879
158,19.7,24.22361954313157
2674,22.9,25.165227346572173
2390,25.2,23.718853285210976
982,23.9,29.96352471804449
52,35.0,29.633812884198285
2280,20.7,24.468929704261782
221,22.3,24.789608746231657
887,19.2,24.05514304354036
26,23.8,22.791676094169517
2635,43.9,30.952266048796197
752,22.7,26.693434133399847
3764,20.1,20.139770855705272
215,23.7,22.122677439997133
2895,27.4,25.29530264688686
1339,23.7,24.36786104387307
2003,24.3,29.178329431728066
2416,24.6,26.132262518396686
1561,27.4,24.619090096845483
322,24.5,25.491793932466422
417,27.6,24.04786603404598
2801,23.8,22.419570912457857
3415,26.9,26.60107409747117
1806,22.6,26.449516380652078
1508,21.9,28.80898753284849
1430,33.0,29.10968984359915
1047,26.0,27.031058000260806
145,24.0,27.868845093764847
3548,36.6,25.74923596686036
1067,33.0,30.967409548888654
3673,27.9,26.453315729164146
3858,30.5,31.64967477862865
1012,31.9,28.905419397591096
2583,22.6,25.292746780346867
44,26.0,28.321422208727128
1913,28.5,26.240426200743627
895,23.5,27.509751655331293
3953,30.9,27.815393042263295
4044,25.2,26.127864791419306
2084,20.7,22.95205135737772
2591,20.8,26.180967508871973
356,20.2,20.716602639440772
604,30.4,29.19760563666788
3287,22.9,25.6508878279394
4034,25.0,30.431868215884663
3706,19.4,25.469759823783882
1155,25.2,30.702016872724975
4129,20.3,23.240996721811065
877,29.7,26.900001684437342
2185,32.5,23.78343547561446
2089,41.0,33.41523561983346
1170,22.8,23.794603047820374
1872,30.1,28.36342245038402
984,21.3,23.688028431935365
1600,21.8,23.986022023845116
257,30.8,27.537455501180006
3048,25.9,31.12994672093751
2432,22.1,24.071318857681852
1596,56.8,29.622202523130383
1033,21.6,28.972711182124762
2489,30.5,28.75288415409195
761,20.2,22.705365535852806
2469,24.0,25.43606148748701
1850,24.8,29.417332639614365
1833,24.7,24.98697116961518
955,26.1,24.940209420583294
3925,18.4,23.864929871663016
4047,19.3,23.671809817407265
2579,24.9,27.270423566618952
292,21.3,25.35428984153919
2689,22.4,24.2891526452552
1740,24.0,25.586569421883823
135,36.0,32.56485020118542
1797,26.5,32.8546716130326
894,21.3,24.168099625241858
2756,19.6,23.525046502948967
3623,28.4,26.43753754139071
264,29.0,29.09927442312469
1781,25.8,26.404751151217667
1624,31.0,32.92147278518419
1707,18.9,21.678264452286726
2036,36.2,26.908819568668243
4137,21.5,23.207568519057475
56,30.8,26.831978295665074
3479,25.8,25.865843653634073
2340,23.0,26.410973514302974
1180,30.1,29.35271384161741
2310,24.5,33.751550732328404
1579,22.3,24.120884061530504
796,31.1,29.968691464335933
1555,25.2,26.637152945990167
466,36.7,28.268680336367353
1816,23.0,20.820063583260023
2531,24.3,24.805722284750978
3476,22.7,23.198794020847217
3579,24.5,24.577899332590277
396,25.5,25.34622146201462
2449,36.8,23.51770739025789
1486,22.9,22.500163160448807
171,32.7,40.86370100099156
1882,29.9,27.54266920786769
2279,35.2,32.75045340947026
1298,52.9,28.057979479862603
3322,22.0,28.08761876536063
3821,17.1,21.505502178729287
3998,34.7,31.95066211599022
3126,34.5,28.529795823132986
189,33.1,26.29940562802917
1053,22.6,20.904811566166863
12,23.4,30.166750848143536
3502,24.3,25.82505871998537
3200,23.3,19.41622805437151
323,14.5,18.97909007808481
660,31.0,28.972654038497367
2318,24.9,20.10538676399969
1853,24.7,25.34734561187171
504,29.8,31.412440837396353
353,28.8,25.21433831482858
3795,26.8,24.543194599469203
2158,39.8,30.718740190686745
4075,28.0,29.132243403631612
3084,21.5,25.990828840321747
1525,28.5,28.667363734482663
2383,23.2,31.378326453678348
3124,24.1,24.742509792078494
3020,18.4,19.4919723374666
3330,28.9,30.171264266315035
1186,24.6,24.784490866587987
1229,24.5,28.598846934504657
1114,24.9,29.23840657755349
2886,25.2,21.67540814676086
239,28.3,26.12755652318603
175,34.0,32.48822093870579
916,25.0,25.05836111676892
3005,25.5,25.366910240216207
2678,30.8,26.05841123431123
2904,23.3,27.24893145782211
1383,18.3,23.983114701004098
1228,23.5,25.111781814201088
1318,24.5,28.676994559194554
2559,26.6,22.48436554824621
4060,25.3,27.1309892527169
1959,20.0,24.472852360152253
228,22.5,22.78863935674039
3958,23.8,23.271891331192933
2682,19.6,22.680849803624717
3102,25.8,25.84150778783428
3645,21.8,25.89505123119612
184,28.7,28.423856828193237
3803,29.3,28.972306807839345
1009,36.8,31.602499531222357
489,22.4,25.753995506560095
1610,33.0,29.81023470331818
2474,38.2,27.746393684937843
140,22.5,21.189604607545824
267,25.7,26.541745848645427
3091,31.8,28.47288888101879
3347,24.5,24.394239623618027
64,26.7,27.618610102776344
3635,27.8,29.91788464668219
1748,27.4,28.27786442369876
1851,22.1,26.646049186456246
2155,21.2,25.420815148334917
2298,17.0,23.335670777352547
3962,26.4,28.889393816959334
3970,54.9,32.887091023001815
3769,37.9,30.02162439016091
1704,20.7,23.865395534937072
1750,15.9,23.547919869213494
3568,19.9,20.832871480866004
2146,34.4,30.817519482876392
3807,24.4,22.878744632601205
1050,25.8,25.030969714894596
280,28.3,25.118018927684915
3224,23.2,23.62828214003749
1437,33.8,28.976739838821757
360,26.2,25.939681571743257
2948,26.3,27.817476758017847
300,20.7,22.147658134874185
1416,20.1,20.146494677474884
2828,25.7,27.821952889182015
757,20.2,22.351741451033604
3362,30.0,27.827525576776985
3227,23.3,27.38629325247595
418,21.8,20.746198868457917
4003,26.3,30.502626812605506
3490,37.2,33.555586008725584
3350,25.4,25.311181277220662
3528,22.7,24.786333203344256
2594,26.1,27.208355396191983
4026,27.1,24.309934387731822
1999,24.8,27.191172808808062
3749,44.9,30.2207064965719
3611,23.6,28.933596478145006
863,23.8,25.484078334648487
1346,22.0,24.27782062915449
1402,19.7,21.220562423771952
1221,23.2,27.78704263452706
2926,18.5,21.3951364736684
58,20.4,22.545678662600892
77,29.7,23.86418744605021
370,23.8,25.353353575478323
835,28.5,28.521639653748558
1553,24.5,26.480014772459953
2539,16.2,21.95927643103984
2738,31.6,26.960349943993798
3055,30.0,31.357120813517838
2915,29.6,32.239889305468964
2463,23.4,24.912427937370012
2464,24.3,24.223200359394077
4094,22.0,23.763499483423722
1871,26.3,26.46601027290086
2499,18.9,18.774648460302785
125,41.6,30.158996985645565
3773,23.2,23.476023555067854
2181,19.7,25.61997265985878
2647,22.2,24.80013770219361
2357,32.4,27.703598407316086
2498,24.9,28.542170333936184
432,25.4,23.254351549013883
3752,23.1,23.988299638366314
2251,36.1,34.139702374933385
2213,34.9,30.02053192101782
1623,22.9,31.050696389278194
1212,29.9,28.796454858800118
750,22.3,25.777339624054306
2304,29.7,27.877696808422627
3111,24.5,25.74291209874918
390,28.0,22.293553553116155
30,26.7,24.82078375984066
1028,21.7,28.774964882657322
204,27.8,28.43158237875309
681,25.2,24.15895703603414
4018,24.8,26.87422486042756
3634,66.4,34.660246939293195
918,19.7,23.880640090137796
3244,29.5,28.651644142602024
2841,23.8,34.03088467791966
2782,24.6,28.594293054897484
481,19.9,20.952918062948427
2451,23.4,27.833589987251834
3844,24.1,30.873584085836356
446,26.1,24.767315023690323
2672,41.5,31.301806786072092
1446,26.1,24.272182023901784
818,24.5,28.151016915878024
193,28.1,28.44983805709809
570,24.5,27.288634943581606
1345,24.6,24.521158602254268
1637,24.1,26.184962725321554
6,35.2,26.190760184218753
442,14.5,17.710471835367215
290,28.7,26.489575671354288
1090,33.8,31.268003390582365
3652,21.3,25.296491290420143
1241,22.9,26.21919935199793
3566,30.6,28.601593706036134
1007,25.7,29.673747931535317
1421,28.4,30.17165864277282
3155,21.3,20.1963369222024
2034,28.5,25.36546168791611
695,25.6,24.671120850823236
2574,25.1,26.30454275784806
1415,28.4,29.77781783783891
195,22.8,22.64358119423887
453,24.7,28.338646920659734
1304,23.2,25.313244387220536
1195,22.0,29.676084672604695
29,28.3,28.372573652285084
3396,24.0,22.998933136943165
3409,26.0,27.49870811816215
1560,22.9,27.250264758610363
2735,23.4,25.431389372598233
1119,31.4,27.119974954884853
1754,22.8,23.77352702022562
3087,21.4,25.788568966450256
3418,39.0,31.575613180228665
1100,34.6,38.961233020908196
3855,21.1,26.398255424762958
808,29.8,27.913411603176556
1460,29.3,31.93784310940216
3424,18.2,20.93162516038695
223,22.6,24.792402894503255
737,34.5,29.197133725733636
2415,25.9,27.70449447809669
577,20.2,24.61509618524603
1324,27.4,26.672685019306897
3526,24.4,24.827459177793642
3467,26.8,27.275229852845193
1927,43.7,27.7039502759936
1800,31.7,34.23073850879201
725,34.0,26.89280426656405
81,23.4,25.560667627114526
258,42.2,28.51576349438917
296,24.0,30.27509401466053
1431,23.1,25.1133725351661
3701,30.4,26.84230399369978
1197,21.1,22.987171431599002
1608,20.5,21.34780430702922
1023,24.9,24.100571292434005
3745,23.4,25.290659307652206
1116,29.2,27.682340890856345
3062,26.6,30.900373803966502
3145,26.7,26.04499334748661
1676,18.8,24.084516584324554
2143,23.7,24.697873404095034
2981,18.8,20.42283945584989
1215,21.8,27.022712285291895
4099,25.7,29.368165858420888
1625,23.8,28.339022092007937
1058,27.3,23.43930549722478
1789,23.1,22.225593236396755
3913,28.4,29.299994078480452
868,26.3,24.16294675079657
659,27.5,25.189443809366075
2900,28.1,30.28033664862717
3698,25.1,24.060959714287897
1245,21.2,24.379829169354394
2303,42.7,32.08303308228286
414,28.1,26.14895083356366
739,24.1,25.586903475720348
1077,22.1,19.860226363277313
3935,25.6,32.53931662733149
1546,33.4,31.368178568347297
2487,25.7,25.443372141935157
875,24.8,29.89788008442519
3648,31.0,25.468692874393504
662,24.2,26.367528868933107
2108,23.7,25.20815320911135
767,23.2,24.836181749635607
824,25.5,28.150142514181134
849,24.6,24.338807671506032
1250,19.7,24.403700933523773
2042,30.2,24.40421565531721
153,26.5,27.31437132417212
1429,19.1,22.974137303004376
3101,21.6,26.196270354037324
2025,43.1,32.20842339234908
103,37.0,31.56649886724312
2299,16.7,21.714654687418182
3968,28.1,27.612088129536602
240,24.7,29.484591858178582
1542,32.2,28.739745922571373
848,23.3,25.784759051272623
109,23.0,20.969102160135563
1684,33.4,27.464322763295186
791,19.5,23.968623864730695
822,22.9,24.964129259253426
1770,20.2,22.979998586509424
1685,18.9,16.025754804347592
2627,26.5,27.028774599248464
2745,24.9,30.603184993075295
2922,24.5,28.41184529449093
2226,20.8,24.519456158278906
1983,23.1,26.884930553948834
333,19.1,21.672183230406347
816,22.9,24.77433261234107
844,18.0,21.942094450971958
3345,20.9,21.06214006331561
3295,30.2,29.67705042300848
3990,25.3,25.957398256636793
3616,33.2,27.048141231653652
3393,30.4,24.066250516777387
1120,34.7,29.02607439041777
1136,24.7,26.08841822817285
2588,25.9,25.616253665748822
2175,20.7,22.70929602941066
3636,29.0,24.4242814785747
3286,25.3,28.041914891505797
1574,27.0,23.88306120909334
2966,21.5,24.27890947072595
1642,26.6,22.82089341068322
3366,33.3,27.948516272579496
2409,22.8,24.496699662770304
1669,17.8,19.818427279495523
3049,38.6,25.81274904505043
3703,28.0,32.85373504565008
557,27.7,25.818112094427043
1933,25.8,27.029243465664358
3550,21.7,21.394022453698952
2471,22.2,20.19288081030556
2774,20.9,25.444134019686295
1031,22.7,23.50154833182706
3341,28.7,26.96571894011744
2754,21.2,24.26083170675868
1672,27.3,22.994134724063002
1218,23.1,22.676565381405723
2767,26.3,26.966567713709125
921,21.8,25.618924333064733
823,33.2,29.00980089183468
758,21.1,21.892981384048944
2986,26.0,27.862242196855142
3116,16.9,23.699330254279296
1790,20.2,25.836754932247807
2068,18.2,23.91445389502543
1331,28.7,27.819476939005327
4037,23.6,23.02186837995945
2102,26.8,25.424969723269648
3788,35.4,30.988433735941967
1063,19.2,25.318189916945663
735,28.4,27.531892385767662
1680,19.6,20.702697348264103
3120,50.2,31.641650158270117
727,25.7,30.312571810861947
3023,23.7,28.046226624401527
3877,22.7,26.533509521251112
3778,25.0,23.90057463247272
1657,24.9,28.074671777125154
3243,26.6,25.810757258589653
2731,16.1,23.188223954848368
1837,39.2,29.430904597651313
347,33.8,25.72339940998642
4069,29.7,25.490470461188103
2728,25.7,25.92545335604941
1168,25.5,23.813943269351192
2856,30.6,28.429969862103505
3423,31.4,31.033322483750105
813,26.3,26.189915351834934
4046,24.5,25.79508333148815
1436,23.8,26.30805810843365
1698,17.8,16.934153776160613
2589,25.0,28.832834600681522
3076,21.8,21.860599860217356
179,26.5,31.822798174279107
2056,23.5,23.77941574951381
3966,18.6,24.571756831041498
793,20.0,25.541330542974343
2710,25.8,26.646344073267016
3259,23.0,23.829912249373606
3912,27.1,27.37857019393666
1497,26.0,21.04360272574607
2834,30.5,27.13836639329002
25,23.9,22.869089335811523
2690,56.4,31.91532148616858
3944,33.4,29.377042534997955
1074,23.0,28.042197961912855
174,22.8,23.227658645379258
1921,21.2,24.677827104035345
3187,23.7,29.344009842358865
332,24.1,23.929002937203478
1563,22.8,23.811556695374215
433,27.8,28.332279229126023
2949,29.8,24.15989615314134
2113,24.6,28.285147825251194
1081,36.5,26.946225957519566
1521,32.5,24.720238586985296
482,22.5,22.575597241901676
2080,22.4,27.02191545750194
