,y_test,prediction
3259,203.0,872.4200211377743
11210,1702.0,872.4200211377743
2610,89.0,872.4200211377743
11318,56.0,872.4200211377743
12475,35.0,872.4200211377743
14363,127.0,872.4200211377743
9282,43.0,-697.9925398970167
590,177.0,872.4200211377743
8273,13826.0,872.4200211377743
8330,120.0,872.4200211377743
14010,265.0,872.4200211377743
1931,73.0,872.4200211377743
9176,36.0,872.4200211377743
10714,117.0,872.4200211377743
11225,79.0,872.4200211377743
4694,331.0,872.4200211377743
7346,133.0,872.4200211377743
21221,113.0,872.4200211377743
23718,55.0,872.4200211377743
12710,107.0,872.4200211377743
17923,50.0,872.4200211377743
2047,181.0,315.13912256660524
8999,112.0,872.4200211377743
787,113.0,629.2466816578876
6825,57.0,872.4200211377743
11919,269.0,872.4200211377743
16014,63.0,872.4200211377743
7309,77.0,872.4200211377743
1492,71.0,872.4200211377743
7120,120.0,872.4200211377743
4091,43.0,872.4200211377743
10418,103.0,872.4200211377743
19061,108.0,872.4200211377743
15138,248.0,872.4200211377743
23944,112.0,872.4200211377743
7188,77.0,872.4200211377743
9570,153.0,872.4200211377743
10356,423.0,872.4200211377743
19931,2986.0,872.4200211377743
21945,22.0,872.4200211377743
17702,21996.0,872.4200211377743
11515,182.0,872.4200211377743
8253,32.0,872.4200211377743
2491,555.0,872.4200211377743
9050,172.0,872.4200211377743
11892,77.0,-649.5975724399118
22676,69.0,872.4200211377743
18676,149.0,872.4200211377743
2377,32.0,872.4200211377743
19478,708.0,872.4200211377743
8080,81.0,872.4200211377743
4922,67.0,872.4200211377743
6163,122.0,872.4200211377743
13688,259.0,872.4200211377743
7706,56.0,872.4200211377743
22033,56.0,872.4200211377743
11920,216.0,872.4200211377743
5850,114.0,872.4200211377743
3913,31.0,872.4200211377743
3036,162.0,872.4200211377743
11750,232.0,872.4200211377743
2369,287.0,872.4200211377743
3212,589.0,872.4200211377743
17841,57.0,872.4200211377743
2465,210.0,872.4200211377743
22107,350.0,872.4200211377743
7039,153.0,2205.830164568483
16238,289.0,872.4200211377743
8721,24307.0,872.4200211377743
19565,176.0,872.4200211377743
18894,118.0,872.4200211377743
4851,40.0,872.4200211377743
12837,155.0,872.4200211377743
20034,47.0,872.4200211377743
8733,71.0,872.4200211377743
12752,71.0,872.4200211377743
19369,86.0,872.4200211377743
3513,19.0,872.4200211377743
5086,40.0,872.4200211377743
21885,40.0,872.4200211377743
4702,30.0,872.4200211377743
10809,97.0,872.4200211377743
18466,80.0,872.4200211377743
19849,41756.0,872.4200211377743
5548,118.0,872.4200211377743
15035,78.0,872.4200211377743
7509,40.0,872.4200211377743
20555,53.0,872.4200211377743
12303,59.0,872.4200211377743
22397,46.0,872.4200211377743
181,70.0,872.4200211377743
17032,320.0,872.4200211377743
7911,45.0,872.4200211377743
12473,49.0,872.4200211377743
22599,88.0,872.4200211377743
212,82.0,872.4200211377743
7297,81.0,87.9780126836672
20759,114.0,872.4200211377743
4194,479.0,872.4200211377743
23195,100.0,872.4200211377743
351,95.0,872.4200211377743
3867,57.0,872.4200211377743
3064,182.0,872.4200211377743
23171,101.0,872.4200211377743
1238,52.0,872.4200211377743
17008,1159.0,872.4200211377743
3063,90.0,872.4200211377743
21947,9.0,872.4200211377743
22410,135.0,872.4200211377743
23218,104.0,872.4200211377743
12156,617.0,872.4200211377743
23468,54.0,872.4200211377743
15881,92.0,-993.1410456427684
23966,77.0,872.4200211377743
3158,402.0,872.4200211377743
13038,2280.0,872.4200211377743
20129,78.0,872.4200211377743
14034,144.0,872.4200211377743
16153,1809.0,872.4200211377743
22109,164.0,872.4200211377743
14218,299.0,872.4200211377743
12154,766.0,872.4200211377743
13697,111.0,872.4200211377743
3334,94.0,872.4200211377743
19842,61.0,872.4200211377743
9360,81.0,872.4200211377743
6945,79.0,872.4200211377743
1225,94.0,872.4200211377743
13513,385.0,872.4200211377743
19495,170.0,872.4200211377743
21564,98.0,872.4200211377743
2338,242.0,872.4200211377743
5833,89.0,872.4200211377743
2348,52.0,872.4200211377743
8657,34.0,872.4200211377743
20577,64.0,872.4200211377743
9591,1134.0,872.4200211377743
2140,131.0,872.4200211377743
23722,368.0,872.4200211377743
20594,71.0,872.4200211377743
8662,169.0,872.4200211377743
15447,42.0,872.4200211377743
22884,67.0,872.4200211377743
3421,260.0,872.4200211377743
18344,56.0,872.4200211377743
20597,68.0,872.4200211377743
4341,83.0,872.4200211377743
1510,29.0,3358.822000281429
8667,221.0,872.4200211377743
23696,112.0,872.4200211377743
19480,265.0,872.4200211377743
3033,329.0,872.4200211377743
22962,81.0,872.4200211377743
9889,46.0,872.4200211377743
7787,96.0,872.4200211377743
14830,323.0,872.4200211377743
17816,400.0,872.4200211377743
18658,69.0,872.4200211377743
19244,120.0,872.4200211377743
22135,44.0,872.4200211377743
22840,48.0,872.4200211377743
353,147.0,872.4200211377743
4030,252.0,872.4200211377743
3270,80.0,872.4200211377743
19696,420.0,872.4200211377743
23107,89.0,872.4200211377743
16679,232.0,872.4200211377743
17402,184.0,872.4200211377743
2653,149.0,872.4200211377743
15193,82.0,872.4200211377743
4687,75.0,872.4200211377743
1734,46.0,872.4200211377743
1289,83.0,872.4200211377743
7126,439.0,872.4200211377743
15655,279.0,872.4200211377743
675,75.0,872.4200211377743
7604,56.0,872.4200211377743
20053,23.0,872.4200211377743
130,96.0,872.4200211377743
8367,96.0,872.4200211377743
22520,53.0,872.4200211377743
14350,93.0,872.4200211377743
20906,168.0,872.4200211377743
15343,315.0,872.4200211377743
14389,84.0,872.4200211377743
8227,62.0,872.4200211377743
1618,146.0,872.4200211377743
22031,66.0,872.4200211377743
16521,124.0,872.4200211377743
2220,39.0,872.4200211377743
22734,33.0,872.4200211377743
10098,87.0,872.4200211377743
3370,126.0,872.4200211377743
17604,18.0,872.4200211377743
16582,53.0,872.4200211377743
4908,42.0,872.4200211377743
17782,239.0,872.4200211377743
20969,438.0,872.4200211377743
7133,174.0,872.4200211377743
8115,98.0,872.4200211377743
10795,76.0,872.4200211377743
17542,81.0,872.4200211377743
14878,358.0,872.4200211377743
19730,300.0,872.4200211377743
9921,126.0,872.4200211377743
15295,143.0,872.4200211377743
21591,69.0,872.4200211377743
22115,138.0,872.4200211377743
2469,141.0,872.4200211377743
11241,143.0,-2467.9644612570337
20124,335.0,872.4200211377743
2500,104.0,872.4200211377743
10711,107.0,872.4200211377743
6013,51.0,872.4200211377743
204,90.0,872.4200211377743
9887,59.0,872.4200211377743
1676,170.0,872.4200211377743
4117,41.0,872.4200211377743
8829,31.0,872.4200211377743
3884,125.0,872.4200211377743
15566,56.0,872.4200211377743
13690,188.0,872.4200211377743
18575,50.0,872.4200211377743
23924,70.0,872.4200211377743
3028,110.0,872.4200211377743
3008,101.0,872.4200211377743
6090,122.0,872.4200211377743
22171,15.0,872.4200211377743
21305,813.0,872.4200211377743
7161,247.0,872.4200211377743
12253,116.0,872.4200211377743
1437,185.0,872.4200211377743
11672,120.0,872.4200211377743
16691,203.0,872.4200211377743
22864,137.0,872.4200211377743
18215,63.0,872.4200211377743
10941,65.0,872.4200211377743
15077,53.0,872.4200211377743
9888,49.0,872.4200211377743
22512,39.0,872.4200211377743
7931,131.0,872.4200211377743
1603,712.0,872.4200211377743
23700,165.0,872.4200211377743
18151,396.0,872.4200211377743
5031,1352.0,872.4200211377743
3278,88.0,872.4200211377743
11845,408.0,872.4200211377743
7593,95.0,872.4200211377743
7165,197.0,872.4200211377743
1504,61.0,1165.6053664061915
214,117.0,872.4200211377743
1425,216.0,872.4200211377743
21310,628.0,872.4200211377743
11462,72.0,872.4200211377743
20257,125.0,872.4200211377743
11217,707.0,872.4200211377743
11102,208.0,872.4200211377743
8464,70.0,872.4200211377743
18217,57.0,872.4200211377743
14872,305.0,4352.332976081818
17370,185.0,872.4200211377743
10400,99.0,872.4200211377743
2493,158.0,872.4200211377743
13312,88.0,872.4200211377743
3783,35.0,872.4200211377743
1607,639.0,872.4200211377743
5296,32.0,872.4200211377743
9892,122.0,872.4200211377743
6942,15.0,872.4200211377743
6679,64.0,872.4200211377743
22494,67.0,872.4200211377743
7743,97.0,872.4200211377743
18220,81.0,872.4200211377743
11915,360.0,872.4200211377743
2912,145.0,872.4200211377743
21366,39.0,872.4200211377743
12720,137.0,872.4200211377743
4540,211.0,872.4200211377743
9913,12.0,872.4200211377743
3157,265.0,872.4200211377743
723,840.0,872.4200211377743
2381,150.0,872.4200211377743
22087,144.0,872.4200211377743
7438,90.0,872.4200211377743
23738,110.0,872.4200211377743
23901,62.0,872.4200211377743
17701,30368.0,872.4200211377743
13256,105.0,872.4200211377743
22590,46.0,872.4200211377743
7125,1884.0,872.4200211377743
19416,134.0,-436.31190516057086
3136,57.0,872.4200211377743
16396,29.0,-1246.2614965440985
9608,306.0,872.4200211377743
21129,95.0,872.4200211377743
8309,83.0,872.4200211377743
19046,490.0,872.4200211377743
18308,186.0,872.4200211377743
19228,255.0,872.4200211377743
2088,267.0,872.4200211377743
22846,911.0,872.4200211377743
15865,14.0,872.4200211377743
19926,640.0,872.4200211377743
12036,162.0,872.4200211377743
11753,122.0,872.4200211377743
20514,98.0,872.4200211377743
2011,245.0,872.4200211377743
21740,23.0,872.4200211377743
16694,177.0,872.4200211377743
19549,76.0,872.4200211377743
4010,52.0,872.4200211377743
6016,45.0,872.4200211377743
1460,152.0,872.4200211377743
19272,343.0,872.4200211377743
10652,95.0,736.661736625111
16082,175.0,872.4200211377743
21479,81.0,872.4200211377743
2799,73.0,872.4200211377743
6324,148.0,872.4200211377743
12077,1245.0,872.4200211377743
948,22.0,872.4200211377743
9354,70.0,872.4200211377743
16762,108.0,872.4200211377743
2013,266.0,872.4200211377743
19105,45.0,872.4200211377743
10501,447.0,872.4200211377743
23448,72.0,872.4200211377743
15926,156.0,872.4200211377743
20718,113.0,-569.9540069497607
15400,40.0,872.4200211377743
23166,77.0,872.4200211377743
316,55.0,872.4200211377743
318,37.0,872.4200211377743
5283,116.0,872.4200211377743
2520,69.0,872.4200211377743
6833,62.0,872.4200211377743
3192,60.0,872.4200211377743
15657,44.0,872.4200211377743
23587,70.0,872.4200211377743
19492,296.0,872.4200211377743
15757,73.0,872.4200211377743
437,32.0,872.4200211377743
11772,94.0,872.4200211377743
22938,83.0,872.4200211377743
7118,116.0,872.4200211377743
22637,81.0,872.4200211377743
3336,59.0,872.4200211377743
10774,1496.0,-494.85522409786927
16755,25.0,872.4200211377743
18424,22.0,872.4200211377743
20574,80.0,872.4200211377743
12871,602.0,872.4200211377743
2459,104.0,872.4200211377743
23058,73.0,872.4200211377743
11004,45.0,872.4200211377743
9144,290.0,872.4200211377743
18496,273.0,872.4200211377743
9378,1361.0,872.4200211377743
15976,525.0,872.4200211377743
9515,597.0,872.4200211377743
6470,120.0,872.4200211377743
15689,927.0,872.4200211377743
8838,20.0,872.4200211377743
23310,149.0,872.4200211377743
9271,859.0,872.4200211377743
12106,61.0,872.4200211377743
1562,33.0,872.4200211377743
17778,268.0,872.4200211377743
19859,151.0,872.4200211377743
21136,47.0,872.4200211377743
15846,194.0,872.4200211377743
23754,38.0,872.4200211377743
21607,146.0,872.4200211377743
22392,103.0,872.4200211377743
2639,17.0,872.4200211377743
2014,260.0,872.4200211377743
4145,103.0,872.4200211377743
5191,110.0,872.4200211377743
6482,100.0,872.4200211377743
23633,102.0,872.4200211377743
22481,67.0,872.4200211377743
11351,982.0,872.4200211377743
23292,69.0,872.4200211377743
8375,90.0,872.4200211377743
18176,48.0,872.4200211377743
17700,36355.0,872.4200211377743
5967,187.0,872.4200211377743
1306,46.0,872.4200211377743
19769,254.0,872.4200211377743
8451,307.0,872.4200211377743
7446,116.0,872.4200211377743
11719,297.0,872.4200211377743
2080,43.0,872.4200211377743
11770,44.0,872.4200211377743
2594,103.0,872.4200211377743
10827,364.0,1682.9384157361683
11972,70.0,872.4200211377743
5578,1145.0,872.4200211377743
16759,64.0,872.4200211377743
6073,3240.0,872.4200211377743
12600,58.0,872.4200211377743
20703,27.0,872.4200211377743
23855,161.0,872.4200211377743
8454,221.0,872.4200211377743
6071,965.0,872.4200211377743
1483,31.0,872.4200211377743
19218,138.0,872.4200211377743
13317,70.0,872.4200211377743
6004,144.0,872.4200211377743
13736,99.0,752.0801202462303
4880,17.0,872.4200211377743
7421,37.0,872.4200211377743
5796,50.0,872.4200211377743
11535,93.0,872.4200211377743
13268,19051.0,872.4200211377743
4507,458.0,872.4200211377743
21582,179.0,872.4200211377743
6895,595.0,872.4200211377743
120,43.0,872.4200211377743
4187,182.0,872.4200211377743
1457,56.0,872.4200211377743
10630,132.0,3632.3526891062447
2514,15.0,872.4200211377743
15683,1412.0,872.4200211377743
21217,196.0,872.4200211377743
10899,38.0,872.4200211377743
23035,216.0,872.4200211377743
21360,22.0,872.4200211377743
13940,9753.0,872.4200211377743
13275,23987.0,872.4200211377743
9602,96.0,872.4200211377743
3660,4175.0,872.4200211377743
19094,38.0,872.4200211377743
21576,363.0,5398.83238821083
12108,54.0,872.4200211377743
20958,38.0,872.4200211377743
10510,17.0,872.4200211377743
10931,81.0,872.4200211377743
2498,126.0,872.4200211377743
14877,377.0,872.4200211377743
13251,74.0,872.4200211377743
8279,4384.0,872.4200211377743
504,540.0,872.4200211377743
2129,50.0,872.4200211377743
17118,55.0,872.4200211377743
14184,187.0,872.4200211377743
1364,82.0,872.4200211377743
22310,136.0,872.4200211377743
2697,209.0,872.4200211377743
500,44.0,872.4200211377743
9209,470.0,872.4200211377743
10200,190.0,872.4200211377743
2065,68.0,872.4200211377743
16322,112.0,2003.7766766148604
10779,83.0,872.4200211377743
5374,76.0,872.4200211377743
11329,184.0,872.4200211377743
16034,46.0,872.4200211377743
1122,168.0,872.4200211377743
9869,3250.0,872.4200211377743
9524,252.0,872.4200211377743
2126,95.0,872.4200211377743
20560,313.0,872.4200211377743
23981,82.0,872.4200211377743
3936,69.0,872.4200211377743
6925,120.0,872.4200211377743
10702,397.0,872.4200211377743
22732,72.0,872.4200211377743
17911,148.0,872.4200211377743
12100,107.0,872.4200211377743
5242,37.0,872.4200211377743
4977,104.0,872.4200211377743
735,51.0,872.4200211377743
7700,111.0,872.4200211377743
7192,74.0,872.4200211377743
23172,197.0,872.4200211377743
17189,65.0,872.4200211377743
17995,300.0,872.4200211377743
11251,21.0,872.4200211377743
16587,95.0,1920.593668866295
13692,282.0,872.4200211377743
22765,34.0,872.4200211377743
11921,180.0,872.4200211377743
6134,58.0,872.4200211377743
9633,54.0,872.4200211377743
21344,472.0,872.4200211377743
22437,106.0,872.4200211377743
3121,50.0,872.4200211377743
3459,92.0,872.4200211377743
1116,51.0,872.4200211377743
20591,654.0,872.4200211377743
6744,199.0,872.4200211377743
23178,32.0,872.4200211377743
19929,2410.0,872.4200211377743
16086,108.0,872.4200211377743
12468,48.0,872.4200211377743
23239,99.0,872.4200211377743
7720,26.0,872.4200211377743
17602,20.0,872.4200211377743
2292,37.0,872.4200211377743
20122,372.0,-992.6761983484166
2197,57.0,872.4200211377743
9512,597.0,2104.654257074157
17349,107.0,872.4200211377743
4631,31979.0,872.4200211377743
1060,567.0,872.4200211377743
8011,104.0,-385.78030057813066
6757,61.0,872.4200211377743
5702,50.0,872.4200211377743
1303,58.0,872.4200211377743
1844,93.0,872.4200211377743
13669,69.0,872.4200211377743
21220,148.0,872.4200211377743
23765,132.0,872.4200211377743
3088,80.0,872.4200211377743
6546,82.0,-241.6433762037973
3503,150.0,872.4200211377743
12375,143.0,872.4200211377743
18947,308.0,872.4200211377743
4803,103.0,872.4200211377743
3183,81.0,872.4200211377743
22207,112.0,-971.163065141152
1870,33.0,872.4200211377743
11879,262.0,872.4200211377743
20581,100.0,872.4200211377743
16797,62.0,872.4200211377743
23247,40.0,872.4200211377743
6264,152.0,872.4200211377743
5589,164.0,872.4200211377743
13184,128.0,872.4200211377743
5412,54.0,872.4200211377743
11901,69.0,872.4200211377743
9941,380.0,872.4200211377743
10801,48.0,872.4200211377743
3720,30.0,872.4200211377743
23057,66.0,872.4200211377743
7383,57.0,872.4200211377743
10065,312.0,872.4200211377743
23481,60.0,872.4200211377743
20,106.0,872.4200211377743
19852,27841.0,872.4200211377743
23370,141.0,872.4200211377743
4266,59.0,872.4200211377743
6577,103.0,872.4200211377743
5452,87.0,872.4200211377743
2040,26.0,872.4200211377743
6372,252.0,872.4200211377743
4467,316.0,872.4200211377743
23680,130.0,872.4200211377743
14613,84.0,872.4200211377743
5980,52.0,872.4200211377743
1465,113.0,872.4200211377743
2217,50.0,872.4200211377743
10112,2870.0,872.4200211377743
15801,50.0,872.4200211377743
22578,67.0,872.4200211377743
5131,93.0,-2820.1655410625317
15434,205.0,872.4200211377743
7692,1693.0,872.4200211377743
3065,236.0,872.4200211377743
23245,74.0,872.4200211377743
1860,37.0,872.4200211377743
22896,88.0,872.4200211377743
4551,26.0,872.4200211377743
14165,145.0,872.4200211377743
10075,86.0,872.4200211377743
14291,169.0,872.4200211377743
14524,43777.0,872.4200211377743
9906,386.0,872.4200211377743
3211,112.0,872.4200211377743
7704,61.0,872.4200211377743
14171,303.0,872.4200211377743
23977,77.0,872.4200211377743
5825,102.0,872.4200211377743
3138,38.0,872.4200211377743
4207,65.0,872.4200211377743
2707,83.0,872.4200211377743
20303,275.0,872.4200211377743
14654,48.0,872.4200211377743
12432,80.0,872.4200211377743
12707,107.0,872.4200211377743
20457,1309.0,872.4200211377743
23910,80.0,872.4200211377743
6654,43.0,872.4200211377743
10867,102.0,872.4200211377743
16811,50.0,872.4200211377743
2037,19.0,872.4200211377743
18646,110.0,872.4200211377743
3482,101.0,872.4200211377743
18516,47.0,872.4200211377743
14147,202.0,872.4200211377743
5859,107.0,872.4200211377743
21412,18.0,872.4200211377743
20121,405.0,872.4200211377743
15646,112.0,872.4200211377743
10085,660.0,872.4200211377743
17719,404.0,872.4200211377743
19709,62.0,513.1763970527995
19724,825.0,872.4200211377743
13013,58.0,872.4200211377743
17648,17.0,872.4200211377743
23498,18.0,872.4200211377743
19625,733.0,872.4200211377743
21971,204.0,872.4200211377743
13368,221.0,872.4200211377743
3366,111.0,872.4200211377743
14049,138.0,872.4200211377743
7337,159.0,872.4200211377743
2092,263.0,872.4200211377743
16544,221.0,872.4200211377743
13560,25.0,872.4200211377743
5456,73.0,872.4200211377743
9886,88.0,872.4200211377743
17603,20.0,872.4200211377743
7474,105.0,872.4200211377743
13259,136.0,872.4200211377743
16627,25.0,872.4200211377743
8032,144.0,872.4200211377743
5551,113.0,872.4200211377743
16240,513.0,872.4200211377743
19193,30.0,872.4200211377743
4176,41.0,872.4200211377743
17187,60.0,-1543.268902972231
23962,84.0,872.4200211377743
2370,200.0,872.4200211377743
5622,45.0,872.4200211377743
3505,135.0,872.4200211377743
38,396.0,872.4200211377743
13462,46.0,872.4200211377743
18874,1472.0,872.4200211377743
19122,105.0,872.4200211377743
16567,45.0,872.4200211377743
22247,89.0,872.4200211377743
15378,133.0,872.4200211377743
23403,58.0,872.4200211377743
16891,3207.0,872.4200211377743
7331,313.0,872.4200211377743
22697,151.0,872.4200211377743
7675,167.0,872.4200211377743
855,47.0,872.4200211377743
22460,110.0,872.4200211377743
8353,156.0,872.4200211377743
18922,430.0,872.4200211377743
22495,41.0,872.4200211377743
176,74.0,872.4200211377743
12684,97.0,872.4200211377743
18944,623.0,872.4200211377743
16320,112.0,872.4200211377743
18753,666.0,872.4200211377743
10536,42.0,872.4200211377743
6741,278.0,872.4200211377743
14523,51024.0,872.4200211377743
23799,47.0,872.4200211377743
576,170.0,872.4200211377743
11854,98.0,872.4200211377743
6459,112.0,872.4200211377743
16166,50.0,872.4200211377743
16873,49.0,872.4200211377743
14903,426.0,872.4200211377743
206,71.0,872.4200211377743
8396,125.0,872.4200211377743
17656,181.0,872.4200211377743
4264,37.0,872.4200211377743
20979,45.0,872.4200211377743
22211,31.0,872.4200211377743
22803,59.0,872.4200211377743
2588,240.0,872.4200211377743
17999,172.0,872.4200211377743
13320,62.0,872.4200211377743
10466,177.0,872.4200211377743
10209,328.0,872.4200211377743
22272,186.0,872.4200211377743
15272,187.0,872.4200211377743
19548,87.0,872.4200211377743
5987,130.0,872.4200211377743
6271,119.0,872.4200211377743
12307,57.0,872.4200211377743
17161,75.0,872.4200211377743
14372,22.0,872.4200211377743
4103,249.0,872.4200211377743
23006,44.0,872.4200211377743
5586,224.0,872.4200211377743
11806,82.0,872.4200211377743
15390,27.0,872.4200211377743
3670,123.0,872.4200211377743
1474,120.0,872.4200211377743
19158,13.0,872.4200211377743
3086,153.0,872.4200211377743
4703,29.0,872.4200211377743
7442,52.0,872.4200211377743
10962,167.0,-1285.4388393524205
13941,8300.0,872.4200211377743
4820,136.0,872.4200211377743
5518,46.0,872.4200211377743
15267,75.0,872.4200211377743
18209,101.0,872.4200211377743
2333,117.0,872.4200211377743
6874,797.0,872.4200211377743
16038,85.0,872.4200211377743
8421,11155.0,872.4200211377743
10083,604.0,872.4200211377743
1476,108.0,872.4200211377743
23900,480.0,872.4200211377743
7627,100.0,872.4200211377743
9429,159.0,872.4200211377743
10343,149.0,872.4200211377743
2705,158.0,872.4200211377743
18946,416.0,872.4200211377743
4186,278.0,872.4200211377743
14832,94.0,872.4200211377743
23196,129.0,872.4200211377743
22274,136.0,872.4200211377743
7679,134.0,872.4200211377743
21755,45.0,872.4200211377743
10733,128.0,872.4200211377743
