,y_test,prediction
3259,203.0,872.5040361249485
11210,1702.0,872.5040361249485
2610,89.0,872.5040361249485
11318,56.0,872.5040361249485
12475,35.0,872.5040361249485
14363,127.0,872.5040361249485
9282,43.0,-1175.4179857058552
590,177.0,872.5040361249485
8273,13826.0,872.5040361249485
8330,120.0,872.5040361249485
14010,265.0,872.5040361249485
1931,73.0,872.5040361249485
9176,36.0,872.5040361249485
10714,117.0,872.5040361249485
11225,79.0,872.5040361249485
4694,331.0,872.5040361249485
7346,133.0,872.5040361249485
21221,113.0,872.5040361249485
23718,55.0,872.5040361249485
12710,107.0,872.5040361249485
17923,50.0,872.5040361249485
2047,181.0,3195.8951734235234
8999,112.0,872.5040361249485
787,113.0,2628.3429470804476
6825,57.0,872.5040361249485
11919,269.0,872.5040361249485
16014,63.0,872.5040361249485
7309,77.0,872.5040361249485
1492,71.0,872.5040361249485
7120,120.0,872.5040361249485
4091,43.0,872.5040361249485
10418,103.0,872.5040361249485
19061,108.0,872.5040361249485
15138,248.0,872.5040361249485
23944,112.0,872.5040361249485
7188,77.0,872.5040361249485
9570,153.0,872.5040361249485
10356,423.0,872.5040361249485
19931,2986.0,872.5040361249485
21945,22.0,872.5040361249485
17702,21996.0,872.5040361249485
11515,182.0,872.5040361249485
8253,32.0,872.5040361249485
2491,555.0,872.5040361249485
9050,172.0,872.5040361249485
11892,77.0,-1396.1449094845375
22676,69.0,872.5040361249485
18676,149.0,872.5040361249485
2377,32.0,872.5040361249485
19478,708.0,872.5040361249485
8080,81.0,872.5040361249485
4922,67.0,872.5040361249485
6163,122.0,872.5040361249485
13688,259.0,872.5040361249485
7706,56.0,872.5040361249485
22033,56.0,872.5040361249485
11920,216.0,872.5040361249485
5850,114.0,872.5040361249485
3913,31.0,872.5040361249485
3036,162.0,872.5040361249485
11750,232.0,872.5040361249485
2369,287.0,872.5040361249485
3212,589.0,872.5040361249485
17841,57.0,872.5040361249485
2465,210.0,872.5040361249485
22107,350.0,872.5040361249485
7039,153.0,778.1479755450346
16238,289.0,872.5040361249485
8721,24307.0,872.5040361249485
19565,176.0,872.5040361249485
18894,118.0,872.5040361249485
4851,40.0,872.5040361249485
12837,155.0,872.5040361249485
20034,47.0,872.5040361249485
8733,71.0,872.5040361249485
12752,71.0,872.5040361249485
19369,86.0,872.5040361249485
3513,19.0,872.5040361249485
5086,40.0,872.5040361249485
21885,40.0,872.5040361249485
4702,30.0,872.5040361249485
10809,97.0,872.5040361249485
18466,80.0,872.5040361249485
19849,41756.0,872.5040361249485
5548,118.0,872.5040361249485
15035,78.0,872.5040361249485
7509,40.0,872.5040361249485
20555,53.0,872.5040361249485
12303,59.0,872.5040361249485
22397,46.0,872.5040361249485
181,70.0,872.5040361249485
17032,320.0,872.5040361249485
7911,45.0,872.5040361249485
12473,49.0,872.5040361249485
22599,88.0,872.5040361249485
212,82.0,872.5040361249485
7297,81.0,-2933.7933681784416
20759,114.0,872.5040361249485
4194,479.0,872.5040361249485
23195,100.0,872.5040361249485
351,95.0,872.5040361249485
3867,57.0,872.5040361249485
3064,182.0,872.5040361249485
23171,101.0,872.5040361249485
1238,52.0,872.5040361249485
17008,1159.0,872.5040361249485
3063,90.0,872.5040361249485
21947,9.0,872.5040361249485
22410,135.0,872.5040361249485
23218,104.0,872.5040361249485
12156,617.0,872.5040361249485
23468,54.0,872.5040361249485
15881,92.0,-5532.069190415168
23966,77.0,872.5040361249485
3158,402.0,872.5040361249485
13038,2280.0,872.5040361249485
20129,78.0,872.5040361249485
14034,144.0,872.5040361249485
16153,1809.0,872.5040361249485
22109,164.0,872.5040361249485
14218,299.0,872.5040361249485
12154,766.0,872.5040361249485
13697,111.0,872.5040361249485
3334,94.0,872.5040361249485
19842,61.0,872.5040361249485
9360,81.0,872.5040361249485
6945,79.0,872.5040361249485
1225,94.0,872.5040361249485
13513,385.0,872.5040361249485
19495,170.0,872.5040361249485
21564,98.0,872.5040361249485
2338,242.0,872.5040361249485
5833,89.0,872.5040361249485
2348,52.0,872.5040361249485
8657,34.0,872.5040361249485
20577,64.0,872.5040361249485
9591,1134.0,872.5040361249485
2140,131.0,872.5040361249485
23722,368.0,872.5040361249485
20594,71.0,872.5040361249485
8662,169.0,872.5040361249485
15447,42.0,872.5040361249485
22884,67.0,872.5040361249485
3421,260.0,872.5040361249485
18344,56.0,872.5040361249485
20597,68.0,872.5040361249485
4341,83.0,872.5040361249485
1510,29.0,-21456.276720032263
8667,221.0,872.5040361249485
23696,112.0,872.5040361249485
19480,265.0,872.5040361249485
3033,329.0,872.5040361249485
22962,81.0,872.5040361249485
9889,46.0,872.5040361249485
7787,96.0,872.5040361249485
14830,323.0,872.5040361249485
17816,400.0,872.5040361249485
18658,69.0,872.5040361249485
19244,120.0,872.5040361249485
22135,44.0,872.5040361249485
22840,48.0,872.5040361249485
353,147.0,872.5040361249485
4030,252.0,872.5040361249485
3270,80.0,872.5040361249485
19696,420.0,872.5040361249485
23107,89.0,872.5040361249485
16679,232.0,872.5040361249485
17402,184.0,872.5040361249485
2653,149.0,872.5040361249485
15193,82.0,872.5040361249485
4687,75.0,872.5040361249485
1734,46.0,872.5040361249485
1289,83.0,872.5040361249485
7126,439.0,872.5040361249485
15655,279.0,872.5040361249485
675,75.0,872.5040361249485
7604,56.0,872.5040361249485
20053,23.0,872.5040361249485
130,96.0,872.5040361249485
8367,96.0,872.5040361249485
22520,53.0,872.5040361249485
14350,93.0,872.5040361249485
20906,168.0,872.5040361249485
15343,315.0,872.5040361249485
14389,84.0,872.5040361249485
8227,62.0,872.5040361249485
1618,146.0,872.5040361249485
22031,66.0,872.5040361249485
16521,124.0,872.5040361249485
2220,39.0,872.5040361249485
22734,33.0,872.5040361249485
10098,87.0,872.5040361249485
3370,126.0,872.5040361249485
17604,18.0,872.5040361249485
16582,53.0,872.5040361249485
4908,42.0,872.5040361249485
17782,239.0,872.5040361249485
20969,438.0,872.5040361249485
7133,174.0,872.5040361249485
8115,98.0,872.5040361249485
10795,76.0,872.5040361249485
17542,81.0,872.5040361249485
14878,358.0,872.5040361249485
19730,300.0,872.5040361249485
9921,126.0,872.5040361249485
15295,143.0,872.5040361249485
21591,69.0,872.5040361249485
22115,138.0,872.5040361249485
2469,141.0,872.5040361249485
11241,143.0,4156.045062521771
20124,335.0,872.5040361249485
2500,104.0,872.5040361249485
10711,107.0,872.5040361249485
6013,51.0,872.5040361249485
204,90.0,872.5040361249485
9887,59.0,872.5040361249485
1676,170.0,872.5040361249485
4117,41.0,872.5040361249485
8829,31.0,872.5040361249485
3884,125.0,872.5040361249485
15566,56.0,872.5040361249485
13690,188.0,872.5040361249485
18575,50.0,872.5040361249485
23924,70.0,872.5040361249485
3028,110.0,872.5040361249485
3008,101.0,872.5040361249485
6090,122.0,872.5040361249485
22171,15.0,872.5040361249485
21305,813.0,872.5040361249485
7161,247.0,872.5040361249485
12253,116.0,872.5040361249485
1437,185.0,872.5040361249485
11672,120.0,872.5040361249485
16691,203.0,872.5040361249485
22864,137.0,872.5040361249485
18215,63.0,872.5040361249485
10941,65.0,872.5040361249485
15077,53.0,872.5040361249485
9888,49.0,872.5040361249485
22512,39.0,872.5040361249485
7931,131.0,872.5040361249485
1603,712.0,872.5040361249485
23700,165.0,872.5040361249485
18151,396.0,872.5040361249485
5031,1352.0,872.5040361249485
3278,88.0,872.5040361249485
11845,408.0,872.5040361249485
7593,95.0,872.5040361249485
7165,197.0,872.5040361249485
1504,61.0,1482.3758774875387
214,117.0,872.5040361249485
1425,216.0,872.5040361249485
21310,628.0,872.5040361249485
11462,72.0,872.5040361249485
20257,125.0,872.5040361249485
11217,707.0,872.5040361249485
11102,208.0,872.5040361249485
8464,70.0,872.5040361249485
18217,57.0,872.5040361249485
14872,305.0,-927.4401746895091
17370,185.0,872.5040361249485
10400,99.0,872.5040361249485
2493,158.0,872.5040361249485
13312,88.0,872.5040361249485
3783,35.0,872.5040361249485
1607,639.0,872.5040361249485
5296,32.0,872.5040361249485
9892,122.0,872.5040361249485
6942,15.0,872.5040361249485
6679,64.0,872.5040361249485
22494,67.0,872.5040361249485
7743,97.0,872.5040361249485
18220,81.0,872.5040361249485
11915,360.0,872.5040361249485
2912,145.0,872.5040361249485
21366,39.0,872.5040361249485
12720,137.0,872.5040361249485
4540,211.0,872.5040361249485
9913,12.0,872.5040361249485
3157,265.0,872.5040361249485
723,840.0,872.5040361249485
2381,150.0,872.5040361249485
22087,144.0,872.5040361249485
7438,90.0,872.5040361249485
23738,110.0,872.5040361249485
23901,62.0,872.5040361249485
17701,30368.0,872.5040361249485
13256,105.0,872.5040361249485
22590,46.0,872.5040361249485
7125,1884.0,872.5040361249485
19416,134.0,-4123.24313927185
3136,57.0,872.5040361249485
16396,29.0,2779.7453959213526
9608,306.0,872.5040361249485
21129,95.0,872.5040361249485
8309,83.0,872.5040361249485
19046,490.0,872.5040361249485
18308,186.0,872.5040361249485
19228,255.0,872.5040361249485
2088,267.0,872.5040361249485
22846,911.0,872.5040361249485
15865,14.0,872.5040361249485
19926,640.0,872.5040361249485
12036,162.0,872.5040361249485
11753,122.0,872.5040361249485
20514,98.0,872.5040361249485
2011,245.0,872.5040361249485
21740,23.0,872.5040361249485
16694,177.0,872.5040361249485
19549,76.0,872.5040361249485
4010,52.0,872.5040361249485
6016,45.0,872.5040361249485
1460,152.0,872.5040361249485
19272,343.0,872.5040361249485
10652,95.0,-3841.581061973724
16082,175.0,872.5040361249485
21479,81.0,872.5040361249485
2799,73.0,872.5040361249485
6324,148.0,872.5040361249485
12077,1245.0,872.5040361249485
948,22.0,872.5040361249485
9354,70.0,872.5040361249485
16762,108.0,872.5040361249485
2013,266.0,872.5040361249485
19105,45.0,872.5040361249485
10501,447.0,872.5040361249485
23448,72.0,872.5040361249485
15926,156.0,872.5040361249485
20718,113.0,-4818.425218613782
15400,40.0,872.5040361249485
23166,77.0,872.5040361249485
316,55.0,872.5040361249485
318,37.0,872.5040361249485
5283,116.0,872.5040361249485
2520,69.0,872.5040361249485
6833,62.0,872.5040361249485
3192,60.0,872.5040361249485
15657,44.0,872.5040361249485
23587,70.0,872.5040361249485
19492,296.0,872.5040361249485
15757,73.0,872.5040361249485
437,32.0,872.5040361249485
11772,94.0,872.5040361249485
22938,83.0,872.5040361249485
7118,116.0,872.5040361249485
22637,81.0,872.5040361249485
3336,59.0,872.5040361249485
10774,1496.0,-4663.4858688045715
16755,25.0,872.5040361249485
18424,22.0,872.5040361249485
20574,80.0,872.5040361249485
12871,602.0,872.5040361249485
2459,104.0,872.5040361249485
23058,73.0,872.5040361249485
11004,45.0,872.5040361249485
9144,290.0,872.5040361249485
18496,273.0,872.5040361249485
9378,1361.0,872.5040361249485
15976,525.0,872.5040361249485
9515,597.0,872.5040361249485
6470,120.0,872.5040361249485
15689,927.0,872.5040361249485
8838,20.0,872.5040361249485
23310,149.0,872.5040361249485
9271,859.0,872.5040361249485
12106,61.0,872.5040361249485
1562,33.0,872.5040361249485
17778,268.0,872.5040361249485
19859,151.0,872.5040361249485
21136,47.0,872.5040361249485
15846,194.0,872.5040361249485
23754,38.0,872.5040361249485
21607,146.0,872.5040361249485
22392,103.0,872.5040361249485
2639,17.0,872.5040361249485
2014,260.0,872.5040361249485
4145,103.0,872.5040361249485
5191,110.0,872.5040361249485
6482,100.0,872.5040361249485
23633,102.0,872.5040361249485
22481,67.0,872.5040361249485
11351,982.0,872.5040361249485
23292,69.0,872.5040361249485
8375,90.0,872.5040361249485
18176,48.0,872.5040361249485
17700,36355.0,872.5040361249485
5967,187.0,872.5040361249485
1306,46.0,872.5040361249485
19769,254.0,872.5040361249485
8451,307.0,872.5040361249485
7446,116.0,872.5040361249485
11719,297.0,872.5040361249485
2080,43.0,872.5040361249485
11770,44.0,872.5040361249485
2594,103.0,872.5040361249485
10827,364.0,-7949.7666052102795
11972,70.0,872.5040361249485
5578,1145.0,872.5040361249485
16759,64.0,872.5040361249485
6073,3240.0,872.5040361249485
12600,58.0,872.5040361249485
20703,27.0,872.5040361249485
23855,161.0,872.5040361249485
8454,221.0,872.5040361249485
6071,965.0,872.5040361249485
1483,31.0,872.5040361249485
19218,138.0,872.5040361249485
13317,70.0,872.5040361249485
6004,144.0,872.5040361249485
13736,99.0,-1537.2618927859803
4880,17.0,872.5040361249485
7421,37.0,872.5040361249485
5796,50.0,872.5040361249485
11535,93.0,872.5040361249485
13268,19051.0,872.5040361249485
4507,458.0,872.5040361249485
21582,179.0,872.5040361249485
6895,595.0,872.5040361249485
120,43.0,872.5040361249485
4187,182.0,872.5040361249485
1457,56.0,872.5040361249485
10630,132.0,-3520.022550068119
2514,15.0,872.5040361249485
15683,1412.0,872.5040361249485
21217,196.0,872.5040361249485
10899,38.0,872.5040361249485
23035,216.0,872.5040361249485
21360,22.0,872.5040361249485
13940,9753.0,872.5040361249485
13275,23987.0,872.5040361249485
9602,96.0,872.5040361249485
3660,4175.0,872.5040361249485
19094,38.0,872.5040361249485
21576,363.0,3285.2690271766114
12108,54.0,872.5040361249485
20958,38.0,872.5040361249485
10510,17.0,872.5040361249485
10931,81.0,872.5040361249485
2498,126.0,872.5040361249485
14877,377.0,872.5040361249485
13251,74.0,872.5040361249485
8279,4384.0,872.5040361249485
504,540.0,872.5040361249485
2129,50.0,872.5040361249485
17118,55.0,872.5040361249485
14184,187.0,872.5040361249485
1364,82.0,872.5040361249485
22310,136.0,872.5040361249485
2697,209.0,872.5040361249485
500,44.0,872.5040361249485
9209,470.0,872.5040361249485
10200,190.0,872.5040361249485
2065,68.0,872.5040361249485
16322,112.0,-565.2119164344404
10779,83.0,872.5040361249485
5374,76.0,872.5040361249485
11329,184.0,872.5040361249485
16034,46.0,872.5040361249485
1122,168.0,872.5040361249485
9869,3250.0,872.5040361249485
9524,252.0,872.5040361249485
2126,95.0,872.5040361249485
20560,313.0,872.5040361249485
23981,82.0,872.5040361249485
3936,69.0,872.5040361249485
6925,120.0,872.5040361249485
10702,397.0,872.5040361249485
22732,72.0,872.5040361249485
17911,148.0,872.5040361249485
12100,107.0,872.5040361249485
5242,37.0,872.5040361249485
4977,104.0,872.5040361249485
735,51.0,872.5040361249485
7700,111.0,872.5040361249485
7192,74.0,872.5040361249485
23172,197.0,872.5040361249485
17189,65.0,872.5040361249485
17995,300.0,872.5040361249485
11251,21.0,872.5040361249485
16587,95.0,358.141899346876
13692,282.0,872.5040361249485
22765,34.0,872.5040361249485
11921,180.0,872.5040361249485
6134,58.0,872.5040361249485
9633,54.0,872.5040361249485
21344,472.0,872.5040361249485
22437,106.0,872.5040361249485
3121,50.0,872.5040361249485
3459,92.0,872.5040361249485
1116,51.0,872.5040361249485
20591,654.0,872.5040361249485
6744,199.0,872.5040361249485
23178,32.0,872.5040361249485
19929,2410.0,872.5040361249485
16086,108.0,872.5040361249485
12468,48.0,872.5040361249485
23239,99.0,872.5040361249485
7720,26.0,872.5040361249485
17602,20.0,872.5040361249485
2292,37.0,872.5040361249485
20122,372.0,-3400.437812084645
2197,57.0,872.5040361249485
9512,597.0,1775.4743321555507
17349,107.0,872.5040361249485
4631,31979.0,872.5040361249485
1060,567.0,872.5040361249485
8011,104.0,-1353.6781859555267
6757,61.0,872.5040361249485
5702,50.0,872.5040361249485
1303,58.0,872.5040361249485
1844,93.0,872.5040361249485
13669,69.0,872.5040361249485
21220,148.0,872.5040361249485
23765,132.0,872.5040361249485
3088,80.0,872.5040361249485
6546,82.0,1224.060548977497
3503,150.0,872.5040361249485
12375,143.0,872.5040361249485
18947,308.0,872.5040361249485
4803,103.0,872.5040361249485
3183,81.0,872.5040361249485
22207,112.0,709.960710577674
1870,33.0,872.5040361249485
11879,262.0,872.5040361249485
20581,100.0,872.5040361249485
16797,62.0,872.5040361249485
23247,40.0,872.5040361249485
6264,152.0,872.5040361249485
5589,164.0,872.5040361249485
13184,128.0,872.5040361249485
5412,54.0,872.5040361249485
11901,69.0,872.5040361249485
9941,380.0,872.5040361249485
10801,48.0,872.5040361249485
3720,30.0,872.5040361249485
23057,66.0,872.5040361249485
7383,57.0,872.5040361249485
10065,312.0,872.5040361249485
23481,60.0,872.5040361249485
20,106.0,872.5040361249485
19852,27841.0,872.5040361249485
23370,141.0,872.5040361249485
4266,59.0,872.5040361249485
6577,103.0,872.5040361249485
5452,87.0,872.5040361249485
2040,26.0,872.5040361249485
6372,252.0,872.5040361249485
4467,316.0,872.5040361249485
23680,130.0,872.5040361249485
14613,84.0,872.5040361249485
5980,52.0,872.5040361249485
1465,113.0,872.5040361249485
2217,50.0,872.5040361249485
10112,2870.0,872.5040361249485
15801,50.0,872.5040361249485
22578,67.0,872.5040361249485
5131,93.0,216.34671981310385
15434,205.0,872.5040361249485
7692,1693.0,872.5040361249485
3065,236.0,872.5040361249485
23245,74.0,872.5040361249485
1860,37.0,872.5040361249485
22896,88.0,872.5040361249485
4551,26.0,872.5040361249485
14165,145.0,872.5040361249485
10075,86.0,872.5040361249485
14291,169.0,872.5040361249485
14524,43777.0,872.5040361249485
9906,386.0,872.5040361249485
3211,112.0,872.5040361249485
7704,61.0,872.5040361249485
14171,303.0,872.5040361249485
23977,77.0,872.5040361249485
5825,102.0,872.5040361249485
3138,38.0,872.5040361249485
4207,65.0,872.5040361249485
2707,83.0,872.5040361249485
20303,275.0,872.5040361249485
14654,48.0,872.5040361249485
12432,80.0,872.5040361249485
12707,107.0,872.5040361249485
20457,1309.0,872.5040361249485
23910,80.0,872.5040361249485
6654,43.0,872.5040361249485
10867,102.0,872.5040361249485
16811,50.0,872.5040361249485
2037,19.0,872.5040361249485
18646,110.0,872.5040361249485
3482,101.0,872.5040361249485
18516,47.0,872.5040361249485
14147,202.0,872.5040361249485
5859,107.0,872.5040361249485
21412,18.0,872.5040361249485
20121,405.0,872.5040361249485
15646,112.0,872.5040361249485
10085,660.0,872.5040361249485
17719,404.0,872.5040361249485
19709,62.0,-2418.5782101039586
19724,825.0,872.5040361249485
13013,58.0,872.5040361249485
17648,17.0,872.5040361249485
23498,18.0,872.5040361249485
19625,733.0,872.5040361249485
21971,204.0,872.5040361249485
13368,221.0,872.5040361249485
3366,111.0,872.5040361249485
14049,138.0,872.5040361249485
7337,159.0,872.5040361249485
2092,263.0,872.5040361249485
16544,221.0,872.5040361249485
13560,25.0,872.5040361249485
5456,73.0,872.5040361249485
9886,88.0,872.5040361249485
17603,20.0,872.5040361249485
7474,105.0,872.5040361249485
13259,136.0,872.5040361249485
16627,25.0,872.5040361249485
8032,144.0,872.5040361249485
5551,113.0,872.5040361249485
16240,513.0,872.5040361249485
19193,30.0,872.5040361249485
4176,41.0,872.5040361249485
17187,60.0,347.6315744628737
23962,84.0,872.5040361249485
2370,200.0,872.5040361249485
5622,45.0,872.5040361249485
3505,135.0,872.5040361249485
38,396.0,872.5040361249485
13462,46.0,872.5040361249485
18874,1472.0,872.5040361249485
19122,105.0,872.5040361249485
16567,45.0,872.5040361249485
22247,89.0,872.5040361249485
15378,133.0,872.5040361249485
23403,58.0,872.5040361249485
16891,3207.0,872.5040361249485
7331,313.0,872.5040361249485
22697,151.0,872.5040361249485
7675,167.0,872.5040361249485
855,47.0,872.5040361249485
22460,110.0,872.5040361249485
8353,156.0,872.5040361249485
18922,430.0,872.5040361249485
22495,41.0,872.5040361249485
176,74.0,872.5040361249485
12684,97.0,872.5040361249485
18944,623.0,872.5040361249485
16320,112.0,872.5040361249485
18753,666.0,872.5040361249485
10536,42.0,872.5040361249485
6741,278.0,872.5040361249485
14523,51024.0,872.5040361249485
23799,47.0,872.5040361249485
576,170.0,872.5040361249485
11854,98.0,872.5040361249485
6459,112.0,872.5040361249485
16166,50.0,872.5040361249485
16873,49.0,872.5040361249485
14903,426.0,872.5040361249485
206,71.0,872.5040361249485
8396,125.0,872.5040361249485
17656,181.0,872.5040361249485
4264,37.0,872.5040361249485
20979,45.0,872.5040361249485
22211,31.0,872.5040361249485
22803,59.0,872.5040361249485
2588,240.0,872.5040361249485
17999,172.0,872.5040361249485
13320,62.0,872.5040361249485
10466,177.0,872.5040361249485
10209,328.0,872.5040361249485
22272,186.0,872.5040361249485
15272,187.0,872.5040361249485
19548,87.0,872.5040361249485
5987,130.0,872.5040361249485
6271,119.0,872.5040361249485
12307,57.0,872.5040361249485
17161,75.0,872.5040361249485
14372,22.0,872.5040361249485
4103,249.0,872.5040361249485
23006,44.0,872.5040361249485
5586,224.0,872.5040361249485
11806,82.0,872.5040361249485
15390,27.0,872.5040361249485
3670,123.0,872.5040361249485
1474,120.0,872.5040361249485
19158,13.0,872.5040361249485
3086,153.0,872.5040361249485
4703,29.0,872.5040361249485
7442,52.0,872.5040361249485
10962,167.0,-4789.952332346256
13941,8300.0,872.5040361249485
4820,136.0,872.5040361249485
5518,46.0,872.5040361249485
15267,75.0,872.5040361249485
18209,101.0,872.5040361249485
2333,117.0,872.5040361249485
6874,797.0,872.5040361249485
16038,85.0,872.5040361249485
8421,11155.0,872.5040361249485
10083,604.0,872.5040361249485
1476,108.0,872.5040361249485
23900,480.0,872.5040361249485
7627,100.0,872.5040361249485
9429,159.0,872.5040361249485
10343,149.0,872.5040361249485
2705,158.0,872.5040361249485
18946,416.0,872.5040361249485
4186,278.0,872.5040361249485
14832,94.0,872.5040361249485
23196,129.0,872.5040361249485
22274,136.0,872.5040361249485
7679,134.0,872.5040361249485
21755,45.0,872.5040361249485
10733,128.0,872.5040361249485
