,y_test,prediction
3259,203.0,886.2557973490882
11210,1702.0,886.2557973490882
2610,89.0,886.2557973490882
11318,56.0,886.2557973490882
12475,35.0,886.2557973490882
14363,127.0,886.2557973490882
9282,43.0,95.11
590,177.0,886.2557973490882
8273,13826.0,886.2557973490882
8330,120.0,886.2557973490882
14010,265.0,886.2557973490882
1931,73.0,886.2557973490882
9176,36.0,886.2557973490882
10714,117.0,886.2557973490882
11225,79.0,886.2557973490882
4694,331.0,886.2557973490882
7346,133.0,886.2557973490882
21221,113.0,886.2557973490882
23718,55.0,886.2557973490882
12710,107.0,886.2557973490882
17923,50.0,886.2557973490882
2047,181.0,114.78
8999,112.0,886.2557973490882
787,113.0,355.94
6825,57.0,886.2557973490882
11919,269.0,886.2557973490882
16014,63.0,886.2557973490882
7309,77.0,886.2557973490882
1492,71.0,886.2557973490882
7120,120.0,886.2557973490882
4091,43.0,886.2557973490882
10418,103.0,886.2557973490882
19061,108.0,886.2557973490882
15138,248.0,886.2557973490882
23944,112.0,886.2557973490882
7188,77.0,886.2557973490882
9570,153.0,886.2557973490882
10356,423.0,886.2557973490882
19931,2986.0,886.2557973490882
21945,22.0,886.2557973490882
17702,21996.0,886.2557973490882
11515,182.0,886.2557973490882
8253,32.0,886.2557973490882
2491,555.0,886.2557973490882
9050,172.0,886.2557973490882
11892,77.0,76.37
22676,69.0,886.2557973490882
18676,149.0,886.2557973490882
2377,32.0,886.2557973490882
19478,708.0,886.2557973490882
8080,81.0,886.2557973490882
4922,67.0,886.2557973490882
6163,122.0,886.2557973490882
13688,259.0,886.2557973490882
7706,56.0,886.2557973490882
22033,56.0,886.2557973490882
11920,216.0,886.2557973490882
5850,114.0,886.2557973490882
3913,31.0,886.2557973490882
3036,162.0,886.2557973490882
11750,232.0,886.2557973490882
2369,287.0,886.2557973490882
3212,589.0,886.2557973490882
17841,57.0,886.2557973490882
2465,210.0,886.2557973490882
22107,350.0,886.2557973490882
7039,153.0,1279.89
16238,289.0,886.2557973490882
8721,24307.0,886.2557973490882
19565,176.0,886.2557973490882
18894,118.0,886.2557973490882
4851,40.0,886.2557973490882
12837,155.0,886.2557973490882
20034,47.0,886.2557973490882
8733,71.0,886.2557973490882
12752,71.0,886.2557973490882
19369,86.0,886.2557973490882
3513,19.0,886.2557973490882
5086,40.0,886.2557973490882
21885,40.0,886.2557973490882
4702,30.0,886.2557973490882
10809,97.0,886.2557973490882
18466,80.0,886.2557973490882
19849,41756.0,886.2557973490882
5548,118.0,886.2557973490882
15035,78.0,886.2557973490882
7509,40.0,886.2557973490882
20555,53.0,886.2557973490882
12303,59.0,886.2557973490882
22397,46.0,886.2557973490882
181,70.0,886.2557973490882
17032,320.0,886.2557973490882
7911,45.0,886.2557973490882
12473,49.0,886.2557973490882
22599,88.0,886.2557973490882
212,82.0,886.2557973490882
7297,81.0,2084.8
20759,114.0,886.2557973490882
4194,479.0,886.2557973490882
23195,100.0,886.2557973490882
351,95.0,886.2557973490882
3867,57.0,886.2557973490882
3064,182.0,886.2557973490882
23171,101.0,886.2557973490882
1238,52.0,886.2557973490882
17008,1159.0,886.2557973490882
3063,90.0,886.2557973490882
21947,9.0,886.2557973490882
22410,135.0,886.2557973490882
23218,104.0,886.2557973490882
12156,617.0,886.2557973490882
23468,54.0,886.2557973490882
15881,92.0,824.3655261221487
23966,77.0,886.2557973490882
3158,402.0,886.2557973490882
13038,2280.0,886.2557973490882
20129,78.0,886.2557973490882
14034,144.0,886.2557973490882
16153,1809.0,886.2557973490882
22109,164.0,886.2557973490882
14218,299.0,886.2557973490882
12154,766.0,886.2557973490882
13697,111.0,886.2557973490882
3334,94.0,886.2557973490882
19842,61.0,886.2557973490882
9360,81.0,886.2557973490882
6945,79.0,886.2557973490882
1225,94.0,886.2557973490882
13513,385.0,886.2557973490882
19495,170.0,886.2557973490882
21564,98.0,886.2557973490882
2338,242.0,886.2557973490882
5833,89.0,886.2557973490882
2348,52.0,886.2557973490882
8657,34.0,886.2557973490882
20577,64.0,886.2557973490882
9591,1134.0,886.2557973490882
2140,131.0,886.2557973490882
23722,368.0,886.2557973490882
20594,71.0,886.2557973490882
8662,169.0,886.2557973490882
15447,42.0,886.2557973490882
22884,67.0,886.2557973490882
3421,260.0,886.2557973490882
18344,56.0,886.2557973490882
20597,68.0,886.2557973490882
4341,83.0,886.2557973490882
1510,29.0,837.97
8667,221.0,886.2557973490882
23696,112.0,886.2557973490882
19480,265.0,886.2557973490882
3033,329.0,886.2557973490882
22962,81.0,886.2557973490882
9889,46.0,886.2557973490882
7787,96.0,886.2557973490882
14830,323.0,886.2557973490882
17816,400.0,886.2557973490882
18658,69.0,886.2557973490882
19244,120.0,886.2557973490882
22135,44.0,886.2557973490882
22840,48.0,886.2557973490882
353,147.0,886.2557973490882
4030,252.0,886.2557973490882
3270,80.0,886.2557973490882
19696,420.0,886.2557973490882
23107,89.0,886.2557973490882
16679,232.0,886.2557973490882
17402,184.0,886.2557973490882
2653,149.0,886.2557973490882
15193,82.0,886.2557973490882
4687,75.0,886.2557973490882
1734,46.0,886.2557973490882
1289,83.0,886.2557973490882
7126,439.0,886.2557973490882
15655,279.0,886.2557973490882
675,75.0,886.2557973490882
7604,56.0,886.2557973490882
20053,23.0,886.2557973490882
130,96.0,886.2557973490882
8367,96.0,886.2557973490882
22520,53.0,886.2557973490882
14350,93.0,886.2557973490882
20906,168.0,886.2557973490882
15343,315.0,886.2557973490882
14389,84.0,886.2557973490882
8227,62.0,886.2557973490882
1618,146.0,886.2557973490882
22031,66.0,886.2557973490882
16521,124.0,886.2557973490882
2220,39.0,886.2557973490882
22734,33.0,886.2557973490882
10098,87.0,886.2557973490882
3370,126.0,886.2557973490882
17604,18.0,886.2557973490882
16582,53.0,886.2557973490882
4908,42.0,886.2557973490882
17782,239.0,886.2557973490882
20969,438.0,886.2557973490882
7133,174.0,886.2557973490882
8115,98.0,886.2557973490882
10795,76.0,886.2557973490882
17542,81.0,886.2557973490882
14878,358.0,886.2557973490882
19730,300.0,886.2557973490882
9921,126.0,886.2557973490882
15295,143.0,886.2557973490882
21591,69.0,886.2557973490882
22115,138.0,886.2557973490882
2469,141.0,886.2557973490882
11241,143.0,210.37821532126694
20124,335.0,886.2557973490882
2500,104.0,886.2557973490882
10711,107.0,886.2557973490882
6013,51.0,886.2557973490882
204,90.0,886.2557973490882
9887,59.0,886.2557973490882
1676,170.0,886.2557973490882
4117,41.0,886.2557973490882
8829,31.0,886.2557973490882
3884,125.0,886.2557973490882
15566,56.0,886.2557973490882
13690,188.0,886.2557973490882
18575,50.0,886.2557973490882
23924,70.0,886.2557973490882
3028,110.0,886.2557973490882
3008,101.0,886.2557973490882
6090,122.0,886.2557973490882
22171,15.0,886.2557973490882
21305,813.0,886.2557973490882
7161,247.0,886.2557973490882
12253,116.0,886.2557973490882
1437,185.0,886.2557973490882
11672,120.0,886.2557973490882
16691,203.0,886.2557973490882
22864,137.0,886.2557973490882
18215,63.0,886.2557973490882
10941,65.0,886.2557973490882
15077,53.0,886.2557973490882
9888,49.0,886.2557973490882
22512,39.0,886.2557973490882
7931,131.0,886.2557973490882
1603,712.0,886.2557973490882
23700,165.0,886.2557973490882
18151,396.0,886.2557973490882
5031,1352.0,886.2557973490882
3278,88.0,886.2557973490882
11845,408.0,886.2557973490882
7593,95.0,886.2557973490882
7165,197.0,886.2557973490882
1504,61.0,96.42
214,117.0,886.2557973490882
1425,216.0,886.2557973490882
21310,628.0,886.2557973490882
11462,72.0,886.2557973490882
20257,125.0,886.2557973490882
11217,707.0,886.2557973490882
11102,208.0,886.2557973490882
8464,70.0,886.2557973490882
18217,57.0,886.2557973490882
14872,305.0,472.1
17370,185.0,886.2557973490882
10400,99.0,886.2557973490882
2493,158.0,886.2557973490882
13312,88.0,886.2557973490882
3783,35.0,886.2557973490882
1607,639.0,886.2557973490882
5296,32.0,886.2557973490882
9892,122.0,886.2557973490882
6942,15.0,886.2557973490882
6679,64.0,886.2557973490882
22494,67.0,886.2557973490882
7743,97.0,886.2557973490882
18220,81.0,886.2557973490882
11915,360.0,886.2557973490882
2912,145.0,886.2557973490882
21366,39.0,886.2557973490882
12720,137.0,886.2557973490882
4540,211.0,886.2557973490882
9913,12.0,886.2557973490882
3157,265.0,886.2557973490882
723,840.0,886.2557973490882
2381,150.0,886.2557973490882
22087,144.0,886.2557973490882
7438,90.0,886.2557973490882
23738,110.0,886.2557973490882
23901,62.0,886.2557973490882
17701,30368.0,886.2557973490882
13256,105.0,886.2557973490882
22590,46.0,886.2557973490882
7125,1884.0,886.2557973490882
19416,134.0,396.45
3136,57.0,886.2557973490882
16396,29.0,79.73
9608,306.0,886.2557973490882
21129,95.0,886.2557973490882
8309,83.0,886.2557973490882
19046,490.0,886.2557973490882
18308,186.0,886.2557973490882
19228,255.0,886.2557973490882
2088,267.0,886.2557973490882
22846,911.0,886.2557973490882
15865,14.0,886.2557973490882
19926,640.0,886.2557973490882
12036,162.0,886.2557973490882
11753,122.0,886.2557973490882
20514,98.0,886.2557973490882
2011,245.0,886.2557973490882
21740,23.0,886.2557973490882
16694,177.0,886.2557973490882
19549,76.0,886.2557973490882
4010,52.0,886.2557973490882
6016,45.0,886.2557973490882
1460,152.0,886.2557973490882
19272,343.0,886.2557973490882
10652,95.0,776.59
16082,175.0,886.2557973490882
21479,81.0,886.2557973490882
2799,73.0,886.2557973490882
6324,148.0,886.2557973490882
12077,1245.0,886.2557973490882
948,22.0,886.2557973490882
9354,70.0,886.2557973490882
16762,108.0,886.2557973490882
2013,266.0,886.2557973490882
19105,45.0,886.2557973490882
10501,447.0,886.2557973490882
23448,72.0,886.2557973490882
15926,156.0,886.2557973490882
20718,113.0,417.17
15400,40.0,886.2557973490882
23166,77.0,886.2557973490882
316,55.0,886.2557973490882
318,37.0,886.2557973490882
5283,116.0,886.2557973490882
2520,69.0,886.2557973490882
6833,62.0,886.2557973490882
3192,60.0,886.2557973490882
15657,44.0,886.2557973490882
23587,70.0,886.2557973490882
19492,296.0,886.2557973490882
15757,73.0,886.2557973490882
437,32.0,886.2557973490882
11772,94.0,886.2557973490882
22938,83.0,886.2557973490882
7118,116.0,886.2557973490882
22637,81.0,886.2557973490882
3336,59.0,886.2557973490882
10774,1496.0,154.38
16755,25.0,886.2557973490882
18424,22.0,886.2557973490882
20574,80.0,886.2557973490882
12871,602.0,886.2557973490882
2459,104.0,886.2557973490882
23058,73.0,886.2557973490882
11004,45.0,886.2557973490882
9144,290.0,886.2557973490882
18496,273.0,886.2557973490882
9378,1361.0,886.2557973490882
15976,525.0,886.2557973490882
9515,597.0,886.2557973490882
6470,120.0,886.2557973490882
15689,927.0,886.2557973490882
8838,20.0,886.2557973490882
23310,149.0,886.2557973490882
9271,859.0,886.2557973490882
12106,61.0,886.2557973490882
1562,33.0,886.2557973490882
17778,268.0,886.2557973490882
19859,151.0,886.2557973490882
21136,47.0,886.2557973490882
15846,194.0,886.2557973490882
23754,38.0,886.2557973490882
21607,146.0,886.2557973490882
22392,103.0,886.2557973490882
2639,17.0,886.2557973490882
2014,260.0,886.2557973490882
4145,103.0,886.2557973490882
5191,110.0,886.2557973490882
6482,100.0,886.2557973490882
23633,102.0,886.2557973490882
22481,67.0,886.2557973490882
11351,982.0,886.2557973490882
23292,69.0,886.2557973490882
8375,90.0,886.2557973490882
18176,48.0,886.2557973490882
17700,36355.0,886.2557973490882
5967,187.0,886.2557973490882
1306,46.0,886.2557973490882
19769,254.0,886.2557973490882
8451,307.0,886.2557973490882
7446,116.0,886.2557973490882
11719,297.0,886.2557973490882
2080,43.0,886.2557973490882
11770,44.0,886.2557973490882
2594,103.0,886.2557973490882
10827,364.0,844.72
11972,70.0,886.2557973490882
5578,1145.0,886.2557973490882
16759,64.0,886.2557973490882
6073,3240.0,886.2557973490882
12600,58.0,886.2557973490882
20703,27.0,886.2557973490882
23855,161.0,886.2557973490882
8454,221.0,886.2557973490882
6071,965.0,886.2557973490882
1483,31.0,886.2557973490882
19218,138.0,886.2557973490882
13317,70.0,886.2557973490882
6004,144.0,886.2557973490882
13736,99.0,102.63
4880,17.0,886.2557973490882
7421,37.0,886.2557973490882
5796,50.0,886.2557973490882
11535,93.0,886.2557973490882
13268,19051.0,886.2557973490882
4507,458.0,886.2557973490882
21582,179.0,886.2557973490882
6895,595.0,886.2557973490882
120,43.0,886.2557973490882
4187,182.0,886.2557973490882
1457,56.0,886.2557973490882
10630,132.0,1519.73
2514,15.0,886.2557973490882
15683,1412.0,886.2557973490882
21217,196.0,886.2557973490882
10899,38.0,886.2557973490882
23035,216.0,886.2557973490882
21360,22.0,886.2557973490882
13940,9753.0,886.2557973490882
13275,23987.0,886.2557973490882
9602,96.0,886.2557973490882
3660,4175.0,886.2557973490882
19094,38.0,886.2557973490882
21576,363.0,187.87034196841188
12108,54.0,886.2557973490882
20958,38.0,886.2557973490882
10510,17.0,886.2557973490882
10931,81.0,886.2557973490882
2498,126.0,886.2557973490882
14877,377.0,886.2557973490882
13251,74.0,886.2557973490882
8279,4384.0,886.2557973490882
504,540.0,886.2557973490882
2129,50.0,886.2557973490882
17118,55.0,886.2557973490882
14184,187.0,886.2557973490882
1364,82.0,886.2557973490882
22310,136.0,886.2557973490882
2697,209.0,886.2557973490882
500,44.0,886.2557973490882
9209,470.0,886.2557973490882
10200,190.0,886.2557973490882
2065,68.0,886.2557973490882
16322,112.0,223.88481584626322
10779,83.0,886.2557973490882
5374,76.0,886.2557973490882
11329,184.0,886.2557973490882
16034,46.0,886.2557973490882
1122,168.0,886.2557973490882
9869,3250.0,886.2557973490882
9524,252.0,886.2557973490882
2126,95.0,886.2557973490882
20560,313.0,886.2557973490882
23981,82.0,886.2557973490882
3936,69.0,886.2557973490882
6925,120.0,886.2557973490882
10702,397.0,886.2557973490882
22732,72.0,886.2557973490882
17911,148.0,886.2557973490882
12100,107.0,886.2557973490882
5242,37.0,886.2557973490882
4977,104.0,886.2557973490882
735,51.0,886.2557973490882
7700,111.0,886.2557973490882
7192,74.0,886.2557973490882
23172,197.0,886.2557973490882
17189,65.0,886.2557973490882
17995,300.0,886.2557973490882
11251,21.0,886.2557973490882
16587,95.0,194.4
13692,282.0,886.2557973490882
22765,34.0,886.2557973490882
11921,180.0,886.2557973490882
6134,58.0,886.2557973490882
9633,54.0,886.2557973490882
21344,472.0,886.2557973490882
22437,106.0,886.2557973490882
3121,50.0,886.2557973490882
3459,92.0,886.2557973490882
1116,51.0,886.2557973490882
20591,654.0,886.2557973490882
6744,199.0,886.2557973490882
23178,32.0,886.2557973490882
19929,2410.0,886.2557973490882
16086,108.0,886.2557973490882
12468,48.0,886.2557973490882
23239,99.0,886.2557973490882
7720,26.0,886.2557973490882
17602,20.0,886.2557973490882
2292,37.0,886.2557973490882
20122,372.0,110.89
2197,57.0,886.2557973490882
9512,597.0,337.78
17349,107.0,886.2557973490882
4631,31979.0,886.2557973490882
1060,567.0,886.2557973490882
8011,104.0,246.17
6757,61.0,886.2557973490882
5702,50.0,886.2557973490882
1303,58.0,886.2557973490882
1844,93.0,886.2557973490882
13669,69.0,886.2557973490882
21220,148.0,886.2557973490882
23765,132.0,886.2557973490882
3088,80.0,886.2557973490882
6546,82.0,160.61
3503,150.0,886.2557973490882
12375,143.0,886.2557973490882
18947,308.0,886.2557973490882
4803,103.0,886.2557973490882
3183,81.0,886.2557973490882
22207,112.0,157.33
1870,33.0,886.2557973490882
11879,262.0,886.2557973490882
20581,100.0,886.2557973490882
16797,62.0,886.2557973490882
23247,40.0,886.2557973490882
6264,152.0,886.2557973490882
5589,164.0,886.2557973490882
13184,128.0,886.2557973490882
5412,54.0,886.2557973490882
11901,69.0,886.2557973490882
9941,380.0,886.2557973490882
10801,48.0,886.2557973490882
3720,30.0,886.2557973490882
23057,66.0,886.2557973490882
7383,57.0,886.2557973490882
10065,312.0,886.2557973490882
23481,60.0,886.2557973490882
20,106.0,886.2557973490882
19852,27841.0,886.2557973490882
23370,141.0,886.2557973490882
4266,59.0,886.2557973490882
6577,103.0,886.2557973490882
5452,87.0,886.2557973490882
2040,26.0,886.2557973490882
6372,252.0,886.2557973490882
4467,316.0,886.2557973490882
23680,130.0,886.2557973490882
14613,84.0,886.2557973490882
5980,52.0,886.2557973490882
1465,113.0,886.2557973490882
2217,50.0,886.2557973490882
10112,2870.0,886.2557973490882
15801,50.0,886.2557973490882
22578,67.0,886.2557973490882
5131,93.0,248.08
15434,205.0,886.2557973490882
7692,1693.0,886.2557973490882
3065,236.0,886.2557973490882
23245,74.0,886.2557973490882
1860,37.0,886.2557973490882
22896,88.0,886.2557973490882
4551,26.0,886.2557973490882
14165,145.0,886.2557973490882
10075,86.0,886.2557973490882
14291,169.0,886.2557973490882
14524,43777.0,886.2557973490882
9906,386.0,886.2557973490882
3211,112.0,886.2557973490882
7704,61.0,886.2557973490882
14171,303.0,886.2557973490882
23977,77.0,886.2557973490882
5825,102.0,886.2557973490882
3138,38.0,886.2557973490882
4207,65.0,886.2557973490882
2707,83.0,886.2557973490882
20303,275.0,886.2557973490882
14654,48.0,886.2557973490882
12432,80.0,886.2557973490882
12707,107.0,886.2557973490882
20457,1309.0,886.2557973490882
23910,80.0,886.2557973490882
6654,43.0,886.2557973490882
10867,102.0,886.2557973490882
16811,50.0,886.2557973490882
2037,19.0,886.2557973490882
18646,110.0,886.2557973490882
3482,101.0,886.2557973490882
18516,47.0,886.2557973490882
14147,202.0,886.2557973490882
5859,107.0,886.2557973490882
21412,18.0,886.2557973490882
20121,405.0,886.2557973490882
15646,112.0,886.2557973490882
10085,660.0,886.2557973490882
17719,404.0,886.2557973490882
19709,62.0,158.09
19724,825.0,886.2557973490882
13013,58.0,886.2557973490882
17648,17.0,886.2557973490882
23498,18.0,886.2557973490882
19625,733.0,886.2557973490882
21971,204.0,886.2557973490882
13368,221.0,886.2557973490882
3366,111.0,886.2557973490882
14049,138.0,886.2557973490882
7337,159.0,886.2557973490882
2092,263.0,886.2557973490882
16544,221.0,886.2557973490882
13560,25.0,886.2557973490882
5456,73.0,886.2557973490882
9886,88.0,886.2557973490882
17603,20.0,886.2557973490882
7474,105.0,886.2557973490882
13259,136.0,886.2557973490882
16627,25.0,886.2557973490882
8032,144.0,886.2557973490882
5551,113.0,886.2557973490882
16240,513.0,886.2557973490882
19193,30.0,886.2557973490882
4176,41.0,886.2557973490882
17187,60.0,115.12
23962,84.0,886.2557973490882
2370,200.0,886.2557973490882
5622,45.0,886.2557973490882
3505,135.0,886.2557973490882
38,396.0,886.2557973490882
13462,46.0,886.2557973490882
18874,1472.0,886.2557973490882
19122,105.0,886.2557973490882
16567,45.0,886.2557973490882
22247,89.0,886.2557973490882
15378,133.0,886.2557973490882
23403,58.0,886.2557973490882
16891,3207.0,886.2557973490882
7331,313.0,886.2557973490882
22697,151.0,886.2557973490882
7675,167.0,886.2557973490882
855,47.0,886.2557973490882
22460,110.0,886.2557973490882
8353,156.0,886.2557973490882
18922,430.0,886.2557973490882
22495,41.0,886.2557973490882
176,74.0,886.2557973490882
12684,97.0,886.2557973490882
18944,623.0,886.2557973490882
16320,112.0,886.2557973490882
18753,666.0,886.2557973490882
10536,42.0,886.2557973490882
6741,278.0,886.2557973490882
14523,51024.0,886.2557973490882
23799,47.0,886.2557973490882
576,170.0,886.2557973490882
11854,98.0,886.2557973490882
6459,112.0,886.2557973490882
16166,50.0,886.2557973490882
16873,49.0,886.2557973490882
14903,426.0,886.2557973490882
206,71.0,886.2557973490882
8396,125.0,886.2557973490882
17656,181.0,886.2557973490882
4264,37.0,886.2557973490882
20979,45.0,886.2557973490882
22211,31.0,886.2557973490882
22803,59.0,886.2557973490882
2588,240.0,886.2557973490882
17999,172.0,886.2557973490882
13320,62.0,886.2557973490882
10466,177.0,886.2557973490882
10209,328.0,886.2557973490882
22272,186.0,886.2557973490882
15272,187.0,886.2557973490882
19548,87.0,886.2557973490882
5987,130.0,886.2557973490882
6271,119.0,886.2557973490882
12307,57.0,886.2557973490882
17161,75.0,886.2557973490882
14372,22.0,886.2557973490882
4103,249.0,886.2557973490882
23006,44.0,886.2557973490882
5586,224.0,886.2557973490882
11806,82.0,886.2557973490882
15390,27.0,886.2557973490882
3670,123.0,886.2557973490882
1474,120.0,886.2557973490882
19158,13.0,886.2557973490882
3086,153.0,886.2557973490882
4703,29.0,886.2557973490882
7442,52.0,886.2557973490882
10962,167.0,691.21
13941,8300.0,886.2557973490882
4820,136.0,886.2557973490882
5518,46.0,886.2557973490882
15267,75.0,886.2557973490882
18209,101.0,886.2557973490882
2333,117.0,886.2557973490882
6874,797.0,886.2557973490882
16038,85.0,886.2557973490882
8421,11155.0,886.2557973490882
10083,604.0,886.2557973490882
1476,108.0,886.2557973490882
23900,480.0,886.2557973490882
7627,100.0,886.2557973490882
9429,159.0,886.2557973490882
10343,149.0,886.2557973490882
2705,158.0,886.2557973490882
18946,416.0,886.2557973490882
4186,278.0,886.2557973490882
14832,94.0,886.2557973490882
23196,129.0,886.2557973490882
22274,136.0,886.2557973490882
7679,134.0,886.2557973490882
21755,45.0,886.2557973490882
10733,128.0,886.2557973490882
