,y_test,prediction
15378,0.19,2.8420559047304006
16834,2.78,2.8420559047304006
4117,0.23,2.8420559047304006
18776,1.94,2.8420559047304006
21024,0.51,2.8420559047304006
12972,1.19,2.8420559047304006
5162,0.19,2.8420559047304006
11331,3.88,2.9768357504744336
6274,0.11,2.8420559047304006
14625,1.14,2.8420559047304006
21920,7.11,2.7611879972839812
2811,6.05,2.8420559047304006
22323,5.66,2.8420559047304006
8247,9.56,2.8420559047304006
16833,3.85,2.8420559047304006
10305,1.95,2.8420559047304006
8978,3.61,2.8420559047304006
5001,11.42,2.855533889304804
22878,4.01,2.8420559047304006
8047,2.57,2.8420559047304006
14464,16.4,2.8420559047304006
8994,0.58,2.8420559047304006
214,0.98,2.8420559047304006
22025,0.19,2.8420559047304006
19714,2.97,2.8420559047304006
2546,2.43,2.8420559047304006
2256,1.08,2.8420559047304006
23550,1.33,2.8420559047304006
17720,0.63,2.8420559047304006
869,0.15,2.8420559047304006
7040,0.25,2.572496213242335
16855,0.51,2.8420559047304006
3563,0.33,2.8420559047304006
10989,0.19,2.8420559047304006
3479,1.53,2.8420559047304006
13129,4.11,2.8420559047304006
16644,6.8,2.8420559047304006
14957,0.34,2.8420559047304006
17956,1.62,2.8420559047304006
21928,2.37,2.8420559047304006
10867,0.41,2.8420559047304006
9125,0.5,2.8420559047304006
7884,2.52,2.8420559047304006
517,9.95,2.8420559047304006
16863,1.12,2.8420559047304006
14546,4.94,2.8420559047304006
398,2.8,2.8420559047304006
19206,0.29,2.8420559047304006
19851,8.04,2.8420559047304006
19311,7.32,2.8420559047304006
4843,0.19,2.8420559047304006
7436,0.91,2.8420559047304006
2815,3.85,2.8420559047304006
7907,5.21,2.8420559047304006
8522,1.8,2.8420559047304006
10184,0.3,2.8420559047304006
21927,2.88,2.8420559047304006
16173,0.36,2.8420559047304006
17939,0.58,2.8420559047304006
17210,2.48,2.8420559047304006
3033,1.59,2.8420559047304006
10169,0.19,2.8420559047304006
13434,0.49,2.8420559047304006
889,1.9,2.8420559047304006
2816,6.48,2.8420559047304006
12920,5.41,2.8420559047304006
11005,0.19,2.8420559047304006
16819,0.25,2.8420559047304006
13531,0.82,2.8420559047304006
1238,1.66,2.8420559047304006
6555,4.43,2.8420559047304006
13431,1.2,2.8420559047304006
7204,3.9,2.8420559047304006
3436,1.4,2.8420559047304006
14937,0.28,2.8420559047304006
16131,13.15,2.8420559047304006
2484,7.52,2.8420559047304006
3036,3.08,2.8420559047304006
8911,0.41,2.8420559047304006
21925,2.54,2.8420559047304006
16340,2.33,2.8420559047304006
544,6.65,2.8420559047304006
3668,0.14,2.8420559047304006
14413,0.3,2.8420559047304006
17964,1.42,2.8420559047304006
3037,2.55,2.8420559047304006
18315,0.64,2.8420559047304006
17438,3.77,2.8420559047304006
11987,0.81,2.8420559047304006
12194,0.3,2.8420559047304006
6401,0.12,2.8420559047304006
21029,0.67,2.8420559047304006
6834,1.67,2.8420559047304006
8709,0.17,2.8420559047304006
16070,4.96,2.8420559047304006
21996,3.34,2.8420559047304006
12968,0.63,2.8420559047304006
513,8.68,2.8420559047304006
13868,5.59,2.8420559047304006
21063,0.59,2.8420559047304006
14541,4.75,2.8420559047304006
22652,0.19,2.8420559047304006
10791,8.25,2.8420559047304006
3568,0.16,2.8420559047304006
20026,5.13,2.8420559047304006
23750,0.17,2.8420559047304006
10400,0.37,2.8420559047304006
21923,4.58,2.8420559047304006
6381,0.16,2.8420559047304006
8080,0.47,2.8420559047304006
6575,0.36,2.8420559047304006
5018,5.67,2.8420559047304006
12915,7.33,2.8420559047304006
22104,5.5,2.8420559047304006
7489,0.16,2.8420559047304006
22102,6.39,2.8420559047304006
14630,1.54,2.8420559047304006
