,y_test,prediction
15378,0.19,2.833603695540621
16834,2.78,2.833603695540621
4117,0.23,2.833603695540621
18776,1.94,2.833603695540621
21024,0.51,2.833603695540621
12972,1.19,2.833603695540621
5162,0.19,2.833603695540621
11331,3.88,1.901060973362054
6274,0.11,2.833603695540621
14625,1.14,2.833603695540621
21920,7.11,1.9039110826774126
2811,6.05,2.833603695540621
22323,5.66,2.833603695540621
8247,9.56,2.833603695540621
16833,3.85,2.833603695540621
10305,1.95,2.833603695540621
8978,3.61,2.833603695540621
5001,11.42,1.9583129582827035
22878,4.01,2.833603695540621
8047,2.57,2.833603695540621
14464,16.4,2.833603695540621
8994,0.58,2.833603695540621
214,0.98,2.833603695540621
22025,0.19,2.833603695540621
19714,2.97,2.833603695540621
2546,2.43,2.833603695540621
2256,1.08,2.833603695540621
23550,1.33,2.833603695540621
17720,0.63,2.833603695540621
869,0.15,2.833603695540621
7040,0.25,2.080209389818803
16855,0.51,2.833603695540621
3563,0.33,2.833603695540621
10989,0.19,2.833603695540621
3479,1.53,2.833603695540621
13129,4.11,2.833603695540621
16644,6.8,2.833603695540621
14957,0.34,2.833603695540621
17956,1.62,2.833603695540621
21928,2.37,2.833603695540621
10867,0.41,2.833603695540621
9125,0.5,2.833603695540621
7884,2.52,2.833603695540621
517,9.95,2.833603695540621
16863,1.12,2.833603695540621
14546,4.94,2.833603695540621
398,2.8,2.833603695540621
19206,0.29,2.833603695540621
19851,8.04,2.833603695540621
19311,7.32,2.833603695540621
4843,0.19,2.833603695540621
7436,0.91,2.833603695540621
2815,3.85,2.833603695540621
7907,5.21,2.833603695540621
8522,1.8,2.833603695540621
10184,0.3,2.833603695540621
21927,2.88,2.833603695540621
16173,0.36,2.833603695540621
17939,0.58,2.833603695540621
17210,2.48,2.833603695540621
3033,1.59,2.833603695540621
10169,0.19,2.833603695540621
13434,0.49,2.833603695540621
889,1.9,2.833603695540621
2816,6.48,2.833603695540621
12920,5.41,2.833603695540621
11005,0.19,2.833603695540621
16819,0.25,2.833603695540621
13531,0.82,2.833603695540621
1238,1.66,2.833603695540621
6555,4.43,2.833603695540621
13431,1.2,2.833603695540621
7204,3.9,2.833603695540621
3436,1.4,2.833603695540621
14937,0.28,2.833603695540621
16131,13.15,2.833603695540621
2484,7.52,2.833603695540621
3036,3.08,2.833603695540621
8911,0.41,2.833603695540621
21925,2.54,2.833603695540621
16340,2.33,2.833603695540621
544,6.65,2.833603695540621
3668,0.14,2.833603695540621
14413,0.3,2.833603695540621
17964,1.42,2.833603695540621
3037,2.55,2.833603695540621
18315,0.64,2.833603695540621
17438,3.77,2.833603695540621
11987,0.81,2.833603695540621
12194,0.3,2.833603695540621
6401,0.12,2.833603695540621
21029,0.67,2.833603695540621
6834,1.67,2.833603695540621
8709,0.17,2.833603695540621
16070,4.96,2.833603695540621
21996,3.34,2.833603695540621
12968,0.63,2.833603695540621
513,8.68,2.833603695540621
13868,5.59,2.833603695540621
21063,0.59,2.833603695540621
14541,4.75,2.833603695540621
22652,0.19,2.833603695540621
10791,8.25,2.833603695540621
3568,0.16,2.833603695540621
20026,5.13,2.833603695540621
23750,0.17,2.833603695540621
10400,0.37,2.833603695540621
21923,4.58,2.833603695540621
6381,0.16,2.833603695540621
8080,0.47,2.833603695540621
6575,0.36,2.833603695540621
5018,5.67,2.833603695540621
12915,7.33,2.833603695540621
22104,5.5,2.833603695540621
7489,0.16,2.833603695540621
22102,6.39,2.833603695540621
14630,1.54,2.833603695540621
