,y_test,prediction
2617,1,1
20193,1,1
11997,1,1
16481,1,1
7390,1,1
19197,1,1
7991,1,1
17168,1,1
20936,1,1
17904,1,1
15811,1,1
8568,1,1
13395,1,1
15900,1,1
10198,1,1
19560,1,1
20946,1,1
8716,1,1
10745,1,1
10709,1,1
16313,1,1
16186,1,1
8203,1,1
18130,1,1
1509,1,1
13303,1,1
15575,1,1
20272,1,1
3569,1,1
5816,1,1
928,1,1
13396,1,1
12520,1,1
4163,1,1
7147,1,1
17421,1,1
19033,1,1
9766,1,1
4113,1,1
21413,1,1
12180,1,1
3499,1,1
11565,1,1
14235,1,1
17910,1,1
18024,1,1
6698,1,1
7923,1,1
3643,1,1
16224,1,1
11371,1,1
12662,1,1
4936,1,1
13021,1,1
19890,1,1
2190,1,1
10592,1,1
15570,1,1
13270,1,1
19880,1,1
16709,1,1
13970,1,1
7830,1,1
21075,1,1
12073,1,1
6276,1,1
4445,1,1
274,1,1
19831,1,1
9067,1,1
2000,1,1
21205,1,1
13263,1,1
10527,1,1
14357,1,1
1458,1,1
18232,1,1
2934,1,1
19956,1,1
1714,1,1
12359,1,1
14233,1,1
8391,2,1
18139,1,1
6445,1,1
3877,1,1
11892,1,1
19808,1,1
13339,2,1
8369,1,1
12644,1,1
18052,1,1
18548,1,1
13752,1,1
8288,1,1
21552,1,1
6646,1,1
2439,2,1
20687,1,1
17779,1,1
18722,1,1
6376,1,1
17986,1,1
288,1,1
8710,1,1
6266,1,1
5795,1,1
16385,1,1
8654,1,1
14174,1,1
17825,1,1
18456,1,1
7651,1,1
14804,1,1
4667,1,1
11489,1,1
18038,1,1
10644,1,1
20117,1,1
9442,1,1
10159,1,1
17049,1,1
14722,1,1
3279,1,1
17002,1,1
11041,1,1
11391,1,1
3307,1,1
10436,1,1
13473,1,1
8652,1,1
14653,1,1
21981,1,1
19941,1,1
19321,1,1
19038,1,1
22353,1,1
7162,1,1
13060,1,1
19776,1,1
8845,1,1
20290,1,1
14865,1,1
15946,1,1
6732,1,1
22162,1,1
2772,1,1
13019,1,1
7359,1,1
6442,1,1
8158,1,1
7198,1,1
13210,1,1
12190,1,1
9167,1,1
10026,1,1
10563,1,1
5485,1,1
10854,1,1
20554,1,1
13302,1,1
10607,1,1
15045,1,1
14051,1,1
15910,1,1
13664,1,1
12891,1,1
18161,1,1
10554,1,1
14404,1,1
8165,1,1
14055,1,1
18254,1,1
1647,1,1
21246,1,1
9016,1,1
9962,1,1
11512,1,1
15143,1,1
3638,1,1
13173,1,1
22260,1,1
13712,1,1
7348,1,1
4783,1,1
7481,1,1
9837,1,1
7801,1,1
12643,1,1
4865,1,1
7223,1,1
21589,1,1
22231,1,1
9969,1,1
11872,1,1
10336,1,1
19599,1,1
11238,1,1
11741,1,1
22254,1,1
10413,1,1
4086,1,1
21429,1,1
19761,1,1
10131,1,1
16398,1,1
5486,1,1
11708,1,1
17639,1,1
8422,1,1
3326,1,1
14151,1,1
9370,1,1
13153,1,1
4284,1,1
10598,1,1
20699,1,1
9117,1,1
4873,1,1
10168,1,1
5226,1,1
14730,1,1
22179,1,1
10005,1,1
19331,1,1
18474,1,1
14673,1,1
12596,1,1
12322,1,1
7495,1,1
1035,1,1
10712,1,1
9840,1,1
787,1,1
1619,1,1
19916,1,1
12553,1,1
3908,1,1
2398,1,1
2411,1,1
7135,1,1
11236,1,1
17503,1,1
3362,1,1
3762,1,1
19176,1,1
15356,1,1
20355,1,1
20806,1,1
12731,1,1
5262,1,1
2186,1,1
9376,1,1
8869,1,1
4481,1,1
10099,1,1
18123,1,1
10813,1,1
17393,2,1
14570,1,1
8465,1,1
17615,1,1
17483,1,1
6985,1,1
9425,1,1
8409,1,1
20134,1,1
4797,1,1
6649,1,1
21192,1,1
6176,1,1
11484,1,1
11282,1,1
18392,1,1
2005,1,1
2864,1,1
11276,1,1
3210,1,1
17638,1,1
10825,1,1
13576,2,1
14353,1,1
8479,1,1
7324,1,1
3895,1,1
21840,1,1
19494,1,1
7699,1,1
9194,1,1
20462,1,1
19113,1,1
19708,1,1
11022,1,1
20353,1,1
4124,1,1
3904,1,1
63,1,1
17675,1,1
13606,1,1
4096,1,1
5068,1,1
7740,1,1
11285,0,0
1230,1,1
15250,1,1
19609,1,1
5761,1,1
9022,1,1
17194,1,1
13696,1,1
14582,1,1
17397,1,1
19887,1,1
10433,1,1
15281,1,1
5295,1,1
6192,1,1
15549,1,1
6084,1,1
16772,1,1
17350,1,1
14239,1,1
22086,1,1
4775,1,1
22368,1,1
17074,1,1
14672,1,1
5067,1,1
14562,1,1
15329,1,1
15758,1,1
13417,1,1
2304,1,1
1418,1,1
18728,1,1
11516,1,1
10616,1,1
3592,1,1
13644,1,1
4020,1,1
20397,1,1
8008,1,1
19677,1,1
20859,1,1
13965,1,1
10399,1,1
3473,1,1
15844,1,1
10754,1,1
4657,1,1
22227,1,1
3005,1,1
20262,1,1
1617,1,1
4061,1,1
16624,1,1
9364,1,1
7354,1,1
12337,2,2
13974,1,1
4039,1,1
1968,1,1
8292,1,1
2717,1,1
17764,1,1
2960,1,1
6420,2,1
11245,1,1
11543,1,1
15812,1,1
659,1,1
21212,1,1
16942,1,1
18136,1,1
3625,1,1
9656,1,1
2006,1,1
12982,1,1
1925,1,1
16105,1,1
18666,1,1
5612,1,1
932,1,1
15164,1,1
18546,1,1
12342,1,1
16786,1,1
1894,1,1
5614,1,1
13966,1,1
1085,1,1
17022,1,1
12994,1,1
20221,1,1
7176,1,1
20054,1,1
20833,1,1
1397,1,1
7121,1,1
14931,1,1
5769,1,1
959,1,1
11693,1,1
11536,1,1
15284,2,2
4665,1,1
8495,1,1
6563,1,1
20431,1,1
8019,1,1
22283,1,1
11991,1,1
6302,1,1
21863,1,1
11257,1,1
2047,1,1
1835,1,1
7183,1,1
15863,1,1
16015,1,1
14330,1,1
18097,1,1
1172,1,1
15046,1,1
14698,1,1
12873,1,1
18680,1,1
18495,1,1
11703,1,1
656,1,1
17325,1,1
14176,2,2
21669,1,1
15379,1,1
13625,1,1
12976,1,1
3213,1,1
8334,1,1
621,1,1
7181,1,1
16184,1,1
640,1,1
15940,1,1
20356,1,1
16059,1,1
22148,1,1
11394,1,1
2728,1,1
12431,1,1
19484,1,1
7248,1,1
17805,1,1
1880,1,1
9502,1,1
18631,1,1
615,1,1
7293,1,1
22293,1,1
4800,1,1
8388,1,1
15292,1,1
7177,1,1
6626,1,1
10195,1,1
3653,1,1
12292,1,1
17752,1,1
11331,1,1
13445,1,1
18782,1,1
7749,1,1
11467,1,1
8113,1,1
1075,1,1
14225,1,1
5232,1,1
11659,1,1
11040,1,1
486,2,1
7395,1,1
1520,1,1
2789,1,1
13376,1,1
16232,1,1
13585,1,1
16309,1,1
10812,1,1
10961,1,1
12313,1,1
4275,1,1
4025,1,1
2436,1,1
19288,1,1
4255,1,1
21456,1,1
20387,1,1
3229,1,1
8005,1,1
2664,1,1
7003,1,1
17256,1,1
6848,1,1
20196,1,1
14105,1,1
14111,1,1
16375,1,1
19086,1,1
6801,1,1
11011,1,1
1129,1,1
20244,1,1
9044,1,1
8549,1,1
11727,1,1
8638,1,1
1729,1,1
19513,1,1
8811,1,1
19456,1,1
964,1,1
20476,1,1
21701,1,1
6854,1,1
2736,1,1
4024,1,1
2917,1,1
8507,1,1
20136,1,1
18170,1,1
13057,1,1
14683,1,1
657,1,1
19299,1,1
8446,1,1
4751,1,1
953,1,1
10369,1,1
20808,1,1
8903,1,1
12556,1,1
10500,1,1
17130,1,1
4017,1,1
17839,1,1
2665,1,1
3133,1,1
13545,1,1
20183,1,1
15331,1,1
8530,1,1
21618,1,1
14436,1,1
12092,1,1
12987,1,1
19651,1,1
5433,1,1
3476,1,1
11340,1,1
1921,1,1
11855,1,1
16353,1,1
14675,1,1
3465,1,1
6320,2,1
5594,1,1
4749,2,1
14281,1,1
18573,1,1
11574,1,1
11567,1,1
5695,1,1
21802,1,1
9510,1,1
13419,1,1
13809,1,1
1665,1,1
11665,1,1
4435,1,1
4152,1,1
12575,1,1
13770,1,1
8750,1,1
14962,1,1
13885,1,1
12391,1,1
3034,2,1
3071,1,1
694,1,1
19083,1,1
8802,1,1
7956,1,1
1862,1,1
8021,1,1
11786,1,1
8753,1,1
11609,1,1
1126,1,1
15704,1,1
13306,1,1
1247,1,1
20440,1,1
11016,1,1
18297,1,1
13915,1,1
15285,2,2
8925,1,1
19104,1,1
14018,1,1
4477,1,1
7042,1,1
6124,1,1
14833,1,1
18727,1,1
13971,1,1
2642,1,1
3928,1,1
10077,1,1
11,1,1
16209,1,1
12202,1,1
1868,1,1
12558,1,1
16098,1,1
9814,1,1
751,1,1
5041,1,1
5671,1,1
10107,1,1
825,1,1
8921,1,1
21087,1,1
11085,1,1
21631,1,1
21120,1,1
4503,1,1
21459,1,1
15509,1,1
9706,1,1
14579,1,1
15550,1,1
3490,1,1
5410,1,1
16899,1,1
19855,1,1
19856,1,1
2229,1,1
21770,2,1
15818,1,1
17947,1,1
3593,1,1
14905,1,1
22354,1,1
3793,1,1
8820,1,1
13327,1,1
16512,1,1
9973,1,1
13474,1,1
20884,1,1
5258,1,1
7788,1,1
14015,1,1
5174,1,1
12035,1,1
21508,1,1
22345,1,1
2936,1,1
7965,1,1
20966,1,1
3172,1,1
3412,1,1
21442,1,1
12733,2,2
6664,1,1
20118,1,1
8007,1,1
224,1,1
21901,1,1
21855,1,1
20141,1,1
2269,1,1
7943,1,1
11966,1,1
14420,1,1
19261,2,2
13860,1,1
10832,1,1
19319,1,1
16167,1,1
17694,1,1
19799,1,1
13448,2,1
4326,1,1
3667,1,1
19709,1,1
19592,1,1
20774,1,1
2344,1,1
2121,1,1
19419,1,1
14702,1,1
18927,1,1
6923,1,1
2364,1,1
17593,1,1
13961,1,1
1283,1,1
1989,1,1
22167,1,1
22200,1,1
17303,1,1
18103,1,1
18421,1,1
11518,1,1
3231,1,1
12276,1,1
21265,1,1
10703,1,1
22267,1,1
15332,1,1
3024,2,1
18675,1,1
2959,1,1
17792,1,1
9355,1,1
12411,1,1
10398,1,1
6517,1,1
13520,1,1
17439,1,1
13524,1,1
5988,1,1
8335,1,1
15572,1,1
1980,1,1
15275,1,1
671,1,1
17071,1,1
2396,2,2
18221,1,1
12400,1,1
19998,1,1
15015,1,1
11028,1,1
8011,1,1
17683,1,1
12798,1,1
12365,1,1
19646,1,1
15098,1,1
763,1,1
11696,1,1
17664,1,1
12699,1,1
10963,1,1
10816,1,1
11507,1,1
3208,1,1
1443,1,1
18636,1,1
12775,1,1
2048,1,1
11633,1,1
19807,1,1
4441,1,1
356,1,1
12439,1,1
18623,1,1
3761,1,1
13081,1,1
3581,1,1
3416,1,1
14448,1,1
14817,1,1
1568,1,1
9681,1,1
21880,1,1
5370,1,1
9294,1,1
18887,1,1
15943,1,1
14057,1,1
4431,1,1
14723,1,1
9072,1,1
21480,1,1
19569,1,1
1527,1,1
9098,1,1
21543,1,1
20120,1,1
16955,1,1
14984,1,1
20761,1,1
11720,1,1
5472,1,1
15939,1,1
5725,1,1
19379,1,1
10827,1,1
4150,1,1
9955,1,1
13831,1,1
5557,1,1
8572,1,1
11635,1,1
806,1,1
7054,1,1
9605,1,1
12336,2,2
5337,1,1
18857,1,1
8736,1,1
2191,1,1
19301,1,1
12230,1,1
5045,1,1
4434,1,1
7827,1,1
19,1,1
17125,1,1
4786,1,1
503,1,1
8411,1,1
5790,1,1
15849,1,1
8570,1,1
16076,1,1
20735,1,1
13649,1,1
13035,1,1
14053,1,1
19739,1,1
4861,1,1
17105,1,1
19255,1,1
20165,1,1
15234,1,1
19838,1,1
20070,1,1
3894,1,1
9235,1,1
232,1,1
17853,1,1
2046,1,1
15052,1,1
12367,1,1
21025,1,1
10355,1,1
10958,1,1
2732,1,1
687,1,1
2844,1,1
15261,1,1
1366,1,1
475,1,1
20254,1,1
9219,1,1
15909,1,1
19747,1,1
14326,1,1
5866,1,1
14159,1,1
22352,1,1
14700,1,1
7497,1,1
1599,1,1
20305,1,1
5332,1,1
7655,1,1
17264,1,1
4782,1,1
16017,1,1
8482,1,1
10566,1,1
12951,1,1
6846,1,1
11897,1,1
9683,1,1
10559,1,1
18095,1,1
10785,1,1
6524,1,1
12423,1,1
12834,1,1
3204,1,1
16571,1,1
1196,1,1
5744,1,1
9571,1,1
13559,1,1
14950,1,1
18325,1,1
14256,1,1
2987,1,1
5220,1,1
14981,1,1
12121,1,1
7216,1,1
1157,1,1
19774,1,1
14621,1,1
20548,1,1
4035,1,1
8442,1,1
4427,1,1
15021,1,1
21452,1,1
22341,1,1
7007,1,1
4390,1,1
13732,1,1
14711,1,1
14369,1,1
13745,1,1
8682,1,1
8818,1,1
8757,1,1
22051,1,1
12166,1,1
12436,1,1
11197,1,1
17980,1,1
2906,1,1
19296,1,1
17486,1,1
1038,1,1
21767,1,1
5425,1,1
14161,1,1
22262,1,1
9440,1,1
11378,1,1
20849,1,1
13882,1,1
4006,1,1
14332,1,1
11732,1,1
6943,1,1
4290,1,1
17473,1,1
19237,1,1
21005,1,1
9959,1,1
5764,1,1
4808,1,1
8010,1,1
4502,1,1
8222,1,1
22013,1,1
19245,1,1
6996,1,1
11280,1,1
1162,1,1
11134,1,1
8886,1,1
17281,1,1
44,1,1
21644,1,1
18622,1,1
9079,1,1
14977,1,1
129,1,1
19415,1,1
9856,1,1
2553,1,1
1286,1,1
4011,1,1
2100,1,1
7258,1,1
2103,1,1
20199,1,1
20926,1,1
2867,1,1
11425,1,1
13161,1,1
9186,1,1
16003,1,1
15692,1,1
8463,1,1
6662,1,1
6458,1,1
5572,1,1
623,1,1
961,1,1
9221,1,1
7014,1,1
3462,1,1
8801,1,1
10928,1,1
17867,1,1
22366,1,1
12875,1,1
978,1,1
20691,1,1
6182,1,1
4438,1,1
14965,1,1
17545,1,1
4736,1,1
7783,1,1
10076,1,1
1689,1,1
5516,1,1
821,1,1
9444,1,1
11248,2,1
15880,1,1
12992,1,1
8577,1,1
13313,1,1
13623,1,1
16380,1,1
9407,1,1
20800,1,1
8168,1,1
12608,1,1
13246,1,1
2777,1,1
7503,1,1
14276,1,1
22022,1,1
11849,1,1
9168,1,1
5794,1,1
1726,1,1
20433,1,1
6443,1,1
14643,1,1
20357,1,1
19635,1,1
22242,1,1
12331,1,1
16054,1,1
18350,1,1
7047,1,1
21271,1,1
12507,1,1
10949,1,1
5469,1,1
9123,1,1
18534,1,1
5063,1,1
18099,1,1
4148,1,1
22034,1,1
20831,1,1
1864,1,1
20485,1,1
19317,1,1
14456,1,1
1037,1,1
5353,1,1
19829,1,1
1471,1,1
9169,1,1
12050,1,1
4798,1,1
18860,1,1
14936,1,1
10550,1,1
1198,1,1
7804,1,1
10217,1,1
19525,1,1
19229,1,1
19685,1,1
20271,1,1
2376,1,1
20617,1,1
6,1,1
4986,1,1
15720,1,1
20978,1,1
1639,1,1
3791,1,1
