,y_test,prediction
11357,1,1
12859,0,1
16955,1,1
1202,1,1
12887,0,1
5150,1,1
20500,0,1
21560,0,0
5929,0,1
4886,0,1
1216,1,1
7176,0,0
994,1,1
16574,1,1
20304,1,1
11686,1,0
12118,0,1
6345,0,1
8573,1,1
12699,1,1
17660,0,1
6201,1,0
12618,1,1
1849,1,1
20936,0,1
16612,1,1
9079,0,0
1799,0,0
5408,0,0
15810,0,0
1898,0,1
17287,0,0
5671,0,0
8925,1,1
9599,0,0
11661,1,1
10516,1,0
5169,1,0
16286,1,0
11220,1,0
22305,1,1
20349,0,1
14590,1,1
8246,0,0
18486,1,1
20479,0,1
4064,0,0
19677,1,1
17817,1,1
18103,1,1
10923,1,0
486,0,0
20537,0,0
1156,1,1
7779,0,0
11054,0,0
19419,0,1
15294,1,1
13865,1,1
9219,1,1
10044,1,1
11894,0,0
21352,1,0
12863,0,1
11445,0,1
19215,0,0
253,0,0
6182,0,1
19282,1,1
22353,1,1
2036,1,0
1158,1,1
14410,0,0
22307,1,1
19738,1,0
15167,0,0
9051,0,1
14621,0,1
6996,0,0
14539,1,1
4618,1,1
12438,0,0
7775,1,1
3564,0,0
21143,0,0
18551,0,1
5816,0,0
16390,0,0
21655,1,0
9663,0,0
5048,0,0
15099,1,1
5371,0,0
21451,0,0
4261,0,0
3894,0,0
20214,0,0
11033,1,0
6374,1,1
1989,0,1
15285,0,0
5353,0,0
471,0,1
19755,0,1
10077,1,0
4075,0,1
14414,1,1
17595,1,1
1505,1,1
17710,1,1
3295,0,0
13161,1,1
22177,0,0
17218,1,1
17019,1,1
13972,1,1
12731,0,1
18557,1,1
5897,1,1
5200,0,0
5780,0,0
5429,0,0
13304,1,0
9070,0,0
5023,0,0
7079,1,1
18124,1,1
6386,1,0
11611,0,1
1344,0,0
14817,0,1
4168,0,0
10340,0,0
13169,0,1
6147,0,1
9398,1,1
5629,0,0
2715,0,0
15813,1,0
22094,0,0
9012,0,0
5848,0,0
11269,0,1
2153,0,0
16009,0,0
7577,1,1
18095,0,1
16222,0,0
8605,0,1
15126,0,0
18567,0,0
5055,0,0
12166,1,1
4443,1,0
5773,0,0
13876,0,1
7069,1,1
20984,1,0
12934,1,1
20445,0,0
19352,0,0
12226,0,0
7463,0,0
11759,1,0
11286,1,1
4210,1,1
19049,0,0
8933,0,1
13786,0,1
9082,0,0
2494,1,0
22132,1,0
13210,1,1
8411,0,0
6410,1,1
16526,0,1
20812,0,0
18983,0,1
21258,1,0
8866,1,1
20685,1,0
14124,0,1
5027,0,0
17535,0,1
7298,1,1
12883,0,1
16012,1,1
9013,0,0
6649,0,1
2189,1,0
8595,0,1
937,1,1
5872,1,1
9114,0,1
9992,0,0
9769,0,0
16311,1,1
17430,1,1
11156,0,1
4575,0,0
8288,0,0
18454,1,0
14485,1,1
16502,1,0
6568,0,1
7116,1,0
9224,0,0
1243,1,1
14270,0,0
16199,0,0
22136,0,0
529,0,0
10557,0,0
5809,0,0
8591,1,1
21644,0,0
13775,1,1
8845,0,0
9120,1,1
19413,1,1
10155,0,0
21485,0,0
12889,0,1
22293,0,0
2869,0,1
21181,0,0
4343,0,0
3168,1,0
4459,1,1
18170,1,0
10141,0,0
3793,1,1
21770,0,0
15880,1,1
3832,0,0
939,0,1
4883,0,0
22345,1,0
13082,0,0
10685,0,1
13538,0,0
800,0,0
19688,0,0
5065,0,0
22022,0,0
10575,0,0
20691,0,1
18388,1,1
5908,1,1
5095,0,0
12733,0,0
13041,0,1
16179,1,1
12070,1,1
20584,0,0
4753,1,0
16285,1,0
1053,0,0
12313,1,1
9231,0,1
12164,0,0
10590,1,0
7745,0,1
12800,1,0
3968,1,0
15359,0,1
11617,1,1
10850,0,0
8867,0,1
5563,0,0
9454,1,0
3385,0,0
2822,1,1
19690,0,1
13643,0,0
19876,0,0
7965,0,1
9836,1,1
12320,1,1
19646,0,0
13303,1,0
8932,0,1
19392,1,1
13736,0,0
16232,1,0
9742,0,0
6563,0,1
7767,1,1
3326,1,1
17264,1,1
7175,0,0
8056,0,1
4955,1,0
21494,0,0
6145,1,1
18297,1,1
15729,1,1
14907,0,0
10566,1,0
16531,1,0
18185,0,0
22144,0,1
1037,1,1
7813,0,0
3469,1,0
2717,1,0
3462,0,1
14936,1,0
16919,1,1
5363,0,0
7094,1,1
6053,1,1
15605,0,0
22281,0,0
10010,1,1
244,1,1
20619,1,0
10515,1,0
21111,1,0
11061,1,0
9518,1,0
22139,0,1
19708,0,1
13904,1,1
15250,0,0
11633,1,1
16735,0,1
20871,0,1
19906,0,0
3862,0,0
19747,1,1
10677,0,0
5791,0,0
6935,1,1
5744,0,0
6984,0,1
17567,1,0
15814,1,0
18368,0,0
8607,0,1
14098,0,0
545,1,1
6985,0,1
4777,1,0
18244,1,1
9976,1,0
11939,0,0
9736,1,0
11162,0,0
1443,0,1
4295,0,0
5676,0,0
9123,1,1
2384,1,0
19598,0,0
21140,1,0
12332,1,1
11091,0,0
18391,0,0
13327,1,1
9568,1,1
1592,0,0
12258,1,1
10455,0,0
13495,0,1
14872,1,1
19612,0,1
2071,0,1
13353,0,1
6420,0,1
12834,0,0
20641,1,1
21657,0,0
1868,1,1
22287,0,0
2184,1,0
14653,0,0
16037,1,0
17727,1,1
7983,0,1
2561,0,0
9068,0,0
18585,0,0
16388,1,0
16703,1,1
11209,1,0
19275,0,0
21875,0,0
9407,0,1
11288,0,0
4465,0,0
17616,0,0
12011,1,1
22073,0,0
10482,0,0
14562,0,1
17256,1,1
300,1,0
17936,0,0
6854,1,1
14108,0,0
8482,0,1
18405,0,1
15019,1,0
19220,1,0
15894,1,0
10632,0,0
16228,0,0
19379,0,1
16183,1,0
1174,1,1
11020,0,0
9553,1,1
3404,1,1
18134,1,1
12073,0,1
13737,0,0
12343,1,1
1179,0,1
12885,0,1
4948,0,1
1316,1,1
21852,0,0
7497,0,0
12929,0,0
0,1,1
9075,1,1
16046,0,0
19038,0,1
13974,1,1
13627,1,1
32,0,1
16667,1,0
9516,0,0
22286,0,0
13716,1,0
21459,0,1
5094,0,0
4220,0,0
13395,1,1
1811,1,0
4112,1,0
17421,0,1
2702,1,0
10398,0,0
13014,1,1
4481,1,0
13971,1,1
21379,0,0
21153,0,0
14233,1,1
6192,0,0
16936,0,0
17105,1,1
21648,1,1
4669,1,0
10265,0,0
19566,0,1
18698,1,1
5695,0,0
21007,0,0
16252,0,1
8638,0,1
13361,1,1
20120,1,1
7237,1,0
15604,1,1
7007,0,0
18598,0,0
6646,1,1
2439,0,1
12534,0,1
18132,0,1
108,1,1
6526,0,1
4152,0,0
19411,0,1
1301,0,1
7276,1,1
20981,0,0
21365,0,0
18866,0,0
5061,1,0
7535,0,0
4504,0,0
8969,0,1
1852,0,1
11649,1,0
14934,1,1
6281,0,1
14534,0,1
9009,0,1
9643,1,1
7956,0,0
8449,0,0
17614,0,0
2663,1,0
11257,0,0
6242,1,0
11997,0,0
14675,0,0
2303,0,0
4992,0,0
17140,1,0
17160,1,1
21844,1,0
20866,1,0
10904,0,0
9756,1,0
18239,0,1
11855,1,1
7223,1,0
19759,0,0
19430,1,1
1409,0,1
19944,1,1
4861,1,0
4318,1,0
13445,1,1
18986,1,1
4740,0,0
21791,0,0
13263,0,0
5267,0,0
18910,0,1
22133,1,0
19522,0,0
13510,0,0
19260,0,0
14642,0,1
11369,1,1
8646,0,0
17865,0,0
16220,0,0
11259,0,0
5776,0,0
13882,1,1
9835,1,1
18560,0,0
20042,0,1
8570,0,0
13197,1,1
10140,0,0
4600,0,0
458,1,0
19146,1,0
16709,1,1
8055,0,1
8019,0,1
5819,0,0
8682,0,0
3096,1,0
4093,0,0
14360,0,1
15308,1,0
3232,0,1
8577,0,0
17109,0,1
6689,0,1
19490,0,0
22159,0,0
7998,0,0
22080,0,1
12288,0,0
11200,0,0
913,1,1
6857,0,0
7351,1,1
8116,1,1
2409,0,0
1557,0,0
11444,1,1
12025,1,1
20388,1,0
331,0,1
1806,1,1
22291,1,1
15710,0,1
19276,1,1
22134,1,0
11317,0,1
10011,1,1
11057,1,0
14161,0,1
12991,1,0
3554,1,1
16144,1,0
10049,0,0
20748,0,1
2023,0,0
18891,0,1
3593,0,1
16887,0,1
13783,0,1
15902,0,0
21386,0,0
17428,1,1
6954,1,1
9096,0,1
6801,1,1
2693,1,1
8471,0,1
15059,0,1
4796,0,0
16449,0,1
22242,0,0
14713,0,0
13863,1,0
11267,0,1
9315,1,1
18309,0,0
19381,1,1
3476,0,0
19444,0,0
4406,0,0
5277,0,0
3473,0,1
17805,0,1
4284,0,0
7412,1,1
4392,0,0
10852,0,0
11570,1,1
17433,0,1
17877,1,1
15164,1,1
20912,0,0
1876,0,1
18450,1,0
3296,0,0
6751,1,0
475,1,1
11936,0,0
21087,0,1
11277,0,0
15899,0,0
19831,0,0
6822,1,1
1311,0,0
9536,0,0
14942,1,1
6376,1,1
15417,0,0
9328,0,0
7553,1,0
22207,0,0
9067,0,0
7057,0,1
313,0,1
7747,0,1
15642,1,1
19296,0,1
7177,0,1
15827,0,0
11497,0,0
9645,1,1
19051,1,0
1033,1,1
4782,0,0
21713,0,0
21998,0,0
18293,1,1
17130,1,1
21388,0,0
16824,0,1
12861,0,1
19812,0,0
21490,0,0
19998,1,1
13524,1,0
1266,1,1
1848,1,1
16995,1,1
4121,0,0
8308,0,1
13493,1,0
11658,1,1
1028,1,1
17435,1,1
1199,1,0
13926,0,0
20722,0,0
22124,0,0
1372,0,0
5912,1,1
8265,0,1
6080,1,1
21116,0,0
18625,1,0
9973,1,0
13077,0,1
16942,1,1
3975,0,0
689,1,0
3234,1,0
9928,0,0
11340,0,1
19663,0,0
14704,1,1
7268,1,1
22137,0,0
2936,1,1
49,1,1
13043,1,1
3752,1,1
2000,1,0
9574,1,1
5450,0,1
13366,0,1
18993,1,1
19284,1,1
1830,0,1
11126,0,0
14926,1,0
21005,1,0
11691,1,1
13965,1,1
2835,0,0
21244,0,0
5910,1,1
21484,0,0
11065,0,0
20357,0,0
10190,0,0
13754,1,0
17681,1,1
856,1,1
16347,0,1
1788,0,0
9034,0,1
6771,1,1
1785,1,1
9086,1,0
3465,0,0
1211,1,1
21631,0,0
14986,1,0
17538,0,1
19126,1,1
10580,0,0
3005,1,0
10430,0,0
15915,0,1
10042,1,0
12411,0,1
10109,0,0
19078,0,0
8155,1,1
12949,0,1
17661,0,1
22178,0,1
19299,1,0
2900,1,1
13987,0,1
12395,0,1
11211,1,0
3022,1,0
21805,0,0
13057,1,1
7375,1,0
14849,0,0
17891,0,0
18916,0,1
14920,0,1
1310,1,1
19084,0,0
8165,0,0
9072,0,1
5131,0,0
15346,0,0
657,0,0
5472,1,0
11518,1,1
9444,0,0
12511,1,1
19892,0,0
7106,1,1
4932,1,1
8649,1,1
11127,0,0
8757,1,1
6378,1,1
8921,0,1
19999,1,1
5516,1,0
16182,1,0
14118,0,0
14651,1,0
1779,1,1
5435,1,1
22189,0,0
1732,0,1
7786,1,1
1366,1,1
16214,1,1
19647,0,0
10198,0,0
19525,0,0
958,1,1
13606,1,0
18688,1,1
9512,0,0
8361,1,1
19251,0,0
19869,0,1
15860,0,0
22367,0,0
16397,1,0
14330,1,1
8644,1,1
19841,0,1
21697,0,0
22303,1,1
20831,0,1
10826,0,0
11371,0,0
15863,0,0
11176,1,0
11327,0,0
12415,0,1
22051,0,0
8473,1,1
19559,0,1
16788,1,1
2291,1,1
1843,0,0
391,1,1
19774,1,0
5939,1,1
9229,0,1
3382,1,1
17904,1,1
1509,0,0
1716,0,0
21009,1,1
5572,0,0
19956,1,1
2724,1,1
12558,0,1
17194,0,1
6820,1,1
19148,1,1
13668,0,0
15120,1,1
3478,0,0
5024,0,0
9861,0,0
14044,0,1
4529,0,0
14338,0,1
21685,0,0
19340,0,1
21796,1,0
14242,0,1
4011,0,0
7381,1,1
13543,0,0
15036,1,1
633,1,0
12976,0,1
8420,1,1
7749,1,1
8530,0,1
19403,0,0
18165,0,0
15097,1,1
16576,1,1
17283,1,1
17431,0,1
9879,1,0
1718,1,0
13079,1,1
16500,1,0
9188,1,1
7187,1,1
10054,1,0
52,0,0
2315,0,0
2215,1,1
1853,0,1
22165,0,0
1161,0,1
10352,0,0
8020,0,1
21392,0,1
20995,0,0
21448,1,0
20397,1,1
5530,1,1
4593,1,0
10675,1,0
12873,0,0
15767,0,0
6737,1,0
2306,0,1
12728,0,0
8059,1,1
10712,0,0
8553,1,1
21192,1,0
2867,1,1
7797,0,0
17611,0,1
7788,1,1
9117,0,1
4433,0,0
18019,0,0
4653,0,0
18155,0,0
3128,1,1
1556,0,0
6225,1,1
8085,1,1
10568,1,0
12690,1,0
9281,1,1
2859,1,1
18728,1,1
11186,0,1
1466,0,1
9971,1,0
9040,0,1
20450,0,1
21103,1,1
12836,1,0
12982,1,1
12161,1,0
19010,0,1
20122,1,1
447,0,1
15217,0,0
4678,0,0
22256,0,0
21383,0,0
13177,1,0
19408,1,1
14344,1,1
19265,0,1
15844,0,0
21785,0,0
20465,0,0
9566,0,0
5959,1,1
1159,1,1
148,1,1
21563,0,0
15255,0,0
15681,1,0
3012,1,0
10269,0,0
8716,0,1
13966,1,1
18159,0,0
17948,1,1
20455,1,1
4833,1,0
12013,1,1
15505,1,1
10729,0,0
10880,0,0
12875,1,0
2942,1,1
13598,1,1
1234,0,0
9617,0,0
14121,1,1
4617,1,1
13970,1,1
7493,1,1
6089,0,1
15939,0,0
4858,0,1
17181,0,1
1685,0,1
18136,1,1
21269,0,0
18618,1,1
134,1,1
177,1,1
7807,0,1
5261,0,0
645,0,0
11786,1,1
17860,1,0
8005,0,0
17354,1,1
10261,1,0
5373,0,0
9235,1,1
3499,0,0
5265,1,1
15385,1,1
15325,1,0
20458,1,1
15912,1,0
4525,0,0
21581,0,0
1052,0,0
22078,0,0
2874,0,1
21158,0,1
8642,1,1
9154,1,0
18858,1,1
1255,1,1
11160,0,0
2704,1,1
12450,1,1
14612,0,0
14056,0,1
15849,0,0
11652,1,0
3094,0,1
12441,0,0
8290,0,1
8879,0,1
13973,1,1
7510,1,1
14626,1,0
15700,0,0
6914,0,0
1924,1,1
918,1,1
3592,0,1
19626,0,1
2411,1,1
4897,0,0
11338,1,1
10856,0,0
16504,1,1
9710,1,1
14020,0,0
15943,0,0
10447,0,0
4798,0,0
19880,0,0
9288,0,1
12437,0,0
14229,1,1
3990,0,0
15101,0,0
7783,1,1
2714,1,1
10131,0,0
1392,1,1
18105,1,0
3388,0,1
19040,1,1
7769,0,1
2098,0,1
12947,0,1
6323,1,1
5761,0,0
12599,0,1
14650,1,0
18573,0,1
5766,0,0
5070,0,0
20697,0,0
211,0,0
13309,1,1
8131,1,1
21895,0,0
10834,1,0
16872,0,1
4588,1,1
14278,1,0
15845,0,0
7667,1,1
8220,0,0
12436,0,0
22219,1,0
13467,1,1
6527,0,0
12664,1,1
16866,1,1
1518,0,0
1589,0,1
9573,1,1
16057,0,0
19822,0,0
19870,0,0
8170,1,1
6160,1,0
12507,1,1
8366,0,0
9325,1,0
21731,1,0
20720,0,0
1038,1,1
17011,0,0
