,y_test,prediction
1579,1,0
66,1,1
386,0,1
1569,0,1
1513,0,0
1135,1,1
804,0,0
3943,1,0
2168,1,1
2347,0,0
3205,1,1
3680,0,0
1335,1,0
2348,1,1
511,0,0
2635,0,0
70,0,0
1603,1,1
2003,0,0
2636,1,0
3392,0,1
3722,0,0
3401,1,1
2238,0,0
454,0,0
506,1,1
5,0,0
1367,1,1
488,1,1
2912,0,0
2730,0,0
1109,1,1
2548,1,0
2948,0,0
3269,0,0
3631,0,0
2021,1,0
1103,0,1
2176,1,0
3885,1,0
99,1,0
3356,0,0
2287,0,1
982,0,0
2653,0,0
1365,1,1
2244,1,1
1525,1,0
2566,1,1
1969,1,0
1266,1,1
1280,0,0
2005,1,1
103,0,0
718,0,0
1043,1,0
1376,1,1
837,1,0
1781,1,0
2551,1,0
3271,0,1
3281,0,0
461,1,0
3744,0,1
2992,0,0
1008,0,0
3403,0,0
3646,0,1
695,0,1
2040,0,0
2252,0,1
3578,0,0
507,1,0
2808,0,0
1439,1,1
3179,0,0
2818,0,0
845,0,0
1931,0,0
1203,0,0
351,0,0
2728,0,0
2286,0,0
173,1,1
471,0,0
3568,1,1
4094,0,1
3349,0,0
833,0,0
215,1,1
974,0,0
4029,0,0
2759,1,0
2711,1,0
1003,1,0
2453,1,1
1054,0,0
1410,1,1
2538,0,1
930,0,0
2257,1,1
3728,1,0
2096,0,0
830,0,0
595,0,1
2289,0,1
1194,1,1
3665,0,1
3327,0,0
2442,1,1
1735,1,0
3213,1,1
3332,0,1
2828,1,0
3363,0,0
1300,1,1
3558,0,1
2467,1,1
2323,0,1
1076,0,0
2367,1,0
3673,0,1
1204,1,1
1488,0,0
4062,0,0
2441,1,0
2007,0,0
247,1,1
3527,1,1
385,0,0
3751,1,0
3013,0,0
2788,0,0
1440,0,1
350,1,1
3924,1,1
905,1,0
1977,0,0
925,0,0
3333,1,1
3208,1,1
2507,0,0
1448,0,1
1451,1,0
276,0,0
2409,1,1
3364,1,0
824,1,0
1699,0,0
812,1,0
3159,1,1
1928,0,0
3245,1,1
2652,1,1
1073,0,0
1645,1,1
3727,0,1
2509,0,0
707,1,1
1895,0,0
1940,0,0
3915,1,0
2455,1,1
2401,0,1
1754,1,0
1343,1,1
992,1,0
896,1,0
1305,0,1
3661,1,0
1687,1,1
3758,0,0
2163,1,1
2670,1,1
3657,1,0
2758,1,0
101,0,0
3393,1,1
3992,1,0
4069,0,0
517,1,1
2486,0,0
1032,1,0
3455,0,1
3803,1,0
3993,0,0
35,1,1
2156,1,1
581,1,1
1295,1,1
2076,1,1
3942,0,0
3965,0,0
1619,1,1
2062,0,0
822,0,1
1261,1,1
1703,0,0
4011,0,0
4065,0,0
3918,0,0
786,1,0
1812,0,1
3164,0,0
2183,1,1
392,1,0
3268,0,1
3153,1,1
3791,0,0
3588,1,0
973,0,0
1629,0,0
2086,0,0
2154,1,1
692,0,0
2936,0,0
2397,1,1
3636,1,0
626,1,0
2684,1,0
1901,0,0
288,0,0
362,0,0
2136,1,0
2697,1,1
2215,0,0
3328,1,1
355,0,0
2392,1,0
2961,0,0
3187,1,1
1517,0,0
1325,0,0
3925,0,0
2029,0,0
3493,0,0
96,1,1
853,1,0
1174,1,1
990,0,0
3919,0,0
494,0,1
1148,1,1
3026,0,0
1788,0,0
266,1,1
3315,1,1
1434,0,0
1568,1,0
1326,0,0
741,0,0
3662,0,0
939,0,0
3198,1,1
1401,1,1
735,1,0
1276,0,1
3857,0,0
1044,0,0
317,1,1
3867,1,0
4115,0,0
3890,1,0
3017,0,0
1638,0,0
3898,0,1
823,0,0
209,1,1
4076,0,0
1380,0,0
2698,0,0
3483,1,1
129,0,1
1774,0,1
3027,0,0
2303,0,0
1927,0,0
3957,1,1
1136,1,1
3185,0,0
2015,0,0
667,1,0
2792,0,0
1482,1,0
1086,0,1
3987,1,0
2388,0,1
265,0,1
442,0,0
3705,1,1
1908,0,0
3687,1,0
3886,0,0
3903,0,0
159,1,1
3822,1,0
1537,1,1
3203,0,1
2253,0,1
3451,0,0
2580,0,0
3428,1,0
772,1,1
1639,1,0
139,0,0
596,0,1
195,1,1
2082,0,0
2868,0,0
2279,0,0
2278,0,0
3958,0,0
3737,1,0
1495,1,1
3852,1,0
1565,0,0
2553,1,0
3747,0,0
184,1,1
4086,0,0
466,0,0
3968,0,0
3692,0,0
3025,0,0
2359,1,1
3402,1,0
706,1,0
3001,0,0
1389,0,0
2131,0,0
2255,1,1
914,1,0
1865,0,1
2572,1,1
1018,0,0
337,1,1
2055,0,0
2727,1,1
1648,0,0
3181,1,0
2075,0,0
1119,1,0
1114,1,1
3138,1,1
1282,1,1
2045,1,0
2174,1,1
3374,0,0
1181,1,1
2569,0,1
1815,1,1
3003,0,0
3132,1,1
3775,1,1
832,0,0
685,1,0
447,1,0
3855,1,0
3564,0,1
2909,1,0
2126,1,1
2374,1,0
670,0,0
4055,0,0
898,0,0
2027,1,0
1441,0,0
472,0,0
603,1,0
1385,1,1
1025,0,0
550,1,1
1610,0,0
515,0,0
3347,1,1
3301,0,0
1933,1,0
2962,0,0
1968,1,0
3561,0,1
1684,0,0
2206,1,0
1208,1,1
3104,1,1
836,0,0
2625,1,0
3683,1,1
1907,0,0
2676,1,1
3555,0,0
696,1,0
3119,0,1
2795,0,0
3494,0,1
3991,0,0
1961,0,0
3931,0,0
1311,1,1
2946,0,0
464,0,0
305,0,1
1942,0,0
3613,0,1
1000,1,0
3971,0,0
3222,0,0
2004,0,0
3512,0,1
3893,1,0
2827,1,0
849,1,1
3329,0,0
2512,0,0
2491,0,0
2700,1,0
1330,1,1
552,1,1
3209,0,0
1733,0,0
3700,0,1
236,1,1
1696,0,0
3116,1,0
1672,1,0
1060,0,0
2554,1,1
2355,1,1
198,1,0
2175,1,1
2296,0,1
1616,0,1
1532,1,1
3075,1,0
3390,1,0
2615,0,0
3152,1,1
19,1,1
1786,0,0
3276,0,1
4121,1,0
1360,1,1
2225,0,0
375,0,0
3772,0,0
64,0,1
1010,1,0
2587,1,1
1773,0,0
4131,1,0
3584,0,0
72,0,1
3560,0,0
3379,1,0
3434,0,1
1322,1,1
234,1,1
909,1,0
2357,0,1
3711,1,1
1550,1,1
2738,0,0
3431,1,1
470,1,0
3962,1,0
2777,0,0
2466,1,0
3162,1,1
2705,0,0
2354,0,0
165,1,0
2114,1,0
3383,0,0
1316,1,1
1625,1,1
572,0,0
590,1,0
967,1,1
862,0,0
1819,1,0
1435,1,1
2878,1,0
2940,0,0
29,0,1
4060,0,0
2432,0,1
2975,0,0
1643,0,1
3482,0,0
2663,0,0
2816,0,0
3868,0,0
1899,0,0
3704,0,0
3935,1,0
314,0,0
3012,1,0
3960,0,0
1666,0,0
1349,0,0
1290,0,0
2644,1,1
3762,0,1
2390,1,1
2207,1,1
1793,0,0
3546,0,0
1738,1,1
3972,0,0
445,0,0
1315,1,0
2771,1,0
1701,1,0
2856,1,0
2499,0,0
3966,0,0
2237,0,1
1994,0,0
1239,1,1
1493,1,1
3029,1,0
94,0,1
2162,1,0
3975,0,0
3590,1,0
3651,1,0
2874,0,0
3375,1,1
3871,1,0
662,0,0
3477,1,1
2309,0,1
664,1,1
3672,0,1
61,0,1
2558,0,1
2065,0,0
551,1,0
260,1,1
955,1,0
3290,0,0
2259,0,1
2495,1,0
3147,1,1
1900,0,0
2811,0,1
1462,0,0
4058,0,0
3892,0,0
1074,0,0
3632,0,0
3649,0,1
4026,0,0
1234,1,1
3456,0,1
725,1,0
2361,0,0
684,0,0
2338,1,1
2914,1,0
3387,0,0
3274,0,1
4061,0,0
2969,0,0
1407,1,1
319,0,0
2280,1,1
1957,1,0
422,0,0
3071,1,1
112,1,1
3371,0,0
67,1,1
3753,1,0
1142,1,1
3496,0,0
4042,0,0
2411,0,1
1047,0,0
3961,0,0
3913,1,0
455,1,1
4100,0,0
3265,1,0
4003,0,0
2602,0,0
2049,0,0
2433,1,1
3569,0,0
2773,1,0
1587,0,0
978,0,0
2861,0,0
895,1,0
574,0,1
636,0,1
1308,1,1
2786,1,1
972,1,0
365,0,0
1634,0,1
3156,1,1
1225,0,1
894,0,0
2944,0,0
1466,0,0
629,0,0
966,1,1
465,0,1
678,1,1
1756,1,0
1909,0,0
1383,1,1
787,1,0
1002,0,1
2748,0,0
2712,1,0
799,0,0
651,0,1
3351,1,0
3811,0,0
952,0,0
2169,1,1
1381,0,0
1921,1,0
1327,0,1
2379,0,1
2182,0,0
1011,1,0
1997,0,0
3406,1,0
1245,1,1
2141,1,0
3720,1,0
3980,0,0
1593,1,1
1674,0,1
3795,1,0
839,0,0
1352,0,1
1306,1,1
2160,1,1
834,1,0
3372,0,1
1366,1,1
3366,1,0
555,0,0
1362,0,0
3839,0,0
1463,0,0
2584,1,1
3827,0,0
3819,0,1
3015,0,0
4110,0,0
3545,1,0
797,0,0
2284,1,1
1600,0,0
3849,1,1
3782,0,0
2853,0,0
3036,1,0
368,0,0
3597,0,0
1096,1,1
2939,1,0
225,1,1
890,0,0
2478,0,1
2087,0,0
2763,0,0
4066,1,0
3433,0,0
3139,1,1
2196,1,1
1446,0,1
3977,0,0
2608,0,0
3404,0,0
949,0,0
4002,0,0
258,0,0
1826,0,0
3470,0,0
1147,0,1
493,1,1
1288,1,1
1846,0,0
1097,1,1
3817,0,0
556,0,0
1559,0,0
1577,0,0
3891,1,0
4101,0,1
1320,1,1
2444,1,1
1915,1,0
79,0,1
3994,0,0
3829,0,0
1167,1,1
999,1,1
407,1,1
819,1,0
2573,1,1
2662,1,1
3069,1,0
130,1,0
1222,0,1
805,1,1
919,0,0
1746,1,0
1368,1,1
2232,0,1
293,1,1
2273,0,1
2732,0,0
1590,0,0
1965,0,0
2863,0,1
475,1,1
1345,1,1
88,1,1
363,0,1
1730,0,0
2605,0,0
3843,0,0
1784,0,1
3397,0,0
1185,1,1
2849,1,0
2787,0,0
364,0,1
1145,1,0
3407,0,1
3083,1,0
1255,1,1
3388,0,0
3199,1,1
2693,0,0
4126,1,1
3768,1,1
1763,0,1
251,1,1
942,0,0
1866,0,0
1753,0,0
935,0,1
2840,0,0
4093,0,0
2825,1,0
56,1,1
2753,1,1
3787,0,0
145,1,1
3225,1,1
2805,0,0
3112,1,1
3206,1,1
2683,1,1
2423,0,0
674,1,0
2736,0,0
3417,0,1
1238,0,1
2780,0,0
2204,1,1
1153,1,0
915,0,0
3730,1,0
2739,0,0
547,0,1
114,1,1
2212,1,1
729,0,0
277,1,1
1396,1,1
2624,0,1
2544,1,1
3037,0,0
945,0,1
3760,0,0
3522,1,1
4112,0,0
3092,1,1
2063,0,0
1594,0,0
1857,0,0
446,0,0
23,1,1
219,1,1
175,0,0
3947,0,0
3280,1,1
1094,1,1
2439,0,0
