,y_test,prediction
611,46.0,46.635679442405774
765,43.0,43.42756388590266
3137,49.0,48.882962452335676
1015,52.0,51.64247326224799
2716,44.0,45.50050079791784
2326,54.0,53.65117800984713
694,45.0,45.03004584486315
332,34.0,34.7691026924069
168,48.0,47.4100429346649
1049,47.0,49.86591564251309
3627,48.0,48.39015959394803
870,46.0,45.70966974968564
111,44.0,44.28151472923997
1860,47.0,47.91383815409641
3929,50.0,48.839239613798696
151,42.0,41.6288780952778
1514,49.0,49.19444498908966
304,44.0,33.62645002995992
3758,44.0,44.81055991146013
2411,53.0,42.91875418587169
1617,46.0,40.07263729358422
1933,54.0,50.888365086561635
182,43.0,42.80832618442785
33,49.0,48.86474923761459
3155,47.0,46.40574651503932
2300,43.0,43.59762158272412
1623,54.0,52.11793127728524
2245,58.0,56.65479120461003
1042,41.0,43.35008584202015
3634,51.0,48.782508011194864
565,41.0,41.41199092469941
1764,48.0,47.91222415330185
3554,45.0,46.37884235719393
1032,45.0,47.16032828634652
1757,44.0,43.93447817426259
1277,47.0,46.981527216070226
232,45.0,45.52005895778048
3488,49.0,49.21419912256477
1181,50.0,49.25159559721418
3747,46.0,48.33253881599609
3667,39.0,40.98110110263796
3925,49.0,47.15475810176588
1190,45.0,44.86010422064216
3299,43.0,43.65411912352238
3286,53.0,52.6595558795964
98,48.0,48.38089015027416
511,46.0,46.41102004379216
1204,47.0,46.732543310197414
2465,54.0,54.84022270955282
3586,51.0,50.55433588916557
3285,50.0,50.60600202970576
1530,46.0,46.816457420518276
134,49.0,48.91782385482861
882,52.0,51.03690198035085
537,56.0,56.93653341997323
2053,46.0,50.196844207403615
2414,46.0,46.27890832621813
3525,45.0,45.218078347349646
2726,46.0,45.676432012103554
312,48.0,47.95509466576772
1056,31.0,42.03167467995013
2442,41.0,41.26752461008234
315,41.0,41.76845917932349
2281,32.0,33.59223413403156
2681,45.0,44.8092411459056
2493,48.0,48.944699881547635
2235,45.0,44.4656651123124
815,46.0,46.16783012171089
2765,40.0,42.52810668344799
2970,37.0,39.75303451155001
3918,50.0,48.32430094065613
1910,47.0,46.42441487400827
199,40.0,41.21226995147566
373,50.0,50.4653061250028
2724,56.0,58.73003108828815
990,38.0,39.90782883940058
2389,47.0,47.17663558890047
2757,53.0,49.61602764405514
2633,47.0,41.46761719464955
2229,59.0,58.757530283874715
3911,40.0,40.754482836149684
1239,51.0,50.82309481611672
321,49.0,48.981716349889666
3233,40.0,39.933724297638044
187,49.0,48.987673988143456
3910,47.0,45.03266738188372
2734,54.0,53.34106114181421
471,49.0,48.02870386427578
4062,45.0,46.3095208255948
3924,52.0,52.36642780348824
1818,41.0,42.801945016083295
322,50.0,50.02189550420083
1127,51.0,50.632637253083224
1574,48.0,48.2113995512851
1529,58.0,48.32735186547784
894,45.0,44.87876954022939
1535,50.0,49.8643145699561
3423,52.0,49.94280840264696
3640,47.0,46.80928099997737
3874,48.0,48.62525646088934
2592,39.0,38.39831748352898
3998,44.0,46.192009447253376
1180,39.0,38.96170918252865
424,45.0,44.442415790151614
946,53.0,52.34359848372679
2810,52.0,50.99639493152297
1079,48.0,49.84001833595448
2111,52.0,54.205999975544756
3237,43.0,42.68982205429978
3221,53.0,53.396662881079074
71,50.0,50.54964194397035
2318,48.0,48.05228901237207
966,48.0,48.48795266006244
214,47.0,47.08477554191769
1281,47.0,46.853350572517854
999,46.0,46.07277948859806
1790,50.0,49.550980133924405
2988,47.0,47.02660473587522
1316,44.0,47.028500160725585
14,51.0,50.81243294019801
892,43.0,41.93778243221709
1196,49.0,49.51495449613415
1131,51.0,50.832548991448924
1442,45.0,44.83184398688627
275,45.0,45.302587458221645
548,40.0,39.53421158037787
1367,46.0,46.672382847406865
8,50.0,49.58665083455242
1244,46.0,47.00909918848512
1942,46.0,46.791711173448746
2966,54.0,49.81571741688205
3363,42.0,42.563870328140524
831,40.0,42.84054847941873
1935,39.0,42.797193744255615
2381,46.0,45.9319514113536
2114,34.0,28.817055798726624
4131,56.0,55.91142712731818
1249,54.0,54.18688583950202
255,47.0,47.53714736567644
1875,48.0,47.45452048441917
2602,53.0,53.23501859733108
302,44.0,44.190873215514024
768,51.0,50.15491664875372
554,47.0,46.87599138618091
3520,39.0,39.334813246584396
4125,47.0,47.32156382331599
2701,47.0,45.03570110980879
2873,55.0,52.81064470148479
4132,56.0,50.60032420471475
2768,50.0,50.2760377267184
2474,48.0,47.802007586095996
32,41.0,40.56130839221563
2415,49.0,49.338419062819355
1607,50.0,49.55012922338565
3814,48.0,46.60798095268439
2897,43.0,47.14724420010987
1635,44.0,44.585151510935276
4129,45.0,43.47118344165084
3084,52.0,51.245191572400344
3517,54.0,52.888687498745306
1193,43.0,43.880733520256285
1675,48.0,48.3218180620974
3742,35.0,35.14358761220192
579,47.0,46.86745273187027
3169,48.0,48.59441101409908
1869,52.0,51.27351689796905
3672,46.0,47.21863584583268
448,51.0,51.90328981708836
2689,51.0,50.758629421847644
2338,45.0,45.401045480746845
2400,49.0,49.44373751791234
3992,47.0,42.27125157923397
2327,50.0,51.49947428766707
3932,52.0,48.14003141180502
3697,43.0,42.93530382049117
481,34.0,36.07726391308766
920,42.0,42.13067022175385
1714,46.0,45.86242968060182
824,39.0,38.937150180128626
2354,42.0,43.31600755436415
1284,48.0,48.10036647670175
475,48.0,47.3517207489074
3546,40.0,39.843701195317784
3553,48.0,48.90407553426464
3238,42.0,42.36288883796201
325,46.0,46.51696643202002
731,46.0,46.620695761131934
3589,41.0,41.946569715317125
43,47.0,46.26190733029685
851,44.0,42.33666613965931
1532,46.0,45.95905253514927
1338,46.0,46.98212647328468
1294,48.0,48.35326228911292
3261,54.0,54.084204098105516
411,57.0,55.935515978252276
3617,44.0,43.957379729519104
2781,53.0,52.92612970978819
1887,41.0,41.86326232004278
3380,55.0,55.8844240104907
2677,52.0,51.78093848632303
3308,48.0,48.038233592186195
3947,52.0,50.713485539163955
1854,57.0,52.13947909445019
2543,42.0,42.7515784472332
1865,53.0,52.12246535213005
3315,54.0,53.11199996975993
2421,45.0,46.27206386263377
17,44.0,43.849175200361145
2908,42.0,42.888112419655485
608,46.0,46.48443590322297
3508,51.0,50.73953120355125
4137,38.0,38.990451672528884
1561,50.0,50.34414746410554
759,46.0,45.76939495588782
4084,46.0,45.943332128931814
1090,48.0,48.16954245656037
2863,44.0,43.890184140846245
692,37.0,38.68885047042184
4018,40.0,39.499575165820154
2210,48.0,48.60470287837416
467,59.0,57.586978093839235
2240,43.0,43.24914475060001
2515,48.0,47.903703384683666
3649,43.0,44.73474534863709
3396,44.0,43.69689975683395
2121,48.0,48.021546110735024
473,41.0,41.52395142869174
1743,45.0,45.73733066447591
1448,47.0,48.603222342080095
2974,43.0,41.53305429197774
3405,44.0,43.02876034392985
2471,45.0,44.61523225725155
3568,49.0,47.77668335701931
2463,52.0,52.718180274719835
667,43.0,45.19999349206246
1301,47.0,48.20375038713357
3539,44.0,44.557237832867585
208,41.0,40.96340012805992
2729,47.0,47.27347095199831
3452,47.0,48.7468108423401
916,42.0,44.080579093872686
3479,51.0,51.040987219701584
1951,41.0,41.56442243943871
2359,55.0,53.45924497415878
1163,51.0,51.33987349390381
500,40.0,42.092092456901895
951,43.0,44.22207658936637
1506,49.0,48.36600073619144
1615,49.0,48.29215696318359
1020,53.0,50.20906905482926
2896,45.0,43.24727311758248
1589,53.0,53.58123885971278
978,46.0,48.11546252700467
3909,54.0,52.40033188169185
2324,53.0,52.82759787404062
3244,52.0,51.986220005544716
95,49.0,49.17649701036744
2450,55.0,56.243796542719544
23,49.0,49.05868450229114
1004,45.0,45.682380784632485
2482,49.0,48.55156987165627
3504,42.0,42.03228291587084
1771,46.0,44.45172433304886
1321,49.0,49.16799192048476
575,39.0,40.51072581737806
2105,51.0,51.42139359984293
3339,40.0,40.86846562093278
1440,44.0,44.5985434217628
3116,47.0,47.39521008970672
1896,51.0,49.75416201422527
3053,51.0,53.42982796729744
3614,45.0,44.896939895565424
1113,42.0,41.91883887339594
1231,49.0,48.73177714707389
1899,42.0,43.562897176025906
1134,52.0,52.976313268161675
101,37.0,36.83812772579468
442,40.0,42.66226626080709
2159,44.0,43.29818307735457
3656,46.0,45.82977252096471
1311,52.0,52.13465720121731
3804,48.0,49.69621417371162
122,46.0,46.51909242008974
844,47.0,48.3068329945172
1525,55.0,55.441684129070694
158,43.0,42.837638529494605
2073,46.0,46.226168299338525
2368,49.0,49.51905876089405
1282,53.0,52.32597285904902
3558,52.0,50.97212549613913
4004,46.0,46.75315156828137
2246,45.0,45.79176841540034
3209,56.0,56.54451475409524
244,44.0,44.984288768061845
1083,47.0,46.45910522069259
1843,46.0,45.256246285985526
2181,36.0,32.044722969424996
1072,50.0,50.47917870342624
3030,39.0,38.263234277816075
3193,49.0,48.755067437215104
1568,43.0,43.47179448597168
3908,54.0,49.492958676884086
2758,51.0,50.57069820110257
3648,56.0,55.66486186971633
3475,36.0,36.34643088610535
2367,57.0,57.106200720571564
1401,46.0,46.44723997223443
2044,46.0,46.32858323277772
901,44.0,43.83457959932751
606,44.0,43.67335586592429
2904,43.0,41.918099196158465
180,46.0,46.3747585396264
3457,47.0,47.593086835621605
2983,47.0,46.2617764696156
2270,47.0,46.8756298039319
51,47.0,47.00019818892174
1606,39.0,38.320150414387335
3578,46.0,47.72640620352746
74,57.0,56.00653203392083
1246,41.0,40.15201936321424
2122,43.0,43.76633511675362
3382,53.0,51.59596236528761
1228,47.0,47.52914280902151
2446,40.0,40.33493176378908
4135,44.0,44.746688561985486
1290,55.0,53.406851787144035
2424,45.0,45.871342056928135
3329,40.0,40.34370884982047
1140,40.0,41.065139010642966
4031,50.0,46.58987485985695
159,46.0,46.353601684231364
1907,43.0,44.26724973301802
3784,48.0,47.889116125265936
544,47.0,47.21252973056498
52,49.0,49.233012223915225
4023,43.0,40.76505517667032
223,47.0,47.00844437322176
1315,48.0,48.835721724163676
26,44.0,44.84516999486133
1676,45.0,45.88624019685343
1972,36.0,39.61793467120221
217,48.0,49.05106457184071
2132,50.0,49.81499298550576
3466,45.0,44.81638273253893
3483,42.0,42.198708593767165
1400,41.0,41.2866702155393
3726,49.0,50.0214973239511
328,47.0,48.70657243511771
3368,46.0,47.57461638808736
3391,49.0,49.58197433095917
3867,44.0,43.371032158666154
1641,40.0,42.53428589326478
875,53.0,50.521849863798025
2031,47.0,45.20054651439551
2472,51.0,50.51048901741483
3832,52.0,50.29750840055877
3984,41.0,45.625647248614484
2567,49.0,49.99430134332311
44,51.0,51.52448222226805
744,44.0,42.62161212248387
505,43.0,43.528918062805474
1579,49.0,48.41213868837723
1044,48.0,41.1785875182691
2247,54.0,54.20981099854436
361,47.0,48.162203758708664
587,54.0,55.520334613789124
3802,49.0,50.1331504845122
3895,47.0,43.161467838566395
610,53.0,53.20043399752873
2203,47.0,47.12842148974289
3681,47.0,47.44363223161691
1524,54.0,53.56480121015727
3856,41.0,44.48173078528001
418,48.0,47.69109485480527
3317,51.0,50.984182174332766
2501,52.0,52.14573933396807
260,49.0,49.67084245303336
1667,52.0,51.818883392947555
774,46.0,48.39391019223939
4123,51.0,48.57591870050562
3222,44.0,44.26807735683057
3824,46.0,45.63221549272525
2227,45.0,44.723565838547415
1814,39.0,43.357246753534795
1176,55.0,55.97121922979623
1256,54.0,53.73981988105364
2390,47.0,45.99324551420028
2563,49.0,49.037380614186425
297,43.0,44.209908660971834
1980,46.0,45.13005929815031
1748,43.0,45.03004659887923
136,45.0,44.93420503823795
1781,50.0,49.68415189197702
3940,47.0,48.137461157576865
3724,51.0,51.67805799122054
2065,51.0,48.69657894596607
267,42.0,42.37547061460573
3989,40.0,42.35133024235832
1188,38.0,38.111812462428574
4044,47.0,48.669160455299235
1994,52.0,48.75343497378531
830,39.0,40.641155835112514
56,44.0,44.220917444428636
842,43.0,42.430001481343034
705,59.0,58.500230910756926
561,55.0,54.78915299531124
3400,41.0,41.68236811309942
1389,41.0,40.33895761318398
3108,47.0,46.34913947082812
1598,47.0,46.851123772838626
823,49.0,48.35265148121631
1777,47.0,48.059764909402446
1292,62.0,42.149204868019055
3588,54.0,53.15315910594631
402,55.0,54.282003987843
2433,41.0,41.09207237138452
1713,43.0,42.661834437192574
172,49.0,48.62276425569788
654,34.0,32.1869816142053
2266,50.0,50.07751862629773
1979,44.0,45.18387121842572
3934,55.0,50.64756092976957
1803,46.0,45.99200946413887
3774,41.0,41.36432013706535
191,44.0,43.43004391970329
12,46.0,46.40322235520872
1984,40.0,41.575688012236476
329,53.0,51.71439856689295
3005,45.0,45.40309643795871
617,46.0,45.6635401632706
816,41.0,42.06044116080106
764,48.0,48.74492814920832
3599,44.0,44.39047337841932
3647,46.0,46.283496529689685
3180,54.0,54.18302297912468
688,46.0,45.89733784933295
3065,47.0,46.27654416908402
3446,45.0,45.01903645753333
2792,52.0,47.667272807597485
2192,44.0,43.04700420740704
2505,39.0,38.550023281214074
3066,42.0,42.924026454760444
3258,50.0,49.95988031503268
2511,55.0,48.26044658909517
3163,58.0,58.26010135376053
1761,40.0,43.18162127424441
242,47.0,46.75890867501951
177,41.0,40.928577151808014
3659,49.0,48.78836984599581
3206,53.0,53.388276270896974
2663,47.0,47.084752336816784
4015,59.0,52.70545667374439
3610,44.0,43.6656220256388
1833,41.0,43.83110766630644
1450,44.0,43.670935568679
3135,49.0,48.276654402036044
3786,46.0,46.52303673899998
1353,46.0,45.92950067235448
420,44.0,43.70834241891575
1205,44.0,43.887191151204874
3739,41.0,40.649814646555946
2372,56.0,55.53142806476842
3029,49.0,47.855993084048734
1830,42.0,41.87520211180981
2283,52.0,50.941956332980595
2624,42.0,43.57807066686158
230,54.0,52.79553635661897
3852,45.0,46.66356890934645
2039,52.0,50.017182136093524
2149,51.0,51.21724478408899
358,39.0,40.119299247323134
1477,45.0,45.70175876955552
2029,47.0,45.09485594636152
2126,48.0,47.93817681169666
1361,46.0,46.18843116080211
1785,44.0,44.72912927433927
2862,47.0,44.304462464194444
3544,50.0,50.41369907735294
1999,55.0,51.6477904850048
70,52.0,52.42879552912105
1618,50.0,50.35265185857795
45,42.0,43.45625185815097
3612,47.0,47.51719052139744
3621,44.0,43.503676378451104
186,54.0,54.55106970798829
1218,41.0,41.97742488506032
2106,52.0,52.55971996295953
963,41.0,42.820257194924736
521,44.0,45.58463581001407
1251,51.0,51.0571607773678
2516,38.0,39.610326840815596
2867,51.0,49.550829017924485
1499,44.0,43.6328555989266
141,47.0,40.69132086597793
2408,58.0,56.83919343478357
2955,46.0,45.914735844156965
316,54.0,53.9487523462068
270,44.0,43.49410133162671
3043,46.0,46.26441127084483
2252,49.0,49.24968789953941
3325,48.0,47.377566991669774
64,51.0,51.57139772689585
2667,43.0,43.46543109252632
1379,49.0,48.31789161630639
1943,49.0,48.35702077421996
1430,51.0,52.034337513225196
146,52.0,51.712145457129395
3584,50.0,49.32021312605232
1047,47.0,47.313314240718576
962,43.0,44.37255748197245
2125,46.0,45.986779657022645
496,48.0,49.12738531056543
3860,50.0,52.0931091103659
3993,43.0,43.35735631287794
3750,46.0,47.920808765913065
3744,37.0,37.337389408322494
2962,51.0,50.32074124475249
2916,54.0,51.871070672371005
3326,41.0,42.117951167296425
2717,49.0,48.482838010766656
3012,49.0,47.589485742652556
2362,46.0,47.07942424877018
284,47.0,47.11164415752941
3202,41.0,41.64425968745128
2631,50.0,50.9583856547402
365,42.0,41.354859794889364
2929,46.0,47.386640598485926
305,42.0,42.492312453969134
1089,46.0,47.15310126124072
2222,52.0,51.75437633962128
2205,56.0,55.186415004510124
3081,56.0,56.55871933756378
425,37.0,38.430923967267596
3719,44.0,43.28835309911417
2524,49.0,48.03282799192096
1067,42.0,44.97427117481986
2579,54.0,54.53755091668063
1452,42.0,41.78729341122673
3105,57.0,56.608142565814006
2294,53.0,52.98621286539472
3118,41.0,40.73112208000089
1575,50.0,49.616039471497345
1811,56.0,53.56327024877891
3532,49.0,49.18642453314846
4006,40.0,40.61737498010166
682,55.0,54.056567291877926
58,46.0,45.94901305523119
77,43.0,42.86869065351978
375,47.0,45.17254637300029
1040,39.0,41.49806722612846
757,44.0,43.332841589278196
1938,52.0,48.81230166782477
923,46.0,46.04132765844479
4110,45.0,45.05239674483222
718,39.0,40.765889440347316
1108,52.0,52.043531565919224
3191,35.0,34.191779726070905
2133,50.0,50.512387027926096
877,48.0,48.70292101662432
3157,47.0,46.952646419626
126,45.0,43.42440922037204
2439,50.0,49.052465523480194
2373,44.0,43.69589306815715
2171,47.0,46.97781471504865
2653,46.0,46.58038742565164
1192,55.0,54.770365487912876
439,42.0,41.564418836210805
3969,49.0,46.21751023680544
3262,48.0,47.96213790620706
2101,51.0,51.01023672891096
3236,48.0,48.168022611180554
2657,52.0,51.52532297342546
3418,47.0,47.33145263858836
2742,47.0,49.709536839256955
395,44.0,43.983139793148446
30,40.0,40.351463888507496
3858,43.0,45.65882936774466
206,45.0,46.07106501928792
822,38.0,38.23119200131394
3990,45.0,45.5673654643594
803,50.0,49.33061554574135
3242,46.0,45.54861566189684
3962,46.0,46.94236697734664
2043,46.0,46.80965860032589
2766,50.0,50.57924709678045
488,49.0,48.51738182519411
1884,50.0,50.29208219516987
2200,43.0,43.1761501990369
453,46.0,45.3577434471649
1774,46.0,46.12922532327944
1421,42.0,42.09796936055047
1332,48.0,48.0068641757266
195,47.0,46.14805153024423
578,38.0,38.21584169000524
1322,52.0,51.315994314256855
3664,38.0,37.526806094688
6,54.0,53.30494558869532
449,54.0,55.198848008030694
295,45.0,45.48033139540034
746,44.0,46.78850409381698
3323,38.0,39.111921909660815
3542,46.0,45.67218737713877
2518,42.0,42.979932197420354
1837,46.0,46.917495997908134
2276,54.0,53.99409976359041
856,47.0,45.093535287630985
3753,48.0,47.70265960797489
2558,45.0,45.69358542201482
992,52.0,51.31623109672809
197,45.0,45.160761191695514
460,45.0,45.88559357747782
2487,38.0,38.355146273519466
3761,51.0,52.60709263510623
29,47.0,47.13584665148075
855,39.0,40.60894615690432
3762,43.0,43.23700212329012
3585,47.0,47.52482639060361
2057,50.0,46.91984485442272
3098,52.0,51.028077756816195
3068,42.0,41.28999681076543
3958,40.0,41.762423876938314
1604,54.0,53.845286174540455
3829,39.0,42.83470957791404
1636,58.0,57.13859400343628
3088,46.0,45.6608106482529
3360,40.0,40.57869004746021
225,47.0,46.407804252912975
3283,43.0,43.01182646788919
733,46.0,47.07383410583536
584,55.0,54.921535427082375
4099,48.0,49.536674501588635
3502,54.0,53.774402032888254
2423,39.0,39.488802344582425
1587,49.0,49.48142733817777
1765,46.0,46.41534118584127
800,41.0,42.116248207639515
81,51.0,49.923277008661735
261,41.0,41.04839843266324
301,44.0,45.7586356767887
3309,41.0,43.709085990730465
1429,39.0,38.78420039251652
2997,53.0,49.961678056282466
825,50.0,49.65886896538817
2921,49.0,47.38907665447172
2392,48.0,48.534941479313616
4078,49.0,45.353228554398854
2131,51.0,51.480428843786726
1480,51.0,50.75418628671125
3257,58.0,56.97338810241057
2963,53.0,51.34520680931634
1191,46.0,46.27941866543255
1088,47.0,46.948807853574564
1592,45.0,44.363191189855016
1540,52.0,52.58447241461677
1261,51.0,44.29953503008353
2197,52.0,50.97394378109168
3557,44.0,44.75464013267719
666,42.0,41.25183934422672
2165,56.0,54.99951758956175
1031,44.0,44.16461616398432
2275,44.0,44.31544693359173
2288,45.0,45.09991717292012
421,37.0,37.47868059805282
2481,48.0,48.01221701995867
1057,47.0,46.01129061319551
1240,52.0,50.9040081297364
3007,41.0,43.326232518481305
3833,49.0,48.951482609100495
3474,45.0,44.50188144334963
669,43.0,44.38502295698339
2693,46.0,44.77208390537628
3796,41.0,41.309540144090604
789,47.0,45.61561016621327
3587,44.0,46.20118681685725
154,41.0,40.86210786325575
3328,43.0,43.30473931731789
1687,41.0,42.81757979692902
2385,47.0,46.195299038902036
104,53.0,53.64389539525674
1672,42.0,42.99943517322137
1646,40.0,40.04621346237786
243,55.0,54.14576358046381
798,46.0,47.1996899007853
1652,46.0,46.50450799577925
1013,49.0,52.45630390061588
2718,47.0,48.23639962077165
2094,55.0,55.091192271648055
1070,49.0,47.93096790298186
2108,48.0,48.04460129858236
2509,47.0,47.70033843757706
2612,49.0,50.05912465553933
2675,47.0,47.163111119918646
3676,51.0,50.55176520827017
2650,47.0,46.66064011090221
820,48.0,49.25590132304542
339,44.0,44.9476159466373
1511,51.0,51.53415578211755
2388,52.0,51.817985526074025
3294,54.0,54.81665123781066
902,56.0,53.52087570936353
829,40.0,43.281657774426805
1222,49.0,48.680426627372654
1559,43.0,41.49064741987873
3255,51.0,51.074804888017326
2571,47.0,47.42714196635746
2163,51.0,51.54640120919031
1099,50.0,49.66435586570485
3013,41.0,42.06683598671456
4091,48.0,47.13505838955973
2369,44.0,44.682242325754274
3602,40.0,41.59302642697793
2382,44.0,44.14809946192967
3273,39.0,39.75995885316911
1638,51.0,51.008670092880344
1963,46.0,45.70685684814644
2143,46.0,46.51673694092323
564,46.0,46.44937344658916
1691,40.0,43.217455696780995
4133,51.0,52.911528634869995
906,39.0,39.00458248472191
2033,46.0,47.5143488555718
3913,51.0,50.12980914445576
3818,47.0,47.369219998914495
2739,46.0,47.6654079245431
1444,49.0,49.22759896344371
2884,51.0,49.45144601685663
884,53.0,52.75228235133474
1754,48.0,48.3341877389528
3067,54.0,54.47656273374316
3097,51.0,51.85587892919406
1755,51.0,50.52222157036891
2818,51.0,52.05576782909927
1838,42.0,43.49004690815009
4009,57.0,53.177643347173884
1435,45.0,44.779854280011676
2255,56.0,55.37542988885343
3592,40.0,40.70630828760927
742,44.0,45.69227262365008
1206,41.0,40.003263931562515
1121,57.0,56.365773679308624
734,44.0,43.92079123173765
1901,48.0,48.067176010872274
2375,44.0,44.772853292213554
1627,50.0,50.204763560001005
1520,42.0,41.29922874449839
1800,57.0,54.955253561289176
1639,48.0,48.297370208689884
353,42.0,41.78060555325633
2654,48.0,48.52833858892491
3321,55.0,53.47922567055071
1145,56.0,56.5854777027175
3942,44.0,45.9828064267915
3399,46.0,46.80317621831364
777,38.0,40.53017840191846
2242,42.0,42.78197841742416
1666,45.0,45.43070841545728
1839,42.0,42.95171376589991
1312,40.0,40.623785580794774
181,46.0,46.11535435682546
3496,40.0,41.25855671814947
3302,47.0,47.25085520231991
3063,50.0,49.669095639896106
910,41.0,42.42525508280387
3272,45.0,46.52777650007317
2584,45.0,44.79492757689669
3410,53.0,53.05650957179168
25,40.0,40.428818357559926
878,55.0,55.238170401249135
2260,48.0,48.051824688895145
2534,44.0,44.36430535343807
176,57.0,56.64890766523904
3239,50.0,50.806562954230714
3168,43.0,43.53566946525717
338,48.0,48.275796311434185
3167,42.0,41.44429669016231
440,45.0,44.39912115178677
2812,46.0,47.63554835726357
2097,44.0,43.94023754820653
2869,51.0,50.43488098039654
3534,53.0,52.794162671919025
489,46.0,46.86900959181177
1566,47.0,47.85938317854618
2081,47.0,45.96896199119235
811,44.0,46.31472360401339
3799,46.0,47.15084885846598
1133,44.0,44.629502515450106
925,40.0,40.76230762995471
3880,42.0,41.75125193526655
2960,46.0,46.39754558916605
1898,40.0,42.831146672890185
331,41.0,39.53706025081723
1345,44.0,43.59253885031329
1384,47.0,46.16148805332515
478,46.0,46.46431499392906
571,39.0,37.306290238141635
1857,50.0,46.411316229722644
2087,48.0,46.52255000357505
1076,40.0,41.48669218932453
4079,39.0,41.67054116266685
1062,54.0,50.64013619743697
3931,44.0,46.6669369264641
3887,46.0,46.562657506813956
62,48.0,47.962940969308605
1359,42.0,41.62810270090364
2746,45.0,44.40166750705837
3518,47.0,47.81514743275893
258,43.0,43.729413761950376
2794,43.0,44.1556494014858
1459,51.0,51.11881035081347
1125,53.0,52.50947713954342
3889,44.0,45.1619979402609
3795,46.0,46.326889239112816
2662,46.0,46.1358298600867
1443,50.0,48.82822975044471
68,44.0,44.66443372733943
1719,56.0,56.51714644471892
2455,41.0,41.20796984578863
224,48.0,48.1253102210886
