,y_test,prediction
611,46.0,46.708394256938476
765,43.0,43.29405807220593
3137,49.0,48.67184155511184
1015,52.0,52.26226129777575
2716,44.0,45.662634205623604
2326,54.0,53.41420077495879
694,45.0,45.05928809116071
332,34.0,35.14143287253306
168,48.0,47.097480638008385
1049,47.0,49.978653026750194
3627,48.0,48.58885985011962
870,46.0,45.230015259778554
111,44.0,44.074652943187374
1860,47.0,47.68028508993962
3929,50.0,48.21947545490745
151,42.0,40.518484663962525
1514,49.0,48.76146584181564
304,44.0,34.30707391200053
3758,44.0,44.47863034167302
2411,53.0,43.26395616666697
1617,46.0,40.35783060358018
1933,54.0,50.42915475489879
182,43.0,42.62736154863636
33,49.0,48.664457344897045
3155,47.0,46.30936739059694
2300,43.0,44.35806277211388
1623,54.0,51.86054208082237
2245,58.0,58.53928299931758
1042,41.0,42.68493636963062
3634,51.0,54.91405474786848
565,41.0,41.83221229038878
1764,48.0,48.54464281095935
3554,45.0,46.144420985494826
1032,45.0,46.62218247406335
1757,44.0,44.14631647177668
1277,47.0,47.33748330122131
232,45.0,45.663411410178504
3488,49.0,48.91852709189984
1181,50.0,48.777550213148885
3747,46.0,48.018176261415036
3667,39.0,41.05882540442005
3925,49.0,47.01472680813497
1190,45.0,44.69520548994252
3299,43.0,43.77946834848274
3286,53.0,52.84065312366869
98,48.0,48.22357665044629
511,46.0,46.17033446731021
1204,47.0,46.46094349297043
2465,54.0,55.02122761308503
3586,51.0,50.25209068952125
3285,50.0,51.021624767595284
1530,46.0,47.016737260800284
134,49.0,48.834795471893806
882,52.0,50.903696883556336
537,56.0,55.189886659570405
2053,46.0,50.65380555722071
2414,46.0,46.05197135835074
3525,45.0,45.50183949603143
2726,46.0,45.937649033350475
312,48.0,47.75748485688503
1056,31.0,42.356475217952045
2442,41.0,41.27063764929761
315,41.0,41.52631973586305
2281,32.0,33.60185939204898
2681,45.0,44.83010060103588
2493,48.0,48.9617072895811
2235,45.0,45.12541657285816
815,46.0,46.151134453724
2765,40.0,43.182119766056225
2970,37.0,39.85912977038018
3918,50.0,48.0110736550658
1910,47.0,45.78613176611303
199,40.0,41.61109586447165
373,50.0,50.29381448301359
2724,56.0,58.29262756801866
990,38.0,40.16302146936792
2389,47.0,46.33119943156352
2757,53.0,49.32235140636716
2633,47.0,41.478045180116986
2229,59.0,58.67828624997843
3911,40.0,40.720042386576324
1239,51.0,51.22207732760672
321,49.0,48.84136911069444
3233,40.0,40.088544572681
187,49.0,48.92990680342409
3910,47.0,44.94104267766616
2734,54.0,52.70182614777636
471,49.0,48.05849956881078
4062,45.0,46.76464819315443
3924,52.0,52.72263180082038
1818,41.0,42.48225569084609
322,50.0,49.86637226612713
1127,51.0,50.442120124540985
1574,48.0,48.0723919768524
1529,58.0,48.31542009696105
894,45.0,44.71250773003733
1535,50.0,50.00772375828258
3423,52.0,49.69621689859797
3640,47.0,47.105732758649765
3874,48.0,49.060816852886404
2592,39.0,37.70043233043004
3998,44.0,46.656958305576225
1180,39.0,39.10416765878848
424,45.0,43.22779156153118
946,53.0,52.05894565942776
2810,52.0,50.26688691533123
1079,48.0,49.965468804832476
2111,52.0,53.16017727731055
3237,43.0,42.6188094296321
3221,53.0,53.1034297616225
71,50.0,50.73254928475062
2318,48.0,47.92845933445595
966,48.0,48.25020995193566
214,47.0,47.123428732231766
1281,47.0,46.76582399757422
999,46.0,45.822509985622716
1790,50.0,49.36505674191211
2988,47.0,46.8470251414377
1316,44.0,46.559257082666804
14,51.0,51.00330614893731
892,43.0,43.64825210029302
1196,49.0,50.986575656609574
1131,51.0,50.35325185756547
1442,45.0,44.61169027660453
275,45.0,45.17367388454146
548,40.0,40.25258715706
1367,46.0,46.632006081248136
8,50.0,49.39830359318554
1244,46.0,47.043793598201106
1942,46.0,47.90826544389412
2966,54.0,49.893083389972105
3363,42.0,42.757642716783444
831,40.0,43.144927739402604
1935,39.0,42.67841302177371
2381,46.0,46.00486649069764
2114,34.0,30.030249926806935
4131,56.0,55.34292784961565
1249,54.0,54.71139754610155
255,47.0,47.62525320371094
1875,48.0,47.412104437114166
2602,53.0,53.3031839927597
302,44.0,44.117245450854455
768,51.0,50.730528257454694
554,47.0,46.63185502562929
3520,39.0,40.16217142680895
4125,47.0,47.055780491967454
2701,47.0,45.4344146857056
2873,55.0,52.83299609257601
4132,56.0,50.2149628544861
2768,50.0,51.14617885855194
2474,48.0,47.41322157331018
32,41.0,40.82812962307584
2415,49.0,49.75900571633461
1607,50.0,49.08143177508168
3814,48.0,46.705083325866454
2897,43.0,47.18432559465595
1635,44.0,45.145592134311244
4129,45.0,43.495878062887
3084,52.0,50.75169154159379
3517,54.0,52.46355797867558
1193,43.0,44.237121301882794
1675,48.0,48.135104295978934
3742,35.0,35.37433681026141
579,47.0,46.29554914030424
3169,48.0,48.12745033704725
1869,52.0,50.734701430221946
3672,46.0,47.225285699842885
448,51.0,51.87123738702851
2689,51.0,50.802030934846485
2338,45.0,45.51141026887197
2400,49.0,49.39797979899709
3992,47.0,42.27480168498559
2327,50.0,51.480497943966746
3932,52.0,47.97170112339658
3697,43.0,43.18120465712273
481,34.0,36.82702442915067
920,42.0,42.12617537475861
1714,46.0,45.59460010067039
824,39.0,39.445059832485406
2354,42.0,43.27293011547357
1284,48.0,47.78294619042882
475,48.0,47.199259100081235
3546,40.0,39.657313917756774
3553,48.0,48.531283515893584
3238,42.0,42.69468937821435
325,46.0,46.173715616616946
731,46.0,46.68526244484814
3589,41.0,41.81792940848763
43,47.0,46.39804215266683
851,44.0,42.81287735135088
1532,46.0,46.19249148993948
1338,46.0,47.038351792302144
1294,48.0,47.99983501084107
3261,54.0,55.44954577098049
411,57.0,59.376641644475455
3617,44.0,44.23639710726171
2781,53.0,53.5046372460677
1887,41.0,42.35040712597497
3380,55.0,55.07721749372212
2677,52.0,51.53791018437994
3308,48.0,47.97411201919388
3947,52.0,50.72941401326531
1854,57.0,51.84757876303051
2543,42.0,42.47551859111229
1865,53.0,52.44327953329869
3315,54.0,53.061722195346945
2421,45.0,46.17663982811386
17,44.0,44.10484999561268
2908,42.0,43.00646761782559
608,46.0,46.6478709455467
3508,51.0,51.28981284080314
4137,38.0,39.14822981966428
1561,50.0,50.3635914782963
759,46.0,45.70378068486153
4084,46.0,46.95859162778261
1090,48.0,47.76527419213061
2863,44.0,43.896491681045774
692,37.0,39.24636121426744
4018,40.0,40.033097678567685
2210,48.0,48.495004578742865
467,59.0,58.19309889931429
2240,43.0,43.49003612257992
2515,48.0,47.28984755453921
3649,43.0,44.784317285550955
3396,44.0,43.64081725930528
2121,48.0,48.12393580156034
473,41.0,41.66282690970566
1743,45.0,45.53536146265999
1448,47.0,48.48881928628875
2974,43.0,41.486111551462116
3405,44.0,42.82566123306481
2471,45.0,45.49248943369976
3568,49.0,48.027537569705544
2463,52.0,53.37498590469994
667,43.0,45.840912611262226
1301,47.0,48.2024002687978
3539,44.0,44.785755099946435
208,41.0,40.98206866279928
2729,47.0,47.000410592923984
3452,47.0,48.55715696743772
916,42.0,43.89145949902387
3479,51.0,51.27406453503444
1951,41.0,41.42933324390733
2359,55.0,53.49483988934554
1163,51.0,52.3407930680214
500,40.0,42.52996580976347
951,43.0,44.51789313135238
1506,49.0,48.038779054186364
1615,49.0,48.35982578039814
1020,53.0,49.68218266697645
2896,45.0,43.178828031018824
1589,53.0,52.630906487101996
978,46.0,48.04353587573172
3909,54.0,53.51671920684172
2324,53.0,52.54168107237676
3244,52.0,51.193292028800556
95,49.0,49.012161333968955
2450,55.0,56.50945002270845
23,49.0,48.97758390207248
1004,45.0,45.43576073292525
2482,49.0,48.30478279343832
3504,42.0,42.0681100268541
1771,46.0,44.261174424878305
1321,49.0,49.01225766998267
575,39.0,41.6472082024535
2105,51.0,50.97159622412461
3339,40.0,40.5236765109803
1440,44.0,44.55771412497191
3116,47.0,47.60983649325975
1896,51.0,49.57361798011933
3053,51.0,53.70873754512631
3614,45.0,44.84809002889226
1113,42.0,41.924696598302845
1231,49.0,48.76571155114796
1899,42.0,42.94004122891605
1134,52.0,53.07722569067336
101,37.0,38.76006505278709
442,40.0,43.77463806665085
2159,44.0,43.249373808056404
3656,46.0,45.35905254487688
1311,52.0,52.53070790332953
3804,48.0,49.59230821868893
122,46.0,46.533599972510025
844,47.0,49.109856187782505
1525,55.0,55.48466798302222
158,43.0,42.61186654438952
2073,46.0,45.78505236605416
2368,49.0,50.22404606380712
1282,53.0,52.13217020462565
3558,52.0,50.80817129316445
4004,46.0,46.76912320155608
2246,45.0,46.14392637986036
3209,56.0,56.03230840828233
244,44.0,44.88715705668233
1083,47.0,46.480336075217664
1843,46.0,45.341224624603846
2181,36.0,33.326184377974485
1072,50.0,49.980772062144666
3030,39.0,39.55916118490391
3193,49.0,48.69533173427011
1568,43.0,43.564822830567714
3908,54.0,48.41758203617185
2758,51.0,50.207337795662696
3648,56.0,56.4882229124964
3475,36.0,36.69837127120981
2367,57.0,57.16493479466406
1401,46.0,46.5320328365968
2044,46.0,45.95013591278983
901,44.0,43.75862165095198
606,44.0,44.28003611895453
2904,43.0,42.428806389799064
180,46.0,46.123800706458695
3457,47.0,47.98846160482167
2983,47.0,46.24682020123436
2270,47.0,46.56541797581273
51,47.0,47.0110333577655
1606,39.0,38.529326579704104
3578,46.0,47.854328890870605
74,57.0,58.71750050714131
1246,41.0,40.27556292092442
2122,43.0,43.955696437164875
3382,53.0,51.06633952126213
1228,47.0,47.67612319737661
2446,40.0,40.30918225445875
4135,44.0,45.1723026666221
1290,55.0,53.64892158188404
2424,45.0,45.774053509091104
3329,40.0,40.387757431855476
1140,40.0,41.11830601195389
4031,50.0,46.20752193853922
159,46.0,46.16678117041482
1907,43.0,44.24846922155389
3784,48.0,47.62919983915906
544,47.0,47.29692279875812
52,49.0,48.67479585791848
4023,43.0,40.437921155477596
223,47.0,46.87864635314772
1315,48.0,48.85892297623166
26,44.0,44.50201986717768
1676,45.0,46.18041525888605
1972,36.0,39.573443244702986
217,48.0,49.0039895081497
2132,50.0,49.53996265153662
3466,45.0,44.968033170153255
3483,42.0,42.26165557217784
1400,41.0,41.40287432161536
3726,49.0,49.956843564132384
328,47.0,48.89773456783697
3368,46.0,47.62415157841778
3391,49.0,49.76824404880057
3867,44.0,43.16657474338405
1641,40.0,42.10498326851982
875,53.0,49.85416084698265
2031,47.0,44.9642507320602
2472,51.0,50.37678564007428
3832,52.0,49.92840961336095
3984,41.0,45.51659176563952
2567,49.0,49.87496821593446
44,51.0,51.01879481475835
744,44.0,42.844690322701446
505,43.0,43.71618775278303
1579,49.0,48.183743474180716
1044,48.0,41.56489967628676
2247,54.0,56.138929891260446
361,47.0,48.77036574904781
587,54.0,56.129408187564366
3802,49.0,50.02795897323504
3895,47.0,43.42840209059203
610,53.0,53.02367523782067
2203,47.0,48.4599994977141
3681,47.0,47.464025636455645
1524,54.0,53.741461542476934
3856,41.0,44.87820473614344
418,48.0,47.91501092669705
3317,51.0,52.817072571852925
2501,52.0,52.19607410094757
260,49.0,50.118406606585125
1667,52.0,51.27884088989051
774,46.0,48.2138707161448
4123,51.0,48.06409761849202
3222,44.0,44.31908379165034
3824,46.0,45.31217068189696
2227,45.0,44.6366997559266
1814,39.0,43.58234507047912
1176,55.0,56.44352620148037
1256,54.0,53.518381511377655
2390,47.0,45.99623106696184
2563,49.0,49.56434341808925
297,43.0,43.749789263703434
1980,46.0,45.00971001678937
1748,43.0,45.28126585250284
136,45.0,44.98146890314043
1781,50.0,49.32509043095817
3940,47.0,47.88962497662423
3724,51.0,51.52658192834233
2065,51.0,48.40199276943534
267,42.0,42.17596175863949
3989,40.0,42.095328934477465
1188,38.0,37.884233242314075
4044,47.0,48.86992408148093
1994,52.0,48.066628564974074
830,39.0,41.49820581937135
56,44.0,43.285218524806325
842,43.0,42.79724314047979
705,59.0,58.87739366323818
561,55.0,57.47541058119809
3400,41.0,41.485069019811505
1389,41.0,39.993407524022395
3108,47.0,46.171581737567124
1598,47.0,46.61450726095191
823,49.0,47.983412622625444
1777,47.0,48.10362812951641
1292,62.0,42.56004692871406
3588,54.0,53.4815987345728
402,55.0,54.019752601698215
2433,41.0,41.27203019694544
1713,43.0,42.59016612786959
172,49.0,48.39137985268066
654,34.0,32.166453332931184
2266,50.0,49.16052981413648
1979,44.0,44.94740639487901
3934,55.0,49.83700643621172
1803,46.0,45.8757550092345
3774,41.0,41.0132852204702
191,44.0,42.95970126109454
12,46.0,45.6808858095054
1984,40.0,41.217795332711646
329,53.0,51.55780110544927
3005,45.0,45.26320859505199
617,46.0,46.03046390522536
816,41.0,42.01102627696322
764,48.0,49.295725134474026
3599,44.0,44.552936061908426
3647,46.0,45.817722522208015
3180,54.0,54.04883457141277
688,46.0,45.96634115235328
3065,47.0,46.55668871640731
3446,45.0,44.98687808447598
2792,52.0,47.83268968182834
2192,44.0,43.04933364829683
2505,39.0,38.68354286148577
3066,42.0,42.700809400514494
3258,50.0,49.74658157343724
2511,55.0,47.93056088075839
3163,58.0,58.598303824927854
1761,40.0,43.353277052924895
242,47.0,46.43705016643581
177,41.0,40.64360520660088
3659,49.0,48.95845090744838
3206,53.0,53.80228932059088
2663,47.0,46.92848284440737
4015,59.0,51.92473425863865
3610,44.0,43.354536286094
1833,41.0,43.782219593619864
1450,44.0,43.87755934651062
3135,49.0,48.227296404923806
3786,46.0,46.73922013935193
1353,46.0,46.13034594500374
420,44.0,43.77556573015873
1205,44.0,44.1501271474183
3739,41.0,40.91710445897289
2372,56.0,55.26526391766801
3029,49.0,47.602419751163666
1830,42.0,41.24530369012023
2283,52.0,50.501592465779865
2624,42.0,44.35446557394168
230,54.0,52.561996883090515
3852,45.0,46.376890197796826
2039,52.0,49.369955415538776
2149,51.0,51.14735337830302
358,39.0,40.185644891842976
1477,45.0,46.02394012002057
2029,47.0,44.87673331447469
2126,48.0,47.733924296040925
1361,46.0,46.19148972193983
1785,44.0,44.669586557413666
2862,47.0,44.129605711583196
3544,50.0,50.01082218894173
1999,55.0,51.09023061562514
70,52.0,52.31759223657641
1618,50.0,50.70347607183632
45,42.0,42.87750893764711
3612,47.0,47.209340487395565
3621,44.0,43.43382392564704
186,54.0,53.86006938049522
1218,41.0,41.96457406250543
2106,52.0,53.5614704518851
963,41.0,43.01649905786852
521,44.0,45.35677760332685
1251,51.0,50.37646259954219
2516,38.0,39.58421940350142
2867,51.0,49.31443701514017
1499,44.0,43.550925531367874
141,47.0,41.26131277240509
2408,58.0,56.700246363640886
2955,46.0,45.75835345238232
316,54.0,53.63928567531561
270,44.0,43.61596917076279
3043,46.0,46.338830742958265
2252,49.0,49.57104074355135
3325,48.0,46.614545739619594
64,51.0,52.27572391530329
2667,43.0,43.656305492563476
1379,49.0,47.779742042110726
1943,49.0,48.869096377046034
1430,51.0,51.74479506402872
146,52.0,51.59819481981663
3584,50.0,49.56427661576818
1047,47.0,47.26782594774265
962,43.0,43.81949180767186
2125,46.0,45.37256243785717
496,48.0,49.16840519188449
3860,50.0,51.95692593713568
3993,43.0,43.477255003293195
3750,46.0,48.37452487640077
3744,37.0,38.557882975378234
2962,51.0,49.9447796952112
2916,54.0,51.2886099548407
3326,41.0,42.38430274198438
2717,49.0,48.182471902396365
3012,49.0,47.44440069172359
2362,46.0,47.15302987235771
284,47.0,46.71279295798186
3202,41.0,42.21801544610187
2631,50.0,51.52231321115296
365,42.0,41.528036254089635
2929,46.0,47.37804973822497
305,42.0,42.35226573175959
1089,46.0,47.34543968676309
2222,52.0,51.51942947541595
2205,56.0,56.84810403812054
3081,56.0,55.681583057986074
425,37.0,38.95934526053149
3719,44.0,43.57194508888247
2524,49.0,47.53632325985336
1067,42.0,44.903009679741
2579,54.0,54.46237487060017
1452,42.0,41.87866342872623
3105,57.0,55.956020303803356
2294,53.0,52.519652804679055
3118,41.0,40.65739649703145
1575,50.0,49.43609318599668
1811,56.0,53.38715980663255
3532,49.0,48.73660875422497
4006,40.0,40.947252821223955
682,55.0,53.6865123457177
58,46.0,46.15060824789418
77,43.0,42.85473750634539
375,47.0,44.19471463144315
1040,39.0,42.18494676548561
757,44.0,43.56533878571108
1938,52.0,48.87710576302801
923,46.0,45.99156902116446
4110,45.0,44.83928824285466
718,39.0,41.26888710089294
1108,52.0,53.75463295281229
3191,35.0,33.180368516816294
2133,50.0,50.25689666523047
877,48.0,48.040969663117224
3157,47.0,46.649588045951205
126,45.0,43.418552008751604
2439,50.0,48.6233309206243
2373,44.0,43.65911247940565
2171,47.0,46.79970225352761
2653,46.0,46.87669560595232
1192,55.0,54.63270768090628
439,42.0,41.68547693851819
3969,49.0,45.977551031302156
3262,48.0,47.874352201752146
2101,51.0,51.61649272007338
3236,48.0,48.59287019511859
2657,52.0,51.25378342559542
3418,47.0,46.8125204282906
2742,47.0,49.892333887083396
395,44.0,43.548222202016575
30,40.0,39.954503226273175
3858,43.0,45.93309125854849
206,45.0,47.22430478352764
822,38.0,37.83363979995686
3990,45.0,45.36551986444603
803,50.0,49.22810409263642
3242,46.0,46.13610699615589
3962,46.0,46.945914583526886
2043,46.0,46.95284410448602
2766,50.0,50.74087701880828
488,49.0,48.379968166724694
1884,50.0,49.968809314489974
2200,43.0,43.62840676101705
453,46.0,45.25182768639278
1774,46.0,46.08335514424361
1421,42.0,42.21029009770996
1332,48.0,47.84625826553871
195,47.0,45.71262001888188
578,38.0,38.63592900820482
1322,52.0,51.24458698083159
3664,38.0,39.421034942708616
6,54.0,53.98013640178403
449,54.0,55.034927693192614
295,45.0,45.5483255307874
746,44.0,47.09146811787326
3323,38.0,39.11396324536578
3542,46.0,46.17939943127622
2518,42.0,42.87706266172212
1837,46.0,46.67806897045712
2276,54.0,53.27712889943629
856,47.0,45.020384227828345
3753,48.0,47.442691128807965
2558,45.0,46.06169851294632
992,52.0,50.62518388553963
197,45.0,44.77642472765926
460,45.0,46.193072390880104
2487,38.0,37.8530182602191
3761,51.0,52.32340754302018
29,47.0,47.101270460353746
855,39.0,41.536462993373576
3762,43.0,43.622188582487
3585,47.0,47.35872549295959
2057,50.0,46.54182416253761
3098,52.0,50.883734251335596
3068,42.0,41.20241063238355
3958,40.0,42.047201691594154
1604,54.0,54.71000506712586
3829,39.0,43.217684685785656
1636,58.0,57.125364412932825
3088,46.0,45.10719911248594
3360,40.0,40.43618658816338
225,47.0,46.194064140681775
3283,43.0,42.587382111808175
733,46.0,46.91092036209853
584,55.0,56.11041343565631
4099,48.0,49.35024136072781
3502,54.0,53.7015459100908
2423,39.0,38.64259504626439
1587,49.0,49.18682118046867
1765,46.0,46.544866057093486
800,41.0,42.814101996376486
81,51.0,49.78164871589592
261,41.0,40.217626618144365
301,44.0,46.07681696647147
3309,41.0,44.166656052740336
1429,39.0,38.883180111184046
2997,53.0,49.70251290922634
825,50.0,49.39609038304738
2921,49.0,46.902542072279545
2392,48.0,48.55215498794265
4078,49.0,45.343410888196175
2131,51.0,51.34102259613591
1480,51.0,51.39873726488844
3257,58.0,57.269009581633895
2963,53.0,50.96872131274952
1191,46.0,46.392498609913304
1088,47.0,46.67275754739424
1592,45.0,44.14085348604545
1540,52.0,52.74344355821351
1261,51.0,44.37162352964323
2197,52.0,50.61964071415679
3557,44.0,44.66412634788373
666,42.0,41.196992145055695
2165,56.0,56.31629277982182
1031,44.0,44.14122117613795
2275,44.0,44.37847226491791
2288,45.0,45.17062620976647
421,37.0,38.000787615247944
2481,48.0,48.254231136850336
1057,47.0,45.72816340104863
1240,52.0,50.54516007997053
3007,41.0,42.46870712627452
3833,49.0,48.7090537114955
3474,45.0,44.43170971293705
669,43.0,44.724686188383885
2693,46.0,44.83144190586768
3796,41.0,41.48234680987795
789,47.0,45.633287119999636
3587,44.0,46.25688664010286
154,41.0,41.01480466803041
3328,43.0,43.32331097547919
1687,41.0,42.95733449558135
2385,47.0,45.85134923817512
104,53.0,53.627780640722364
1672,42.0,42.86890509069689
1646,40.0,39.55003287900711
243,55.0,54.41362083805521
798,46.0,46.93726141184398
1652,46.0,47.05538305890636
1013,49.0,52.5516145039462
2718,47.0,48.144371592302235
2094,55.0,56.69066671591405
1070,49.0,47.71563926451854
2108,48.0,47.738361025719456
2509,47.0,47.66619588699625
2612,49.0,49.904156569373924
2675,47.0,47.35045900239183
3676,51.0,50.3297227033933
2650,47.0,46.609947218329864
820,48.0,49.19417033975733
339,44.0,45.42047157172843
1511,51.0,51.39419360787943
2388,52.0,51.92522539512446
3294,54.0,55.349803777788864
902,56.0,53.37222501348053
829,40.0,43.342960483939876
1222,49.0,48.962218324423475
1559,43.0,42.85946196015827
3255,51.0,50.86855072656411
2571,47.0,47.24754508990314
2163,51.0,51.063603008965416
1099,50.0,49.977403647134864
3013,41.0,41.62412407756922
4091,48.0,46.8650289938645
2369,44.0,44.78555311349396
3602,40.0,41.171421533817906
2382,44.0,44.29943723194741
3273,39.0,39.790208232779065
1638,51.0,51.40393943021006
1963,46.0,45.49088783708629
2143,46.0,46.144175355912026
564,46.0,46.27274711300777
1691,40.0,43.24852720762394
4133,51.0,54.368323392140795
906,39.0,39.86443451844308
2033,46.0,47.551324720601414
3913,51.0,49.505009360902335
3818,47.0,47.73145030283615
2739,46.0,47.88659113345349
1444,49.0,49.36959414217314
2884,51.0,49.048816781624055
884,53.0,54.76393024937488
1754,48.0,47.98860731772197
3067,54.0,54.65747476976648
3097,51.0,51.08895985418033
1755,51.0,51.12777728649925
2818,51.0,52.46674482626915
1838,42.0,43.11780390914913
4009,57.0,52.46228914585042
1435,45.0,44.80324549797552
2255,56.0,55.409078261883536
3592,40.0,41.25652409580522
742,44.0,45.045810095471865
1206,41.0,40.774963524115115
1121,57.0,56.8355511718119
734,44.0,43.410881555886945
1901,48.0,48.33339932095698
2375,44.0,45.00193550296073
1627,50.0,50.13276579316289
1520,42.0,41.742976776551664
1800,57.0,54.821084626403646
1639,48.0,47.96146401715384
353,42.0,40.885402963052215
2654,48.0,48.305296151165535
3321,55.0,52.07749466845371
1145,56.0,56.790337011519384
3942,44.0,45.98647052426125
3399,46.0,47.42888343903347
777,38.0,40.57225883011091
2242,42.0,42.89441505875841
1666,45.0,44.81816157021297
1839,42.0,43.00340191145909
1312,40.0,40.042861866821625
181,46.0,46.056161302194134
3496,40.0,41.39386325353449
3302,47.0,46.74329537944749
3063,50.0,49.03346727544768
910,41.0,42.181757542000774
3272,45.0,46.79141620138114
2584,45.0,44.79821472967784
3410,53.0,52.51821450348461
25,40.0,40.25121403658332
878,55.0,56.1159614685799
2260,48.0,47.795743642944515
2534,44.0,44.31670357066776
176,57.0,56.33367769741572
3239,50.0,50.51766160759368
3168,43.0,43.584885684875324
338,48.0,48.28724204460102
3167,42.0,41.72254240862118
440,45.0,43.837469970091334
2812,46.0,48.065206511483474
2097,44.0,43.82072597360677
2869,51.0,50.09162480281634
3534,53.0,52.547337775125406
489,46.0,46.999308397848495
1566,47.0,48.021890241509055
2081,47.0,45.694092254683014
811,44.0,46.80003021837943
3799,46.0,47.18190855150202
1133,44.0,44.54688657048595
925,40.0,41.57300549777885
3880,42.0,41.47364840136798
2960,46.0,45.85133753862932
1898,40.0,42.90850527943891
331,41.0,39.58456972289707
1345,44.0,43.37772124831084
1384,47.0,45.77140891825375
478,46.0,46.65512583909068
571,39.0,37.271917555490276
1857,50.0,45.994907646625165
2087,48.0,46.123884280372465
1076,40.0,42.373222242422926
4079,39.0,42.09592271837519
1062,54.0,49.94618876884063
3931,44.0,46.061025743356396
3887,46.0,45.99899448434503
62,48.0,48.85726333077347
1359,42.0,40.842790081012396
2746,45.0,44.596591494872705
3518,47.0,47.80100569989494
258,43.0,43.06334218255989
2794,43.0,43.635313810452146
1459,51.0,51.04052656201907
1125,53.0,54.23166824811245
3889,44.0,45.319140664517676
3795,46.0,46.209630155032045
2662,46.0,46.34048449151503
1443,50.0,48.85331232335967
68,44.0,44.76604124553124
1719,56.0,56.99187218259942
2455,41.0,40.93598794101476
224,48.0,47.96817442448133
