,y_test,prediction
1589,54.0,57.411886577104276
22266,51.0,48.68529778304779
1218,52.0,49.90560578215981
10063,52.0,48.28792480017923
9555,46.0,49.302576567038685
18256,45.0,44.93442219737693
5130,48.0,48.927418353204985
5724,47.0,47.196048148324444
10173,39.0,48.2631129625578
10229,48.0,45.05835423099054
5726,47.0,47.196048148324444
18057,51.0,50.542468173433704
16612,48.0,43.1787797472989
15120,42.0,44.55916147057107
7598,53.0,48.48637772150191
350,45.0,44.04713366208051
8690,46.0,45.53787541194991
5816,50.0,50.00252352759789
2347,51.0,50.41485741232782
18675,40.0,42.75194887177513
3546,48.0,47.038910918190055
12150,50.0,47.41035070688427
20857,49.0,50.83769633054115
4107,48.0,46.92790414664133
16395,43.0,43.22066499933426
787,52.0,47.74714281733843
19903,45.0,44.26391189816689
345,57.0,51.750988427802405
9972,41.0,46.28562052225939
12260,51.0,47.07540256131239
5501,54.0,44.92227180358191
22192,48.0,46.51399150782547
12230,51.0,51.97220269707167
19276,53.0,52.16912891905946
13701,43.0,46.789333829821786
20551,49.0,49.489030331264686
5908,57.0,53.87116903603737
5708,50.0,46.27934544804148
12649,49.0,51.12343195645184
1283,47.0,45.439463130947416
11475,46.0,43.14763783180926
6358,44.0,41.312369507943004
10651,48.0,52.01419061685928
14642,47.0,52.39129629504507
5580,46.0,59.40627937946324
13974,51.0,50.65024756911268
7181,48.0,48.021591556922814
4185,48.0,48.49773111757244
13093,48.0,50.314440963156386
89,40.0,37.80293908384354
5886,46.0,43.59145067849238
17596,58.0,55.07997534790415
10831,52.0,46.56875059550444
15634,46.0,49.138706405191215
19635,45.0,45.110689813768275
16899,57.0,51.488370031361654
11860,53.0,50.209734412478355
19743,51.0,51.80685759512001
19896,48.0,47.15703558544068
9957,48.0,48.319419300880895
6124,40.0,43.487743246811355
19409,40.0,44.88780061450464
11273,48.0,45.43208624570672
9706,51.0,53.21333740540169
6441,49.0,51.02522363877402
10926,45.0,47.01079711691872
11388,55.0,52.12145528613818
16479,51.0,55.48893335874236
19890,44.0,44.686831800637194
11973,45.0,43.28802952334317
10395,43.0,45.088530576314376
2917,44.0,45.23706268279792
19708,52.0,48.53149377936655
12436,52.0,48.80092986701596
1799,47.0,50.00060011838126
17825,53.0,50.55388820020435
1209,47.0,45.72939755765155
13297,54.0,51.2150599320127
6166,51.0,48.63955978916526
2048,62.0,60.911150368117774
4711,46.0,44.49938589301988
10635,46.0,49.5172284129697
5560,47.0,44.86214728578962
19301,50.0,48.347501291908756
15255,47.0,49.66110013497989
14722,42.0,45.15511995043816
19832,48.0,48.079925891564805
21689,45.0,47.10653184549132
10401,47.0,45.56152562219249
15939,41.0,42.49251364760575
10385,51.0,48.95637880039992
20199,48.0,44.61188506080563
10563,47.0,45.7952749229441
1682,53.0,52.00656017407232
21244,42.0,47.00111358304826
4804,43.0,48.73571163693646
17525,46.0,48.89079815068524
650,46.0,47.03690401571938
6987,49.0,50.01203015711328
12069,57.0,52.93710513668322
15240,44.0,44.557615636382565
997,40.0,44.43118175295274
20871,48.0,51.22023221632449
1880,50.0,54.54925123216729
9536,43.0,47.245170294665726
16438,42.0,46.409036206458865
20128,40.0,42.87633113944797
19516,41.0,44.13481700977291
10642,50.0,51.1805965842571
1520,48.0,45.95991783454784
14623,44.0,47.561280743267616
16394,43.0,43.22066499933426
34,54.0,50.28190090959461
8540,39.0,43.66589546131625
19167,40.0,42.82050410954965
13695,43.0,42.45381971421298
19943,53.0,53.992318770634526
4150,49.0,47.82255725021216
823,41.0,42.29186700558155
16184,48.0,44.53762752433886
13580,38.0,41.89894720603459
10392,45.0,48.38962180985534
2020,58.0,56.64936442691952
1331,53.0,50.74389861047902
9171,45.0,45.319093451916686
8510,41.0,42.35526745176158
11233,44.0,50.482878917041646
20808,46.0,45.5552121843089
20038,49.0,49.18431228286401
6289,41.0,40.82074045574281
1310,47.0,51.38580194223919
16252,49.0,49.83036661876284
121,40.0,41.54763678847979
7662,45.0,44.57920022012442
8654,42.0,40.651478787004855
1270,51.0,47.10251243507519
7057,43.0,45.49215190881628
21074,44.0,43.04819857478271
18768,45.0,45.06872963141761
3628,42.0,44.50471352781907
20251,47.0,45.02537743905468
6084,45.0,44.912989897545934
1222,44.0,44.15472488465163
19352,53.0,51.85150105916563
1559,46.0,46.13569016339079
10745,44.0,47.24285338224923
8029,41.0,42.259471616793064
20620,46.0,46.8290472661529
17461,44.0,45.50676211562447
11520,48.0,47.76923708382766
3231,44.0,46.0250359469163
8061,51.0,51.812236201682005
9262,39.0,41.4923843174034
15099,37.0,39.61071318413144
20756,40.0,44.36842409331583
12075,45.0,48.00832863379425
9219,45.0,44.281107138306304
6186,50.0,45.29342666762916
9188,41.0,45.29233377358397
2190,45.0,46.285217827862496
11878,41.0,41.386789902258094
4178,52.0,45.28075359517015
14775,46.0,47.478979781230684
17194,54.0,51.366746033327416
1723,46.0,49.37186328160675
16966,49.0,47.66815074964741
19298,48.0,48.44817727162307
8446,41.0,44.26926587593867
22285,54.0,53.512873076333705
2715,47.0,45.20321845254662
4308,41.0,42.17644436548693
12334,48.0,48.3029493328602
11588,45.0,45.41186252414391
8155,45.0,46.35780759676768
9044,45.0,48.38375708069307
15827,37.0,40.3853566685772
21452,52.0,49.51398891057113
9848,50.0,45.929146467618
15427,51.0,50.373444185606466
15681,51.0,48.65935056857898
14466,46.0,44.766431865467666
10965,50.0,50.36145163941013
18681,45.0,47.469626787998635
4619,47.0,47.77474007836877
3182,54.0,55.019191623714605
7069,47.0,47.57578044104656
16735,47.0,46.87190400916158
22133,49.0,48.79012120358749
20143,51.0,48.18233406931439
16115,49.0,48.727717123395195
9351,46.0,45.063601698343106
6378,51.0,49.748181103855586
21657,45.0,45.54025418083759
13394,45.0,45.59184727454391
12938,48.0,51.20924230796112
21205,45.0,43.87257430314615
14068,48.0,49.78954220985168
3208,54.0,54.48732879318301
21212,47.0,50.374873227882816
13698,51.0,49.35583458600212
9911,50.0,47.561496280138364
60,48.0,47.3369165371072
10636,46.0,49.5172284129697
8760,48.0,48.22892585586935
4241,47.0,44.98515861933598
7623,47.0,41.87090258523534
11607,44.0,43.594424473581995
2544,49.0,44.93318516660298
11512,50.0,47.57297221975914
16709,45.0,45.401524413915325
1687,46.0,49.79906401699044
19663,55.0,55.677118643795154
17908,43.0,44.83179552882163
21087,53.0,50.43059703782447
19870,38.0,42.264001662389
10026,56.0,53.7684126253703
367,43.0,43.38168656219255
11872,46.0,46.22818831238533
14881,45.0,43.969635991780166
20479,44.0,45.58970644785286
4525,37.0,41.220951185576276
12098,46.0,45.89763803589679
1414,42.0,43.38378949113276
1504,47.0,46.05193564832987
8308,49.0,49.165856899587425
21120,48.0,50.644810915218166
790,46.0,45.97528829935884
20946,43.0,46.66909640591915
7102,40.0,41.95660983865715
11236,48.0,53.216274622045816
18728,46.0,45.45723818030789
7131,46.0,46.484427464005876
22096,48.0,47.16491960266332
6618,49.0,48.2884037496606
2159,47.0,48.28932050319741
2772,46.0,44.69429706565438
6954,48.0,44.594302957157836
1762,51.0,52.973281196265326
12697,44.0,47.361016966072796
20285,48.0,50.898973625481844
14776,46.0,47.478979781230684
17679,54.0,48.122446000265334
11369,52.0,50.88022890623415
16197,45.0,44.69365214825142
16866,41.0,40.278045449487486
1980,41.0,43.561674266951556
12693,46.0,49.6380598502428
11574,39.0,40.17217844578383
3688,53.0,51.408860984777036
16342,48.0,47.68080350828117
8607,48.0,48.68127996642837
19129,37.0,39.660168788008654
14855,44.0,50.10122982931225
18799,51.0,54.38045974365865
4364,50.0,49.40926727490276
7014,37.0,38.62639205825552
21195,30.0,44.106189309470466
4346,38.0,46.309550784457755
9009,40.0,40.175266004933135
4015,49.0,50.633353122084195
21285,45.0,47.788473411087764
3635,56.0,54.286170942331076
18103,44.0,46.024496858182125
2726,54.0,51.38568018976136
18244,47.0,46.958459998559796
3213,50.0,46.04165417724522
2352,46.0,44.251625805814214
18336,45.0,44.832739865454855
2847,52.0,46.94061461757268
19751,49.0,50.65901568701809
8335,42.0,44.12381451973816
18188,47.0,47.82799862440953
21906,42.0,40.415087689999524
19223,41.0,42.65864943716735
12479,53.0,52.68753923072819
11633,56.0,52.64496883718814
4302,55.0,51.589269851493015
2936,58.0,56.8884392503253
19282,43.0,44.81019262278116
16677,45.0,45.017523623301145
1309,47.0,51.38580194223919
13084,46.0,43.54443297475531
12959,50.0,51.169451347461276
17485,54.0,52.506568191314884
15150,48.0,46.095527953243106
5875,49.0,48.23819359179539
4350,48.0,45.48725612989169
1401,52.0,49.46576913625671
9293,40.0,42.21248898582112
10553,49.0,48.161267808353685
2302,50.0,47.94935731448392
9400,50.0,54.1042311351281
8418,52.0,49.90928626063308
9734,43.0,44.77193927893715
22254,48.0,45.82510350726175
4590,42.0,40.92388069622879
4674,40.0,40.453476412583214
11564,54.0,49.234520428253376
2252,41.0,53.96854149990613
10932,47.0,44.178528240229184
1196,46.0,48.68609559751887
657,53.0,51.894951258473
6667,45.0,45.81497049083856
22204,50.0,46.68525249779014
10988,45.0,42.57755925699951
9726,60.0,51.44905055062341
1665,48.0,50.48347948366964
20922,47.0,47.04056898662951
3474,47.0,48.744316165920026
11017,46.0,49.228044331454754
8053,44.0,45.40664107543506
11766,52.0,46.64817349023133
3550,41.0,43.52846688882157
20521,45.0,45.2713799712579
19053,38.0,41.485146077322035
21269,54.0,44.88007054505188
15664,45.0,46.96654975386885
14328,42.0,42.5748238777483
9055,58.0,56.90787504993759
2800,44.0,47.714718444296
3002,55.0,50.30620846676631
13576,48.0,46.2688115456109
19690,48.0,48.912955782537665
4926,44.0,44.09488285416744
593,44.0,42.96836531341612
18297,46.0,46.18392928349287
6683,46.0,47.9156145886089
18598,53.0,49.48015035541455
19906,41.0,42.15261344515851
8135,56.0,50.1986074182218
11201,51.0,51.271079670052444
7066,42.0,43.75230429966393
9231,49.0,47.04367013923921
21265,39.0,46.526620266167825
19148,42.0,42.72021065915084
14284,37.0,41.32254377200193
8050,42.0,46.44048587898344
15960,44.0,43.918505670428026
8591,43.0,44.75897779075558
5594,50.0,47.0792993321557
1686,46.0,49.79906401699044
2678,52.0,55.737474592073205
17022,50.0,45.78288608418157
3968,46.0,46.70322388295226
21283,45.0,47.788473411087764
2005,51.0,47.21612961603108
5725,47.0,47.196048148324444
16452,44.0,46.089896277129384
16042,45.0,45.17817720654658
1638,44.0,46.99831813639652
13966,48.0,48.10114558178692
1038,37.0,41.57352494353337
18186,56.0,51.51862941606869
9047,41.0,40.652241945620325
21570,48.0,46.55224470248887
17343,38.0,36.18785138528658
20183,42.0,43.99523164236845
5232,46.0,42.58181747314566
13004,53.0,52.54249590873897
4901,41.0,43.79054413181542
7376,51.0,48.5470355285157
14666,45.0,45.99805096758426
12887,44.0,40.83284580197879
17545,43.0,43.59014184650927
4968,41.0,43.86839755315719
7447,49.0,48.922817876899586
3712,48.0,49.42653978442712
5812,42.0,46.880687830160895
9084,45.0,45.58013030639985
19705,54.0,49.66119711906343
2161,44.0,43.36514093376734
8014,44.0,45.081181256176464
18557,36.0,42.48650832792774
11936,40.0,40.63066846834912
4141,42.0,46.013303679901654
14309,44.0,47.560207627172716
937,50.0,49.520224416535896
7786,45.0,44.22557229032196
15607,46.0,49.35551769147713
4707,45.0,45.04089449760532
1075,40.0,48.48095508383439
9507,40.0,43.88135078363408
9954,43.0,45.943313771462726
20917,46.0,47.7942838186069
12387,43.0,46.67527633245221
18253,48.0,51.43701467490418
21080,48.0,48.54323193094804
4390,41.0,42.354156749492034
11730,45.0,47.167176028941306
19761,47.0,46.93321280861364
2861,56.0,53.62473336933448
8495,53.0,50.510587653069855
15575,42.0,44.03722403636149
9566,50.0,47.83266023971996
14278,49.0,44.925180154257546
2889,47.0,45.499782347097266
490,49.0,51.58470679832802
13538,43.0,46.21763807678856
14020,44.0,45.759772683234004
5790,47.0,43.64147231824193
22268,42.0,45.16424264403177
20355,46.0,50.6469136088273
14817,54.0,52.285148974314716
7465,49.0,46.11098805208266
11484,52.0,45.89352423158894
508,48.0,47.98121534996169
8383,50.0,50.54301400837019
106,44.0,45.83611640100846
8615,45.0,48.38966684066554
4295,55.0,51.393569504984576
19829,48.0,48.079925891564805
14021,40.0,49.387709102847424
1037,37.0,41.57352494353337
17686,52.0,49.32487125888392
20867,49.0,47.736814500680936
14231,51.0,54.46167649564288
3224,51.0,50.12277543474728
2995,36.0,36.84737395523503
2249,47.0,48.30417686811177
8065,50.0,51.260624503495926
17160,43.0,44.69635293462768
21355,48.0,44.69928414630794
13730,42.0,44.27348788690647
17661,46.0,46.72668277981521
19399,49.0,47.82743219534781
12020,45.0,46.029958663563605
10280,41.0,43.662529765202066
5020,51.0,51.71580616452823
10911,38.0,45.92759533298067
918,48.0,44.92430591650398
18223,44.0,44.924476386565814
16905,45.0,43.35350164972007
18078,41.0,39.93958906618974
17948,48.0,49.67894327323317
7656,46.0,47.7310276997995
20639,46.0,48.870649256023995
5270,48.0,44.48787233133453
12728,45.0,47.2088259821602
2314,41.0,43.09416849444183
5770,41.0,45.612604442231515
22148,39.0,44.76576035060685
5065,52.0,44.34495818772585
3832,48.0,47.43458998296289
15346,49.0,47.69271837095698
13685,47.0,43.19651558202429
19822,49.0,45.81436416693684
14584,48.0,47.00882427514566
7422,37.0,38.558907942419765
8470,48.0,48.74207281601181
19782,46.0,43.67321426947986
1806,53.0,52.25702069040848
10601,53.0,54.171431865195565
11152,45.0,50.84480909048102
13479,58.0,53.40567868928876
2990,51.0,50.09101843751465
11300,55.0,52.78064036819113
12433,47.0,44.933047812846866
4152,45.0,46.309999180302256
4736,41.0,39.70811930904437
4427,42.0,47.82685048459409
1214,47.0,45.51638630751904
1502,45.0,48.43489360025235
4175,40.0,40.66593763618191
16388,43.0,45.285128198219084
14203,42.0,45.2165731862556
9098,37.0,43.32073787298302
14977,50.0,50.91129955895268
2054,55.0,52.11928468138228
4093,44.0,41.69644820382851
20624,47.0,48.16594440834556
760,48.0,43.31199940849139
250,43.0,43.70953721584185
17433,45.0,42.570263909505826
1053,46.0,47.69174997053932
7079,49.0,44.921537717829196
1475,58.0,53.905355279869866
13714,44.0,47.14083005960724
7849,57.0,54.1414006656438
4786,53.0,48.83836110734902
8489,50.0,48.79243506438557
18891,33.0,38.861192313760014
8328,53.0,53.14736486294081
16107,48.0,45.39816623994909
11288,57.0,52.27592649439998
3791,52.0,52.293679591640206
19220,39.0,42.9123136762791
7585,40.0,42.84311620677674
16659,45.0,44.07364690198918
5136,49.0,48.38988262276706
2182,37.0,40.90100499348453
14044,47.0,47.55172372116246
1993,51.0,52.44874545347696
9773,51.0,48.86516154252875
21174,46.0,45.79589655954417
17354,47.0,48.60578768390793
18137,40.0,41.73617208558737
11129,46.0,46.182546151176304
9072,45.0,43.95178545909448
9814,41.0,48.02327498164374
22008,47.0,42.36469893863844
7629,47.0,49.0502250612882
748,47.0,47.64803493401027
15853,47.0,49.99802267509473
6147,54.0,49.70429565311869
6281,42.0,43.039904396177775
21451,52.0,49.51398891057113
1735,41.0,40.761917580699034
5363,46.0,46.69053530723511
6838,37.0,37.401800169626
3170,49.0,48.83105800141141
14921,46.0,47.62809823300526
9012,40.0,41.40093132182117
13071,51.0,48.90643279657492
16272,47.0,45.48518846308389
5612,42.0,45.15767198567872
10045,44.0,39.406940109846936
19569,44.0,47.01545673522339
8826,49.0,49.64526605363194
11402,39.0,42.95388383591475
19350,45.0,50.96510520975573
16375,46.0,44.30980758310184
1861,39.0,42.60082160048859
5353,54.0,48.18582430141957
1809,40.0,38.09430789477432
18567,44.0,43.09240773211653
9066,47.0,48.8798890835091
16216,46.0,45.969255658788725
13269,43.0,45.81298007787706
1085,60.0,57.6824793576167
15812,47.0,44.76768289958933
5403,47.0,45.58765378899635
17283,49.0,47.02904863933494
2925,40.0,42.02761288533153
992,53.0,51.06562509004709
7681,45.0,45.96303565279369
5041,47.0,45.55347482565084
15398,48.0,47.65523213243517
14159,48.0,48.29004075326793
15028,46.0,48.557802764474346
4180,48.0,47.31913455783122
11467,44.0,45.140235261461484
5152,54.0,54.01343761810898
13634,36.0,41.2106125957622
17257,49.0,48.80672960890874
1212,48.0,49.04129135021649
15277,40.0,41.23292680684807
15613,40.0,47.3806998181125
17614,43.0,45.618342013279175
4647,45.0,47.55685773507723
12350,53.0,48.09526522158076
15045,53.0,50.83535969667352
3906,47.0,45.924739663771035
17600,46.0,47.53617401755986
20254,42.0,42.7242675955536
4669,54.0,49.98940722213383
20045,43.0,47.57137838698718
12838,47.0,45.66796178129256
21716,50.0,50.76593053662863
2667,48.0,50.36164865845718
7807,44.0,45.68099829240052
17618,48.0,45.79321542951321
21798,40.0,40.65524787873025
7481,44.0,48.16772600769157
10782,41.0,44.068398490963276
18983,48.0,47.13168927884034
6582,50.0,48.40379527297692
10336,46.0,41.96755044024265
1895,42.0,41.86623186922008
17430,48.0,47.338760114307675
11327,44.0,43.323707016002516
16838,46.0,43.10326784191966
4469,42.0,42.905883593399665
20557,37.0,37.784833851443196
17663,37.0,41.09031562033572
506,45.0,46.04930159717195
19178,43.0,44.70812670005728
3071,46.0,47.27436802026434
3385,37.0,42.32053731684503
15797,49.0,45.93088658222941
21345,49.0,46.189601824194796
8023,44.0,44.501756445191916
17876,54.0,53.64683715271701
13625,49.0,44.83288246340399
5048,45.0,46.35820256520993
20580,48.0,48.88896687451988
13473,45.0,45.1951371758667
9016,54.0,50.623662419292366
9224,40.0,47.36053695512289
1650,48.0,47.739090919660214
4140,42.0,46.013303679901654
9964,50.0,48.38671364692898
18924,49.0,48.52231198149077
1832,44.0,43.88893708621412
16188,50.0,47.60286013843499
832,41.0,42.04395299594477
18551,41.0,43.09887032132413
16228,41.0,42.47643795870319
22368,56.0,45.79869670516345
7174,45.0,47.67545017006988
21284,45.0,47.788473411087764
13651,33.0,38.30245459395751
13326,52.0,47.69104443916271
4290,49.0,48.3965156743243
1876,47.0,49.28524839446489
19104,47.0,44.714431464091554
13713,42.0,44.57223293665551
5320,51.0,46.76834981951963
14558,44.0,45.19241972979748
16715,51.0,53.02085899864818
1811,44.0,49.13982356727439
19137,51.0,49.454581764928875
20341,35.0,37.290502102306874
7182,46.0,45.91276930379072
19511,44.0,49.52748812467137
1813,36.0,41.10387618024367
18453,51.0,47.08855416478119
16142,46.0,43.917519247111116
6540,41.0,43.93663316744658
4802,46.0,43.287816367101165
18343,46.0,50.588330753338475
21177,49.0,44.696026034836954
1174,48.0,49.32797116511475
20008,40.0,40.77913623407631
1355,56.0,53.54502715592564
16295,43.0,41.81240467720205
8037,46.0,46.01273686024885
2350,53.0,54.595826107576755
15849,39.0,43.03085133385429
15760,50.0,51.421059949883215
15310,54.0,48.97114153159127
13653,33.0,38.30245459395751
2869,48.0,48.00298986879734
1853,53.0,51.50094224311677
12359,46.0,44.943194137137596
1203,48.0,48.3044415055505
18683,39.0,38.67161453732363
4013,49.0,50.633353122084195
21407,48.0,51.95107678724144
1102,53.0,50.114088053386766
7144,51.0,54.01725154691479
15204,52.0,47.045608891938116
16645,56.0,53.02916510621933
18513,45.0,48.307156360511314
18132,48.0,47.76205185495015
13928,53.0,49.489490102443725
4343,40.0,45.47985664402995
20936,49.0,45.570134540277635
4404,50.0,48.70403691196027
19787,46.0,44.45678337165333
2795,47.0,48.5002023223725
17391,56.0,55.49385041505809
18673,49.0,51.7152231687801
18862,51.0,52.189142027059276
16196,45.0,44.69365214825142
4815,40.0,47.30762615924818
14720,46.0,48.33972586789787
10489,50.0,46.326785836877164
19294,53.0,53.20264320086724
6177,52.0,51.581571877651
18710,43.0,46.7079055911244
7578,42.0,46.35798017276619
14276,49.0,44.925180154257546
18495,47.0,45.64767830817645
3530,53.0,48.79797751154008
297,57.0,52.6335095100726
10474,43.0,46.466711553355466
10416,45.0,45.529953090332874
7535,43.0,41.175642269388604
6266,45.0,46.63021135536234
17815,46.0,48.81605350918825
18123,45.0,47.991964606392884
14338,42.0,45.0234296462844
21555,49.0,44.09287256895013
994,53.0,51.06562509004709
8102,51.0,49.96715341894313
19876,39.0,37.92942754794113
15087,48.0,44.89295271051951
20806,53.0,51.475014064583945
17694,50.0,47.980894899594574
68,58.0,50.75039359633959
17548,42.0,44.52159658882735
8364,47.0,49.44040443085341
12421,44.0,45.85367473633826
1730,48.0,48.68262107538985
19296,47.0,47.363471437037354
136,45.0,46.70912654770801
12729,52.0,48.957417917526506
10971,50.0,51.83589297424483
12618,44.0,43.6245059030735
5575,46.0,59.40627937946324
7729,46.0,50.68265770362187
19833,48.0,48.079925891564805
10245,44.0,41.2598649781276
20388,48.0,46.8666221511039
9550,53.0,44.783593648725244
14264,47.0,43.56913097820754
9553,53.0,44.783593648725244
22002,39.0,40.683896293798476
6626,47.0,46.96530302679308
5910,50.0,47.82451329597443
9070,50.0,50.3875280957498
21748,40.0,41.44903476074197
15762,52.0,45.24994780100565
16037,44.0,45.29897873835789
394,51.0,47.99221004051569
21326,42.0,43.89397726566267
17634,51.0,50.12876798679545
13736,38.0,41.989427523199396
15098,37.0,39.61071318413144
20989,46.0,47.0518008998434
9497,50.0,52.74915266765714
4657,44.0,44.542557691789696
12845,48.0,48.91171188613298
691,49.0,48.71624161226234
17635,51.0,50.12876798679545
7381,53.0,54.192293572358565
5832,40.0,45.18607223461554
3643,43.0,48.692974363722826
13474,45.0,45.1951371758667
21453,48.0,48.16487186323566
22206,53.0,45.37341919570555
11025,51.0,51.46851438234164
1852,53.0,51.50094224311677
10559,39.0,43.95127593743423
7539,47.0,47.75463092432638
10629,53.0,52.44596502528786
19091,39.0,42.21287180531921
21770,51.0,48.118427247270226
17396,53.0,50.02324969083469
3583,34.0,32.84357391240236
108,54.0,52.44992584492716
13304,42.0,43.918206466877365
4600,43.0,43.16346365431983
17439,53.0,51.105225335090296
3617,50.0,50.78387945566057
3298,37.0,36.93046948693916
15845,47.0,49.063993919898586
12805,54.0,51.168021756440616
7945,47.0,48.04275775400658
12013,57.0,52.18169362927611
482,48.0,50.20436159699962
14105,56.0,54.36201486938942
6854,38.0,38.97323689051273
15877,49.0,47.57575339725355
20440,43.0,45.18047504939473
19215,47.0,47.71890672130377
3577,47.0,46.538906299479656
16347,48.0,47.68080350828117
14256,44.0,46.05249172767071
18251,54.0,52.653806961716214
17218,44.0,46.23999416536788
18392,54.0,52.79285098412302
6024,57.0,54.66478960912059
527,47.0,47.36062563452013
20689,46.0,47.042883980689325
3947,49.0,54.56152445643739
19144,54.0,53.62217482865543
3229,44.0,46.0250359469163
21181,44.0,46.797127343557406
19999,46.0,44.2113685645926
13786,42.0,45.10118557986763
7233,49.0,48.912038401325496
7670,43.0,45.72534741602897
6661,51.0,47.772872258372544
20002,47.0,47.52429950697578
17817,50.0,50.28935097063382
10996,47.0,43.53576052515183
6116,52.0,49.19880212143953
21188,50.0,52.406445363161275
19321,40.0,39.684380467817945
8848,49.0,50.873537773038684
5667,50.0,45.19042773210488
8530,43.0,42.27758967527694
21697,46.0,48.56562625111519
19476,42.0,40.252979364576504
21009,47.0,47.60673833853602
9681,49.0,49.28275589447669
3131,44.0,45.61210732643135
1252,49.0,49.907825199423534
2904,47.0,47.10502033275577
22137,46.0,40.613387680634844
3596,48.0,50.04297395811397
13440,51.0,47.36005746327362
5863,48.0,51.604310613061614
21258,43.0,47.13100797731335
21863,47.0,47.519935320779055
3894,59.0,56.79431198625874
22019,51.0,45.290855854472056
21916,47.0,49.90965505413368
19117,46.0,46.50595347560616
17810,43.0,41.54699402197554
1020,49.0,48.00956853370704
5279,47.0,50.62811110425902
10105,48.0,45.51328659322953
19176,53.0,50.56148722048895
19789,46.0,44.45678337165333
7110,52.0,53.68297017624263
17683,43.0,43.75131640771088
17049,52.0,48.016662289941024
20635,59.0,53.107458576115015
15899,49.0,49.36086347819465
6160,56.0,52.071731326807196
174,52.0,51.93107887809464
5830,39.0,43.77830012453103
2913,45.0,48.905785574503604
20357,46.0,50.6469136088273
1721,46.0,49.37186328160675
10011,42.0,41.59217197769687
16010,53.0,49.61718955839203
12092,43.0,46.64039529065442
19261,50.0,51.507291243196676
4377,49.0,49.49045476570018
16794,47.0,46.03726463079764
12301,47.0,44.95944545099185
20761,47.0,49.031989834451586
719,49.0,51.518573592870865
3226,49.0,46.63465995079274
2186,47.0,47.704316746666706
21127,50.0,51.50529899111636
1718,43.0,44.87513646767225
4229,51.0,49.91628788726319
21814,52.0,54.914758758989976
19614,47.0,47.230627456478686
52,40.0,43.04973480080906
444,55.0,52.21719186032868
18105,48.0,44.07420625941698
868,43.0,44.19042401681118
4096,41.0,38.93023973998676
2430,55.0,50.584382557861275
19260,50.0,51.507291243196676
981,46.0,46.06064693074333
6442,49.0,51.02522363877402
4636,48.0,48.87596514006903
5230,48.0,55.07964253974322
15697,43.0,42.93362885525427
21083,57.0,53.89566541548777
21870,47.0,47.1839111803047
4337,49.0,47.36153980769264
5822,53.0,47.6195915725511
14857,42.0,43.95690890949666
19998,46.0,44.2113685645926
14570,42.0,42.593716602094744
15396,49.0,47.158789950746765
2526,43.0,43.33417150697262
1692,56.0,55.83363270833681
11708,51.0,49.04383422115846
14109,48.0,51.97246623531851
10295,46.0,44.90446189538723
19381,44.0,45.18066671052255
10126,48.0,44.89989064802285
10749,40.0,42.35205679860677
5256,48.0,41.78675146616574
12056,43.0,45.01946818975155
1136,45.0,47.73689946964306
3335,46.0,47.844298993229486
246,56.0,50.91676532140781
5158,42.0,42.91953856505705
9859,53.0,52.950625794270266
21763,57.0,49.007361945689354
19038,45.0,41.62012770746924
3428,43.0,42.69861599381085
19864,52.0,52.028281237117696
19060,41.0,42.34912805187891
18835,48.0,46.900541991293395
10157,49.0,46.04506860453911
18921,50.0,50.765533824151376
14792,41.0,44.0537186156599
21581,43.0,47.17647478854681
4782,53.0,47.58897494096395
2842,46.0,45.33518426115477
2717,43.0,45.60691475186381
4870,44.0,42.455631818407134
21384,44.0,48.65973564742403
14989,49.0,46.794804051587306
1204,40.0,40.78274714775996
19653,44.0,44.47412723809556
15909,50.0,46.16124920768374
6576,42.0,41.26815147894762
19027,38.0,40.147823119799476
5281,52.0,50.493526946738555
21013,41.0,44.62159327200096
9971,41.0,46.28562052225939
2087,41.0,42.00732083288902
10243,46.0,47.0142101978758
17125,61.0,53.10196480972878
7187,52.0,49.04666785404571
9992,41.0,46.61849009230252
21243,42.0,47.00111358304826
8479,45.0,44.48647075378332
11378,51.0,48.084544580508194
12593,51.0,51.702454963802765
17608,56.0,55.66527415471923
11553,48.0,44.33603595437411
20334,35.0,37.290502102306874
953,49.0,46.26504398179328
190,51.0,53.1113815593864
15379,44.0,42.824363285104425
20419,45.0,47.04507843700313
8553,56.0,52.38558882239457
9816,45.0,42.56430623360518
15143,59.0,52.49742328881436
11793,39.0,39.77890529876075
20340,35.0,37.290502102306874
21618,44.0,45.53291486602705
9792,42.0,43.166370159216555
21785,51.0,50.31436959353708
21920,47.0,49.90965505413368
6410,46.0,44.888820035819336
4438,46.0,47.617870788061246
14289,40.0,45.132685025733565
14029,44.0,43.8139092818673
12447,48.0,45.99308565826506
6859,54.0,47.854503816330634
5664,48.0,48.001990299269146
17397,53.0,50.02324969083469
1436,49.0,46.341692121721216
10524,52.0,45.07005743892899
4692,52.0,45.942568080220155
11284,44.0,49.7657961183797
19525,40.0,43.63802527107773
9079,46.0,45.83720726819145
9038,49.0,50.006993155492296
7040,52.0,53.64037831621783
6965,53.0,51.14116433912713
19288,43.0,42.54975605836609
10556,44.0,43.10827186469748
1647,48.0,47.739090919660214
9160,50.0,45.558004941287045
7530,49.0,52.465082986665024
20042,45.0,45.07923393223666
19947,51.0,52.162655969943344
14730,44.0,48.373207701394435
16446,41.0,44.44986828311279
3686,53.0,50.504013908014066
12057,44.0,43.295228211632576
22203,50.0,46.68525249779014
22298,29.0,40.86475031152294
19841,41.0,44.64593812054351
21559,43.0,51.272945193976476
4818,53.0,53.09540955391487
20926,38.0,41.84039922339296
1099,48.0,47.452061955804574
21327,42.0,43.89397726566267
2536,49.0,44.93318516660298
1412,48.0,50.18749084783093
12484,47.0,44.43574023813973
9850,46.0,49.1888164655175
22125,52.0,47.98895422778352
21978,47.0,47.76336511986049
1779,48.0,48.195156107019415
14592,47.0,45.407673928758214
12365,43.0,42.49785516732
411,43.0,44.337535491655316
3176,50.0,52.48531563186914
7769,40.0,42.59985606939087
12498,54.0,53.144432103681496
18130,48.0,47.76205185495015
99,49.0,46.14671286909352
14266,47.0,46.696470699455745
2030,43.0,41.18981616074848
13140,45.0,45.70985158641121
10190,43.0,47.244226072637105
856,54.0,50.77027715344559
5200,43.0,49.496695334598954
1151,50.0,48.61081898754195
14943,49.0,46.37164507154204
9532,52.0,52.28261275544421
5597,51.0,48.98874944211712
9325,39.0,42.63293145126326
6418,46.0,46.26310562156351
7981,42.0,42.50566449685796
9427,51.0,43.398164742873355
8757,42.0,48.85632615949694
12884,46.0,49.31522694366083
18258,53.0,48.274689314490914
20397,35.0,38.16742967294139
22132,49.0,48.79012120358749
19486,50.0,45.283194796532
19584,48.0,49.19576695058279
8716,48.0,48.19652123736732
10814,48.0,43.50006491533797
12288,47.0,46.45670298691658
17021,53.0,48.969539391402435
20930,48.0,47.62732080898353
18694,48.0,47.569673461971476
5788,50.0,44.973180549986736
16526,43.0,42.74477673426382
10484,54.0,51.81505302479974
17058,53.0,48.9090627332759
6764,37.0,37.15950014390841
17258,44.0,44.98173253952205
286,51.0,50.74842185309032
7260,44.0,47.610791515792755
10751,45.0,48.913335003961386
2648,51.0,46.9310476008625
18435,49.0,46.37023183548056
22094,50.0,44.77150046029728
7827,45.0,44.47914755167857
11661,47.0,44.57101797858012
925,41.0,45.08057551464191
4027,52.0,47.377668090791005
21639,44.0,43.916576989455
1368,49.0,47.47012524598874
17390,56.0,55.49385041505809
15638,46.0,43.908705483720944
16222,55.0,48.41909296696506
10729,46.0,44.33085346695662
1835,44.0,43.88893708621412
1535,40.0,41.042432848387136
21981,44.0,46.35074390229423
20995,41.0,48.9945356319227
10825,53.0,45.93455373352153
9169,40.0,40.595352609151774
10653,52.0,47.79006313608261
11078,39.0,47.69920004632023
10142,47.0,50.977516183061624
11727,45.0,47.167176028941306
12091,43.0,46.64039529065442
12454,40.0,42.60947932019312
8642,47.0,48.64569480518833
12534,45.0,43.24055673478132
12256,53.0,50.25583412526956
13545,43.0,46.21763807678856
12604,57.0,48.33775294242633
4383,46.0,47.589337370302076
7496,39.0,40.13763521644361
4883,51.0,50.0615247919831
2659,44.0,45.91403504371614
12129,49.0,46.11805652262073
14732,56.0,58.13935451487567
4468,42.0,42.905883593399665
238,51.0,45.727683726784946
18511,45.0,48.307156360511314
7556,46.0,45.87744351039699
5993,50.0,48.22097394206621
19441,47.0,49.80333106465208
10320,48.0,46.89416375476458
20781,48.0,47.90892825980847
20396,35.0,38.16742967294139
21985,53.0,50.65290132607108
17369,53.0,52.176127197591086
18774,41.0,39.23620274878029
20699,43.0,45.33274410450822
14226,49.0,48.951619899152206
10616,41.0,41.51369160465218
2867,56.0,49.933144151358675
13057,55.0,49.96227014548939
17186,47.0,45.399603533329
8599,50.0,48.15851204293665
1968,54.0,52.069618263857755
5516,49.0,48.98703866049239
7759,51.0,53.597511776331665
15731,49.0,46.56952958578576
4678,39.0,44.55898876869513
14401,49.0,48.84016717617071
3204,43.0,44.474160505399894
11509,50.0,47.630396107666314
4433,44.0,48.54585408955634
15839,46.0,47.470117997583245
14924,49.0,47.58075439814168
17666,54.0,50.835673725946194
15964,49.0,44.44847870004093
978,46.0,45.871165587143025
14410,47.0,46.862769321796335
2178,45.0,40.5483447362256
18368,46.0,48.557728365664076
172,51.0,47.02586150691867
4733,41.0,46.00976971063682
5674,50.0,43.25684198844975
15844,47.0,49.063993919898586
19804,48.0,46.97051705579792
2837,40.0,42.30378045270123
16209,48.0,47.52160259001735
2619,46.0,48.71054234132862
13777,40.0,38.585301210360925
13363,55.0,53.18542710629402
9053,48.0,47.572428540123624
3598,48.0,50.04297395811397
449,37.0,35.805396782569325
12507,50.0,46.76389963976739
3360,50.0,50.870100233757064
5314,44.0,43.477523102486444
11184,53.0,47.353709508794665
18889,47.0,50.92084961905927
9320,52.0,55.19079086792152
12025,46.0,48.669567059351856
10055,51.0,47.335942277182454
9407,52.0,50.965544582044984
1301,45.0,43.17893393958001
16205,49.0,46.03092781049594
16380,42.0,45.95886101781824
11033,52.0,48.019428231795914
1334,53.0,50.74389861047902
9444,46.0,50.11582982041293
7461,40.0,41.34005332980466
3313,47.0,48.58706527009776
9051,48.0,47.572428540123624
7010,48.0,48.76976692070448
7691,42.0,44.30670183908889
19082,40.0,42.803089670286134
16183,48.0,44.53762752433886
2862,51.0,50.53198004935778
1211,48.0,49.04129135021649
876,46.0,46.585038093050414
6445,50.0,45.33680298300173
17632,42.0,41.10176741105006
9649,43.0,47.347819788165836
1991,51.0,52.44874545347696
10064,54.0,47.51275991895663
11132,45.0,45.68166560688693
7365,46.0,47.432529193773675
11124,46.0,54.01997503082363
2553,46.0,46.583629971939544
15241,44.0,44.557615636382565
8946,44.0,44.73801025622461
8884,54.0,54.27839094125896
14846,50.0,49.21451437695134
3606,43.0,45.18780203518104
1691,56.0,55.83363270833681
14819,46.0,49.78877012120749
