,y_test,prediction
611,46.0,45.80452177678333
765,43.0,46.67803252983417
3137,49.0,47.85016375401813
1015,52.0,46.7056297969826
2716,44.0,45.36906107593065
2326,54.0,45.011459336637856
694,45.0,50.25655173353164
332,34.0,43.70953141979705
168,48.0,43.89762856673431
1049,47.0,50.37437822140676
3627,48.0,49.628950624975666
870,46.0,47.713889311210664
111,44.0,44.13818588189141
1860,47.0,48.2599696714058
3929,50.0,46.16393128403915
151,42.0,43.02973058402677
1514,49.0,46.516453423396015
304,44.0,49.230217979237466
3758,44.0,45.75797101022479
2411,53.0,49.36836818222689
1617,46.0,48.385539149707775
1933,54.0,48.237828469720334
182,43.0,43.66885577788526
33,49.0,47.34056559182467
3155,47.0,43.43421913542171
2300,43.0,49.75579554761002
1623,54.0,52.561266759661045
2245,58.0,46.89238886086883
1042,41.0,43.84707512129859
3634,51.0,48.92129510192769
565,41.0,44.507237375622466
1764,48.0,46.09704562173404
3554,45.0,48.44531437336816
1032,45.0,48.69317146599969
1757,44.0,43.01048166651994
1277,47.0,43.85801035210028
232,45.0,50.903478978672204
3488,49.0,49.28788265807139
1181,50.0,46.4143428368793
3747,46.0,47.533262024171066
3667,39.0,48.263627101336084
3925,49.0,46.9545853448349
1190,45.0,43.391064046744106
3299,43.0,47.78899620880578
3286,53.0,48.614662502440964
98,48.0,46.56396881694896
511,46.0,49.14794181817429
1204,47.0,48.83996973501647
2465,54.0,48.94376447383305
3586,51.0,48.65277518232083
3285,50.0,45.698734877306975
1530,46.0,50.21483783437643
134,49.0,48.32745189835666
882,52.0,47.69695551144224
537,56.0,49.73861885789344
2053,46.0,52.90449892217922
2414,46.0,47.4303899764859
3525,45.0,44.168623651269854
2726,46.0,44.516670463412424
312,48.0,47.14799961448625
1056,31.0,45.314315237265376
2442,41.0,42.349824628271634
315,41.0,41.94541404977687
2281,32.0,44.05462213639674
2681,45.0,44.62421766137378
2493,48.0,51.002028131633004
2235,45.0,45.78136383675137
815,46.0,44.49559840595987
2765,40.0,49.194889360146604
2970,37.0,41.68552836103892
3918,50.0,47.36888769138646
1910,47.0,47.976493768329846
199,40.0,45.55097169904529
373,50.0,47.62178192903357
2724,56.0,53.02702062316118
990,38.0,44.10579331918476
2389,47.0,45.197819901739834
2757,53.0,45.284116532831455
2633,47.0,45.23658671292853
2229,59.0,50.47067662628358
3911,40.0,42.73767576044458
1239,51.0,48.75031195495532
321,49.0,50.13797470763089
3233,40.0,44.4697302768399
187,49.0,48.546217182960135
3910,47.0,43.82834289336625
2734,54.0,48.692927020487005
471,49.0,45.62422386658313
4062,45.0,49.304001297335944
3924,52.0,47.982156446580504
1818,41.0,42.08065674283495
322,50.0,49.79155491390513
1127,51.0,46.01610569978334
1574,48.0,45.37884659113621
1529,58.0,51.47320939493028
894,45.0,43.41360954591492
1535,50.0,44.827792261521985
3423,52.0,47.60616792465355
3640,47.0,45.367867116225185
3874,48.0,47.57435698059014
2592,39.0,44.160803047559085
3998,44.0,50.36244948666261
1180,39.0,48.086724042890246
424,45.0,45.61263045792349
946,53.0,49.358703301188015
2810,52.0,47.931487674057095
1079,48.0,49.54295433181127
2111,52.0,46.266074765451336
3237,43.0,45.82606903577477
3221,53.0,53.068206558348706
71,50.0,48.613234679150864
2318,48.0,41.75760446532999
966,48.0,47.74423871724837
214,47.0,42.656529452840886
1281,47.0,48.62794322178986
999,46.0,46.57769026026111
1790,50.0,46.70397940405366
2988,47.0,43.98947133701306
1316,44.0,50.73913088586238
14,51.0,45.64728952217316
892,43.0,48.98528064587615
1196,49.0,52.63559818560197
1131,51.0,47.79520437978749
1442,45.0,46.26197642291561
275,45.0,44.71572359813537
548,40.0,46.38922817090026
1367,46.0,46.260323220288534
8,50.0,48.20901520593476
1244,46.0,47.347656427547896
1942,46.0,47.505784864799196
2966,54.0,43.25258569358698
3363,42.0,43.931740642352636
831,40.0,46.9377067829916
1935,39.0,45.56044798773311
2381,46.0,49.76903344090897
2114,34.0,38.739440978193095
4131,56.0,54.52917064840422
1249,54.0,48.48465386122798
255,47.0,42.85513562592451
1875,48.0,44.85211884912995
2602,53.0,48.244375700073874
302,44.0,47.54374314149487
768,51.0,52.94129913130159
554,47.0,48.00594236063018
3520,39.0,50.67975726518101
4125,47.0,47.203605335586886
2701,47.0,49.3920790234031
2873,55.0,50.832736441905325
4132,56.0,46.80542215912822
2768,50.0,46.94238196676365
2474,48.0,45.546100616966974
32,41.0,45.877340350256866
2415,49.0,48.94416362471625
1607,50.0,50.062667959622985
3814,48.0,42.82720423645983
2897,43.0,49.02687011489118
1635,44.0,44.42096484420243
4129,45.0,44.26171386210738
3084,52.0,46.2790242987348
3517,54.0,48.83340035220549
1193,43.0,43.59359693026889
1675,48.0,48.1627025412878
3742,35.0,44.61617602300823
579,47.0,45.58289845497126
3169,48.0,47.80032667916875
1869,52.0,49.10128607714984
3672,46.0,51.15077280260408
448,51.0,48.02809945901777
2689,51.0,45.80468260574694
2338,45.0,43.78183173790629
2400,49.0,50.49005441340534
3992,47.0,42.09281011297614
2327,50.0,53.49931258826997
3932,52.0,45.95603610379652
3697,43.0,42.68375463398174
481,34.0,43.08489593805366
920,42.0,42.254277544454894
1714,46.0,44.22826379241771
824,39.0,46.97508081918835
2354,42.0,46.471929681772686
1284,48.0,42.17105378925018
475,48.0,46.69151997109002
3546,40.0,44.558651154464314
3553,48.0,49.786530938842375
3238,42.0,48.123616791140954
325,46.0,43.754037972183696
731,46.0,49.01335950948694
3589,41.0,43.66795716224624
43,47.0,46.06523693591009
851,44.0,44.72120005145618
1532,46.0,45.764794616690295
1338,46.0,49.01775720161929
1294,48.0,47.16328935340066
3261,54.0,48.354340045103996
411,57.0,45.46550749662734
3617,44.0,49.568163929243504
2781,53.0,46.894800438471684
1887,41.0,44.04157774365966
3380,55.0,52.29365840215842
2677,52.0,47.24587716439085
3308,48.0,44.26904506701783
3947,52.0,50.9886094760339
1854,57.0,47.439231509250185
2543,42.0,45.72401138483703
1865,53.0,48.13556752912366
3315,54.0,47.21759467028038
2421,45.0,43.633405849915974
17,44.0,44.80615259866083
2908,42.0,45.51020422569454
608,46.0,45.81624859725192
3508,51.0,44.75536055475466
4137,38.0,39.94399597372977
1561,50.0,49.11638583538474
759,46.0,49.09484382895983
4084,46.0,42.873806471022604
1090,48.0,48.2167164306758
2863,44.0,43.43231227340112
692,37.0,44.04794851789347
4018,40.0,43.052728937810556
2210,48.0,47.22689022006651
467,59.0,48.604508174066446
2240,43.0,47.811835413033755
2515,48.0,47.24525270573937
3649,43.0,45.979006847151496
3396,44.0,46.20379235577353
2121,48.0,46.52177915739523
473,41.0,47.97193962806037
1743,45.0,50.79064792794409
1448,47.0,48.77872839628046
2974,43.0,40.99463329225015
3405,44.0,45.65878174775599
2471,45.0,44.63395190684919
3568,49.0,44.50323164388936
2463,52.0,48.84960596395847
667,43.0,50.51968469373311
1301,47.0,50.05969545825505
3539,44.0,46.370388892853754
208,41.0,45.09392375966766
2729,47.0,48.68756121743936
3452,47.0,47.929218872195044
916,42.0,44.72301885931986
3479,51.0,46.89120228698053
1951,41.0,43.769463887380624
2359,55.0,48.59832782717221
1163,51.0,46.71331476269054
500,40.0,44.4657704542023
951,43.0,47.06515348312841
1506,49.0,46.09602529746601
1615,49.0,48.02273472148678
1020,53.0,50.10566126355764
2896,45.0,40.48428325400539
1589,53.0,49.236478663769674
978,46.0,47.69608680305388
3909,54.0,46.535842704705985
2324,53.0,46.84391290735486
3244,52.0,50.90201168359088
95,49.0,45.67880929792801
2450,55.0,51.51327398858261
23,49.0,45.72298849073711
1004,45.0,44.72425365780825
2482,49.0,48.191466190066215
3504,42.0,43.160349126904485
1771,46.0,42.784783189637686
1321,49.0,49.949636422060635
575,39.0,45.42962505297817
2105,51.0,47.28164257145215
3339,40.0,44.62832378905403
1440,44.0,45.18774475219038
3116,47.0,43.98426720967956
1896,51.0,49.077839945847174
3053,51.0,49.94262580237168
3614,45.0,49.04875753045454
1113,42.0,46.89936029998991
1231,49.0,45.97702798965287
1899,42.0,40.51807539880197
1134,52.0,48.865185939551
101,37.0,48.377797236838006
442,40.0,43.614419756086676
2159,44.0,48.13569377944124
3656,46.0,48.25881783657104
1311,52.0,47.971148190688425
3804,48.0,51.00299914659788
122,46.0,47.088152584350084
844,47.0,44.36727894702388
1525,55.0,52.0827731984471
158,43.0,44.39463055170802
2073,46.0,46.90242582592229
2368,49.0,46.563621763240704
1282,53.0,47.876813126803825
3558,52.0,45.95102335101008
4004,46.0,47.2434455155326
2246,45.0,47.21362529850094
3209,56.0,51.92646592123367
244,44.0,47.191291344552795
1083,47.0,44.78247416436346
1843,46.0,47.84232063868795
2181,36.0,47.77622577512099
1072,50.0,47.53193589719089
3030,39.0,41.825132950306674
3193,49.0,45.970767309862595
1568,43.0,44.91089458078294
3908,54.0,47.02917414906379
2758,51.0,51.25478752033606
3648,56.0,48.821199700355315
3475,36.0,41.99285396897916
2367,57.0,51.276740473806726
1401,46.0,42.6452462167372
2044,46.0,46.02519708599889
901,44.0,44.23459076747406
606,44.0,43.66544678566539
2904,43.0,45.72366449565389
180,46.0,49.00323869556267
3457,47.0,47.07798267494101
2983,47.0,46.29305769619661
2270,47.0,44.03666779312693
51,47.0,46.38905486910336
1606,39.0,46.69973056567651
3578,46.0,50.853024820261595
74,57.0,48.681974578653865
1246,41.0,43.81877861791078
2122,43.0,45.149102654911665
3382,53.0,49.32689165590051
1228,47.0,48.48616258321793
2446,40.0,47.60423006398062
4135,44.0,48.70217096337926
1290,55.0,46.88663329066477
2424,45.0,45.23688747961615
3329,40.0,44.83601083598188
1140,40.0,45.9066967332549
4031,50.0,47.40813577551164
159,46.0,46.03915506937789
1907,43.0,47.20648112819174
3784,48.0,48.064495714074326
544,47.0,46.46112669251387
52,49.0,48.75578674661648
4023,43.0,41.86508690513352
223,47.0,43.419755204623506
1315,48.0,48.66922521698234
26,44.0,44.21214389086593
1676,45.0,46.17326544055098
1972,36.0,40.564273134855206
217,48.0,45.84172880244299
2132,50.0,48.72281943953054
3466,45.0,48.97552116824525
3483,42.0,43.064538303490764
1400,41.0,44.39880248367036
3726,49.0,50.015158205597416
328,47.0,48.26974069268117
3368,46.0,49.2956407220024
3391,49.0,48.67384210403755
3867,44.0,44.840895770369414
1641,40.0,42.13865501483222
875,53.0,49.724412004316335
2031,47.0,44.50429167097286
2472,51.0,48.78365905437762
3832,52.0,45.578935233581035
3984,41.0,48.01469251197408
2567,49.0,51.54129138201594
44,51.0,47.1957218618864
744,44.0,44.97619065356949
505,43.0,50.71109879985681
1579,49.0,47.37571132205315
1044,48.0,47.25667364855752
2247,54.0,49.01651359375486
361,47.0,47.73870910540207
587,54.0,52.81243336677406
3802,49.0,50.93906624546672
3895,47.0,44.32713645272469
610,53.0,49.64928031935605
2203,47.0,44.325878528707634
3681,47.0,49.863410107598575
1524,54.0,50.572845407505966
3856,41.0,46.04435396821771
418,48.0,44.15939104251217
3317,51.0,48.03043689331826
2501,52.0,48.593273887689385
260,49.0,46.30558640561368
1667,52.0,50.80346021191279
774,46.0,48.55697359306491
4123,51.0,48.77893546150993
3222,44.0,48.157888781068266
3824,46.0,45.055361722423115
2227,45.0,42.546531963919215
1814,39.0,47.4426531855526
1176,55.0,47.77425237919794
1256,54.0,51.96476324471048
2390,47.0,46.428474336114114
2563,49.0,45.95706984098001
297,43.0,45.02275672616317
1980,46.0,45.95779338092608
1748,43.0,48.59437057034616
136,45.0,43.545178319340565
1781,50.0,48.54320310207109
3940,47.0,47.688997078195754
3724,51.0,48.998180817772486
2065,51.0,49.938711770441856
267,42.0,44.085819804367915
3989,40.0,43.761305363275646
1188,38.0,44.13656094668431
4044,47.0,46.870985684067925
1994,52.0,44.98082837327905
830,39.0,43.878407560657365
56,44.0,46.186390923986984
842,43.0,43.41097181975897
705,59.0,52.421350128672394
561,55.0,49.97866005145454
3400,41.0,43.94573854550146
1389,41.0,43.29965988190767
3108,47.0,45.06551855334938
1598,47.0,46.46935943361481
823,49.0,47.002223653899165
1777,47.0,50.103341864248364
1292,62.0,46.455981099294
3588,54.0,49.80770996499403
402,55.0,49.41028030150302
2433,41.0,43.59729689979021
1713,43.0,44.256979829458
172,49.0,45.39537965119627
654,34.0,41.157584365209374
2266,50.0,46.8984420041373
1979,44.0,45.64390598660211
3934,55.0,48.62996464823742
1803,46.0,42.779078537082604
3774,41.0,44.82460128805607
191,44.0,44.384538509646944
12,46.0,45.38119758748553
1984,40.0,42.95124750702435
329,53.0,46.54345272210461
3005,45.0,47.123311742474996
617,46.0,44.345982356253316
816,41.0,41.949272981089734
764,48.0,49.18499344518691
3599,44.0,46.52095666827691
3647,46.0,44.257488637768525
3180,54.0,49.64977842771593
688,46.0,46.64183351681061
3065,47.0,45.11323214129268
3446,45.0,47.048122383038574
2792,52.0,50.887820009443125
2192,44.0,47.6741966752433
2505,39.0,42.61181558720237
3066,42.0,42.38954910223316
3258,50.0,48.01562679235721
2511,55.0,48.89067964193936
3163,58.0,50.40939777696474
1761,40.0,48.58176599223444
242,47.0,45.95182071501523
177,41.0,44.272624204583735
3659,49.0,44.42473892045301
3206,53.0,50.94461482942463
2663,47.0,48.02943851332131
4015,59.0,48.48924449807954
3610,44.0,45.329582719945755
1833,41.0,44.11572790079392
1450,44.0,47.41736911376236
3135,49.0,45.5322490826253
3786,46.0,47.167040293126064
1353,46.0,42.72475548042613
420,44.0,45.338105448276465
1205,44.0,48.228325603349596
3739,41.0,44.69834918590311
2372,56.0,48.52711941832146
3029,49.0,46.576976225594535
1830,42.0,43.819460464066125
2283,52.0,46.28809601863467
2624,42.0,47.200331349976224
230,54.0,46.188308803040144
3852,45.0,49.24671375271422
2039,52.0,47.48749084868247
2149,51.0,46.129194677285724
358,39.0,45.22243428315512
1477,45.0,46.876489196634665
2029,47.0,44.47106221682267
2126,48.0,48.26909128512141
1361,46.0,47.1251325383207
1785,44.0,44.31989910636214
2862,47.0,42.22159476343275
3544,50.0,46.599838803197756
1999,55.0,50.04499952868862
70,52.0,51.949066582174
1618,50.0,47.5834113123995
45,42.0,43.69961017960483
3612,47.0,48.072478474373604
3621,44.0,48.665842771613164
186,54.0,47.61278727773824
1218,41.0,45.339340316289345
2106,52.0,50.22547826086797
963,41.0,46.15652210742885
521,44.0,47.1783515333749
1251,51.0,44.99481384584878
2516,38.0,46.37106560261142
2867,51.0,44.17213358776624
1499,44.0,45.281624171023104
141,47.0,46.661420796308256
2408,58.0,48.72428750145826
2955,46.0,45.391049780001225
316,54.0,49.5929828452783
270,44.0,44.34608995597641
3043,46.0,48.321348041714174
2252,49.0,47.900966009374045
3325,48.0,46.996298051780286
64,51.0,47.058899125012886
2667,43.0,46.861405901608805
1379,49.0,45.8259122366604
1943,49.0,46.11771149602822
1430,51.0,51.181517696824976
146,52.0,47.57275524190977
3584,50.0,45.91217095772029
1047,47.0,46.074263730278375
962,43.0,43.79239779882459
2125,46.0,48.22917373857453
496,48.0,49.441249996516284
3860,50.0,51.20460323851111
3993,43.0,45.54164893221436
3750,46.0,51.72601722436129
3744,37.0,43.6428826677231
2962,51.0,48.5340605847296
2916,54.0,50.62021151494024
3326,41.0,43.63096940261514
2717,49.0,45.51334354211835
3012,49.0,45.131573716725555
2362,46.0,45.357033509892176
284,47.0,48.35943206289019
3202,41.0,39.64878934667581
2631,50.0,45.5669017465325
365,42.0,47.53764038452465
2929,46.0,45.56530270581711
305,42.0,42.8572407152555
1089,46.0,40.4093623491666
2222,52.0,46.50203949170401
2205,56.0,44.50496357751085
3081,56.0,50.40969640707217
425,37.0,41.99543126033366
3719,44.0,43.871822101235246
2524,49.0,45.254201735716876
1067,42.0,48.53889434159619
2579,54.0,51.28752765306942
1452,42.0,44.72326643656274
3105,57.0,50.27076670739838
2294,53.0,51.064353980516856
3118,41.0,41.23413437225372
1575,50.0,49.10827244502427
1811,56.0,50.9496369496197
3532,49.0,47.0990016306759
4006,40.0,46.25560032516681
682,55.0,50.56590359688828
58,46.0,42.76768758105904
77,43.0,44.93533849074203
375,47.0,46.33364437286448
1040,39.0,45.12083978022725
757,44.0,41.80751863411842
1938,52.0,43.67361486570887
923,46.0,44.689143508285404
4110,45.0,47.29554776867946
718,39.0,43.85203854471422
1108,52.0,47.283510988198486
3191,35.0,41.77137286368128
2133,50.0,48.306889045961725
877,48.0,45.92566681474669
3157,47.0,45.97692728110858
126,45.0,46.55414232009505
2439,50.0,42.96050625211187
2373,44.0,44.6154845626122
2171,47.0,43.82343175642012
2653,46.0,46.8712233612565
1192,55.0,48.43435043815946
439,42.0,44.217566699409645
3969,49.0,46.022775222748066
3262,48.0,46.84936798434872
2101,51.0,44.49693592838585
3236,48.0,46.783371827178556
2657,52.0,47.08363464373657
3418,47.0,48.38772189141846
2742,47.0,52.4659514230925
395,44.0,43.62556117830685
30,40.0,42.783491301116506
3858,43.0,50.11856278733978
206,45.0,41.61839792806896
822,38.0,42.866070675284135
3990,45.0,47.49793747552917
803,50.0,47.40088891766202
3242,46.0,43.20673535076656
3962,46.0,47.56499549899675
2043,46.0,48.44452355244695
2766,50.0,44.68133185070562
488,49.0,47.907813361943326
1884,50.0,47.70049801271013
2200,43.0,44.92164787693552
453,46.0,44.69485045561151
1774,46.0,45.40916347093628
1421,42.0,46.95966078988544
1332,48.0,49.12361867932953
195,47.0,44.06853304840408
578,38.0,46.42908506769805
1322,52.0,46.22284090996531
3664,38.0,48.79587490642757
6,54.0,45.96917036928305
449,54.0,49.59282394429627
295,45.0,47.99423435602337
746,44.0,48.983526187334306
3323,38.0,46.19444296658699
3542,46.0,47.87643805251513
2518,42.0,46.757430681816224
1837,46.0,48.73454879175923
2276,54.0,48.90247692875207
856,47.0,44.72366086009055
3753,48.0,44.770032749173104
2558,45.0,46.88805914472603
992,52.0,48.55746155646886
197,45.0,47.43719455487022
460,45.0,41.11259481824564
2487,38.0,43.96508366440097
3761,51.0,49.95968624323467
29,47.0,51.34699034373723
855,39.0,42.86619168285662
3762,43.0,45.034777464732564
3585,47.0,46.85832159688102
2057,50.0,46.344302784693156
3098,52.0,45.874468779416404
3068,42.0,46.30828086173615
3958,40.0,45.8256810692977
1604,54.0,48.192772257896664
3829,39.0,48.346713724989186
1636,58.0,50.938366433463585
3088,46.0,46.672879867008845
3360,40.0,47.057357928477636
225,47.0,45.421153159831604
3283,43.0,43.932575449105514
733,46.0,48.293458618772
584,55.0,49.235994899970215
4099,48.0,45.75254315395152
3502,54.0,48.34503432195402
2423,39.0,45.376444279455846
1587,49.0,49.91210244257623
1765,46.0,44.0675691395511
800,41.0,45.481308833471026
81,51.0,43.94746622327561
261,41.0,44.36093335305083
301,44.0,49.84291088497996
3309,41.0,51.19106221363272
1429,39.0,41.51175444406592
2997,53.0,47.84684695461621
825,50.0,48.02326644503439
2921,49.0,47.8047122250707
2392,48.0,48.6909311987564
4078,49.0,44.35046681665217
2131,51.0,50.56600905029296
1480,51.0,46.16988375209397
3257,58.0,47.65946830475794
2963,53.0,49.17633374322863
1191,46.0,43.88326072539558
1088,47.0,46.45329087115524
1592,45.0,45.9146205310049
1540,52.0,48.29509956801757
1261,51.0,46.196048297508554
2197,52.0,44.15271080912339
3557,44.0,44.95206479599763
666,42.0,46.237337502581454
2165,56.0,47.57593771691411
1031,44.0,42.97708883468121
2275,44.0,45.95898634827805
2288,45.0,47.782632041774775
421,37.0,45.02513187903089
2481,48.0,45.44937954515795
1057,47.0,45.375621835839176
1240,52.0,45.08481599725052
3007,41.0,43.26315055872817
3833,49.0,50.461537494084965
3474,45.0,41.90091876298598
669,43.0,45.46888315018086
2693,46.0,45.46278679997181
3796,41.0,46.99011881892044
789,47.0,48.123783757311735
3587,44.0,49.914337322776376
154,41.0,43.21267112862539
3328,43.0,47.71839828129564
1687,41.0,45.12347509304602
2385,47.0,46.84112156716358
104,53.0,48.692514071100334
1672,42.0,45.38606450204398
1646,40.0,43.85136754539818
243,55.0,46.75273843737355
798,46.0,48.85879378289027
1652,46.0,45.944987133296465
1013,49.0,48.63865216028527
2718,47.0,51.21417859458748
2094,55.0,49.010959753157096
1070,49.0,46.91821043183284
2108,48.0,46.0656675810412
2509,47.0,47.954258837323756
2612,49.0,46.28734480203394
2675,47.0,47.47690062139236
3676,51.0,47.122269393820105
2650,47.0,46.58497479803577
820,48.0,48.65815421732687
339,44.0,44.811614145979505
1511,51.0,50.21297750615109
2388,52.0,45.271319643533786
3294,54.0,47.87212977231225
902,56.0,47.25561237938569
829,40.0,45.86001568550313
1222,49.0,50.30588189956165
1559,43.0,44.30348209283417
3255,51.0,46.96222937143757
2571,47.0,47.29977088981575
2163,51.0,47.24911963242377
1099,50.0,45.882394877305984
3013,41.0,43.77052687692215
4091,48.0,46.44993384283528
2369,44.0,47.29526510299617
3602,40.0,43.73395390897993
2382,44.0,45.22651381538458
3273,39.0,45.89323927382395
1638,51.0,47.84608174071821
1963,46.0,46.06090096139813
2143,46.0,44.48960417983001
564,46.0,50.21807949260433
1691,40.0,46.63060340812274
4133,51.0,50.38585487940051
906,39.0,40.46916115132181
2033,46.0,49.11877308164271
3913,51.0,49.9003701082844
3818,47.0,46.739075880521185
2739,46.0,48.6202679325431
1444,49.0,44.27850287900047
2884,51.0,48.331433483404595
884,53.0,48.13088947989375
1754,48.0,47.623999920582264
3067,54.0,50.86716093046809
3097,51.0,50.339435957325314
1755,51.0,47.327814560061974
2818,51.0,47.68064724180239
1838,42.0,40.22835511117327
4009,57.0,49.35146148677801
1435,45.0,47.48473770551117
2255,56.0,50.93417855707831
3592,40.0,43.81569163659029
742,44.0,44.61956452873493
1206,41.0,43.227531866097664
1121,57.0,49.28042677964673
734,44.0,46.542365962585464
1901,48.0,52.06143249826582
2375,44.0,48.133502596423696
1627,50.0,47.0402543352735
1520,42.0,51.56955489265421
1800,57.0,50.08522059567608
1639,48.0,48.97241848155644
353,42.0,44.341846923150115
2654,48.0,47.6041615638092
3321,55.0,53.02920256962007
1145,56.0,52.68453298363818
3942,44.0,48.168566437749696
3399,46.0,42.854174333592326
777,38.0,40.72464215999565
2242,42.0,45.725092793733076
1666,45.0,45.81988738180131
1839,42.0,44.46436444623801
1312,40.0,45.61894999086015
181,46.0,49.389629629726684
3496,40.0,46.5500545577805
3302,47.0,44.98597059524111
3063,50.0,46.39393735428442
910,41.0,44.98161159010583
3272,45.0,50.793386591174595
2584,45.0,46.60398482228816
3410,53.0,48.90400763560065
25,40.0,44.83229357789719
878,55.0,45.77478630801485
2260,48.0,47.24821776749922
2534,44.0,44.100734135777564
176,57.0,50.64534312416695
3239,50.0,47.613873248393695
3168,43.0,49.00532413758082
338,48.0,46.0391761900044
3167,42.0,41.14322948310425
440,45.0,46.315686289771335
2812,46.0,50.59369135581698
2097,44.0,40.45557764639735
2869,51.0,44.072741472923354
3534,53.0,49.16152395094785
489,46.0,49.06060329212788
1566,47.0,47.60120912430323
2081,47.0,47.12282110536634
811,44.0,44.3325671853043
3799,46.0,47.18211151656746
1133,44.0,45.83906008638405
925,40.0,45.92504840647156
3880,42.0,42.87643142648325
2960,46.0,42.20758178148111
1898,40.0,48.224245299526245
331,41.0,44.143445845729374
1345,44.0,46.13172013940017
1384,47.0,46.17021998978609
478,46.0,45.40003460984608
571,39.0,46.241921888743974
1857,50.0,43.54086106790519
2087,48.0,44.71745931599325
1076,40.0,44.5143170939849
4079,39.0,45.68874639652269
1062,54.0,44.81249871626564
3931,44.0,47.188031560193366
3887,46.0,47.983007043077755
62,48.0,48.5877390771266
1359,42.0,47.06378929491223
2746,45.0,45.19142131719579
3518,47.0,47.12345870253574
258,43.0,45.297968263523984
2794,43.0,45.451561993719636
1459,51.0,47.860718440718685
1125,53.0,51.07639768888929
3889,44.0,48.88364625887271
3795,46.0,46.65571950452874
2662,46.0,46.8544100151631
1443,50.0,45.01638166187402
68,44.0,46.0875451605404
1719,56.0,49.84467107242077
2455,41.0,43.37585610856012
224,48.0,49.005561873907254
