,y_test,prediction
611,46.0,45.97604479308177
765,43.0,46.50265337943799
3137,49.0,47.822390991533254
1015,52.0,46.50958844045459
2716,44.0,45.668426725972694
2326,54.0,44.96802763015838
694,45.0,50.35667406992077
332,34.0,43.78318719653226
168,48.0,43.95596083094056
1049,47.0,50.27060742025739
3627,48.0,49.41813285061812
870,46.0,47.6726822837028
111,44.0,44.30970003152508
1860,47.0,48.321403513196536
3929,50.0,45.398119497753015
151,42.0,42.46900878705706
1514,49.0,46.64795430914002
304,44.0,50.18976910713227
3758,44.0,45.290439352448644
2411,53.0,49.38784373030984
1617,46.0,48.177115829748544
1933,54.0,47.934818297983625
182,43.0,43.96156035246429
33,49.0,47.14937160389154
3155,47.0,43.63344978231742
2300,43.0,49.44224797557817
1623,54.0,51.92982556685284
2245,58.0,46.62628838984892
1042,41.0,43.531886954678455
3634,51.0,59.77245004354566
565,41.0,44.694874058581924
1764,48.0,46.11378555224927
3554,45.0,48.3002333507616
1032,45.0,48.20303279816484
1757,44.0,43.47846899138986
1277,47.0,44.22121441190592
232,45.0,50.586592237563266
3488,49.0,49.394081646152195
1181,50.0,46.35344291070205
3747,46.0,47.47658136923491
3667,39.0,48.12601526382851
3925,49.0,47.61952688494576
1190,45.0,43.540317227530494
3299,43.0,47.595416043269424
3286,53.0,48.48185377265294
98,48.0,46.57232416246545
511,46.0,48.896024269576955
1204,47.0,48.61811347443661
2465,54.0,49.55756188678674
3586,51.0,49.629494886728466
3285,50.0,45.64867860366843
1530,46.0,49.910820863036314
134,49.0,48.406375629651436
882,52.0,47.53601283903883
537,56.0,49.534902212911035
2053,46.0,53.71019929670969
2414,46.0,46.837774353163766
3525,45.0,45.274953987629964
2726,46.0,44.869519500784634
312,48.0,46.67882342158583
1056,31.0,45.39367172465489
2442,41.0,42.80278721659551
315,41.0,42.02373045476863
2281,32.0,43.57967327842479
2681,45.0,44.752594310719736
2493,48.0,50.783120306486836
2235,45.0,46.73381633347044
815,46.0,44.95109741809234
2765,40.0,48.57301553658887
2970,37.0,42.15662412289095
3918,50.0,47.29241479034775
1910,47.0,47.155444380444024
199,40.0,45.21634783934191
373,50.0,47.853805939782795
2724,56.0,52.5270352674917
990,38.0,44.69365678068636
2389,47.0,44.858416896026355
2757,53.0,45.38106991214237
2633,47.0,45.29628474555425
2229,59.0,50.16508137548638
3911,40.0,42.79355520977346
1239,51.0,48.34907635279391
321,49.0,49.7686163435411
3233,40.0,44.97008956064096
187,49.0,48.40861104303821
3910,47.0,44.26346919164615
2734,54.0,48.45899682188947
471,49.0,46.21005820596605
4062,45.0,49.942009519459916
3924,52.0,47.80156516875442
1818,41.0,42.381728141530694
322,50.0,49.58189802673717
1127,51.0,46.20503456897778
1574,48.0,45.10843061377477
1529,58.0,51.20344438933975
894,45.0,43.886408637719036
1535,50.0,44.28272174833069
3423,52.0,47.64816134689956
3640,47.0,45.765654506927994
3874,48.0,47.565727792187815
2592,39.0,44.18874240195908
3998,44.0,51.05805825363576
1180,39.0,47.643993627574474
424,45.0,45.843625634375975
946,53.0,49.355393718406724
2810,52.0,47.64875588601729
1079,48.0,49.25461906646743
2111,52.0,46.495777455138295
3237,43.0,45.85177949244158
3221,53.0,52.42549178304885
71,50.0,48.705035217357064
2318,48.0,41.4455395384851
966,48.0,47.65278884776079
214,47.0,42.83737470644229
1281,47.0,48.47795283142118
999,46.0,46.95360220389141
1790,50.0,47.21275970634675
2988,47.0,43.683781579034644
1316,44.0,49.965960264669214
14,51.0,45.3878761928771
892,43.0,47.53221442806301
1196,49.0,54.7851306743233
1131,51.0,47.67403810657588
1442,45.0,46.14205779491135
275,45.0,44.93802530135663
548,40.0,46.35262222773462
1367,46.0,46.16414432890058
8,50.0,48.087070692547954
1244,46.0,47.82126596763763
1942,46.0,50.375776774121526
2966,54.0,43.47729346792423
3363,42.0,44.20727156017158
831,40.0,47.045700132309534
1935,39.0,45.28989438426112
2381,46.0,49.610637644544816
2114,34.0,40.562929067379415
4131,56.0,53.61578391300701
1249,54.0,48.1637711825858
255,47.0,43.69406623987749
1875,48.0,44.93552707937377
2602,53.0,48.17727236800482
302,44.0,47.109579191197426
768,51.0,53.44348057912822
554,47.0,47.9417351693957
3520,39.0,50.26985113874365
4125,47.0,46.9627334285138
2701,47.0,49.292293651401465
2873,55.0,50.412917864874714
4132,56.0,46.69423805844519
2768,50.0,46.720323826996726
2474,48.0,45.21850183892199
32,41.0,46.14412588300469
2415,49.0,48.81619767849823
1607,50.0,49.517354972495866
3814,48.0,42.67391122055004
2897,43.0,49.073264211894106
1635,44.0,45.097669043996376
4129,45.0,44.443128055912055
3084,52.0,46.649742014579004
3517,54.0,48.45040388389106
1193,43.0,44.231046196890176
1675,48.0,47.98091085064725
3742,35.0,44.31108348888055
579,47.0,45.24644633918918
3169,48.0,47.35341704043191
1869,52.0,49.125287404042965
3672,46.0,50.730873961832145
448,51.0,47.92062160896261
2689,51.0,45.96128616584069
2338,45.0,43.82003695772548
2400,49.0,49.87010601689751
3992,47.0,42.36443061525248
2327,50.0,53.133581471290576
3932,52.0,45.86983709796181
3697,43.0,44.498609876595005
481,34.0,43.43363220061852
920,42.0,42.23517122089215
1714,46.0,44.299688475103245
824,39.0,46.947527148958855
2354,42.0,46.42031388512415
1284,48.0,42.47769921391583
475,48.0,46.591277457688484
3546,40.0,45.1848121584219
3553,48.0,49.54184459189247
3238,42.0,48.15920092672525
325,46.0,43.71202282062325
731,46.0,49.08233543554975
3589,41.0,43.041836586576046
43,47.0,45.547774219824454
851,44.0,45.749051181228864
1532,46.0,45.93911475674082
1338,46.0,49.0905108541677
1294,48.0,47.00881066979105
3261,54.0,48.10115369500383
411,57.0,45.48089671030928
3617,44.0,49.44981523345197
2781,53.0,46.83680631376642
1887,41.0,44.75460847591056
3380,55.0,52.184163886552824
2677,52.0,47.46517707821962
3308,48.0,44.02169705998432
3947,52.0,51.0115324785545
1854,57.0,47.12189917313145
2543,42.0,45.15877529465722
1865,53.0,48.311883506780575
3315,54.0,47.61958462800686
2421,45.0,43.576376451679295
17,44.0,45.17302728630186
2908,42.0,45.75797814453276
608,46.0,45.7820221840564
3508,51.0,44.097629196518426
4137,38.0,39.821858838628174
1561,50.0,48.604103289376546
759,46.0,48.745738358718945
4084,46.0,43.94749246367487
1090,48.0,48.199513071215634
2863,44.0,43.80887978493094
692,37.0,44.239772851392146
4018,40.0,43.20426643097481
2210,48.0,47.078671613628444
467,59.0,48.418141291523156
2240,43.0,47.700764389078394
2515,48.0,46.851792172597726
3649,43.0,46.48428145583897
3396,44.0,46.0844420548314
2121,48.0,46.44598961298472
473,41.0,47.458256389064815
1743,45.0,50.471216844496084
1448,47.0,48.69246125159376
2974,43.0,41.39054913249293
3405,44.0,45.45336036748929
2471,45.0,44.55669677572496
3568,49.0,44.697787545220166
2463,52.0,48.7377070520675
667,43.0,50.55256033342046
1301,47.0,49.691755339850225
3539,44.0,46.636779125177696
208,41.0,45.54066076404266
2729,47.0,49.050572151811885
3452,47.0,48.03080618769053
916,42.0,44.615987876899204
3479,51.0,46.84421540398088
1951,41.0,43.662184593250785
2359,55.0,48.105624029390015
1163,51.0,46.550376661573
500,40.0,44.56980002640542
951,43.0,47.43484618381054
1506,49.0,46.29089022183541
1615,49.0,48.12858507982529
1020,53.0,49.858917619833484
2896,45.0,41.13514117483168
1589,53.0,49.152440046718446
978,46.0,47.90562715128313
3909,54.0,46.542587684411274
2324,53.0,46.545783267971856
3244,52.0,50.801166929952124
95,49.0,45.475944880528296
2450,55.0,52.63501080988231
23,49.0,45.798717972349884
1004,45.0,44.77203336819977
2482,49.0,48.03693598790852
3504,42.0,43.50403636460467
1771,46.0,43.018375791303704
1321,49.0,49.664084453690585
575,39.0,45.94782583225236
2105,51.0,47.69718404705286
3339,40.0,44.21766404111477
1440,44.0,45.273814402085655
3116,47.0,44.83136921072268
1896,51.0,48.881009383284166
3053,51.0,50.026429290428666
3614,45.0,48.80849551163761
1113,42.0,46.92151525688803
1231,49.0,45.97586266157309
1899,42.0,40.724540175890034
1134,52.0,49.02272014470512
101,37.0,48.1557521640387
442,40.0,45.109836021259426
2159,44.0,48.088426933409394
3656,46.0,47.97830775210499
1311,52.0,47.60007710841438
3804,48.0,50.49909073567365
122,46.0,47.14137916398
844,47.0,45.16351645737805
1525,55.0,51.70216358133
158,43.0,44.921805965619015
2073,46.0,46.64271641849717
2368,49.0,46.62797043643501
1282,53.0,47.85451074578428
3558,52.0,45.873110884610526
4004,46.0,47.37982565643645
2246,45.0,47.63466423538703
3209,56.0,51.75408025896254
244,44.0,47.186772385981
1083,47.0,44.46243260689449
1843,46.0,47.78855893513741
2181,36.0,48.201264842381235
1072,50.0,47.29638302152052
3030,39.0,42.69900004733669
3193,49.0,46.177599651902824
1568,43.0,45.00472684589428
3908,54.0,46.410923863200125
2758,51.0,50.8010560637051
3648,56.0,48.67701653852828
3475,36.0,41.38671866036601
2367,57.0,50.50187773489341
1401,46.0,42.89846334342954
2044,46.0,45.56371654640573
901,44.0,44.54269812952673
606,44.0,44.219777226314704
2904,43.0,45.75037717212757
180,46.0,49.24809237309944
3457,47.0,46.95908887319024
2983,47.0,46.31264445573561
2270,47.0,44.14749909072168
51,47.0,46.756514163790854
1606,39.0,46.768173744301876
3578,46.0,50.72105501680767
74,57.0,55.726066900157704
1246,41.0,44.26129205477738
2122,43.0,45.45836654143284
3382,53.0,49.12230760467834
1228,47.0,48.35966899474636
2446,40.0,47.589356402889486
4135,44.0,48.58087078161665
1290,55.0,46.84240709633005
2424,45.0,45.08824553264131
3329,40.0,44.74406214034865
1140,40.0,45.87719979586113
4031,50.0,47.22892214744485
159,46.0,45.81543239272301
1907,43.0,46.89866876097458
3784,48.0,47.82873112125236
544,47.0,46.51761948646909
52,49.0,48.92740871942402
4023,43.0,42.0325038636872
223,47.0,43.687221259988085
1315,48.0,48.86028449153512
26,44.0,44.2429753517932
1676,45.0,46.60645564204036
1972,36.0,40.73936298657624
217,48.0,45.70971517623543
2132,50.0,48.39062315937275
3466,45.0,49.11560671077875
3483,42.0,43.581786870380014
1400,41.0,44.64741221229699
3726,49.0,49.60443967227856
328,47.0,48.287280180545636
3368,46.0,49.1558629279656
3391,49.0,48.51374341203164
3867,44.0,45.125559333009306
1641,40.0,41.95613998524993
875,53.0,49.31634368044077
2031,47.0,44.24517141689154
2472,51.0,48.586428106706265
3832,52.0,45.40003310578439
3984,41.0,47.888060553373734
2567,49.0,51.12327493126501
44,51.0,46.997968578509074
744,44.0,45.083140871196015
505,43.0,50.086342027448744
1579,49.0,47.40234934872085
1044,48.0,46.98433007571845
2247,54.0,48.93794490288127
361,47.0,47.80293029531822
587,54.0,52.531861664479194
3802,49.0,50.76966510870217
3895,47.0,44.9714536962349
610,53.0,49.472769330242095
2203,47.0,44.26037079458093
3681,47.0,49.513394879311235
1524,54.0,52.518770404009814
3856,41.0,46.273185078345946
418,48.0,43.74874773785936
3317,51.0,47.846049453375215
2501,52.0,48.4328425137624
260,49.0,46.596489603217606
1667,52.0,50.56980073494478
774,46.0,48.58759859229761
4123,51.0,48.35162661195811
3222,44.0,48.05637454484742
3824,46.0,45.000940588390144
2227,45.0,42.91176305295761
1814,39.0,47.24265417358759
1176,55.0,48.107279070441855
1256,54.0,52.11898960634028
2390,47.0,46.0619284507385
2563,49.0,46.010726362859984
297,43.0,44.45958235967019
1980,46.0,46.244509205455074
1748,43.0,48.49408359726426
136,45.0,44.092355236317474
1781,50.0,48.43119412962957
3940,47.0,47.68161723577368
3724,51.0,48.86745732038608
2065,51.0,49.780450932217256
267,42.0,44.156067621603064
3989,40.0,43.87985383440878
1188,38.0,43.92795469612494
4044,47.0,46.778496567011516
1994,52.0,44.78060450602938
830,39.0,44.54357661664055
56,44.0,46.16065289073808
842,43.0,43.194992078751284
705,59.0,52.74724757266829
561,55.0,49.83942003165975
3400,41.0,43.96116477054916
1389,41.0,43.51241690604233
3108,47.0,44.68765670700541
1598,47.0,46.024040905359804
823,49.0,46.75873420047627
1777,47.0,49.85340681722933
1292,62.0,46.70113760734061
3588,54.0,50.209453140083525
402,55.0,49.18829975379238
2433,41.0,44.003290706313365
1713,43.0,44.249362429365725
172,49.0,44.92444821444146
654,34.0,41.30172269005268
2266,50.0,46.119479552064476
1979,44.0,45.48670173400765
3934,55.0,48.27635301191617
1803,46.0,43.20855552837941
3774,41.0,44.25698491678913
191,44.0,44.46156477663593
12,46.0,45.88551303537485
1984,40.0,42.59035223736989
329,53.0,46.931267302658554
3005,45.0,46.91584166025123
617,46.0,44.33824205648268
816,41.0,42.08728176034039
764,48.0,50.85677770225975
3599,44.0,46.76176042230635
3647,46.0,44.66757749062505
3180,54.0,49.513881802384866
688,46.0,46.683335679670904
3065,47.0,45.1275471293367
3446,45.0,47.05999653610074
2792,52.0,50.69664651116618
2192,44.0,47.60161760763937
2505,39.0,42.92404109831925
3066,42.0,42.48177756321681
3258,50.0,48.42464863258486
2511,55.0,48.5456528969096
3163,58.0,50.45615124159267
1761,40.0,48.281767212227194
242,47.0,45.74953572177351
177,41.0,43.90120365404834
3659,49.0,44.584632080254266
3206,53.0,50.48239551064449
2663,47.0,48.03334829041937
4015,59.0,48.43540711397149
3610,44.0,45.41510797309142
1833,41.0,44.05873670319202
1450,44.0,47.63038060052601
3135,49.0,45.72590565060314
3786,46.0,47.483587476289145
1353,46.0,43.542624667667994
420,44.0,45.448064944689136
1205,44.0,49.001265797275934
3739,41.0,44.56769949523179
2372,56.0,48.73357066705775
3029,49.0,46.527585721713066
1830,42.0,43.67162226336236
2283,52.0,45.97740707233429
2624,42.0,47.31727852098578
230,54.0,46.125581261883355
3852,45.0,48.5246956786402
2039,52.0,47.299098436646815
2149,51.0,46.13584880164271
358,39.0,44.79406940292601
1477,45.0,46.96557770946684
2029,47.0,44.93114874865957
2126,48.0,48.1933804012819
1361,46.0,47.009266588358855
1785,44.0,43.92491388382911
2862,47.0,43.05768747714808
3544,50.0,46.334882032519985
1999,55.0,49.811496518966095
70,52.0,51.91750585628951
1618,50.0,47.62946074620869
45,42.0,43.16249070755322
3612,47.0,47.81108018669723
3621,44.0,48.555758115364455
186,54.0,47.2949318569454
1218,41.0,45.368954651313864
2106,52.0,49.67796633089201
963,41.0,46.00002867638422
521,44.0,46.737075074291084
1251,51.0,44.695109548550775
2516,38.0,45.97666450644971
2867,51.0,44.08016799565014
1499,44.0,45.41593661989053
141,47.0,46.80437323780674
2408,58.0,48.425689811477326
2955,46.0,45.30494293505505
316,54.0,49.3361430263933
270,44.0,44.35917580447926
3043,46.0,48.36670284918629
2252,49.0,47.64209168606775
3325,48.0,46.60702332528699
64,51.0,46.99078093075915
2667,43.0,47.85585387696932
1379,49.0,45.4276696448636
1943,49.0,46.35178581482752
1430,51.0,50.684136287010006
146,52.0,47.59295523722331
3584,50.0,45.30604054336842
1047,47.0,46.07851419750605
962,43.0,43.29998494092735
2125,46.0,48.220034372967575
496,48.0,49.398715982541816
3860,50.0,51.52493289020019
3993,43.0,46.08074530206419
3750,46.0,51.92588319009835
3744,37.0,44.033486849999974
2962,51.0,48.4668803210246
2916,54.0,50.34640833758321
3326,41.0,44.091092390951246
2717,49.0,45.23364157697446
3012,49.0,46.04119014888214
2362,46.0,45.63819573663346
284,47.0,48.131486073768116
3202,41.0,40.757905828364414
2631,50.0,46.20715029585754
365,42.0,47.689331544490116
2929,46.0,45.45624960751839
305,42.0,43.109675381842166
1089,46.0,40.44122388902484
2222,52.0,46.038683273117584
2205,56.0,44.68981339701518
3081,56.0,50.17246574220225
425,37.0,42.72051491290163
3719,44.0,44.43359751742546
2524,49.0,45.36410600620682
1067,42.0,47.974227643048344
2579,54.0,50.830620821188795
1452,42.0,45.06284741040556
3105,57.0,49.95696440648831
2294,53.0,50.82626235199682
3118,41.0,41.25980153102475
1575,50.0,48.757023072241616
1811,56.0,50.7771214708589
3532,49.0,47.11855108764249
4006,40.0,45.77162873846227
682,55.0,49.89780192149226
58,46.0,42.97239053152009
77,43.0,44.460946979467906
375,47.0,46.1425399269917
1040,39.0,45.108151692748635
757,44.0,41.65833008821765
1938,52.0,44.2899049913392
923,46.0,45.05660026704746
4110,45.0,47.22683026023334
718,39.0,43.93821898760296
1108,52.0,47.21412913394927
3191,35.0,41.33489570930384
2133,50.0,48.26087589885712
877,48.0,45.311245067356616
3157,47.0,45.28279442403456
126,45.0,46.63605088981441
2439,50.0,42.43084655268977
2373,44.0,44.58738496757671
2171,47.0,43.70400626868641
2653,46.0,46.977692921585465
1192,55.0,48.44048658524621
439,42.0,43.90302549508693
3969,49.0,45.88720804814751
3262,48.0,47.41466803234566
2101,51.0,44.431454401563684
3236,48.0,47.02668365995486
2657,52.0,46.89341502820908
3418,47.0,48.56856569540321
2742,47.0,51.552293031851406
395,44.0,43.116696038620255
30,40.0,42.242686479942435
3858,43.0,50.00497397468279
206,45.0,43.245939465556575
822,38.0,43.08784034358699
3990,45.0,47.41331499358937
803,50.0,47.456198144482414
3242,46.0,44.70239064210439
3962,46.0,47.36357739763841
2043,46.0,48.832616146664485
2766,50.0,45.069785904729095
488,49.0,47.65712003274716
1884,50.0,47.679524165612094
2200,43.0,45.72073084300273
453,46.0,44.869197896325986
1774,46.0,45.73144814740711
1421,42.0,46.80876717443794
1332,48.0,48.8100276550791
195,47.0,44.143109316271676
578,38.0,46.517713155328515
1322,52.0,45.97272894481813
3664,38.0,51.470216088073265
6,54.0,45.62471775534807
449,54.0,49.18229716203254
295,45.0,47.99287415596021
746,44.0,48.8603815283069
3323,38.0,45.904907284749555
3542,46.0,47.54080775720584
2518,42.0,46.56654948860101
1837,46.0,48.11439346098754
2276,54.0,49.16521663564251
856,47.0,44.86479933598503
3753,48.0,44.12392859252533
2558,45.0,46.664416784699775
992,52.0,47.91958380012623
197,45.0,46.98682122422108
460,45.0,41.71067355844653
2487,38.0,44.082599860956606
3761,51.0,49.65307609630999
29,47.0,51.174467807616466
855,39.0,44.780789498115006
3762,43.0,45.31198427506928
3585,47.0,46.38374319454287
2057,50.0,46.02449467738232
3098,52.0,45.59674170439605
3068,42.0,46.30104429170129
3958,40.0,45.88031085987053
1604,54.0,47.999680939288325
3829,39.0,48.544943498826385
1636,58.0,50.586064186788725
3088,46.0,46.19775679093944
3360,40.0,46.7529883409825
225,47.0,45.30181655008116
3283,43.0,44.147006707221635
733,46.0,47.952646752707885
584,55.0,48.9140004259322
4099,48.0,45.917649835309575
3502,54.0,48.22506157493254
2423,39.0,44.96042737431149
1587,49.0,49.50446050713829
1765,46.0,44.29596413517265
800,41.0,46.07101742943047
81,51.0,43.85157813024325
261,41.0,44.148392795517935
301,44.0,51.13392997025133
3309,41.0,50.95713956737508
1429,39.0,41.799651748239214
2997,53.0,47.87506780990113
825,50.0,47.57963694764367
2921,49.0,47.61744734557781
2392,48.0,48.56513027803713
4078,49.0,45.292861449592664
2131,51.0,50.954965375725564
1480,51.0,45.991427029534165
3257,58.0,47.57664704689234
2963,53.0,48.881549502658196
1191,46.0,44.32753128583446
1088,47.0,46.32119417447291
1592,45.0,45.678807356447976
1540,52.0,48.01672993314597
1261,51.0,46.11870061378182
2197,52.0,44.27824411951791
3557,44.0,44.87202821678521
666,42.0,46.395242150084776
2165,56.0,47.558315562216904
1031,44.0,42.97346865369392
2275,44.0,46.07719280025068
2288,45.0,47.58388994258608
421,37.0,45.559246146366746
2481,48.0,45.17532545104905
1057,47.0,45.2623239338096
1240,52.0,45.54655968596646
3007,41.0,43.173944512692785
3833,49.0,50.23156056586582
3474,45.0,41.552376979379446
669,43.0,45.44078119634588
2693,46.0,45.219069152181106
3796,41.0,46.855004617805065
789,47.0,48.14549630903045
3587,44.0,49.753282857496615
154,41.0,42.804576717395804
3328,43.0,47.397416831059196
1687,41.0,44.78226916247637
2385,47.0,46.86394549681062
104,53.0,48.36784918194232
1672,42.0,44.95106689991988
1646,40.0,43.66685671670841
243,55.0,46.39602943836677
798,46.0,48.63360541178534
1652,46.0,45.95766885493707
1013,49.0,47.99416103690574
2718,47.0,51.01058090182793
2094,55.0,48.77258657477549
1070,49.0,47.00761578529318
2108,48.0,46.091746595538424
2509,47.0,47.63635267581602
2612,49.0,46.470575439084
2675,47.0,47.86039607580912
3676,51.0,47.0537821216754
2650,47.0,46.27890830652179
820,48.0,48.42559972975691
339,44.0,45.44140397829265
1511,51.0,50.006881953890264
2388,52.0,45.01423836420092
3294,54.0,47.78789329690861
902,56.0,47.28003525817945
829,40.0,46.08550033273271
1222,49.0,50.099658008673686
1559,43.0,44.54747142791393
3255,51.0,46.88004561403851
2571,47.0,46.96887797588471
2163,51.0,47.35822311093372
1099,50.0,45.88337218640101
3013,41.0,43.68225073144686
4091,48.0,46.4138582309903
2369,44.0,47.09585913442888
3602,40.0,43.73300977761843
2382,44.0,45.47116893835165
3273,39.0,45.8732658021824
1638,51.0,49.10437499888616
1963,46.0,45.883142405611615
2143,46.0,44.718250940844186
564,46.0,49.88902430625133
1691,40.0,46.62929693268724
4133,51.0,54.867925023787976
906,39.0,41.978553575310734
2033,46.0,49.39016092930764
3913,51.0,49.33515708780688
3818,47.0,46.723132427805396
2739,46.0,48.76729611078781
1444,49.0,43.91444404185625
2884,51.0,48.09493647669666
884,53.0,48.322266435008004
1754,48.0,47.384030927478726
3067,54.0,50.88714702419638
3097,51.0,50.130691670771384
1755,51.0,46.93907339662891
2818,51.0,47.58415786365059
1838,42.0,39.806030880122776
4009,57.0,49.0579601446456
1435,45.0,47.497750309931455
2255,56.0,50.413161354186805
3592,40.0,43.578487105107165
742,44.0,43.82465909554262
1206,41.0,42.393916138662654
1121,57.0,48.970946188480625
734,44.0,46.13636261818824
1901,48.0,52.00234218625383
2375,44.0,48.19790598361191
1627,50.0,46.97983780396726
1520,42.0,51.1665620108318
1800,57.0,50.04745424087297
1639,48.0,48.73501088883608
353,42.0,44.07626987096405
2654,48.0,47.29324245890477
3321,55.0,52.284117926894794
1145,56.0,52.67391717508303
3942,44.0,48.07290872978915
3399,46.0,43.876745179643976
777,38.0,41.52040062961796
2242,42.0,45.968697736456036
1666,45.0,45.16334835145018
1839,42.0,44.98624996248736
1312,40.0,45.12271788173318
181,46.0,49.167890938675924
3496,40.0,46.32912107956801
3302,47.0,44.85543912230803
3063,50.0,46.52672806948287
910,41.0,44.30786824740874
3272,45.0,50.42355192929038
2584,45.0,46.65313801028637
3410,53.0,48.89391642636424
25,40.0,44.853707456649786
878,55.0,46.39963536306382
2260,48.0,46.94701042302905
2534,44.0,43.976112490488106
176,57.0,50.25990436735549
3239,50.0,47.448572859362365
3168,43.0,48.728306220676856
338,48.0,46.300025535257014
3167,42.0,41.205883276096976
440,45.0,45.94306882767008
2812,46.0,51.00235466106891
2097,44.0,40.35677031814923
2869,51.0,43.624429266809685
3534,53.0,48.872795324044716
489,46.0,48.88738680926856
1566,47.0,47.46109338624991
2081,47.0,46.9745979548349
811,44.0,44.915690323598675
3799,46.0,47.273014203599594
1133,44.0,46.07866421437741
925,40.0,45.74075309389467
3880,42.0,42.73984610044568
2960,46.0,42.89280692209361
1898,40.0,47.88709587174928
331,41.0,44.68230049643961
1345,44.0,46.04484357775179
1384,47.0,45.75113265138312
478,46.0,45.64431873026249
571,39.0,46.233133627462934
1857,50.0,43.48150143506544
2087,48.0,44.92582914886039
1076,40.0,45.27175235904126
4079,39.0,45.74314396728727
1062,54.0,44.63783186161572
3931,44.0,46.93396891258686
3887,46.0,47.70446164950694
62,48.0,48.678687079076056
1359,42.0,47.3152921034849
2746,45.0,45.491933656684665
3518,47.0,47.303444204322275
258,43.0,45.16623916205931
2794,43.0,45.01693315778824
1459,51.0,48.00306308640866
1125,53.0,50.310581765990406
3889,44.0,48.70473214880967
3795,46.0,46.40579989567776
2662,46.0,46.760313914008364
1443,50.0,45.51522981774056
68,44.0,46.07941730887702
1719,56.0,49.594951350355316
2455,41.0,43.47825139529634
224,48.0,48.62820774719635
