,y_test,prediction
611,46.0,46.85
765,43.0,46.9
3137,49.0,47.64
1015,52.0,44.87
2716,44.0,45.5
2326,54.0,46.93
694,45.0,48.2
332,34.0,44.64
168,48.0,43.016999999999996
1049,47.0,50.35
3627,48.0,51.23
870,46.0,48.93
111,44.0,43.66
1860,47.0,46.01
3929,50.0,45.58
151,42.0,43.51
1514,49.0,46.36
304,44.0,51.94
3758,44.0,45.02
2411,53.0,47.41
1617,46.0,47.56
1933,54.0,48.46
182,43.0,43.69
33,49.0,46.51
3155,47.0,43.28
2300,43.0,49.6
1623,54.0,50.32
2245,58.0,46.644
1042,41.0,45.29
3634,51.0,48.95
565,41.0,45.55
1764,48.0,44.95
3554,45.0,50.36
1032,45.0,47.16
1757,44.0,42.62
1277,47.0,42.28
232,45.0,50.46
3488,49.0,47.96
1181,50.0,46.73
3747,46.0,47.41
3667,39.0,46.35
3925,49.0,47.84
1190,45.0,44.18
3299,43.0,47.16
3286,53.0,47.77
98,48.0,45.08
511,46.0,49.77
1204,47.0,48.23
2465,54.0,47.46
3586,51.0,47.37
3285,50.0,46.22
1530,46.0,49.72
134,49.0,47.86
882,52.0,47.29
537,56.0,49.81
2053,46.0,51.9
2414,46.0,49.4
3525,45.0,41.8
2726,46.0,43.321000000000005
312,48.0,46.53
1056,31.0,45.15
2442,41.0,41.17
315,41.0,43.47
2281,32.0,43.09
2681,45.0,42.17
2493,48.0,51.55
2235,45.0,43.88
815,46.0,43.25
2765,40.0,49.31
2970,37.0,39.28
3918,50.0,46.784
1910,47.0,46.15
199,40.0,45.42
373,50.0,47.8
2724,56.0,52.82
990,38.0,42.59
2389,47.0,45.18
2757,53.0,45.82
2633,47.0,46.81
2229,59.0,48.36
3911,40.0,44.87
1239,51.0,48.87
321,49.0,50.6
3233,40.0,42.56
187,49.0,46.96
3910,47.0,42.65
2734,54.0,48.44
471,49.0,46.38
4062,45.0,48.82
3924,52.0,48.2
1818,41.0,42.75
322,50.0,52.59
1127,51.0,44.717
1574,48.0,45.59
1529,58.0,50.1
894,45.0,43.96
1535,50.0,44.27
3423,52.0,50.12
3640,47.0,44.36
3874,48.0,48.04
2592,39.0,44.47
3998,44.0,49.86
1180,39.0,48.6
424,45.0,46.48
946,53.0,49.65
2810,52.0,48.074
1079,48.0,49.47
2111,52.0,47.32
3237,43.0,45.37
3221,53.0,50.8
71,50.0,50.52
2318,48.0,43.56
966,48.0,48.42
214,47.0,43.22
1281,47.0,47.65
999,46.0,45.33
1790,50.0,48.29
2988,47.0,43.9
1316,44.0,50.24
14,51.0,46.18
892,43.0,49.59
1196,49.0,52.65
1131,51.0,46.76
1442,45.0,45.38
275,45.0,44.731
548,40.0,47.09
1367,46.0,47.9
8,50.0,47.98
1244,46.0,49.94
1942,46.0,45.78
2966,54.0,42.24
3363,42.0,43.49
831,40.0,46.86
1935,39.0,44.861000000000004
2381,46.0,49.26
2114,34.0,41.2
4131,56.0,54.17
1249,54.0,47.36
255,47.0,44.095
1875,48.0,43.94
2602,53.0,49.71
302,44.0,49.45
768,51.0,53.61
554,47.0,48.34
3520,39.0,50.09
4125,47.0,47.0
2701,47.0,49.38
2873,55.0,50.94
4132,56.0,46.14
2768,50.0,46.381
2474,48.0,46.08
32,41.0,47.635
2415,49.0,48.59
1607,50.0,48.57
3814,48.0,43.64
2897,43.0,48.27
1635,44.0,45.69
4129,45.0,43.51
3084,52.0,46.68
3517,54.0,49.36
1193,43.0,45.89
1675,48.0,48.78
3742,35.0,44.39
579,47.0,45.39
3169,48.0,46.63
1869,52.0,49.12
3672,46.0,50.85
448,51.0,47.56
2689,51.0,44.42
2338,45.0,44.63
2400,49.0,50.91
3992,47.0,41.74
2327,50.0,53.25
3932,52.0,47.23
3697,43.0,43.63
481,34.0,40.59
920,42.0,43.81
1714,46.0,44.62
824,39.0,47.67
2354,42.0,47.78
1284,48.0,39.74
475,48.0,47.06
3546,40.0,43.89
3553,48.0,50.01
3238,42.0,48.64
325,46.0,44.53
731,46.0,49.23
3589,41.0,44.07
43,47.0,46.95
851,44.0,46.22
1532,46.0,45.63
1338,46.0,49.99
1294,48.0,47.79
3261,54.0,47.34
411,57.0,45.93
3617,44.0,50.63
2781,53.0,47.303999999999995
1887,41.0,46.11
3380,55.0,48.97
2677,52.0,46.8
3308,48.0,45.02
3947,52.0,50.47
1854,57.0,46.77
2543,42.0,43.99
1865,53.0,49.21
3315,54.0,48.588
2421,45.0,43.244
17,44.0,44.94
2908,42.0,46.59
608,46.0,46.24
3508,51.0,44.74
4137,38.0,42.14
1561,50.0,48.824
759,46.0,47.78
4084,46.0,41.53
1090,48.0,49.88
2863,44.0,47.37
692,37.0,43.42
4018,40.0,44.23
2210,48.0,48.8
467,59.0,47.86
2240,43.0,48.39
2515,48.0,45.43
3649,43.0,46.34
3396,44.0,46.8
2121,48.0,46.181999999999995
473,41.0,45.46
1743,45.0,51.98
1448,47.0,46.91
2974,43.0,41.37
3405,44.0,44.96
2471,45.0,42.5
3568,49.0,41.67
2463,52.0,47.89
667,43.0,48.61
1301,47.0,47.84
3539,44.0,44.1
208,41.0,45.05
2729,47.0,48.69
3452,47.0,46.95
916,42.0,45.19
3479,51.0,47.508
1951,41.0,46.03
2359,55.0,48.94
1163,51.0,48.32
500,40.0,43.76
951,43.0,47.68
1506,49.0,46.44
1615,49.0,47.5
1020,53.0,50.61
2896,45.0,39.33
1589,53.0,49.18
978,46.0,50.01
3909,54.0,46.64
2324,53.0,48.51
3244,52.0,52.55
95,49.0,46.9
2450,55.0,52.02
23,49.0,45.75
1004,45.0,44.47
2482,49.0,49.09
3504,42.0,42.02
1771,46.0,41.47
1321,49.0,47.6
575,39.0,46.25
2105,51.0,49.05
3339,40.0,45.16
1440,44.0,44.988
3116,47.0,42.92
1896,51.0,48.49
3053,51.0,50.28
3614,45.0,50.11
1113,42.0,47.24
1231,49.0,46.59
1899,42.0,42.36
1134,52.0,49.54
101,37.0,47.04
442,40.0,41.34
2159,44.0,48.15
3656,46.0,48.29
1311,52.0,48.02
3804,48.0,50.3
122,46.0,47.6
844,47.0,44.09
1525,55.0,53.35
158,43.0,49.3475
2073,46.0,48.09799999999999
2368,49.0,46.95
1282,53.0,47.73
3558,52.0,46.05
4004,46.0,48.76
2246,45.0,48.488
3209,56.0,51.7
244,44.0,45.64
1083,47.0,44.61
1843,46.0,48.2
2181,36.0,45.53
1072,50.0,48.1
3030,39.0,44.46
3193,49.0,46.49
1568,43.0,45.797
3908,54.0,46.24
2758,51.0,51.09
3648,56.0,49.28
3475,36.0,41.46
2367,57.0,48.76
1401,46.0,41.85
2044,46.0,48.76
901,44.0,43.82
606,44.0,42.77
2904,43.0,47.47
180,46.0,51.97
3457,47.0,47.4
2983,47.0,46.67
2270,47.0,45.75
51,47.0,47.885
1606,39.0,47.44
3578,46.0,51.47
74,57.0,48.5
1246,41.0,44.88
2122,43.0,44.79
3382,53.0,50.71
1228,47.0,49.44
2446,40.0,46.78
4135,44.0,48.91
1290,55.0,47.62
2424,45.0,43.98
3329,40.0,48.1
1140,40.0,44.72
4031,50.0,49.13
159,46.0,45.47
1907,43.0,45.58
3784,48.0,48.59
544,47.0,47.84
52,49.0,52.43
4023,43.0,40.89
223,47.0,41.69
1315,48.0,44.31
26,44.0,44.49
1676,45.0,45.968
1972,36.0,42.72
217,48.0,45.91
2132,50.0,49.56
3466,45.0,46.25
3483,42.0,41.5
1400,41.0,42.74
3726,49.0,50.17
328,47.0,49.46
3368,46.0,49.75
3391,49.0,48.2
3867,44.0,45.94
1641,40.0,42.41
875,53.0,50.01
2031,47.0,44.89
2472,51.0,47.95
3832,52.0,46.15
3984,41.0,46.69
2567,49.0,51.18
44,51.0,49.17
744,44.0,46.29
505,43.0,49.41
1579,49.0,48.11
1044,48.0,47.38
2247,54.0,49.38
361,47.0,47.63
587,54.0,52.14
3802,49.0,49.82
3895,47.0,40.97
610,53.0,49.29
2203,47.0,41.14
3681,47.0,47.77
1524,54.0,50.05
3856,41.0,47.66
418,48.0,44.907
3317,51.0,49.0
2501,52.0,48.74
260,49.0,45.1
1667,52.0,51.35
774,46.0,49.68
4123,51.0,50.54
3222,44.0,47.24
3824,46.0,45.26
2227,45.0,41.78
1814,39.0,47.95
1176,55.0,48.46
1256,54.0,53.07
2390,47.0,47.81
2563,49.0,46.47
297,43.0,44.19
1980,46.0,45.75
1748,43.0,47.2
136,45.0,42.34
1781,50.0,48.22
3940,47.0,50.21
3724,51.0,47.23
2065,51.0,49.27
267,42.0,44.68
3989,40.0,43.95
1188,38.0,44.42
4044,47.0,47.75
1994,52.0,43.83
830,39.0,43.74
56,44.0,44.57
842,43.0,45.58
705,59.0,53.89
561,55.0,50.61
3400,41.0,43.51
1389,41.0,42.31
3108,47.0,43.96
1598,47.0,48.47
823,49.0,46.94
1777,47.0,49.51
1292,62.0,45.76
3588,54.0,49.12
402,55.0,50.17
2433,41.0,42.897
1713,43.0,46.0
172,49.0,46.14
654,34.0,41.805
2266,50.0,49.22
1979,44.0,44.22
3934,55.0,50.01
1803,46.0,41.86
3774,41.0,47.31
191,44.0,43.69
12,46.0,47.51
1984,40.0,42.65
329,53.0,47.33
3005,45.0,47.91
617,46.0,40.852
816,41.0,42.29
764,48.0,48.75
3599,44.0,46.46
3647,46.0,42.55
3180,54.0,49.46
688,46.0,46.82
3065,47.0,47.881
3446,45.0,49.27
2792,52.0,49.85
2192,44.0,48.52
2505,39.0,42.65
3066,42.0,40.73
3258,50.0,45.34
2511,55.0,45.59
3163,58.0,50.89
1761,40.0,47.84
242,47.0,46.89
177,41.0,45.39
3659,49.0,43.67
3206,53.0,51.08
2663,47.0,48.91
4015,59.0,48.38
3610,44.0,46.93
1833,41.0,43.04
1450,44.0,47.93
3135,49.0,45.86
3786,46.0,45.93
1353,46.0,42.11
420,44.0,45.631
1205,44.0,48.77
3739,41.0,46.5
2372,56.0,47.95
3029,49.0,45.977
1830,42.0,44.57
2283,52.0,44.85
2624,42.0,45.4
230,54.0,47.56
3852,45.0,48.18
2039,52.0,48.96
2149,51.0,47.16
358,39.0,45.99
1477,45.0,47.34
2029,47.0,45.76
2126,48.0,47.22
1361,46.0,46.187999999999995
1785,44.0,43.89
2862,47.0,40.03
3544,50.0,44.67
1999,55.0,51.43
70,52.0,50.68
1618,50.0,47.4
45,42.0,44.28
3612,47.0,47.97
3621,44.0,48.23
186,54.0,48.69
1218,41.0,45.18
2106,52.0,49.0
963,41.0,46.19
521,44.0,47.99
1251,51.0,44.72
2516,38.0,46.41
2867,51.0,45.12
1499,44.0,44.79
141,47.0,47.94
2408,58.0,48.364
2955,46.0,44.83
316,54.0,48.83
270,44.0,44.7
3043,46.0,48.24
2252,49.0,46.98
3325,48.0,45.76
64,51.0,46.57
2667,43.0,45.93
1379,49.0,44.96
1943,49.0,46.211000000000006
1430,51.0,52.31
146,52.0,46.71
3584,50.0,45.66
1047,47.0,47.7
962,43.0,43.47
2125,46.0,50.94
496,48.0,48.94
3860,50.0,52.5
3993,43.0,44.29
3750,46.0,50.79
3744,37.0,40.37
2962,51.0,47.81
2916,54.0,50.77
3326,41.0,41.88
2717,49.0,45.35
3012,49.0,46.365
2362,46.0,45.52
284,47.0,44.99
3202,41.0,39.73
2631,50.0,45.52
365,42.0,46.33
2929,46.0,46.36
305,42.0,40.91
1089,46.0,41.64
2222,52.0,45.62
2205,56.0,44.49
3081,56.0,49.87
425,37.0,41.15
3719,44.0,45.62
2524,49.0,48.59
1067,42.0,49.19
2579,54.0,52.06
1452,42.0,45.99
3105,57.0,49.75
2294,53.0,51.61
3118,41.0,40.33
1575,50.0,50.5
1811,56.0,52.34
3532,49.0,44.88
4006,40.0,46.52
682,55.0,51.05
58,46.0,42.62
77,43.0,45.99
375,47.0,47.79
1040,39.0,45.46
757,44.0,42.26
1938,52.0,42.94
923,46.0,44.89
4110,45.0,47.73
718,39.0,45.55
1108,52.0,46.72
3191,35.0,41.66
2133,50.0,50.07
877,48.0,46.69
3157,47.0,44.75
126,45.0,47.28
2439,50.0,42.87
2373,44.0,45.427
2171,47.0,44.48
2653,46.0,46.08
1192,55.0,45.67
439,42.0,44.9
3969,49.0,47.89
3262,48.0,47.22
2101,51.0,48.45
3236,48.0,48.98
2657,52.0,47.35
3418,47.0,47.12
2742,47.0,47.26
395,44.0,42.34
30,40.0,43.68
3858,43.0,49.93
206,45.0,43.77
822,38.0,42.92
3990,45.0,47.9
803,50.0,45.42
3242,46.0,42.46
3962,46.0,47.61
2043,46.0,47.05
2766,50.0,45.451
488,49.0,48.11
1884,50.0,48.4
2200,43.0,44.48
453,46.0,45.04
1774,46.0,41.897
1421,42.0,49.343999999999994
1332,48.0,48.98
195,47.0,44.637
578,38.0,45.89
1322,52.0,46.64
3664,38.0,48.92
6,54.0,47.12
449,54.0,49.58
295,45.0,48.19
746,44.0,49.44
3323,38.0,47.53
3542,46.0,46.943999999999996
2518,42.0,48.04
1837,46.0,49.6
2276,54.0,46.24
856,47.0,45.336999999999996
3753,48.0,44.66
2558,45.0,46.38
992,52.0,49.85
197,45.0,45.83
460,45.0,39.93
2487,38.0,44.1
3761,51.0,49.73
29,47.0,52.37
855,39.0,43.33
3762,43.0,44.781000000000006
3585,47.0,46.44
2057,50.0,45.9
3098,52.0,44.75
3068,42.0,45.34
3958,40.0,45.74
1604,54.0,48.57
3829,39.0,45.26
1636,58.0,53.54
3088,46.0,45.46
3360,40.0,47.294
225,47.0,47.99
3283,43.0,43.287
733,46.0,48.29
584,55.0,49.04
4099,48.0,46.82
3502,54.0,48.98
2423,39.0,45.93
1587,49.0,47.18
1765,46.0,44.1
800,41.0,44.37
81,51.0,44.81
261,41.0,44.97
301,44.0,50.35
3309,41.0,50.49
1429,39.0,40.47
2997,53.0,47.14
825,50.0,47.47
2921,49.0,48.12
2392,48.0,46.9
4078,49.0,44.79
2131,51.0,51.46
1480,51.0,48.73
3257,58.0,50.02
2963,53.0,47.25
1191,46.0,45.53
1088,47.0,44.42
1592,45.0,46.1
1540,52.0,47.8
1261,51.0,49.05
2197,52.0,44.51
3557,44.0,43.73
666,42.0,48.75
2165,56.0,45.91
1031,44.0,42.33
2275,44.0,46.63
2288,45.0,48.81399999999999
421,37.0,45.653
2481,48.0,46.177
1057,47.0,45.17
1240,52.0,45.8
3007,41.0,44.37
3833,49.0,50.93
3474,45.0,41.73
669,43.0,44.69
2693,46.0,45.63
3796,41.0,46.82
789,47.0,46.75
3587,44.0,50.71
154,41.0,43.55
3328,43.0,48.69
1687,41.0,46.65
2385,47.0,47.77
104,53.0,48.83
1672,42.0,45.02
1646,40.0,42.12
243,55.0,45.75
798,46.0,50.28
1652,46.0,45.924
1013,49.0,48.06
2718,47.0,51.4
2094,55.0,50.21
1070,49.0,47.22
2108,48.0,45.78
2509,47.0,46.82
2612,49.0,46.81
2675,47.0,48.09
3676,51.0,46.6
2650,47.0,47.282
820,48.0,48.28
339,44.0,44.7
1511,51.0,49.2
2388,52.0,43.76
3294,54.0,50.28
902,56.0,47.75
829,40.0,45.5
1222,49.0,50.51
1559,43.0,43.02
3255,51.0,47.108000000000004
2571,47.0,46.394
2163,51.0,46.3
1099,50.0,44.27
3013,41.0,42.89
4091,48.0,46.24
2369,44.0,46.89
3602,40.0,45.62
2382,44.0,44.39
3273,39.0,47.37
1638,51.0,48.54
1963,46.0,48.06
2143,46.0,47.53
564,46.0,50.71
1691,40.0,46.57
4133,51.0,50.25
906,39.0,39.9
2033,46.0,47.36
3913,51.0,50.1
3818,47.0,45.24
2739,46.0,50.46
1444,49.0,45.64
2884,51.0,49.03
884,53.0,47.01
1754,48.0,47.37
3067,54.0,51.03
3097,51.0,49.23
1755,51.0,46.98
2818,51.0,49.56
1838,42.0,40.47
4009,57.0,51.19
1435,45.0,46.77
2255,56.0,49.21
3592,40.0,45.7
742,44.0,45.34
1206,41.0,42.19
1121,57.0,48.03
734,44.0,45.8
1901,48.0,50.74
2375,44.0,49.16
1627,50.0,48.0
1520,42.0,50.93
1800,57.0,50.38
1639,48.0,49.67
353,42.0,44.52
2654,48.0,48.413999999999994
3321,55.0,48.02
1145,56.0,50.35
3942,44.0,48.73
3399,46.0,43.79
777,38.0,39.99
2242,42.0,47.08
1666,45.0,45.92
1839,42.0,43.85
1312,40.0,45.24
181,46.0,47.67
3496,40.0,46.34
3302,47.0,44.85
3063,50.0,46.99
910,41.0,45.0
3272,45.0,50.09
2584,45.0,46.6
3410,53.0,48.86
25,40.0,46.24
878,55.0,47.12
2260,48.0,45.37299999999999
2534,44.0,46.47
176,57.0,52.66
3239,50.0,46.22
3168,43.0,50.85
338,48.0,47.568000000000005
3167,42.0,41.315
440,45.0,44.35
2812,46.0,51.48
2097,44.0,40.99
2869,51.0,44.13
3534,53.0,50.29
489,46.0,50.88
1566,47.0,48.184
2081,47.0,46.24
811,44.0,48.15
3799,46.0,46.11
1133,44.0,45.99
925,40.0,46.42
3880,42.0,42.26
2960,46.0,43.4
1898,40.0,48.02
331,41.0,41.88
1345,44.0,47.99
1384,47.0,45.13
478,46.0,43.31
571,39.0,45.7
1857,50.0,42.92
2087,48.0,45.04
1076,40.0,46.93
4079,39.0,47.06
1062,54.0,45.59
3931,44.0,48.83
3887,46.0,48.01
62,48.0,48.84
1359,42.0,46.99
2746,45.0,46.37
3518,47.0,47.64
258,43.0,46.28
2794,43.0,46.88
1459,51.0,52.69
1125,53.0,47.75
3889,44.0,50.34
3795,46.0,46.39
2662,46.0,45.35
1443,50.0,43.64
68,44.0,48.27
1719,56.0,51.49
2455,41.0,44.92
224,48.0,49.51
