,y_test,prediction
6542,87.0,77.699
17271,56.0,60.67
8160,99.0,102.71
21193,96.0,95.05799999999999
8654,67.0,74.094
13972,107.0,105.93
18858,112.0,111.31
16285,123.0,122.25
10099,73.0,85.75
13987,66.0,77.57
5845,100.0,80.494
13363,115.0,109.73
12831,80.0,79.04
17350,97.0,94.21599999999998
16929,131.0,104.91
7767,139.0,114.19
18288,80.0,97.555
14227,102.0,102.29
17030,127.0,103.45
22303,133.0,118.215
12389,98.0,80.36
12254,58.0,67.71
1781,80.0,80.27
19085,112.0,110.91
21358,63.0,108.32
9908,81.4,92.065
13731,104.0,102.39
34,130.0,111.98
18155,92.0,91.6
12391,98.0,80.36
19612,130.0,131.17
10751,114.0,108.573
4287,107.0,106.027
16184,88.0,89.368
11819,75.0,91.67
121,84.0,72.87
22263,119.0,113.56
16078,79.0,100.69900000000001
3997,131.0,120.711
13309,136.0,139.96
2036,77.0,83.698
5932,107.0,113.24
12951,136.0,128.73
17332,66.0,79.53
13863,118.0,114.374
5959,78.0,124.06
11176,163.0,121.686
10010,75.0,76.451
18416,149.0,130.025
21855,88.0,72.679
1455,105.0,92.67
2856,96.0,90.56
18573,72.0,76.828
10042,129.0,119.23
2189,57.0,62.45
354,120.0,135.07
1760,151.0,144.4
7729,121.0,70.42
19943,153.0,135.66
21532,88.0,75.174
3641,80.0,82.15799999999999
4380,107.0,81.324
1923,117.0,111.001
12180,80.0,67.462
22187,93.0,87.98
4733,83.0,86.156
1519,92.0,95.25
1883,78.0,92.59
18724,86.0,114.948
1552,124.0,96.64
7699,102.0,99.68
2313,112.0,112.62
2911,121.0,131.62
1610,122.0,115.42
8960,117.0,102.7
5383,114.0,110.37200000000001
4504,81.0,88.14
12337,97.0,96.83
10454,121.0,114.631
20496,137.0,125.13
7744,72.0,74.23
7119,140.0,92.15899999999999
17214,72.0,70.57
17256,114.0,107.495
19137,79.0,99.45
20556,62.0,63.803999999999995
16677,90.0,90.4
1522,79.0,77.96
21163,106.0,118.434
5977,103.0,80.28
6618,100.0,104.67
5387,216.0,127.884
9120,100.0,95.49799999999999
10159,122.0,104.149
6410,65.0,87.78
1416,107.0,98.348
4326,84.0,85.53
1368,109.0,98.57
16231,117.0,115.68
19692,118.0,104.935
1712,100.0,100.23
10629,153.0,142.34
7651,89.0,105.61
16813,74.0,81.59
13860,118.0,114.374
6546,98.0,105.9
60,112.0,91.43
17805,94.0,103.28
14970,105.0,112.506
14732,163.0,112.16
7731,118.0,105.82000000000002
12875,77.0,70.196
19345,84.0,86.135
1033,69.0,78.88
7654,102.0,102.13
19294,146.0,105.914
9829,90.0,107.05400000000002
5904,96.0,86.26600000000002
18860,154.0,148.19
4783,110.0,110.44
377,93.0,90.67
3296,92.0,93.45
15087,68.0,97.87599999999999
10080,105.0,88.65799999999999
11897,78.0,65.048
6838,81.0,68.626
8947,90.0,91.71
9229,142.0,133.22
1203,99.0,98.94
4573,140.0,109.91599999999998
18417,143.0,113.095
21463,150.0,137.68699999999998
1799,116.0,112.57
9631,110.0,96.44
11000,90.0,74.23
9966,93.4,97.47399999999985
821,68.0,68.25
17109,159.0,128.73
15169,114.0,107.51
17257,114.0,107.495
11849,104.0,92.68
20214,86.0,86.99
8508,95.0,95.54
4161,75.0,81.36
18103,118.0,111.005
8391,47.0,75.236
20045,111.0,85.604
12069,105.0,108.91
11546,83.0,92.20200000000001
22134,103.0,103.63
10026,116.0,106.77
2103,96.0,109.33
4992,148.0,134.05
5973,71.0,92.38
13415,76.0,78.42
4930,139.0,113.03
16589,105.0,107.33200000000001
3832,89.0,88.366
22266,105.0,114.2
15762,93.0,100.14399999999999
7656,102.0,102.13
667,93.0,75.52
15912,149.0,137.91
356,107.0,88.50599999999999
13838,78.0,81.81
2854,96.0,90.56
19780,119.0,110.0
18652,47.0,56.07
1850,81.0,81.67
2017,84.0,85.12
5565,120.0,119.82799999999999
5894,93.0,91.774
11807,75.0,83.46799999999999
21205,95.0,85.14
18771,108.0,99.07
21077,155.0,101.37
14542,65.0,86.26
806,68.0,79.77
13246,109.0,112.68
4208,71.0,88.39300000000001
15150,98.0,97.15
14651,106.0,104.88
15015,100.0,101.09
21174,62.0,98.345
9051,106.0,106.546
19278,136.0,127.58
7116,114.0,105.49
8773,119.0,120.04
1288,120.0,97.395
19755,105.0,93.74
1310,159.0,140.58
14778,129.0,127.04
2411,109.0,116.05
8867,87.0,89.61200000000001
18005,93.0,96.535
11727,99.0,98.31
6992,112.0,81.08
5875,101.0,94.07
16262,86.0,70.334
2121,118.0,122.07
17634,116.0,109.73
1321,89.0,95.07
5477,79.0,80.33
11278,118.0,118.93700000000001
4316,133.0,119.75800000000001
19945,123.0,116.42
20380,132.0,124.38
13926,49.0,54.931999999999995
10969,81.0,112.846
21039,139.0,154.63
1247,93.0,96.42200000000001
9092,75.0,68.63
15601,94.0,86.18
10040,129.0,119.23
18567,75.0,78.857
21232,95.0,110.774
11444,105.0,109.3
89,61.0,71.928
19559,70.0,73.28
21589,111.0,111.24
7066,67.0,85.95
13077,72.0,92.81
12121,97.0,120.65
14962,104.0,84.64599999999999
17779,65.0,81.868
12781,94.0,115.98
15463,70.0,80.37
1246,93.0,96.42200000000001
8012,74.0,76.58
9022,93.0,106.751
20946,79.0,87.23
17239,99.0,105.58
2795,103.0,90.01
19301,106.0,107.486
14230,146.0,133.06
2729,85.0,87.03
9072,74.0,110.52
15909,80.0,86.37
10447,94.0,90.538
21751,77.0,87.568
6796,69.0,77.37
4284,64.0,75.184
20285,121.0,110.39
20521,76.0,83.63
15189,90.0,79.35
19494,84.0,107.161
3702,60.0,79.417
1918,125.0,110.34399999999998
18546,84.0,83.63
1222,83.0,94.795
18726,86.0,114.948
14579,106.0,101.96
21869,102.0,99.55
2840,94.0,83.66
21260,92.0,97.54
13057,142.0,109.77
5639,75.0,94.145
11233,126.0,98.58
5314,83.0,82.23200000000001
16810,80.0,92.11
1830,50.0,93.92200000000001
7237,116.0,112.45
1692,148.0,138.99
2025,66.0,68.09
6327,105.0,106.09
22352,96.0,99.05
18384,86.0,89.94
4796,98.0,97.33
14730,132.0,92.14
11691,110.0,110.21
5777,88.0,88.86
5058,71.0,71.238
21185,127.0,118.34
6451,90.0,86.34700000000001
15756,123.0,123.22
15812,86.0,84.65
22391,102.0,104.4
10602,151.0,136.68
8412,60.0,67.67
17004,105.0,94.59100000000002
1059,84.0,73.77
12927,92.0,91.74
13622,62.0,73.66
15581,102.0,108.23299999999999
19807,92.0,90.97
21768,128.0,142.22
5533,107.0,104.665
19866,73.0,71.18
21448,122.0,103.22
11872,86.0,93.162
4522,63.0,68.069
10193,140.0,128.91
8010,93.0,91.69
4409,85.0,80.59
19513,102.0,117.12
16700,64.0,98.55
6370,95.0,90.69
9139,56.0,61.01
8592,103.0,103.78
8969,75.0,79.2
2619,124.0,108.588
5418,120.0,86.16799999999999
961,67.0,77.214
3091,77.0,107.42
3667,76.0,82.16
1112,85.0,90.646
13754,120.0,119.37
15126,102.0,80.328
3149,93.0,102.0
14401,92.0,87.07
19172,118.0,119.48
11128,68.0,73.85
19887,53.0,64.47800000000001
22124,104.0,108.575
1721,117.0,106.84
21784,104.0,108.461
14477,96.0,93.565
3792,118.0,122.79700000000001
17635,116.0,109.73
4886,94.0,86.51
4015,103.0,101.27
4431,81.0,75.708
11411,98.0,87.99
543,83.0,97.7
8191,74.0,80.43
106,99.0,76.833
7662,108.0,88.84700000000001
5929,101.0,115.16
16500,82.0,79.462
1055,85.0,84.81
2983,95.0,79.469
16182,88.0,89.368
7176,99.0,95.32
6070,89.0,91.8
17168,93.0,119.72
17157,70.0,71.29
7141,63.0,68.97
19776,139.0,135.97
11657,140.0,137.88
4435,100.0,99.82
8680,92.0,101.2
9370,64.0,80.804
5053,88.0,87.65
20836,112.0,83.339
20401,74.0,82.94
19284,86.0,85.677
6270,87.0,99.14
5037,76.0,98.13
21265,74.0,78.26
19560,70.0,73.28
5761,81.0,76.476
6766,75.0,84.38600000000001
2054,112.0,108.45
16037,62.6,100.709
9532,121.0,97.2
17661,91.0,89.08
4773,58.0,84.825
11584,104.0,111.804
5516,104.0,104.76
17390,134.0,131.57
11609,127.0,86.26
20862,121.0,131.39600000000007
10834,144.0,128.39
22206,84.0,92.52
8057,90.0,90.23
11174,89.0,107.15
1234,91.0,114.31
4442,74.0,75.88
19168,79.0,77.2
8116,99.0,92.445
1843,71.0,83.17
780,86.0,92.19
272,123.0,99.12
2409,131.0,100.425
1099,94.0,93.01
8338,62.0,92.23
7827,85.0,93.95700000000001
18167,61.0,64.485
8150,110.0,82.06
6536,103.0,93.21
4870,56.0,69.57
21413,83.0,80.247
18474,99.0,105.02
2774,72.0,94.43
5983,77.0,92.13
4445,110.0,138.825
1642,97.0,102.43
3596,108.0,104.79
18279,110.0,98.057
9848,105.0,99.51
19378,68.0,90.19
13303,117.0,106.916
12650,128.0,117.02
4734,83.0,86.156
19510,121.0,83.694
17902,86.0,107.051
763,84.0,86.42
10047,54.0,56.19
18421,95.0,104.82
16126,109.0,108.421
10908,72.0,101.55599999999998
20066,96.0,96.37
17681,80.0,100.57
2960,134.0,132.28
21269,106.0,112.45
13747,114.0,110.09
6320,95.0,91.265
4377,95.0,111.32699999999998
9508,71.0,73.58
10576,81.0,73.92500000000001
20271,85.0,87.88
3193,73.0,95.01
13685,88.0,105.66
18329,103.0,102.34
7060,74.0,75.995
13326,85.0,94.27600000000001
6179,79.0,79.34
1677,100.0,120.88
9167,97.0,93.17
21819,59.0,78.2
5312,116.0,116.695
4676,53.0,55.06
12290,99.0,104.375
4250,85.0,107.70199999999997
14510,81.0,94.37
1718,86.0,81.43
19841,78.0,89.56200000000003
10988,66.0,71.47
3078,77.0,84.59
10320,89.0,94.08
19394,61.0,75.37100000000001
5912,105.0,105.19
1129,75.0,101.14200000000001
15602,94.0,86.18
19347,106.0,93.26
9657,80.0,76.615
3987,64.0,85.134
1023,80.0,94.53
21243,87.0,85.161
10967,81.0,112.846
10555,68.0,69.48
10344,85.0,77.668
3922,104.0,105.43
2269,74.0,87.63
20355,146.0,125.87800000000001
18391,120.0,119.47
17666,121.0,120.94
8004,81.0,83.13
16196,75.0,75.76
3295,92.0,93.45
14958,104.0,84.64599999999999
21336,66.6,65.92699999999999
1230,82.0,91.81
10956,92.0,82.19200000000001
22366,163.0,131.972
18727,85.0,87.42
21398,114.0,109.875
2422,101.0,113.48
5746,81.0,89.28
10232,85.0,87.28200000000001
20010,63.0,74.116
15902,61.0,103.17200000000001
20183,89.0,84.93
3298,98.0,83.54
3551,91.0,95.13
13478,115.0,120.5
18113,67.0,76.89
5889,117.0,124.24
13010,76.0,77.78
4407,85.0,80.59
21080,82.0,84.78
14231,146.0,133.06
7072,85.0,94.52
11516,85.0,79.234
7788,85.0,90.23
19880,112.0,100.46
936,106.0,108.41
20512,96.0,87.20399999999998
5883,89.0,92.38
19522,80.0,83.72
16203,90.0,92.385
15851,67.0,73.128
13081,124.0,113.602
18622,67.5,67.705
20479,82.0,86.587
13333,87.0,90.4
15547,120.0,124.04
19413,110.0,131.7
20501,77.0,81.07
4210,100.0,93.45599999999999
4383,82.0,84.93
20867,74.0,75.62
6483,89.0,96.47
19592,102.0,74.732
20143,96.0,93.921
506,83.0,82.7
19049,125.0,122.31
19805,70.0,76.61
12859,83.0,81.09
13427,68.0,78.61
12471,82.0,97.25
541,80.0,100.8
19173,118.0,119.48
15903,61.0,103.17200000000001
17484,98.0,102.191
19837,100.0,100.72
22256,103.0,102.11
3628,86.0,72.16
9914,110.0,108.351
15046,127.0,124.37
22159,103.0,80.39
12537,141.0,127.14
14344,84.0,64.63
5288,99.0,100.86
22300,79.0,92.84299999999999
20460,112.0,115.12
10500,117.0,125.81
20806,115.0,108.91
10168,144.0,118.70000000000002
8037,85.0,82.72
1689,148.0,138.99
11282,77.0,86.78
10685,57.0,75.146
5433,113.0,81.241
3502,131.0,114.877
882,127.0,119.18
2345,73.0,77.579
16059,85.0,96.139
22368,103.0,110.41
11646,71.0,74.81
11933,98.0,111.21
2930,82.0,79.292
15953,117.0,129.064
1910,99.6,95.6
20685,100.0,116.05
21785,104.0,108.461
17728,134.0,123.62
16624,99.0,107.47
5999,83.0,102.1
1851,81.0,81.67
2939,172.0,154.62
12743,62.0,69.616
14643,93.0,94.14
19125,91.0,86.55
1852,113.0,113.51700000000001
16495,70.0,70.81599999999999
10225,60.0,70.94
6276,109.0,106.14
16046,107.0,73.19
18338,149.0,126.31300000000003
13739,85.0,84.655
1196,92.0,91.93
22354,119.0,120.96
1375,88.0,74.352
14932,75.0,75.39
7359,89.0,87.73
7849,115.0,111.46
12987,115.0,114.38
2190,57.0,62.45
19614,101.0,102.49
1877,91.0,92.48
1214,86.0,82.89
18678,96.0,96.43
2314,99.0,96.94
15026,110.0,106.14299999999999
1140,100.0,89.58400000000002
20871,133.0,93.35
8462,86.0,85.54
21003,87.0,95.44200000000001
17853,64.0,88.67
11520,78.0,109.0
9858,121.0,107.07
19282,86.0,85.677
12555,151.0,128.33
8348,99.0,115.19
4362,102.0,104.51100000000001
2229,93.0,95.93
10504,48.0,71.62
12164,86.0,89.52
9959,108.0,104.93
21452,103.0,103.22399999999999
8023,85.0,95.51
13014,92.0,95.36
3592,127.0,124.72599999999998
7301,162.0,156.46
17908,75.0,87.238
21253,93.0,93.56
6737,93.0,105.38
16235,92.0,95.48
11526,130.0,87.41
22144,95.0,99.354
7162,70.0,95.22399999999999
18620,64.0,64.99
8745,78.0,80.83
5024,70.0,74.33
16550,132.0,110.77
1028,95.0,88.59
8193,146.0,137.28
19869,73.0,71.18
19511,121.0,83.694
7174,99.0,95.32
19051,66.0,66.97
68,92.0,140.35
13580,81.0,80.0
18316,122.0,94.412
12798,76.0,86.285
1766,94.6,127.96
20635,120.0,120.34
136,97.0,81.02
19290,111.0,89.895
10821,82.0,104.391
4064,89.0,95.62799999999999
4255,70.6,80.495
9997,87.0,77.12
3894,144.0,142.54
7537,57.0,60.59
5989,103.0,103.89
5762,81.0,76.476
22013,80.0,81.7
9154,72.0,84.68
6698,108.0,104.84
11402,64.0,69.032
13443,98.0,101.71
15572,89.0,113.068
423,83.0,99.2
21303,97.0,100.88
8291,95.0,97.72
5712,82.0,77.618
14338,64.0,71.66199999999999
2898,75.0,78.04
4797,98.0,97.33
9425,110.0,106.10700000000001
12313,74.0,107.67
736,66.0,81.96
4901,69.0,80.932
7131,94.0,109.98200000000001
2990,91.0,107.575
13143,65.0,113.074
20708,121.0,112.324
5519,70.0,77.14
13561,79.0,85.82
9901,74.0,83.75399999999999
1876,138.0,112.85
20993,56.0,92.57
7276,78.0,79.58
10515,91.0,88.04899999999999
7121,140.0,92.15899999999999
7257,103.0,97.88
17393,82.0,94.51
2987,91.0,107.575
10927,85.0,84.896
13074,79.0,85.92200000000001
10774,68.0,76.8
17437,79.0,80.2
3281,66.0,71.36
14160,104.0,103.22
11892,66.0,73.845
20831,36.0,36.2
9564,88.0,102.68
21901,130.0,102.34
503,80.0,99.78
13858,126.0,130.54
11661,90.0,87.25
20054,72.0,69.21
9859,121.0,107.07
8056,90.0,90.23
3226,80.0,103.815
22270,124.0,90.08
17413,100.0,95.09
19516,67.0,82.406
4928,132.0,125.41
15605,102.0,96.2
5813,89.0,83.47
566,102.0,96.3
9440,54.0,98.23
17675,111.0,77.268
19127,87.0,106.135
20990,70.0,71.55
20584,91.0,114.80799999999999
21631,85.0,83.81
21442,86.0,97.02
6621,77.0,73.60600000000001
19146,95.0,84.83200000000001
8693,91.0,87.96
14175,74.0,78.94
22281,86.0,95.285
16526,68.0,79.21
13623,62.0,73.66
14015,123.0,108.334
14399,111.0,78.5
8373,108.0,106.09
18886,93.0,96.72
20812,82.0,75.09
3074,70.0,99.5
9553,97.0,96.62
10548,86.0,86.12
1266,97.0,99.58200000000001
22139,119.0,117.28
3253,75.0,91.82
16709,73.0,86.19
16222,125.0,125.26
5320,95.0,121.802
15312,102.0,88.14
19449,119.0,82.06
9563,88.0,102.68
13169,152.0,148.09
1038,69.0,67.34
22286,128.0,128.99
11134,91.0,100.616
16449,127.7,126.00700000000012
9758,112.0,108.22
4667,94.0,94.99
6751,123.0,97.01
21328,79.0,79.06
6244,111.0,116.57
10618,67.0,62.35
19725,96.0,113.76100000000001
174,110.0,112.0
5710,104.0,107.86
20357,146.0,125.87800000000001
1759,151.0,144.4
12203,111.0,101.49
3635,131.0,130.93
8801,116.0,114.53
7749,61.0,70.96
20390,56.0,61.75
16786,55.0,66.10600000000001
20334,52.0,60.2
8609,104.0,110.885
755,96.0,99.98
2249,96.0,84.03
21117,70.0,71.4
1749,65.0,69.277
52,70.0,77.54
460,73.0,77.742
16076,104.0,96.71
895,86.0,86.963
16272,79.0,91.49
2553,92.0,94.27
8570,128.0,119.97
18258,109.0,115.82
21791,88.0,100.397
12059,74.0,75.23
18913,72.0,98.52
4806,95.0,94.72
15642,93.0,91.05
20580,94.0,93.41
18239,127.0,114.79
11986,162.0,150.29
3005,117.0,89.64
20926,74.0,73.29
13302,117.0,106.916
2616,77.0,91.48
1728,94.0,97.527
4968,63.0,79.76
15682,119.0,116.6
12148,80.0,82.495
12433,71.0,99.45
22265,105.0,114.2
19298,113.0,109.774
4152,87.7,88.89199999999995
10959,76.0,74.11
1158,78.0,78.99
250,79.0,87.517
12013,125.0,121.91
17068,91.0,82.3
19844,96.0,95.84
20042,96.0,97.93
10313,90.0,101.0
17764,98.0,103.045
5771,85.0,85.19
4722,104.0,128.28
11394,105.0,128.13
5876,101.0,94.07
2874,105.0,82.46
2782,113.0,104.69
4700,74.0,75.79
21153,114.0,115.12
21933,98.0,105.56
1215,86.0,82.89
9231,100.0,89.49
15445,123.0,120.08
3728,108.0,101.07
10673,79.0,79.93
5105,87.0,116.99100000000003
5669,90.0,97.53
9442,89.0,99.22600000000003
2151,95.0,94.35
14487,105.0,98.694
6024,145.0,131.204
9928,100.0,99.55599999999998
6680,76.0,94.619
21228,76.0,88.118
22202,116.0,103.459
20476,146.0,103.37
10156,85.0,86.32
22051,70.0,79.62899999999999
6534,107.0,87.15
7649,115.0,115.54
14720,103.0,101.33
10396,93.0,85.38
7775,118.0,101.86
13495,58.0,72.98
12556,151.0,128.33
9647,103.0,95.329
8872,92.0,81.31
13538,109.0,107.97
19180,88.0,78.92399999999999
14792,103.0,73.86
3474,120.0,114.18
12271,105.0,109.11
7942,97.0,95.85
19288,82.0,81.66
11357,106.0,76.14
14360,103.0,101.0
6538,122.0,103.84
9663,54.0,72.22
11912,107.0,110.00300000000001
11263,71.0,80.236
11479,69.0,83.936
13364,115.0,109.73
16958,88.0,82.204
13676,88.0,96.82
18109,80.0,67.35
8415,124.0,123.568
9574,109.0,113.065
20696,48.0,60.48
6466,80.0,75.805
1686,134.0,129.61
5421,77.0,86.81
7270,104.0,102.5
3425,128.0,104.34
10285,70.0,71.91
17614,86.0,86.92
11797,135.0,102.11
22357,119.0,120.96
9544,67.0,85.682
7329,94.0,108.822
17608,178.0,129.16
3686,118.0,120.205
1136,100.0,96.18
16003,113.0,108.94
2617,77.0,91.48
1444,73.0,73.35
3609,142.0,138.46
21657,76.0,102.47
14238,57.0,58.35
1807,64.0,72.41
11003,86.0,85.21
18105,68.0,98.37
447,112.0,136.62
3248,93.0,105.694
9262,65.0,65.54
19661,122.0,119.28
15098,61.0,61.37
99,90.0,96.75
6289,72.0,74.465
2087,61.0,62.6
18161,114.0,113.31
886,131.0,115.53
18982,91.0,88.12
1164,83.0,94.024
5310,116.0,116.695
14854,131.0,123.84
9188,105.0,79.16
21981,77.0,97.75
4777,125.0,83.65
11894,127.0,92.95
21798,59.1,66.33
4094,79.0,72.16
20398,56.0,61.75
17729,134.0,123.62
19456,61.0,63.515
12348,90.0,98.06
17473,69.0,76.38
15309,95.0,99.97
19397,63.0,85.11
20930,91.0,101.6
22176,59.0,70.16
5629,81.0,88.06
16446,84.8,84.62600000000006
13835,118.0,98.66
7530,138.0,93.58
6469,93.0,95.35
297,121.0,127.81
4290,107.0,106.027
10703,142.0,124.365
2715,64.0,106.07
22094,79.0,115.52
22100,109.0,81.098
18585,104.0,81.7
11467,85.0,88.382
952,77.0,89.43
13772,124.0,119.12
20618,102.0,102.1
1397,91.0,82.63
15418,117.0,111.664
22209,53.0,76.87100000000001
3793,118.0,122.79700000000001
16597,76.0,98.462
1583,92.0,99.527
9653,91.0,85.024
8644,92.0,91.51
8894,135.0,98.90100000000001
8869,87.0,89.61200000000001
18643,68.0,70.96
5263,92.0,91.18099999999998
12324,68.0,80.649
20340,52.0,60.2
12346,62.0,65.611
10416,85.0,85.14
14519,93.0,90.58
15638,88.0,89.65
8109,57.0,76.86
994,115.0,114.02
2716,64.0,106.07
10144,81.0,96.525
4433,100.0,99.82
5067,118.0,116.43
3279,66.0,71.36
18101,118.0,111.005
15611,76.0,73.07
7358,89.0,87.73
15505,84.0,89.044
12737,72.0,86.84
9299,92.0,92.88
7295,59.0,66.051
4753,147.0,94.62299999999999
15120,85.0,82.705
20397,56.0,61.75
878,74.0,83.13
18250,132.0,125.61
9938,80.0,79.19
17575,73.0,80.24
21267,106.0,112.45
21988,95.0,97.11
16254,129.4,126.31199999999981
18666,51.0,72.78
13975,122.0,130.61
4288,107.0,106.027
2925,61.0,73.04
2325,63.0,68.04
17253,91.0,98.52
13640,125.0,123.24
22019,103.0,101.774
6855,63.0,64.82
10276,97.0,99.55
12115,158.0,133.22
7007,79.0,80.228
2006,89.0,94.73
5155,139.5,131.62
9376,145.0,127.2
20691,112.0,105.06
4897,80.0,74.786
2726,125.0,122.18
19329,105.0,100.0
19834,69.0,76.69
4175,74.0,66.1
16670,79.0,93.55
17970,79.0,77.82
14170,97.0,84.42
21581,67.0,93.88099999999999
3258,69.0,75.46
7945,96.0,88.88
9328,105.0,103.72
12618,69.0,73.67
21920,120.0,112.91
9681,125.0,95.47
15283,86.0,96.54
19148,86.0,86.12799999999999
11091,90.0,102.19
4423,130.0,126.05
15604,94.0,86.18
986,63.0,64.24
4617,103.0,102.59
10190,97.0,95.49
4877,71.0,73.46
2215,87.0,103.56
10926,104.0,101.82
8642,92.0,91.51
172,107.0,108.81700000000001
8961,117.0,102.7
974,101.0,103.6
6095,67.0,92.898
1463,69.0,72.09
4571,94.0,110.479
12118,123.0,113.97
4061,107.0,103.62
1861,75.0,74.17
17439,115.0,106.704
3374,80.0,77.23200000000001
21262,134.0,131.78
1508,97.0,98.79
12636,93.0,102.81
14775,88.0,93.82
22340,84.0,83.76
11405,65.0,102.03
678,80.0,66.06
5744,90.0,87.4
12829,110.0,107.13
190,129.0,109.99
2867,87.0,95.91
7549,132.0,122.84
16017,94.0,115.74400000000001
10050,86.0,83.964
21111,84.0,81.87
2689,85.0,76.782
13634,58.0,73.61899999999999
11812,108.0,114.97
6768,86.0,102.89
11529,73.0,97.02
246,93.0,116.62
8241,81.0,110.38
4554,91.0,75.98199999999999
9053,106.0,106.546
9701,101.0,84.06
475,141.0,129.75
16074,78.0,85.64400000000002
1858,83.0,87.92
633,76.0,88.26
3444,122.0,116.33
13366,110.0,99.5
12642,140.0,135.12
7463,70.0,70.43
13861,118.0,114.374
11274,74.0,73.782
11317,73.0,97.804
9186,105.0,79.16
17596,128.0,129.29
4502,69.0,68.78
10590,101.5,100.145
1314,66.0,67.44
16524,78.0,106.61
7324,95.0,148.92
10868,117.0,83.44
1372,72.0,77.14699999999999
11778,112.0,111.47
7181,106.0,85.8
3402,82.0,135.81
19788,55.0,59.31
17839,101.0,104.89
8163,102.0,94.7
13257,51.0,98.31200000000001
2913,131.0,81.64999999999999
1226,81.0,80.2
899,98.0,93.76
6122,90.0,90.18
19416,132.0,119.22
19690,118.0,104.935
2023,66.0,83.19
9969,71.0,71.35600000000001
11738,104.0,103.64399999999999
6162,59.0,85.79700000000001
10949,107.0,108.24
2642,56.0,63.26
8848,143.0,122.84
8826,92.0,107.01
8757,106.0,73.829
9111,97.0,71.05
3646,113.0,112.71
1726,147.0,97.31
14612,101.0,107.852
15530,146.0,106.64
5770,85.0,85.19
15939,66.0,67.02199999999999
18024,52.0,66.04
15853,102.0,88.48
16725,86.0,108.26
13734,104.0,102.39
22267,85.0,84.81
19649,73.0,97.92
8409,60.0,67.67
16009,113.0,112.82
5258,106.0,91.06
10326,54.0,67.951
21453,132.0,127.33
17292,81.0,86.65
15942,116.0,112.9
13263,82.0,80.12
14984,137.0,127.54799999999999
9512,130.0,118.27
8656,85.0,75.131
22262,119.0,113.56
5222,83.0,82.977
14666,75.0,83.35
298,121.0,127.81
19334,97.0,90.72
18815,82.0,90.9
18952,125.0,124.64
21577,76.7,77.25599999999989
6223,103.0,85.59
3385,74.0,78.55
17354,120.0,80.06
12884,104.0,101.21
12594,95.0,100.62
1053,105.0,100.09
11007,101.4,109.708
7807,84.0,84.03
9221,101.0,95.57
22305,86.0,87.52
9614,125.0,111.824
11909,107.0,110.00300000000001
4093,79.0,72.16
18549,84.0,83.63
20297,60.0,68.195
