,y_test,prediction
2470,85.0,85.11
827,71.0,76.108
2451,108.0,107.155
2121,101.0,99.25
1030,148.0,149.69799999999998
1803,64.0,64.69
816,79.0,77.234
3912,134.0,133.78
3627,118.0,119.41
3438,115.0,111.4
3516,88.0,87.97
492,67.0,67.15
3077,74.0,73.19
860,117.4,118.54
2715,110.0,133.59
2461,51.0,51.44
115,87.0,86.67
3533,75.0,74.27
1859,89.0,89.71799999999998
2721,87.0,83.27
1197,75.0,77.32300000000001
758,95.0,95.29
2484,98.0,89.958
3165,107.0,106.065
780,79.0,78.44
3781,73.0,79.57
831,91.0,89.86
2988,96.0,95.13
3443,85.0,91.77
2808,90.0,75.26
2512,109.0,107.2
3672,119.0,118.44
1382,120.0,119.96
2543,76.0,73.24799999999999
2456,80.0,80.06
238,97.0,97.38
3294,146.0,139.22899999999998
2675,96.0,94.806
3216,89.0,88.34599999999999
2443,127.0,125.69
2966,94.0,94.81
3624,74.0,73.46
330,111.0,110.439
3255,116.0,102.3
3635,125.0,103.4
33,102.0,102.275
2678,116.0,116.35
2434,124.0,90.91
2069,98.0,97.5
2807,92.0,92.89
1282,106.0,106.32
3973,76.7,77.27
478,92.0,92.92
3402,66.0,75.2
1063,104.0,104.919
586,108.0,108.86
1775,64.0,63.976000000000006
324,100.0,99.488
1163,109.0,101.62
3852,101.0,102.05
452,130.0,128.886
2450,130.0,130.09
2076,100.0,99.9
2742,95.0,105.59
174,123.0,123.852
313,86.0,86.78
1474,90.0,91.22
1586,107.0,106.24600000000001
630,136.0,136.85999999999996
1056,81.0,80.14200000000001
3258,95.0,95.53
3793,61.0,60.955
3086,90.0,89.67199999999998
3266,94.0,92.45400000000001
680,108.0,108.0
1211,116.0,114.77
2073,91.0,93.17199999999998
1747,121.0,119.63
73,101.0,99.82599999999998
1954,101.5,102.88
2420,104.0,105.329
2763,104.0,105.39699999999999
1648,105.0,103.72
2951,93.0,93.99
14,97.0,96.78
2517,116.0,117.88
3259,91.0,91.54
1829,95.6,95.59
1021,69.0,68.6
1093,93.0,91.615
8,75.0,98.71
3219,62.0,61.145
2903,75.0,74.0
994,77.0,78.74
370,105.0,105.04
1950,81.0,81.19
3372,118.0,113.3
4135,86.0,85.584
1866,102.0,102.15
898,80.0,82.68
3758,88.0,88.02
220,92.0,93.05600000000003
4125,97.0,98.09
2376,60.0,68.81
3941,70.0,71.26
2962,113.0,112.75
1707,64.0,64.395
3935,114.0,115.45
2472,87.0,86.79
2446,79.0,79.194
819,81.0,82.624
421,61.2,60.21
102,80.0,82.31
193,125.0,126.11
2770,91.0,90.63
2412,68.0,67.662
1820,85.0,86.225
1843,86.0,86.27
157,105.0,104.6
1149,79.0,72.378
2920,147.0,144.59799999999998
3712,79.0,76.76
1535,110.0,109.28
2654,106.0,108.36
3682,76.0,75.972
3286,111.0,112.86
3275,69.0,76.57
283,101.0,100.162
2090,90.0,90.262
3629,101.0,100.76
2478,110.0,111.387
2908,65.0,64.70800000000004
32,70.0,70.15
3382,95.0,104.99
3170,72.0,71.38
1973,57.0,56.016999999999996
2885,70.0,69.93800000000002
205,85.0,82.63
2311,85.0,87.0
1515,113.0,112.419
1625,152.0,137.773
1816,92.0,88.86
1443,80.0,89.61
1913,62.0,62.576
2163,126.0,102.29
2408,125.0,126.02
2064,71.0,69.79
1299,83.0,84.435
1792,147.0,146.25
341,101.0,99.67399999999999
1032,75.0,74.04
2453,100.0,99.24
3403,110.0,110.86
2548,85.0,82.92
2871,146.0,143.65
2210,104.0,104.47
3657,100.0,100.44
1632,120.0,120.38
2653,103.0,102.279
3630,95.0,95.49
2014,82.0,81.9
511,93.0,92.80799999999999
3475,52.0,58.201
43,110.0,109.399
4082,98.0,97.78200000000001
681,94.0,93.32
1651,105.0,104.84
334,151.0,148.76
522,121.0,120.47
709,123.0,121.5
2278,99.0,98.335
1558,92.0,91.76
2505,58.0,57.992
1744,118.0,108.634
1902,73.0,73.27
188,91.0,90.30599999999998
2861,100.0,99.94
1476,131.0,131.76
590,67.0,66.676
2350,85.0,85.47
2417,65.0,63.351000000000006
17,88.0,88.71
1703,71.0,71.00399999999999
600,104.0,105.09
2424,98.0,97.354
886,56.0,55.8
565,76.0,75.49
1599,76.0,77.74600000000001
555,134.0,128.45
893,119.0,118.4
3942,86.0,86.2
3480,78.0,78.594
1795,51.0,52.23
2234,125.0,117.56
619,80.0,80.936
1753,93.0,92.31
2489,91.0,89.36
2983,94.0,92.74
320,98.0,99.14
4007,77.0,76.42
2005,87.0,84.948
1331,115.0,114.27
1129,107.0,104.88
2758,112.0,112.46
3371,110.0,108.344
214,88.0,87.86
4119,86.0,85.639
486,65.0,64.71400000000003
532,65.0,65.495
1262,113.0,112.42
1103,81.0,87.66
1881,117.0,118.02
2553,89.0,91.59
2257,90.0,88.78
3926,75.0,79.7
3418,84.0,87.56
2077,126.0,127.22
2030,90.0,90.318
3916,96.0,95.41
1174,77.0,96.83
1451,104.0,100.97
4113,99.0,100.13
3386,102.0,102.96
98,99.0,100.06
382,142.0,146.93
1459,87.0,86.93
1776,125.0,108.15
1417,108.0,107.61
2448,83.0,82.33
858,74.0,74.73
23,90.0,89.66
482,95.0,93.36
2444,150.0,149.918
2580,89.0,88.154
2351,104.0,102.42599999999999
1309,85.0,84.68
2971,77.0,76.62
1562,98.0,97.8
3937,64.0,63.9
1182,131.0,145.33
2662,86.0,86.32
2764,105.0,104.73
1660,94.0,93.97
3588,102.0,102.93
1222,124.0,125.62
2023,175.0,167.07
2672,100.0,100.59
932,122.0,120.902
1304,101.0,100.0
2124,103.0,102.19
2622,133.0,137.31399999999996
3801,105.0,104.925
1037,82.0,83.62799999999999
2984,66.0,66.66
3052,75.0,75.07
1275,92.0,92.64
1096,96.0,95.94200000000001
3971,68.0,66.89
2906,95.0,95.64
3542,117.0,108.96
105,102.0,102.77
2714,108.0,139.29
3550,97.0,94.23200000000001
428,57.0,57.324000000000005
623,82.0,86.245
1295,124.0,87.499
126,93.0,93.505
516,101.0,99.96
1818,65.0,62.53
164,98.0,96.584
3460,102.0,102.2
2321,66.0,66.762
3142,134.0,138.655
3707,91.0,91.63
3936,80.0,80.7
2241,74.0,76.97200000000001
805,103.0,102.25
249,81.0,80.62
3948,132.0,133.29
2133,90.0,102.41599999999998
2471,80.0,79.06999999999998
3257,136.0,117.01
1083,78.0,91.72
4099,123.0,121.48
3792,100.0,86.55199999999999
1496,74.0,73.03
3525,77.0,77.508
3127,71.0,72.922
1143,60.0,60.042
838,68.0,67.46500000000002
3078,99.0,91.72
1152,110.0,102.41
2291,147.0,146.42
3352,86.0,84.81
1053,101.0,98.66
2883,88.0,84.49
1358,67.0,66.71000000000002
703,80.0,82.45
53,106.0,104.92
411,131.0,128.09
1779,101.0,100.12499999999999
76,82.0,73.32
1919,122.0,122.96
2058,130.0,132.16
573,77.0,77.33
3643,116.0,115.99
1580,62.0,62.04
3617,106.0,106.71799999999999
2209,110.0,110.62
331,64.0,64.13
2149,108.0,94.84
982,83.0,86.71
165,60.0,60.335
2733,73.0,71.61
3807,80.0,83.86200000000001
54,92.0,93.65
1585,85.0,85.51
229,82.0,82.00399999999999
2382,76.0,88.145
26,99.0,97.66
1652,127.0,127.27
1628,91.0,89.49
223,82.0,80.74
3013,70.0,70.603
781,111.0,111.51
4090,93.0,93.63
2447,152.0,129.53
1301,142.0,136.828
337,92.0,91.695
1602,95.0,98.934
3389,91.0,75.512
2540,115.0,111.74
745,74.0,74.65
2117,105.0,106.16400000000002
908,101.0,99.97
1724,122.0,121.99
3832,121.0,118.15
846,84.0,82.766
2563,118.0,118.08
44,129.0,94.02
1421,73.0,82.16
2655,123.0,121.4
790,122.0,125.07
3028,60.0,60.163000000000004
3026,111.0,111.98
458,100.0,98.26
1100,101.0,99.62700000000001
748,88.0,92.39
1918,84.0,83.36
1934,48.0,49.2
1352,95.0,106.85
1313,87.0,87.786
577,102.0,102.69
2935,79.0,138.6
1807,75.0,74.89
265,69.0,69.93
3113,87.0,93.44200000000001
2628,117.0,119.22
2915,86.0,86.28
1105,101.0,100.395
2019,103.0,102.26
760,74.0,68.812
2153,104.0,101.53
4129,83.0,82.06
3325,68.0,67.474
2387,103.0,102.315
3489,84.0,83.36
306,122.0,121.56800000000003
3263,80.0,80.37999999999998
1682,97.0,74.74
141,84.0,90.9
1523,99.0,99.72
839,103.0,102.26
2057,91.0,90.49599999999998
2031,86.0,86.26
274,69.0,77.31
1364,112.0,111.08
3136,69.0,68.56
3644,119.0,99.33200000000001
1962,153.0,152.32
814,110.0,108.39
58,84.0,84.66799999999999
2385,75.0,75.56
1923,95.0,95.35
1227,95.0,97.22
3262,111.0,97.43599999999998
1948,84.0,85.07
1771,89.0,87.78
1377,108.0,110.26
2881,89.0,89.53200000000001
3867,90.0,89.98399999999998
2342,81.0,79.98
1800,90.0,105.7
3589,67.0,66.47
910,63.0,63.81
178,74.0,75.04
3163,159.0,157.33
2972,85.0,82.73
3677,153.0,145.995
3470,104.0,104.49
3476,91.0,91.884
1527,95.0,95.43
197,85.0,87.75
12,62.0,63.47
2998,88.0,87.12
338,89.0,87.86200000000001
2068,90.0,90.43
1107,117.0,116.16
2265,116.0,117.13
624,137.0,137.16
2602,96.0,95.03
2940,71.0,91.99
3367,115.0,112.66
434,119.0,120.10600000000001
3796,78.0,80.25
1668,75.0,72.28600000000002
1878,90.0,91.0
3007,55.0,54.701
3977,79.0,79.06
1937,81.0,82.60600000000002
4000,91.0,93.25
1078,44.0,45.87
2837,88.0,98.15700000000001
247,159.0,156.02
182,63.0,85.86
2364,112.0,112.339
2661,165.0,157.37
1140,77.0,77.11
2230,70.0,70.22
1791,125.0,123.56
507,63.0,62.45
3273,90.0,89.6
3449,94.0,95.24600000000001
430,89.0,91.14399999999999
3760,72.0,72.34
868,112.0,110.37
2369,97.0,98.12
1554,106.0,105.281
2136,78.0,106.53
978,104.0,103.238
236,115.0,116.39
1311,141.0,139.815
936,83.0,82.23
3002,140.0,146.085
367,110.0,106.31200000000001
1456,149.0,147.99
3925,107.0,107.60499999999998
3783,101.0,98.64
1034,99.0,100.58
1249,104.0,104.9
2314,87.0,81.13
2359,99.0,100.56
1440,84.0,85.64
72,124.0,121.97400000000002
1593,111.0,110.568
45,93.0,91.92
1530,87.0,88.77
3618,102.0,101.76
192,69.0,68.416
2670,98.0,96.04
3848,108.0,106.07700000000001
484,112.0,112.92
3530,113.0,113.25
1477,88.0,87.74199999999999
146,84.0,86.36
2995,77.0,77.22
840,100.0,100.09800000000001
325,77.0,73.88
278,140.0,139.725
1379,75.0,75.32
2247,130.0,128.64
3324,118.0,118.29
66,121.0,121.686
2665,67.0,66.63
3230,122.0,111.42
3079,62.0,63.74
3865,62.0,61.672
151,68.0,67.23
3581,68.0,67.77
841,67.0,66.945
2233,81.0,80.16199999999998
1048,82.0,82.86
1546,106.0,105.16
891,56.0,55.49
2591,66.0,66.43
3923,66.6,65.34
3134,88.0,88.35
3999,131.0,128.77200000000005
1887,70.0,70.22
1127,115.0,90.77
260,133.0,130.7
3742,52.0,53.854
918,76.0,78.12
1089,80.0,73.51
2322,78.0,80.73100000000001
3283,68.0,69.5
3200,89.0,79.836
2183,87.0,85.49
1467,108.0,107.38
4016,88.0,87.0
559,91.0,99.04700000000001
293,84.0,83.366
1581,92.0,89.7
1896,85.0,87.13
4008,68.0,68.95
3485,66.0,65.51
1671,71.0,72.27
374,95.0,93.766
2928,73.0,72.82
314,118.0,114.94
3804,135.0,135.35
747,105.0,104.59
1075,84.0,84.12
3674,59.0,59.14
3231,121.0,120.55
548,61.0,61.06399999999999
435,96.0,94.53199999999997
917,81.0,118.14
1322,112.0,112.6
1054,71.0,71.712
3186,119.0,118.31
3289,101.0,99.86
1930,71.0,81.04
3327,67.0,66.02
3824,87.0,85.56
2979,119.0,118.56
3914,95.0,95.52600000000001
697,75.0,75.24
1847,79.0,72.76
871,58.0,82.975
60,100.0,101.1
79,93.0,92.38
384,87.0,87.99600000000001
1213,118.0,110.1
1978,98.0,98.17200000000001
3380,143.0,113.93
900,124.0,127.13
2836,71.0,70.906
999,108.0,107.64
1335,140.0,138.475
3932,90.0,89.95
4031,89.0,90.17
2480,69.0,68.4
130,58.0,90.55
2391,128.0,129.61
2148,82.0,82.26100000000001
2911,90.0,103.85
2039,117.0,115.71
449,149.0,150.136
3359,53.0,52.55
1974,82.0,82.74
867,73.0,72.57
707,78.0,77.18
1709,177.0,166.94
979,103.0,102.84
404,57.0,57.602000000000004
30,84.0,83.38999999999999
3437,103.0,102.51
212,99.0,98.708
4079,100.0,100.78399999999999
3993,90.0,90.62
1613,92.0,91.52
3249,97.0,98.03
2009,65.0,64.99
2765,72.0,80.68
499,85.0,84.29400000000001
2370,113.0,92.23
2859,99.0,99.876
463,109.0,109.56
832,123.0,123.7
1400,86.0,84.805
1208,124.0,86.99
201,118.0,116.89
589,73.0,71.48
1302,82.0,93.35
967,80.0,80.18599999999996
6,130.0,98.76
459,100.0,98.95
304,110.0,107.425
732,97.0,97.58
3858,87.0,86.36
3540,146.0,145.46
922,87.0,86.228
3041,96.0,95.56
1330,63.0,62.565
1158,111.0,111.94
4123,115.0,114.58
2554,124.0,123.76
3646,84.0,84.77
203,94.0,93.18
470,73.0,73.81
1171,56.0,98.42
2853,128.0,126.87
29,85.0,105.57700000000001
836,66.0,73.0
2345,71.0,71.018
3994,87.0,86.52
668,113.0,110.78399999999999
3067,132.0,131.36
3564,92.0,91.412
4087,128.0,130.17
3829,70.6,71.67
3761,126.0,124.818
1989,70.0,72.14
2414,94.0,95.098
231,141.0,117.9
756,87.7,88.9
720,64.0,78.22800000000001
596,111.0,112.52
2530,115.0,114.07
3499,87.0,87.59
2652,93.0,82.6
3795,102.0,103.05
1738,71.0,70.64
683,91.0,90.42
84,83.0,90.2
266,120.0,122.38
310,112.0,112.19
2913,102.0,102.96900000000001
1537,80.0,80.62
1894,54.0,52.76
1767,103.0,102.234
1277,99.0,99.85799999999999
1817,74.0,74.68
2389,80.0,80.08799999999998
3168,113.0,113.33
2708,106.0,104.54
3975,111.0,110.40499999999999
2897,81.0,96.882
1643,80.0,82.01
4005,109.0,107.29899999999999
2208,85.0,87.69
2002,121.0,121.67
1720,112.0,112.859
3622,108.0,107.82
2449,108.0,104.52
847,109.0,108.514
3008,111.0,111.06
2947,149.0,146.93
431,87.0,85.95
1835,87.0,86.56
1225,87.0,86.33
2497,62.0,62.512
1665,85.0,86.26400000000001
2139,46.0,50.06
1988,87.0,87.86
775,71.0,71.59
3554,112.0,99.74
160,127.0,128.72999999999996
1630,90.0,91.03200000000001
1663,141.0,143.99
1138,110.0,110.419
108,98.0,97.115
3308,95.0,95.24
3102,96.0,96.56700000000001
248,66.0,83.41
784,77.0,77.41
1490,95.0,90.805
2040,118.0,120.83
2373,72.0,72.92
2189,87.0,87.34
2577,88.0,94.59
1210,83.0,86.56
2271,58.0,68.66
2610,90.0,90.94
3241,76.0,76.676
2358,77.0,76.52
2201,101.0,99.292
1266,113.0,113.08
348,121.0,121.402
1664,84.0,84.88
793,90.0,88.11200000000001
2044,105.0,105.11
1914,85.0,101.34200000000001
1502,181.0,159.47
2824,70.0,70.00800000000001
1373,62.0,61.06099999999999
3462,93.0,92.26
2111,65.0,64.83400000000002
2158,84.0,121.59
2356,95.0,95.34
3010,93.0,92.55
962,74.0,74.238
3663,73.0,72.85
4136,102.0,102.73
2379,94.0,94.316
3583,70.0,72.84
1185,107.0,107.48
3574,83.0,85.13
576,116.0,115.39
2509,93.0,93.71
1148,109.0,106.37899999999999
2284,74.0,98.08
3274,114.0,106.54
3318,64.0,63.31
2738,126.0,126.79
3744,71.0,70.6
1827,93.4,92.47
3607,95.0,95.595
773,70.6,69.87800000000001
3842,107.0,106.0
3097,133.0,103.62
1739,87.0,87.67
1334,116.0,115.51899999999999
4084,101.0,100.35
4010,129.0,128.70600000000002
1414,89.0,89.89200000000001
4028,88.0,86.32599999999998
1016,107.0,107.589
2216,77.0,76.24
1770,115.0,116.71
3746,120.0,120.65
1073,86.0,85.82
1712,147.0,146.29
1405,82.0,80.33
1773,77.0,81.319
1616,143.0,135.438
362,91.0,96.68
2651,86.0,84.594
2712,112.0,97.61
4132,103.0,102.03
894,94.0,95.02
3397,117.0,117.63
2706,75.0,88.99
1928,65.0,64.497
1642,75.0,74.38
3785,103.0,101.91
3348,132.0,131.37
187,88.0,94.92
3645,81.0,87.58
3302,90.0,89.73
2419,110.0,110.094
1999,144.0,141.325
1912,85.0,84.02
2751,112.0,110.12
1898,85.0,84.28
25,90.0,89.54599999999999
3311,93.0,91.712
2863,75.0,74.85
2745,94.0,94.78
181,97.0,98.285
2809,80.0,82.28
3167,38.0,41.44
347,42.0,45.341
3299,75.0,79.12
450,73.0,73.37
1860,88.0,88.11400000000002
2467,73.0,81.098
1252,93.0,96.23
1472,100.0,99.506
500,79.0,77.803
942,150.0,152.45
1550,44.0,46.17
1365,152.0,146.395
2685,72.0,72.64
1117,109.0,99.25
1381,96.0,99.507
4131,163.0,157.76
2259,86.0,77.778
3654,90.0,106.4
340,94.0,94.96
1388,95.0,90.955
489,124.0,123.664
583,95.0,110.83
3322,91.0,91.33599999999998
2062,125.0,124.05
2996,108.0,107.13999999999999
1938,94.0,95.23
2659,111.0,110.17399999999999
3287,101.0,98.992
64,125.0,122.96800000000002
4091,96.0,95.45
1781,73.0,104.12
2162,54.0,54.07200000000001
263,99.0,99.33200000000001
2793,85.0,84.72
1145,114.0,115.56
1949,83.0,81.8
845,129.0,132.804
1088,89.0,88.824
2660,92.0,89.97
1422,102.0,102.34700000000001
70,117.0,118.59299999999999
1694,100.0,100.166
926,110.0,110.01
230,91.0,89.98
2348,69.0,82.92
2494,110.0,108.4
1319,63.0,62.26
3603,83.0,85.325
93,70.0,70.92599999999999
1072,121.0,122.88
3884,88.0,88.71
2932,67.0,67.46
1212,110.0,110.43
3631,87.0,87.47200000000001
1462,111.0,112.6
3432,52.0,52.8
456,90.0,89.32
4047,124.0,122.06
3728,63.0,62.378
2741,82.0,79.086
4057,68.0,67.19300000000003
1992,110.0,109.5
2778,71.0,71.72
3637,151.0,146.425
