,y_test,prediction
2470,85.0,104.881
827,71.0,78.105
2451,108.0,130.73
2121,101.0,96.84
1030,148.0,104.824
1803,64.0,78.8
816,79.0,64.143
3912,134.0,113.85
3627,118.0,117.745
3438,115.0,89.323
3516,88.0,82.67200000000001
492,67.0,82.49700000000001
3077,74.0,87.45
860,117.4,80.446
2715,110.0,117.99400000000001
2461,51.0,91.133
115,87.0,88.94
3533,75.0,76.46
1859,89.0,89.07400000000001
2721,87.0,92.975
1197,75.0,92.18
758,95.0,74.508
2484,98.0,82.18699999999998
3165,107.0,114.509
780,79.0,73.42200000000001
3781,73.0,86.462
831,91.0,89.67399999999999
2988,96.0,76.738
3443,85.0,103.662
2808,90.0,75.816
2512,109.0,86.10700000000001
3672,119.0,114.39200000000001
1382,120.0,105.66
2543,76.0,78.092
2456,80.0,76.57400000000001
238,97.0,83.5
3294,146.0,107.49700000000001
2675,96.0,113.64
3216,89.0,102.214
2443,127.0,117.45
2966,94.0,85.26
3624,74.0,85.85699999999999
330,111.0,93.228
3255,116.0,105.54
3635,125.0,106.975
33,102.0,100.4
2678,116.0,93.28
2434,124.0,89.88
2069,98.0,93.17
2807,92.0,86.146
1282,106.0,107.5
3973,76.7,81.31
478,92.0,90.37400000000001
3402,66.0,68.93
1063,104.0,101.58
586,108.0,133.57
1775,64.0,72.79
324,100.0,104.98
1163,109.0,99.141
3852,101.0,107.09299999999999
452,130.0,121.06
2450,130.0,129.78
2076,100.0,104.39
2742,95.0,130.407
174,123.0,95.51
313,86.0,85.912
1474,90.0,95.1
1586,107.0,97.93
630,136.0,115.32700000000001
1056,81.0,96.976
3258,95.0,94.891
3793,61.0,80.408
3086,90.0,92.792
3266,94.0,89.67
680,108.0,100.46
1211,116.0,111.47
2073,91.0,95.41
1747,121.0,104.46
73,101.0,94.695
1954,101.5,113.834
2420,104.0,91.295
2763,104.0,106.8
1648,105.0,102.24
2951,93.0,76.9
14,97.0,104.15
2517,116.0,131.31
3259,91.0,82.45
1829,95.6,101.41
1021,69.0,65.12
1093,93.0,88.84
8,75.0,99.92
3219,62.0,83.98
2903,75.0,85.82
994,77.0,100.16
370,105.0,90.546
1950,81.0,77.819
3372,118.0,115.5
4135,86.0,93.49
1866,102.0,85.445
898,80.0,86.46600000000001
3758,88.0,76.75
220,92.0,90.64
4125,97.0,99.066
2376,60.0,67.024
3941,70.0,71.961
2962,113.0,105.65
1707,64.0,75.96600000000001
3935,114.0,104.93700000000001
2472,87.0,102.59
2446,79.0,82.39200000000001
819,81.0,94.55400000000002
421,61.2,79.47
102,80.0,96.64200000000001
193,125.0,121.45
2770,91.0,99.36
2412,68.0,103.61
1820,85.0,74.54
1843,86.0,89.516
157,105.0,98.146
1149,79.0,68.79
2920,147.0,127.919
3712,79.0,102.45
1535,110.0,90.72
2654,106.0,93.08
3682,76.0,82.085
3286,111.0,108.637
3275,69.0,81.71
283,101.0,96.05
2090,90.0,93.06
3629,101.0,102.12
2478,110.0,113.76
2908,65.0,100.11
32,70.0,92.22
3382,95.0,106.38
3170,72.0,86.56200000000001
1973,57.0,74.884
2885,70.0,85.68
205,85.0,77.83
2311,85.0,90.83
1515,113.0,117.185
1625,152.0,126.20299999999999
1816,92.0,75.475
1443,80.0,90.399
1913,62.0,79.799
2163,126.0,111.39
2408,125.0,108.204
2064,71.0,76.568
1299,83.0,76.154
1792,147.0,103.4
341,101.0,73.571
1032,75.0,108.44
2453,100.0,83.0
3403,110.0,94.91
2548,85.0,93.648
2871,146.0,95.891
2210,104.0,95.99
3657,100.0,98.165
1632,120.0,116.64
2653,103.0,98.245
3630,95.0,97.92
2014,82.0,78.066
511,93.0,104.90100000000001
3475,52.0,65.33
43,110.0,84.37200000000001
4082,98.0,84.02
681,94.0,104.0
1651,105.0,94.708
334,151.0,105.21
522,121.0,91.426
709,123.0,113.42
2278,99.0,93.52
1558,92.0,96.461
2505,58.0,74.845
1744,118.0,108.34299999999999
1902,73.0,82.87700000000001
188,91.0,99.14
2861,100.0,79.75
1476,131.0,102.55
590,67.0,105.12
2350,85.0,111.51
2417,65.0,68.49
17,88.0,83.101
1703,71.0,64.6
600,104.0,79.852
2424,98.0,84.96
886,56.0,72.63900000000001
565,76.0,82.41400000000002
1599,76.0,79.20400000000001
555,134.0,135.14
893,119.0,109.478
3942,86.0,100.22
3480,78.0,67.654
1795,51.0,82.50299999999999
2234,125.0,105.37
619,80.0,87.55
1753,93.0,107.265
2489,91.0,78.142
2983,94.0,97.81
320,98.0,99.825
4007,77.0,108.03899999999997
2005,87.0,82.50399999999998
1331,115.0,101.86
1129,107.0,101.985
2758,112.0,113.77
3371,110.0,100.79
214,88.0,85.134
4119,86.0,80.453
486,65.0,84.056
532,65.0,82.556
1262,113.0,99.07
1103,81.0,100.56
1881,117.0,98.39
2553,89.0,82.33
2257,90.0,98.14
3926,75.0,116.306
3418,84.0,99.321
2077,126.0,100.682
2030,90.0,77.62399999999998
3916,96.0,86.9
1174,77.0,97.94
1451,104.0,93.66
4113,99.0,92.34
3386,102.0,81.97399999999999
98,99.0,99.09700000000001
382,142.0,115.544
1459,87.0,111.74700000000001
1776,125.0,108.41799999999999
1417,108.0,75.85
2448,83.0,101.345
858,74.0,103.322
23,90.0,91.40700000000001
482,95.0,98.296
2444,150.0,106.501
2580,89.0,70.691
2351,104.0,89.45
1309,85.0,95.295
2971,77.0,77.05
1562,98.0,89.305
3937,64.0,85.616
1182,131.0,128.18
2662,86.0,84.23599999999999
2764,105.0,109.16
1660,94.0,95.255
3588,102.0,116.945
1222,124.0,105.77
2023,175.0,122.52599999999998
2672,100.0,111.045
932,122.0,122.11400000000002
1304,101.0,94.8
2124,103.0,116.4
2622,133.0,111.94
3801,105.0,90.05
1037,82.0,100.995
2984,66.0,76.21
3052,75.0,69.286
1275,92.0,93.375
1096,96.0,87.617
3971,68.0,86.536
2906,95.0,94.255
3542,117.0,97.56
105,102.0,99.81
2714,108.0,120.777
3550,97.0,91.78
428,57.0,73.418
623,82.0,126.89
1295,124.0,91.45199999999998
126,93.0,97.89
516,101.0,114.961
1818,65.0,72.37200000000001
164,98.0,94.38
3460,102.0,87.34
2321,66.0,72.928
3142,134.0,111.18
3707,91.0,87.26
3936,80.0,83.695
2241,74.0,75.09100000000001
805,103.0,83.89399999999999
249,81.0,85.182
3948,132.0,111.92
2133,90.0,107.615
2471,80.0,76.57900000000001
3257,136.0,113.92
1083,78.0,80.18
4099,123.0,109.181
3792,100.0,98.01
1496,74.0,88.712
3525,77.0,79.27499999999998
3127,71.0,102.5
1143,60.0,81.472
838,68.0,78.89399999999999
3078,99.0,97.31
1152,110.0,120.82
2291,147.0,115.184
3352,86.0,89.5
1053,101.0,85.177
2883,88.0,82.53
1358,67.0,105.40299999999999
703,80.0,99.32
53,106.0,105.305
411,131.0,108.895
1779,101.0,95.25
76,82.0,70.89
1919,122.0,118.885
2058,130.0,111.38
573,77.0,98.09
3643,116.0,96.00300000000001
1580,62.0,67.737
3617,106.0,103.85
2209,110.0,86.486
331,64.0,70.325
2149,108.0,102.96
982,83.0,107.83
165,60.0,80.318
2733,73.0,107.072
3807,80.0,93.18299999999999
54,92.0,118.43
1585,85.0,77.219
229,82.0,106.212
2382,76.0,79.785
26,99.0,79.296
1652,127.0,91.1
1628,91.0,100.42
223,82.0,78.994
3013,70.0,82.06200000000001
781,111.0,123.875
4090,93.0,98.096
2447,152.0,118.73
1301,142.0,114.67300000000002
337,92.0,86.12199999999999
1602,95.0,114.988
3389,91.0,80.301
2540,115.0,110.76
745,74.0,68.161
2117,105.0,116.69200000000001
908,101.0,90.484
1724,122.0,114.18
3832,121.0,94.31
846,84.0,85.655
2563,118.0,94.742
44,129.0,95.5
1421,73.0,85.86
2655,123.0,93.62
790,122.0,87.02799999999999
3028,60.0,77.495
3026,111.0,103.03
458,100.0,110.494
1100,101.0,92.55
748,88.0,89.352
1918,84.0,93.71799999999999
1934,48.0,74.638
1352,95.0,125.12700000000001
1313,87.0,78.17399999999999
577,102.0,91.16
2935,79.0,123.31900000000002
1807,75.0,69.93
265,69.0,80.538
3113,87.0,82.244
2628,117.0,94.03
2915,86.0,118.59199999999998
1105,101.0,121.12
2019,103.0,130.76
760,74.0,78.93799999999999
2153,104.0,102.462
4129,83.0,79.908
3325,68.0,91.465
2387,103.0,90.64
3489,84.0,102.275
306,122.0,108.68099999999998
3263,80.0,123.0
1682,97.0,66.92
141,84.0,95.54
1523,99.0,108.315
839,103.0,112.15
2057,91.0,82.575
2031,86.0,79.162
274,69.0,73.512
1364,112.0,100.51
3136,69.0,84.304
3644,119.0,98.3
1962,153.0,119.06
814,110.0,100.41
58,84.0,75.671
2385,75.0,84.875
1923,95.0,98.61
1227,95.0,103.88
3262,111.0,95.04199999999999
1948,84.0,93.04599999999999
1771,89.0,74.268
1377,108.0,108.825
2881,89.0,121.916
3867,90.0,81.75399999999999
2342,81.0,77.6
1800,90.0,103.92
3589,67.0,74.67
910,63.0,80.68
178,74.0,69.208
3163,159.0,122.5
2972,85.0,83.91099999999999
3677,153.0,117.324
3470,104.0,100.44
3476,91.0,94.53
1527,95.0,104.045
197,85.0,88.78299999999999
12,62.0,94.745
2998,88.0,104.74
338,89.0,93.78
2068,90.0,75.768
1107,117.0,104.85400000000001
2265,116.0,105.99
624,137.0,115.12
2602,96.0,102.465
2940,71.0,97.47
3367,115.0,86.26100000000001
434,119.0,85.305
3796,78.0,85.71
1668,75.0,67.95
1878,90.0,106.16
3007,55.0,78.736
3977,79.0,84.866
1937,81.0,95.42800000000001
4000,91.0,112.914
1078,44.0,65.92
2837,88.0,118.197
247,159.0,118.74600000000001
182,63.0,80.2
2364,112.0,71.08
2661,165.0,119.288
1140,77.0,84.94200000000001
2230,70.0,76.91
1791,125.0,114.542
507,63.0,86.51
3273,90.0,78.235
3449,94.0,73.48
430,89.0,112.736
3760,72.0,88.42200000000001
868,112.0,102.44
2369,97.0,92.286
1554,106.0,101.32
2136,78.0,108.39
978,104.0,116.118
236,115.0,82.41
1311,141.0,100.165
936,83.0,126.934
3002,140.0,129.76
367,110.0,102.76
1456,149.0,112.9
3925,107.0,97.87
3783,101.0,121.04799999999999
1034,99.0,81.93800000000002
1249,104.0,122.896
2314,87.0,88.05799999999999
2359,99.0,109.04
1440,84.0,81.794
72,124.0,127.68
1593,111.0,119.32
45,93.0,78.39
1530,87.0,107.76
3618,102.0,90.25399999999999
192,69.0,69.085
2670,98.0,82.78
3848,108.0,108.09200000000001
484,112.0,117.52600000000001
3530,113.0,118.37299999999999
1477,88.0,87.22800000000001
146,84.0,103.694
2995,77.0,68.13
840,100.0,96.07
325,77.0,71.014
278,140.0,126.775
1379,75.0,89.14399999999999
2247,130.0,123.41
3324,118.0,91.98
66,121.0,119.96700000000001
2665,67.0,86.57600000000001
3230,122.0,90.98
3079,62.0,73.27
3865,62.0,77.14
151,68.0,78.95
3581,68.0,85.772
841,67.0,105.925
2233,81.0,90.18
1048,82.0,83.34299999999999
1546,106.0,96.355
891,56.0,93.962
2591,66.0,76.65
3923,66.6,73.42299999999999
3134,88.0,83.2
3999,131.0,122.09400000000001
1887,70.0,81.046
1127,115.0,90.53
260,133.0,104.77
3742,52.0,73.35
918,76.0,91.279
1089,80.0,76.91
2322,78.0,88.30799999999999
3283,68.0,72.19800000000001
3200,89.0,90.902
2183,87.0,120.057
1467,108.0,93.7
4016,88.0,113.54299999999999
559,91.0,112.68
293,84.0,92.352
1581,92.0,97.346
1896,85.0,115.99700000000001
4008,68.0,72.17
3485,66.0,63.8
1671,71.0,64.19
374,95.0,88.625
2928,73.0,76.951
314,118.0,93.05
3804,135.0,126.07700000000001
747,105.0,97.992
1075,84.0,83.30799999999999
3674,59.0,67.28
3231,121.0,112.78
548,61.0,81.78
435,96.0,83.448
917,81.0,123.19
1322,112.0,98.35
1054,71.0,70.352
3186,119.0,111.134
3289,101.0,88.55
1930,71.0,95.19
3327,67.0,102.352
3824,87.0,86.546
2979,119.0,111.76799999999999
3914,95.0,95.72
697,75.0,75.043
1847,79.0,79.307
871,58.0,87.39
60,100.0,95.44
79,93.0,84.2
384,87.0,90.94
1213,118.0,110.76
1978,98.0,108.04
3380,143.0,127.72
900,124.0,116.72200000000001
2836,71.0,83.84200000000001
999,108.0,99.464
1335,140.0,109.905
3932,90.0,93.49
4031,89.0,106.63
2480,69.0,78.15
130,58.0,84.25200000000001
2391,128.0,114.432
2148,82.0,85.85
2911,90.0,106.094
2039,117.0,103.016
449,149.0,119.12
3359,53.0,87.28200000000001
1974,82.0,80.27
867,73.0,74.917
707,78.0,95.54
1709,177.0,141.85
979,103.0,114.135
404,57.0,70.385
30,84.0,66.55
3437,103.0,110.79
212,99.0,103.50399999999999
4079,100.0,75.69200000000001
3993,90.0,80.844
1613,92.0,95.96
3249,97.0,92.146
2009,65.0,85.256
2765,72.0,87.47
499,85.0,67.9
2370,113.0,76.37
2859,99.0,109.895
463,109.0,108.43
832,123.0,128.85399999999998
1400,86.0,77.34
1208,124.0,98.646
201,118.0,100.81700000000001
589,73.0,89.37
1302,82.0,92.275
967,80.0,81.74
6,130.0,94.04
459,100.0,94.944
304,110.0,112.6
732,97.0,74.722
3858,87.0,107.311
3540,146.0,112.41599999999998
922,87.0,94.416
3041,96.0,98.329
1330,63.0,86.35
1158,111.0,118.617
4123,115.0,111.99
2554,124.0,106.04
3646,84.0,90.35
203,94.0,86.61
470,73.0,104.65
1171,56.0,96.09200000000001
2853,128.0,119.73599999999999
29,85.0,114.96
836,66.0,72.58
2345,71.0,73.23
3994,87.0,81.925
668,113.0,115.584
3067,132.0,114.734
3564,92.0,88.16
4087,128.0,116.435
3829,70.6,90.15
3761,126.0,115.6
1989,70.0,79.333
2414,94.0,91.484
231,141.0,118.92
756,87.7,87.12
720,64.0,66.126
596,111.0,100.50299999999999
2530,115.0,102.7
3499,87.0,96.45100000000001
2652,93.0,75.515
3795,102.0,94.23100000000001
1738,71.0,79.86099999999999
683,91.0,95.12
84,83.0,94.05
266,120.0,107.92
310,112.0,87.083
2913,102.0,109.126
1537,80.0,103.602
1894,54.0,70.545
1767,103.0,84.98
1277,99.0,77.976
1817,74.0,78.1
2389,80.0,84.56
3168,113.0,103.081
2708,106.0,98.09
3975,111.0,135.762
2897,81.0,108.87
1643,80.0,93.86
4005,109.0,97.25
2208,85.0,95.17399999999999
2002,121.0,94.48
1720,112.0,119.634
3622,108.0,105.19
2449,108.0,95.17200000000001
847,109.0,110.501
3008,111.0,103.963
2947,149.0,124.525
431,87.0,82.98
1835,87.0,71.29899999999999
1225,87.0,95.2
2497,62.0,79.13600000000001
1665,85.0,99.03200000000001
2139,46.0,98.5
1988,87.0,79.298
775,71.0,91.05
3554,112.0,110.022
160,127.0,104.98
1630,90.0,102.34
1663,141.0,123.97200000000001
1138,110.0,88.04
108,98.0,91.52
3308,95.0,78.23
3102,96.0,100.21
248,66.0,70.804
784,77.0,109.655
1490,95.0,79.312
2040,118.0,136.139
2373,72.0,79.858
2189,87.0,103.46
2577,88.0,109.75
1210,83.0,88.89
2271,58.0,65.56
2610,90.0,105.36200000000001
3241,76.0,78.56
2358,77.0,86.96
2201,101.0,104.15
1266,113.0,101.12700000000001
348,121.0,107.508
1664,84.0,74.999
793,90.0,89.81400000000002
2044,105.0,84.094
1914,85.0,105.152
1502,181.0,136.61
2824,70.0,76.685
1373,62.0,70.331
3462,93.0,80.93400000000001
2111,65.0,112.74
2158,84.0,124.26
2356,95.0,71.195
3010,93.0,84.39
962,74.0,75.132
3663,73.0,65.835
4136,102.0,105.7
2379,94.0,109.54
3583,70.0,90.92
1185,107.0,90.83
3574,83.0,102.61
576,116.0,104.01
2509,93.0,106.554
1148,109.0,124.16
2284,74.0,94.324
3274,114.0,118.255
3318,64.0,67.836
2738,126.0,112.995
3744,71.0,69.829
1827,93.4,103.77600000000001
3607,95.0,93.87200000000001
773,70.6,84.65799999999999
3842,107.0,91.405
3097,133.0,110.22
1739,87.0,90.92
1334,116.0,76.90100000000001
4084,101.0,77.333
4010,129.0,122.62900000000002
1414,89.0,99.61
4028,88.0,72.40899999999999
1016,107.0,114.25
2216,77.0,92.6
1770,115.0,106.08
3746,120.0,102.74600000000001
1073,86.0,83.36400000000002
1712,147.0,111.02600000000001
1405,82.0,70.666
1773,77.0,80.219
1616,143.0,110.727
362,91.0,98.56
2651,86.0,89.41
2712,112.0,103.99
4132,103.0,99.06
894,94.0,83.258
3397,117.0,114.25
2706,75.0,100.19
1928,65.0,70.133
1642,75.0,81.398
3785,103.0,118.978
3348,132.0,115.95299999999999
187,88.0,104.99
3645,81.0,98.2
3302,90.0,91.205
2419,110.0,107.565
1999,144.0,130.45600000000002
1912,85.0,77.65
2751,112.0,87.59200000000001
1898,85.0,101.796
25,90.0,77.78
3311,93.0,80.422
2863,75.0,82.833
2745,94.0,113.42
181,97.0,108.69
2809,80.0,100.012
3167,38.0,63.18
347,42.0,72.22399999999999
3299,75.0,89.69
450,73.0,79.444
1860,88.0,97.23
2467,73.0,71.65
1252,93.0,110.27
1472,100.0,91.28600000000002
500,79.0,71.054
942,150.0,119.972
1550,44.0,68.72
1365,152.0,108.4
2685,72.0,95.84
1117,109.0,101.58200000000001
1381,96.0,112.185
4131,163.0,133.839
2259,86.0,81.062
3654,90.0,96.61
340,94.0,89.6
1388,95.0,74.03
489,124.0,107.82
583,95.0,115.02600000000001
3322,91.0,86.25
2062,125.0,125.65299999999999
2996,108.0,100.03200000000001
1938,94.0,91.85
2659,111.0,80.888
3287,101.0,105.584
64,125.0,106.084
4091,96.0,90.402
1781,73.0,106.65
2162,54.0,70.80300000000001
263,99.0,93.94
2793,85.0,73.772
1145,114.0,137.62
1949,83.0,69.40299999999999
845,129.0,119.03
1088,89.0,98.777
2660,92.0,84.85
1422,102.0,103.086
70,117.0,115.46600000000001
1694,100.0,105.18
926,110.0,91.184
230,91.0,103.94
2348,69.0,81.759
2494,110.0,109.11
1319,63.0,71.84
3603,83.0,106.3
93,70.0,88.81
1072,121.0,115.84199999999998
3884,88.0,98.65
2932,67.0,80.462
1212,110.0,110.74
3631,87.0,82.25
1462,111.0,95.37
3432,52.0,77.35
456,90.0,89.60700000000001
4047,124.0,99.991
3728,63.0,105.63
2741,82.0,71.603
4057,68.0,77.979
1992,110.0,114.441
2778,71.0,83.325
3637,151.0,101.35
