,y_test,prediction
6542,87.0,84.01841025492308
17271,56.0,61.576315700837284
8160,99.0,103.28904427812036
21193,96.0,89.60890293296221
8654,67.0,74.6372638740221
13972,107.0,99.55324969900256
18858,112.0,100.9977245655856
16285,123.0,118.14295357422843
10099,73.0,88.78284962933078
13987,66.0,74.74654077936688
5845,100.0,75.5827225755136
13363,115.0,112.88717770012151
12831,80.0,98.15556223425745
17350,97.0,97.34039964796824
16929,131.0,115.89337442470362
7767,139.0,113.97042288314445
18288,80.0,102.72366529195588
14227,102.0,98.5251582708508
17030,127.0,120.98183057370902
22303,133.0,117.29091964042583
12389,98.0,86.25979855910869
12254,58.0,63.5412862728318
1781,80.0,81.27026470671777
19085,112.0,105.25997823037211
21358,63.0,108.621283114944
9908,81.4,98.59079432971872
13731,104.0,83.52588525827122
34,130.0,120.3849957786163
18155,92.0,98.7717907900739
12391,98.0,86.25979855910869
19612,130.0,125.09512059312279
10751,114.0,99.92394077895419
4287,107.0,104.5260826876253
16184,88.0,92.70144702069275
11819,75.0,92.69986806829367
121,84.0,71.32398185308487
22263,119.0,92.30173989303478
16078,79.0,98.95580001559736
3997,131.0,111.13975635014837
13309,136.0,133.58376711000625
2036,77.0,93.0127408467714
5932,107.0,117.1008205454195
12951,136.0,117.89715338285787
17332,66.0,76.55343519703307
13863,118.0,104.24656369216669
5959,78.0,108.50781491661179
11176,163.0,116.41127323319829
10010,75.0,81.87584745899929
18416,149.0,130.52985775809583
21855,88.0,76.75804046768432
1455,105.0,90.16729807078954
2856,96.0,80.80770867016574
18573,72.0,90.29463679274264
10042,129.0,115.90836619155588
2189,57.0,78.57510171424715
354,120.0,128.39891830760888
1760,151.0,112.30578480896112
7729,121.0,88.37560740089816
19943,153.0,110.68087230473479
21532,88.0,72.60214312065295
3641,80.0,88.72118555398183
4380,107.0,89.61388152427841
1923,117.0,98.80645456546
12180,80.0,70.9949659866125
22187,93.0,93.95273378347133
4733,83.0,89.58149520737497
1519,92.0,94.65193132915999
1883,78.0,89.75987769527534
18724,86.0,102.92492035101203
1552,124.0,101.89159059496171
7699,102.0,100.00094801822152
2313,112.0,112.12702187916942
2911,121.0,139.16790727290527
1610,122.0,107.99848902508701
8960,117.0,116.0435939018485
5383,114.0,107.73857977426508
4504,81.0,101.09520626403848
12337,97.0,98.38749883586115
10454,121.0,106.52801798392883
20496,137.0,113.024396171357
7744,72.0,77.97094516420998
7119,140.0,91.67492286036345
17214,72.0,74.38993743637013
17256,114.0,108.37273331989242
19137,79.0,102.23794775029262
20556,62.0,65.864363401166
16677,90.0,88.38173068243023
1522,79.0,72.08167710694023
21163,106.0,105.65023403371853
5977,103.0,85.8789094472847
6618,100.0,101.83028157749202
5387,216.0,121.00676464705894
9120,100.0,99.51091701198769
10159,122.0,101.35386516476214
6410,65.0,90.94788650323582
1416,107.0,84.75447678076804
4326,84.0,91.58817488610721
1368,109.0,105.96254542575114
16231,117.0,111.25832461180802
19692,118.0,105.38439842128408
1712,100.0,98.20299913736888
10629,153.0,119.02812776821342
7651,89.0,100.77986996817671
16813,74.0,81.24316298319988
13860,118.0,104.24656369216669
6546,98.0,115.39600925205012
60,112.0,96.45087457071281
17805,94.0,100.40747506798863
14970,105.0,125.2419966976314
14732,163.0,125.07464970243025
7731,118.0,93.99455141021234
12875,77.0,68.8734439782067
19345,84.0,110.61384670317973
1033,69.0,83.87022365021181
7654,102.0,99.1254943199927
19294,146.0,114.07978345227785
9829,90.0,114.56240625601255
5904,96.0,88.13112493453964
18860,154.0,120.40820701366322
4783,110.0,113.94336847058331
377,93.0,97.71344212236428
3296,92.0,103.5655214879519
15087,68.0,94.34123731569187
10080,105.0,101.93109316634742
11897,78.0,63.05430294672199
6838,81.0,70.61444066192189
8947,90.0,91.90608429164858
9229,142.0,127.39598728938951
1203,99.0,101.56087897224229
4573,140.0,101.76096354783571
18417,143.0,116.82379030414735
21463,150.0,115.70663054211572
1799,116.0,101.03827986653506
9631,110.0,106.54155778209757
11000,90.0,76.02199026545509
9966,93.4,111.61517852670393
821,68.0,68.16153080376125
17109,159.0,127.90143829406888
15169,114.0,103.10961900775791
17257,114.0,108.37273331989242
11849,104.0,93.89590575864062
20214,86.0,90.95267075714479
8508,95.0,96.6761231334435
4161,75.0,77.13408538132447
18103,118.0,99.6019843371527
8391,47.0,61.3447561485453
20045,111.0,85.50920437783557
12069,105.0,121.12063378468046
11546,83.0,94.96341075022622
22134,103.0,109.30112052858048
10026,116.0,110.7635184756311
2103,96.0,106.83604333251942
4992,148.0,108.64325966280582
5973,71.0,94.80175811339882
13415,76.0,82.54396210749937
4930,139.0,117.73066538505391
16589,105.0,104.77586831253198
3832,89.0,90.4606997699915
22266,105.0,115.29519502169187
15762,93.0,101.09938038830151
7656,102.0,99.1254943199927
667,93.0,85.43050896912311
15912,149.0,128.1433221772325
356,107.0,92.82605342674086
13838,78.0,87.39747531772984
2854,96.0,80.80770867016574
19780,119.0,95.97860025966804
18652,47.0,97.28421720841854
1850,81.0,89.053148025903
2017,84.0,84.43073713272027
5565,120.0,114.92567356695567
5894,93.0,97.9716124548976
11807,75.0,81.44973640652032
21205,95.0,85.43809069012046
18771,108.0,89.50646552340842
21077,155.0,100.11957412684384
14542,65.0,85.6099138537502
806,68.0,77.64357485565976
13246,109.0,119.73358751881314
4208,71.0,85.84791363099228
15150,98.0,97.78851252443775
14651,106.0,100.4756229127458
15015,100.0,96.61747346447709
21174,62.0,97.78386313481231
9051,106.0,99.80174685835519
19278,136.0,112.18753974963475
7116,114.0,98.03846670208594
8773,119.0,118.79827267769635
1288,120.0,85.90082301998284
19755,105.0,94.36998709536994
1310,159.0,100.33406795594296
14778,129.0,97.05280790011848
2411,109.0,133.87728899178853
8867,87.0,81.69996111795362
18005,93.0,96.38664247955869
11727,99.0,92.82936422950156
6992,112.0,89.96391556285559
5875,101.0,102.04258143217353
16262,86.0,64.4900366356332
2121,118.0,124.41839943270018
17634,116.0,108.62151415101219
1321,89.0,100.61739397562032
5477,79.0,80.04721513268892
11278,118.0,122.82013624965383
4316,133.0,106.81658161612523
19945,123.0,103.49704771300479
20380,132.0,96.28941424193773
13926,49.0,59.2004030499229
10969,81.0,111.3111363240062
21039,139.0,130.553159426722
1247,93.0,93.71812287480773
9092,75.0,76.05840782846153
15601,94.0,89.83854902809627
10040,129.0,115.90836619155588
18567,75.0,89.20037122258104
21232,95.0,109.54968622573041
11444,105.0,112.63961038140842
89,61.0,76.52325173216605
19559,70.0,77.51389458785552
21589,111.0,110.87931102709307
7066,67.0,82.09622700547752
13077,72.0,93.75840948617545
12121,97.0,117.75266684641066
14962,104.0,86.51962602078463
17779,65.0,82.66380070290032
12781,94.0,107.82207363776199
15463,70.0,88.8879398951847
1246,93.0,93.71812287480773
8012,74.0,83.64043820568267
9022,93.0,112.53657131392639
20946,79.0,91.84414408548622
17239,99.0,102.15889504882897
2795,103.0,91.4157283709387
19301,106.0,101.80881764066648
14230,146.0,108.84778230226276
2729,85.0,101.34035668089834
9072,74.0,90.27190021445513
15909,80.0,109.90116188975331
10447,94.0,88.02738971756247
21751,77.0,99.88392797658886
6796,69.0,71.23016185250032
4284,64.0,65.7685724610835
20285,121.0,101.20525414152254
20521,76.0,82.18989018266186
15189,90.0,82.719388981001
19494,84.0,108.3176648575193
3702,60.0,72.94363563117804
1918,125.0,110.93274005255877
18546,84.0,80.72168532087439
1222,83.0,94.41438540121764
18726,86.0,102.92492035101203
14579,106.0,102.60927107383769
21869,102.0,94.69509156544771
2840,94.0,85.51306677493142
21260,92.0,92.46465953543324
13057,142.0,131.06289492233816
5639,75.0,99.91689748962013
11233,126.0,89.98423535270383
5314,83.0,79.70336255641764
16810,80.0,95.6345987723388
1830,50.0,86.38538320368009
7237,116.0,82.73438710241282
1692,148.0,122.39110319442686
2025,66.0,78.29263440767775
6327,105.0,114.14706722002494
22352,96.0,98.53452233068148
18384,86.0,85.03585117531654
4796,98.0,97.15355807392928
14730,132.0,84.15742895726035
11691,110.0,115.15331191220808
5777,88.0,107.71840336010034
5058,71.0,68.6198045023592
21185,127.0,95.58270026005721
6451,90.0,92.84451647883844
15756,123.0,115.67052745464578
15812,86.0,90.98505909807221
22391,102.0,103.55099014820551
10602,151.0,121.3196167999112
8412,60.0,76.01499765674627
17004,105.0,105.6985663429209
1059,84.0,80.02632324115385
12927,92.0,90.00898991257593
13622,62.0,98.42403636471099
15581,102.0,105.98324193367763
19807,92.0,81.2778635990247
21768,128.0,120.79009063624163
5533,107.0,113.50953178637458
19866,73.0,55.25279630554935
21448,122.0,106.14609771592184
11872,86.0,95.63115798537342
4522,63.0,81.98660779020933
10193,140.0,108.34846881031588
8010,93.0,85.71724757650135
4409,85.0,70.73562627573266
19513,102.0,115.16423402273911
16700,64.0,91.65259725136093
6370,95.0,97.90809224704655
9139,56.0,73.71979480773538
8592,103.0,99.5305273041795
8969,75.0,84.61607467475466
2619,124.0,97.54204323059365
5418,120.0,93.08249280792782
961,67.0,74.1147302893659
3091,77.0,106.36107481319222
3667,76.0,91.60214641959102
1112,85.0,84.68016459357096
13754,120.0,112.61938646589793
15126,102.0,83.94039372002668
3149,93.0,95.84187639361247
14401,92.0,96.94958393155936
19172,118.0,117.17617385860756
11128,68.0,86.23759238595028
19887,53.0,54.40047963263504
22124,104.0,111.92906093272903
1721,117.0,97.99935605867527
21784,104.0,108.2256019198919
14477,96.0,99.3108536122776
3792,118.0,112.79796285631942
17635,116.0,108.62151415101219
4886,94.0,85.39417527966624
4015,103.0,99.55770189166512
4431,81.0,73.99349951381343
11411,98.0,96.76599834951145
543,83.0,108.42638924088551
8191,74.0,87.882953571286
106,99.0,85.63209152801372
7662,108.0,90.13105835506056
5929,101.0,119.3504216093658
16500,82.0,78.55304842543893
1055,85.0,93.92827005006659
2983,95.0,72.14769174294126
16182,88.0,92.70144702069275
7176,99.0,91.48099325231901
6070,89.0,83.71714914358559
17168,93.0,113.06759433473097
17157,70.0,75.96998788336651
7141,63.0,60.54242100238689
19776,139.0,123.15194292525253
11657,140.0,126.64446918199666
4435,100.0,94.60000286865159
8680,92.0,108.25571627998404
9370,64.0,81.75807340107504
5053,88.0,88.30990375234947
20836,112.0,86.8789932592149
20401,74.0,82.79471038072563
19284,86.0,82.08479205426801
6270,87.0,98.93701392932451
5037,76.0,96.03650599258455
21265,74.0,82.64933358892537
19560,70.0,77.51389458785552
5761,81.0,61.34622582443534
6766,75.0,73.49341968210626
2054,112.0,115.80545928043064
16037,62.6,88.87001514875654
9532,121.0,104.55148338655133
17661,91.0,88.31545708301215
4773,58.0,79.6677505169909
11584,104.0,120.07060007097108
5516,104.0,107.8578737003972
17390,134.0,119.21074984489631
11609,127.0,87.54090312175214
20862,121.0,110.76868536143162
10834,144.0,114.96131081001708
22206,84.0,108.31894610782821
8057,90.0,89.78508270878683
11174,89.0,106.26106147244904
1234,91.0,109.62692496586094
4442,74.0,81.99638471873357
19168,79.0,65.01762736330153
8116,99.0,93.87814294847861
1843,71.0,86.64506293404996
780,86.0,112.24806331417973
272,123.0,112.57772495726341
2409,131.0,99.0802278880083
1099,94.0,98.51162402540449
8338,62.0,90.39352517286675
7827,85.0,92.41170291736843
18167,61.0,68.97997774547176
8150,110.0,95.17740117590778
6536,103.0,92.99822884123384
4870,56.0,86.85762998974594
21413,83.0,73.12957455540543
18474,99.0,115.34310691224515
2774,72.0,93.62032870911335
5983,77.0,85.26883784575642
4445,110.0,120.40610379942244
1642,97.0,115.69428302559704
3596,108.0,102.41462756364588
18279,110.0,113.76207100231021
9848,105.0,100.3841248040788
19378,68.0,98.89613997033402
13303,117.0,96.97453606921911
12650,128.0,107.08189686083914
4734,83.0,89.58149520737497
19510,121.0,87.61657646184841
17902,86.0,111.21324742949803
763,84.0,99.71355985487021
10047,54.0,76.3096075867204
18421,95.0,105.58871803623572
16126,109.0,108.5484784544414
10908,72.0,102.14793860150395
20066,96.0,98.00018934641543
17681,80.0,116.82997156965699
2960,134.0,127.23413718135522
21269,106.0,107.11224049659954
13747,114.0,107.6233938071595
6320,95.0,93.63120403633721
4377,95.0,110.83088791336236
9508,71.0,77.46979047554748
10576,81.0,79.97022265436686
20271,85.0,112.32222627371569
3193,73.0,92.91451381602002
13685,88.0,104.23039275963127
18329,103.0,98.18901352810745
7060,74.0,74.77798390090611
13326,85.0,108.66574428774855
6179,79.0,86.53664421250343
1677,100.0,119.36678763593416
9167,97.0,69.32969610887397
21819,59.0,71.7785305936876
5312,116.0,110.07016142215325
4676,53.0,72.04188914949574
12290,99.0,100.73118020937707
4250,85.0,106.75341522026464
14510,81.0,89.98237878454972
1718,86.0,78.60134564952816
19841,78.0,84.51187854333139
10988,66.0,90.86871831363636
3078,77.0,86.8151483936247
10320,89.0,96.12604551798857
19394,61.0,79.96777895092742
5912,105.0,104.50758706877848
1129,75.0,80.11868854081445
15602,94.0,89.83854902809627
19347,106.0,97.57915502636092
9657,80.0,74.00086771691768
3987,64.0,88.20036145948133
1023,80.0,90.4347525460484
21243,87.0,86.65294719687505
10967,81.0,111.3111363240062
10555,68.0,82.3654879239947
10344,85.0,81.73828399906684
3922,104.0,102.57333869024481
2269,74.0,79.39457485789066
20355,146.0,96.33003086250861
18391,120.0,112.57073440653404
17666,121.0,124.0176980391207
8004,81.0,101.49226269955821
16196,75.0,94.58884290137891
3295,92.0,103.5655214879519
14958,104.0,86.51962602078463
21336,66.6,48.60120014953537
1230,82.0,100.18316204785279
10956,92.0,87.6500129369301
22366,163.0,130.466582161879
18727,85.0,91.18685264729082
21398,114.0,99.64337964836224
2422,101.0,118.35504753803703
5746,81.0,87.74380659808907
10232,85.0,86.73771449749285
20010,63.0,70.32753854126275
15902,61.0,100.02158626008872
20183,89.0,90.81906221862283
3298,98.0,75.35310364433231
3551,91.0,102.30200544674939
13478,115.0,122.20450939123303
18113,67.0,91.23001755858867
5889,117.0,123.99887078971118
13010,76.0,81.87894391381721
4407,85.0,70.73562627573266
21080,82.0,96.05188785707786
14231,146.0,108.84778230226276
7072,85.0,98.97743541664401
11516,85.0,83.43969927153174
7788,85.0,99.16888374660745
19880,112.0,77.10317136407193
936,106.0,106.37154137145215
20512,96.0,87.87479171899892
5883,89.0,91.48864546384823
19522,80.0,80.51580486365613
16203,90.0,92.36277002499276
15851,67.0,70.24552803380544
13081,124.0,96.50419841326237
18622,67.5,72.05019290315693
20479,82.0,85.13316410725565
13333,87.0,102.1790808567097
15547,120.0,125.38490819003555
19413,110.0,125.60999815561759
20501,77.0,107.33836191334971
4210,100.0,98.26533290120909
4383,82.0,96.2432959740926
20867,74.0,105.47112187504582
6483,89.0,103.6636840693095
19592,102.0,88.39973549406372
20143,96.0,110.62116828134596
506,83.0,89.35365344738922
19049,125.0,120.1083229362438
19805,70.0,102.29055218222227
12859,83.0,78.5475713928756
13427,68.0,76.82128372710294
12471,82.0,105.91198415481124
541,80.0,110.70744509813063
19173,118.0,117.17617385860756
15903,61.0,100.02158626008872
17484,98.0,107.39629256848436
19837,100.0,101.21236187019149
22256,103.0,93.2683473308231
3628,86.0,79.06377508791861
9914,110.0,96.82860973772438
15046,127.0,114.1443968935004
22159,103.0,86.33368323490924
12537,141.0,122.70292237722144
14344,84.0,73.64112997228553
5288,99.0,101.69584760303881
22300,79.0,83.73102607281156
20460,112.0,118.85260455780856
10500,117.0,115.84860371495135
20806,115.0,114.40923553257083
10168,144.0,117.89605128596246
8037,85.0,86.06820799003818
1689,148.0,122.39110319442686
11282,77.0,100.64167693035
10685,57.0,75.31412343606922
5433,113.0,87.87182978451138
3502,131.0,112.58317851037994
882,127.0,105.09799836397862
2345,73.0,83.04961759413494
16059,85.0,89.35135802285286
22368,103.0,117.16063246073408
11646,71.0,68.53177334799712
11933,98.0,113.26729085993365
2930,82.0,80.29966550157292
15953,117.0,120.19305405912009
1910,99.6,92.42761968939331
20685,100.0,114.88872947087192
21785,104.0,108.2256019198919
17728,134.0,97.66335350817059
16624,99.0,106.47993182467145
5999,83.0,94.93160619994708
1851,81.0,89.053148025903
2939,172.0,136.32232093243226
12743,62.0,91.23199594100717
14643,93.0,85.98773018769477
19125,91.0,79.97425555403615
1852,113.0,111.4569945307763
16495,70.0,71.07848787791559
10225,60.0,73.70551716174606
6276,109.0,117.32521734976918
16046,107.0,76.55464541907155
18338,149.0,112.58896174159848
13739,85.0,90.19973881586577
1196,92.0,87.60806793762544
22354,119.0,118.09121208882105
1375,88.0,86.43175228565894
14932,75.0,78.02191077067994
7359,89.0,90.72602042790555
7849,115.0,121.84026192349721
12987,115.0,115.4322919498308
2190,57.0,78.57510171424715
19614,101.0,102.03255160197287
1877,91.0,95.98370617566687
1214,86.0,89.74322702360135
18678,96.0,94.91099725503354
2314,99.0,84.07053645323045
15026,110.0,99.34811803632454
1140,100.0,82.06236700121546
20871,133.0,94.13383503296008
8462,86.0,85.49050002155317
21003,87.0,97.91078055116503
17853,64.0,90.13928362063704
11520,78.0,102.92074047139478
9858,121.0,107.13907546677463
19282,86.0,82.08479205426801
12555,151.0,95.32653912229405
8348,99.0,108.51571727331871
4362,102.0,105.34218669682483
2229,93.0,107.99431889158784
10504,48.0,64.88865006967605
12164,86.0,95.69264771250354
9959,108.0,102.75235303650196
21452,103.0,116.62194705815018
8023,85.0,91.64138536246358
13014,92.0,103.16796302375738
3592,127.0,106.48822219608785
7301,162.0,132.42886727586722
17908,75.0,84.50299526694518
21253,93.0,94.81525170024194
6737,93.0,102.4184694726871
16235,92.0,97.16252972464507
11526,130.0,90.60961337590662
22144,95.0,94.7690822665845
7162,70.0,101.21888495489218
18620,64.0,76.74263677446142
8745,78.0,92.77697879514156
5024,70.0,75.47732624939754
16550,132.0,116.64352764992866
1028,95.0,94.8520263664277
8193,146.0,117.14667209963709
19869,73.0,55.25279630554935
19511,121.0,87.61657646184841
7174,99.0,91.48099325231901
19051,66.0,66.69668742955008
68,92.0,133.88342470473793
13580,81.0,67.31762845494441
18316,122.0,96.1379364797074
12798,76.0,79.99670170375731
1766,94.6,120.45456375111682
20635,120.0,118.68881500833682
136,97.0,91.45965166523219
19290,111.0,88.98354100535225
10821,82.0,105.25089408130738
4064,89.0,92.05152018390525
4255,70.6,79.68099475681996
9997,87.0,79.42060828794604
3894,144.0,128.73793582036348
7537,57.0,91.23392747113232
5989,103.0,112.14104321842557
5762,81.0,61.34622582443534
22013,80.0,86.76208907434162
9154,72.0,81.09200289666053
6698,108.0,99.79444808241635
11402,64.0,68.41355733225691
13443,98.0,104.60281837753487
15572,89.0,104.26077168004394
423,83.0,104.33432984510112
21303,97.0,104.02199439444651
8291,95.0,111.26322203632462
5712,82.0,77.07597740905331
14338,64.0,74.69526674109116
2898,75.0,84.08433806866962
4797,98.0,97.15355807392928
9425,110.0,96.22405809518315
12313,74.0,101.44000522295582
736,66.0,84.53861084411129
4901,69.0,81.92155477966142
7131,94.0,100.5071460019432
2990,91.0,103.10122293249971
13143,65.0,100.01221191949168
20708,121.0,107.09283918913168
5519,70.0,81.32494567105088
13561,79.0,87.17822834829988
9901,74.0,82.97490615584859
1876,138.0,102.27653033309018
20993,56.0,95.57072316493736
7276,78.0,90.60574016263743
10515,91.0,81.94273306616707
7121,140.0,91.67492286036345
7257,103.0,92.98237761148964
17393,82.0,99.83871345850032
2987,91.0,103.10122293249971
10927,85.0,83.24311989833556
13074,79.0,79.530570520128
10774,68.0,86.56991917425461
17437,79.0,94.95569457822558
3281,66.0,82.01274163467342
14160,104.0,94.27844919523253
11892,66.0,77.42501774692177
20831,36.0,39.143721056646505
9564,88.0,96.14233157551642
21901,130.0,99.3932445570222
503,80.0,101.27522957005216
13858,126.0,122.55940605291444
11661,90.0,91.47887073065152
20054,72.0,74.81935936030267
9859,121.0,107.13907546677463
8056,90.0,89.78508270878683
3226,80.0,111.32564053614364
22270,124.0,94.26111234840917
17413,100.0,90.70733484808628
19516,67.0,76.22524617018749
4928,132.0,123.58189441270999
15605,102.0,93.5012817971006
5813,89.0,84.29211443722896
566,102.0,99.68831123055334
9440,54.0,100.1731488005121
17675,111.0,92.36843110723656
19127,87.0,101.10671093210257
20990,70.0,84.5475596462328
20584,91.0,105.3383969100508
21631,85.0,90.54639043710301
21442,86.0,94.35386820154747
6621,77.0,71.50367516092095
19146,95.0,92.34088343179097
8693,91.0,86.57515144818132
14175,74.0,94.75644420374378
22281,86.0,95.63070234311752
16526,68.0,79.63114623167363
13623,62.0,98.42403636471099
14015,123.0,85.1884481925588
14399,111.0,85.65784395094146
8373,108.0,98.91919255597735
18886,93.0,98.67408812095852
20812,82.0,86.06750607953754
3074,70.0,87.47818239457317
9553,97.0,107.36940998248282
10548,86.0,100.29647003836276
1266,97.0,99.71095015750203
22139,119.0,102.10978991101187
3253,75.0,117.93919060643073
16709,73.0,82.44022798222571
16222,125.0,114.73074649639348
5320,95.0,111.42104236414777
15312,102.0,84.54546222347855
19449,119.0,86.1876107717483
9563,88.0,96.14233157551642
13169,152.0,126.1062309212896
1038,69.0,58.200173159004834
22286,128.0,128.15768592644167
11134,91.0,100.45041407729792
16449,127.7,127.2081568149925
9758,112.0,104.25369701005658
4667,94.0,104.32172742447176
6751,123.0,94.53003119093283
21328,79.0,81.60799815290622
6244,111.0,124.05903145792165
10618,67.0,73.9308206761353
19725,96.0,117.61508082397513
174,110.0,112.45998112693029
5710,104.0,110.05461446800753
20357,146.0,96.33003086250861
1759,151.0,112.30578480896112
12203,111.0,85.98585137653103
3635,131.0,126.90388736928269
8801,116.0,86.20324927424615
7749,61.0,72.92885422279345
20390,56.0,61.0077660919349
16786,55.0,62.17666800990936
20334,52.0,59.80414151021898
8609,104.0,100.28634963493701
755,96.0,106.3446531065817
2249,96.0,88.99414875645864
21117,70.0,87.09689876654451
1749,65.0,71.06546771012736
52,70.0,70.88924206235062
460,73.0,71.0457875958955
16076,104.0,98.11382930452933
895,86.0,84.99331520479096
16272,79.0,98.99872351556155
2553,92.0,95.98092293570228
8570,128.0,125.59007575583111
18258,109.0,118.01425408403033
21791,88.0,95.64351073451142
12059,74.0,88.65012356555894
18913,72.0,102.90071914054002
4806,95.0,92.17133560381372
15642,93.0,96.2626115883832
20580,94.0,95.46323447783881
18239,127.0,101.97257675898666
11986,162.0,125.84478654772043
3005,117.0,84.96027031781695
20926,74.0,63.53670302307515
13302,117.0,96.97453606921911
2616,77.0,95.46648238302404
1728,94.0,114.21596250726073
4968,63.0,79.09674553581851
15682,119.0,109.88492230354704
12148,80.0,85.68592527667471
12433,71.0,94.79145178619153
22265,105.0,115.29519502169187
19298,113.0,108.7661146290411
4152,87.7,90.48023248147912
10959,76.0,68.98503727539946
1158,78.0,84.06416052150291
250,79.0,82.90950037980123
12013,125.0,119.45753730139087
17068,91.0,98.19553892759237
19844,96.0,99.66128120260396
20042,96.0,95.24252478300937
10313,90.0,101.1241805407334
17764,98.0,95.40070273467948
5771,85.0,83.37874027153558
4722,104.0,117.93989791465883
11394,105.0,126.12739025251794
5876,101.0,102.04258143217353
2874,105.0,82.2252951606101
2782,113.0,103.34801364604454
4700,74.0,90.15887047369189
21153,114.0,117.83964191503755
21933,98.0,106.5238473546776
1215,86.0,89.74322702360135
9231,100.0,97.25590694652797
15445,123.0,111.66611626758201
3728,108.0,98.51740466787618
10673,79.0,93.9328407221513
5105,87.0,119.22638435740235
5669,90.0,107.16623211132593
9442,89.0,98.57061959065527
2151,95.0,94.8049226399277
14487,105.0,103.51691031665845
6024,145.0,132.13784429419525
9928,100.0,100.84990087956064
6680,76.0,85.65547769113287
21228,76.0,83.91993670481756
22202,116.0,108.98218409758574
20476,146.0,104.01366936390905
10156,85.0,98.25583136213865
22051,70.0,80.67143876635095
6534,107.0,84.65480113806318
7649,115.0,118.24782473572945
14720,103.0,96.08990347124671
10396,93.0,83.61613539194538
7775,118.0,105.37393610849612
13495,58.0,73.30890426081255
12556,151.0,95.32653912229405
9647,103.0,83.7814158867438
8872,92.0,83.78621847601434
13538,109.0,81.46646068091896
19180,88.0,80.2641723325316
14792,103.0,77.82539517798403
3474,120.0,97.42822778825108
12271,105.0,108.8397407706964
7942,97.0,82.0443585523296
19288,82.0,90.55600897829653
11357,106.0,84.0012349831865
14360,103.0,99.48825208085968
6538,122.0,110.41017005576113
9663,54.0,80.25896328110797
11912,107.0,108.1332870211671
11263,71.0,77.97061872397742
11479,69.0,83.67873958356535
13364,115.0,112.88717770012151
16958,88.0,86.99588142885983
13676,88.0,98.0468689329181
18109,80.0,71.46152637444143
8415,124.0,111.1894910948187
9574,109.0,113.05004953642582
20696,48.0,83.2550541941374
6466,80.0,77.64945764182637
1686,134.0,91.7589356225689
5421,77.0,104.38280004205632
7270,104.0,105.56944845251125
3425,128.0,99.84548908333504
10285,70.0,76.48490837360156
17614,86.0,86.59495332307908
11797,135.0,100.56016310616481
22357,119.0,118.09121208882105
9544,67.0,86.2719175843756
7329,94.0,100.14628983669976
17608,178.0,121.65969870859045
3686,118.0,117.36963963683256
1136,100.0,84.0158557926658
16003,113.0,110.54493018846334
2617,77.0,95.46648238302404
1444,73.0,80.59643453357565
3609,142.0,108.17810250335968
21657,76.0,94.06798786824942
14238,57.0,77.6822940146216
1807,64.0,94.6564560116643
11003,86.0,91.34143183952574
18105,68.0,102.0510453214614
447,112.0,131.47353019032914
3248,93.0,105.80633958570803
9262,65.0,65.47534818596928
19661,122.0,120.5046212361464
15098,61.0,64.02911485224685
99,90.0,106.45068488140929
6289,72.0,80.29946031625477
2087,61.0,71.15935717953094
18161,114.0,93.6716243425092
886,131.0,109.22108374763083
18982,91.0,91.865382749035
1164,83.0,89.96071705012228
5310,116.0,110.07016142215325
14854,131.0,88.78405094133036
9188,105.0,72.2960796601249
21981,77.0,92.26284441993438
4777,125.0,77.32819086197371
11894,127.0,96.01542339897092
21798,59.1,69.07624215808077
4094,79.0,79.36752979936776
20398,56.0,61.0077660919349
17729,134.0,97.66335350817059
19456,61.0,63.8040508327402
12348,90.0,117.33744806656442
17473,69.0,83.22941434911942
15309,95.0,112.5758982714486
19397,63.0,86.46155322632391
20930,91.0,106.87879512407609
22176,59.0,88.12179200533336
5629,81.0,88.3273382411962
16446,84.8,83.86319685935408
13835,118.0,108.82608134994653
7530,138.0,94.87399951610007
6469,93.0,92.17867949951068
297,121.0,124.60738988638361
4290,107.0,104.5260826876253
10703,142.0,117.52758157729961
2715,64.0,106.68663722534352
22094,79.0,104.16952609120534
22100,109.0,79.0985683740482
18585,104.0,83.13010705845394
11467,85.0,90.09361410103548
952,77.0,105.01208305272831
13772,124.0,108.09890077201958
20618,102.0,99.41280894390161
1397,91.0,81.88426865317795
15418,117.0,94.64785463346851
22209,53.0,72.91152177268712
3793,118.0,112.79796285631942
16597,76.0,102.94361784130996
1583,92.0,96.27199270939492
9653,91.0,85.33693441105946
8644,92.0,95.04530543434748
8894,135.0,100.13847848304529
8869,87.0,81.69996111795362
18643,68.0,86.94998994804446
5263,92.0,90.87567284026804
12324,68.0,83.07055411349421
20340,52.0,59.80414151021898
12346,62.0,52.379941241727636
10416,85.0,87.27376541470315
14519,93.0,91.2103844060913
15638,88.0,89.78946833062886
8109,57.0,72.4819259158645
994,115.0,120.57432894369735
2716,64.0,106.68663722534352
10144,81.0,88.1322681311435
4433,100.0,94.60000286865159
5067,118.0,108.53886879166629
3279,66.0,82.01274163467342
18101,118.0,99.6019843371527
15611,76.0,82.14316947833646
7358,89.0,90.72602042790555
15505,84.0,89.05412937170102
12737,72.0,84.69370390760392
9299,92.0,95.28094155483352
7295,59.0,62.109392205313014
4753,147.0,99.16969903324453
15120,85.0,83.87291031511346
20397,56.0,61.0077660919349
878,74.0,92.22160229701336
18250,132.0,115.05982756115002
9938,80.0,82.40663557991451
17575,73.0,76.36396715600026
21267,106.0,107.11224049659954
21988,95.0,94.16557897619963
16254,129.4,104.30188842383713
18666,51.0,63.92813980064038
13975,122.0,113.71581216865336
4288,107.0,104.5260826876253
2925,61.0,70.76248350747619
2325,63.0,96.13180426970303
17253,91.0,96.2516357141078
13640,125.0,114.7097486483295
22019,103.0,102.0517734616094
6855,63.0,68.8162295882633
10276,97.0,101.79952859958479
12115,158.0,105.9032461314985
7007,79.0,86.36852194492924
2006,89.0,111.5029381333478
5155,139.5,121.59497822473988
9376,145.0,127.08102376921285
20691,112.0,92.04952911509244
4897,80.0,75.10133542340137
2726,125.0,119.35330836658447
19329,105.0,101.82813134981657
19834,69.0,93.09115247598587
4175,74.0,63.47260574653194
16670,79.0,104.71556786632068
17970,79.0,73.74967291111275
14170,97.0,80.26312395146238
21581,67.0,94.21501679091749
3258,69.0,85.37172301140443
7945,96.0,90.35660575785808
9328,105.0,105.94813849799121
12618,69.0,84.38503433550157
21920,120.0,100.16306788111014
9681,125.0,100.11182606411204
15283,86.0,108.63454263137955
19148,86.0,82.22140162136124
11091,90.0,108.47374497922291
4423,130.0,109.2219631997372
15604,94.0,89.83854902809627
986,63.0,88.85875331191495
4617,103.0,103.14248636704225
10190,97.0,88.52290902935897
4877,71.0,69.58854785336763
2215,87.0,98.012759156351
10926,104.0,91.08149235523878
8642,92.0,95.04530543434748
172,107.0,110.01158328677765
8961,117.0,116.0435939018485
974,101.0,112.99839858602049
6095,67.0,82.02331306724878
1463,69.0,87.30490066219225
4571,94.0,106.46657567811135
12118,123.0,106.16903059656129
4061,107.0,96.52895278294997
1861,75.0,73.39835056272975
17439,115.0,118.37883755171735
3374,80.0,70.71019027383618
21262,134.0,115.24728052725835
1508,97.0,100.83042256287409
12636,93.0,95.49070627754952
14775,88.0,99.65987347625907
22340,84.0,85.70323256438468
11405,65.0,109.32086700712877
678,80.0,82.9136391693401
5744,90.0,85.75039147078704
12829,110.0,108.69875564555092
190,129.0,107.36664982105457
2867,87.0,126.98082462603203
7549,132.0,130.9986147769502
16017,94.0,113.29000815571719
10050,86.0,91.64731005548053
21111,84.0,77.03889585801838
2689,85.0,73.08689258836526
13634,58.0,63.59630243980678
11812,108.0,123.03534456297574
6768,86.0,111.8046747266123
11529,73.0,93.77775685105668
246,93.0,117.84862833310497
8241,81.0,104.48204858898386
4554,91.0,79.06655071734312
9053,106.0,99.80174685835519
9701,101.0,91.7366722881725
475,141.0,109.6639423916293
16074,78.0,86.19757783332928
1858,83.0,98.84393709770416
633,76.0,93.57293845505815
3444,122.0,116.68276592473681
13366,110.0,111.67048369569598
12642,140.0,111.70441689266237
7463,70.0,69.34017780163272
13861,118.0,104.24656369216669
11274,74.0,76.48652180608121
11317,73.0,96.43193373728617
9186,105.0,72.2960796601249
17596,128.0,128.09255994126062
4502,69.0,72.63126855958501
10590,101.5,89.40438859595328
1314,66.0,78.48674425470271
16524,78.0,103.75710183966312
7324,95.0,134.67628039845187
10868,117.0,88.84895331811371
1372,72.0,89.44339378750541
11778,112.0,128.3086844296496
7181,106.0,87.82734057008545
3402,82.0,117.32033843571035
19788,55.0,91.97062036596378
17839,101.0,110.325745123793
8163,102.0,75.53543522731778
13257,51.0,93.71812287480773
2913,131.0,90.95401727906246
1226,81.0,94.95569457822558
899,98.0,96.52961384802062
6122,90.0,93.42854509092741
19416,132.0,95.04193061594465
19690,118.0,105.38439842128408
2023,66.0,84.81806966744605
9969,71.0,78.30472497653543
11738,104.0,109.70954266489191
6162,59.0,81.55536627677536
10949,107.0,104.379733542437
2642,56.0,74.081801281753
8848,143.0,97.74351275111506
8826,92.0,103.20290088375741
8757,106.0,74.01404346120268
9111,97.0,76.15756077353339
3646,113.0,108.22776548033274
1726,147.0,98.99467376390467
14612,101.0,94.36687583816037
15530,146.0,99.1922562681906
5770,85.0,83.37874027153558
15939,66.0,76.18472486393298
18024,52.0,64.22914518271102
15853,102.0,88.8166132735279
16725,86.0,110.03039278883391
13734,104.0,83.52588525827122
22267,85.0,84.94663831261647
19649,73.0,97.0249034270629
8409,60.0,76.01499765674627
16009,113.0,114.63236302490061
5258,106.0,93.77157655026527
10326,54.0,58.3826193640036
21453,132.0,100.9234236498624
17292,81.0,87.72885681469901
15942,116.0,96.28741442988964
13263,82.0,69.47777495832216
14984,137.0,111.52075455005838
9512,130.0,97.11495755170402
8656,85.0,80.09315336095752
22262,119.0,92.30173989303478
5222,83.0,85.90926771210549
14666,75.0,89.80821219200627
298,121.0,124.60738988638361
19334,97.0,86.88400629341814
18815,82.0,90.63958937785208
18952,125.0,120.31654037536121
21577,76.7,75.67814661414786
6223,103.0,99.05432493412047
3385,74.0,67.39000649289645
17354,120.0,86.14390706416776
12884,104.0,86.95501902781321
12594,95.0,110.057745855904
1053,105.0,95.31677947169504
11007,101.4,97.88240492968913
7807,84.0,81.95833780526543
9221,101.0,81.80387547443377
22305,86.0,92.06161976643787
9614,125.0,102.64930050783555
11909,107.0,108.1332870211671
4093,79.0,79.36752979936776
18549,84.0,80.72168532087439
20297,60.0,71.41114869209346
