,y_test,prediction
2470,85.0,92.61649325456202
827,71.0,65.22174025137525
2451,108.0,118.89795223904036
2121,101.0,98.53680965142391
1030,148.0,141.53075387546994
1803,64.0,72.60903831470029
816,79.0,73.41072403796693
3912,134.0,131.05113881245757
3627,118.0,117.38641001874404
3438,115.0,104.86012072753164
3516,88.0,88.95962146462384
492,67.0,75.6494061208414
3077,74.0,79.4286758485467
860,117.4,107.83763379959527
2715,110.0,91.68632648876522
2461,51.0,60.45585488990932
115,87.0,86.91980045082602
3533,75.0,75.32859297975867
1859,89.0,91.06408718830005
2721,87.0,78.00842713175066
1197,75.0,82.19019780433771
758,95.0,88.2927023891165
2484,98.0,86.27692716909729
3165,107.0,110.87558885238676
780,79.0,76.33603617038227
3781,73.0,75.33397436317236
831,91.0,89.05701259467833
2988,96.0,91.90316867658865
3443,85.0,88.44622564891145
2808,90.0,70.86805784992097
2512,109.0,98.68227123592578
3672,119.0,116.11574051568607
1382,120.0,124.15136491748348
2543,76.0,75.77830408221226
2456,80.0,81.50323782737959
238,97.0,97.27240195082663
3294,146.0,132.5411742189753
2675,96.0,100.32936318047095
3216,89.0,95.07532112565423
2443,127.0,118.23451002703831
2966,94.0,95.50219722199489
3624,74.0,77.99403363561365
330,111.0,106.57343361422082
3255,116.0,80.38619678301765
3635,125.0,94.17924970979524
33,102.0,104.7390609627665
2678,116.0,115.50620871976648
2434,124.0,72.78510782456232
2069,98.0,98.96350069716323
2807,92.0,91.07940222874348
1282,106.0,111.40797814068384
3973,76.7,77.10784925841426
478,92.0,94.24294298624244
3402,66.0,74.11559137568415
1063,104.0,101.5271128146116
586,108.0,117.10471607396678
1775,64.0,66.57887754298511
324,100.0,100.80487411548032
1163,109.0,87.08043341546835
3852,101.0,101.47367425572841
452,130.0,132.11880645645778
2450,130.0,134.6018387146019
2076,100.0,101.50502333541752
2742,95.0,102.80061125481268
174,123.0,123.04912321680644
313,86.0,88.40139006739867
1474,90.0,89.92166512495817
1586,107.0,107.37455956509737
630,136.0,140.97084901455486
1056,81.0,77.5157497726992
3258,95.0,101.9679815848406
3793,61.0,67.90837006782218
3086,90.0,90.37571291015573
3266,94.0,94.95338322479105
680,108.0,105.38046210711053
1211,116.0,117.11871176385444
2073,91.0,93.36876581677541
1747,121.0,114.59318812349304
73,101.0,98.48473310508888
1954,101.5,101.47247864632837
2420,104.0,103.42990749622851
2763,104.0,107.5567011921056
1648,105.0,106.05562181834301
2951,93.0,93.14004655334514
14,97.0,98.31483754259114
2517,116.0,119.23184104775552
3259,91.0,90.64270526731477
1829,95.6,95.45727448740087
1021,69.0,67.53474139213694
1093,93.0,95.55520346439411
8,75.0,87.51738697446197
3219,62.0,70.26010491451714
2903,75.0,79.28520303675936
994,77.0,82.79745987826976
370,105.0,101.21082860058218
1950,81.0,77.67932140644075
3372,118.0,114.67921754309086
4135,86.0,89.60974958025079
1866,102.0,97.19271592081753
898,80.0,80.20624105591324
3758,88.0,86.48957182912585
220,92.0,92.5296529838763
4125,97.0,97.94908214627205
2376,60.0,75.70714195066631
3941,70.0,68.84942938021621
2962,113.0,111.53102155823413
1707,64.0,65.73296322211732
3935,114.0,111.06457317275391
2472,87.0,93.48378737737767
2446,79.0,80.50305800116152
819,81.0,80.69410370197758
421,61.2,64.83804513139859
102,80.0,90.36450958114611
193,125.0,117.05224290381383
2770,91.0,94.0937737936973
2412,68.0,80.82720591180188
1820,85.0,81.70826762385502
1843,86.0,88.45650727930712
157,105.0,111.54370832342437
1149,79.0,76.52415437149321
2920,147.0,149.27598899641583
3712,79.0,86.66985348876543
1535,110.0,111.21055486965491
2654,106.0,108.09497196611696
3682,76.0,78.46769584817594
3286,111.0,117.79501473477836
3275,69.0,79.21212577472033
283,101.0,101.58135817867677
2090,90.0,90.87057216114377
3629,101.0,103.62064561366142
2478,110.0,113.50516798892917
2908,65.0,71.73942154678764
32,70.0,75.72539710032265
3382,95.0,77.27737693990554
3170,72.0,76.43506845550957
1973,57.0,65.72399457514982
2885,70.0,74.93844362526929
205,85.0,83.73271874716428
2311,85.0,82.50135242055089
1515,113.0,116.5449298131721
1625,152.0,136.98698935575703
1816,92.0,88.50313314033775
1443,80.0,85.26079328102611
1913,62.0,67.38452852657403
2163,126.0,93.50747124387405
2408,125.0,128.5669124306337
2064,71.0,73.89940732297282
1299,83.0,81.9203115790348
1792,147.0,144.22975275711082
341,101.0,93.54251044249105
1032,75.0,86.44804367145409
2453,100.0,95.53344230298902
3403,110.0,106.40194027762374
2548,85.0,84.62848775324062
2871,146.0,131.8554883148385
2210,104.0,105.62218049763393
3657,100.0,104.11958106202397
1632,120.0,123.98560313423792
2653,103.0,106.03140875757035
3630,95.0,101.24575555695876
2014,82.0,78.47889034891998
511,93.0,97.04930986629464
3475,52.0,53.7704507184672
43,110.0,108.74869350730407
4082,98.0,93.45505894510751
681,94.0,97.46903089636541
1651,105.0,101.91874306011752
334,151.0,140.38761574900934
522,121.0,111.8594465980029
709,123.0,121.04610045493848
2278,99.0,95.93656591991052
1558,92.0,94.4038200685062
2505,58.0,62.19726048934103
1744,118.0,94.01330991586511
1902,73.0,76.76644854508723
188,91.0,98.14338660452347
2861,100.0,96.7606372306887
1476,131.0,130.25435710722581
590,67.0,74.19386366131906
2350,85.0,91.95845333369775
2417,65.0,67.63314095437883
17,88.0,89.33928698747451
1703,71.0,65.38046129401184
600,104.0,98.49156709344408
2424,98.0,93.93271421026509
886,56.0,63.87642885878378
565,76.0,73.57010295386473
1599,76.0,79.20455980476453
555,134.0,93.39956731357415
893,119.0,121.0941558625918
3942,86.0,90.2869699970305
3480,78.0,71.4053520254102
1795,51.0,57.525602033083004
2234,125.0,86.0266839080617
619,80.0,78.46303513862836
1753,93.0,98.07314149321195
2489,91.0,89.0956317334356
2983,94.0,92.64503737962826
320,98.0,102.17147922477065
4007,77.0,84.42462779736314
2005,87.0,85.071676404026
1331,115.0,116.29054528235466
1129,107.0,107.65960764006681
2758,112.0,116.53287097293403
3371,110.0,108.53272719416105
214,88.0,87.79950331389603
4119,86.0,87.73093158975402
486,65.0,70.71375740434652
532,65.0,67.80352326942355
1262,113.0,109.11707400351628
1103,81.0,87.66414751275076
1881,117.0,114.3135698997715
2553,89.0,93.13987468231068
2257,90.0,92.79255999609984
3926,75.0,78.27738332444491
3418,84.0,90.06370311860908
2077,126.0,120.97948489535716
2030,90.0,85.13553240822881
3916,96.0,93.59284086628483
1174,77.0,84.02488286648554
1451,104.0,98.58482522818431
4113,99.0,99.1674083314409
3386,102.0,98.42217588949009
98,99.0,98.83877311161132
382,142.0,144.7182495943431
1459,87.0,97.85662885555962
1776,125.0,97.302865494776
1417,108.0,98.45480086942518
2448,83.0,92.99401097012785
858,74.0,80.56849355469885
23,90.0,93.67269946846281
482,95.0,87.5281860306695
2444,150.0,148.40506431332932
2580,89.0,87.26187621238773
2351,104.0,97.85607015575607
1309,85.0,89.28655743032513
2971,77.0,74.18993385826872
1562,98.0,99.35287444548737
3937,64.0,70.2394556368146
1182,131.0,96.06819048009942
2662,86.0,89.51037029555246
2764,105.0,110.86893155465279
1660,94.0,97.01788797866425
3588,102.0,108.9324463653104
1222,124.0,124.95522325675847
2023,175.0,165.97974124186908
2672,100.0,103.44474524850222
932,122.0,117.04529509289378
1304,101.0,102.58743245520665
2124,103.0,108.39354404227888
2622,133.0,125.09441336345537
3801,105.0,105.89187774947735
1037,82.0,88.5477794656239
2984,66.0,70.39717077696272
3052,75.0,74.26550443881439
1275,92.0,99.69270111987132
1096,96.0,93.16726378254609
3971,68.0,72.91051052217827
2906,95.0,96.27792272667145
3542,117.0,107.22663551572526
105,102.0,101.25713788677552
2714,108.0,92.82690542449916
3550,97.0,92.56572259605872
428,57.0,64.15429968875816
623,82.0,95.33446589685829
1295,124.0,85.28262067450169
126,93.0,90.46269074001697
516,101.0,109.17942566976981
1818,65.0,67.44437692093669
164,98.0,97.07710004747054
3460,102.0,98.4350091660603
2321,66.0,67.26540019095526
3142,134.0,126.82816039436727
3707,91.0,88.84463901367567
3936,80.0,81.98201256528057
2241,74.0,73.31838891057836
805,103.0,99.9749607672444
249,81.0,84.06915572162916
3948,132.0,127.59175622628709
2133,90.0,96.89029940006012
2471,80.0,77.39647180709963
3257,136.0,123.96806616976369
1083,78.0,85.17166918014323
4099,123.0,116.16838502651649
3792,100.0,92.40832295384428
1496,74.0,80.18918839921861
3525,77.0,80.69506746959496
3127,71.0,78.1724484699858
1143,60.0,69.01862000836584
838,68.0,67.7045529978214
3078,99.0,81.40920910486906
1152,110.0,82.20604256299853
2291,147.0,136.20377350442885
3352,86.0,86.88423939361337
1053,101.0,96.76966294037786
2883,88.0,72.61234424494009
1358,67.0,75.5602429841293
703,80.0,86.78238968351206
53,106.0,106.1265311532782
411,131.0,135.7797241860889
1779,101.0,98.25753917043673
76,82.0,75.95915769006322
1919,122.0,123.89157499369196
2058,130.0,127.3892006983852
573,77.0,83.45642851188774
3643,116.0,112.87043995092702
1580,62.0,63.80719866731479
3617,106.0,109.30733147680778
2209,110.0,101.95373789028011
331,64.0,69.9299267078811
2149,108.0,87.91150773911517
982,83.0,87.90276202375068
165,60.0,66.71970029432813
2733,73.0,82.85786474930168
3807,80.0,82.59433353775904
54,92.0,105.73782662056465
1585,85.0,83.54503709075286
229,82.0,90.48976672359328
2382,76.0,85.19335173913467
26,99.0,89.77870347878348
1652,127.0,119.69349169908037
1628,91.0,91.60727201010704
223,82.0,78.89798026696988
3013,70.0,70.30970322964023
781,111.0,117.31488876620708
4090,93.0,94.37618584882688
2447,152.0,68.83974571653783
1301,142.0,128.04452917877813
337,92.0,88.65553586103667
1602,95.0,100.0069365771906
3389,91.0,74.33975972644467
2540,115.0,111.64782111220987
745,74.0,72.05656534373654
2117,105.0,110.20469715536464
908,101.0,100.48767852840263
1724,122.0,125.28383881873464
3832,121.0,112.64332871019985
846,84.0,84.32845893629752
2563,118.0,117.37682022289925
44,129.0,87.55608918580222
1421,73.0,79.50570294813335
2655,123.0,116.35706041653356
790,122.0,111.9174839119544
3028,60.0,67.82570282774932
3026,111.0,109.39249053243978
458,100.0,109.08305510002063
1100,101.0,103.02451236236902
748,88.0,85.88750193354741
1918,84.0,86.17910161674965
1934,48.0,63.20849734374448
1352,95.0,110.20821597335487
1313,87.0,89.37952463690763
577,102.0,103.99609394569285
2935,79.0,96.02508113069061
1807,75.0,74.00101870699609
265,69.0,73.65144143886008
3113,87.0,92.9186762127953
2628,117.0,109.55087286663357
2915,86.0,94.8493845196148
1105,101.0,112.35757703821281
2019,103.0,109.64263013293566
760,74.0,77.14976975248152
2153,104.0,81.06571683987784
4129,83.0,79.84123146979789
3325,68.0,77.54709219636001
2387,103.0,97.55548598586387
3489,84.0,91.64013859987173
306,122.0,121.50121125060642
3263,80.0,96.51112669047146
1682,97.0,73.42992520527699
141,84.0,87.6711846892369
1523,99.0,102.56170393000886
839,103.0,103.6104384967561
2057,91.0,90.83634063503968
2031,86.0,83.41524552120075
274,69.0,70.59379653868311
1364,112.0,105.62479035123047
3136,69.0,76.12593266770321
3644,119.0,91.63734557937448
1962,153.0,150.61300815211257
814,110.0,108.4950065429164
58,84.0,83.57142294077948
2385,75.0,82.70368633559454
1923,95.0,95.44522140022576
1227,95.0,95.78221558193437
3262,111.0,92.15101823070447
1948,84.0,86.03650126591398
1771,89.0,84.27108656391232
1377,108.0,116.86874367913518
2881,89.0,97.76835095957463
3867,90.0,86.94594624929007
2342,81.0,79.25683920031776
1800,90.0,100.43975230805552
3589,67.0,66.27846875673845
910,63.0,70.3578739869611
178,74.0,69.81145694169993
3163,159.0,152.5889039529767
2972,85.0,84.50237213392765
3677,153.0,142.0125251402518
3470,104.0,108.16862590983206
3476,91.0,92.9290031637527
1527,95.0,101.3771215462499
197,85.0,87.87918864348364
12,62.0,77.77915927336312
2998,88.0,89.5369509412445
338,89.0,92.78759621503775
2068,90.0,86.68089928076421
1107,117.0,113.28964618900957
2265,116.0,118.1973887897368
624,137.0,135.89590790354475
2602,96.0,104.48773505981444
2940,71.0,80.8797876291134
3367,115.0,106.1136385433229
434,119.0,108.89469613719845
3796,78.0,81.10802677936599
1668,75.0,73.93479545357116
1878,90.0,95.47847020819009
3007,55.0,67.57234432085295
3977,79.0,80.80601417014589
1937,81.0,83.58884768670393
4000,91.0,99.38321675525106
1078,44.0,42.59582229236756
2837,88.0,100.71284853850156
247,159.0,149.02100593724413
182,63.0,85.12687227018719
2364,112.0,101.90512503341608
2661,165.0,158.18461834013004
1140,77.0,78.07925217396465
2230,70.0,75.34118605308603
1791,125.0,123.34059628829868
507,63.0,71.37073806390217
3273,90.0,85.81843066804669
3449,94.0,90.14869233823441
430,89.0,97.47090470866246
3760,72.0,82.27348581654417
868,112.0,111.56676597844344
2369,97.0,98.20432992861981
1554,106.0,104.14062397570933
2136,78.0,92.42354959657527
978,104.0,106.90073844018107
236,115.0,111.33162131651963
1311,141.0,135.06785888098966
936,83.0,89.15605346865883
3002,140.0,147.61116949540786
367,110.0,104.52272237043468
1456,149.0,141.613916522056
3925,107.0,106.4923703957113
3783,101.0,106.87659822216224
1034,99.0,92.15724392066605
1249,104.0,112.66815075856442
2314,87.0,80.3987335521951
2359,99.0,105.55099845613006
1440,84.0,81.35501275064325
72,124.0,127.59344120348237
1593,111.0,114.84473295805446
45,93.0,88.96001313721851
1530,87.0,95.36393482685642
3618,102.0,107.79050158811259
192,69.0,65.51870183328151
2670,98.0,79.66881540141605
3848,108.0,107.24888900931691
484,112.0,117.15177968020498
3530,113.0,120.69439756926224
1477,88.0,89.18455798771797
146,84.0,95.83395218010477
2995,77.0,74.26696564300232
840,100.0,100.41126619683479
325,77.0,72.15814183727787
278,140.0,141.37555686870445
1379,75.0,82.74530563530598
2247,130.0,130.31984333046523
3324,118.0,110.38360968595012
66,121.0,125.88100101326933
2665,67.0,73.84946496013399
3230,122.0,105.72394569790643
3079,62.0,64.54496265295896
3865,62.0,65.07300430996773
151,68.0,68.65016215256625
3581,68.0,67.14358888421398
841,67.0,76.23624025076685
2233,81.0,84.04567895268593
1048,82.0,81.71136831008155
1546,106.0,100.77368321247894
891,56.0,63.64053187532423
2591,66.0,69.49509880931979
3923,66.6,64.40985839541517
3134,88.0,89.85712778595487
3999,131.0,130.86664686952417
1887,70.0,74.20379402716017
1127,115.0,87.71444763342544
260,133.0,122.52765119569904
3742,52.0,56.409020865500025
918,76.0,81.20589161003662
1089,80.0,69.26019710258342
2322,78.0,84.38593071725057
3283,68.0,73.49707424993213
3200,89.0,79.48436133978956
2183,87.0,94.30727348057616
1467,108.0,105.5148657586501
4016,88.0,95.73390040266003
559,91.0,98.16306773018792
293,84.0,82.31480148790078
1581,92.0,83.3781905922126
1896,85.0,93.05413674058016
4008,68.0,70.07065545305093
3485,66.0,65.45762238461623
1671,71.0,66.39093091400954
374,95.0,93.0827759827269
2928,73.0,74.55868057027033
314,118.0,108.71281315908374
3804,135.0,134.89417102387324
747,105.0,108.51314123764439
1075,84.0,81.56680331407648
3674,59.0,58.428109120284404
3231,121.0,116.62837018042131
548,61.0,65.94840022102395
435,96.0,93.81926139275964
917,81.0,89.58918636693147
1322,112.0,109.1566821905615
1054,71.0,70.82036879328379
3186,119.0,118.3887210757008
3289,101.0,100.26216512976612
1930,71.0,79.9985807459293
3327,67.0,76.58583693656837
3824,87.0,87.39250251666581
2979,119.0,116.38848381824388
3914,95.0,97.43770285921741
697,75.0,71.3570844783226
1847,79.0,83.53847293202475
871,58.0,84.79156930164908
60,100.0,102.05588238730962
79,93.0,92.93289467083775
384,87.0,88.02524522114996
1213,118.0,90.45427529291771
1978,98.0,97.53484998544903
3380,143.0,125.21816684892991
900,124.0,126.04734321090717
2836,71.0,77.09540372580611
999,108.0,104.40896810340217
1335,140.0,131.06740039322017
3932,90.0,92.92209667108244
4031,89.0,92.61182429255769
2480,69.0,70.32732603929949
130,58.0,84.41700116272955
2391,128.0,127.90583520020903
2148,82.0,79.90315028767895
2911,90.0,95.8483165839312
2039,117.0,113.34239221240341
449,149.0,146.34454256311597
3359,53.0,61.60974414554707
1974,82.0,80.52549119835072
867,73.0,73.84822469190607
707,78.0,84.28773517683888
1709,177.0,182.6736807250885
979,103.0,104.4657588842571
404,57.0,60.43533135409419
30,84.0,77.67753777389385
3437,103.0,107.62694355522112
212,99.0,104.23010832006335
4079,100.0,90.97672536004816
3993,90.0,89.28785097395297
1613,92.0,93.07275303109941
3249,97.0,98.15970850437407
2009,65.0,75.90751355790283
2765,72.0,80.0976475188873
499,85.0,77.26176756365103
2370,113.0,58.45161083941929
2859,99.0,99.4228210150342
463,109.0,122.10579683683204
832,123.0,127.35033272155289
1400,86.0,81.95362407325683
1208,124.0,83.48366980153287
201,118.0,109.99825790911945
589,73.0,78.79574851981357
1302,82.0,80.85141280233404
967,80.0,81.70286905834911
6,130.0,96.34541845958483
459,100.0,103.18528254803334
304,110.0,102.65852325020785
732,97.0,93.30048543659484
3858,87.0,92.50833730977203
3540,146.0,140.70420432367422
922,87.0,88.0941430112783
3041,96.0,97.20809252860758
1330,63.0,71.81546004485386
1158,111.0,121.05756946914795
4123,115.0,113.15528761026778
2554,124.0,122.05364944516595
3646,84.0,87.94171756152167
203,94.0,97.9968220721141
470,73.0,82.02184200306212
1171,56.0,78.60949206628061
2853,128.0,127.0484208354269
29,85.0,94.2569245707532
836,66.0,67.18219787538845
2345,71.0,71.46358634456325
3994,87.0,88.93993888740263
668,113.0,114.47679847844111
3067,132.0,139.49451592413538
3564,92.0,91.0687185006189
4087,128.0,126.68566733898837
3829,70.6,73.04513953630095
3761,126.0,131.123821564168
1989,70.0,68.73831514631246
2414,94.0,95.81445309100783
231,141.0,125.05848470907802
756,87.7,88.312295867659
720,64.0,55.94405742895617
596,111.0,112.39712252345703
2530,115.0,108.17013558898589
3499,87.0,86.98073408202151
2652,93.0,87.82206075744281
3795,102.0,100.28899279809346
1738,71.0,73.12194907960622
683,91.0,91.76049237700627
84,83.0,85.6477724343313
266,120.0,115.8962989140575
310,112.0,108.35859220670184
2913,102.0,105.80174835000253
1537,80.0,87.5140739363274
1894,54.0,52.9807893295889
1767,103.0,97.94850937539667
1277,99.0,96.55858773832207
1817,74.0,71.71471244943376
2389,80.0,83.99819835039688
3168,113.0,107.77332614369027
2708,106.0,101.63126830458376
3975,111.0,113.18071062726895
2897,81.0,86.45147136659529
1643,80.0,82.47173432552563
4005,109.0,104.88381086764934
2208,85.0,94.76036542744825
2002,121.0,116.92823448257593
1720,112.0,114.42731203263088
3622,108.0,108.10292297149962
2449,108.0,101.1621912313405
847,109.0,110.9950920337983
3008,111.0,111.27765446319626
2947,149.0,148.87672552176906
431,87.0,90.08252842295249
1835,87.0,82.38102877099675
1225,87.0,90.53440212065445
2497,62.0,69.14994319793996
1665,85.0,88.02950518464132
2139,46.0,48.54313436910303
1988,87.0,84.93418541664136
775,71.0,79.73967375940842
3554,112.0,74.47941905945135
160,127.0,122.09678260510589
1630,90.0,95.3913170206867
1663,141.0,142.61588708279277
1138,110.0,105.19642331766437
108,98.0,94.94778217559369
3308,95.0,94.39919406770471
3102,96.0,99.80263820376416
248,66.0,85.21676984226627
784,77.0,87.35103895905124
1490,95.0,88.67518124706493
2040,118.0,122.82228055056186
2373,72.0,74.46731853777399
2189,87.0,95.58920725605273
2577,88.0,94.40901441734403
1210,83.0,87.17966686423418
2271,58.0,83.00513100205376
2610,90.0,97.00012155166411
3241,76.0,77.96228496398686
2358,77.0,79.32133084218222
2201,101.0,103.53737696813604
1266,113.0,114.01032794872413
348,121.0,120.14502264990571
1664,84.0,82.98895923639756
793,90.0,90.6517298091201
2044,105.0,100.7876485449004
1914,85.0,90.44480614050696
1502,181.0,175.33331802276194
2824,70.0,66.61233187269022
1373,62.0,59.74986026842973
3462,93.0,91.51025375918951
2111,65.0,80.13709847378817
2158,84.0,101.03372294313732
2356,95.0,87.94856728037547
3010,93.0,93.71870298966974
962,74.0,73.06178909632735
3663,73.0,67.05586008098459
4136,102.0,104.85299111848448
2379,94.0,99.96513934205777
3583,70.0,74.90180891598044
1185,107.0,104.82502862540889
3574,83.0,90.11596369839711
576,116.0,114.90631096215404
2509,93.0,98.31527779306589
1148,109.0,111.84126883618933
2284,74.0,73.22715228394839
3274,114.0,100.78680959076442
3318,64.0,63.333752632301355
2738,126.0,124.31524113478162
3744,71.0,68.48235750728762
1827,93.4,96.99012148214797
3607,95.0,93.97327187167474
773,70.6,73.96329736885829
3842,107.0,104.96250967784837
3097,133.0,90.66941114263554
1739,87.0,90.6794084319252
1334,116.0,105.14531841169915
4084,101.0,95.22806740517848
4010,129.0,125.67108508154865
1414,89.0,89.92945214961398
4028,88.0,83.06874660369826
1016,107.0,111.77056171027093
2216,77.0,82.66001615210706
1770,115.0,118.24556678843695
3746,120.0,120.50494036788467
1073,86.0,84.5922513313017
1712,147.0,146.07692827429747
1405,82.0,77.97209066914061
1773,77.0,81.8366794466163
1616,143.0,124.90435682438505
362,91.0,93.62655466042764
2651,86.0,85.77201700638113
2712,112.0,83.20793024121474
4132,103.0,104.4410198797548
894,94.0,90.5816482101209
3397,117.0,119.92841603806332
2706,75.0,81.31642071175443
1928,65.0,61.80584120993069
1642,75.0,78.03360350175936
3785,103.0,107.66665040339922
3348,132.0,135.26156281871323
187,88.0,90.83918546863472
3645,81.0,87.18930381246562
3302,90.0,90.31977691228877
2419,110.0,111.50256843793264
1999,144.0,139.77687423632426
1912,85.0,82.40719825235811
2751,112.0,109.61568994148726
1898,85.0,86.10595803397783
25,90.0,85.8077319452492
3311,93.0,90.62360480062222
2863,75.0,76.1871450728423
2745,94.0,101.86984417206463
181,97.0,101.17002932380154
2809,80.0,87.28883124466776
3167,38.0,48.29320066219134
347,42.0,50.828314674552615
3299,75.0,79.72599473014913
450,73.0,76.77435244457115
1860,88.0,91.5533911682769
2467,73.0,75.75651967754135
1252,93.0,99.59992571012145
1472,100.0,98.6407743984482
500,79.0,74.93167703356039
942,150.0,145.91445811761696
1550,44.0,52.81540283799927
1365,152.0,152.50786777450764
2685,72.0,80.52076302972557
1117,109.0,100.06918474976328
1381,96.0,104.45097997686844
4131,163.0,164.05277223329875
2259,86.0,79.07247352037189
3654,90.0,93.47220663109309
340,94.0,93.84076953446149
1388,95.0,86.18820104480963
489,124.0,117.49158738084444
583,95.0,86.76230243363466
3322,91.0,90.17483931048628
2062,125.0,129.64751353537883
2996,108.0,107.46499625966541
1938,94.0,96.47351752491358
2659,111.0,103.20490629200296
3287,101.0,103.68624106058539
64,125.0,122.90774662400116
4091,96.0,96.57232001173594
1781,73.0,84.73557108369604
2162,54.0,57.85611657607268
263,99.0,100.83002032567612
2793,85.0,82.31261286523616
1145,114.0,125.73162399515724
1949,83.0,77.78090964684597
845,129.0,136.32726561565977
1088,89.0,92.33125926268175
2660,92.0,94.43219401520514
1422,102.0,104.65073947634858
70,117.0,125.02264745002043
1694,100.0,100.74757846896307
926,110.0,106.12263547147069
230,91.0,97.35119505011363
2348,69.0,83.78813855383521
2494,110.0,112.17446039876938
1319,63.0,62.15481553931056
3603,83.0,92.46045378095124
93,70.0,74.19606770871005
1072,121.0,115.7347137235794
3884,88.0,95.243128859884
2932,67.0,69.12646599390536
1212,110.0,118.86856952711162
3631,87.0,87.21639062551225
1462,111.0,109.56256985604236
3432,52.0,58.02233889251994
456,90.0,89.31572393097582
4047,124.0,114.97016207800905
3728,63.0,73.6907111438259
2741,82.0,81.60098158916841
4057,68.0,70.38521486261462
1992,110.0,109.69854571104148
2778,71.0,75.77573895032592
3637,151.0,137.41558231365707
