,y_test,prediction
8383,59.0,58.5503455545739
5485,56.0,59.59714618239736
9038,67.0,60.553014105875675
14414,63.0,61.2209521711968
21625,65.0,61.97090954554189
22305,72.0,62.2107099807588
7744,63.0,62.60850207647334
6683,63.0,59.979976658465155
10614,67.0,62.971997018528796
9288,69.0,61.95816983758512
18405,57.0,56.673082511930964
8020,59.0,60.04726301891088
19516,64.0,62.32242090200445
17552,60.0,61.26134486076607
4143,61.0,61.728593553033306
4798,55.0,58.01182151120027
9645,71.0,60.78551195239022
6270,64.0,62.032812028556116
13018,65.0,62.95736158396679
18643,65.0,60.545547252996506
10672,63.0,60.7729062844304
11273,65.0,60.959321098199254
7775,60.0,58.98258673673363
12415,63.0,60.60559680391757
15570,62.0,60.567575730676005
16794,61.0,60.61751606655469
13335,63.0,59.469865405218535
7799,62.0,61.70327432841909
1769,65.0,60.586229506857435
13313,69.0,60.77435930067475
4149,55.0,60.14488131728364
4175,73.0,62.904303594560254
21577,65.0,62.00635979978666
19290,58.0,61.11802461475261
1714,63.0,61.73827529520038
4177,62.0,60.38534741565867
5922,63.0,58.771363331288406
12578,68.0,61.16267911556592
3864,64.0,61.572995027795585
11661,56.0,60.97265434962686
11954,59.0,59.51330665728233
3432,54.0,58.23081180233486
18019,64.0,61.31593259559202
44,60.0,60.76412551367202
1687,58.0,60.74370420743177
8894,65.0,59.92306020403394
14720,55.0,57.90405218309053
14456,65.0,59.165777168923846
4936,58.0,59.772571053738815
21128,56.0,58.80776267065319
124,57.0,59.221532560760785
11786,65.0,61.14213527630461
10616,67.0,62.971997018528796
22357,62.0,58.415096274295536
16154,68.0,59.85307952023528
18714,60.0,58.65220319385094
13559,60.0,59.70483454784869
9440,54.0,60.02325462666806
17614,63.0,61.609260297450525
3649,49.0,60.01169707196176
7148,61.0,59.642180970064935
7699,62.0,60.84603738948307
15946,64.0,61.052722358174485
5773,60.0,60.05623112814876
9908,58.0,59.28130821097179
3895,53.0,57.36643935229815
5848,61.0,64.16349455046604
10140,55.0,57.70187994583006
7797,62.0,61.70327432841909
11267,59.0,59.99803357619455
7670,62.0,61.183016905292014
7106,60.0,60.308870883591894
14962,60.0,60.52510027459326
4004,57.0,60.22803733886221
4360,59.0,59.88768014589353
20280,65.0,61.391584492194625
8530,64.0,59.83217955028254
13417,57.0,60.897060740029175
5185,63.0,60.79733267059491
13685,72.0,62.08231005861339
17697,65.0,62.36307393927204
1314,67.0,60.80440738593282
3385,54.0,63.68639046507892
6608,62.0,62.5881723008766
8643,60.0,60.663923818910035
2249,61.0,60.014173075585596
22262,60.0,59.933721793868315
1443,66.0,61.04072446074524
20352,69.0,61.945081258606145
13961,58.0,60.28070383929732
21161,55.0,61.6013603627288
11357,69.0,63.08870642232685
361,63.0,61.685386486023994
13663,57.0,61.08116138798201
3947,58.0,57.12682480019676
4387,56.0,60.908995774679475
17876,66.0,59.9732818935869
9423,64.0,60.84841035088795
7271,61.0,58.29522726291958
12534,62.0,60.63966479227005
9139,63.0,64.03131898565289
12861,70.0,60.39476618130871
5049,57.0,58.524153125080865
7783,55.0,61.02421240598598
19832,64.0,60.655067900465355
5752,58.0,60.424191772674135
14203,59.0,59.17043790988997
2089,70.0,61.69375336038477
19555,76.0,61.82848096887447
1243,72.0,59.22426306598109
22083,63.0,60.278248395231586
6536,64.0,60.6949405850509
11876,62.0,60.840801268876476
12555,56.0,58.23175917104146
17016,56.0,61.770089010388446
13714,58.0,60.1054388549835
20500,54.0,59.18334782922125
5900,63.0,61.556338596929166
14621,62.0,59.43715892578487
2898,65.0,60.03998712550793
15836,63.0,61.77832550828174
8860,61.0,60.14855784512903
6104,68.0,59.95855886700167
1308,56.0,61.17406265820011
6984,63.0,60.55576377671941
12306,65.0,59.33611486818802
19867,63.0,62.95104206960673
5749,56.0,59.01253958978315
4773,64.0,60.5330366805152
12304,69.0,65.29980570811209
806,60.0,62.99229862129201
63,64.0,60.659558480993525
15038,54.0,57.28385570587
14905,61.0,61.421482113288
21077,54.0,58.583524996650816
10622,64.0,60.93537696919022
19712,59.0,62.26385854324206
19261,62.0,59.4043141848559
14677,58.0,61.17257867265582
12575,60.0,60.37060711005372
4871,55.0,58.40224316619882
394,65.0,59.82021105357115
21448,55.0,59.29382761698756
11860,58.0,59.34342322971565
6034,55.0,58.35998544449074
4784,61.0,59.026448965078785
3669,59.0,59.87384255183587
6761,61.0,58.047034931798116
15444,67.0,59.10589258065956
1592,68.0,67.35810372498149
9928,60.0,60.34732009926479
2027,61.0,60.998121769770044
2867,72.0,59.77228585513508
5973,68.0,60.63680022636088
9992,57.0,59.58420231369945
17074,49.0,59.646577383071275
1848,63.0,60.18192816324815
2184,60.0,60.71948360334595
16228,59.0,60.305984161079245
15605,66.0,60.281698142344155
19780,66.0,60.19787544596195
17681,64.0,58.27378114837946
13865,54.0,61.63488209598915
16588,57.0,60.711787693737286
10352,56.0,57.89837293842351
15403,63.0,60.07492013035235
18728,65.0,61.165495669223986
17190,60.0,60.490123602789275
13644,54.0,61.47934986306093
9224,60.0,59.318372658582575
1630,58.0,61.9500097034215
18649,66.0,60.282788556664954
13010,66.0,60.02023979338739
22281,56.0,59.25822155721768
18366,66.0,58.62581036791151
12411,64.0,58.78759130381288
6364,58.0,59.87775473140319
2954,68.0,59.88560662784563
11546,64.0,61.57743633503074
15758,58.0,58.619761815508035
7731,64.0,59.38501262668208
667,63.0,61.53137650150884
10156,59.0,58.34762038592799
367,62.0,61.23806551000991
6441,58.0,59.21397400491162
7411,54.0,57.619906483697484
17615,63.0,61.609260297450525
3034,70.0,58.787197955122245
12636,62.0,61.64671636370761
19248,56.0,61.50271503932793
21722,60.0,58.54284692591752
13578,59.0,62.56687658466442
5870,64.0,60.36616937866045
2306,60.0,60.10257838012678
1518,58.0,61.47262411384706
19738,56.0,61.85718424021442
10183,53.0,57.43958351833354
1283,59.0,61.525882789615885
803,60.0,59.79639048143951
19298,58.0,61.8317618645067
7691,60.0,62.24508447479468
2772,65.0,60.72749543068624
5408,60.0,59.803214101158716
21232,56.0,59.05603181489833
1747,65.0,64.25559194160326
18555,57.0,58.09083145225703
19282,59.0,61.49216107414163
21263,54.0,59.12233216729452
19822,67.0,60.568718059800574
15817,58.0,59.78480266706059
20042,56.0,61.26192918163074
4261,64.0,58.78942098679719
3577,67.0,60.10360952963067
19833,64.0,60.655067900465355
16222,61.0,58.54911508491497
15285,55.0,59.7871247438069
1201,54.0,60.26070314346471
2009,58.0,61.638289006460575
22065,57.0,60.17969096068545
5889,67.0,58.36517164392694
9033,60.0,61.25236994497795
16257,58.0,59.12788223293741
18508,66.0,60.66521494889098
10337,54.0,61.04543112369052
15899,59.0,59.455661389619586
20689,64.0,59.753046252446225
6526,57.0,58.55119058904972
12190,59.0,59.75872864376433
3580,62.0,61.317595594634916
19251,61.0,62.36937469467017
18993,63.0,58.8337758649198
5516,57.0,59.48887699191371
13544,67.0,61.708473385229325
9901,55.0,60.5559583372374
2822,64.0,60.8696620052651
9769,54.0,58.55694506618053
11700,58.0,61.50967416320954
2906,60.0,58.58746796698205
1028,64.0,59.521324537340654
20579,57.0,60.360476459249966
13309,53.0,58.47549082026531
2050,57.0,56.58435310586009
7348,60.0,59.523747029914674
95,61.0,62.02406045794575
4140,64.0,61.619590678094724
13249,59.0,59.21975330095531
9238,58.0,61.94494815658735
21262,54.0,59.12233216729452
21958,66.0,60.03015910189863
21005,59.0,60.84421773250223
13606,63.0,59.29672638141506
20270,58.0,60.073480890032286
12785,60.0,58.906643290202766
5405,55.0,60.448145120906545
20946,62.0,60.65938605893907
15578,55.0,59.91150777829695
1365,61.0,61.68466636662948
17489,59.0,60.90842178929521
8955,57.0,60.90258204398108
14650,58.0,58.24734178597753
22113,57.0,59.99595576176698
19522,61.0,61.96266147217588
19297,70.0,62.83559452279154
15092,58.0,59.19603690426592
7270,61.0,58.29522726291958
8680,60.0,61.60717595707054
6715,58.0,59.678301069855436
633,57.0,63.20918346290391
1216,65.0,60.271278771640034
13363,58.0,58.45943721341088
1244,72.0,59.22426306598109
8037,71.0,59.43764074741645
21328,57.0,60.42757005327704
15905,52.0,59.15107891400284
6320,60.0,63.02517826111748
2960,58.0,58.03458755525608
5045,67.0,62.237010481979944
2959,58.0,58.03458755525608
21767,62.0,59.39775646092158
20947,62.0,60.65938605893907
1535,62.0,62.47223191841939
8470,64.0,60.11042743213001
21701,55.0,60.10400626419503
6616,56.0,60.2735942997679
9852,65.0,61.24879633458278
3641,53.0,62.9834045922159
1814,57.0,62.57595836835617
1412,65.0,59.98173719704916
10401,63.0,60.48044026241455
16796,61.0,60.87072030686196
10923,66.0,62.624205563263956
5302,59.0,59.84617824780152
1053,56.0,60.86381174073148
21532,58.0,60.489058546442756
20476,59.0,60.21727195924626
18862,61.0,59.82719945614913
11668,70.0,59.868453769056146
18474,60.0,60.98927314630727
16992,60.0,60.16153407022101
16037,60.0,59.86992934033312
5200,58.0,59.00348797779747
5806,56.0,60.950734654799255
4675,64.0,62.82760423653451
21283,58.0,58.77126224313323
16176,65.0,61.46357807730587
15175,62.0,60.897101280493814
21784,59.0,57.50028007005642
7276,59.0,61.945705113679395
2398,61.0,61.82120561110322
18265,60.0,59.723304899808035
16177,65.0,61.46357807730587
14057,59.0,61.51793523363255
15516,61.0,60.72381204513659
21334,59.0,60.94699331149893
15191,58.0,59.909404705489706
959,61.0,58.60130898296315
18089,53.0,58.91715114870641
14502,54.0,61.6383901279291
1100,57.0,60.22951967726222
6388,68.0,60.18661507742034
3224,60.0,58.82072748756396
19296,61.0,60.6014509880797
7536,60.0,62.121608301235526
10245,61.0,61.38118673964057
4733,55.0,60.091248374373194
8402,59.0,60.06823835879757
5891,59.0,62.839527321017066
20867,55.0,60.19866602711485
15848,63.0,61.1509797138008
4424,62.0,61.339795796572204
14276,56.0,61.122127986095336
508,66.0,60.727557222003426
22051,56.0,61.813764679632975
2304,56.0,59.82445157854942
17639,60.0,59.49823324484718
18303,60.0,63.502388055968865
9653,55.0,60.20005505116734
541,58.0,60.97582775328709
17164,59.0,62.321025796324015
108,55.0,59.450886370272585
13797,54.0,60.46935880194656
15275,60.0,60.059519021226805
12096,62.0,61.1553982938349
1052,56.0,60.86381174073148
3040,71.0,60.55088508871409
5693,66.0,60.36864747403916
6461,62.0,61.01653690939003
13855,62.0,61.20373178510814
4886,63.0,60.930447188683544
17157,65.0,61.8305702869022
8384,59.0,58.5503455545739
22206,57.0,59.33797217246295
14723,58.0,61.545261131694126
18605,60.0,64.67225190891223
15700,58.0,61.262082625140366
14264,58.0,62.49258763373327
5771,61.0,59.70466217634388
1914,53.0,59.04971781102841
17640,60.0,59.49823324484718
12391,57.0,60.597686746696645
4433,57.0,58.41122723600028
4792,63.0,58.039475410899755
19197,55.0,60.87628342856261
11691,65.0,60.71686626910671
15639,63.0,60.527334603873996
1693,52.0,61.00975083742585
12690,61.0,62.62738690018103
19379,58.0,59.50466984787879
19167,66.0,61.55597157890503
10201,60.0,59.902633982889746
7638,63.0,60.42632658791355
4783,61.0,59.026448965078785
2716,61.0,61.8066821435061
9596,56.0,60.13929021479739
20550,50.0,60.50006567063253
19265,67.0,60.52752232379405
22019,55.0,60.90408226971613
15296,60.0,59.3232721501101
4039,56.0,62.271628024419535
19896,55.0,58.759671816139786
20197,59.0,61.57234775184678
19812,60.0,62.44826652360417
15048,61.0,59.723066930271195
16076,60.0,59.15863868790271
9325,58.0,62.20845733715518
1226,62.0,60.15434064475567
1509,65.0,61.05965905131511
10010,62.0,62.65359058941306
5538,58.0,59.25934997200761
3752,57.0,61.103890763294565
3266,61.0,59.805610461327966
12419,60.0,60.261600178199814
9773,60.0,58.816175440362954
779,72.0,59.74672346861504
274,58.0,61.22665625248827
5425,55.0,59.628588378658094
1082,68.0,60.40287757474684
17635,56.0,59.90397077202072
20691,64.0,59.753046252446225
5830,64.0,61.38762237247437
15309,73.0,57.847761190236085
5256,63.0,62.54774034951774
12979,60.0,61.36956419347168
8710,60.0,59.10392149391635
11085,59.0,60.05673082556378
17484,58.0,60.372187186916484
18653,70.0,57.67929247862532
7174,61.0,60.84743041867776
10217,60.0,60.46333449954677
8753,59.0,62.727707660949584
16591,55.0,60.351593444563136
7119,61.0,60.45658569601601
8932,58.0,61.715194229810926
6147,59.0,58.9984195875864
10527,64.0,60.486866803344675
4751,54.0,57.924077853762824
17423,62.0,59.593163350566876
8549,57.0,60.950878837228046
760,62.0,61.70269586922218
20290,60.0,59.74739478473252
2395,63.0,62.08621020764535
5988,60.0,59.96466107264847
21579,65.0,62.00635979978666
20167,71.0,62.411435928307455
6545,60.0,59.51225453860746
18724,60.0,58.94935161459317
20839,61.0,58.085118929300606
12507,62.0,61.263928915474324
16182,68.0,61.42684559897247
13752,57.0,58.25441730957267
8946,56.0,61.61466502161869
14118,67.0,62.28275899302324
14436,66.0,60.802682991262465
9909,61.0,60.27028916171667
6838,63.0,64.7214796334287
2186,60.0,60.71948360334595
2212,62.0,58.80216115420799
1785,63.0,60.47447275471749
4797,55.0,58.01182151120027
8422,69.0,64.39279799023936
12992,69.0,63.813416755033515
1665,66.0,59.683384192396296
13775,59.0,58.928575156683024
10516,59.0,60.27820129073886
5172,56.0,60.63675115209629
15569,62.0,62.218302646086215
4699,61.0,59.48174160945999
10482,58.0,61.6152505478623
20622,59.0,62.598395329942214
7295,66.0,65.01988595919538
1712,63.0,61.73827529520038
19856,61.0,61.00945382121712
18067,60.0,60.53764069631463
10445,57.0,60.74605902318509
2732,61.0,61.84212184054005
11244,60.0,60.427795410698785
12056,58.0,61.67221250069504
1115,61.0,61.61775790094426
15581,62.0,60.587474253934154
15958,69.0,60.49174028561095
20001,71.0,61.98419742748556
19757,56.0,58.38111755027941
1017,65.0,58.89786072111001
6943,57.0,58.83085883101494
19892,58.0,61.35205384592697
1832,62.0,63.85304616543937
2020,50.0,57.31044747141207
22300,58.0,59.71093285002389
10924,66.0,62.624205563263956
20498,59.0,60.73110243160258
15288,65.0,60.50287641845537
7176,61.0,60.84743041867776
2842,67.0,61.86750125283323
21454,53.0,59.644093858447064
11140,58.0,57.69286888175466
13443,60.0,60.80619771620511
4966,55.0,59.22214678690213
1222,66.0,62.557839455906795
19229,65.0,59.759918355596405
2396,63.0,62.08621020764535
1880,63.0,59.60766136205337
15398,65.0,60.183315164315935
4521,60.0,60.21493070858357
13017,65.0,62.95736158396679
2341,57.0,59.70033565869579
21106,63.0,60.336257961695516
2100,62.0,61.12791027164895
13445,56.0,59.396532182036964
13481,56.0,60.130238800981935
17393,59.0,60.591628946830774
10099,58.0,59.26487028265415
4837,66.0,62.57622707935948
4529,52.0,57.177435055485404
18756,60.0,62.879110712913125
4414,59.0,60.850248345241226
10949,55.0,58.54234728120808
9964,56.0,58.83486000402461
20340,69.0,64.04503691587526
18730,69.0,62.792115469627916
8379,55.0,58.59854883816023
16310,57.0,59.44243289217442
935,52.0,60.611092027949454
10730,59.0,59.49859190749948
21039,53.0,57.8171018094379
3253,61.0,60.05242398529304
7258,67.0,59.72675410303051
8650,65.0,59.356310789192754
16199,58.0,58.822814612481054
21260,60.0,59.98635390551818
6188,60.0,63.16673553866669
8341,38.0,60.746940696135056
6751,59.0,59.293621265880766
18112,67.0,59.93340169265666
18618,67.0,62.54039811822465
1921,72.0,61.42972413704137
13809,68.0,63.218785077204835
15395,57.0,58.908690672186516
3204,61.0,61.4096745991798
21003,57.0,58.448662995575745
20006,65.0,65.12957784479606
12471,63.0,60.69188766083077
534,65.0,63.229892693489205
19178,60.0,59.433008450428346
2840,68.0,61.71039300874541
15486,58.0,58.474032861486556
15912,53.0,57.63435014235073
6534,61.0,60.02857121529644
11238,61.0,59.406295850090864
18921,64.0,60.053014994452624
11635,63.0,59.85899008143497
11007,62.0,58.874705217256555
9126,56.0,60.76220997218808
22349,60.0,59.66373953968579
6846,67.0,61.12507768637117
20617,56.0,60.196431109186705
1685,58.0,60.74370420743177
15856,62.0,58.41900313928129
10608,68.0,61.9177618441304
1855,60.0,60.60941449494485
17439,65.0,58.44569373398864
880,63.0,59.501311866622
21716,57.0,58.69683055341135
18168,62.0,61.314425597306574
22368,57.0,59.97225219537719
11444,64.0,60.59928223292455
19278,63.0,59.15535824454791
5989,60.0,59.96466107264847
2589,60.0,59.728331737288734
1898,62.0,60.6095472829005
4897,63.0,59.91289079797667
20990,60.0,59.960352220812794
21751,62.0,58.77594880962428
19319,62.0,59.868390386415186
10044,69.0,61.57390545551429
1849,63.0,60.18192816324815
7788,59.0,60.276144502730965
12745,59.0,61.44157266954765
18625,57.0,60.68721641314096
8016,63.0,60.28903043729336
1850,63.0,60.18192816324815
8372,61.0,60.278329585262384
16144,57.0,59.84716051271829
19113,52.0,62.10904003977963
20334,69.0,64.04503691587526
18348,58.0,59.562838063119585
13744,58.0,62.56043989581085
1191,55.0,62.71416505940022
5370,55.0,59.97268336309694
1372,65.0,60.23063859381913
18363,58.0,58.5226101544701
19088,66.0,62.69831707774062
4255,60.0,59.88803963591368
15760,56.0,57.62493826293755
16495,61.0,61.13520085272621
9663,57.0,60.20266896296186
17863,63.0,62.528419813908876
1868,66.0,57.51854527399263
1211,63.0,59.65872830910525
18687,60.0,61.20109989031959
20512,61.0,58.95512154063149
15021,56.0,61.29544430780935
1136,65.0,60.444717951349446
10856,62.0,60.202932605297235
10996,61.0,60.857711875503846
4649,66.0,61.03296734345848
17948,60.0,59.39171110892974
14360,55.0,61.61784148957884
4208,58.0,59.92803258512916
19287,60.0,62.7431732536705
4289,60.0,60.13356865759071
20871,60.0,59.54608362700106
12441,59.0,61.6616919659994
6796,61.0,63.39146218886464
3120,60.0,62.949204032415665
18560,64.0,61.103637826218815
11741,61.0,61.280760385251654
3510,53.0,59.37697642403701
21490,60.0,61.34851595487791
4044,73.0,63.28322809735633
3628,65.0,61.061955433634196
8338,59.0,62.32916149657639
3258,61.0,59.805610461327966
8322,55.0,60.27094601518261
15816,58.0,59.78480266706059
16232,55.0,59.69745811614573
10344,61.0,59.85434511931329
14579,60.0,59.35557816347776
7667,59.0,57.34969905482382
4350,62.0,60.579332487447545
10269,59.0,58.34612194419136
8747,59.0,60.58269154946382
15385,60.0,58.185608585160004
10586,62.0,60.71031132792125
1020,58.0,60.505113228571346
10319,62.0,59.934000657103624
19873,60.0,61.65192273946546
14921,60.0,60.72883124197863
19419,59.0,61.51194141206997
22200,57.0,57.79627807555747
69,67.0,58.596282852906114
11078,60.0,59.596006349455436
13558,60.0,59.70483454784869
6531,58.0,60.27830941966301
1761,60.0,59.506292697651325
5663,56.0,57.99250129853744
145,57.0,59.09670443414728
10880,55.0,57.93076955202161
10827,53.0,58.10494039083854
9510,29.0,60.057278878516016
4271,61.0,59.43631854077769
19607,63.0,61.203447477646336
10406,58.0,59.02301940283951
7578,65.0,60.713751548347744
17642,71.0,58.916535231944145
5772,60.0,60.05623112814876
22013,59.0,59.403252848494446
14507,53.0,60.431771346563856
4593,59.0,60.07860549921151
8969,64.0,60.04023585723382
9553,56.0,61.85844386026378
15567,60.0,61.644002556912646
423,64.0,60.64673072298225
21303,57.0,59.476460668968215
15601,59.0,60.18518097728867
19661,61.0,57.71564451462404
17560,55.0,59.6885310560974
2913,60.0,61.12842818141534
13538,67.0,61.708473385229325
8369,60.0,58.03889153003651
10304,66.0,59.83429737951231
736,64.0,61.03098898187897
3172,57.0,58.89646499014067
10094,66.0,62.16776589058182
13446,56.0,59.396532182036964
11411,59.0,60.62617029910022
13300,63.0,58.918490630665445
11790,59.0,58.541549589856594
10272,60.0,58.26266555269606
19449,61.0,60.52129960378692
1866,55.0,61.66664029644447
9881,61.0,58.787194936580036
17194,55.0,58.634955346150576
10521,59.0,58.507377404128206
10052,66.0,60.564459201297275
9661,56.0,60.18045596257743
18293,54.0,59.836170420700945
3042,57.0,62.48028179444949
14945,59.0,60.41253242900981
14936,56.0,59.87000117105799
20849,56.0,59.20309299463524
17473,65.0,62.068305003045545
9907,62.0,61.03625718066687
18124,69.0,61.42604871161048
19486,53.0,61.81673227865607
22124,60.0,59.630021238904504
21453,53.0,59.644093858447064
12558,56.0,58.23175917104146
505,61.0,61.59727134516875
13860,58.0,59.70346097594343
2975,77.0,60.62633173117594
19334,65.0,59.42917508642536
4894,60.0,59.57819137410067
18799,64.0,58.23081032998304
3279,61.0,59.65081786873265
13060,64.0,62.48350465532695
9916,69.0,63.27417638833382
15120,55.0,62.078175039080065
9331,57.0,58.580425702392034
18038,61.0,58.30242887193815
5824,61.0,61.7746704269195
545,64.0,59.81381599482692
12840,58.0,60.2136350267491
19839,52.0,60.86488200875505
19140,66.0,58.54657753899626
2936,55.0,58.06773609463056
18126,57.0,58.45940522633867
15553,63.0,59.55957872840849
6507,62.0,61.75504790787113
14163,60.0,60.7926321221946
16645,63.0,58.447630780510664
18777,59.0,61.090888305983626
15600,60.0,60.11660709023087
4346,59.0,59.914084024580156
16522,64.0,58.93935261633592
18435,64.0,60.19547902489231
4421,64.0,60.243319533888496
12095,62.0,61.1553982938349
8407,56.0,63.080363119529565
5022,55.0,60.213048173656965
20033,65.0,61.71425646575443
10832,61.0,58.37566537652315
10474,59.0,60.838977908534346
20007,65.0,65.12957784479606
1263,57.0,61.0212659856483
22139,61.0,60.352993398101184
15922,54.0,59.03845028837237
18927,62.0,60.524668770308004
16220,61.0,58.54911508491497
5881,60.0,61.30875382822161
9848,59.0,59.711567230276685
7786,55.0,61.02421240598598
9521,60.0,60.37913965955273
11150,62.0,60.73135409996615
1035,62.0,62.441384466754776
18161,61.0,60.42169870720509
10005,56.0,58.19214372353902
18262,60.0,59.48258717083863
9040,56.0,60.85647664438582
21080,50.0,59.29085080302815
4865,61.0,61.201907234174605
7467,65.0,61.783691916435146
10285,63.0,60.919436594150355
7656,64.0,60.83753335172354
15019,56.0,61.29544430780935
177,69.0,62.48180439335678
22303,64.0,59.408900777910056
20356,54.0,60.90403227683095
1735,66.0,62.6560356942688
18329,63.0,61.03649546128999
13774,59.0,58.928575156683024
12632,63.0,59.920787369783625
13863,58.0,59.70346097594343
9146,63.0,64.03131898565289
16772,68.0,61.063140687260194
8963,64.0,60.48004431798269
18114,61.0,61.98064321209426
755,55.0,59.685183206452834
2227,56.0,63.70613330801919
21117,59.0,60.46681455812677
1733,62.0,60.49473384203713
14732,55.0,59.36046645863041
55,64.0,60.128690346989345
471,62.0,60.55862209736476
16072,69.0,63.39172342905092
888,61.0,59.333011151439415
3792,70.0,58.85475015414059
2507,63.0,59.32848837815727
11892,61.0,61.62994051957278
19755,64.0,60.62588419628953
4232,55.0,58.97127887849847
4502,70.0,63.85329984576553
8573,60.0,61.44496260123526
11195,55.0,58.5729504952771
5145,58.0,60.52196715304778
3984,59.0,60.5943649038623
5728,60.0,61.223238748456986
7300,49.0,59.020823902353975
15750,58.0,60.017205703795085
6246,58.0,61.78158976462667
7549,66.0,58.10205499164608
2585,65.0,60.57603323883896
1721,58.0,61.86194159200217
8471,64.0,60.11042743213001
15101,54.0,59.50308039186692
19146,63.0,61.70515413167732
13736,57.0,62.330621917441974
10013,62.0,61.18248031380251
11518,70.0,60.2997436639294
10655,68.0,60.76670235997827
4407,58.0,60.126921126916905
1156,59.0,61.46459246699725
253,61.0,58.97734234625252
13520,64.0,61.22815039397497
22159,63.0,61.748427306509164
19858,68.0,62.751647385526475
5767,58.0,59.9864416742348
11659,72.0,62.321701512920406
10050,55.0,59.51240460480251
10769,68.0,61.61762035460347
4736,60.0,61.471800050622335
20656,55.0,60.19850356010525
22367,57.0,59.97225219537719
2861,64.0,58.47907109503299
2745,61.0,63.68399480295811
14570,66.0,61.770195026989185
22383,58.0,60.06119736320804
11445,53.0,58.66946025825762
1212,63.0,59.65872830910525
18119,62.0,62.17826571944521
15439,57.0,57.57872051819671
6771,58.0,61.531805377808965
10677,57.0,61.018079891682646
7216,58.0,59.481687350543865
5692,66.0,60.36864747403916
18250,56.0,58.31050941102352
2135,59.0,60.472458852381436
9959,54.0,59.22813732767331
6080,63.0,59.32016597367727
5927,59.0,61.19765484561681
12959,63.0,60.11246465320673
21228,63.0,61.93845157304164
9351,63.0,60.15810355045817
9260,57.0,61.880812360246885
5797,64.0,60.79582823612868
9837,63.0,62.00912821974569
19091,62.0,63.198628957818876
13861,58.0,59.70346097594343
7747,63.0,62.60850207647334
16469,62.0,58.960397875729086
16017,63.0,61.25366581869066
11766,61.0,59.57101120646027
8033,59.0,60.312072436567995
8736,59.0,60.215871565929376
19864,59.0,59.518357049605584
12685,57.0,60.02697159672749
9133,56.0,60.76220997218808
4062,61.0,58.60498154031779
3754,57.0,62.03517116541852
9171,57.0,59.95152479988471
6124,65.0,62.31894274260289
4348,59.0,59.914084024580156
20619,56.0,60.196431109186705
7094,59.0,59.05684705578155
10484,63.0,57.80377508648532
19709,55.0,59.762427645858644
21089,62.0,60.86179070065101
13485,55.0,59.98050610281461
6367,61.0,58.640405179605864
17877,66.0,59.9732818935869
3569,60.0,61.28471983936947
11300,58.0,59.61520246427355
9009,67.0,62.8917323093049
8116,60.0,60.61562399504163
12953,60.0,58.77693938315109
6664,57.0,58.64249832755752
16074,60.0,61.06981864047555
1682,55.0,59.11319897647069
9768,54.0,58.55694506618053
7298,60.0,58.32053765739019
3476,58.0,63.71371375872356
10297,56.0,58.17755267063248
14537,57.0,59.963147537805554
5339,56.0,58.6879740665914
19785,57.0,59.37993203744074
3610,58.0,58.45794200421494
17328,64.0,60.65106603474458
6160,61.0,58.78666178642465
8412,57.0,61.33005638814854
1126,61.0,59.40911737541264
21894,63.0,59.482838588753246
2587,61.0,62.43183031605047
1442,66.0,61.04072446074524
17664,67.0,63.6546429605431
9720,55.0,61.11231854549869
19797,62.0,61.465065293276524
5726,55.0,58.52355317435854
1801,55.0,59.81079278560813
11016,59.0,58.67471460017033
19288,60.0,62.7431732536705
449,68.0,65.92277385798786
3213,70.0,60.047160424384025
22286,54.0,57.49126719277968
19779,66.0,60.19787544596195
15094,60.0,62.635561149456365
102,67.0,63.82433225496306
3618,64.0,59.32971906771892
2071,60.0,61.00543763020638
18131,63.0,59.87492609644864
884,63.0,59.13953893892686
22364,58.0,59.42999915882883
1161,63.0,60.70957711289134
19745,63.0,59.01318053583172
5423,55.0,58.515035370192
11162,63.0,61.57453244117493
11134,60.0,61.184789130969946
12789,61.0,60.447045704862155
14967,55.0,58.036457535721084
12687,60.0,60.15640188863267
20460,56.0,58.909100665009376
21111,63.0,60.336257961695516
13395,68.0,62.971727357889655
19490,53.0,60.60940342250251
12359,60.0,59.08718372462748
11683,57.0,60.81875843931228
17214,61.0,62.96342151644404
14920,60.0,60.72883124197863
20930,55.0,57.97540814173519
18702,69.0,60.59958187458759
15670,55.0,57.693417413646145
16402,54.0,60.64349924629377
20781,59.0,58.29877767120526
10673,63.0,60.7729062844304
6525,57.0,58.55119058904972
17257,66.0,60.48997385727961
300,50.0,60.63609863710167
21920,62.0,59.61946119784936
10618,63.0,61.18947347844788
2689,60.0,65.05421450704075
18453,58.0,60.415832313294786
22100,59.0,59.68993034124655
7537,60.0,62.121608301235526
14019,60.0,60.83152698640581
951,59.0,60.7323080638339
3688,48.0,58.51260352380615
7153,63.0,58.62300575337762
1379,54.0,58.79296634894041
15407,58.0,58.2601231970386
16046,61.0,60.736500825293476
19882,61.0,63.106047530724894
8611,71.0,60.38519998595878
1563,64.0,61.79395446436274
4481,55.0,58.420671760118125
8648,55.0,59.72674118102253
19810,50.0,61.131708997124065
11894,55.0,61.72885173815566
15137,59.0,58.19362740809098
5277,54.0,57.82336999426044
14227,65.0,59.19329674536927
12331,58.0,62.10404565492041
12423,62.0,59.575860996388876
12352,57.0,60.809172947801706
19998,55.0,61.00145115715075
21488,60.0,59.87445699674117
13652,56.0,61.88449190178148
6801,61.0,59.50615720163665
22187,57.0,59.63445133949332
988,60.0,59.424866774275586
2693,59.0,60.92921142006446
4474,65.0,58.84827102092676
11230,65.0,63.12447746681872
18568,65.0,62.48551358404098
3248,65.0,60.63975993881186
248,60.0,61.39124552929729
17475,61.0,60.57305066248514
8884,66.0,58.64648297004265
7344,68.0,57.71395246375598
13238,61.0,63.51184064563981
12831,64.0,61.666490923900184
16564,67.0,62.62453111814921
14924,55.0,59.58227892162274
20806,56.0,58.55113197149769
20396,65.0,63.94973344785485
876,58.0,61.08324641905337
18258,58.0,59.522680190105
20756,68.0,62.48985555756805
15289,65.0,60.50287641845537
13043,60.0,60.20220823633494
21988,61.0,60.038739799937254
16576,66.0,63.938898662466904
9120,65.0,59.617017176765714
13978,71.0,62.59600021259616
4292,59.0,61.229539567671814
2904,60.0,58.58746796698205
2318,63.0,63.17844636723411
12850,65.0,57.82414124826083
17168,63.0,59.52117809078687
13641,58.0,59.714915359560855
4200,58.0,57.930093491560925
8163,59.0,62.158254872230884
11793,68.0,64.43806182245717
7651,64.0,59.790040868199455
7051,52.0,57.814599719196075
2002,65.0,60.416120167869614
19653,66.0,60.45675676645659
19887,58.0,62.963168711739534
20324,69.0,60.5688550607435
5733,54.0,57.63766864458701
2714,60.0,60.899426105195886
14764,59.0,60.914378710325096
5105,53.0,58.522599871930694
16531,53.0,60.980225368630855
14402,55.0,60.12983826523313
18549,60.0,62.8584163652697
10636,57.0,57.9756451854148
11226,65.0,63.12447746681872
3231,58.0,60.86771121671219
7991,55.0,59.895181587220335
11126,58.0,57.009468352116734
12608,66.0,62.13492700822655
21267,67.0,61.51521914228561
10493,55.0,60.36769954280443
15953,56.0,58.27280975639333
17675,66.0,59.19895514852862
14487,60.0,58.70779225758218
13973,59.0,59.14396615949122
10629,56.0,57.08507579154959
984,65.0,62.51461501385336
10552,52.0,58.63012432494174
18350,66.0,64.2346174526681
9082,67.0,63.25824695118166
2198,58.0,60.16963642249281
10930,60.0,62.06862723730899
4392,65.0,59.89798646239017
174,55.0,59.42298622997108
13623,55.0,60.32254810101317
964,55.0,63.568139616143455
7326,61.0,61.254191850654365
1458,65.0,61.00976109662167
13257,55.0,61.50588358259038
13974,54.0,59.567017998463484
14226,65.0,59.19329674536927
1856,60.0,60.60941449494485
4701,61.0,59.48174160945999
3343,68.0,62.57555799441432
19172,57.0,59.23205536012673
1504,60.0,59.767615628750434
5939,64.0,60.206373268806075
4705,60.0,59.7169850212689
19801,66.0,61.07641986581115
8801,53.0,64.56075390395345
678,66.0,60.639136548752674
4525,54.0,60.10156600550689
16157,68.0,59.85307952023528
200,53.0,61.5127914814351
2856,58.0,60.58945735312443
16012,56.0,60.45126843152301
2664,54.0,63.11578660280476
20136,58.0,58.873221372225345
18065,64.0,62.51993421485442
21398,61.0,58.847983914234376
8290,55.0,58.96757683711253
482,59.0,61.258216532111916
17256,66.0,60.48997385727961
3405,58.0,60.17051768245848
15956,69.0,60.49174028561095
9544,66.0,59.62325420712466
9221,60.0,59.318372658582575
17596,55.0,57.96325339216627
6376,59.0,60.592828877986456
5936,63.0,60.720156380547486
20912,48.0,56.375917686918875
1311,67.0,60.80440738593282
22209,66.0,61.93408346544097
13524,60.0,59.84207340215509
10904,56.0,58.571801557562004
1366,61.0,61.68466636662948
20398,65.0,63.94973344785485
7807,69.0,60.306777134494354
3362,61.0,60.619165522056825
14433,62.0,61.65021307612601
11536,63.0,59.60369204396308
11738,63.0,59.91694779278729
6698,67.0,60.7620219991041
2900,60.0,62.05254818744774
1218,70.0,60.445457524367455
895,62.0,59.76914162841848
6162,64.0,63.06597026270672
10965,53.0,57.9210586406437
20926,59.0,61.795301670759855
2018,61.0,61.90134843534963
17679,64.0,58.27378114837946
4435,57.0,58.41122723600028
19945,62.0,59.17052375362317
16347,64.0,59.975541115583916
2601,60.0,61.27673712989783
8857,61.0,60.14855784512903
20761,64.0,59.615946353950356
8763,58.0,62.56384941928135
10046,69.0,61.57390545551429
3632,62.0,60.6406339469894
1718,60.0,60.839672739946636
21650,59.0,58.518339522175566
21185,56.0,57.98926411333182
14330,65.0,59.413606175280194
6732,64.0,60.50157533875425
4884,58.0,57.92415990071835
10732,69.0,61.61404462134035
13304,58.0,64.22085832038927
4666,54.0,57.82543571478202
11665,68.0,61.6111524283913
12336,57.0,60.30840366415376
10066,75.0,63.86484935823411
22134,59.0,59.65933285271902
13327,56.0,59.717392429124686
12343,64.0,59.45922642417129
7530,54.0,59.010981366777436
12163,62.0,63.0016586093498
18116,61.0,61.98064321209426
20949,55.0,57.44124130855026
10990,62.0,59.461285557154035
17817,57.0,60.68418036217119
5310,61.0,59.68703305251025
18165,57.0,60.047445985059085
22202,58.0,57.701181321212346
21400,58.0,61.058713310586455
313,56.0,61.51819235126616
5486,56.0,59.59714618239736
9816,58.0,62.037259211850724
16259,64.0,60.42747170606364
18546,60.0,62.8584163652697
12230,58.0,60.18373089157752
3353,59.0,59.847495157516605
10190,54.0,58.63868325706939
5288,56.0,58.845231490810804
20440,60.0,62.609035771699034
1049,66.0,60.67650382493744
