,y_test,prediction
2466,58.0,59.32359243660294
825,55.0,58.33497392598848
2447,45.0,72.7794974995398
2122,56.0,58.039472283304505
1030,57.0,54.6209901198483
1802,54.0,68.50225706091379
814,65.0,64.89858439697474
3912,55.0,53.63056370827318
3628,58.0,61.22878892192361
3439,60.0,62.12106944205108
3516,57.0,58.947378492126376
490,63.0,61.31534451293393
3073,67.0,63.27043514503973
858,61.0,61.418792242034925
2710,58.0,56.76354936471783
2457,61.0,62.02231591249253
117,57.0,61.44099682161297
3533,64.0,63.150214390933144
1858,58.0,58.994430583377564
2717,57.0,59.0535939251167
1198,67.0,63.715396912709764
755,55.0,57.04374320719469
2480,62.0,61.44496798835917
3164,61.0,61.66127845653732
777,63.0,63.30687749213376
3781,59.0,60.3419191312353
829,55.0,54.83188690044177
2983,56.0,56.83644711019915
3443,65.0,62.21830647039317
2803,60.0,59.02063716704547
2508,58.0,60.06659866992807
3670,58.0,60.078913857907
1380,65.0,62.46898118969393
2539,55.0,59.72581320828269
2452,65.0,62.31882535806638
238,56.0,58.11286492104714
3295,52.0,55.62408856661122
2670,59.0,63.9377706564699
3216,62.0,60.79228576227514
2438,57.0,58.092760591799376
2961,61.0,59.8308867893946
3625,66.0,63.3699963096381
329,64.0,61.563072990589724
3256,60.0,60.454697780430465
3635,63.0,68.40191631518105
34,62.0,61.10579784252982
2673,61.0,61.30833081442472
2430,59.0,59.20167743548242
2069,55.0,55.28701276778655
2802,62.0,61.50199302632922
1282,57.0,57.5367782531833
3973,65.0,65.0659066205489
476,59.0,60.87060563744989
3403,64.0,61.51901481888789
1064,62.0,62.57417577495974
584,57.0,56.142225265452026
1774,58.0,62.41332292466473
322,64.0,61.19021441546032
1162,64.0,63.1083424020882
3852,61.0,61.05232451809434
451,61.0,59.93230896378747
2446,66.0,62.95332869363709
2076,65.0,66.03544311703797
2738,55.0,53.08768505622895
175,59.0,61.66943389995612
312,57.0,59.01237447355561
1472,60.0,59.87916300042423
1585,59.0,60.56915164483246
627,68.0,63.71076561420425
1057,58.0,58.834077105009115
3259,63.0,61.246581591193824
3793,66.0,66.04107791662076
3081,63.0,60.51443109614816
3267,56.0,58.97254336821321
677,63.0,62.914703455043295
1213,60.0,67.35104961108024
2073,66.0,65.59543061557214
1746,60.0,59.60277715969717
75,62.0,60.65328978400533
1953,62.0,62.41320638607155
2416,61.0,59.46585455598587
2758,61.0,60.78181785600495
1646,67.0,63.89345659824213
2946,54.0,56.02208177317277
15,55.0,57.463003810197826
2513,60.0,59.18111298078712
3260,67.0,61.5114510581548
1828,59.0,60.44315228057519
1021,62.0,63.09015808220283
1093,63.0,61.75941648725686
9,61.0,59.201926578123796
3220,62.0,61.25866840966276
2898,59.0,60.15764664701665
994,55.0,56.708934793612954
370,59.0,59.5983525967296
1949,54.0,56.40715215514413
3373,60.0,59.19491810789697
4135,58.0,59.22031204379161
1865,60.0,58.0862496125832
897,60.0,59.90090335611792
3758,57.0,59.26580523330813
220,66.0,62.66205102156072
4125,60.0,60.15000660375881
2372,64.0,61.250405998951905
3941,56.0,57.832163475353425
2957,69.0,68.72005504645563
1705,56.0,59.06154199665028
3935,61.0,60.66444995781678
2468,53.0,53.85260329030781
2442,56.0,59.65507172482059
817,56.0,56.75442198468738
420,65.0,62.42541481146468
103,65.0,62.46699838314981
193,65.0,62.4989535200247
2765,61.0,60.44262503531064
2408,58.0,57.02761923114119
1819,65.0,64.96220328217545
1842,69.0,67.92877953219474
158,55.0,66.58874568441179
1147,58.0,64.00951290344804
2915,58.0,58.840344199530314
3712,68.0,64.15563925725273
1534,59.0,57.94277800155677
2649,57.0,59.153938527587414
3680,61.0,59.07306365408529
3287,62.0,60.676807581841565
3276,64.0,64.10594712440104
281,61.0,59.982496087928354
2090,59.0,60.40991929890329
3630,55.0,57.53513592880944
2474,53.0,58.21267135840157
2902,61.0,61.442106545634594
33,55.0,56.774388372494194
3383,59.0,59.63621827625493
3169,60.0,66.45131322732271
1972,57.0,59.68954234614412
2880,62.0,62.9602995622581
205,65.0,62.3545892269742
2307,54.0,56.69352199307843
1513,60.0,60.353948525410914
1623,57.0,56.94895579248836
1815,55.0,57.77917503622066
1441,64.0,62.597129076983066
1912,61.0,61.68583404887249
2164,62.0,61.98345327622439
2404,63.0,61.77701074131963
2064,63.0,63.83162266583669
1298,70.0,61.775106665291176
1791,54.0,52.74621634938419
340,63.0,61.27877646273163
1032,64.0,64.0218887060214
2449,69.0,63.86250073527118
3404,60.0,60.06085660643127
2544,58.0,63.558181836238276
2866,54.0,56.1103153126987
2209,63.0,61.704643793293315
3657,52.0,56.06318251947381
1630,60.0,59.95527726636401
2648,67.0,63.207868216188515
3631,59.0,60.03277065762924
2013,66.0,65.9107288257802
509,65.0,62.05775715592489
3475,71.0,64.6775240775968
44,62.0,69.42365215001357
4082,59.0,59.34488636237651
678,69.0,64.8335259860375
1649,60.0,60.44388720155957
333,63.0,62.558029084216976
520,58.0,59.20246166503727
706,64.0,64.3933052165213
2276,63.0,60.28850691619852
1557,67.0,63.739110479262386
2501,56.0,57.65304965486311
1743,55.0,69.61544308295609
1901,53.0,53.184350539086545
188,58.0,59.35508474412163
2856,67.0,66.6490137953428
1474,64.0,62.21982669409594
588,58.0,59.799991684553476
2345,60.0,59.79009491062044
2413,63.0,60.38608694088552
18,56.0,61.06415451722684
1701,59.0,59.33092225211327
596,58.0,58.26761103079056
2420,60.0,59.71130113071055
885,62.0,62.948916356097804
563,49.0,54.150317686175356
1597,58.0,58.610555679896024
553,65.0,61.80113296319852
892,79.0,77.48005183719033
3752,65.0,62.984636448439815
3480,58.0,60.01071051595953
1794,63.0,62.099644141698576
2233,64.0,62.516061955512114
616,61.0,60.17588380834103
1752,59.0,60.049917327601136
2485,64.0,61.95142885218942
2978,61.0,61.58484382120247
319,48.0,72.12337198311066
4007,62.0,62.47016091604169
2004,60.0,60.21102274208316
1330,56.0,60.017588669025855
1128,58.0,59.77448443154685
2753,64.0,62.200731002637454
3372,66.0,62.50870780770276
214,63.0,61.26116081586807
3843,59.0,60.67364047730989
484,60.0,59.31846825680242
530,60.0,60.057951466781134
1262,64.0,61.38629827899379
1103,63.0,61.58883869622463
1880,56.0,54.52588739252083
2549,58.0,60.96856094784111
2255,59.0,58.522671833575814
3926,57.0,58.369894038087544
3419,57.0,58.680771624085395
2077,60.0,58.73479194102329
2029,61.0,61.61130323599905
3916,59.0,59.855307650072874
1172,63.0,60.63314336441141
1449,61.0,61.03771075970059
4113,58.0,58.04903880072748
3387,65.0,64.43837341592894
100,56.0,57.17816513787151
382,53.0,53.09259123547648
1457,63.0,61.962947969245356
1775,61.0,62.41012466481567
1415,64.0,61.824232323907
2444,56.0,55.547910711873264
856,59.0,59.189527967257234
24,67.0,63.990583436845796
480,70.0,64.4316607087205
2440,60.0,61.06128728335115
2575,63.0,61.50563463513548
2346,63.0,61.049228779402554
1308,59.0,59.45810525803527
2966,63.0,63.60138329492035
1561,57.0,57.99607879474554
3937,61.0,63.12000430132351
1182,61.0,69.18291844366676
2657,56.0,66.86484206323318
2759,61.0,61.54628171271004
1658,57.0,54.640558706095106
3589,64.0,62.80010233906986
1224,59.0,60.34303223424359
2022,64.0,64.77521490378727
2667,62.0,61.18951311913267
932,61.0,60.820693441209514
1303,52.0,55.458110195055816
2125,60.0,60.64442341558324
2617,63.0,60.93180924085887
3860,54.0,52.27040410867673
1037,59.0,59.785444244015416
2979,58.0,57.01594995245755
3047,59.0,59.96998861287035
1275,63.0,61.81959325629712
1096,68.0,63.882347745959805
3971,66.0,66.07613203967881
2901,56.0,55.18729177824198
3542,70.0,65.98490322311879
107,30.0,23.688036345117354
2709,58.0,62.405714127104
3550,65.0,62.28765696520372
427,70.0,64.86682723710715
620,55.0,58.50985707778079
1295,64.0,68.85785965808967
128,71.0,64.56962802650426
514,65.0,62.820650534513234
1817,55.0,57.36751790296379
165,57.0,61.12213298626695
3460,63.0,60.97924678564519
2317,59.0,61.259117691403446
3141,63.0,61.34660192134571
3707,62.0,60.86256797545988
3936,58.0,59.06315884795639
2239,59.0,64.01484349742435
803,55.0,54.59490988916395
249,65.0,63.01293976843711
3948,53.0,51.52813097610508
2135,70.0,64.15111276638095
2467,63.0,60.76316627348495
3258,57.0,58.58899080696081
1084,65.0,62.23561884718548
3737,66.0,63.662485850825476
3792,78.0,68.22210411849665
1494,54.0,57.63001030384453
3525,64.0,61.76740344761079
3125,62.0,65.95584220749788
1141,64.0,64.26057582087898
836,55.0,59.581488999798616
3074,57.0,58.397512731338736
1151,60.0,60.70624128578941
2289,57.0,58.508859609048855
3353,60.0,59.02963877332724
1054,58.0,59.74196391398039
2878,60.0,62.137171776483775
1356,60.0,59.72829342444503
700,61.0,62.70562271269663
54,57.0,58.79872517657719
410,58.0,59.186360348396406
1778,59.0,59.283626287324616
78,69.0,63.80796594287773
1918,62.0,62.36643456356253
2058,58.0,56.115202143596676
570,65.0,62.41472068698303
3643,59.0,59.16890503099703
1579,60.0,60.311326761677854
3618,52.0,55.96743345677791
2208,69.0,62.44312505762286
330,62.0,60.76657379909812
2151,64.0,61.85008024560133
982,61.0,62.067857807779475
166,61.0,58.72479052407712
2728,61.0,61.13286674836847
3807,61.0,61.362803739473115
55,65.0,62.74890924084032
1584,61.0,63.13785165237746
229,57.0,59.16458743604341
2378,59.0,57.53364098503995
27,55.0,56.47513506720868
1650,60.0,60.79557878336442
1626,57.0,58.744086676031785
223,60.0,61.72015730698566
3008,59.0,58.16299952478454
778,63.0,63.60616861516104
4090,55.0,55.97480384580285
2443,65.0,61.85784895903059
1300,56.0,70.28891385611892
336,62.0,61.16544704530497
1600,59.0,61.9810290510851
3390,57.0,58.13291583651598
2536,58.0,59.384211628648
742,65.0,64.97310630959294
2118,53.0,69.49443956304553
907,61.0,61.18581423580155
1722,57.0,55.154181936912764
3832,66.0,65.98356805644408
844,59.0,58.993929212516484
2559,68.0,63.79756381311047
45,53.0,56.912084812232
1419,62.0,61.31559786037241
2650,62.0,61.478612322671296
787,58.0,59.799070362159284
3023,68.0,67.3309188024248
3021,61.0,61.660311742540415
457,57.0,59.60973755319658
1100,60.0,60.253379852009175
745,64.0,64.35476729974484
1917,62.0,62.941178170206
1933,60.0,59.44477842101898
1350,58.0,61.07136323787752
1312,60.0,61.22313909547917
575,60.0,60.98687378704824
2930,60.0,60.5072276953413
1806,63.0,62.70161220889149
265,67.0,63.2609344866994
3110,65.0,62.43105706217372
2622,64.0,61.477070114123514
2910,63.0,62.991706951514736
1105,55.0,56.655458987915
2018,58.0,59.6194196700891
757,57.0,59.827494597135086
2155,67.0,62.64559114099888
4129,54.0,56.11951420681158
3326,63.0,61.426554918219026
2383,58.0,60.43275481217597
3489,62.0,61.313827649094
305,66.0,63.27043594340936
3264,60.0,60.984631290205286
1680,59.0,60.093999530031866
142,50.0,53.17433758901004
1522,38.0,49.60590588035489
837,63.0,62.73300186473537
2057,60.0,60.95393230604667
2030,59.0,59.58525872615117
274,54.0,59.112221511393045
1362,63.0,60.64171292747587
3134,57.0,59.31351141616369
3644,66.0,67.83522474254045
1961,64.0,64.24299880798372
812,63.0,62.114326565045296
59,68.0,63.81451811025585
2381,61.0,60.48811150799715
1922,61.0,60.41525199865231
1228,64.0,61.70031564963008
3263,64.0,61.4333209866472
1947,60.0,60.27957415729044
1770,52.0,54.63837253106482
1376,61.0,60.219106958420134
2876,62.0,63.31521923731047
3867,61.0,61.43549863513664
2337,72.0,65.97212850134595
1799,57.0,58.67310452871412
3590,64.0,62.195744381079095
909,55.0,56.94451019502247
179,50.0,55.18182359107569
3162,64.0,62.54890909428317
2967,60.0,61.424985674136764
3675,75.0,65.53684145634321
3470,56.0,57.280234327904495
3476,62.0,60.649554707574495
1526,61.0,59.591779749931206
197,64.0,62.165848194169115
13,65.0,62.322750370619715
2993,68.0,67.34992746128813
337,65.0,62.437762017813135
2068,57.0,58.41987311136636
1107,63.0,60.92840081013358
2263,66.0,62.74309185117855
621,54.0,59.4735539995645
2596,54.0,61.799516692872466
2935,62.0,62.456106132275494
3368,64.0,62.157136678001685
433,71.0,65.24602929648508
3796,59.0,61.122033414531046
1666,67.0,63.93307462567107
1877,58.0,57.82944520202611
3002,53.0,50.20727563255793
3977,62.0,62.98051787286912
1936,61.0,62.188784140152976
4000,54.0,54.829935664757286
1079,55.0,54.25064384663866
2832,55.0,55.682296721456765
247,60.0,57.68544393400952
183,60.0,62.197240732298745
2359,58.0,59.06683219296602
2656,58.0,59.95006815983346
1139,63.0,63.23219229224401
2229,57.0,54.44086485438709
1790,62.0,61.297550815669844
505,59.0,60.54785428577086
3274,68.0,66.50939439395032
3449,59.0,59.48811602137494
429,58.0,58.178492492114756
3760,63.0,61.9347089750968
866,54.0,54.53764486045027
2364,61.0,60.07204935110212
1553,61.0,60.55336494861453
2138,63.0,62.58433167638853
978,63.0,62.45217263339609
236,57.0,57.433414341041484
1310,58.0,59.40407702786683
936,54.0,55.40542683060035
2997,59.0,59.135088596721104
367,72.0,66.03024019275594
1454,61.0,61.29556941439198
3925,61.0,60.71116247511759
3783,56.0,56.02791455285168
1034,66.0,65.70450150021885
1249,58.0,58.65235681106208
2310,60.0,62.53259362092432
2354,58.0,60.01437936410473
1438,71.0,66.76410729444336
74,67.0,62.491234675798225
1592,66.0,62.851885335090564
46,60.0,61.45955549822381
1529,60.0,58.28768783988
3619,66.0,62.88244100426328
192,62.0,61.97546924425601
2665,64.0,62.47091355563533
3848,63.0,60.82683584466051
482,65.0,63.812317801994595
3530,56.0,56.889846071280054
1475,56.0,56.11834942400425
147,53.0,58.2708264415694
2990,57.0,57.462067046405835
838,60.0,61.44639863360068
324,63.0,61.72508980247971
277,65.0,62.148795730385096
1378,66.0,62.82330963057337
2245,60.0,58.757259713168885
3325,60.0,61.247635260531254
68,56.0,58.89422066702479
2660,55.0,57.913920249781484
3231,62.0,60.347525302133924
3075,55.0,56.17851861310471
3865,58.0,60.23079427219653
152,60.0,60.979475245262826
3581,69.0,66.05826251545813
839,61.0,60.64933248071273
2232,59.0,60.12480308720073
1049,54.0,52.89353455973665
1545,58.0,59.92049814709061
890,56.0,55.55808038911012
2586,59.0,58.66538915838974
3923,65.0,65.83513948121521
3132,61.0,60.16490538662958
4076,58.0,59.60449981660858
1886,56.0,56.66057257791307
1126,62.0,61.590766844817864
260,62.0,59.970768921563106
3742,69.0,64.64860723581754
918,58.0,59.38288003505412
1089,56.0,61.37578480039029
2318,63.0,61.681821996860776
3284,64.0,61.48688533071228
3199,64.0,62.13486535947756
2184,60.0,59.38350648133661
1465,62.0,61.993331967376605
4016,68.0,67.46957164671991
557,77.0,66.57126634057425
292,64.0,61.49834975867769
1580,63.0,62.36784306950442
1895,54.0,56.432114195758146
4008,59.0,60.68456057128716
3485,65.0,63.17094909110588
1669,63.0,62.00920461862
374,62.0,61.0151024002311
2923,56.0,57.241916152044695
313,57.0,58.940373873154726
3804,56.0,54.18521877033002
744,59.0,60.10599515663806
1076,67.0,67.01188596966449
3672,63.0,60.88211179809793
3232,69.0,64.37580826167316
546,60.0,58.620470615972906
434,60.0,59.15446355878902
917,63.0,62.770978856080006
1321,61.0,60.14634507164572
1055,66.0,66.07791960763473
3185,62.0,60.67133034316021
3290,58.0,60.459549008285634
1929,63.0,60.761721676685625
3328,61.0,61.13174904607627
3824,62.0,62.569248382628246
2974,69.0,68.64710715362513
3914,58.0,58.28599572280276
694,62.0,61.46466985968041
1846,66.0,60.6010919968262
869,59.0,56.839872054272206
62,65.0,62.43392073831889
81,65.0,62.13444680718855
384,60.0,60.578718676652315
1215,61.0,59.79069435187678
1977,59.0,59.747497545657744
3381,67.0,63.475493507425924
899,62.0,62.811034072849836
2831,56.0,56.26193690572505
999,67.0,66.40674433660483
1334,62.0,61.01473241964291
3932,56.0,56.871627144075525
4031,63.0,63.16007769200222
2476,55.0,58.24125024134007
132,66.0,62.81605937162078
2387,66.0,62.91382527766211
2150,62.0,58.91602635121919
2905,58.0,60.04580116029808
2038,59.0,59.499351834300555
448,55.0,56.02861695310207
3360,60.0,60.67817606875988
1973,68.0,67.65899575250157
865,60.0,62.15533246575066
704,61.0,60.33626609674921
1707,58.0,60.41492899916202
979,56.0,55.98953745235558
404,67.0,63.429332487982784
31,57.0,58.47634813288669
3438,65.0,62.28591832737146
212,62.0,60.501550981510256
4079,61.0,61.87166394021091
4005,61.0,60.95154778548738
1611,60.0,60.17899991206755
3250,57.0,76.43294560820752
2008,55.0,55.7139091849311
2760,64.0,70.33761781480759
497,52.0,52.39577612096024
2365,66.0,62.8649406462429
2854,61.0,61.18214613492189
462,59.0,58.32991454792496
830,60.0,62.1865833420742
1398,53.0,57.4438990817187
1210,64.0,62.29635123985746
201,68.0,63.619608152280094
587,54.0,52.79720260066927
1301,65.0,62.36241829431808
967,64.0,64.23624787242835
7,60.0,63.03294495650008
458,56.0,57.43466630707731
303,59.0,54.91207803061064
729,58.0,59.24712980832902
3858,57.0,58.14872295981317
3540,59.0,57.2498473920551
922,57.0,57.963445153956265
3036,65.0,65.10505769628165
1329,58.0,58.8002984377501
1157,58.0,61.31851683061078
4123,60.0,59.79090764491782
2550,58.0,58.22828178622619
3646,57.0,59.06920218085953
203,57.0,58.793000651555936
469,62.0,60.78284971425108
1169,72.0,69.46131504069234
2848,63.0,61.54409686841331
30,58.0,60.22759509393489
834,64.0,63.08212073087347
2340,66.0,62.23752066943302
3994,68.0,67.69277777658237
665,62.0,59.88388677798035
3062,64.0,61.18912769758822
3564,62.0,61.57427539863098
4087,59.0,57.62725319930439
3829,56.0,58.12675068702315
3761,52.0,54.05761276131619
1988,54.0,56.22923158352343
2410,59.0,59.22670243606693
231,72.0,66.08483722627994
753,61.0,60.40360313066665
717,58.0,60.39779104491933
593,70.0,64.31577797609387
2526,61.0,61.390138965696806
3499,63.0,62.37780619502634
2647,60.0,59.10083636006756
3795,56.0,56.42993216563171
1737,54.0,55.411409895414174
680,61.0,59.854655495537386
86,55.0,69.00276149237281
266,65.0,61.98539626596986
309,61.0,58.66842345457685
2908,60.0,62.11939686863302
1536,66.0,63.16455882335125
1893,62.0,61.985835127060255
1766,71.0,65.64953918158967
1277,63.0,61.280372456858274
1816,69.0,63.471782908568095
2385,67.0,62.90281070442204
3167,66.0,63.3911364690083
2702,58.0,59.170958721495936
3975,61.0,60.91407654901485
2892,63.0,63.19344604312776
1641,55.0,61.861633426022465
3995,56.0,57.448374596727575
2207,63.0,62.43273205945671
2001,60.0,60.53441572914056
1718,55.0,58.212908925384
3623,62.0,60.361953775083705
2445,67.0,63.00637621732041
845,53.0,51.738187014062134
3003,61.0,62.08804847710981
2942,65.0,65.64059752520009
430,62.0,60.764149505045474
1834,67.0,63.720934754855946
1226,62.0,60.991158399625974
2493,60.0,60.416957109193234
1663,57.0,56.46210210390025
2141,63.0,61.999501569011144
1987,68.0,67.80626400285303
772,72.0,65.36228604031399
3554,53.0,66.50698103083587
161,63.0,60.28014098608347
1628,60.0,60.58092774806696
1661,69.0,64.27059102898313
1137,64.0,61.051097080263496
110,62.0,61.69382377084922
3309,59.0,59.263678232443965
3099,64.0,62.31738827514121
248,67.0,59.247141647634066
781,57.0,56.59113743870172
1488,63.0,61.082140462822494
2039,63.0,62.57437862316638
2368,69.0,64.57304072066295
2190,60.0,63.071212273954785
2573,53.0,55.56444178127827
1212,57.0,57.56449105913933
2269,63.0,61.95804456173213
2604,61.0,61.632353504101395
3242,55.0,58.77297813148098
2353,55.0,54.60253217598119
2200,65.0,62.46800861775546
1266,60.0,59.38271650249732
347,64.0,63.123623496421104
1662,55.0,59.28028895869313
790,66.0,65.4551396191359
2043,55.0,56.63226981019845
1913,60.0,61.52561161927031
1500,59.0,59.139834888450885
2819,60.0,61.022489043391644
1371,59.0,59.683403407832095
3462,59.0,59.92373944193133
2112,59.0,59.56014613555188
2159,67.0,63.53440301629235
2351,63.0,61.19772467770657
3005,58.0,58.747293991002095
962,59.0,60.72825282335252
3663,63.0,62.36838945514623
4136,66.0,66.4536351865599
2375,59.0,58.49353819694478
3584,53.0,58.05269351498389
1185,59.0,59.1580653003431
3574,59.0,59.95309196467622
574,61.0,61.221307412758776
2504,57.0,59.195779723568755
1146,64.0,63.169743338742705
2282,65.0,62.046484994934474
3275,61.0,59.69472951759594
3319,60.0,60.032201673985014
2734,61.0,66.43404422377475
3744,69.0,64.43915324359966
1826,57.0,54.4383854245711
3608,54.0,52.160354746374736
768,54.0,54.38786455847526
3842,57.0,58.64382455844377
3093,61.0,61.23640193250843
1738,62.0,61.849822625621044
1333,60.0,58.90648414400556
4084,52.0,53.31683460289068
4010,62.0,61.116734595678
1412,66.0,63.06693957366414
4028,61.0,61.658640945197256
1016,60.0,59.36379990853179
2215,62.0,60.96006497202835
1769,56.0,58.52742888404627
3776,59.0,60.31338251031147
1074,61.0,60.679097813863194
1710,58.0,60.292856328268165
1403,65.0,62.07873072299189
1772,57.0,59.72768450535547
1614,54.0,54.406833717689054
362,66.0,62.66308718633094
2646,65.0,61.738839195290026
2707,57.0,58.22386771660019
4132,57.0,57.32165898119067
893,58.0,57.04781559057572
3398,66.0,62.78560928405899
2700,55.0,55.45921946428448
1927,59.0,60.48603288145398
1640,57.0,57.324154221716256
3826,66.0,66.85196349466914
3349,58.0,58.47823521726342
187,65.0,62.519495873344724
3645,63.0,61.87307965079633
3303,59.0,58.40320320085964
2415,56.0,57.57605759100997
1998,61.0,60.877388808556425
1911,58.0,58.56393293964233
2746,57.0,58.31022906111489
1897,55.0,53.818633886773
26,74.0,66.70345927075414
3312,64.0,62.39095136937515
2858,66.0,62.77719897135381
2741,62.0,62.51081134168547
182,65.0,59.22469842251208
2804,60.0,58.94638630838588
3166,69.0,63.62475397101642
346,69.0,64.32391140035686
3300,60.0,59.80814520467429
449,57.0,56.19138425123794
1859,61.0,61.224568417034845
2463,58.0,57.068900882299374
1252,52.0,56.481823342400304
1470,59.0,59.54071104994878
498,64.0,61.91653026581591
942,57.0,54.76929054305987
1549,64.0,61.68064895685869
1363,46.0,52.36710161292636
2680,62.0,61.474395040746764
1116,60.0,59.64793934072658
1379,68.0,64.07938935428871
3881,58.0,61.360321338514886
2257,63.0,61.56159276028585
3654,67.0,62.9992748588151
339,61.0,60.938875482962956
1386,61.0,61.5436282451608
487,59.0,59.22430649121648
581,59.0,59.77410967390503
3323,67.0,63.756552693787164
2062,53.0,51.98337361926662
2991,61.0,62.849800515000695
1937,59.0,59.90977513614406
2654,54.0,56.72675897978809
3288,68.0,63.28440374682833
66,60.0,58.19952773046383
4091,59.0,59.57512082291507
1780,62.0,69.08673357138775
2163,65.0,68.84817644042458
263,59.0,59.3950319677007
2788,68.0,67.60044517293173
1143,65.0,63.04899426261614
1948,56.0,57.51231541457684
843,59.0,58.505231074513375
1088,60.0,59.889049418870364
2655,64.0,62.22787498069654
1420,66.0,63.195832484058684
72,61.0,59.2201715238446
1692,56.0,62.45148740067012
926,55.0,55.75488878757717
230,55.0,57.697238668629474
2343,62.0,60.63103169019287
2490,66.0,62.81337245050803
1318,64.0,61.94931445549025
3604,64.0,61.58896434025833
95,63.0,60.94522067029409
1073,63.0,63.344490027792304
3856,56.0,57.364772043979485
2927,56.0,54.65419143759647
1214,58.0,71.06203897425016
3632,68.0,63.804124931984944
1460,55.0,58.48577184120441
3433,60.0,61.421203443973596
455,64.0,61.688270918163255
4047,63.0,62.47519587855308
3946,55.0,54.15447654311346
2737,53.0,54.11226343671953
4057,60.0,61.06702331565059
1991,59.0,60.39134515652877
2773,54.0,64.5900638588642
3637,63.0,60.37181925278383
