,y_test,prediction
2466,58.0,62.522829712979004
825,55.0,61.60012307072219
2447,45.0,59.42178896132754
2122,56.0,61.785729218998604
1030,57.0,59.37011039704868
1802,54.0,60.5217986734013
814,65.0,58.167764978782984
3912,55.0,58.67397857387232
3628,58.0,61.65810385749279
3439,60.0,56.70774109616716
3516,57.0,61.443676206844266
490,63.0,60.864437473943916
3073,67.0,61.03640272516022
858,61.0,59.38432170189873
2710,58.0,57.81413014566654
2457,61.0,62.6243133084254
117,57.0,61.70454962089075
3533,64.0,62.16817376474818
1858,58.0,61.47946845545526
2717,57.0,61.60881514784719
1198,67.0,61.77916555539567
755,55.0,61.39721308356266
2480,62.0,61.23180324661527
3164,61.0,61.89108614192224
777,63.0,60.33991878439988
3781,59.0,59.82027257541141
829,55.0,60.136726668335825
2983,56.0,60.03265410765193
3443,65.0,60.882759203682035
2803,60.0,59.86686486950654
2508,58.0,58.8822406547231
3670,58.0,61.53844216115935
1380,65.0,60.960543030860265
2539,55.0,62.086101680293496
2452,65.0,60.71095888475544
238,56.0,61.771069166911865
3295,52.0,59.487043016430114
2670,59.0,61.28770406116605
3216,62.0,60.15261461901002
2438,57.0,59.80299530770395
2961,61.0,57.857841933792514
3625,66.0,63.26939849454498
329,64.0,59.80799611913716
3256,60.0,59.95127775250602
3635,63.0,59.45027285077495
34,62.0,60.813913699965966
2673,61.0,62.95441603152971
2430,59.0,61.04852259650827
2069,55.0,59.132988378062805
2802,62.0,60.02059605619378
1282,57.0,59.905230952279965
3973,65.0,60.73285367806041
476,59.0,61.88207654900765
3403,64.0,60.140646655406364
1064,62.0,59.99505361350467
584,57.0,60.18662187956698
1774,58.0,60.40056238622666
322,64.0,58.71777610949238
1162,64.0,62.15168400460764
3852,61.0,59.758249990862616
451,61.0,59.88460712017655
2446,66.0,61.114914196306955
2076,65.0,60.70669327273472
2738,55.0,57.9860607259421
175,59.0,61.19511028202663
312,57.0,61.27572111119742
1472,60.0,60.71989663269762
1585,59.0,61.93730271903245
627,68.0,60.924214356942784
1057,58.0,60.05708333313083
3259,63.0,60.99581778854651
3793,66.0,60.02155437493751
3081,63.0,58.68402311879106
3267,56.0,59.897511501570634
677,63.0,62.79169059159826
1213,60.0,59.76088911876804
2073,66.0,59.653317269504306
1746,60.0,60.97437245166924
75,62.0,61.11958207385772
1953,62.0,60.60334067500552
2416,61.0,59.9416771973576
2758,61.0,59.20876164032575
1646,67.0,62.16958997580928
2946,54.0,60.560569174673915
15,55.0,60.17141321559836
2513,60.0,59.491932281523006
3260,67.0,62.51275869348789
1828,59.0,60.90727119615697
1021,62.0,60.804837818922714
1093,63.0,60.799580825979504
9,61.0,59.66154872688536
3220,62.0,61.084013958854975
2898,59.0,60.18501857651168
994,55.0,60.209052773171635
370,59.0,61.4910112026061
1949,54.0,62.33044763489281
3373,60.0,59.568740784101635
4135,58.0,59.169431483824106
1865,60.0,58.26912584679209
897,60.0,58.75193617208765
3758,57.0,61.60540187962019
220,66.0,60.15107821182687
4125,60.0,60.01595239913278
2372,64.0,60.02411213011166
3941,56.0,60.9890630386372
2957,69.0,60.68189749084646
1705,56.0,60.021548772884
3935,61.0,60.607273911309164
2468,53.0,59.7599648150293
2442,56.0,62.23179694727219
817,56.0,61.035742591470886
420,65.0,61.726148040394925
103,65.0,60.885007093175815
193,65.0,60.3082642099985
2765,61.0,60.83663488553473
2408,58.0,59.782222978228475
1819,65.0,59.98398893603405
1842,69.0,61.138683086711104
158,55.0,60.75166372637247
1147,58.0,60.169076210834156
2915,58.0,58.26651859660248
3712,68.0,59.921216287562444
1534,59.0,59.652197690101126
2649,57.0,61.141357777957055
3680,61.0,59.96032054593733
3287,62.0,60.530348887312414
3276,64.0,59.933933060415384
281,61.0,60.058127774583
2090,59.0,60.81485997803064
3630,55.0,60.64055460696426
2474,53.0,61.38406979654259
2902,61.0,59.620584764810665
33,55.0,60.18413982430473
3383,59.0,61.74609525196454
3169,60.0,61.068961897613306
1972,57.0,62.242981378080884
2880,62.0,61.04419899700767
205,65.0,61.975239672517
2307,54.0,60.2291482647904
1513,60.0,61.33702276371085
1623,57.0,59.178139708679645
1815,55.0,60.89999681247417
1441,64.0,61.871403901897644
1912,61.0,59.74978351862662
2164,62.0,61.82733214718629
2404,63.0,61.78267998478094
2064,63.0,59.99003553841612
1298,70.0,61.91322637873267
1791,54.0,58.28397648972482
340,63.0,61.08856249758045
1032,64.0,59.15443237031857
2449,69.0,61.27198378642604
3404,60.0,60.816296429462994
2544,58.0,60.287164217996775
2866,54.0,60.3224245613639
2209,63.0,61.86836717923394
3657,52.0,61.07705153214175
1630,60.0,60.39036019462867
2648,67.0,61.13591569175463
3631,59.0,62.46671916592522
2013,66.0,61.06550996378996
509,65.0,61.3267582633226
3475,71.0,64.06068170257684
44,62.0,60.74887156610219
4082,59.0,59.57560358162239
678,69.0,59.98840575782614
1649,60.0,60.27157038335119
333,63.0,62.18783045714977
520,58.0,62.12323339941092
706,64.0,60.074794540276585
2276,63.0,58.4989305725984
1557,67.0,62.306473787360964
2501,56.0,60.27676982978822
1743,55.0,60.10803882010279
1901,53.0,57.68449315689252
188,58.0,60.47127066034225
2856,67.0,58.86059600899405
1474,64.0,61.01867277910925
588,58.0,61.731975998757164
2345,60.0,62.11619378066972
2413,63.0,60.54741378121936
18,56.0,62.58671790366219
1701,59.0,61.498170576673814
596,58.0,59.93004810071573
2420,60.0,60.80249576622449
885,62.0,60.43881505984136
563,49.0,61.12589461236007
1597,58.0,60.22699651774348
553,65.0,60.353775896926855
892,79.0,62.10404569756655
3752,65.0,61.87110561141555
3480,58.0,62.91142175375755
1794,63.0,59.16201881073057
2233,64.0,61.64357586398538
616,61.0,60.76037838913913
1752,59.0,60.56493290982879
2485,64.0,60.42893362938546
2978,61.0,60.05080037897845
319,48.0,59.70286461063929
4007,62.0,59.72687883470733
2004,60.0,58.35643975123791
1330,56.0,61.70379895082402
1128,58.0,60.160919191097875
2753,64.0,61.63074733464513
3372,66.0,59.81463933898379
214,63.0,61.345847970499015
3843,59.0,61.08019907635169
484,60.0,59.678181732474556
530,60.0,60.93333531716253
1262,64.0,61.03303515485287
1103,63.0,60.73179198964547
1880,56.0,59.50733091740999
2549,58.0,61.81049372781606
2255,59.0,59.75110405587959
3926,57.0,58.6259052971065
3419,57.0,61.55842564338321
2077,60.0,58.5970073192686
2029,61.0,59.84387996540205
3916,59.0,59.71258308120253
1172,63.0,59.20655766448674
1449,61.0,61.58168073229339
4113,58.0,59.22839273330836
3387,65.0,61.20297007948693
100,56.0,60.87938555505008
382,53.0,59.82680869581382
1457,63.0,62.2661641199057
1775,61.0,62.768441946687936
1415,64.0,60.54383024496169
2444,56.0,60.69708909558923
856,59.0,59.16988164266454
24,67.0,62.95315112888896
480,70.0,62.90335723021051
2440,60.0,61.90926854440371
2575,63.0,60.011302998419644
2346,63.0,61.71925634906587
1308,59.0,61.49196206092878
2966,63.0,60.21546933648409
1561,57.0,60.89666659375221
3937,61.0,61.51188509527414
1182,61.0,59.79014833953032
2657,56.0,61.1074829064706
2759,61.0,60.228928305417845
1658,57.0,58.89379742204349
3589,64.0,62.676847826664364
1224,59.0,61.85362523716516
2022,64.0,61.24865862114423
2667,62.0,61.619675464403564
932,61.0,58.849364737796996
1303,52.0,59.13527239871226
2125,60.0,61.15407240372165
2617,63.0,61.61329914163199
3860,54.0,56.903494842808314
1037,59.0,59.79235099428476
2979,58.0,58.73262482142849
3047,59.0,60.78464628503553
1275,63.0,60.96493571644326
1096,68.0,61.315035433932664
3971,66.0,61.24436019790414
2901,56.0,58.91894944942173
3542,70.0,61.79320630001843
107,30.0,59.51291717662889
2709,58.0,60.49407269966607
3550,65.0,61.08659777932351
427,70.0,61.404676745215156
620,55.0,61.5799382738086
1295,64.0,61.372886815808485
128,71.0,61.34627406525853
514,65.0,61.33410696975324
1817,55.0,60.43522634024487
165,57.0,62.36301179417122
3460,63.0,61.351598325545
2317,59.0,61.8205196720217
3141,63.0,61.80773735905036
3707,62.0,61.66884583131923
3936,58.0,59.48124338314604
2239,59.0,60.16113367359275
803,55.0,58.955455548670116
249,65.0,61.17746797083612
3948,53.0,58.962595958522456
2135,70.0,61.02782536954763
2467,63.0,62.37565316834514
3258,57.0,61.252380892878364
1084,65.0,60.03844421842064
3737,66.0,62.51942060357423
3792,78.0,60.629325265690795
1494,54.0,60.22779991760096
3525,64.0,60.11501253910626
3125,62.0,60.1647474457102
1141,64.0,59.80389691712934
836,55.0,61.46047046546511
3074,57.0,60.951445020434235
1151,60.0,61.95045640451183
2289,57.0,61.259671682603965
3353,60.0,60.030639584544616
1054,58.0,60.70367558788982
2878,60.0,60.641717041499525
1356,60.0,59.53196192893951
700,61.0,62.00251543541288
54,57.0,60.357495549442895
410,58.0,60.19686601799247
1778,59.0,59.38378925472351
78,69.0,62.04697715822118
1918,62.0,60.46948107349637
2058,58.0,57.90752457640573
570,65.0,60.88113125898006
3643,59.0,61.72850418595363
1579,60.0,60.677382506588216
3618,52.0,61.12889973836653
2208,69.0,61.16930800095315
330,62.0,60.91518411418348
2151,64.0,61.54286571192682
982,61.0,59.506104736256475
166,61.0,61.938700223935314
2728,61.0,59.83552887562228
3807,61.0,60.745090372687926
55,65.0,59.98377195109376
1584,61.0,61.99111143917831
229,57.0,60.08626828341114
2378,59.0,59.7558272016598
27,55.0,60.217208548227894
1650,60.0,60.93506528637606
1626,57.0,61.93154743593608
223,60.0,61.217665267153976
3008,59.0,59.14075951392783
778,63.0,59.589038620950255
4090,55.0,59.371143527686144
2443,65.0,59.85659447416524
1300,56.0,59.17147927788336
336,62.0,60.017048489391335
1600,59.0,62.68866218148171
3390,57.0,59.82121816144557
2536,58.0,59.82803109322543
742,65.0,60.839303000990405
2118,53.0,59.42933238219028
907,61.0,58.89879855468473
1722,57.0,59.015595645515624
3832,66.0,60.10452505548465
844,59.0,60.081500994889126
2559,68.0,63.13552051227593
45,53.0,61.99173138060339
1419,62.0,61.87447479332357
2650,62.0,61.34230755664187
787,58.0,60.16346441657296
3023,68.0,57.75620544401988
3021,61.0,60.53886460652435
457,57.0,60.309172991634576
1100,60.0,61.658550418165966
745,64.0,61.19915813434166
1917,62.0,61.101775869806715
1933,60.0,59.05514576220394
1350,58.0,62.79337551259094
1312,60.0,61.89676495627934
575,60.0,60.994392516545936
2930,60.0,59.87311978694791
1806,63.0,59.6723541602898
265,67.0,61.584647985100574
3110,65.0,61.14176154315925
2622,64.0,60.810470421508896
2910,63.0,58.97830892642498
1105,55.0,58.716568084028616
2018,58.0,61.32004212588545
757,57.0,62.013892268474386
2155,67.0,61.40899297643142
4129,54.0,60.599074080024415
3326,63.0,61.77074578318398
2383,58.0,60.921396211066444
3489,62.0,60.84031824355782
305,66.0,62.13207977620252
3264,60.0,61.21861775787299
1680,59.0,62.06223236778904
142,50.0,60.458501732906264
1522,38.0,60.459543884435156
837,63.0,58.62400364688855
2057,60.0,59.919121058601235
2030,59.0,59.65517216067424
274,54.0,62.32674391373515
1362,63.0,61.129493506115104
3134,57.0,61.438969440407085
3644,66.0,59.30573040008949
1961,64.0,59.62416302928691
812,63.0,61.55537839166167
59,68.0,61.769948243681824
2381,61.0,60.52966266820351
1922,61.0,58.08628993062635
1228,64.0,60.75783217431088
3263,64.0,59.44837082787272
1947,60.0,59.95469149221486
1770,52.0,60.47615188751163
1376,61.0,60.929086191950354
2876,62.0,61.25086673313935
3867,61.0,60.26641921431592
2337,72.0,60.7491567976164
1799,57.0,59.63545506238831
3590,64.0,61.626549412286
909,55.0,58.80576969486906
179,50.0,60.36328414922198
3162,64.0,62.16599226752999
2967,60.0,60.03956679753479
3675,75.0,61.78394010197046
3470,56.0,60.320852367372616
3476,62.0,60.6357203985264
1526,61.0,60.98204085802686
197,64.0,61.526568052748296
13,65.0,60.84074016271444
2993,68.0,59.38625551827653
337,65.0,61.278540194372994
2068,57.0,61.527801375179465
1107,63.0,59.65318853816894
2263,66.0,61.3275864159909
621,54.0,61.82293527973869
2596,54.0,59.63129070842237
2935,62.0,56.60458030856758
3368,64.0,60.7358027433306
433,71.0,60.80887466586152
3796,59.0,61.64349862937282
1666,67.0,62.91368826463276
1877,58.0,57.56681982988062
3002,53.0,56.54024560914206
3977,62.0,60.13245726260693
1936,61.0,60.51962775679469
4000,54.0,58.22155225985576
1079,55.0,58.59028331993562
2832,55.0,60.70670837263845
247,60.0,60.251639429098645
183,60.0,59.31825083079795
2359,58.0,60.60031964445867
2656,58.0,61.456239836929676
1139,63.0,61.599703765516686
2229,57.0,58.93292893880272
1790,62.0,58.826025124703534
505,59.0,60.84627510312366
3274,68.0,59.57187622412876
3449,59.0,61.884594364545066
429,58.0,61.18289711345871
3760,63.0,60.02405317946465
866,54.0,59.85313956967702
2364,61.0,62.2802793709615
1553,61.0,60.52638012488768
2138,63.0,62.15295207362172
978,63.0,58.638178734848125
236,57.0,61.624899070746125
1310,58.0,61.09553444599968
936,54.0,58.01897364169356
2997,59.0,58.70183004868014
367,72.0,60.98297068118055
1454,61.0,61.765634770722286
3925,61.0,58.11715499991418
3783,56.0,57.0561284130814
1034,66.0,60.28459975121682
1249,58.0,59.918297021260045
2310,60.0,60.704472836060795
2354,58.0,61.51865399002214
1438,71.0,60.63075246342672
74,67.0,60.78790320673177
1592,66.0,60.817298454910144
46,60.0,60.98104226314871
1529,60.0,59.49226804587172
3619,66.0,60.96680922291191
192,62.0,62.31899162704568
2665,64.0,60.66386827074236
3848,63.0,60.62692396056832
482,65.0,60.57072135238568
3530,56.0,59.92183016298541
1475,56.0,60.99574674707692
147,53.0,61.644393318605836
2990,57.0,60.80836839321006
838,60.0,60.78924128652279
324,63.0,61.030339940192825
277,65.0,60.75986909120503
1378,66.0,61.48525247545033
2245,60.0,59.70464159988125
3325,60.0,61.406633259216065
68,56.0,60.855255772805194
2660,55.0,60.745891500618214
3231,62.0,61.20491849748221
3075,55.0,60.59227822617011
3865,58.0,60.162206950752875
152,60.0,62.27039238739419
3581,69.0,62.49249002717812
839,61.0,57.99218612957188
2232,59.0,60.76151770712161
1049,54.0,58.592582952417416
1545,58.0,61.023597864688746
890,56.0,59.64403831361082
2586,59.0,60.32877736709126
3923,65.0,61.594926319444255
3132,61.0,60.185016780206325
4076,58.0,59.9432664107576
1886,56.0,59.59697606747382
1126,62.0,62.334295047501996
260,62.0,60.865217777518865
3742,69.0,63.58604494980954
918,58.0,59.73105715185613
1089,56.0,62.0112051615036
2318,63.0,62.02215204120598
3284,64.0,59.72664572188374
3199,64.0,60.85634999939388
2184,60.0,61.40662605724834
1465,62.0,61.571189196726245
4016,68.0,59.048200783727786
557,77.0,61.186082091734576
292,64.0,60.159055287477884
1580,63.0,62.221520647187724
1895,54.0,59.491940988624606
4008,59.0,60.51328374852854
3485,65.0,62.840414564097514
1669,63.0,61.5196630208971
374,62.0,61.48935417050955
2923,56.0,59.814001701765356
313,57.0,61.95627633097647
3804,56.0,58.428554720791226
744,59.0,60.009721583662866
1076,67.0,59.73193157119646
3672,63.0,59.48346009721499
3232,69.0,61.26477953613619
546,60.0,60.805368240377035
434,60.0,60.87978738790527
917,63.0,59.88714721194754
1321,61.0,60.00305969553198
1055,66.0,56.62063057661209
3185,62.0,60.18424210747236
3290,58.0,60.96399305633523
1929,63.0,57.73288928507207
3328,61.0,61.41328359880721
3824,62.0,60.10479921003838
2974,69.0,61.12413885844431
3914,58.0,59.229442899863756
694,62.0,60.19312095598337
1846,66.0,61.318435112017454
869,59.0,59.36046328428322
62,65.0,61.39110088590701
81,65.0,60.761622550583304
384,60.0,61.16546169057416
1215,61.0,59.202917680297006
1977,59.0,60.65757892859782
3381,67.0,62.56896111911202
899,62.0,60.86340632276997
2831,56.0,60.74857910947351
999,67.0,59.61859227913223
1334,62.0,61.928345252073626
3932,56.0,59.570793152376005
4031,63.0,58.724662950676354
2476,55.0,59.806156784494185
132,66.0,61.52814221787544
2387,66.0,61.21509935372119
2150,62.0,61.933087614949116
2905,58.0,60.85130047576091
2038,59.0,59.60224096135198
448,55.0,60.533610441226955
3360,60.0,61.65762102190379
1973,68.0,60.79240481764141
865,60.0,61.235551811921354
704,61.0,59.57322067128338
1707,58.0,60.125091891316956
979,56.0,58.02674607079698
404,67.0,62.329366466055
31,57.0,60.65904849075167
3438,65.0,59.84950991026133
212,62.0,60.59343336659693
4079,61.0,61.83861357144345
4005,61.0,59.47733671857443
1611,60.0,61.02235465161699
3250,57.0,59.61594793992285
2008,55.0,58.396428892092175
2760,64.0,58.70226436064671
497,52.0,59.21249978726985
2365,66.0,60.61618856292329
2854,61.0,60.44363933611052
462,59.0,60.56854075086896
830,60.0,60.630878803668836
1398,53.0,61.80303872811368
1210,64.0,61.593616709655315
201,68.0,60.079415447613066
587,54.0,58.89310235602842
1301,65.0,60.392511180947054
967,64.0,60.89167883834992
7,60.0,60.854121955500105
458,56.0,59.358845893794054
303,59.0,59.44280644456302
729,58.0,59.846410499872405
3858,57.0,59.54032748054834
3540,59.0,60.666985605778706
922,57.0,59.49765594811855
3036,65.0,60.39156115093148
1329,58.0,60.332896940756825
1157,58.0,61.691566920921446
4123,60.0,58.93539341213698
2550,58.0,60.4673241347588
3646,57.0,60.7055677326324
203,57.0,60.79341275295283
469,62.0,59.950668952677745
1169,72.0,60.629984902225615
2848,63.0,60.850771822565
30,58.0,62.43333535136375
834,64.0,59.81571750448037
2340,66.0,59.921672704901255
3994,68.0,60.5442930304628
665,62.0,58.60346729749549
3062,64.0,58.88308110258022
3564,62.0,61.5492131088393
4087,59.0,58.176555530622515
3829,56.0,59.30720078499571
3761,52.0,59.49030157987704
1988,54.0,61.29120382578098
2410,59.0,58.579928371092905
231,72.0,59.74489834487855
753,61.0,61.520802080249375
717,58.0,62.31988456409031
593,70.0,60.984046446384745
2526,61.0,61.89586913434761
3499,63.0,61.884690030847565
2647,60.0,59.51100242211349
3795,56.0,60.576641347232325
1737,54.0,58.782249151043814
680,61.0,60.38784567221144
86,55.0,60.10370431752258
266,65.0,60.32472128445064
309,61.0,59.355206471358855
2908,60.0,61.86551028347
1536,66.0,62.92830749570004
1893,62.0,59.387504056994445
1766,71.0,61.54554488105778
1277,63.0,61.748290658073145
1816,69.0,61.935827260927326
2385,67.0,59.95634431918924
3167,66.0,62.66047077827569
2702,58.0,60.61114878510164
3975,61.0,58.30920094852901
2892,63.0,59.197556624563965
1641,55.0,61.662975987552535
3995,56.0,59.51989445333073
2207,63.0,62.08724745490712
2001,60.0,58.47194844392245
1718,55.0,61.12109188721917
3623,62.0,59.67140493974822
2445,67.0,60.80750165427744
845,53.0,59.01692715651518
3003,61.0,57.606763699549745
2942,65.0,61.86068280308496
430,62.0,59.56095055016613
1834,67.0,62.20924962391098
1226,62.0,59.87933086947662
2493,60.0,60.55323314048182
1663,57.0,59.95864058900791
2141,63.0,60.73971660176541
1987,68.0,60.50908935222041
772,72.0,60.52944813255774
3554,53.0,59.52083130807441
161,63.0,59.18699770529678
1628,60.0,61.49946930751287
1661,69.0,58.06150695541863
1137,64.0,59.872583701514955
110,62.0,62.6701757298171
3309,59.0,59.278528195456005
3099,64.0,59.866522463938296
248,67.0,61.2615204971857
781,57.0,58.247413687953085
1488,63.0,63.25179242504113
2039,63.0,58.90880431123514
2368,69.0,60.88780198214489
2190,60.0,61.724362551535215
2573,53.0,60.820124315140404
1212,57.0,59.37222686858326
2269,63.0,61.37694545089832
2604,61.0,61.27850159273111
3242,55.0,60.95316148652628
2353,55.0,59.47856245964864
2200,65.0,61.75508071902516
1266,60.0,60.23993651963267
347,64.0,62.47561273395624
1662,55.0,61.651327777493414
790,66.0,59.823532692777576
2043,55.0,58.0060783950784
1913,60.0,60.08376891447506
1500,59.0,60.81990415266984
2819,60.0,60.61088626591475
1371,59.0,61.49113906927911
3462,59.0,61.46169819035115
2112,59.0,60.93486216480059
2159,67.0,60.57767404843893
2351,63.0,60.534735688267055
3005,58.0,59.82759552664466
962,59.0,60.68574628247905
3663,63.0,62.99389289121202
4136,66.0,58.47515310421463
2375,59.0,60.648087781081664
3584,53.0,60.345647498261954
1185,59.0,61.53357814567252
3574,59.0,60.127002478120836
574,61.0,60.68465357789467
2504,57.0,60.923096140158336
1146,64.0,63.09369379566088
2282,65.0,60.503231037957214
3275,61.0,61.644090101559755
3319,60.0,62.22514733818712
2734,61.0,59.67235771042457
3744,69.0,62.55175952472165
1826,57.0,57.54173981223701
3608,54.0,58.972885250972126
768,54.0,57.87711462188251
3842,57.0,61.4400237534898
3093,61.0,60.828651978384755
1738,62.0,61.66032225902066
1333,60.0,59.95662447404536
4084,52.0,61.315477968857465
4010,62.0,58.06619320555292
1412,66.0,60.277061353697654
4028,61.0,60.650462947215296
1016,60.0,58.95660638531006
2215,62.0,60.8146442462912
1769,56.0,61.08513307780508
3776,59.0,61.923029287339425
1074,61.0,58.947402850317324
1710,58.0,62.264685511429605
1403,65.0,60.85453146558466
1772,57.0,59.515209799033215
1614,54.0,60.36605738782113
362,66.0,60.12087999809038
2646,65.0,60.57832098035237
2707,57.0,60.78921420362681
4132,57.0,58.98276471977971
893,58.0,57.91600883047584
3398,66.0,60.3731871220142
2700,55.0,59.4248723074575
1927,59.0,62.063363423249314
1640,57.0,60.90640604440157
3826,66.0,60.37899333143147
3349,58.0,58.636751663597956
187,65.0,60.43630703099714
3645,63.0,61.03526297089648
3303,59.0,61.139423385297896
2415,56.0,60.59454814179584
1998,61.0,57.76796389323379
1911,58.0,59.714223017017794
2746,57.0,60.14907814622085
1897,55.0,58.71575300515114
26,74.0,62.06075915539891
3312,64.0,60.36440572528191
2858,66.0,61.628951744153014
2741,62.0,60.13329651076791
182,65.0,61.727692615857215
2804,60.0,58.22846163051267
3166,69.0,59.1826622999796
346,69.0,61.9227493991321
3300,60.0,60.35308863443978
449,57.0,59.046348194549886
1859,61.0,59.77137643369736
2463,58.0,59.74020098604463
1252,52.0,62.39231697142309
1470,59.0,61.26126297762158
498,64.0,61.15406286229838
942,57.0,58.86184188239157
1549,64.0,60.595874906027575
1363,46.0,61.65343323723079
2680,62.0,62.862622107463686
1116,60.0,60.2854998126505
1379,68.0,61.16391900727318
3881,58.0,62.37708609741188
2257,63.0,61.05750715923982
3654,67.0,60.443923739918795
339,61.0,60.52763653849799
1386,61.0,61.956254166462564
487,59.0,60.759082899787415
581,59.0,61.502254731962665
3323,67.0,62.319643138059824
2062,53.0,59.32363633486689
2991,61.0,60.46123781149027
1937,59.0,60.028977454292715
2654,54.0,61.637939313660745
3288,68.0,59.44318641108327
66,60.0,59.55580008905626
4091,59.0,59.56433787499323
1780,62.0,60.19365878350649
2163,65.0,59.861648349254644
263,59.0,61.30461513629071
2788,68.0,59.805529459743035
1143,65.0,62.061841336948454
1948,56.0,60.043423781691544
843,59.0,58.31008124819046
1088,60.0,60.6098843958978
2655,64.0,61.15966085994124
1420,66.0,62.461772080792684
72,61.0,59.21055533759535
1692,56.0,60.23285632585272
926,55.0,60.46171319496575
230,55.0,60.7968178115098
2343,62.0,59.992420964716366
2490,66.0,61.16817682856032
1318,64.0,59.5565884797287
3604,64.0,59.719539929929084
95,63.0,60.828108398952494
1073,63.0,60.66155221652517
3856,56.0,59.965284000994444
2927,56.0,58.67917669226716
1214,58.0,60.205189291066034
3632,68.0,59.71620526847978
1460,55.0,59.865393253868135
3433,60.0,61.455317691774766
455,64.0,59.82956969593249
4047,63.0,59.80226531499453
3946,55.0,59.472153649664456
2737,53.0,60.22615804585468
4057,60.0,60.7099940071609
1991,59.0,60.04312825888624
2773,54.0,60.721839107672515
3637,63.0,60.42034902486752
