,y_test,prediction
2466,58.0,62.24893115394643
825,55.0,61.22723829859112
2447,45.0,59.71907582482033
2122,56.0,61.53174587689113
1030,57.0,59.21267243355534
1802,54.0,60.42032681987935
814,65.0,58.94565380894947
3912,55.0,58.79105233481933
3628,58.0,61.579211096313045
3439,60.0,57.56502900525324
3516,57.0,61.424870804654276
490,63.0,61.058845223171396
3073,67.0,61.14032013334282
858,61.0,59.34314355621549
2710,58.0,58.19589557838147
2457,61.0,62.18171182348064
117,57.0,61.33576147363555
3533,64.0,62.37363221736686
1858,58.0,61.442749262230635
2717,57.0,61.491617302749574
1198,67.0,61.93697599525943
755,55.0,61.225399448929906
2480,62.0,61.219052511726765
3164,61.0,62.08835683336539
777,63.0,61.043379076644214
3781,59.0,59.96775618926608
829,55.0,60.04496839227491
2983,56.0,59.668856465573754
3443,65.0,61.02619788859684
2803,60.0,59.42976306475995
2508,58.0,60.93909529220423
3670,58.0,61.57439965782746
1380,65.0,60.905652862947875
2539,55.0,61.73434251809701
2452,65.0,60.899535341914586
238,56.0,61.943664777096906
3295,52.0,59.29089887672272
2670,59.0,60.93750045455162
3216,62.0,60.07491704727066
2438,57.0,60.64960331516585
2961,61.0,58.04840375974844
3625,66.0,62.9126164523296
329,64.0,59.90834716726429
3256,60.0,60.158699092310115
3635,63.0,59.34329208089277
34,62.0,60.70788254520152
2673,61.0,62.3587408828168
2430,59.0,60.82097923937852
2069,55.0,59.18563099481116
2802,62.0,59.769042196449774
1282,57.0,59.938849648913575
3973,65.0,60.915281025851314
476,59.0,61.40740974446338
3403,64.0,60.719481215554836
1064,62.0,59.83202075327147
584,57.0,60.159068055185365
1774,58.0,60.7402761509545
322,64.0,59.221555437563424
1162,64.0,61.629257081183354
3852,61.0,59.81845885192479
451,61.0,59.95463604392323
2446,66.0,61.14632339911711
2076,65.0,61.06053314065991
2738,55.0,58.57264451034948
175,59.0,61.38633847975449
312,57.0,61.2390700698831
1472,60.0,60.53936600603529
1585,59.0,62.432063672385475
627,68.0,60.88613319603
1057,58.0,59.98117638680342
3259,63.0,60.914230980056956
3793,66.0,60.227636566726126
3081,63.0,58.56654906720712
3267,56.0,59.888219802805445
677,63.0,62.59381213910989
1213,60.0,59.53875832688699
2073,66.0,59.54964108213106
1746,60.0,60.78463272412395
75,62.0,61.00789426257244
1953,62.0,60.43257531039489
2416,61.0,59.8025449946526
2758,61.0,59.12500027299046
1646,67.0,62.1895264949918
2946,54.0,60.54111082005886
15,55.0,59.32730123473017
2513,60.0,59.55558204555122
3260,67.0,62.540354184130564
1828,59.0,60.56100812615375
1021,62.0,60.64512386723604
1093,63.0,60.67385176587108
9,61.0,59.27832042968143
3220,62.0,60.82046782793506
2898,59.0,60.053615671657845
994,55.0,60.30238912279605
370,59.0,61.28576973125702
1949,54.0,62.24256943826147
3373,60.0,59.55435396598476
4135,58.0,59.37108278912742
1865,60.0,58.25589080371282
897,60.0,59.13040492807534
3758,57.0,61.80391960548533
220,66.0,60.219170089982775
4125,60.0,59.820977252622384
2372,64.0,59.53614014335032
3941,56.0,60.915888776988
2957,69.0,60.43566578036875
1705,56.0,60.14838567580436
3935,61.0,60.39686389195819
2468,53.0,59.73741064942669
2442,56.0,62.198410808560666
817,56.0,61.25846612720683
420,65.0,61.40955096861432
103,65.0,60.208399492795316
193,65.0,60.57464648367444
2765,61.0,60.92035141405483
2408,58.0,59.661106858995076
1819,65.0,59.36480546865292
1842,69.0,60.84114630469408
158,55.0,60.99833609076496
1147,58.0,60.14545227573598
2915,58.0,58.73524135415122
3712,68.0,60.88865666337339
1534,59.0,59.69990924766474
2649,57.0,61.45372135641635
3680,61.0,59.435031002455275
3287,62.0,60.35762777600811
3276,64.0,60.42300066831869
281,61.0,60.54642995815013
2090,59.0,60.62151360840719
3630,55.0,60.671757531127795
2474,53.0,61.268494159393725
2902,61.0,59.70472576336699
33,55.0,60.27454833231571
3383,59.0,61.67416197210839
3169,60.0,61.04944595041943
1972,57.0,62.16013948826787
2880,62.0,61.09990176315483
205,65.0,61.74657602199356
2307,54.0,60.02724611707672
1513,60.0,61.25096142734586
1623,57.0,59.011765307481326
1815,55.0,61.915653003502605
1441,64.0,61.3871389192182
1912,61.0,59.78264120456084
2164,62.0,61.55417622804494
2404,63.0,61.561528717414866
2064,63.0,59.96683060497732
1298,70.0,60.87031844590096
1791,54.0,58.31166539331616
340,63.0,60.983367065878966
1032,64.0,59.20045737205339
2449,69.0,61.20781521129904
3404,60.0,60.91551933073683
2544,58.0,60.070911614504396
2866,54.0,60.21596763149686
2209,63.0,61.60214451851652
3657,52.0,60.98601849947225
1630,60.0,60.031571943136925
2648,67.0,61.5325951175289
3631,59.0,61.81321603798795
2013,66.0,61.16128176972764
509,65.0,61.231989856086855
3475,71.0,63.09957422770236
44,62.0,60.61299331072972
4082,59.0,59.55180612069188
678,69.0,59.61431225268687
1649,60.0,59.89816664174531
333,63.0,62.85345435363393
520,58.0,62.12858628975901
706,64.0,59.88303288107006
2276,63.0,58.789856718143504
1557,67.0,62.04171814034635
2501,56.0,60.044150225212256
1743,55.0,59.9252654514886
1901,53.0,57.99893255747983
188,58.0,60.28128606379817
2856,67.0,59.00720113093276
1474,64.0,60.94077683289848
588,58.0,61.48445750120095
2345,60.0,61.79257525075252
2413,63.0,60.37704395294976
18,56.0,62.4073104756374
1701,59.0,61.046597912404636
596,58.0,59.914069063444614
2420,60.0,60.706157926160365
885,62.0,60.302363526432124
563,49.0,60.996617971351526
1597,58.0,60.340104547807954
553,65.0,60.26780495785333
892,79.0,60.48734723772543
3752,65.0,61.922537526097656
3480,58.0,63.20920001146569
1794,63.0,59.14258708269008
2233,64.0,61.418810280568856
616,61.0,60.52382265064558
1752,59.0,60.252516682822915
2485,64.0,61.48224875191562
2978,61.0,60.002027724696326
319,48.0,59.685296202671246
4007,62.0,59.62599021848638
2004,60.0,58.64242039136768
1330,56.0,61.78269333883901
1128,58.0,60.079444267745785
2753,64.0,61.70655590237292
3372,66.0,60.16688540264652
214,63.0,61.53448035086915
3843,59.0,60.728959672321494
484,60.0,59.48534693932042
530,60.0,61.24629078027451
1262,64.0,60.85302074655475
1103,63.0,60.66783968401085
1880,56.0,59.35447695348178
2549,58.0,61.8905223983928
2255,59.0,59.44814437087021
3926,57.0,59.081580110202715
3419,57.0,61.44643375310463
2077,60.0,58.76043704170474
2029,61.0,59.81444609859943
3916,59.0,59.752213212535636
1172,63.0,58.80393644956662
1449,61.0,60.759834669753424
4113,58.0,59.96236056790194
3387,65.0,60.40272645057296
100,56.0,61.02188356011115
382,53.0,59.70256226226031
1457,63.0,61.79985379963857
1775,61.0,62.07457181643499
1415,64.0,60.4840919937451
2444,56.0,60.39644583506467
856,59.0,59.64995355772601
24,67.0,62.44601963420162
480,70.0,61.92961730238521
2440,60.0,61.97718397404609
2575,63.0,59.583401323610836
2346,63.0,61.622840617974354
1308,59.0,61.35752226466264
2966,63.0,60.43403785757348
1561,57.0,60.7948415045621
3937,61.0,61.37678209980257
1182,61.0,59.32960497580857
2657,56.0,61.20650042064369
2759,61.0,59.971088534342115
1658,57.0,58.46905230081458
3589,64.0,62.69788349379659
1224,59.0,61.553317033988534
2022,64.0,60.625978138004335
2667,62.0,61.107819294672375
932,61.0,59.13049794815892
1303,52.0,59.000977724814305
2125,60.0,60.70401897319486
2617,63.0,61.698578017105795
3860,54.0,57.96304694400564
1037,59.0,59.59068980318548
2979,58.0,58.880912396849936
3047,59.0,60.507479041422435
1275,63.0,60.44765541798293
1096,68.0,61.058729563714984
3971,66.0,60.97271967401315
2901,56.0,58.77423119822164
3542,70.0,61.780775110543196
107,30.0,60.20924400690153
2709,58.0,60.517279969977835
3550,65.0,60.93142598975211
427,70.0,61.76235397746083
620,55.0,61.347558697733945
1295,64.0,60.94734279178566
128,71.0,60.87154053632756
514,65.0,61.37567647577868
1817,55.0,60.71677575945991
165,57.0,62.052967469520304
3460,63.0,61.044590045410644
2317,59.0,61.86508718375857
3141,63.0,61.7635826751644
3707,62.0,61.899418575177535
3936,58.0,60.114208579454505
2239,59.0,60.27673890199429
803,55.0,59.183416845126686
249,65.0,61.28990036983397
3948,53.0,59.331805408118385
2135,70.0,60.91193494365644
2467,63.0,63.101863238986084
3258,57.0,60.29256800983875
1084,65.0,59.719120262973476
3737,66.0,62.2395366766291
3792,78.0,60.59470753266451
1494,54.0,60.36006813398055
3525,64.0,61.1458462517987
3125,62.0,60.22831227535699
1141,64.0,59.57516218456499
836,55.0,61.506766165729694
3074,57.0,60.71437148986093
1151,60.0,61.79604199959472
2289,57.0,61.197825474694675
3353,60.0,59.715533783844634
1054,58.0,60.4375759338038
2878,60.0,60.490781912821845
1356,60.0,60.20394688359514
700,61.0,61.94654406603564
54,57.0,60.01689687937665
410,58.0,60.69342882218075
1778,59.0,59.62139893304959
78,69.0,60.91966306880809
1918,62.0,60.12891974597811
2058,58.0,58.75222058676892
570,65.0,60.88422715855073
3643,59.0,61.47533095978202
1579,60.0,60.624551376852615
3618,52.0,60.51524662261037
2208,69.0,61.21619039573537
330,62.0,60.84581989146203
2151,64.0,61.83460902924334
982,61.0,59.478807227970506
166,61.0,62.23253851565205
2728,61.0,60.08124653884921
3807,61.0,61.87590511058431
55,65.0,61.25459571738268
1584,61.0,62.33200943253344
229,57.0,60.055330264934376
2378,59.0,59.56389473388144
27,55.0,60.13532208979401
1650,60.0,60.62702365901054
1626,57.0,62.042279953132024
223,60.0,61.15926543691613
3008,59.0,58.97595608751721
778,63.0,60.53054723014921
4090,55.0,59.41778391556065
2443,65.0,59.8022202696266
1300,56.0,59.068514337322405
336,62.0,60.098981890457566
1600,59.0,63.20268649692407
3390,57.0,59.73944875880332
2536,58.0,60.35991057092774
742,65.0,60.748913127636605
2118,53.0,59.24649192054381
907,61.0,59.55712888172677
1722,57.0,59.15217149857815
3832,66.0,60.03561079011069
844,59.0,59.96560309438733
2559,68.0,62.515525044288765
45,53.0,62.306655939706665
1419,62.0,62.09689065759516
2650,62.0,61.280506298679185
787,58.0,60.08174894385085
3023,68.0,58.59855152639885
3021,61.0,60.483877780762626
457,57.0,60.45181956638111
1100,60.0,61.71389558229655
745,64.0,60.9322747094419
1917,62.0,60.95620587362023
1933,60.0,59.02933118191448
1350,58.0,62.67704188433204
1312,60.0,62.02105536024326
575,60.0,60.92735573700378
2930,60.0,60.49720637273456
1806,63.0,59.562699819037036
265,67.0,61.43796058578141
3110,65.0,61.041441586856614
2622,64.0,60.77637901618526
2910,63.0,59.22857319310211
1105,55.0,59.06109511763271
2018,58.0,60.829041579624466
757,57.0,61.96708971015008
2155,67.0,60.927267898960196
4129,54.0,60.10576643980831
3326,63.0,61.523419202706336
2383,58.0,60.856407760312976
3489,62.0,60.507771652161495
305,66.0,62.147478072027454
3264,60.0,61.15332044795204
1680,59.0,61.96528012994794
142,50.0,59.85540665136078
1522,38.0,60.556613105145416
837,63.0,58.56148311335778
2057,60.0,60.122576777564646
2030,59.0,60.38270159724493
274,54.0,62.44231161265425
1362,63.0,60.694724811767585
3134,57.0,61.287327225381475
3644,66.0,59.98204680259043
1961,64.0,59.634706205499754
812,63.0,61.3612809896821
59,68.0,61.79381120243243
2381,61.0,60.12814378947573
1922,61.0,58.22598418425754
1228,64.0,60.45454931980346
3263,64.0,59.16643391262389
1947,60.0,59.78495769095061
1770,52.0,60.359246167629784
1376,61.0,60.86359956025544
2876,62.0,60.74543117579218
3867,61.0,60.406106967967986
2337,72.0,60.475494493442866
1799,57.0,59.634496592955415
3590,64.0,61.95222040700449
909,55.0,59.499658801819386
179,50.0,60.3561428720352
3162,64.0,62.14517033433202
2967,60.0,60.089083807112544
3675,75.0,61.45466613204852
3470,56.0,60.0985736874979
3476,62.0,60.683398901993186
1526,61.0,60.90954034735066
197,64.0,61.420201648790574
13,65.0,60.565150462397085
2993,68.0,58.59854201040126
337,65.0,61.450356035071465
2068,57.0,61.731000561963185
1107,63.0,59.91420574259635
2263,66.0,61.19243983134071
621,54.0,61.740013426096446
2596,54.0,60.11660288093953
2935,62.0,57.40466775255619
3368,64.0,60.66068603869326
433,71.0,60.441696417047325
3796,59.0,61.48341517196458
1666,67.0,62.445319567358396
1877,58.0,57.69004591298497
3002,53.0,56.785268094332245
3977,62.0,59.97769751566028
1936,61.0,60.71714943147692
4000,54.0,58.29917709507538
1079,55.0,58.621855093743434
2832,55.0,60.32355517160826
247,60.0,60.204515721116444
183,60.0,59.26763220246496
2359,58.0,60.20137299590928
2656,58.0,60.72887821418358
1139,63.0,61.389044598132166
2229,57.0,58.895192944178376
1790,62.0,58.926214400063984
505,59.0,60.69998234508213
3274,68.0,59.25123462898967
3449,59.0,61.963441724578104
429,58.0,60.917196195450614
3760,63.0,60.08341670192826
866,54.0,59.68886741846842
2364,61.0,62.07693788952416
1553,61.0,60.389655075974005
2138,63.0,61.959194172557766
978,63.0,59.05816016196561
236,57.0,61.532698564509616
1310,58.0,61.31899367740046
936,54.0,59.00682296861095
2997,59.0,58.65022562032625
367,72.0,60.85393967231886
1454,61.0,61.49696181056183
3925,61.0,58.818512489878714
3783,56.0,57.86236707327275
1034,66.0,60.84688485098761
1249,58.0,60.139840731119776
2310,60.0,60.70658065093615
2354,58.0,61.646224134072284
1438,71.0,60.392904628385395
74,67.0,58.099499281403425
1592,66.0,60.831433690870924
46,60.0,60.75254332041446
1529,60.0,59.75332213036119
3619,66.0,60.794405154494754
192,62.0,62.19340554070584
2665,64.0,60.55820622611561
3848,63.0,60.548610836810155
482,65.0,60.55823277209074
3530,56.0,59.83999691020351
1475,56.0,61.153957185287275
147,53.0,61.59462850735938
2990,57.0,60.447595188377534
838,60.0,60.597063415978354
324,63.0,60.837441996211915
277,65.0,60.56999619325042
1378,66.0,61.49594555156567
2245,60.0,59.82550368750156
3325,60.0,61.20446523934584
68,56.0,60.844824799423485
2660,55.0,60.654868178909055
3231,62.0,60.66694527960988
3075,55.0,60.607833123995164
3865,58.0,60.34878703790967
152,60.0,62.135862180528775
3581,69.0,62.02250613021578
839,61.0,58.4607276280263
2232,59.0,60.6984595549739
1049,54.0,58.65474175213781
1545,58.0,60.99276141414597
890,56.0,59.884399491994216
2586,59.0,60.241890598408006
3923,65.0,61.05688001078147
3132,61.0,60.05880837276331
4076,58.0,60.021928319306696
1886,56.0,59.57400205768811
1126,62.0,61.643736384577494
260,62.0,60.89607066652421
3742,69.0,62.995647096477654
918,58.0,59.94141701109825
1089,56.0,62.54743975831068
2318,63.0,62.28133509094694
3284,64.0,59.80925477121649
3199,64.0,60.802022847689486
2184,60.0,61.36079110414437
1465,62.0,61.444890583488544
4016,68.0,59.053191981702994
557,77.0,60.938808341175495
292,64.0,60.270535246789876
1580,63.0,62.01724836034637
1895,54.0,59.96112824753204
4008,59.0,60.61434213551066
3485,65.0,62.186615895498264
1669,63.0,61.91141872468695
374,62.0,61.5584164925817
2923,56.0,59.62389023944183
313,57.0,61.57093495167473
3804,56.0,58.57259344579502
744,59.0,59.65442185437697
1076,67.0,59.695899019045825
3672,63.0,59.496770645932116
3232,69.0,60.858848376312714
546,60.0,60.687077465379886
434,60.0,61.13527023642136
917,63.0,58.95633173451253
1321,61.0,59.83736608877695
1055,66.0,58.40678617639902
3185,62.0,60.021065913709975
3290,58.0,61.025736043814135
1929,63.0,58.002650900927215
3328,61.0,61.214170037531765
3824,62.0,60.12874890360388
2974,69.0,61.31964694931847
3914,58.0,59.27234288832433
694,62.0,60.300276106680414
1846,66.0,61.280493924735325
869,59.0,59.04483614790868
62,65.0,60.56637557336649
81,65.0,60.89947455171581
384,60.0,61.15892274288949
1215,61.0,59.52784818648316
1977,59.0,60.33795367739376
3381,67.0,62.98380661644326
899,62.0,60.5646266311721
2831,56.0,60.50760296541672
999,67.0,59.157355166223475
1334,62.0,61.94323372143361
3932,56.0,59.43795875986291
4031,63.0,59.238347694217445
2476,55.0,60.25522597554284
132,66.0,61.55790607340558
2387,66.0,61.07252096636009
2150,62.0,61.851287207025905
2905,58.0,60.63898802644924
2038,59.0,59.56275121845695
448,55.0,60.39148910381762
3360,60.0,61.45471113510174
1973,68.0,60.8663881435989
865,60.0,60.473114985746676
704,61.0,59.24402034821622
1707,58.0,61.530181130698395
979,56.0,58.7803506452669
404,67.0,62.40621780012284
31,57.0,60.650513113423884
3438,65.0,60.90763991819185
212,62.0,60.35335127214092
4079,61.0,60.73259567213027
4005,61.0,59.4407281522255
1611,60.0,60.81139741990346
3250,57.0,59.25478625846687
2008,55.0,58.5047948803286
2760,64.0,58.65023047490078
497,52.0,59.6560250307232
2365,66.0,60.62154189764237
2854,61.0,60.193045134459084
462,59.0,60.53178139603682
830,60.0,61.44051905819746
1398,53.0,61.52182654107823
1210,64.0,61.51904181586803
201,68.0,60.482740391128424
587,54.0,58.78635605243755
1301,65.0,60.094417036745
967,64.0,60.561060794416974
7,60.0,60.9577590347648
458,56.0,59.23607576435634
303,59.0,59.26015070244537
729,58.0,59.974603227505376
3858,57.0,59.441246991298
3540,59.0,60.46794395317511
922,57.0,59.45493104298461
3036,65.0,60.36595924334059
1329,58.0,60.00815583703898
1157,58.0,61.55403644040059
4123,60.0,58.90519647163882
2550,58.0,60.28193978974121
3646,57.0,60.736313925169675
203,57.0,60.61333981127956
469,62.0,60.81593420234226
1169,72.0,60.53107214245527
2848,63.0,60.671775251064055
30,58.0,62.3498773943338
834,64.0,59.62877656081434
2340,66.0,59.69925630566216
3994,68.0,60.45145208992204
665,62.0,59.094958337499136
3062,64.0,59.06470772242865
3564,62.0,61.55714113285193
4087,59.0,58.13707042296743
3829,56.0,60.041365063027136
3761,52.0,59.52196144105517
1988,54.0,61.339759217173274
2410,59.0,58.60268446824034
231,72.0,59.78706298889936
753,61.0,61.42316909740143
717,58.0,62.316539708873655
593,70.0,60.840307202433856
2526,61.0,62.183344604941
3499,63.0,61.77717743286352
2647,60.0,60.07597919828112
3795,56.0,60.43219163179231
1737,54.0,59.35488061579826
680,61.0,60.19729001689957
86,55.0,59.932525806480044
266,65.0,60.0345692648727
309,61.0,59.612769759092956
2908,60.0,61.006548012349036
1536,66.0,62.31081344888967
1893,62.0,59.57727056640036
1766,71.0,61.937743171873876
1277,63.0,61.5806399778565
1816,69.0,61.65610081032754
2385,67.0,60.10352437140705
3167,66.0,62.60703997150286
2702,58.0,60.60680270696476
3975,61.0,58.708848777291344
2892,63.0,59.603246536562004
1641,55.0,62.17168634139665
3995,56.0,59.517398101767185
2207,63.0,61.79410611931371
2001,60.0,59.22064753397984
1718,55.0,61.37043699853605
3623,62.0,59.93779961688997
2445,67.0,60.66686776540519
845,53.0,58.75197675218283
3003,61.0,59.18940543484261
2942,65.0,61.46450798389317
430,62.0,59.430973051578434
1834,67.0,62.0132911607816
1226,62.0,59.93083360238895
2493,60.0,60.34312765879667
1663,57.0,59.768413077298156
2141,63.0,60.50881951890424
1987,68.0,61.2902230724965
772,72.0,60.32201906470355
3554,53.0,60.26240253949453
161,63.0,59.32734182776836
1628,60.0,61.23004409833941
1661,69.0,58.78958570958729
1137,64.0,59.67165220255752
110,62.0,62.07694809719882
3309,59.0,59.77545533277548
3099,64.0,60.50308339012818
248,67.0,61.3465697150808
781,57.0,58.62026738975156
1488,63.0,62.737551099657466
2039,63.0,58.91411668288439
2368,69.0,60.862907166690356
2190,60.0,61.74556159119796
2573,53.0,60.32901420423887
1212,57.0,59.12604610332879
2269,63.0,61.46358854708346
2604,61.0,61.82488868082858
3242,55.0,60.82961708167322
2353,55.0,59.46217285766209
2200,65.0,61.205225910734335
1266,60.0,60.32209833072278
347,64.0,62.60129436590632
1662,55.0,61.60036412041903
790,66.0,59.611644342698526
2043,55.0,59.05432073904419
1913,60.0,60.045447931826224
1500,59.0,60.64759613006621
2819,60.0,60.362534834728265
1371,59.0,61.2184974034389
3462,59.0,61.586995804897654
2112,59.0,61.22035848046116
2159,67.0,60.441668497233
2351,63.0,60.6961544853829
3005,58.0,59.837009282642946
962,59.0,61.08637113606942
3663,63.0,62.57930784499321
4136,66.0,59.70801466833155
2375,59.0,60.46469615497251
3584,53.0,61.239182190367565
1185,59.0,61.308898569478174
3574,59.0,60.141559126149154
574,61.0,60.89377223648469
2504,57.0,60.60067344269082
1146,64.0,62.79567855400833
2282,65.0,60.539610806316134
3275,61.0,61.51587400293945
3319,60.0,61.60803539786806
2734,61.0,59.67134617043893
3744,69.0,61.99241549420394
1826,57.0,57.7872287720938
3608,54.0,58.612466647933886
768,54.0,57.973138766300394
3842,57.0,61.50366368469718
3093,61.0,60.62018872746532
1738,62.0,61.922513580537085
1333,60.0,59.99719728562762
4084,52.0,60.63823857496343
4010,62.0,58.2369761225889
1412,66.0,60.1769256653719
4028,61.0,60.62766026827494
1016,60.0,58.80511134430184
2215,62.0,60.56240251154733
1769,56.0,61.117076231928614
3776,59.0,62.11415040652926
1074,61.0,58.97074423456638
1710,58.0,62.281237471672085
1403,65.0,60.7233135358281
1772,57.0,59.493906591679746
1614,54.0,60.13962088832299
362,66.0,60.15983018153144
2646,65.0,61.267155909015585
2707,57.0,60.95585898667196
4132,57.0,59.04881435523858
893,58.0,58.37577815069479
3398,66.0,60.9979379288329
2700,55.0,59.16711748014154
1927,59.0,61.566385764552486
1640,57.0,60.2638905237007
3826,66.0,63.59672810469529
3349,58.0,58.62251500283576
187,65.0,60.15270985694609
3645,63.0,60.711921976504776
3303,59.0,60.586802214930515
2415,56.0,60.2369057372091
1998,61.0,59.1497102254723
1911,58.0,59.534612077814494
2746,57.0,60.363594400231484
1897,55.0,58.79455623439908
26,74.0,62.000425849133585
3312,64.0,60.79631603333137
2858,66.0,61.56758750604509
2741,62.0,59.98345088356989
182,65.0,61.67564606256138
2804,60.0,58.610816644152756
3166,69.0,58.85173565806045
346,69.0,61.75939942951198
3300,60.0,60.02690992677095
449,57.0,59.59925193622371
1859,61.0,59.92332659170768
2463,58.0,59.70187099273247
1252,52.0,62.30154047475948
1470,59.0,61.232948204949224
498,64.0,61.161924134433846
942,57.0,58.67110801862314
1549,64.0,60.54654789173167
1363,46.0,61.272902169021044
2680,62.0,62.702725640845806
1116,60.0,59.79820311536171
1379,68.0,61.133540422712315
3881,58.0,61.962178112838785
2257,63.0,60.894452873023575
3654,67.0,60.58865440025525
339,61.0,60.46729963908865
1386,61.0,61.9066890306234
487,59.0,60.56334467645544
581,59.0,61.400927594819855
3323,67.0,61.95232910133303
2062,53.0,59.15017807901612
2991,61.0,60.30723614610924
1937,59.0,60.05964241972097
2654,54.0,61.14797934268208
3288,68.0,59.0429814951202
66,60.0,59.53239222754437
4091,59.0,59.618456282666195
1780,62.0,59.72806645377399
2163,65.0,60.037732596114566
263,59.0,61.37589228343679
2788,68.0,59.71894061582948
1143,65.0,61.87036812927171
1948,56.0,59.79497622914542
843,59.0,58.42137877598827
1088,60.0,60.55632061645785
2655,64.0,60.99760677484659
1420,66.0,62.25546293312241
72,61.0,59.11596873171189
1692,56.0,60.3933197959422
926,55.0,61.21985390593998
230,55.0,60.62803074376989
2343,62.0,59.90908150694652
2490,66.0,61.01813143805181
1318,64.0,59.54092803074393
3604,64.0,59.58806430735672
95,63.0,60.83468754973941
1073,63.0,60.318157273532506
3856,56.0,60.18729185920502
2927,56.0,59.08501360864581
1214,58.0,60.02423139721313
3632,68.0,58.60793702271997
1460,55.0,59.96824620111326
3433,60.0,61.475247814420214
455,64.0,60.85693066227235
4047,63.0,59.53255589754197
3946,55.0,59.368512194648716
2737,53.0,59.965936004749594
4057,60.0,60.65692638524694
1991,59.0,59.9796111839764
2773,54.0,60.47723698519896
3637,63.0,60.292188424965
