,y_test,prediction
2466,58.0,59.367458490377786
825,55.0,56.562354129763
2447,45.0,61.61947015581042
2122,56.0,56.938916906522316
1030,57.0,56.499449181469544
1802,54.0,65.19924335266833
814,65.0,64.47183086510617
3912,55.0,55.15420445234149
3628,58.0,60.67139116197991
3439,60.0,62.93169356436525
3516,57.0,57.943288749486214
490,63.0,62.010577551702625
3073,67.0,64.85813087403741
858,61.0,61.36783005362197
2710,58.0,57.187726594027815
2457,61.0,61.97045886097029
117,57.0,61.689004106409875
3533,64.0,63.70861575411219
1858,58.0,58.453260649952966
2717,57.0,58.113829135077566
1198,67.0,65.12495946006251
755,55.0,55.587719368888145
2480,62.0,61.956302602419534
3164,61.0,61.51940565750078
777,63.0,63.22191294093854
3781,59.0,59.816317120494155
829,55.0,54.96330097659686
2983,56.0,56.10377289700537
3443,65.0,62.705532721970364
2803,60.0,59.487228237135454
2508,58.0,57.735501446606385
3670,58.0,58.987077374999984
1380,65.0,62.94903908660957
2539,55.0,57.10273903800935
2452,65.0,63.93725814734045
238,56.0,57.30660811577826
3295,52.0,52.40231579384893
2670,59.0,64.59638618331012
3216,62.0,61.18469142783306
2438,57.0,57.34161782449689
2961,61.0,60.619400060049486
3625,66.0,64.4460180010087
329,64.0,62.46499813635404
3256,60.0,60.2068192214076
3635,63.0,65.3035039817391
34,62.0,61.44023076300344
2673,61.0,61.413528203978004
2430,59.0,59.190879749503765
2069,55.0,54.95717146357787
2802,62.0,61.70744289035223
1282,57.0,56.77078275094245
3973,65.0,64.17462007935804
476,59.0,60.26318457162785
3403,64.0,62.08053009390409
1064,62.0,62.4126473063513
584,57.0,57.65974390130563
1774,58.0,63.25068225418137
322,64.0,61.624215587443224
1162,64.0,63.91914957652116
3852,61.0,61.040656782956944
451,61.0,60.746248515559756
2446,66.0,64.05201563044452
2076,65.0,64.70816829085882
2738,55.0,53.42212815991218
175,59.0,61.53694379317326
312,57.0,58.13164619566304
1472,60.0,59.71940310041849
1585,59.0,59.85076540153531
627,68.0,62.22607630531263
1057,58.0,58.38046506609045
3259,63.0,61.643989014612266
3793,66.0,65.99300168624126
3081,63.0,61.77416512223593
3267,56.0,57.50738095939728
677,63.0,63.50959035120059
1213,60.0,66.37315095590037
2073,66.0,65.65321165758634
1746,60.0,59.61265301412366
75,62.0,61.007239422663524
1953,62.0,62.27540240113952
2416,61.0,59.985405178224624
2758,61.0,60.644456277434074
1646,67.0,65.6171456621585
2946,54.0,55.84361174878954
15,55.0,56.099997881502716
2513,60.0,59.62855747689842
3260,67.0,61.21425337379228
1828,59.0,59.91804575577848
1021,62.0,62.959915784196696
1093,63.0,62.591231108972764
9,61.0,59.94118632974769
3220,62.0,61.83540227006293
2898,59.0,59.85372123835457
994,55.0,55.780195394923496
370,59.0,59.30895672356227
1949,54.0,55.20869973315569
3373,60.0,59.33523513130041
4135,58.0,58.36728518595959
1865,60.0,59.10303380569952
897,60.0,60.14789691619143
3758,57.0,57.82190182281739
220,66.0,63.92113806320672
4125,60.0,60.04972367963556
2372,64.0,62.20526316881112
3941,56.0,57.49799172540851
2957,69.0,68.7484085203378
1705,56.0,57.332626907157426
3935,61.0,60.569646911501366
2468,53.0,53.69168021001572
2442,56.0,58.23081696629155
817,56.0,57.07560495288589
420,65.0,63.69126064480855
103,65.0,63.67683051804956
193,65.0,62.67729456722369
2765,61.0,59.72269608432234
2408,58.0,57.74678101050813
1819,65.0,64.47872473976408
1842,69.0,68.36793838894094
158,55.0,65.84651279097316
1147,58.0,65.17556245579621
2915,58.0,58.16370020502653
3712,68.0,66.44032970051792
1534,59.0,57.97701462010875
2649,57.0,58.17554154433957
3680,61.0,60.365014616771745
3287,62.0,61.26131950276988
3276,64.0,64.94266150367329
281,61.0,59.74914204162862
2090,59.0,59.62399150153855
3630,55.0,55.86489702769257
2474,53.0,55.71266400516778
2902,61.0,61.1226950849374
33,55.0,55.045856193515675
3383,59.0,59.28184611264203
3169,60.0,65.45019244214771
1972,57.0,57.048099564149304
2880,62.0,62.55381785304706
205,65.0,63.16810277017766
2307,54.0,55.33637177916521
1513,60.0,59.90336988382095
1623,57.0,56.765188394031384
1815,55.0,55.308542051828084
1441,64.0,63.028093845037375
1912,61.0,61.37254861495111
2164,62.0,62.636729113845206
2404,63.0,62.542011501521756
2064,63.0,64.03994570055353
1298,70.0,62.555659469814344
1791,54.0,53.96379775702356
340,63.0,61.843674261429975
1032,64.0,64.7997288418589
2449,69.0,64.01185728761072
3404,60.0,59.726384016199965
2544,58.0,65.02314866022586
2866,54.0,55.03210152113799
2209,63.0,62.35292416865959
3657,52.0,53.16998702854313
1630,60.0,60.07527992950329
2648,67.0,64.81285168836877
3631,59.0,59.59193309020882
2013,66.0,65.02321293613564
509,65.0,63.40830287115348
3475,71.0,67.77325074007521
44,62.0,64.09474526351897
4082,59.0,59.19756827718208
678,69.0,64.67663227172518
1649,60.0,60.601533195562475
333,63.0,62.825068267716205
520,58.0,59.03844154942219
706,64.0,64.41482870686895
2276,63.0,61.3426019886622
1557,67.0,65.55332676900646
2501,56.0,56.66153434988475
1743,55.0,64.40847072721267
1901,53.0,51.84105096734832
188,58.0,58.63422301905425
2856,67.0,66.31723318455155
1474,64.0,63.12847080903486
588,58.0,59.00911531390624
2345,60.0,59.117527396276515
2413,63.0,60.851391886687274
18,56.0,59.618094018043124
1701,59.0,58.88533250162303
596,58.0,57.51178550079295
2420,60.0,59.58223819597226
885,62.0,63.01110149953748
563,49.0,51.31854357420496
1597,58.0,58.224616791652906
553,65.0,62.236598340612915
892,79.0,79.02114109473234
3752,65.0,63.96462222276121
3480,58.0,59.332599877855955
1794,63.0,63.280422336764346
2233,64.0,63.62335196444944
616,61.0,60.269396210785146
1752,59.0,59.74711984594297
2485,64.0,62.3828649199649
2978,61.0,61.15482673566308
319,48.0,55.042334070159505
4007,62.0,62.78084905043434
2004,60.0,59.79777399737213
1330,56.0,58.83685693616476
1128,58.0,58.909656684413065
2753,64.0,62.94314871971663
3372,66.0,62.67721204030402
214,63.0,61.84959156947671
3843,59.0,60.39039474056222
484,60.0,59.475739613274314
530,60.0,59.58274625615439
1262,64.0,61.87967579887618
1103,63.0,62.25161752373834
1880,56.0,55.31394795223857
2549,58.0,60.24567825470582
2255,59.0,58.996826261809275
3926,57.0,57.27721738733219
3419,57.0,57.87451875398061
2077,60.0,59.05031533080072
2029,61.0,61.38598692961492
3916,59.0,59.43235683935037
1172,63.0,61.51475780071017
1449,61.0,61.17684097861625
4113,58.0,57.33394838882719
3387,65.0,65.75480977123313
100,56.0,56.46045987800017
382,53.0,53.19475273087749
1457,63.0,62.62049310395891
1775,61.0,62.37946320903101
1415,64.0,62.54705731637079
2444,56.0,56.83427460183769
856,59.0,58.854058293213704
24,67.0,66.07862302992115
480,70.0,66.42131192688765
2440,60.0,60.91583071154052
2575,63.0,62.812174398627704
2346,63.0,61.49401855079017
1308,59.0,59.15158751025179
2966,63.0,63.180812275602406
1561,57.0,58.10033620642018
3937,61.0,62.47710175759942
1182,61.0,63.68902116278503
2657,56.0,66.07083634606795
2759,61.0,61.37913824922116
1658,57.0,57.725360850039586
3589,64.0,63.35217615337278
1224,59.0,59.9630490477485
2022,64.0,64.93146537297451
2667,62.0,61.10535640977072
932,61.0,61.20489481170092
1303,52.0,52.75949477685029
2125,60.0,60.5934355370254
2617,63.0,61.019720335379304
3860,54.0,51.29952708779208
1037,59.0,59.60007265655979
2979,58.0,57.17863248745611
3047,59.0,59.77163772748964
1275,63.0,62.65591554677473
1096,68.0,65.60907006262897
3971,66.0,66.33602166538132
2901,56.0,55.0284434650855
3542,70.0,67.30800901317514
107,30.0,29.542401133448266
2709,58.0,63.79245925468426
3550,65.0,63.476500893498276
427,70.0,67.43940262789776
620,55.0,56.88124808547375
1295,64.0,65.0862914241356
128,71.0,67.46060181280188
514,65.0,64.17336976174974
1817,55.0,57.14758268262521
165,57.0,60.26623482830778
3460,63.0,61.515591632395186
2317,59.0,60.859220201970466
3141,63.0,61.71851848096817
3707,62.0,60.874566900625865
3936,58.0,58.506614842328865
2239,59.0,64.78821239776421
803,55.0,54.48978630873777
249,65.0,63.84683804109555
3948,53.0,52.08083931974676
2135,70.0,66.48121441285535
2467,63.0,60.42300121937453
3258,57.0,57.60369339787883
1084,65.0,63.27774815034769
3737,66.0,65.23176436685158
3792,78.0,68.08046074379776
1494,54.0,55.63111817337214
3525,64.0,61.59167708369333
3125,62.0,71.06257667141186
1141,64.0,66.1971366037513
836,55.0,57.32895099815404
3074,57.0,58.071099216543466
1151,60.0,59.79050057016328
2289,57.0,57.76572371649242
3353,60.0,59.54724519119146
1054,58.0,58.99447380688401
2878,60.0,62.07659992449017
1356,60.0,59.281994943013714
700,61.0,62.0234636142562
54,57.0,57.872338945610416
410,58.0,58.61019589675285
1778,59.0,58.99002069881662
78,69.0,66.54920587512424
1918,62.0,62.45275972881194
2058,58.0,56.78196704716544
570,65.0,62.916768886345665
3643,59.0,59.23877563138198
1579,60.0,60.2316133657149
3618,52.0,53.57172190982377
2208,69.0,63.088628461275086
330,62.0,61.17314897620948
2151,64.0,62.53096545178456
982,61.0,62.058575480748424
166,61.0,55.384108356417066
2728,61.0,61.36684373960209
3807,61.0,61.12515447270964
55,65.0,63.45341673627887
1584,61.0,62.59526593893643
229,57.0,58.202705568556915
2378,59.0,59.01317817502998
27,55.0,55.40908396691617
1650,60.0,60.88989128681749
1626,57.0,57.97313040151159
223,60.0,62.484614718473445
3008,59.0,58.068997876920726
778,63.0,63.233766543452546
4090,55.0,55.498440502525355
2443,65.0,62.03317476511421
1300,56.0,62.65041547683486
336,62.0,61.738549566526714
1600,59.0,60.04141611795809
3390,57.0,56.874630221669165
2536,58.0,58.479207626533984
742,65.0,64.96446915359539
2118,53.0,63.85280825796559
907,61.0,61.18442996893542
1722,57.0,58.44452535536479
3832,66.0,65.23781877711188
844,59.0,59.01672707355177
2559,68.0,66.90907352763053
45,53.0,55.29642380957485
1419,62.0,61.329493200182796
2650,62.0,61.88143755888163
787,58.0,59.08474231796726
3023,68.0,67.07218563915934
3021,61.0,61.431242829227564
457,57.0,58.39649455585577
1100,60.0,60.05002252811893
745,64.0,64.10441155433102
1917,62.0,62.698995750987905
1933,60.0,59.82079525245553
1350,58.0,60.179516460648756
1312,60.0,60.831020198570265
575,60.0,61.1475282609509
2930,60.0,59.98883719258585
1806,63.0,62.65850245295135
265,67.0,65.3224745953888
3110,65.0,63.503545394083226
2622,64.0,61.46950885549588
2910,63.0,63.36956368009097
1105,55.0,55.28821435108898
2018,58.0,58.83881000908575
757,57.0,58.93951068917773
2155,67.0,63.70645927771947
4129,54.0,54.88460811648889
3326,63.0,61.826966663482054
2383,58.0,59.332601090819146
3489,62.0,61.749629789314604
305,66.0,64.08104024251124
3264,60.0,60.96032441462141
1680,59.0,59.7470439719515
142,50.0,50.86677737614531
1522,38.0,39.437247048587075
837,63.0,62.805219350121284
2057,60.0,60.734922274587774
2030,59.0,59.039554046122916
274,54.0,57.2803349117313
1362,63.0,59.527106927816554
3134,57.0,58.23825955727404
3644,66.0,65.70223864311933
1961,64.0,64.07521139023105
812,63.0,62.885784760559446
59,68.0,65.15543231705175
2381,61.0,60.846251624563365
1922,61.0,60.399097063042746
1228,64.0,62.11568246666945
3263,64.0,62.842925663276844
1947,60.0,60.18582471422594
1770,52.0,52.731441449404706
1376,61.0,60.66613712012264
2876,62.0,63.50536706099257
3867,61.0,61.10494892525473
2337,72.0,65.94523663234932
1799,57.0,58.364085461645395
3590,64.0,62.88103413711412
909,55.0,55.978292668786224
179,50.0,53.122351583062
3162,64.0,63.72493096244919
2967,60.0,61.20421887456077
3675,75.0,67.28859763363168
3470,56.0,56.143172927932085
3476,62.0,60.86127454430472
1526,61.0,60.19061383445976
197,64.0,62.730070560212184
13,65.0,62.700334578128945
2993,68.0,66.65683981641301
337,65.0,62.9737135699342
2068,57.0,57.601316557120256
1107,63.0,61.805948243201975
2263,66.0,63.154958246101685
621,54.0,55.09225719404052
2596,54.0,62.382150416982306
2935,62.0,62.84548281699682
3368,64.0,62.71050526969596
433,71.0,68.32334329203708
3796,59.0,60.39446593752101
1666,67.0,64.14313672685661
1877,58.0,56.949675658926964
3002,53.0,51.21297403823604
3977,62.0,62.83079864635997
1936,61.0,61.88077886439124
4000,54.0,53.42359111600831
1079,55.0,54.06846595596641
2832,55.0,55.75838282124923
247,60.0,59.215964369422885
183,60.0,63.37433858135199
2359,58.0,59.08182714304607
2656,58.0,58.96450702488583
1139,63.0,64.17789439742111
2229,57.0,57.57553243924373
1790,62.0,61.28726618457008
505,59.0,60.04052541630411
3274,68.0,67.20177817002293
3449,59.0,59.017960949236844
429,58.0,58.45624900184913
3760,63.0,62.525279932705
866,54.0,54.32565804811203
2364,61.0,60.54384039215271
1553,61.0,60.633695491989926
2138,63.0,63.34377986239145
978,63.0,61.73262379680263
236,57.0,57.51282600567905
1310,58.0,59.103318124273066
936,54.0,53.98023961166256
2997,59.0,59.0342541013206
367,72.0,66.82922169504093
1454,61.0,61.324297944423336
3925,61.0,60.0690212050107
3783,56.0,55.33417092256377
1034,66.0,64.74531445962585
1249,58.0,57.94810610176434
2310,60.0,63.14521630046727
2354,58.0,59.33150069645275
1438,71.0,67.36848416299944
74,67.0,62.970143336778015
1592,66.0,64.36531326327771
46,60.0,62.321734784203926
1529,60.0,59.90345333412507
3619,66.0,64.24349772922007
192,62.0,62.4525066248236
2665,64.0,63.82012947920299
3848,63.0,61.441030850664475
482,65.0,65.49207186868935
3530,56.0,56.643776410964996
1475,56.0,56.43783553144561
147,53.0,56.310694544966665
2990,57.0,57.29853932410378
838,60.0,61.33210298731294
324,63.0,62.20375600737826
277,65.0,63.352205615985454
1378,66.0,64.1543923599194
2245,60.0,59.40734015166783
3325,60.0,61.33557555809237
68,56.0,57.360943366737935
2660,55.0,56.451447947556176
3231,62.0,60.70408231383845
3075,55.0,55.451730301547755
3865,58.0,59.054976109894106
152,60.0,60.97816569055567
3581,69.0,69.88620881088139
839,61.0,60.52181627966227
2232,59.0,59.531170614895586
1049,54.0,53.35923122060528
1545,58.0,59.119442795876
890,56.0,56.51671525227464
2586,59.0,58.68949789059478
3923,65.0,66.16995744751935
3132,61.0,60.47391170416998
4076,58.0,59.283406234041756
1886,56.0,56.16737130478886
1126,62.0,62.12208041807541
260,62.0,60.29594024285134
3742,69.0,67.07744889977455
918,58.0,59.13935133264149
1089,56.0,62.052868882186885
2318,63.0,62.54546276047764
3284,64.0,62.127409313271095
3199,64.0,63.24411068168999
2184,60.0,59.972442773943214
1465,62.0,62.49533117399408
4016,68.0,66.9294090315908
557,77.0,70.91780010423349
292,64.0,61.97678336194608
1580,63.0,63.01454998981043
1895,54.0,55.54192450623087
4008,59.0,60.33415589298852
3485,65.0,64.6925885585615
1669,63.0,61.86780430791206
374,62.0,61.244880117585
2923,56.0,56.310344885309355
313,57.0,58.17472923822802
3804,56.0,54.918784264052476
744,59.0,59.67948253517524
1076,67.0,67.20735548757077
3672,63.0,61.27786527757613
3232,69.0,67.94820827188215
546,60.0,59.41375127815952
434,60.0,59.36657563601807
917,63.0,63.08836995091846
1321,61.0,60.51957308978135
1055,66.0,67.31896947216975
3185,62.0,61.1256243381846
3290,58.0,59.768590383861785
1929,63.0,61.09306162763916
3328,61.0,61.15796540030723
3824,62.0,62.25487399133
2974,69.0,67.98185865572444
3914,58.0,57.90768001867544
694,62.0,61.58528934391035
1846,66.0,59.870526022805514
869,59.0,58.34964706106595
62,65.0,63.36257344362303
81,65.0,63.29582013011238
384,60.0,60.37729677776307
1215,61.0,59.6618439124713
1977,59.0,59.08139217996826
3381,67.0,64.84491694219372
899,62.0,63.075051411251884
2831,56.0,55.797337859595096
999,67.0,65.30184351935941
1334,62.0,61.3746429420991
3932,56.0,56.35435305573439
4031,63.0,63.11287210080654
2476,55.0,56.45027739082691
132,66.0,63.66258845000877
2387,66.0,63.69354019616342
2150,62.0,56.450031358403486
2905,58.0,59.79075900422077
2038,59.0,59.13684698483099
448,55.0,56.2714829797813
3360,60.0,60.60256817055091
1973,68.0,67.72469537664473
865,60.0,62.22511566392634
704,61.0,60.61883904302426
1707,58.0,59.23460646577097
979,56.0,56.02369840339031
404,67.0,64.92797544713724
31,57.0,57.60971229929547
3438,65.0,62.69391470815196
212,62.0,60.973106426841255
4079,61.0,61.54636495948879
4005,61.0,61.163528836426565
1611,60.0,59.79845811275016
3250,57.0,44.223042715005825
2008,55.0,54.05268152572141
2760,64.0,63.8471462412279
497,52.0,53.27908046722716
2365,66.0,63.20634221461988
2854,61.0,61.567551885515755
462,59.0,59.0349003751393
830,60.0,61.408227124893756
1398,53.0,55.7852780040916
1210,64.0,63.21005015279239
201,68.0,63.86624139525797
587,54.0,54.88960151665754
1301,65.0,61.918410194377934
967,64.0,63.953723720404135
7,60.0,63.84342645616471
458,56.0,56.13117710767569
303,59.0,62.17190799094581
729,58.0,58.155835453690656
3858,57.0,57.78416987540977
3540,59.0,59.16406025784233
922,57.0,57.359841396692616
3036,65.0,64.86270658707544
1329,58.0,58.30648668135474
1157,58.0,61.58388682657943
4123,60.0,60.1525052302072
2550,58.0,58.5469950376263
3646,57.0,58.08936370397353
203,57.0,58.090216974365624
469,62.0,61.112988297754086
1169,72.0,67.0628454868015
2848,63.0,62.273939777101816
30,58.0,59.5407271943603
834,64.0,62.91650421169356
2340,66.0,63.68917381808208
3994,68.0,67.95118004515037
665,62.0,60.95856778748572
3062,64.0,62.35013091424539
3564,62.0,61.8437509412505
4087,59.0,58.15199080482873
3829,56.0,56.85961009572966
3761,52.0,53.57059720380014
1988,54.0,54.995274902029955
2410,59.0,59.132496602035
231,72.0,62.55660257770779
753,61.0,59.67813455195981
717,58.0,59.290836740304
593,70.0,67.28942486908197
2526,61.0,61.23657009636791
3499,63.0,63.13952409842677
2647,60.0,58.96822456857491
3795,56.0,56.6866531482653
1737,54.0,54.16432726643234
680,61.0,60.28763338391749
86,55.0,65.44090839622459
266,65.0,62.450043591530005
309,61.0,60.593026309839786
2908,60.0,61.24960845827363
1536,66.0,64.87025999594054
1893,62.0,61.83524187221878
1766,71.0,67.15501005655595
1277,63.0,61.67664272833687
1816,69.0,64.82598829336919
2385,67.0,64.5985913398016
3167,66.0,65.1848749998861
2702,58.0,58.502843437663074
3975,61.0,60.92405642604945
2892,63.0,62.88584936594043
1641,55.0,61.801897310288865
3995,56.0,56.85894596672478
2207,63.0,63.035530410392454
2001,60.0,60.52654473743885
1718,55.0,57.109168478714544
3623,62.0,60.720960599512736
2445,67.0,64.70828185169333
845,53.0,51.65947176421417
3003,61.0,61.53948361897194
2942,65.0,65.5920994472146
430,62.0,61.529622830581275
1834,67.0,64.78132852984044
1226,62.0,61.4137910926965
2493,60.0,60.46336134505774
1663,57.0,57.234237614611345
2141,63.0,63.248803669456876
1987,68.0,67.97479675098728
772,72.0,68.20232980342135
3554,53.0,65.78475404183163
161,63.0,60.6362949742374
1628,60.0,60.63906538632541
1661,69.0,66.34507229862942
1137,64.0,61.66327212828872
110,62.0,62.46319938789782
3309,59.0,59.23786343353149
3099,64.0,63.48210798088027
248,67.0,57.18886630796224
781,57.0,56.57896222649422
1488,63.0,60.45361847842382
2039,63.0,62.52812515403259
2368,69.0,65.63687386334166
2190,60.0,63.60335254672532
2573,53.0,54.62211606074213
1212,57.0,57.200064912755494
2269,63.0,62.86636005282375
2604,61.0,60.597532283789235
3242,55.0,56.79519443259201
2353,55.0,55.3873398282508
2200,65.0,63.444744128933216
1266,60.0,59.60775807712942
347,64.0,64.18081347596258
1662,55.0,58.21536101859625
790,66.0,63.95250020423367
2043,55.0,54.71447893706198
1913,60.0,61.09895413088694
1500,59.0,58.9464668047088
2819,60.0,60.726756356773976
1371,59.0,59.40494169031801
3462,59.0,59.5551186688599
2112,59.0,59.28866801895588
2159,67.0,65.35911105882325
2351,63.0,61.794848390553476
3005,58.0,58.49805662132898
962,59.0,60.028538206623764
3663,63.0,62.68458694698877
4136,66.0,66.94677332764188
2375,59.0,58.649357241882214
3584,53.0,54.86592030507777
1185,59.0,59.07512598618352
3574,59.0,59.356294328374894
574,61.0,61.428839116996585
2504,57.0,58.214126583632
1146,64.0,64.13937718127698
2282,65.0,63.039931418923636
3275,61.0,58.18133668130826
3319,60.0,60.01002412351511
2734,61.0,65.65204675899369
3744,69.0,66.56398316980783
1826,57.0,56.54303721199066
3608,54.0,56.894425372738034
768,54.0,54.06733014718183
3842,57.0,57.137268780877
3093,61.0,61.650208584592576
1738,62.0,61.96445303962168
1333,60.0,58.94098694158232
4084,52.0,50.04974171723948
4010,62.0,61.134623358969044
1412,66.0,64.60829219317182
4028,61.0,61.42852448979684
1016,60.0,59.45055903570725
2215,62.0,61.26602904043372
1769,56.0,57.175321990306365
3776,59.0,59.94383158967845
1074,61.0,60.83100251394642
1710,58.0,59.39630569896622
1403,65.0,62.79893117467154
1772,57.0,59.601131995206956
1614,54.0,54.707587380784
362,66.0,63.71626081242136
2646,65.0,61.04588314158386
2707,57.0,57.55675316904019
4132,57.0,57.37800585025431
893,58.0,57.55438710594969
3398,66.0,62.97776282454155
2700,55.0,54.381980644094
1927,59.0,59.566797241442586
1640,57.0,56.000249237611975
3826,66.0,66.61083573215163
3349,58.0,57.07039209752541
187,65.0,63.81884889826149
3645,63.0,63.079708415625944
3303,59.0,58.88131469569588
2415,56.0,57.068117417288846
1998,61.0,60.88555475446174
1911,58.0,57.7991549006873
2746,57.0,57.53315130498271
1897,55.0,53.75775337422563
26,74.0,65.76374056494994
3312,64.0,63.785494068450696
2858,66.0,64.24575893434103
2741,62.0,62.427393505238285
182,65.0,56.78344345165885
2804,60.0,59.187755649718575
3166,69.0,65.54775188127971
346,69.0,66.50556976565287
3300,60.0,60.02849035207547
449,57.0,58.12633608927295
1859,61.0,60.941029671698296
2463,58.0,57.98598859389086
1252,52.0,53.48093943969603
1470,59.0,59.24570581997851
498,64.0,62.14249491497279
942,57.0,57.79766501456882
1549,64.0,62.58617458515563
1363,46.0,46.48049510682182
2680,62.0,62.120670343226
1116,60.0,59.91758665385689
1379,68.0,65.55706717128804
3881,58.0,60.52482874270177
2257,63.0,62.39086186586745
3654,67.0,64.70729616988429
339,61.0,60.938089191077694
1386,61.0,61.62758587232181
487,59.0,58.99123208597599
581,59.0,59.497973876829654
3323,67.0,65.06736183158229
2062,53.0,51.37205704350734
2991,61.0,62.73441306250285
1937,59.0,59.62695460017668
2654,54.0,54.59163692912675
3288,68.0,62.7519678784401
66,60.0,58.8008369187192
4091,59.0,59.30919898450743
1780,62.0,64.2192274198976
2163,65.0,66.27291711773418
263,59.0,59.20659249750885
2788,68.0,68.02872221336045
1143,65.0,64.20774298184689
1948,56.0,57.135067771068506
843,59.0,58.495019325723646
1088,60.0,59.618004159729644
2655,64.0,63.948056583134445
1420,66.0,63.68638769941836
72,61.0,59.72499774137442
1692,56.0,63.405137720272954
926,55.0,56.06437861626057
230,55.0,55.93634686600476
2343,62.0,61.31942662824142
2490,66.0,64.58637259937368
1318,64.0,63.12756509284097
3604,64.0,62.33458799883941
95,63.0,61.79984519628282
1073,63.0,63.19590714788771
3856,56.0,56.70357670754899
2927,56.0,55.3964938323065
1214,58.0,62.92160101474386
3632,68.0,66.3527671088324
1460,55.0,57.03409547483491
3433,60.0,61.31652524308939
455,64.0,63.82212343884909
4047,63.0,62.105338042050164
3946,55.0,54.78856924867253
2737,53.0,53.7974311479673
4057,60.0,61.04195524461727
1991,59.0,60.27016145933552
2773,54.0,65.07730260909175
3637,63.0,60.24171224167783
