,y_test,prediction
2466,58.0,62.48
825,55.0,62.21
2447,45.0,61.06
2122,56.0,62.2
1030,57.0,59.48
1802,54.0,60.54
814,65.0,58.03
3912,55.0,59.53
3628,58.0,60.55
3439,60.0,57.25
3516,57.0,61.74
490,63.0,60.74
3073,67.0,60.39
858,61.0,60.11
2710,58.0,60.37
2457,61.0,63.33
117,57.0,62.79
3533,64.0,62.04
1858,58.0,60.69
2717,57.0,60.34
1198,67.0,62.74
755,55.0,59.39
2480,62.0,63.04
3164,61.0,60.04
777,63.0,61.76
3781,59.0,59.88
829,55.0,60.03
2983,56.0,59.99
3443,65.0,59.97
2803,60.0,60.1
2508,58.0,59.8
3670,58.0,61.36
1380,65.0,60.36
2539,55.0,60.86
2452,65.0,60.62
238,56.0,63.39
3295,52.0,60.79
2670,59.0,64.27
3216,62.0,60.02
2438,57.0,59.88
2961,61.0,58.84
3625,66.0,61.89
329,64.0,60.97
3256,60.0,60.61
3635,63.0,60.66
34,62.0,61.6
2673,61.0,63.9
2430,59.0,60.11
2069,55.0,59.02
2802,62.0,58.75
1282,57.0,59.88
3973,65.0,62.49
476,59.0,61.47
3403,64.0,59.21
1064,62.0,60.19
584,57.0,60.86
1774,58.0,60.94
322,64.0,60.07
1162,64.0,65.54
3852,61.0,59.56
451,61.0,58.57
2446,66.0,61.12
2076,65.0,58.71
2738,55.0,58.29
175,59.0,60.89
312,57.0,62.2
1472,60.0,59.61
1585,59.0,60.61
627,68.0,60.36
1057,58.0,58.43
3259,63.0,61.01
3793,66.0,59.73
3081,63.0,58.11
3267,56.0,59.91
677,63.0,63.65
1213,60.0,58.68
2073,66.0,57.74
1746,60.0,60.87
75,62.0,60.98
1953,62.0,60.58
2416,61.0,58.4
2758,61.0,58.88
1646,67.0,61.49
2946,54.0,59.12
15,55.0,58.16
2513,60.0,57.37
3260,67.0,63.04
1828,59.0,59.94
1021,62.0,60.69
1093,63.0,59.69
9,61.0,65.76
3220,62.0,61.11
2898,59.0,59.53
994,55.0,57.58
370,59.0,60.63
1949,54.0,62.84
3373,60.0,60.19
4135,58.0,59.25
1865,60.0,58.33
897,60.0,59.0
3758,57.0,61.49
220,66.0,60.0
4125,60.0,59.07
2372,64.0,59.43
3941,56.0,61.48
2957,69.0,59.48
1705,56.0,61.22
3935,61.0,61.15
2468,53.0,60.3
2442,56.0,61.84
817,56.0,63.57
420,65.0,61.4
103,65.0,61.02
193,65.0,62.31
2765,61.0,61.86
2408,58.0,59.71
1819,65.0,59.22
1842,69.0,60.21
158,55.0,61.02
1147,58.0,58.59
2915,58.0,58.82
3712,68.0,59.96
1534,59.0,59.78
2649,57.0,62.24
3680,61.0,59.99
3287,62.0,60.33
3276,64.0,60.65
281,61.0,60.48
2090,59.0,58.95
3630,55.0,60.52
2474,53.0,60.97
2902,61.0,59.19
33,55.0,59.78
3383,59.0,61.08
3169,60.0,62.25
1972,57.0,62.29
2880,62.0,60.71
205,65.0,62.76
2307,54.0,61.51
1513,60.0,60.93
1623,57.0,60.34
1815,55.0,63.33
1441,64.0,60.53
1912,61.0,58.43
2164,62.0,61.0
2404,63.0,62.55
2064,63.0,59.26
1298,70.0,61.25
1791,54.0,60.39
340,63.0,61.26
1032,64.0,58.09
2449,69.0,63.0
3404,60.0,59.92
2544,58.0,59.36
2866,54.0,58.57
2209,63.0,61.06
3657,52.0,60.1
1630,60.0,60.83
2648,67.0,60.49
3631,59.0,62.49
2013,66.0,62.12
509,65.0,62.03
3475,71.0,62.36
44,62.0,62.05
4082,59.0,59.68
678,69.0,59.88
1649,60.0,60.18
333,63.0,62.19
520,58.0,64.67
706,64.0,59.84
2276,63.0,59.6
1557,67.0,59.62
2501,56.0,60.69
1743,55.0,63.18
1901,53.0,58.2
188,58.0,59.87
2856,67.0,58.17
1474,64.0,59.48
588,58.0,63.58
2345,60.0,62.52
2413,63.0,61.01
18,56.0,63.37
1701,59.0,61.49
596,58.0,60.33
2420,60.0,59.89
885,62.0,61.71
563,49.0,61.29
1597,58.0,60.16
553,65.0,60.53
892,79.0,61.81
3752,65.0,60.51
3480,58.0,62.05
1794,63.0,57.55
2233,64.0,60.58
616,61.0,58.65
1752,59.0,58.83
2485,64.0,61.85
2978,61.0,62.41
319,48.0,57.21
4007,62.0,59.81
2004,60.0,58.59
1330,56.0,63.79
1128,58.0,59.94
2753,64.0,60.32
3372,66.0,59.01
214,63.0,63.44
3843,59.0,60.44
484,60.0,58.66
530,60.0,61.42
1262,64.0,61.48
1103,63.0,60.07
1880,56.0,58.92
2549,58.0,62.27
2255,59.0,60.57
3926,57.0,58.85
3419,57.0,62.15
2077,60.0,58.71
2029,61.0,61.26
3916,59.0,60.13
1172,63.0,60.88
1449,61.0,60.97
4113,58.0,60.25
3387,65.0,61.27
100,56.0,59.9
382,53.0,59.74
1457,63.0,60.96
1775,61.0,63.78
1415,64.0,60.86
2444,56.0,61.75
856,59.0,59.83
24,67.0,63.75
480,70.0,61.28
2440,60.0,62.18
2575,63.0,59.04
2346,63.0,62.0
1308,59.0,62.58
2966,63.0,60.06
1561,57.0,61.35
3937,61.0,60.67
1182,61.0,60.18
2657,56.0,61.09
2759,61.0,57.97
1658,57.0,61.21
3589,64.0,62.79
1224,59.0,62.88
2022,64.0,61.46
2667,62.0,62.3
932,61.0,60.76
1303,52.0,60.93
2125,60.0,62.11
2617,63.0,58.69
3860,54.0,58.48
1037,59.0,58.63
2979,58.0,59.06
3047,59.0,59.38
1275,63.0,63.83
1096,68.0,59.67
3971,66.0,61.18
2901,56.0,59.43
3542,70.0,62.25
107,30.0,59.84
2709,58.0,60.48
3550,65.0,60.27
427,70.0,61.83
620,55.0,62.84
1295,64.0,61.11
128,71.0,62.45
514,65.0,61.42
1817,55.0,59.73
165,57.0,62.8
3460,63.0,61.54
2317,59.0,63.02
3141,63.0,64.04
3707,62.0,60.77
3936,58.0,60.06
2239,59.0,58.98
803,55.0,60.08
249,65.0,60.18
3948,53.0,60.03
2135,70.0,64.01
2467,63.0,62.9
3258,57.0,61.59
1084,65.0,59.71
3737,66.0,61.56
3792,78.0,61.42
1494,54.0,60.94
3525,64.0,60.88
3125,62.0,61.96
1141,64.0,61.68
836,55.0,60.44
3074,57.0,61.34
1151,60.0,62.12
2289,57.0,60.92
3353,60.0,60.55
1054,58.0,61.06
2878,60.0,59.94
1356,60.0,58.47
700,61.0,61.6
54,57.0,59.29
410,58.0,63.24
1778,59.0,60.63
78,69.0,61.74
1918,62.0,59.76
2058,58.0,57.86
570,65.0,58.91
3643,59.0,61.37
1579,60.0,58.54
3618,52.0,63.86
2208,69.0,60.96
330,62.0,59.37
2151,64.0,62.79
982,61.0,59.52
166,61.0,62.1
2728,61.0,58.74
3807,61.0,60.58
55,65.0,61.17
1584,61.0,61.29
229,57.0,59.96
2378,59.0,60.69
27,55.0,61.29
1650,60.0,59.78
1626,57.0,61.6
223,60.0,61.45
3008,59.0,57.59
778,63.0,60.06
4090,55.0,59.51
2443,65.0,59.67
1300,56.0,60.55
336,62.0,57.35
1600,59.0,62.92
3390,57.0,60.58
2536,58.0,61.77
742,65.0,60.59
2118,53.0,60.07
907,61.0,58.29
1722,57.0,60.41
3832,66.0,57.72
844,59.0,60.28
2559,68.0,63.92
45,53.0,61.29
1419,62.0,63.15
2650,62.0,65.1
787,58.0,61.46
3023,68.0,58.74
3021,61.0,59.21
457,57.0,60.12
1100,60.0,61.4
745,64.0,62.33
1917,62.0,62.59
1933,60.0,58.66
1350,58.0,63.45
1312,60.0,61.69
575,60.0,61.73
2930,60.0,59.13
1806,63.0,57.33
265,67.0,61.5
3110,65.0,60.79
2622,64.0,60.6
2910,63.0,59.56
1105,55.0,59.73
2018,58.0,61.8
757,57.0,62.37
2155,67.0,61.53
4129,54.0,61.31
3326,63.0,62.39
2383,58.0,62.12
3489,62.0,59.54
305,66.0,60.3
3264,60.0,62.58
1680,59.0,61.5
142,50.0,59.54
1522,38.0,56.74
837,63.0,57.52
2057,60.0,62.78
2030,59.0,60.46
274,54.0,62.46
1362,63.0,58.75
3134,57.0,61.7
3644,66.0,60.37
1961,64.0,59.03
812,63.0,62.59
59,68.0,62.77
2381,61.0,59.75
1922,61.0,60.6
1228,64.0,59.65
3263,64.0,61.39
1947,60.0,59.4
1770,52.0,58.85
1376,61.0,62.1
2876,62.0,62.33
3867,61.0,62.39
2337,72.0,61.29
1799,57.0,59.15
3590,64.0,61.48
909,55.0,59.24
179,50.0,60.14
3162,64.0,63.09
2967,60.0,60.56
3675,75.0,61.56
3470,56.0,61.12
3476,62.0,59.79
1526,61.0,60.45
197,64.0,63.42
13,65.0,60.81
2993,68.0,58.1
337,65.0,61.47
2068,57.0,63.08
1107,63.0,61.35
2263,66.0,60.34
621,54.0,61.72
2596,54.0,60.15
2935,62.0,57.92
3368,64.0,60.17
433,71.0,62.55
3796,59.0,61.66
1666,67.0,61.8
1877,58.0,60.0
3002,53.0,56.94
3977,62.0,60.05
1936,61.0,62.44
4000,54.0,59.73
1079,55.0,58.49
2832,55.0,61.43
247,60.0,59.65
183,60.0,61.09
2359,58.0,62.09
2656,58.0,60.97
1139,63.0,61.93
2229,57.0,59.16
1790,62.0,58.44
505,59.0,62.53
3274,68.0,59.04
3449,59.0,60.21
429,58.0,61.12
3760,63.0,62.95
866,54.0,59.25
2364,61.0,62.89
1553,61.0,58.71
2138,63.0,61.61
978,63.0,59.03
236,57.0,62.09
1310,58.0,62.12
936,54.0,56.86
2997,59.0,58.37
367,72.0,61.86
1454,61.0,61.44
3925,61.0,60.54
3783,56.0,57.76
1034,66.0,61.69
1249,58.0,60.64
2310,60.0,60.02
2354,58.0,61.31
1438,71.0,61.19
74,67.0,60.96
1592,66.0,58.49
46,60.0,61.61
1529,60.0,58.49
3619,66.0,59.59
192,62.0,60.57
2665,64.0,62.1
3848,63.0,59.5
482,65.0,61.62
3530,56.0,58.74
1475,56.0,60.96
147,53.0,60.97
2990,57.0,60.3
838,60.0,61.81
324,63.0,63.77
277,65.0,59.57
1378,66.0,60.66
2245,60.0,60.14
3325,60.0,60.7
68,56.0,60.08
2660,55.0,60.88
3231,62.0,61.59
3075,55.0,59.83
3865,58.0,60.43
152,60.0,62.08
3581,69.0,61.03
839,61.0,57.87
2232,59.0,60.44
1049,54.0,59.21
1545,58.0,61.61
890,56.0,60.5
2586,59.0,59.59
3923,65.0,62.56
3132,61.0,59.64
4076,58.0,62.29
1886,56.0,59.56
1126,62.0,63.54
260,62.0,60.73
3742,69.0,62.33
918,58.0,61.31
1089,56.0,64.2
2318,63.0,63.43
3284,64.0,60.05
3199,64.0,62.01
2184,60.0,61.67
1465,62.0,60.67
4016,68.0,58.17
557,77.0,59.65
292,64.0,58.81
1580,63.0,62.84
1895,54.0,59.36
4008,59.0,61.21
3485,65.0,62.39
1669,63.0,63.18
374,62.0,61.84
2923,56.0,57.61
313,57.0,58.55
3804,56.0,58.78
744,59.0,59.55
1076,67.0,60.45
3672,63.0,60.06
3232,69.0,60.88
546,60.0,60.21
434,60.0,59.88
917,63.0,59.5
1321,61.0,60.43
1055,66.0,58.82
3185,62.0,60.23
3290,58.0,59.52
1929,63.0,56.66
3328,61.0,60.73
3824,62.0,58.8
2974,69.0,62.46
3914,58.0,58.35
694,62.0,60.74
1846,66.0,62.11
869,59.0,59.47
62,65.0,62.4
81,65.0,61.62
384,60.0,61.02
1215,61.0,60.28
1977,59.0,59.87
3381,67.0,62.89
899,62.0,60.83
2831,56.0,60.37
999,67.0,57.95
1334,62.0,63.4
3932,56.0,58.68
4031,63.0,58.3
2476,55.0,59.84
132,66.0,64.02
2387,66.0,60.82
2150,62.0,60.65
2905,58.0,62.17
2038,59.0,58.43
448,55.0,60.7
3360,60.0,63.22
1973,68.0,60.85
865,60.0,58.73
704,61.0,59.5
1707,58.0,58.31
979,56.0,58.67
404,67.0,59.93
31,57.0,59.9
3438,65.0,60.32
212,62.0,61.87
4079,61.0,60.45
4005,61.0,57.97
1611,60.0,63.62
3250,57.0,58.84
2008,55.0,57.92
2760,64.0,58.33
497,52.0,59.56
2365,66.0,60.31
2854,61.0,59.75
462,59.0,60.55
830,60.0,59.8
1398,53.0,62.54
1210,64.0,61.77
201,68.0,60.2
587,54.0,52.91
1301,65.0,60.12
967,64.0,61.4
7,60.0,63.62
458,56.0,60.39
303,59.0,60.51
729,58.0,59.79
3858,57.0,58.28
3540,59.0,58.68
922,57.0,58.41
3036,65.0,60.22
1329,58.0,60.7
1157,58.0,60.67
4123,60.0,60.22
2550,58.0,60.9
3646,57.0,60.05
203,57.0,57.97
469,62.0,61.69
1169,72.0,60.99
2848,63.0,61.01
30,58.0,62.95
834,64.0,57.67
2340,66.0,60.18
3994,68.0,59.86
665,62.0,59.39
3062,64.0,59.55
3564,62.0,60.99
4087,59.0,57.62
3829,56.0,60.2
3761,52.0,60.7
1988,54.0,62.27
2410,59.0,58.18
231,72.0,56.97
753,61.0,61.02
717,58.0,61.48
593,70.0,62.66
2526,61.0,62.38
3499,63.0,62.24
2647,60.0,60.72
3795,56.0,59.79
1737,54.0,60.9
680,61.0,61.21
86,55.0,58.17
266,65.0,60.54
309,61.0,59.47
2908,60.0,60.75
1536,66.0,60.38
1893,62.0,60.04
1766,71.0,62.78
1277,63.0,61.29
1816,69.0,61.65
2385,67.0,61.32
3167,66.0,61.86
2702,58.0,58.67
3975,61.0,61.73
2892,63.0,60.06
1641,55.0,61.75
3995,56.0,59.98
2207,63.0,59.41
2001,60.0,58.4
1718,55.0,62.3
3623,62.0,61.51
2445,67.0,60.58
845,53.0,59.46
3003,61.0,58.52
2942,65.0,62.91
430,62.0,60.6
1834,67.0,63.42
1226,62.0,60.47
2493,60.0,60.45
1663,57.0,61.09
2141,63.0,60.91
1987,68.0,59.57
772,72.0,62.17
3554,53.0,60.58
161,63.0,59.71
1628,60.0,62.11
1661,69.0,58.58
1137,64.0,57.9
110,62.0,64.03
3309,59.0,58.64
3099,64.0,60.21
248,67.0,61.0
781,57.0,59.26
1488,63.0,62.79
2039,63.0,58.99
2368,69.0,62.94
2190,60.0,61.75
2573,53.0,59.31
1212,57.0,60.71
2269,63.0,62.21
2604,61.0,60.83
3242,55.0,61.03
2353,55.0,59.43
2200,65.0,61.65
1266,60.0,59.87
347,64.0,62.27
1662,55.0,60.48
790,66.0,58.73
2043,55.0,59.2
1913,60.0,58.07
1500,59.0,62.52
2819,60.0,59.48
1371,59.0,61.53
3462,59.0,61.26
2112,59.0,61.66
2159,67.0,60.33
2351,63.0,59.92
3005,58.0,59.65
962,59.0,60.23
3663,63.0,63.44
4136,66.0,59.77
2375,59.0,61.75
3584,53.0,62.54
1185,59.0,62.41
3574,59.0,60.78
574,61.0,60.71
2504,57.0,61.24
1146,64.0,62.16
2282,65.0,60.93
3275,61.0,61.69
3319,60.0,61.22
2734,61.0,59.11
3744,69.0,62.73
1826,57.0,58.36
3608,54.0,59.02
768,54.0,58.67
3842,57.0,61.32
3093,61.0,59.96
1738,62.0,62.06
1333,60.0,61.04
4084,52.0,60.87
4010,62.0,58.71
1412,66.0,60.85
4028,61.0,60.86
1016,60.0,58.73
2215,62.0,60.9
1769,56.0,62.45
3776,59.0,61.79
1074,61.0,58.79
1710,58.0,62.86
1403,65.0,61.89
1772,57.0,59.17
1614,54.0,60.28
362,66.0,61.63
2646,65.0,61.77
2707,57.0,59.45
4132,57.0,57.42
893,58.0,55.16
3398,66.0,59.46
2700,55.0,59.27
1927,59.0,64.09
1640,57.0,58.96
3826,66.0,62.59
3349,58.0,60.39
187,65.0,61.41
3645,63.0,60.88
3303,59.0,61.41
2415,56.0,60.49
1998,61.0,59.84
1911,58.0,59.87
2746,57.0,59.11
1897,55.0,59.33
26,74.0,62.98
3312,64.0,59.39
2858,66.0,60.99
2741,62.0,60.69
182,65.0,61.81
2804,60.0,57.37
3166,69.0,61.51
346,69.0,62.69
3300,60.0,59.6
449,57.0,58.6
1859,61.0,58.72
2463,58.0,61.99
1252,52.0,59.98
1470,59.0,62.2
498,64.0,58.59
942,57.0,58.65
1549,64.0,60.27
1363,46.0,60.65
2680,62.0,63.62
1116,60.0,61.48
1379,68.0,61.01
3881,58.0,61.13
2257,63.0,60.51
3654,67.0,59.09
339,61.0,62.39
1386,61.0,61.6
487,59.0,60.91
581,59.0,61.38
3323,67.0,64.94
2062,53.0,58.93
2991,61.0,60.51
1937,59.0,60.12
2654,54.0,60.23
3288,68.0,61.32
66,60.0,60.74
4091,59.0,59.61
1780,62.0,60.32
2163,65.0,61.46
263,59.0,61.95
2788,68.0,58.74
1143,65.0,61.45
1948,56.0,60.7
843,59.0,57.86
1088,60.0,60.1
2655,64.0,62.08
1420,66.0,60.53
72,61.0,60.4
1692,56.0,60.41
926,55.0,60.1
230,55.0,59.67
2343,62.0,61.99
2490,66.0,61.96
1318,64.0,59.4
3604,64.0,60.08
95,63.0,59.93
1073,63.0,58.7
3856,56.0,58.49
2927,56.0,57.22
1214,58.0,60.73
3632,68.0,61.83
1460,55.0,56.81
3433,60.0,61.02
455,64.0,64.51
4047,63.0,59.93
3946,55.0,59.54
2737,53.0,60.91
4057,60.0,60.51
1991,59.0,58.58
2773,54.0,60.8
3637,63.0,60.73
