,y_test,prediction
2466,58.0,58.31
825,55.0,55.36
2447,45.0,58.38
2122,56.0,55.37
1030,57.0,56.83
1802,54.0,60.61
814,65.0,59.91
3912,55.0,55.0
3628,58.0,58.15
3439,60.0,59.59
3516,57.0,56.35
490,63.0,63.18
3073,67.0,63.3
858,61.0,60.5
2710,58.0,57.98
2457,61.0,60.55
117,57.0,61.12
3533,64.0,63.42
1858,58.0,57.9
2717,57.0,56.19
1198,67.0,63.12
755,55.0,55.73
2480,62.0,62.25
3164,61.0,61.88
777,63.0,62.81
3781,59.0,60.47
829,55.0,55.02
2983,56.0,56.04
3443,65.0,61.93
2803,60.0,60.01
2508,58.0,58.22
3670,58.0,57.84
1380,65.0,61.27
2539,55.0,57.4
2452,65.0,64.98
238,56.0,55.14
3295,52.0,53.3
2670,59.0,59.57
3216,62.0,61.92
2438,57.0,57.45
2961,61.0,61.04
3625,66.0,65.79
329,64.0,63.9
3256,60.0,60.2
3635,63.0,59.83
34,62.0,61.87
2673,61.0,60.6
2430,59.0,59.33
2069,55.0,55.0
2802,62.0,62.17
1282,57.0,56.85
3973,65.0,65.13
476,59.0,60.65
3403,64.0,63.42
1064,62.0,61.99
584,57.0,56.83
1774,58.0,59.33
322,64.0,59.1
1162,64.0,65.76
3852,61.0,60.71
451,61.0,61.58
2446,66.0,65.47
2076,65.0,63.71
2738,55.0,56.37
175,59.0,61.67
312,57.0,56.4
1472,60.0,59.94
1585,59.0,59.89
627,68.0,66.57
1057,58.0,57.98
3259,63.0,62.67
3793,66.0,66.25
3081,63.0,63.33
3267,56.0,57.0
677,63.0,62.96
1213,60.0,60.73
2073,66.0,64.79
1746,60.0,59.22
75,62.0,61.95
1953,62.0,62.09
2416,61.0,61.37
2758,61.0,60.94
1646,67.0,66.58
2946,54.0,54.03
15,55.0,55.94
2513,60.0,59.9
3260,67.0,65.68
1828,59.0,60.11
1021,62.0,62.6
1093,63.0,63.2
9,61.0,60.56
3220,62.0,61.22
2898,59.0,59.3
994,55.0,54.85
370,59.0,58.98
1949,54.0,54.1
3373,60.0,59.96
4135,58.0,57.82
1865,60.0,60.01
897,60.0,60.03
3758,57.0,56.35
220,66.0,63.64
4125,60.0,59.9
2372,64.0,64.64
3941,56.0,55.92
2957,69.0,69.0
1705,56.0,56.03
3935,61.0,60.91
2468,53.0,54.61
2442,56.0,55.83
817,56.0,56.18
420,65.0,63.69
103,65.0,65.26
193,65.0,59.63
2765,61.0,63.39
2408,58.0,57.75
1819,65.0,65.04
1842,69.0,67.95
158,55.0,62.47
1147,58.0,62.43
2915,58.0,57.81
3712,68.0,68.25
1534,59.0,58.53
2649,57.0,57.42
3680,61.0,59.84
3287,62.0,61.57
3276,64.0,60.98
281,61.0,60.84
2090,59.0,59.31
3630,55.0,54.68
2474,53.0,55.26
2902,61.0,61.32
33,55.0,55.32
3383,59.0,58.88
3169,60.0,63.86
1972,57.0,57.46
2880,62.0,62.13
205,65.0,62.81
2307,54.0,55.42
1513,60.0,60.32
1623,57.0,57.12
1815,55.0,55.77
1441,64.0,62.49
1912,61.0,61.17
2164,62.0,61.17
2404,63.0,62.71
2064,63.0,63.25
1298,70.0,62.49
1791,54.0,54.0
340,63.0,63.19
1032,64.0,63.96
2449,69.0,66.53
3404,60.0,59.85
2544,58.0,62.95
2866,54.0,54.02
2209,63.0,62.83
3657,52.0,52.93
1630,60.0,59.7
2648,67.0,66.77
3631,59.0,58.77
2013,66.0,65.28
509,65.0,62.37
3475,71.0,68.62
44,62.0,60.31
4082,59.0,59.1
678,69.0,67.77
1649,60.0,60.26
333,63.0,63.42
520,58.0,57.77
706,64.0,63.9
2276,63.0,62.73
1557,67.0,67.07
2501,56.0,56.2
1743,55.0,60.63
1901,53.0,53.0
188,58.0,58.09
2856,67.0,66.23
1474,64.0,63.75
588,58.0,59.56
2345,60.0,62.2
2413,63.0,63.06
18,56.0,58.44
1701,59.0,58.52
596,58.0,57.67
2420,60.0,59.67
885,62.0,62.19
563,49.0,52.82
1597,58.0,58.14
553,65.0,64.58
892,79.0,73.7
3752,65.0,65.68
3480,58.0,58.4
1794,63.0,63.63
2233,64.0,63.89
616,61.0,60.73
1752,59.0,58.89
2485,64.0,63.32
2978,61.0,60.69
319,48.0,61.42
4007,62.0,61.92
2004,60.0,60.1
1330,56.0,56.76
1128,58.0,58.12
2753,64.0,63.26
3372,66.0,58.52
214,63.0,63.02
3843,59.0,63.45
484,60.0,60.48
530,60.0,59.92
1262,64.0,63.88
1103,63.0,62.4
1880,56.0,55.95
2549,58.0,58.78
2255,59.0,59.0
3926,57.0,56.44
3419,57.0,57.25
2077,60.0,59.95
2029,61.0,61.5
3916,59.0,59.23
1172,63.0,62.86
1449,61.0,61.45
4113,58.0,57.85
3387,65.0,63.61
100,56.0,56.35
382,53.0,54.98
1457,63.0,62.29
1775,61.0,60.72
1415,64.0,63.78
2444,56.0,57.09
856,59.0,59.01
24,67.0,67.34
480,70.0,69.33
2440,60.0,61.52
2575,63.0,63.18
2346,63.0,62.5
1308,59.0,58.89
2966,63.0,62.74
1561,57.0,57.06
3937,61.0,60.83
1182,61.0,59.82
2657,56.0,59.38
2759,61.0,61.08
1658,57.0,56.68
3589,64.0,64.46
1224,59.0,58.97
2022,64.0,63.82
2667,62.0,61.46
932,61.0,61.35
1303,52.0,53.35
2125,60.0,60.32
2617,63.0,62.31
3860,54.0,53.96
1037,59.0,59.49
2979,58.0,58.07
3047,59.0,59.45
1275,63.0,62.86
1096,68.0,65.33
3971,66.0,65.9
2901,56.0,56.01
3542,70.0,66.21
107,30.0,38.08
2709,58.0,63.7
3550,65.0,64.11
427,70.0,69.36
620,55.0,55.9
1295,64.0,62.85
128,71.0,69.24
514,65.0,65.29
1817,55.0,55.12
165,57.0,57.87
3460,63.0,62.32
2317,59.0,59.54
3141,63.0,63.13
3707,62.0,62.23
3936,58.0,57.88
2239,59.0,62.01
803,55.0,55.0
249,65.0,64.88
3948,53.0,53.0
2135,70.0,68.66
2467,63.0,61.52
3258,57.0,56.85
1084,65.0,64.66
3737,66.0,65.33
3792,78.0,73.12
1494,54.0,54.7
3525,64.0,66.32
3125,62.0,63.94
1141,64.0,62.66
836,55.0,58.61
3074,57.0,57.66
1151,60.0,60.91
2289,57.0,56.78
3353,60.0,60.32
1054,58.0,60.36
2878,60.0,61.43
1356,60.0,59.96
700,61.0,61.8
54,57.0,57.17
410,58.0,58.11
1778,59.0,59.07
78,69.0,69.16
1918,62.0,61.99
2058,58.0,57.16
570,65.0,64.48
3643,59.0,58.32
1579,60.0,59.95
3618,52.0,54.41
2208,69.0,64.18
330,62.0,61.45
2151,64.0,64.17
982,61.0,61.45
166,61.0,59.66
2728,61.0,61.35
3807,61.0,61.24
55,65.0,63.21
1584,61.0,61.5
229,57.0,57.38
2378,59.0,57.82
27,55.0,55.38
1650,60.0,60.37
1626,57.0,56.37
223,60.0,62.41
3008,59.0,58.91
778,63.0,63.43
4090,55.0,55.0
2443,65.0,64.81
1300,56.0,60.76
336,62.0,59.59
1600,59.0,60.15
3390,57.0,56.29
2536,58.0,57.72
742,65.0,64.88
2118,53.0,60.06
907,61.0,61.2
1722,57.0,55.52
3832,66.0,65.58
844,59.0,59.3
2559,68.0,67.85
45,53.0,56.46
1419,62.0,62.13
2650,62.0,62.55
787,58.0,59.01
3023,68.0,67.18
3021,61.0,61.04
457,57.0,56.93
1100,60.0,60.17
745,64.0,63.82
1917,62.0,64.42
1933,60.0,60.18
1350,58.0,58.17
1312,60.0,63.64
575,60.0,59.46
2930,60.0,59.21
1806,63.0,62.91
265,67.0,67.09
3110,65.0,64.97
2622,64.0,64.26
2910,63.0,63.3
1105,55.0,55.34
2018,58.0,57.56
757,57.0,56.7
2155,67.0,63.57
4129,54.0,54.0
3326,63.0,62.67
2383,58.0,57.56
3489,62.0,60.74
305,66.0,66.04
3264,60.0,61.63
1680,59.0,59.11
142,50.0,53.14
1522,38.0,53.37
837,63.0,62.68
2057,60.0,60.24
2030,59.0,59.19
274,54.0,56.34
1362,63.0,60.14
3134,57.0,55.98
3644,66.0,63.16
1961,64.0,64.07
812,63.0,63.31
59,68.0,67.89
2381,61.0,60.38
1922,61.0,61.2
1228,64.0,63.28
3263,64.0,62.77
1947,60.0,60.1
1770,52.0,53.46
1376,61.0,60.59
2876,62.0,62.3
3867,61.0,61.7
2337,72.0,66.26
1799,57.0,56.95
3590,64.0,64.09
909,55.0,55.04
179,50.0,54.89
3162,64.0,63.61
2967,60.0,60.21
3675,75.0,65.12
3470,56.0,55.94
3476,62.0,62.17
1526,61.0,60.9
197,64.0,63.59
13,65.0,65.04
2993,68.0,65.8
337,65.0,63.95
2068,57.0,57.12
1107,63.0,63.18
2263,66.0,64.91
621,54.0,55.35
2596,54.0,58.53
2935,62.0,62.01
3368,64.0,64.72
433,71.0,70.57
3796,59.0,59.69
1666,67.0,62.51
1877,58.0,58.17
3002,53.0,52.94
3977,62.0,61.77
1936,61.0,61.91
4000,54.0,54.0
1079,55.0,55.01
2832,55.0,55.06
247,60.0,56.68
183,60.0,63.86
2359,58.0,59.1
2656,58.0,57.65
1139,63.0,64.12
2229,57.0,54.71
1790,62.0,61.82
505,59.0,59.96
3274,68.0,61.45
3449,59.0,58.57
429,58.0,58.37
3760,63.0,62.14
866,54.0,53.74
2364,61.0,60.51
1553,61.0,59.17
2138,63.0,62.46
978,63.0,63.03
236,57.0,57.02
1310,58.0,58.41
936,54.0,54.01
2997,59.0,59.04
367,72.0,65.64
1454,61.0,60.89
3925,61.0,61.13
3783,56.0,56.08
1034,66.0,64.49
1249,58.0,57.68
2310,60.0,60.12
2354,58.0,59.24
1438,71.0,65.6
74,67.0,67.04
1592,66.0,63.99
46,60.0,62.53
1529,60.0,60.2
3619,66.0,64.27
192,62.0,62.57
2665,64.0,64.55
3848,63.0,63.03
482,65.0,63.6
3530,56.0,56.12
1475,56.0,55.78
147,53.0,56.33
2990,57.0,57.02
838,60.0,60.34
324,63.0,63.12
277,65.0,64.79
1378,66.0,65.6
2245,60.0,59.95
3325,60.0,59.77
68,56.0,55.67
2660,55.0,55.18
3231,62.0,60.89
3075,55.0,55.04
3865,58.0,59.33
152,60.0,59.89
3581,69.0,68.84
839,61.0,61.06
2232,59.0,57.79
1049,54.0,53.59
1545,58.0,59.69
890,56.0,56.17
2586,59.0,58.76
3923,65.0,65.35
3132,61.0,60.66
4076,58.0,60.13
1886,56.0,56.06
1126,62.0,62.54
260,62.0,61.82
3742,69.0,67.96
918,58.0,57.99
1089,56.0,64.61
2318,63.0,63.14
3284,64.0,63.74
3199,64.0,63.19
2184,60.0,60.17
1465,62.0,61.47
4016,68.0,67.52
557,77.0,70.74
292,64.0,63.61
1580,63.0,62.83
1895,54.0,54.35
4008,59.0,59.42
3485,65.0,64.76
1669,63.0,64.42
374,62.0,61.84
2923,56.0,56.21
313,57.0,56.6
3804,56.0,55.99
744,59.0,59.09
1076,67.0,65.26
3672,63.0,63.01
3232,69.0,69.26
546,60.0,59.7
434,60.0,59.86
917,63.0,62.62
1321,61.0,61.01
1055,66.0,65.99
3185,62.0,61.88
3290,58.0,57.08
1929,63.0,62.85
3328,61.0,61.43
3824,62.0,62.36
2974,69.0,68.6
3914,58.0,57.98
694,62.0,61.83
1846,66.0,61.24
869,59.0,58.86
62,65.0,63.87
81,65.0,62.95
384,60.0,60.71
1215,61.0,60.73
1977,59.0,58.9
3381,67.0,66.43
899,62.0,62.54
2831,56.0,56.03
999,67.0,65.75
1334,62.0,62.16
3932,56.0,56.0
4031,63.0,61.91
2476,55.0,54.88
132,66.0,64.85
2387,66.0,65.93
2150,62.0,59.95
2905,58.0,58.89
2038,59.0,58.92
448,55.0,55.39
3360,60.0,60.04
1973,68.0,67.32
865,60.0,62.79
704,61.0,60.53
1707,58.0,57.24
979,56.0,56.06
404,67.0,65.82
31,57.0,56.29
3438,65.0,64.83
212,62.0,61.45
4079,61.0,61.11
4005,61.0,61.25
1611,60.0,59.69
3250,57.0,60.29
2008,55.0,54.96
2760,64.0,58.05
497,52.0,54.24
2365,66.0,66.31
2854,61.0,60.97
462,59.0,57.32
830,60.0,60.65
1398,53.0,54.15
1210,64.0,64.25
201,68.0,59.94
587,54.0,48.93
1301,65.0,64.39
967,64.0,64.04
7,60.0,64.69
458,56.0,56.09
303,59.0,55.17
729,58.0,57.26
3858,57.0,57.13
3540,59.0,58.89
922,57.0,57.03
3036,65.0,65.04
1329,58.0,57.49
1157,58.0,61.44
4123,60.0,60.19
2550,58.0,57.75
3646,57.0,57.32
203,57.0,57.45
469,62.0,61.66
1169,72.0,63.07
2848,63.0,63.84
30,58.0,59.98
834,64.0,63.71
2340,66.0,64.03
3994,68.0,67.63
665,62.0,61.44
3062,64.0,62.73
3564,62.0,62.76
4087,59.0,59.0
3829,56.0,56.02
3761,52.0,53.42
1988,54.0,54.0
2410,59.0,59.36
231,72.0,68.91
753,61.0,60.19
717,58.0,61.99
593,70.0,70.16
2526,61.0,61.78
3499,63.0,63.6
2647,60.0,59.47
3795,56.0,56.0
1737,54.0,54.6
680,61.0,60.9
86,55.0,61.17
266,65.0,65.33
309,61.0,58.98
2908,60.0,60.54
1536,66.0,64.72
1893,62.0,62.54
1766,71.0,69.62
1277,63.0,63.06
1816,69.0,63.36
2385,67.0,66.54
3167,66.0,65.72
2702,58.0,57.82
3975,61.0,61.07
2892,63.0,63.45
1641,55.0,63.13
3995,56.0,55.83
2207,63.0,62.77
2001,60.0,60.38
1718,55.0,55.32
3623,62.0,61.96
2445,67.0,66.48
845,53.0,52.97
3003,61.0,60.89
2942,65.0,64.76
430,62.0,61.3
1834,67.0,67.08
1226,62.0,62.04
2493,60.0,60.03
1663,57.0,56.94
2141,63.0,63.15
1987,68.0,67.8
772,72.0,71.61
3554,53.0,59.42
161,63.0,62.56
1628,60.0,60.12
1661,69.0,65.88
1137,64.0,57.12
110,62.0,61.69
3309,59.0,59.53
3099,64.0,62.31
248,67.0,59.17
781,57.0,57.05
1488,63.0,62.19
2039,63.0,62.93
2368,69.0,64.7
2190,60.0,63.44
2573,53.0,54.08
1212,57.0,57.21
2269,63.0,63.68
2604,61.0,59.8
3242,55.0,55.66
2353,55.0,54.94
2200,65.0,62.57
1266,60.0,60.32
347,64.0,67.0
1662,55.0,55.55
790,66.0,65.5
2043,55.0,55.03
1913,60.0,60.33
1500,59.0,58.06
2819,60.0,60.37
1371,59.0,59.15
3462,59.0,59.05
2112,59.0,59.23
2159,67.0,67.54
2351,63.0,63.11
3005,58.0,57.95
962,59.0,60.22
3663,63.0,65.39
4136,66.0,64.91
2375,59.0,59.29
3584,53.0,53.98
1185,59.0,58.94
3574,59.0,59.47
574,61.0,62.59
2504,57.0,56.65
1146,64.0,64.19
2282,65.0,63.43
3275,61.0,60.17
3319,60.0,59.54
2734,61.0,59.15
3744,69.0,68.94
1826,57.0,56.96
3608,54.0,56.06
768,54.0,54.0
3842,57.0,56.95
3093,61.0,61.09
1738,62.0,63.72
1333,60.0,59.98
4084,52.0,51.91
4010,62.0,62.05
1412,66.0,63.22
4028,61.0,61.38
1016,60.0,59.87
2215,62.0,61.8
1769,56.0,57.13
3776,59.0,59.51
1074,61.0,61.22
1710,58.0,63.16
1403,65.0,64.03
1772,57.0,56.62
1614,54.0,55.21
362,66.0,63.76
2646,65.0,64.39
2707,57.0,57.03
4132,57.0,57.02
893,58.0,56.95
3398,66.0,64.55
2700,55.0,55.0
1927,59.0,59.39
1640,57.0,56.16
3826,66.0,65.83
3349,58.0,57.94
187,65.0,59.82
3645,63.0,63.05
3303,59.0,59.5
2415,56.0,56.23
1998,61.0,58.29
1911,58.0,58.0
2746,57.0,57.01
1897,55.0,55.0
26,74.0,71.21
3312,64.0,63.95
2858,66.0,65.78
2741,62.0,62.08
182,65.0,58.27
2804,60.0,60.03
3166,69.0,67.91
346,69.0,68.71
3300,60.0,59.95
449,57.0,56.51
1859,61.0,61.52
2463,58.0,57.8
1252,52.0,56.34
1470,59.0,58.77
498,64.0,63.85
942,57.0,57.31
1549,64.0,64.09
1363,46.0,52.53
2680,62.0,61.74
1116,60.0,59.98
1379,68.0,68.53
3881,58.0,58.39
2257,63.0,63.64
3654,67.0,62.57
339,61.0,62.06
1386,61.0,61.03
487,59.0,59.26
581,59.0,57.92
3323,67.0,67.06
2062,53.0,52.94
2991,61.0,61.6
1937,59.0,59.48
2654,54.0,55.26
3288,68.0,66.43
66,60.0,59.71
4091,59.0,59.11
1780,62.0,61.08
2163,65.0,61.65
263,59.0,59.17
2788,68.0,68.58
1143,65.0,64.85
1948,56.0,56.15
843,59.0,59.26
1088,60.0,59.54
2655,64.0,63.51
1420,66.0,64.57
72,61.0,60.71
1692,56.0,62.72
926,55.0,55.04
230,55.0,54.83
2343,62.0,61.73
2490,66.0,66.57
1318,64.0,63.64
3604,64.0,63.51
95,63.0,62.91
1073,63.0,62.8
3856,56.0,56.01
2927,56.0,55.87
1214,58.0,62.19
3632,68.0,63.85
1460,55.0,57.89
3433,60.0,60.41
455,64.0,65.58
4047,63.0,62.92
3946,55.0,55.01
2737,53.0,53.0
4057,60.0,60.41
1991,59.0,60.02
2773,54.0,62.77
3637,63.0,61.06
