,y_test,prediction
2466,58.0,66.09
825,55.0,61.32
2447,45.0,59.97
2122,56.0,61.91
1030,57.0,58.8
1802,54.0,58.84
814,65.0,59.11
3912,55.0,59.57
3628,58.0,61.18
3439,60.0,58.04
3516,57.0,63.01
490,63.0,60.16
3073,67.0,60.08
858,61.0,60.3
2710,58.0,59.35
2457,61.0,62.85
117,57.0,63.05
3533,64.0,61.94
1858,58.0,59.28
2717,57.0,59.88
1198,67.0,61.75
755,55.0,60.66
2480,62.0,62.85
3164,61.0,61.14
777,63.0,61.03
3781,59.0,59.39
829,55.0,59.87
2983,56.0,60.03
3443,65.0,59.25
2803,60.0,59.71
2508,58.0,60.16
3670,58.0,60.86
1380,65.0,61.58
2539,55.0,60.73
2452,65.0,60.26
238,56.0,63.37
3295,52.0,60.61
2670,59.0,63.88
3216,62.0,59.74
2438,57.0,60.57
2961,61.0,59.08
3625,66.0,60.93
329,64.0,61.25
3256,60.0,60.52
3635,63.0,60.03
34,62.0,61.28
2673,61.0,62.97
2430,59.0,60.32
2069,55.0,59.02
2802,62.0,58.98
1282,57.0,61.02
3973,65.0,62.91
476,59.0,61.32
3403,64.0,59.57
1064,62.0,60.22
584,57.0,59.94
1774,58.0,61.95
322,64.0,60.43
1162,64.0,64.53
3852,61.0,58.88
451,61.0,59.89
2446,66.0,61.73
2076,65.0,57.64
2738,55.0,57.53
175,59.0,61.38
312,57.0,62.31
1472,60.0,60.38
1585,59.0,61.04
627,68.0,60.03
1057,58.0,58.81
3259,63.0,61.45
3793,66.0,59.25
3081,63.0,59.09
3267,56.0,59.62
677,63.0,62.8
1213,60.0,60.31
2073,66.0,58.8
1746,60.0,61.65
75,62.0,61.57
1953,62.0,61.59
2416,61.0,59.81
2758,61.0,59.04
1646,67.0,61.39
2946,54.0,59.47
15,55.0,57.49
2513,60.0,58.18
3260,67.0,61.98
1828,59.0,59.34
1021,62.0,59.33
1093,63.0,60.37
9,61.0,64.61
3220,62.0,62.2
2898,59.0,59.98
994,55.0,58.48
370,59.0,60.72
1949,54.0,62.77
3373,60.0,60.06
4135,58.0,59.75
1865,60.0,57.91
897,60.0,59.7
3758,57.0,61.48
220,66.0,59.45
4125,60.0,58.5
2372,64.0,60.19
3941,56.0,60.46
2957,69.0,58.63
1705,56.0,62.51
3935,61.0,59.46
2468,53.0,61.64
2442,56.0,62.17
817,56.0,63.01
420,65.0,62.21
103,65.0,62.32
193,65.0,62.74
2765,61.0,63.2
2408,58.0,60.7
1819,65.0,59.5
1842,69.0,60.32
158,55.0,59.2
1147,58.0,59.76
2915,58.0,58.44
3712,68.0,58.94
1534,59.0,59.65
2649,57.0,62.62
3680,61.0,61.47
3287,62.0,59.51
3276,64.0,60.53
281,61.0,59.61
2090,59.0,59.21
3630,55.0,60.37
2474,53.0,61.58
2902,61.0,58.17
33,55.0,59.31
3383,59.0,61.18
3169,60.0,62.59
1972,57.0,61.75
2880,62.0,60.38
205,65.0,62.88
2307,54.0,61.46
1513,60.0,61.28
1623,57.0,59.59
1815,55.0,61.48
1441,64.0,59.95
1912,61.0,58.8
2164,62.0,61.86
2404,63.0,62.71
2064,63.0,59.61
1298,70.0,62.02
1791,54.0,61.16
340,63.0,62.09
1032,64.0,58.94
2449,69.0,62.73
3404,60.0,59.23
2544,58.0,60.09
2866,54.0,58.43
2209,63.0,61.03
3657,52.0,59.18
1630,60.0,61.11
2648,67.0,60.26
3631,59.0,61.26
2013,66.0,60.93
509,65.0,61.28
3475,71.0,63.45
44,62.0,62.07
4082,59.0,59.09
678,69.0,59.85
1649,60.0,60.56
333,63.0,62.66
520,58.0,64.21
706,64.0,59.56
2276,63.0,58.66
1557,67.0,61.04
2501,56.0,60.16
1743,55.0,62.21
1901,53.0,59.44
188,58.0,60.39
2856,67.0,57.53
1474,64.0,59.11
588,58.0,63.59
2345,60.0,63.13
2413,63.0,61.04
18,56.0,62.88
1701,59.0,62.38
596,58.0,59.84
2420,60.0,61.15
885,62.0,61.24
563,49.0,62.35
1597,58.0,59.86
553,65.0,61.85
892,79.0,61.23
3752,65.0,60.65
3480,58.0,62.49
1794,63.0,58.79
2233,64.0,60.82
616,61.0,59.22
1752,59.0,58.26
2485,64.0,62.56
2978,61.0,62.13
319,48.0,57.67
4007,62.0,58.92
2004,60.0,58.68
1330,56.0,64.5
1128,58.0,59.44
2753,64.0,61.26
3372,66.0,59.13
214,63.0,63.52
3843,59.0,60.62
484,60.0,59.55
530,60.0,62.23
1262,64.0,61.81
1103,63.0,59.83
1880,56.0,59.52
2549,58.0,62.45
2255,59.0,60.42
3926,57.0,58.17
3419,57.0,61.13
2077,60.0,59.89
2029,61.0,62.17
3916,59.0,60.09
1172,63.0,60.25
1449,61.0,61.79
4113,58.0,61.21
3387,65.0,61.07
100,56.0,59.47
382,53.0,58.66
1457,63.0,61.19
1775,61.0,63.75
1415,64.0,60.49
2444,56.0,62.58
856,59.0,60.84
24,67.0,62.8
480,70.0,62.6
2440,60.0,62.06
2575,63.0,58.63
2346,63.0,61.91
1308,59.0,62.98
2966,63.0,59.77
1561,57.0,60.89
3937,61.0,60.47
1182,61.0,59.36
2657,56.0,61.86
2759,61.0,57.52
1658,57.0,60.09
3589,64.0,63.22
1224,59.0,62.47
2022,64.0,62.92
2667,62.0,61.35
932,61.0,58.75
1303,52.0,60.71
2125,60.0,62.71
2617,63.0,58.46
3860,54.0,57.54
1037,59.0,58.21
2979,58.0,59.17
3047,59.0,58.78
1275,63.0,62.75
1096,68.0,60.55
3971,66.0,60.76
2901,56.0,59.48
3542,70.0,62.31
107,30.0,60.16
2709,58.0,60.15
3550,65.0,59.35
427,70.0,60.83
620,55.0,64.11
1295,64.0,61.63
128,71.0,61.51
514,65.0,61.68
1817,55.0,59.65
165,57.0,61.99
3460,63.0,62.92
2317,59.0,63.86
3141,63.0,64.54
3707,62.0,61.8
3936,58.0,60.41
2239,59.0,58.97
803,55.0,60.25
249,65.0,60.33
3948,53.0,59.09
2135,70.0,63.39
2467,63.0,63.77
3258,57.0,61.62
1084,65.0,60.38
3737,66.0,60.6
3792,78.0,60.58
1494,54.0,61.08
3525,64.0,59.86
3125,62.0,60.41
1141,64.0,60.9
836,55.0,61.04
3074,57.0,60.85
1151,60.0,62.88
2289,57.0,61.87
3353,60.0,60.52
1054,58.0,60.66
2878,60.0,60.35
1356,60.0,59.17
700,61.0,59.89
54,57.0,59.89
410,58.0,62.76
1778,59.0,60.46
78,69.0,60.31
1918,62.0,58.62
2058,58.0,58.47
570,65.0,59.33
3643,59.0,61.55
1579,60.0,58.86
3618,52.0,63.71
2208,69.0,60.96
330,62.0,59.63
2151,64.0,63.5
982,61.0,58.98
166,61.0,62.34
2728,61.0,59.23
3807,61.0,63.48
55,65.0,60.89
1584,61.0,62.39
229,57.0,60.51
2378,59.0,61.23
27,55.0,60.74
1650,60.0,61.28
1626,57.0,62.16
223,60.0,61.5
3008,59.0,57.6
778,63.0,59.28
4090,55.0,60.38
2443,65.0,59.49
1300,56.0,58.98
336,62.0,59.59
1600,59.0,62.75
3390,57.0,59.72
2536,58.0,59.83
742,65.0,59.86
2118,53.0,59.84
907,61.0,58.62
1722,57.0,59.3
3832,66.0,59.97
844,59.0,59.85
2559,68.0,64.25
45,53.0,60.78
1419,62.0,63.15
2650,62.0,63.26
787,58.0,60.77
3023,68.0,60.04
3021,61.0,59.15
457,57.0,60.11
1100,60.0,60.83
745,64.0,61.14
1917,62.0,60.8
1933,60.0,58.29
1350,58.0,62.67
1312,60.0,62.06
575,60.0,60.98
2930,60.0,59.54
1806,63.0,57.32
265,67.0,61.22
3110,65.0,61.09
2622,64.0,60.15
2910,63.0,59.09
1105,55.0,60.26
2018,58.0,60.92
757,57.0,63.87
2155,67.0,61.91
4129,54.0,61.46
3326,63.0,62.32
2383,58.0,61.08
3489,62.0,59.67
305,66.0,60.31
3264,60.0,62.57
1680,59.0,61.59
142,50.0,60.03
1522,38.0,58.0
837,63.0,58.73
2057,60.0,63.81
2030,59.0,59.96
274,54.0,61.53
1362,63.0,58.04
3134,57.0,62.21
3644,66.0,60.97
1961,64.0,59.06
812,63.0,62.25
59,68.0,62.39
2381,61.0,60.95
1922,61.0,60.73
1228,64.0,59.67
3263,64.0,60.58
1947,60.0,58.68
1770,52.0,58.45
1376,61.0,61.68
2876,62.0,61.45
3867,61.0,61.73
2337,72.0,60.04
1799,57.0,59.99
3590,64.0,60.94
909,55.0,58.08
179,50.0,60.87
3162,64.0,63.85
2967,60.0,59.0
3675,75.0,61.26
3470,56.0,60.61
3476,62.0,59.5
1526,61.0,60.67
197,64.0,63.64
13,65.0,60.4
2993,68.0,58.23
337,65.0,61.72
2068,57.0,62.83
1107,63.0,61.62
2263,66.0,61.83
621,54.0,62.76
2596,54.0,60.34
2935,62.0,57.04
3368,64.0,59.71
433,71.0,61.61
3796,59.0,60.89
1666,67.0,60.23
1877,58.0,59.54
3002,53.0,58.06
3977,62.0,60.53
1936,61.0,62.67
4000,54.0,59.16
1079,55.0,59.01
2832,55.0,61.67
247,60.0,58.7
183,60.0,60.93
2359,58.0,62.79
2656,58.0,59.98
1139,63.0,61.85
2229,57.0,59.21
1790,62.0,58.18
505,59.0,61.99
3274,68.0,60.24
3449,59.0,61.09
429,58.0,60.59
3760,63.0,62.61
866,54.0,59.69
2364,61.0,62.98
1553,61.0,58.49
2138,63.0,60.34
978,63.0,59.31
236,57.0,61.86
1310,58.0,61.55
936,54.0,56.46
2997,59.0,58.68
367,72.0,61.4
1454,61.0,61.06
3925,61.0,60.32
3783,56.0,57.2
1034,66.0,61.14
1249,58.0,60.42
2310,60.0,61.29
2354,58.0,61.32
1438,71.0,61.24
74,67.0,61.12
1592,66.0,59.65
46,60.0,61.15
1529,60.0,58.56
3619,66.0,60.14
192,62.0,63.1
2665,64.0,61.39
3848,63.0,60.43
482,65.0,61.35
3530,56.0,59.0
1475,56.0,60.69
147,53.0,61.66
2990,57.0,60.15
838,60.0,61.17
324,63.0,62.3
277,65.0,60.48
1378,66.0,62.13
2245,60.0,60.82
3325,60.0,60.14
68,56.0,59.04
2660,55.0,60.79
3231,62.0,61.32
3075,55.0,60.91
3865,58.0,60.77
152,60.0,61.61
3581,69.0,61.96
839,61.0,56.86
2232,59.0,59.33
1049,54.0,58.24
1545,58.0,61.12
890,56.0,61.51
2586,59.0,60.3
3923,65.0,63.49
3132,61.0,60.66
4076,58.0,62.19
1886,56.0,60.74
1126,62.0,64.9
260,62.0,59.36
3742,69.0,63.18
918,58.0,61.08
1089,56.0,64.23
2318,63.0,63.24
3284,64.0,60.39
3199,64.0,61.71
2184,60.0,62.23
1465,62.0,61.12
4016,68.0,57.51
557,77.0,59.83
292,64.0,57.81
1580,63.0,63.14
1895,54.0,59.88
4008,59.0,62.16
3485,65.0,63.02
1669,63.0,65.4
374,62.0,61.79
2923,56.0,58.46
313,57.0,58.14
3804,56.0,59.85
744,59.0,59.61
1076,67.0,60.32
3672,63.0,59.82
3232,69.0,59.36
546,60.0,60.08
434,60.0,57.69
917,63.0,59.87
1321,61.0,60.16
1055,66.0,58.06
3185,62.0,60.6
3290,58.0,59.49
1929,63.0,57.62
3328,61.0,60.05
3824,62.0,58.76
2974,69.0,62.79
3914,58.0,56.99
694,62.0,61.31
1846,66.0,62.61
869,59.0,60.79
62,65.0,63.01
81,65.0,62.83
384,60.0,61.53
1215,61.0,59.57
1977,59.0,60.05
3381,67.0,62.41
899,62.0,61.34
2831,56.0,59.73
999,67.0,58.22
1334,62.0,63.54
3932,56.0,58.32
4031,63.0,58.8
2476,55.0,59.35
132,66.0,64.1
2387,66.0,60.75
2150,62.0,60.79
2905,58.0,61.87
2038,59.0,58.18
448,55.0,60.83
3360,60.0,62.99
1973,68.0,60.48
865,60.0,58.87
704,61.0,59.66
1707,58.0,59.39
979,56.0,58.35
404,67.0,59.8
31,57.0,60.41
3438,65.0,59.65
212,62.0,60.81
4079,61.0,62.37
4005,61.0,57.73
1611,60.0,65.08
3250,57.0,58.13
2008,55.0,58.58
2760,64.0,60.32
497,52.0,59.42
2365,66.0,60.1
2854,61.0,59.68
462,59.0,59.84
830,60.0,62.39
1398,53.0,62.5
1210,64.0,61.93
201,68.0,60.71
587,54.0,53.69
1301,65.0,59.33
967,64.0,61.13
7,60.0,63.1
458,56.0,59.44
303,59.0,60.72
729,58.0,59.54
3858,57.0,58.06
3540,59.0,59.75
922,57.0,58.67
3036,65.0,60.22
1329,58.0,60.24
1157,58.0,60.16
4123,60.0,59.82
2550,58.0,62.34
3646,57.0,60.41
203,57.0,58.65
469,62.0,60.94
1169,72.0,60.29
2848,63.0,60.59
30,58.0,62.06
834,64.0,58.33
2340,66.0,61.54
3994,68.0,60.04
665,62.0,59.27
3062,64.0,58.88
3564,62.0,61.21
4087,59.0,58.5
3829,56.0,60.6
3761,52.0,61.16
1988,54.0,61.71
2410,59.0,58.88
231,72.0,57.66
753,61.0,61.23
717,58.0,61.72
593,70.0,61.39
2526,61.0,62.18
3499,63.0,60.72
2647,60.0,59.58
3795,56.0,59.12
1737,54.0,60.77
680,61.0,60.59
86,55.0,59.23
266,65.0,61.67
309,61.0,58.7
2908,60.0,61.41
1536,66.0,60.13
1893,62.0,60.41
1766,71.0,63.54
1277,63.0,60.51
1816,69.0,62.31
2385,67.0,60.1
3167,66.0,62.75
2702,58.0,59.19
3975,61.0,61.41
2892,63.0,60.63
1641,55.0,62.38
3995,56.0,59.56
2207,63.0,60.37
2001,60.0,57.32
1718,55.0,61.39
3623,62.0,60.32
2445,67.0,61.2
845,53.0,59.61
3003,61.0,59.58
2942,65.0,61.66
430,62.0,60.94
1834,67.0,62.93
1226,62.0,61.33
2493,60.0,59.32
1663,57.0,62.35
2141,63.0,61.9
1987,68.0,59.39
772,72.0,61.49
3554,53.0,61.03
161,63.0,59.94
1628,60.0,61.0
1661,69.0,58.78
1137,64.0,57.48
110,62.0,61.42
3309,59.0,58.05
3099,64.0,59.8
248,67.0,62.0
781,57.0,59.03
1488,63.0,64.55
2039,63.0,58.24
2368,69.0,61.9
2190,60.0,60.4
2573,53.0,60.04
1212,57.0,60.8
2269,63.0,61.4
2604,61.0,61.88
3242,55.0,59.11
2353,55.0,60.1
2200,65.0,61.35
1266,60.0,60.65
347,64.0,61.79
1662,55.0,61.92
790,66.0,58.75
2043,55.0,58.49
1913,60.0,57.77
1500,59.0,61.28
2819,60.0,59.11
1371,59.0,62.18
3462,59.0,62.18
2112,59.0,62.09
2159,67.0,60.68
2351,63.0,59.82
3005,58.0,60.12
962,59.0,58.84
3663,63.0,63.1
4136,66.0,60.27
2375,59.0,61.34
3584,53.0,62.29
1185,59.0,62.27
3574,59.0,60.88
574,61.0,60.69
2504,57.0,60.05
1146,64.0,62.31
2282,65.0,62.95
3275,61.0,61.52
3319,60.0,61.07
2734,61.0,60.3
3744,69.0,61.61
1826,57.0,58.88
3608,54.0,59.4
768,54.0,58.69
3842,57.0,62.87
3093,61.0,59.68
1738,62.0,61.73
1333,60.0,61.32
4084,52.0,59.54
4010,62.0,59.57
1412,66.0,61.4
4028,61.0,60.16
1016,60.0,58.5
2215,62.0,60.18
1769,56.0,62.65
3776,59.0,62.42
1074,61.0,59.44
1710,58.0,61.59
1403,65.0,61.29
1772,57.0,59.87
1614,54.0,60.36
362,66.0,61.21
2646,65.0,61.25
2707,57.0,58.57
4132,57.0,57.76
893,58.0,55.73
3398,66.0,59.4
2700,55.0,59.54
1927,59.0,64.89
1640,57.0,59.79
3826,66.0,63.62
3349,58.0,59.4
187,65.0,61.02
3645,63.0,60.26
3303,59.0,61.51
2415,56.0,60.92
1998,61.0,61.45
1911,58.0,61.54
2746,57.0,60.3
1897,55.0,58.93
26,74.0,64.41
3312,64.0,60.35
2858,66.0,61.03
2741,62.0,60.91
182,65.0,61.16
2804,60.0,58.14
3166,69.0,62.11
346,69.0,63.12
3300,60.0,60.48
449,57.0,59.56
1859,61.0,58.77
2463,58.0,61.88
1252,52.0,60.68
1470,59.0,61.91
498,64.0,60.09
942,57.0,58.71
1549,64.0,60.54
1363,46.0,59.92
2680,62.0,62.8
1116,60.0,61.4
1379,68.0,62.45
3881,58.0,61.46
2257,63.0,59.88
3654,67.0,59.75
339,61.0,62.26
1386,61.0,60.55
487,59.0,59.75
581,59.0,61.26
3323,67.0,64.95
2062,53.0,58.15
2991,61.0,61.19
1937,59.0,59.91
2654,54.0,60.85
3288,68.0,62.12
66,60.0,60.56
4091,59.0,59.5
1780,62.0,60.52
2163,65.0,60.94
263,59.0,61.29
2788,68.0,58.69
1143,65.0,62.58
1948,56.0,59.64
843,59.0,57.95
1088,60.0,59.31
2655,64.0,60.21
1420,66.0,61.95
72,61.0,59.83
1692,56.0,60.61
926,55.0,60.27
230,55.0,60.61
2343,62.0,61.68
2490,66.0,62.35
1318,64.0,60.25
3604,64.0,59.58
95,63.0,60.07
1073,63.0,58.35
3856,56.0,57.73
2927,56.0,57.46
1214,58.0,61.0
3632,68.0,60.92
1460,55.0,58.36
3433,60.0,60.28
455,64.0,63.34
4047,63.0,60.49
3946,55.0,59.52
2737,53.0,61.19
4057,60.0,59.35
1991,59.0,57.88
2773,54.0,61.93
3637,63.0,60.54
