,y_test,prediction
8383,59.0,57.59
5485,56.0,56.0
9038,67.0,65.52
14414,63.0,61.94
21625,65.0,65.0
22305,72.0,71.9
7744,63.0,62.92
6683,63.0,61.37
10614,67.0,67.0
9288,69.0,61.85
18405,57.0,44.5
8020,59.0,59.28
19516,64.0,62.98
17552,60.0,62.76
4143,61.0,61.1
4798,55.0,55.0
9645,71.0,67.5
6270,64.0,63.06
13018,65.0,63.95
18643,65.0,64.7
10672,63.0,63.0
11273,65.0,65.0
7775,60.0,60.14
12415,63.0,60.37
15570,62.0,62.0
16794,61.0,61.35
13335,63.0,61.6
7799,62.0,59.49
1769,65.0,60.8
13313,69.0,60.15
4149,55.0,55.56
4175,73.0,72.17
21577,65.0,65.09
19290,58.0,59.88
1714,63.0,63.35
4177,62.0,62.0
5922,63.0,59.95
12578,68.0,60.67
3864,64.0,62.54
11661,56.0,63.57
11954,59.0,58.01
3432,54.0,58.42
18019,64.0,61.18
44,60.0,63.48
1687,58.0,59.52
8894,65.0,57.21
14720,55.0,55.0
14456,65.0,58.24
4936,58.0,58.0
21128,56.0,56.46
124,57.0,60.9
11786,65.0,64.4
10616,67.0,67.0
22357,62.0,62.0
16154,68.0,68.0
18714,60.0,58.84
13559,60.0,59.79
9440,54.0,59.84
17614,63.0,62.51
3649,49.0,62.97
7148,61.0,61.29
7699,62.0,57.69
15946,64.0,64.0
5773,60.0,60.0
9908,58.0,58.0
3895,53.0,54.83
5848,61.0,64.08
10140,55.0,55.0
7797,62.0,59.49
11267,59.0,59.0
7670,62.0,61.65
7106,60.0,62.12
14962,60.0,60.0
4004,57.0,57.0
4360,59.0,59.0
20280,65.0,65.77
8530,64.0,60.33
13417,57.0,58.5
5185,63.0,63.0
13685,72.0,62.23
17697,65.0,62.39
1314,67.0,64.46
3385,54.0,62.13
6608,62.0,63.19
8643,60.0,60.61
2249,61.0,62.93
22262,60.0,60.0
1443,66.0,64.56
20352,69.0,62.84
13961,58.0,58.4
21161,55.0,61.45
11357,69.0,65.52
361,63.0,63.21
13663,57.0,57.25
3947,58.0,59.03
4387,56.0,56.0
17876,66.0,64.78
9423,64.0,62.54
7271,61.0,58.98
12534,62.0,62.19
9139,63.0,61.35
12861,70.0,67.11
5049,57.0,57.0
7783,55.0,57.07
19832,64.0,63.8
5752,58.0,58.0
14203,59.0,61.43
2089,70.0,62.61
19555,76.0,61.26
1243,72.0,60.13
22083,63.0,63.0
6536,64.0,62.64
11876,62.0,61.37
12555,56.0,57.08
17016,56.0,62.73
13714,58.0,60.55
20500,54.0,55.01
5900,63.0,62.65
14621,62.0,61.45
2898,65.0,62.92
15836,63.0,63.0
8860,61.0,60.72
6104,68.0,61.35
1308,56.0,64.17
6984,63.0,62.54
12306,65.0,64.19
19867,63.0,62.91
5749,56.0,56.0
4773,64.0,60.85
12304,69.0,64.52
806,60.0,65.6
63,64.0,59.63
15038,54.0,54.0
14905,61.0,63.16
21077,54.0,60.48
10622,64.0,64.0
19712,59.0,63.04
19261,62.0,60.88
14677,58.0,59.64
12575,60.0,61.04
4871,55.0,55.0
394,65.0,63.97
21448,55.0,55.0
11860,58.0,60.47
6034,55.0,60.24
4784,61.0,61.0
3669,59.0,58.99
6761,61.0,57.05
15444,67.0,67.0
1592,68.0,63.61
9928,60.0,59.99
2027,61.0,61.02
2867,72.0,67.32
5973,68.0,63.01
9992,57.0,57.0
17074,49.0,59.44
1848,63.0,63.28
2184,60.0,62.4
16228,59.0,59.0
15605,66.0,64.37
19780,66.0,62.27
17681,64.0,59.64
13865,54.0,63.12
16588,57.0,58.0
10352,56.0,56.0
15403,63.0,62.63
18728,65.0,62.58
17190,60.0,59.77
13644,54.0,55.66
9224,60.0,60.0
1630,58.0,58.34
18649,66.0,60.83
13010,66.0,61.98
22281,56.0,56.0
18366,66.0,55.24
12411,64.0,59.69
6364,58.0,59.35
2954,68.0,59.93
11546,64.0,60.47
15758,58.0,58.0
7731,64.0,59.8
667,63.0,61.44
10156,59.0,59.0
367,62.0,62.98
6441,58.0,58.33
7411,54.0,54.61
17615,63.0,62.51
3034,70.0,66.33
12636,62.0,63.73
19248,56.0,61.83
21722,60.0,59.99
13578,59.0,59.92
5870,64.0,63.25
2306,60.0,61.67
1518,58.0,59.71
19738,56.0,58.52
10183,53.0,53.0
1283,59.0,59.86
803,60.0,61.25
19298,58.0,59.89
7691,60.0,60.62
2772,65.0,63.67
5408,60.0,60.0
21232,56.0,56.0
1747,65.0,62.52
18555,57.0,60.62
19282,59.0,59.03
21263,54.0,54.0
19822,67.0,58.89
15817,58.0,58.0
20042,56.0,60.22
4261,64.0,64.0
3577,67.0,65.21
19833,64.0,63.8
16222,61.0,61.0
15285,55.0,55.0
1201,54.0,54.17
2009,58.0,58.7
22065,57.0,57.0
5889,67.0,60.01
9033,60.0,60.15
16257,58.0,58.0
18508,66.0,61.88
10337,54.0,54.0
15899,59.0,59.0
20689,64.0,62.7
6526,57.0,57.21
12190,59.0,60.18
3580,62.0,61.94
19251,61.0,60.74
18993,63.0,59.9
5516,57.0,57.0
13544,67.0,66.14
9901,55.0,55.0
2822,64.0,60.81
9769,54.0,56.5
11700,58.0,61.69
2906,60.0,60.34
1028,64.0,61.0
20579,57.0,57.0
13309,53.0,62.02
2050,57.0,57.25
7348,60.0,58.54
95,61.0,62.36
4140,64.0,62.87
13249,59.0,58.04
9238,58.0,61.83
21262,54.0,54.0
21958,66.0,66.0
21005,59.0,59.0
13606,63.0,61.6
20270,58.0,57.3
12785,60.0,61.51
5405,55.0,55.0
20946,62.0,63.06
15578,55.0,62.86
1365,61.0,61.56
17489,59.0,60.35
8955,57.0,62.1
14650,58.0,58.0
22113,57.0,57.0
19522,61.0,61.39
19297,70.0,62.53
15092,58.0,58.0
7270,61.0,58.98
8680,60.0,60.75
6715,58.0,60.11
633,57.0,63.68
1216,65.0,64.85
13363,58.0,58.13
1244,72.0,60.13
8037,71.0,57.2
21328,57.0,57.0
15905,52.0,51.99
6320,60.0,64.14
2960,58.0,58.28
5045,67.0,67.0
2959,58.0,58.28
21767,62.0,62.0
20947,62.0,63.06
1535,62.0,62.27
8470,64.0,62.33
21701,55.0,55.0
6616,56.0,58.97
9852,65.0,65.0
3641,53.0,56.32
1814,57.0,57.59
1412,65.0,61.69
10401,63.0,63.0
16796,61.0,59.1
10923,66.0,66.0
5302,59.0,59.0
1053,56.0,63.17
21532,58.0,58.0
20476,59.0,61.56
18862,61.0,60.95
11668,70.0,60.03
18474,60.0,60.01
16992,60.0,61.38
16037,60.0,60.0
5200,58.0,58.0
5806,56.0,56.0
4675,64.0,64.0
21283,58.0,58.0
16176,65.0,65.0
15175,62.0,60.25
21784,59.0,59.0
7276,59.0,59.38
2398,61.0,62.21
18265,60.0,59.24
16177,65.0,65.0
14057,59.0,59.34
15516,61.0,61.0
21334,59.0,59.0
15191,58.0,63.61
959,61.0,61.05
18089,53.0,60.85
14502,54.0,54.67
1100,57.0,58.17
6388,68.0,59.15
3224,60.0,59.65
19296,61.0,59.95
7536,60.0,59.91
10245,61.0,61.0
4733,55.0,55.0
8402,59.0,59.5
5891,59.0,61.84
20867,55.0,55.05
15848,63.0,63.01
4424,62.0,62.0
14276,56.0,57.04
508,66.0,61.69
22051,56.0,56.0
2304,56.0,56.51
17639,60.0,59.79
18303,60.0,63.49
9653,55.0,62.28
541,58.0,62.4
17164,59.0,60.95
108,55.0,60.27
13797,54.0,62.95
15275,60.0,59.95
12096,62.0,62.93
1052,56.0,63.17
3040,71.0,59.72
5693,66.0,66.0
6461,62.0,62.08
13855,62.0,61.76
4886,63.0,63.0
17157,65.0,64.46
8384,59.0,57.59
22206,57.0,57.0
14723,58.0,58.77
18605,60.0,63.12
15700,58.0,58.0
14264,58.0,59.68
5771,61.0,61.0
1914,53.0,54.66
17640,60.0,59.79
12391,57.0,57.91
4433,57.0,57.0
4792,63.0,63.0
19197,55.0,62.03
11691,65.0,64.29
15639,63.0,63.0
1693,52.0,62.55
12690,61.0,61.5
19379,58.0,60.03
19167,66.0,65.95
10201,60.0,59.99
7638,63.0,59.99
4783,61.0,61.0
2716,61.0,61.23
9596,56.0,59.55
20550,50.0,51.02
19265,67.0,57.1
22019,55.0,57.25
15296,60.0,60.0
4039,56.0,62.49
19896,55.0,55.74
20197,59.0,60.31
19812,60.0,64.2
15048,61.0,61.0
16076,60.0,60.0
9325,58.0,61.54
1226,62.0,63.82
1509,65.0,65.06
10010,62.0,61.86
5538,58.0,58.0
3752,57.0,60.23
3266,61.0,58.85
12419,60.0,60.49
9773,60.0,59.99
779,72.0,69.04
274,58.0,63.36
5425,55.0,55.0
1082,68.0,60.92
17635,56.0,56.79
20691,64.0,62.7
5830,64.0,64.0
15309,73.0,68.91
5256,63.0,63.0
12979,60.0,61.04
8710,60.0,59.54
11085,59.0,59.0
17484,58.0,59.58
18653,70.0,67.75
7174,61.0,61.4
10217,60.0,60.0
8753,59.0,61.89
16591,55.0,60.86
7119,61.0,61.06
8932,58.0,59.35
6147,59.0,59.6
10527,64.0,64.0
4751,54.0,54.0
17423,62.0,60.8
8549,57.0,61.34
760,62.0,59.8
20290,60.0,60.31
2395,63.0,62.38
5988,60.0,61.9
21579,65.0,65.09
20167,71.0,62.38
6545,60.0,60.09
18724,60.0,60.54
20839,61.0,61.0
12507,62.0,63.5
16182,68.0,68.0
13752,57.0,57.09
8946,56.0,57.81
14118,67.0,65.33
14436,66.0,60.93
9909,61.0,61.0
6838,63.0,62.1
2186,60.0,62.4
2212,62.0,59.3
1785,63.0,62.15
4797,55.0,55.0
8422,69.0,61.44
12992,69.0,67.28
1665,66.0,64.31
13775,59.0,58.34
10516,59.0,59.0
5172,56.0,56.0
15569,62.0,62.07
4699,61.0,61.0
10482,58.0,58.0
20622,59.0,59.73
7295,66.0,63.68
1712,63.0,63.35
19856,61.0,60.95
18067,60.0,59.25
10445,57.0,57.0
2732,61.0,61.99
11244,60.0,60.09
12056,58.0,60.98
1115,61.0,59.73
15581,62.0,62.0
15958,69.0,69.01
20001,71.0,67.02
19757,56.0,57.08
1017,65.0,59.84
6943,57.0,58.69
19892,58.0,61.52
1832,62.0,62.67
2020,50.0,58.4
22300,58.0,58.0
10924,66.0,66.0
20498,59.0,61.6
15288,65.0,65.0
7176,61.0,61.4
2842,67.0,61.71
21454,53.0,53.0
11140,58.0,58.0
13443,60.0,60.74
4966,55.0,55.0
1222,66.0,62.11
19229,65.0,64.69
2396,63.0,62.38
1880,63.0,62.22
15398,65.0,65.0
4521,60.0,60.0
13017,65.0,63.95
2341,57.0,57.82
21106,63.0,61.12
2100,62.0,61.38
13445,56.0,60.57
13481,56.0,59.09
17393,59.0,61.71
10099,58.0,62.19
4837,66.0,66.0
4529,52.0,52.0
18756,60.0,63.09
4414,59.0,59.0
10949,55.0,55.0
9964,56.0,56.0
20340,69.0,66.55
18730,69.0,64.98
8379,55.0,57.33
16310,57.0,57.0
935,52.0,52.64
10730,59.0,59.0
21039,53.0,58.34
3253,61.0,60.55
7258,67.0,64.75
8650,65.0,64.58
16199,58.0,58.0
21260,60.0,60.0
6188,60.0,60.79
8341,38.0,58.74
6751,59.0,61.46
18112,67.0,64.06
18618,67.0,66.39
1921,72.0,67.49
13809,68.0,62.36
15395,57.0,57.0
3204,61.0,59.19
21003,57.0,57.0
20006,65.0,63.32
12471,63.0,59.63
534,65.0,64.53
19178,60.0,61.55
2840,68.0,62.16
15486,58.0,58.0
15912,53.0,53.0
6534,61.0,60.56
11238,61.0,61.0
18921,64.0,62.82
11635,63.0,60.21
11007,62.0,62.0
9126,56.0,59.67
22349,60.0,60.0
6846,67.0,66.49
20617,56.0,56.0
1685,58.0,59.52
15856,62.0,62.0
10608,68.0,66.89
1855,60.0,60.2
17439,65.0,59.95
880,63.0,61.37
21716,57.0,57.0
18168,62.0,62.13
22368,57.0,57.0
11444,64.0,60.68
19278,63.0,61.77
5989,60.0,61.9
2589,60.0,60.84
1898,62.0,62.24
4897,63.0,63.0
20990,60.0,60.38
21751,62.0,62.0
19319,62.0,61.77
10044,69.0,69.0
1849,63.0,63.28
7788,59.0,59.14
12745,59.0,62.86
18625,57.0,57.71
8016,63.0,62.6
1850,63.0,63.28
8372,61.0,61.01
16144,57.0,57.0
19113,52.0,62.34
20334,69.0,66.55
18348,58.0,59.28
13744,58.0,59.09
1191,55.0,56.07
5370,55.0,55.52
1372,65.0,62.65
18363,58.0,58.26
19088,66.0,59.38
4255,60.0,60.0
15760,56.0,56.0
16495,61.0,61.0
9663,57.0,57.0
17863,63.0,62.66
1868,66.0,60.71
1211,63.0,61.61
18687,60.0,60.49
20512,61.0,61.0
15021,56.0,58.23
1136,65.0,64.2
10856,62.0,62.0
10996,61.0,61.0
4649,66.0,60.54
17948,60.0,60.45
14360,55.0,63.72
4208,58.0,58.0
19287,60.0,61.13
4289,60.0,60.05
20871,60.0,59.0
12441,59.0,59.46
6796,61.0,61.47
3120,60.0,60.88
18560,64.0,60.62
11741,61.0,61.6
3510,53.0,60.77
21490,60.0,60.0
4044,73.0,63.07
3628,65.0,61.86
8338,59.0,61.52
3258,61.0,58.85
8322,55.0,59.95
15816,58.0,58.0
16232,55.0,55.0
10344,61.0,61.0
14579,60.0,58.08
7667,59.0,60.03
4350,62.0,62.0
10269,59.0,58.96
8747,59.0,58.94
15385,60.0,60.0
10586,62.0,62.0
1020,58.0,58.81
10319,62.0,62.0
19873,60.0,61.47
14921,60.0,60.33
19419,59.0,61.64
22200,57.0,57.0
69,67.0,61.84
11078,60.0,60.0
13558,60.0,59.79
6531,58.0,58.33
1761,60.0,60.16
5663,56.0,56.0
145,57.0,60.62
10880,55.0,55.0
10827,53.0,53.0
9510,29.0,43.08
4271,61.0,61.0
19607,63.0,62.43
10406,58.0,58.0
7578,65.0,64.54
17642,71.0,59.55
5772,60.0,60.0
22013,59.0,59.0
14507,53.0,54.07
4593,59.0,58.98
8969,64.0,61.5
9553,56.0,56.46
15567,60.0,60.0
423,64.0,60.3
21303,57.0,57.0
15601,59.0,59.92
19661,61.0,60.73
17560,55.0,62.91
2913,60.0,61.82
13538,67.0,66.14
8369,60.0,58.39
10304,66.0,66.0
736,64.0,61.68
3172,57.0,58.49
10094,66.0,66.0
13446,56.0,60.57
11411,59.0,61.33
13300,63.0,62.12
11790,59.0,60.52
10272,60.0,60.0
19449,61.0,60.33
1866,55.0,55.88
9881,61.0,61.0
17194,55.0,57.87
10521,59.0,58.95
10052,66.0,66.0
9661,56.0,56.0
18293,54.0,62.07
3042,57.0,61.82
14945,59.0,58.96
14936,56.0,57.7
20849,56.0,56.0
17473,65.0,64.31
9907,62.0,62.0
18124,69.0,65.8
19486,53.0,56.86
22124,60.0,60.0
21453,53.0,53.0
12558,56.0,57.08
505,61.0,61.56
13860,58.0,57.75
2975,77.0,60.83
19334,65.0,61.8
4894,60.0,60.0
18799,64.0,58.69
3279,61.0,60.99
13060,64.0,63.34
9916,69.0,69.17
15120,55.0,57.64
9331,57.0,58.04
18038,61.0,57.48
5824,61.0,61.0
545,64.0,59.04
12840,58.0,62.2
19839,52.0,53.05
19140,66.0,63.5
2936,55.0,56.35
18126,57.0,61.07
15553,63.0,63.05
6507,62.0,61.13
14163,60.0,60.97
16645,63.0,61.68
18777,59.0,60.05
15600,60.0,59.99
4346,59.0,59.0
16522,64.0,60.75
18435,64.0,58.87
4421,64.0,62.54
12095,62.0,62.93
8407,56.0,57.37
5022,55.0,55.0
20033,65.0,64.04
10832,61.0,61.0
10474,59.0,61.46
20007,65.0,63.32
1263,57.0,57.95
22139,61.0,61.0
15922,54.0,54.0
18927,62.0,60.8
16220,61.0,61.0
5881,60.0,63.61
9848,59.0,59.0
7786,55.0,57.07
9521,60.0,59.69
11150,62.0,62.0
1035,62.0,62.22
18161,61.0,60.93
10005,56.0,56.0
18262,60.0,60.18
9040,56.0,59.16
21080,50.0,51.83
4865,61.0,61.31
7467,65.0,61.84
10285,63.0,63.0
7656,64.0,63.49
15019,56.0,58.23
177,69.0,62.73
22303,64.0,64.0
20356,54.0,54.88
1735,66.0,62.38
18329,63.0,62.96
13774,59.0,58.34
12632,63.0,59.23
13863,58.0,57.75
9146,63.0,61.35
16772,68.0,61.48
8963,64.0,62.73
18114,61.0,61.53
755,55.0,55.59
2227,56.0,61.31
21117,59.0,59.0
1733,62.0,61.81
14732,55.0,62.03
55,64.0,58.31
471,62.0,62.64
16072,69.0,69.18
888,61.0,61.17
3792,70.0,67.92
2507,63.0,58.38
11892,61.0,61.97
19755,64.0,62.48
4232,55.0,55.0
4502,70.0,69.33
8573,60.0,60.49
11195,55.0,55.0
5145,58.0,58.0
3984,59.0,59.0
5728,60.0,60.0
7300,49.0,48.83
15750,58.0,58.0
6246,58.0,62.96
7549,66.0,62.41
2585,65.0,61.17
1721,58.0,60.05
8471,64.0,62.33
15101,54.0,58.38
19146,63.0,59.75
13736,57.0,58.77
10013,62.0,62.0
11518,70.0,62.31
10655,68.0,68.0
4407,58.0,58.0
1156,59.0,59.2
253,61.0,59.31
13520,64.0,61.29
22159,63.0,63.0
19858,68.0,65.23
5767,58.0,58.0
11659,72.0,67.93
10050,55.0,55.0
10769,68.0,68.0
4736,60.0,60.0
20656,55.0,58.99
22367,57.0,57.0
2861,64.0,58.3
2745,61.0,61.61
14570,66.0,63.82
22383,58.0,58.0
11445,53.0,61.66
1212,63.0,61.61
18119,62.0,63.97
15439,57.0,57.0
6771,58.0,61.47
10677,57.0,57.0
7216,58.0,59.74
5692,66.0,66.0
18250,56.0,56.73
2135,59.0,59.0
9959,54.0,54.0
6080,63.0,60.58
5927,59.0,65.31
12959,63.0,60.79
21228,63.0,63.0
9351,63.0,62.34
9260,57.0,57.28
5797,64.0,63.68
9837,63.0,62.09
19091,62.0,62.92
13861,58.0,57.75
7747,63.0,62.92
16469,62.0,62.0
16017,63.0,62.86
11766,61.0,58.34
8033,59.0,62.51
8736,59.0,59.92
19864,59.0,59.53
12685,57.0,63.71
9133,56.0,59.67
4062,61.0,61.0
3754,57.0,59.08
9171,57.0,59.35
6124,65.0,62.54
4348,59.0,59.0
20619,56.0,56.0
7094,59.0,61.22
10484,63.0,63.0
19709,55.0,55.45
21089,62.0,59.54
13485,55.0,61.37
6367,61.0,59.04
17877,66.0,64.78
3569,60.0,62.36
11300,58.0,57.74
9009,67.0,60.56
8116,60.0,60.74
12953,60.0,58.27
6664,57.0,57.06
16074,60.0,60.0
1682,55.0,57.59
9768,54.0,56.5
7298,60.0,60.07
3476,58.0,59.4
10297,56.0,56.0
14537,57.0,58.17
5339,56.0,56.0
19785,57.0,59.37
3610,58.0,58.0
17328,64.0,58.57
6160,61.0,59.29
8412,57.0,57.29
1126,61.0,59.76
21894,63.0,63.0
2587,61.0,63.67
1442,66.0,64.56
17664,67.0,65.49
9720,55.0,60.78
19797,62.0,61.68
5726,55.0,55.0
1801,55.0,56.4
11016,59.0,59.0
19288,60.0,61.13
449,68.0,61.32
3213,70.0,58.15
22286,54.0,54.0
19779,66.0,62.27
15094,60.0,62.82
102,67.0,61.9
3618,64.0,61.9
2071,60.0,60.95
18131,63.0,62.8
884,63.0,61.42
22364,58.0,58.0
1161,63.0,62.3
19745,63.0,59.05
5423,55.0,55.0
11162,63.0,63.05
11134,60.0,60.0
12789,61.0,60.58
14967,55.0,55.0
12687,60.0,60.24
20460,56.0,57.41
21111,63.0,61.12
13395,68.0,66.08
19490,53.0,61.42
12359,60.0,61.15
11683,57.0,61.65
17214,61.0,61.3
14920,60.0,60.33
20930,55.0,55.0
18702,69.0,60.86
15670,55.0,55.0
16402,54.0,54.0
20781,59.0,59.0
10673,63.0,63.0
6525,57.0,57.21
17257,66.0,59.45
300,50.0,63.88
21920,62.0,62.0
10618,63.0,60.83
2689,60.0,64.16
18453,58.0,58.28
22100,59.0,59.0
7537,60.0,59.91
14019,60.0,59.81
951,59.0,60.13
3688,48.0,55.81
7153,63.0,62.34
1379,54.0,59.05
15407,58.0,58.0
16046,61.0,61.0
19882,61.0,61.05
8611,71.0,66.55
1563,64.0,60.19
4481,55.0,55.0
8648,55.0,55.9
19810,50.0,51.48
11894,55.0,63.01
15137,59.0,59.0
5277,54.0,54.0
14227,65.0,62.88
12331,58.0,60.39
12423,62.0,60.28
12352,57.0,59.41
19998,55.0,55.28
21488,60.0,60.09
13652,56.0,57.67
6801,61.0,59.72
22187,57.0,57.0
988,60.0,59.19
2693,59.0,60.09
4474,65.0,65.0
11230,65.0,58.97
18568,65.0,64.63
3248,65.0,62.25
248,60.0,61.57
17475,61.0,57.43
8884,66.0,59.23
7344,68.0,57.87
13238,61.0,64.68
12831,64.0,62.48
16564,67.0,65.1
14924,55.0,55.0
20806,56.0,57.18
20396,65.0,64.13
876,58.0,59.1
18258,58.0,60.29
20756,68.0,65.68
15289,65.0,65.0
13043,60.0,60.4
21988,61.0,61.0
16576,66.0,63.98
9120,65.0,59.75
13978,71.0,63.71
4292,59.0,59.0
2904,60.0,60.34
2318,63.0,61.42
12850,65.0,58.63
17168,63.0,59.41
13641,58.0,58.1
4200,58.0,58.0
8163,59.0,61.73
11793,68.0,64.07
7651,64.0,60.22
7051,52.0,60.27
2002,65.0,61.8
19653,66.0,60.33
19887,58.0,62.62
20324,69.0,61.62
5733,54.0,54.0
2714,60.0,60.34
14764,59.0,60.07
5105,53.0,53.0
16531,53.0,61.17
14402,55.0,57.0
18549,60.0,60.16
10636,57.0,57.0
11226,65.0,58.97
3231,58.0,58.45
7991,55.0,55.08
11126,58.0,58.0
12608,66.0,62.01
21267,67.0,67.0
10493,55.0,55.0
15953,56.0,56.0
17675,66.0,58.99
14487,60.0,55.37
13973,59.0,56.78
10629,56.0,56.0
984,65.0,64.64
10552,52.0,53.27
18350,66.0,62.93
9082,67.0,66.44
2198,58.0,58.11
10930,60.0,62.55
4392,65.0,65.0
174,55.0,60.96
13623,55.0,55.72
964,55.0,59.87
7326,61.0,59.27
1458,65.0,61.23
13257,55.0,63.78
13974,54.0,57.77
14226,65.0,62.88
1856,60.0,60.2
4701,61.0,61.0
3343,68.0,62.66
19172,57.0,57.1
1504,60.0,60.04
5939,64.0,60.31
4705,60.0,60.0
19801,66.0,60.06
8801,53.0,54.02
678,66.0,63.27
4525,54.0,53.94
16157,68.0,68.0
200,53.0,60.06
2856,58.0,58.59
16012,56.0,56.0
2664,54.0,54.74
20136,58.0,57.69
18065,64.0,64.73
21398,61.0,61.0
8290,55.0,56.0
482,59.0,59.54
17256,66.0,59.45
3405,58.0,59.49
15956,69.0,69.01
9544,66.0,59.04
9221,60.0,60.0
17596,55.0,55.67
6376,59.0,62.92
5936,63.0,64.51
20912,48.0,47.26
1311,67.0,64.46
22209,66.0,65.61
13524,60.0,61.59
10904,56.0,56.0
1366,61.0,61.56
20398,65.0,64.13
7807,69.0,60.9
3362,61.0,58.81
14433,62.0,62.06
11536,63.0,60.05
11738,63.0,56.35
6698,67.0,60.52
2900,60.0,63.1
1218,70.0,60.98
895,62.0,60.51
6162,64.0,64.21
10965,53.0,53.0
20926,59.0,59.0
2018,61.0,60.78
17679,64.0,59.64
4435,57.0,57.0
19945,62.0,59.87
16347,64.0,64.0
2601,60.0,60.97
8857,61.0,60.72
20761,64.0,60.28
8763,58.0,60.98
10046,69.0,69.0
3632,62.0,61.47
1718,60.0,59.49
21650,59.0,59.02
21185,56.0,57.31
14330,65.0,60.22
6732,64.0,61.15
4884,58.0,58.0
10732,69.0,69.05
13304,58.0,58.57
4666,54.0,54.0
11665,68.0,63.59
12336,57.0,57.81
10066,75.0,72.48
22134,59.0,59.0
13327,56.0,56.22
12343,64.0,64.01
7530,54.0,61.03
12163,62.0,62.64
18116,61.0,61.53
20949,55.0,55.0
10990,62.0,62.0
17817,57.0,56.12
5310,61.0,61.0
18165,57.0,57.08
22202,58.0,58.0
21400,58.0,58.0
313,56.0,62.58
5486,56.0,56.0
9816,58.0,62.51
16259,64.0,64.0
18546,60.0,60.16
12230,58.0,59.54
3353,59.0,58.63
10190,54.0,54.0
5288,56.0,56.0
20440,60.0,63.03
1049,66.0,61.95
