,y_test,prediction
15501,89.0,92.52387468929142
21356,97.0,92.52387468929142
1575,123.0,92.52387468929142
15388,145.0,92.52387468929142
21105,130.0,92.52387468929142
9602,111.0,92.52387468929142
23148,111.0,92.52387468929142
17363,124.0,92.52387468929142
13369,106.0,92.52387468929142
16323,15.0,92.52387468929142
20237,90.0,92.52387468929142
2682,146.0,92.52387468929142
3678,63.0,92.52387468929142
4176,138.0,92.52387468929142
17235,32.0,92.52387468929142
19762,121.0,92.52387468929142
18224,99.0,92.52387468929142
12138,100.0,92.52387468929142
2056,134.0,92.52387468929142
23406,88.0,92.52387468929142
22687,129.0,92.52387468929142
21987,112.0,92.52387468929142
15771,119.0,92.52387468929142
17225,44.0,92.52387468929142
15906,103.0,92.52387468929142
8620,90.0,92.52387468929142
23733,68.0,92.52387468929142
7059,77.0,92.52387468929142
12694,107.0,92.52387468929142
20149,79.0,92.52387468929142
13898,115.0,92.52387468929142
10546,132.0,92.52387468929142
13912,123.0,92.52387468929142
8844,84.0,92.52387468929142
4065,108.0,92.52387468929142
13102,90.0,92.52387468929142
18337,102.0,92.52387468929142
4106,122.0,92.52387468929142
7843,123.0,92.52387468929142
6547,70.0,92.52387468929142
2070,96.0,92.52387468929142
18018,80.0,92.52387468929142
3857,112.0,92.52387468929142
9201,96.0,92.52387468929142
14443,96.0,92.52387468929142
23526,61.0,92.52387468929142
7026,165.0,92.52387468929142
5224,108.0,92.52387468929142
711,102.0,92.52387468929142
11210,122.0,92.52387468929142
8350,42.0,92.52387468929142
20697,58.0,82.3
9591,116.0,92.52387468929142
8101,95.0,92.52387468929142
21072,107.0,92.52387468929142
14742,48.0,92.52387468929142
20301,73.0,92.52387468929142
10679,36.0,92.52387468929142
19729,106.0,92.52387468929142
16668,85.0,92.52387468929142
1719,114.0,92.52387468929142
20173,63.0,92.52387468929142
8775,104.0,92.52387468929142
23772,119.0,92.52387468929142
15657,100.0,92.52387468929142
20333,55.0,92.52387468929142
21971,109.0,92.52387468929142
15605,118.0,93.76
8604,86.0,92.52387468929142
21302,66.0,92.52387468929142
19309,94.0,92.52387468929142
23987,87.0,92.52387468929142
7634,84.0,92.52387468929142
20938,90.0,82.1
18252,106.0,92.52387468929142
5202,77.0,92.52387468929142
8384,89.0,104.42
22596,91.0,92.52387468929142
21128,98.0,92.81694533120509
20990,61.0,102.86
16699,87.0,92.52387468929142
9858,101.0,91.62
13378,116.0,92.52387468929142
8134,50.0,92.52387468929142
22644,92.0,92.52387468929142
10000,130.0,92.52387468929142
6832,141.0,92.52387468929142
20385,90.0,92.52387468929142
3216,72.0,92.52387468929142
23488,115.0,92.52387468929142
12250,120.0,92.52387468929142
22460,94.0,92.52387468929142
2988,90.0,92.52387468929142
17668,107.0,92.52387468929142
576,83.0,92.52387468929142
7958,86.0,92.52387468929142
10151,98.0,92.52387468929142
21210,67.0,92.52387468929142
20171,79.0,92.52387468929142
23876,16.0,92.52387468929142
2603,105.0,92.52387468929142
8269,74.0,92.52387468929142
3599,128.0,92.52387468929142
9733,89.0,92.52387468929142
11335,108.0,92.52387468929142
858,86.0,92.52387468929142
13164,87.0,92.52387468929142
20266,99.0,92.52387468929142
14241,112.0,92.52387468929142
18602,98.0,92.52387468929142
14251,130.0,92.52387468929142
21237,114.0,92.52387468929142
13896,110.0,92.52387468929142
23944,101.0,92.52387468929142
13024,135.0,92.52387468929142
3657,112.0,92.52387468929142
20523,69.0,92.52387468929142
4925,83.0,92.52387468929142
4159,93.0,92.52387468929142
12899,69.0,92.52387468929142
2969,28.0,92.52387468929142
514,117.0,92.52387468929142
2684,145.0,92.52387468929142
20141,41.0,78.67
21601,107.0,92.52387468929142
7313,91.0,92.52387468929142
23828,118.0,92.52387468929142
20775,79.0,92.52387468929142
2947,70.0,92.52387468929142
5049,87.0,92.89
18124,88.0,80.72
8006,103.0,92.52387468929142
9598,117.0,92.52387468929142
11749,59.0,92.52387468929142
14430,11.0,92.52387468929142
23394,71.0,92.52387468929142
1531,90.0,92.52387468929142
10423,95.0,92.52387468929142
21999,74.0,92.52387468929142
18944,11.0,92.52387468929142
5471,8.0,92.52387468929142
16925,84.0,92.52387468929142
9204,94.0,92.52387468929142
14054,86.0,92.52387468929142
15030,109.0,92.52387468929142
5398,85.0,105.38
2625,14.0,92.52387468929142
4415,111.0,92.52387468929142
10869,96.0,92.52387468929142
14589,102.0,92.52387468929142
1750,94.0,92.52387468929142
14375,90.0,92.52387468929142
3603,123.0,92.52387468929142
1009,109.0,92.52387468929142
6937,69.0,92.52387468929142
2595,163.0,92.52387468929142
21800,99.0,92.52387468929142
4803,34.0,92.52387468929142
21049,115.0,92.52387468929142
19537,83.0,92.52387468929142
13609,116.0,92.52387468929142
5031,63.0,92.52387468929142
2525,93.0,92.52387468929142
1098,68.0,92.52387468929142
23063,126.0,92.52387468929142
20281,110.0,92.52387468929142
7555,115.0,92.52387468929142
4570,97.0,92.52387468929142
2073,101.0,92.52387468929142
1166,69.0,92.52387468929142
20982,105.0,92.52387468929142
12397,80.0,92.52387468929142
18079,148.0,92.52387468929142
3251,73.0,92.52387468929142
9490,98.0,92.52387468929142
12988,115.0,92.52387468929142
11833,75.0,92.52387468929142
6509,150.0,92.52387468929142
11599,48.0,92.52387468929142
4214,146.0,92.52387468929142
9944,89.0,92.52387468929142
1862,70.0,84.71
13627,118.0,100.69
20841,96.0,92.52387468929142
6782,120.0,92.52387468929142
21925,83.0,92.52387468929142
8511,58.0,92.52387468929142
21239,118.0,92.52387468929142
7199,119.0,92.52387468929142
23874,19.0,92.52387468929142
8259,80.0,92.52387468929142
1062,122.0,92.52387468929142
5087,114.0,92.52387468929142
13692,97.0,92.52387468929142
5089,113.0,92.52387468929142
7837,92.0,92.52387468929142
5569,115.0,92.52387468929142
7037,97.0,92.52387468929142
23690,75.0,92.52387468929142
3499,68.0,89.01
2047,98.0,97.32
7215,73.0,92.52387468929142
5052,82.0,92.52387468929142
1070,122.0,92.52387468929142
2148,49.0,92.52387468929142
11206,84.0,92.52387468929142
22867,105.0,92.52387468929142
14808,41.0,92.52387468929142
21067,101.0,92.52387468929142
22550,94.0,92.52387468929142
11753,62.0,92.52387468929142
18987,129.0,92.52387468929142
16459,123.0,92.52387468929142
12837,86.0,92.52387468929142
3366,115.0,92.52387468929142
22715,82.0,92.52387468929142
6741,88.0,92.52387468929142
9753,69.0,90.13
9023,96.0,92.52387468929142
21403,88.0,92.52387468929142
20968,111.0,92.52387468929142
11110,102.0,92.52387468929142
18760,10.0,92.52387468929142
7541,122.0,92.52387468929142
887,111.0,92.52387468929142
18095,120.0,93.36
12759,36.0,92.52387468929142
1113,105.0,92.52387468929142
19442,98.0,91.27
12099,57.0,92.52387468929142
4103,102.0,92.52387468929142
4980,89.0,92.52387468929142
8051,75.0,92.52387468929142
15198,107.0,92.52387468929142
12228,110.0,92.52387468929142
9339,136.0,92.52387468929142
17699,114.0,92.52387468929142
15623,46.0,92.52387468929142
312,103.0,92.52387468929142
831,86.0,92.52387468929142
20729,30.0,92.52387468929142
17945,115.0,92.52387468929142
10277,80.0,109.19
7675,99.0,92.52387468929142
4418,110.0,92.52387468929142
22003,114.0,92.52387468929142
20379,97.0,92.52387468929142
18521,30.0,92.52387468929142
11251,82.0,92.52387468929142
2845,126.0,104.57
13727,96.0,92.52387468929142
20759,107.0,92.52387468929142
4241,96.0,83.37
22738,111.0,92.52387468929142
8474,58.0,92.52387468929142
20825,109.0,92.52387468929142
5347,100.0,92.52387468929142
10937,103.0,92.52387468929142
864,83.0,92.52387468929142
7498,89.0,92.52387468929142
12856,115.0,92.52387468929142
13181,96.0,92.52387468929142
15062,126.0,92.52387468929142
7071,192.0,92.52387468929142
10900,119.0,92.52387468929142
10957,70.0,92.52387468929142
1947,113.0,92.52387468929142
22793,107.0,92.52387468929142
12300,81.0,92.52387468929142
824,118.0,92.52387468929142
9810,41.0,92.52387468929142
13950,27.0,92.52387468929142
9618,65.0,92.52387468929142
2655,80.0,92.52387468929142
2117,116.0,92.52387468929142
13969,111.0,92.52387468929142
19724,87.0,92.52387468929142
15073,126.0,92.52387468929142
17964,26.0,92.52387468929142
1969,125.0,92.52387468929142
3580,89.0,90.58
19966,104.0,92.52387468929142
11217,118.0,92.52387468929142
8497,112.0,92.52387468929142
6944,94.0,92.52387468929142
11077,104.0,92.52387468929142
22903,72.0,92.52387468929142
14016,81.0,92.52387468929142
11107,93.0,92.52387468929142
9379,119.0,92.52387468929142
17730,79.0,92.52387468929142
2453,152.0,92.52387468929142
19006,110.0,92.52387468929142
8186,29.0,92.52387468929142
20469,97.0,92.52387468929142
10591,96.0,87.05
2546,134.0,92.52387468929142
20011,101.0,92.52387468929142
1884,121.0,92.52387468929142
15531,103.0,92.52387468929142
4779,107.0,92.52387468929142
6733,75.0,92.52387468929142
9853,103.0,92.52387468929142
14625,70.0,92.52387468929142
21279,101.0,92.52387468929142
8438,10.0,92.52387468929142
5311,99.0,86.55
13850,65.0,92.52387468929142
17954,37.0,92.52387468929142
3725,82.0,92.52387468929142
557,91.0,92.52387468929142
17995,5.0,92.52387468929142
9708,120.0,92.52387468929142
21902,94.0,92.52387468929142
15626,67.0,92.52387468929142
14245,80.0,92.52387468929142
23003,90.0,92.52387468929142
11845,89.0,92.52387468929142
12965,100.0,92.52387468929142
16857,85.0,92.52387468929142
20561,18.0,92.52387468929142
13766,91.0,92.52387468929142
13983,107.0,92.52387468929142
22803,104.0,92.52387468929142
21060,98.0,92.52387468929142
5319,126.0,92.52387468929142
9214,91.0,92.52387468929142
17169,41.0,92.52387468929142
4141,71.0,82.4
9081,86.0,85.8798143712575
13728,90.0,92.52387468929142
15840,98.0,92.52387468929142
9635,102.0,92.52387468929142
11275,113.0,99.71
13603,93.0,92.52387468929142
10292,98.0,92.52387468929142
8261,83.0,92.52387468929142
9392,135.0,92.52387468929142
13441,62.0,77.43
12470,55.0,92.52387468929142
3990,48.0,79.7794233347407
19960,103.0,92.52387468929142
12316,94.0,92.52387468929142
21845,111.0,105.38
10216,62.0,92.52387468929142
1886,124.0,92.52387468929142
12024,109.0,92.52387468929142
20867,80.0,74.3323703256936
9948,94.0,92.52387468929142
20607,80.0,92.52387468929142
7844,118.0,92.52387468929142
8939,49.0,92.52387468929142
12239,110.0,92.52387468929142
13048,137.0,92.52387468929142
4109,115.0,92.52387468929142
18922,87.0,92.52387468929142
9729,104.0,92.52387468929142
463,83.0,92.52387468929142
4941,27.0,92.52387468929142
21836,112.0,92.52387468929142
23232,100.0,92.52387468929142
8623,109.0,92.52387468929142
21614,128.0,92.52387468929142
12158,97.0,92.52387468929142
2610,122.0,92.52387468929142
12656,103.0,92.52387468929142
13697,109.0,92.52387468929142
8260,88.0,92.52387468929142
141,86.0,92.52387468929142
17765,97.0,92.52387468929142
11942,104.0,92.52387468929142
6951,134.0,92.52387468929142
12401,119.0,92.52387468929142
2636,38.0,92.52387468929142
6904,8.0,92.52387468929142
21850,54.0,92.52387468929142
8047,120.0,92.52387468929142
1997,82.0,92.52387468929142
3598,128.0,105.64
6929,114.0,98.68655448717949
17526,84.0,92.52387468929142
6738,85.0,92.52387468929142
21360,127.0,92.52387468929142
8009,87.0,89.88
22732,84.0,92.52387468929142
19641,86.0,92.52387468929142
23372,6.0,92.52387468929142
4868,41.0,92.52387468929142
14037,20.0,92.52387468929142
12990,119.0,92.52387468929142
1119,107.0,92.52387468929142
12042,83.0,92.52387468929142
5404,94.0,92.52387468929142
23806,102.0,92.52387468929142
7394,64.0,92.52387468929142
12063,91.0,92.52387468929142
6639,49.0,92.52387468929142
14207,101.0,92.52387468929142
17907,93.0,92.52387468929142
10630,108.0,94.74
19986,106.0,92.52387468929142
23491,76.0,92.52387468929142
17306,130.0,92.52387468929142
16369,70.0,92.52387468929142
1054,95.0,92.52387468929142
5541,100.0,92.52387468929142
3553,58.0,92.52387468929142
22957,89.0,92.52387468929142
10936,99.0,92.52387468929142
19871,78.0,79.87
2793,97.0,95.3
23111,9.0,92.52387468929142
16407,165.0,92.52387468929142
12552,109.0,92.52387468929142
10294,93.0,92.52387468929142
5244,38.0,92.52387468929142
20939,96.0,92.52387468929142
13669,77.0,92.52387468929142
4898,134.0,92.52387468929142
1826,105.0,92.52387468929142
13201,80.0,92.52387468929142
12435,99.0,92.52387468929142
8429,13.0,92.52387468929142
210,70.0,92.52387468929142
10065,18.0,92.52387468929142
19348,103.0,92.52387468929142
18740,55.0,92.52387468929142
22613,101.0,92.52387468929142
4504,68.0,97.2
23579,84.0,92.52387468929142
1866,107.0,90.59647047126666
9657,128.0,99.28
12475,97.0,92.52387468929142
1760,86.0,88.17
19126,94.0,79.52
6553,90.0,92.52387468929142
137,82.0,92.52387468929142
561,91.0,92.52387468929142
15366,126.0,92.52387468929142
23384,134.0,92.52387468929142
15077,79.0,92.52387468929142
782,80.0,92.52387468929142
2179,125.0,92.52387468929142
4485,125.0,92.52387468929142
4739,97.0,92.52387468929142
14227,113.0,93.53286693121551
1345,137.0,92.52387468929142
19373,91.0,92.52387468929142
17229,36.0,92.52387468929142
10772,105.0,92.52387468929142
3455,131.0,92.52387468929142
1350,139.0,92.52387468929142
20863,132.0,92.52387468929142
13743,93.0,92.52387468929142
13174,69.0,92.52387468929142
21329,94.0,92.52387468929142
5779,96.0,106.15
12483,116.0,92.52387468929142
11157,106.0,107.25
22650,80.0,92.52387468929142
1793,69.0,92.52387468929142
10209,64.0,92.52387468929142
2476,50.0,92.52387468929142
2310,101.0,92.52387468929142
516,115.0,92.52387468929142
8759,115.0,92.52387468929142
14501,103.0,92.52387468929142
4642,94.0,92.52387468929142
20565,11.0,92.52387468929142
22438,92.0,92.52387468929142
22767,82.0,92.52387468929142
3621,96.0,92.52387468929142
23497,61.0,92.52387468929142
3607,106.0,92.52387468929142
12877,109.0,92.52387468929142
15729,115.0,101.98
19426,57.0,92.52387468929142
3320,113.0,92.52387468929142
15295,126.0,92.52387468929142
18679,41.0,92.52387468929142
15543,123.0,92.52387468929142
23610,105.0,92.52387468929142
10098,94.0,92.52387468929142
9241,73.0,92.52387468929142
14662,115.0,92.52387468929142
11600,44.0,92.52387468929142
8164,66.0,92.52387468929142
549,103.0,92.52387468929142
5738,115.0,92.52387468929142
11098,125.0,92.52387468929142
10397,111.0,92.52387468929142
10811,85.0,92.52387468929142
2202,59.0,92.52387468929142
20386,106.0,92.52387468929142
9769,111.0,94.68
15837,97.0,92.52387468929142
8428,23.0,92.52387468929142
15320,123.0,92.52387468929142
243,68.0,92.52387468929142
1631,99.0,92.52387468929142
2043,142.0,92.52387468929142
17174,52.0,92.52387468929142
22170,146.0,92.52387468929142
9121,121.0,92.52387468929142
1897,106.0,92.52387468929142
11331,90.0,81.77
5783,115.0,92.52387468929142
8680,163.0,92.238898
15276,100.0,92.52387468929142
3833,72.0,92.52387468929142
9384,124.0,92.52387468929142
3652,105.0,92.52387468929142
13813,139.0,92.52387468929142
15887,108.0,92.52387468929142
3037,111.0,92.52387468929142
4266,103.0,92.52387468929142
10106,101.0,92.52387468929142
9195,94.0,92.52387468929142
4943,26.0,92.52387468929142
1920,94.0,81.53
10755,127.0,92.52387468929142
19647,111.0,98.1648174889691
12508,115.0,92.52387468929142
14953,103.0,102.97
4884,109.0,91.06
4272,82.0,92.52387468929142
1388,103.0,92.52387468929142
2647,86.0,92.52387468929142
15035,77.0,92.52387468929142
11324,95.0,92.52387468929142
163,90.0,92.52387468929142
13624,84.0,92.52387468929142
12555,120.0,94.1
7566,126.0,92.52387468929142
20478,98.0,92.52387468929142
9155,95.0,104.86
7593,81.0,92.52387468929142
2261,80.0,92.52387468929142
11840,84.0,92.52387468929142
19802,123.0,92.52387468929142
18516,88.0,92.52387468929142
8657,123.0,92.52387468929142
23278,45.0,92.52387468929142
21670,144.0,106.81
23229,95.0,92.52387468929142
18905,101.0,92.52387468929142
3461,84.0,92.52387468929142
21051,108.0,92.52387468929142
18353,122.0,92.52387468929142
16178,105.0,92.52387468929142
5427,89.0,92.52387468929142
15341,107.0,92.52387468929142
9279,89.0,85.56162524516888
8380,122.0,92.52387468929142
16691,78.0,92.52387468929142
2594,28.0,92.52387468929142
19052,67.0,99.27
22097,35.0,92.52387468929142
5497,131.0,92.52387468929142
7721,86.0,92.52387468929142
1525,105.0,92.52387468929142
17396,107.0,94.71
18108,93.0,92.52387468929142
942,69.0,92.52387468929142
6983,135.0,92.52387468929142
4149,124.0,108.89
17470,73.0,92.52387468929142
21222,77.0,92.52387468929142
2368,69.0,92.52387468929142
22821,103.0,92.52387468929142
18192,110.0,92.52387468929142
21503,98.0,92.52387468929142
4144,71.0,92.52387468929142
19974,111.0,92.52387468929142
10318,89.0,92.52387468929142
20665,148.0,92.52387468929142
18672,94.0,92.52387468929142
13194,125.0,92.52387468929142
9498,105.0,92.52387468929142
22681,72.0,92.52387468929142
20555,44.0,92.52387468929142
15410,87.0,92.52387468929142
23011,106.0,92.52387468929142
9958,80.0,92.52387468929142
17514,111.0,92.52387468929142
14607,79.0,92.52387468929142
15139,63.0,92.52387468929142
4878,57.0,92.52387468929142
5598,49.0,92.52387468929142
14795,98.0,92.52387468929142
3548,86.0,92.52387468929142
2080,73.0,92.52387468929142
7020,184.0,92.52387468929142
10839,104.0,92.52387468929142
20543,100.0,92.52387468929142
17928,104.0,92.52387468929142
5379,94.0,92.52387468929142
10078,89.0,87.60562512462613
18240,25.0,92.52387468929142
14218,125.0,92.52387468929142
20027,29.0,92.52387468929142
8528,81.0,92.52387468929142
17227,39.0,92.52387468929142
13878,95.0,92.52387468929142
13872,139.0,92.52387468929142
5242,38.0,92.52387468929142
7194,69.0,92.52387468929142
19465,23.0,92.52387468929142
4993,54.0,92.52387468929142
2014,51.0,92.52387468929142
7440,93.0,92.52387468929142
14684,68.0,92.52387468929142
15807,111.0,92.52387468929142
12381,119.0,92.52387468929142
1929,17.0,92.52387468929142
18597,103.0,92.52387468929142
2503,94.0,92.52387468929142
1356,93.0,92.52387468929142
9743,93.0,92.52387468929142
10986,101.0,92.52387468929142
20488,99.0,92.52387468929142
15911,121.0,92.52387468929142
13746,104.0,92.52387468929142
10174,101.0,92.52387468929142
23967,87.0,92.52387468929142
1358,89.0,92.52387468929142
13013,130.0,92.52387468929142
2183,83.0,92.52387468929142
13539,92.0,92.52387468929142
7653,94.0,92.52387468929142
4016,124.0,92.52387468929142
23147,111.0,92.52387468929142
23487,105.0,92.52387468929142
21522,99.0,92.52387468929142
21081,92.0,95.0
13927,58.0,92.52387468929142
18034,88.0,92.52387468929142
7784,91.0,92.52387468929142
19706,106.0,92.52387468929142
10532,88.0,92.52387468929142
536,55.0,92.52387468929142
18814,36.0,92.52387468929142
21957,89.0,92.52387468929142
14524,13.0,92.52387468929142
13706,87.0,92.52387468929142
16067,25.0,92.52387468929142
13012,114.0,92.52387468929142
5393,128.0,92.52387468929142
10284,97.0,92.52387468929142
941,71.0,92.52387468929142
12584,102.0,92.52387468929142
9399,117.0,92.52387468929142
17422,79.0,92.52387468929142
499,34.0,92.52387468929142
6535,104.0,92.52387468929142
14784,149.0,92.52387468929142
4081,98.0,92.52387468929142
4122,51.0,92.52387468929142
5677,69.0,106.52
15170,142.0,92.52387468929142
16389,99.0,92.52387468929142
21996,115.0,92.52387468929142
12049,117.0,92.52387468929142
20468,91.0,92.52387468929142
18430,99.0,92.52387468929142
10688,109.0,92.52387468929142
4345,116.0,92.52387468929142
12678,119.0,92.52387468929142
21801,128.0,92.52387468929142
3323,112.0,92.52387468929142
17812,100.0,92.52387468929142
22493,87.0,92.52387468929142
16250,47.0,92.52387468929142
23014,111.0,92.52387468929142
3415,121.0,92.52387468929142
5596,56.0,92.52387468929142
7517,123.0,92.52387468929142
18888,102.0,99.07
3344,50.0,92.52387468929142
14222,146.0,92.52387468929142
7602,81.0,92.52387468929142
20924,42.0,92.52387468929142
14755,101.0,92.52387468929142
12004,71.0,92.52387468929142
18179,86.0,92.52387468929142
7284,99.0,92.52387468929142
10127,111.0,92.52387468929142
973,63.0,92.52387468929142
21432,83.0,92.52387468929142
13332,91.0,96.96
14551,110.0,92.52387468929142
2287,98.0,92.52387468929142
23446,117.0,92.52387468929142
9567,99.0,92.52387468929142
22970,105.0,92.52387468929142
23977,84.0,92.52387468929142
19177,68.0,92.52387468929142
7268,106.0,79.72
11702,74.0,92.52387468929142
3746,130.0,92.52387468929142
8000,93.0,92.52387468929142
10938,103.0,92.52387468929142
3651,92.0,92.52387468929142
10108,47.0,92.52387468929142
18007,89.0,92.52387468929142
17941,122.0,92.52387468929142
15136,36.0,92.52387468929142
7760,74.0,92.52387468929142
6620,102.0,92.52387468929142
8941,58.0,92.52387468929142
17299,126.0,92.52387468929142
5753,68.0,92.52387468929142
4827,93.0,92.52387468929142
14569,121.0,92.52387468929142
22406,65.0,92.52387468929142
1609,41.0,92.52387468929142
4954,105.0,92.52387468929142
10781,83.0,92.52387468929142
273,57.0,92.52387468929142
12236,95.0,92.52387468929142
21633,82.0,92.52387468929142
13184,112.0,92.52387468929142
23463,41.0,92.52387468929142
18934,56.0,92.52387468929142
22884,111.0,92.52387468929142
10252,103.0,92.52387468929142
16544,64.0,92.52387468929142
14028,23.0,92.52387468929142
12481,118.0,92.52387468929142
2921,128.0,92.52387468929142
21054,106.0,92.52387468929142
10718,55.0,92.52387468929142
10369,123.0,95.51
3724,74.0,92.52387468929142
5785,130.0,92.52387468929142
22848,108.0,92.52387468929142
22397,118.0,92.52387468929142
22943,85.0,92.52387468929142
15890,109.0,92.52387468929142
11772,82.0,92.52387468929142
15333,94.0,92.52387468929142
13351,44.0,92.52387468929142
6947,112.0,92.52387468929142
3512,124.0,92.52387468929142
14745,47.0,92.52387468929142
9669,86.0,92.52387468929142
15228,98.0,92.52387468929142
2088,103.0,92.52387468929142
7125,95.0,92.52387468929142
23455,115.0,92.52387468929142
3486,91.0,92.52387468929142
1269,113.0,92.52387468929142
21218,71.0,92.52387468929142
4134,38.0,92.52387468929142
21074,114.0,100.99
17886,12.0,92.52387468929142
19519,94.0,92.52387468929142
23013,127.0,92.52387468929142
23189,111.0,92.52387468929142
5482,77.0,92.52387468929142
573,103.0,92.52387468929142
20092,127.0,92.52387468929142
20346,78.0,92.52387468929142
13432,111.0,92.52387468929142
23511,95.0,92.52387468929142
10353,58.0,92.52387468929142
8087,95.0,92.52387468929142
4949,106.0,92.52387468929142
19905,91.0,92.52387468929142
4262,112.0,92.52387468929142
20647,114.0,92.52387468929142
4776,112.0,92.52387468929142
20020,38.0,92.52387468929142
2790,113.0,92.52387468929142
1428,14.0,92.52387468929142
8359,103.0,92.52387468929142
22269,104.0,92.52387468929142
8624,82.0,92.52387468929142
12088,111.0,92.52387468929142
2469,93.0,92.52387468929142
4001,142.0,92.52387468929142
23347,99.0,92.52387468929142
19011,97.0,92.52387468929142
535,60.0,92.52387468929142
1853,78.0,76.78
8994,94.0,92.52387468929142
11038,105.0,92.52387468929142
19096,124.0,92.52387468929142
5526,103.0,92.52387468929142
8253,145.0,92.52387468929142
3233,96.0,92.52387468929142
9116,89.0,92.52387468929142
787,70.0,89.34412119991947
1447,107.0,92.52387468929142
17382,109.0,92.52387468929142
15594,34.0,92.52387468929142
12351,101.0,92.52387468929142
22392,72.0,92.52387468929142
12114,78.0,92.52387468929142
9980,108.0,92.52387468929142
11111,115.0,92.52387468929142
8113,118.0,97.96
2629,16.0,92.52387468929142
20586,58.0,92.52387468929142
21915,81.0,92.52387468929142
18362,80.0,92.52387468929142
13843,52.0,92.52387468929142
8042,120.0,92.52387468929142
11313,100.0,92.52387468929142
22318,39.0,92.52387468929142
16614,78.0,92.52387468929142
11930,12.0,92.52387468929142
8834,96.0,92.52387468929142
10583,90.0,92.52387468929142
4589,115.0,92.52387468929142
18856,108.0,92.52387468929142
19977,108.0,92.52387468929142
14937,97.0,92.52387468929142
14184,81.0,92.52387468929142
18352,126.0,92.52387468929142
821,122.0,106.62
13097,92.0,92.52387468929142
20506,101.0,92.52387468929142
16849,41.0,92.52387468929142
16764,86.0,92.52387468929142
18590,97.0,92.52387468929142
18955,124.0,92.52387468929142
16500,81.0,90.91
12493,115.0,92.52387468929142
4040,100.0,92.52387468929142
5121,147.0,92.52387468929142
19136,72.0,92.52387468929142
23633,82.0,92.52387468929142
9869,99.0,92.52387468929142
4615,83.0,92.52387468929142
12197,108.0,92.52387468929142
11027,81.0,92.52387468929142
15451,110.0,92.52387468929142
3718,67.0,92.52387468929142
22968,84.0,92.52387468929142
17607,115.0,92.52387468929142
19478,106.0,92.52387468929142
14464,73.0,92.52387468929142
19196,98.0,92.52387468929142
23565,93.0,92.52387468929142
14026,91.0,92.52387468929142
14564,90.0,92.52387468929142
20651,116.0,92.52387468929142
1510,126.0,95.83
17923,101.0,92.52387468929142
18154,95.0,92.52387468929142
9076,117.0,92.52387468929142
1305,41.0,92.52387468929142
16896,72.0,92.52387468929142
7433,121.0,92.52387468929142
20008,112.0,89.93
13357,115.0,92.52387468929142
22600,70.0,92.52387468929142
9360,118.0,92.52387468929142
15920,87.0,92.52387468929142
9744,97.0,92.52387468929142
4472,123.0,92.52387468929142
10075,86.0,92.52387468929142
18190,94.0,92.52387468929142
13730,98.0,87.04
2846,67.0,92.52387468929142
474,112.0,92.52387468929142
8393,152.0,92.52387468929142
22954,79.0,92.52387468929142
12067,89.0,92.52387468929142
22009,124.0,92.52387468929142
12886,97.0,92.52387468929142
18263,125.0,92.52387468929142
15384,137.0,92.52387468929142
17864,83.0,92.52387468929142
9931,86.0,92.52387468929142
11700,55.0,88.82
1917,107.0,92.52387468929142
18059,114.0,92.52387468929142
15401,89.0,92.52387468929142
6847,14.0,92.52387468929142
1352,144.0,92.52387468929142
1120,103.0,92.52387468929142
19308,97.0,92.52387468929142
14509,133.0,92.52387468929142
12700,116.0,92.52387468929142
16616,89.0,92.52387468929142
18936,73.0,92.52387468929142
1066,122.0,92.52387468929142
22574,104.0,92.52387468929142
5542,102.0,92.52387468929142
15065,131.0,92.52387468929142
20916,116.0,92.52387468929142
14899,54.0,92.52387468929142
13787,52.0,92.52387468929142
542,101.0,92.52387468929142
8808,109.0,105.74
1338,52.0,92.52387468929142
9524,107.0,92.52387468929142
13654,68.0,92.52387468929142
5412,84.0,92.52387468929142
4942,25.0,92.52387468929142
20003,66.0,92.52387468929142
13768,105.0,92.52387468929142
22693,89.0,92.52387468929142
15389,150.0,92.52387468929142
6602,122.0,92.52387468929142
4790,58.0,85.12
3719,71.0,92.52387468929142
8012,105.0,88.67
9355,113.0,107.39
18795,97.0,92.52387468929142
19734,115.0,92.52387468929142
10196,88.0,92.52387468929142
7133,60.0,92.52387468929142
5148,97.0,92.52387468929142
5365,83.0,92.52387468929142
15668,95.0,99.93
10086,58.0,92.52387468929142
22184,113.0,92.52387468929142
6565,91.0,92.52387468929142
6697,104.0,92.52387468929142
23245,111.0,92.52387468929142
12192,120.0,92.52387468929142
2544,129.0,75.7
22459,102.0,92.52387468929142
9664,53.0,92.52387468929142
13172,72.0,92.52387468929142
1169,58.0,92.52387468929142
13653,148.0,98.35
11965,81.0,92.52387468929142
9341,137.0,92.52387468929142
21390,90.0,82.2
2757,86.0,92.52387468929142
12130,95.0,92.52387468929142
23074,118.0,92.52387468929142
20129,110.0,92.52387468929142
2960,94.0,87.25
111,94.0,92.52387468929142
10580,85.0,83.81
3809,122.0,92.52387468929142
9795,15.0,92.52387468929142
21894,96.0,104.26
56,70.0,92.52387468929142
5768,96.0,102.94
6541,95.0,92.52387468929142
1385,109.0,92.52387468929142
5134,83.0,81.61
12053,120.0,92.52387468929142
10343,86.0,92.52387468929142
13075,70.0,92.52387468929142
21751,108.0,78.41
8975,71.0,92.52387468929142
19204,99.0,92.52387468929142
15270,109.0,92.52387468929142
18414,85.0,92.52387468929142
1406,71.0,92.52387468929142
15777,121.0,92.52387468929142
13452,118.0,92.52387468929142
15418,102.0,84.71
16620,80.0,92.52387468929142
19694,62.0,92.52387468929142
16222,73.0,90.46
14275,89.0,81.61
23483,123.0,92.52387468929142
2299,17.0,92.52387468929142
15510,70.0,92.52387468929142
9713,71.0,92.52387468929142
23830,68.0,92.52387468929142
14951,100.0,92.52387468929142
21890,98.0,92.52387468929142
4537,107.0,92.52387468929142
8279,54.0,92.52387468929142
12418,72.0,92.52387468929142
23749,87.0,92.52387468929142
12034,66.0,92.52387468929142
21227,117.0,92.52387468929142
22823,101.0,92.52387468929142
18096,106.0,92.52387468929142
21136,107.0,92.52387468929142
19170,121.0,92.52387468929142
4917,122.0,92.52387468929142
3767,129.0,92.52387468929142
9696,94.0,92.52387468929142
15675,68.0,92.52387468929142
21428,82.0,92.52387468929142
10429,65.0,92.52387468929142
931,86.0,92.52387468929142
13567,53.0,92.52387468929142
11047,92.0,92.52387468929142
23387,130.0,92.52387468929142
8959,97.0,92.52387468929142
20477,77.0,92.52387468929142
22296,76.0,92.52387468929142
14204,78.0,92.52387468929142
1731,121.0,99.74
15873,116.0,92.52387468929142
10533,90.0,92.52387468929142
20913,51.0,92.52387468929142
10356,136.0,92.52387468929142
23868,79.0,92.52387468929142
15000,105.0,92.52387468929142
19588,52.0,92.52387468929142
7115,99.0,92.52387468929142
8254,142.0,92.52387468929142
14363,128.0,92.52387468929142
9058,117.0,92.52387468929142
530,58.0,92.52387468929142
10917,82.0,92.52387468929142
12963,94.0,92.52387468929142
13866,70.0,92.52387468929142
1707,183.0,92.52387468929142
16294,107.0,92.52387468929142
3622,99.0,92.52387468929142
8796,118.0,92.52387468929142
8971,68.0,92.52387468929142
10617,103.0,92.52387468929142
6629,117.0,92.52387468929142
2236,39.0,92.52387468929142
22061,93.0,92.52387468929142
12177,98.0,92.52387468929142
13058,86.0,92.52387468929142
7856,111.0,92.52387468929142
12747,118.0,92.52387468929142
20846,96.0,92.52387468929142
15759,51.0,96.69
21285,75.0,91.12
3773,113.0,92.52387468929142
18965,122.0,92.52387468929142
14388,68.0,92.52387468929142
20519,90.0,92.52387468929142
19289,105.0,92.52387468929142
23285,100.0,92.52387468929142
3881,120.0,92.52387468929142
16893,82.0,92.52387468929142
18728,17.0,88.56517569982132
3170,94.0,90.86444437706938
22927,73.0,92.52387468929142
7897,51.0,92.52387468929142
11205,89.0,92.52387468929142
5591,86.0,85.85
22664,87.0,92.52387468929142
15008,99.0,92.52387468929142
4789,67.0,92.52387468929142
10236,126.0,92.52387468929142
16084,100.0,92.52387468929142
20435,109.0,92.52387468929142
23713,148.0,92.52387468929142
12382,121.0,92.52387468929142
22914,84.0,92.52387468929142
1141,107.0,92.52387468929142
19480,98.0,92.52387468929142
1021,115.0,92.52387468929142
13416,116.0,92.52387468929142
9686,94.0,92.52387468929142
8709,96.0,92.52387468929142
4783,109.0,89.68
23006,129.0,92.52387468929142
15865,110.0,92.52387468929142
12388,90.0,92.52387468929142
19980,107.0,92.52387468929142
17890,101.0,92.52387468929142
14971,90.0,92.52387468929142
4171,81.0,92.52387468929142
1520,103.0,80.14
2654,87.0,92.52387468929142
1251,102.0,93.19
9442,86.0,78.66
20679,115.0,92.52387468929142
898,120.0,92.52387468929142
15478,150.0,92.52387468929142
4710,80.0,92.52387468929142
14585,117.0,92.52387468929142
21489,95.0,92.52387468929142
1962,101.0,92.52387468929142
14490,107.0,92.52387468929142
8632,88.0,92.52387468929142
23527,85.0,92.52387468929142
10736,83.0,92.52387468929142
14703,81.0,92.52387468929142
22707,83.0,92.52387468929142
2444,160.0,92.52387468929142
13982,98.0,92.52387468929142
7006,75.0,92.52387468929142
21829,124.0,92.52387468929142
19504,75.0,92.52387468929142
7887,71.0,92.52387468929142
19603,77.0,92.52387468929142
14738,88.0,92.52387468929142
1006,93.0,92.52387468929142
1687,112.0,102.41
15483,147.0,92.52387468929142
22580,103.0,92.52387468929142
16782,49.0,92.52387468929142
1979,75.0,92.52387468929142
4578,125.0,92.52387468929142
12308,107.0,92.52387468929142
21446,123.0,92.52387468929142
18135,109.0,92.52387468929142
22771,112.0,92.52387468929142
14220,135.0,92.52387468929142
21594,92.0,92.52387468929142
6908,96.0,92.52387468929142
15785,120.0,92.52387468929142
7694,71.0,92.52387468929142
1430,13.0,92.52387468929142
14358,120.0,92.52387468929142
1386,110.0,92.52387468929142
22033,78.0,92.52387468929142
9232,120.0,92.52387468929142
21674,85.0,92.52387468929142
19257,112.0,92.52387468929142
22898,82.0,92.52387468929142
9883,83.0,92.52387468929142
6828,154.0,92.52387468929142
2633,34.0,92.52387468929142
16705,71.0,92.52387468929142
10947,124.0,92.52387468929142
11903,90.0,92.52387468929142
17128,96.0,92.52387468929142
13219,115.0,92.52387468929142
8800,36.0,92.52387468929142
20135,115.0,92.52387468929142
1154,90.0,92.52387468929142
9923,137.0,92.52387468929142
11323,95.0,92.52387468929142
23158,115.0,92.52387468929142
10588,103.0,92.52387468929142
19817,102.0,92.52387468929142
2217,106.0,92.52387468929142
283,76.0,92.52387468929142
15734,74.0,92.52387468929142
19363,104.0,92.52387468929142
17595,113.0,96.67
23265,114.0,92.52387468929142
4958,105.0,92.52387468929142
5329,113.0,92.52387468929142
21780,82.0,92.52387468929142
21141,93.0,92.52387468929142
8072,87.0,92.52387468929142
23903,96.0,92.52387468929142
1708,183.0,92.52387468929142
23267,101.0,92.52387468929142
2811,87.0,92.52387468929142
1638,99.0,84.28
7129,97.0,92.52387468929142
15637,90.0,93.43
1762,138.0,108.25
20726,27.0,92.52387468929142
1737,104.0,92.52387468929142
6500,116.0,92.52387468929142
20897,106.0,92.52387468929142
4354,106.0,92.52387468929142
12720,108.0,92.52387468929142
12501,114.0,92.52387468929142
19244,134.0,92.52387468929142
16878,88.0,92.52387468929142
8362,113.0,99.2
3629,106.0,92.52387468929142
2313,111.0,100.95
12212,109.0,92.52387468929142
979,117.0,81.46591487669053
12561,92.0,92.52387468929142
21129,57.0,92.52387468929142
17270,46.0,92.52387468929142
344,96.0,92.52387468929142
3860,118.0,92.52387468929142
23361,107.0,92.52387468929142
16112,125.0,111.26
20576,18.0,92.52387468929142
23965,119.0,92.52387468929142
23540,105.0,92.52387468929142
19370,89.0,92.52387468929142
21063,97.0,92.52387468929142
9206,96.0,92.52387468929142
7490,87.0,92.52387468929142
10229,74.0,104.61
20195,86.0,92.52387468929142
17331,35.0,92.52387468929142
19404,82.0,92.52387468929142
10456,127.0,92.52387468929142
21259,114.0,92.52387468929142
18642,113.0,96.36
5787,124.0,92.52387468929142
6660,87.0,92.52387468929142
2524,120.0,92.52387468929142
4622,83.0,92.52387468929142
16048,131.0,92.52387468929142
20634,144.0,92.52387468929142
8784,114.0,92.52387468929142
14574,133.0,92.52387468929142
2032,83.0,92.52387468929142
18147,91.0,92.52387468929142
2127,131.0,92.52387468929142
23699,105.0,92.52387468929142
12776,123.0,92.52387468929142
2365,104.0,92.52387468929142
5003,74.0,92.52387468929142
2590,31.0,92.52387468929142
8319,103.0,92.52387468929142
15224,96.0,92.52387468929142
1362,101.0,92.52387468929142
1245,76.0,92.52387468929142
22948,68.0,92.52387468929142
7296,88.0,92.52387468929142
6789,115.0,92.52387468929142
22685,82.0,92.52387468929142
18691,82.0,92.52387468929142
18410,79.0,92.52387468929142
12727,74.0,84.49
22597,105.0,92.52387468929142
3036,109.0,92.52387468929142
12165,81.0,92.52387468929142
22639,74.0,92.52387468929142
18755,12.0,92.52387468929142
16086,100.0,92.52387468929142
8175,78.0,92.52387468929142
15925,87.0,92.52387468929142
1504,121.0,88.54498897132544
23368,108.0,92.52387468929142
9508,62.0,83.0644951988099
15343,104.0,92.52387468929142
5147,103.0,92.52387468929142
20589,53.0,92.52387468929142
18274,134.0,92.52387468929142
19219,69.0,92.52387468929142
17304,107.0,92.52387468929142
6869,106.0,92.52387468929142
23672,78.0,92.52387468929142
9161,81.0,92.52387468929142
11079,135.0,92.52387468929142
20078,69.0,92.52387468929142
19174,100.0,88.19
20507,103.0,92.52387468929142
654,126.0,92.52387468929142
1904,56.0,92.52387468929142
5374,92.0,92.52387468929142
5862,98.0,92.52387468929142
15167,87.0,83.9
22739,113.0,92.52387468929142
23202,83.0,92.52387468929142
3272,140.0,92.52387468929142
15985,68.0,92.52387468929142
18385,96.0,92.52387468929142
1768,127.0,92.52387468929142
2977,59.0,92.52387468929142
5127,121.0,92.52387468929142
22869,98.0,92.52387468929142
10152,104.0,92.52387468929142
21869,102.0,94.57
4098,53.0,92.52387468929142
13519,65.0,92.52387468929142
9039,71.0,92.52387468929142
9357,114.0,92.52387468929142
11224,111.0,100.24
16190,113.0,96.62
14105,94.0,90.63
17414,88.0,92.52387468929142
1217,71.0,92.52387468929142
6986,95.0,92.52387468929142
5192,77.0,92.52387468929142
21347,139.0,92.52387468929142
19307,97.0,92.52387468929142
22466,81.0,92.52387468929142
19954,129.0,83.86
8249,127.0,92.52387468929142
3817,118.0,92.52387468929142
16196,68.0,77.49
14239,91.0,84.95
4586,80.0,92.52387468929142
2149,38.0,92.52387468929142
459,86.0,92.52387468929142
18094,124.0,92.52387468929142
2752,85.0,92.52387468929142
8739,102.0,92.52387468929142
15705,126.0,92.52387468929142
23124,119.0,92.52387468929142
14667,82.0,81.60226470238332
12739,103.0,92.52387468929142
8997,97.0,92.52387468929142
4125,30.0,92.52387468929142
23331,76.0,92.52387468929142
23740,84.0,92.52387468929142
5564,70.0,92.52387468929142
5654,141.0,92.52387468929142
23076,82.0,92.52387468929142
885,94.0,92.52387468929142
8476,50.0,92.52387468929142
6684,110.0,92.52387468929142
1681,85.0,92.52387468929142
17586,143.0,92.52387468929142
2101,82.0,92.52387468929142
5699,100.0,92.52387468929142
7746,72.0,92.52387468929142
20890,98.0,92.52387468929142
5034,78.0,92.52387468929142
1781,91.0,104.24
23117,113.0,92.52387468929142
14759,116.0,92.52387468929142
19621,46.0,92.52387468929142
11758,70.0,92.52387468929142
5059,69.0,80.83
6581,94.0,92.52387468929142
871,102.0,92.52387468929142
12570,96.0,92.52387468929142
2778,94.0,92.52387468929142
21986,114.0,92.52387468929142
4900,51.0,92.52387468929142
9417,97.0,92.52387468929142
19623,46.0,92.52387468929142
22164,79.0,96.63
12627,80.0,92.52387468929142
12015,105.0,92.52387468929142
18199,99.0,92.52387468929142
2039,149.0,92.52387468929142
19364,121.0,92.52387468929142
2541,126.0,92.52387468929142
11744,42.0,92.52387468929142
4682,99.0,92.52387468929142
2111,114.0,92.52387468929142
20899,77.0,92.52387468929142
20785,126.0,92.52387468929142
20725,27.0,92.52387468929142
22992,121.0,92.52387468929142
3183,94.0,92.52387468929142
12967,105.0,92.52387468929142
22583,127.0,92.52387468929142
12916,95.0,92.52387468929142
5615,111.0,92.52387468929142
23461,119.0,92.52387468929142
6688,52.0,92.52387468929142
11225,138.0,92.52387468929142
15596,46.0,92.52387468929142
3232,102.0,89.46
8839,98.0,92.52387468929142
5394,126.0,92.52387468929142
21142,114.0,92.52387468929142
115,75.0,92.52387468929142
22365,85.0,106.42
1327,96.0,92.52387468929142
22876,78.0,92.52387468929142
20144,94.0,92.52387468929142
4059,72.0,92.52387468929142
14417,94.0,92.52387468929142
5344,97.0,92.52387468929142
8917,97.0,92.52387468929142
5720,117.0,92.52387468929142
4222,128.0,92.52387468929142
4769,128.0,92.52387468929142
12565,97.0,92.52387468929142
6712,63.0,92.52387468929142
19416,78.0,98.07
20667,153.0,92.52387468929142
22327,19.0,92.52387468929142
22401,104.0,92.52387468929142
10846,99.0,92.52387468929142
23479,127.0,92.52387468929142
4908,56.0,92.52387468929142
15876,97.0,92.52387468929142
18801,122.0,92.52387468929142
4598,92.0,92.52387468929142
18541,120.0,92.52387468929142
16352,86.0,92.52387468929142
22044,80.0,92.52387468929142
23000,74.0,92.52387468929142
10853,95.0,97.1705298021192
12995,73.0,92.52387468929142
15161,129.0,92.52387468929142
3572,83.0,92.52387468929142
18860,102.0,79.23
13839,73.0,92.52387468929142
16297,109.0,92.52387468929142
8193,85.0,105.95
22984,108.0,92.52387468929142
23393,89.0,92.52387468929142
3513,125.0,92.52387468929142
18830,16.0,92.52387468929142
18407,82.0,92.52387468929142
2496,80.0,92.52387468929142
2042,134.0,92.52387468929142
23173,88.0,92.52387468929142
10941,101.0,92.52387468929142
2390,51.0,92.52387468929142
222,83.0,101.99
9069,72.0,92.52387468929142
279,56.0,92.52387468929142
15617,46.0,92.52387468929142
