,y_test,prediction
15501,89.0,92.44668019202132
21356,97.0,92.44668019202132
1575,123.0,92.44668019202132
15388,145.0,92.44668019202132
21105,130.0,92.44668019202132
9602,111.0,92.44668019202132
23148,111.0,92.44668019202132
17363,124.0,92.44668019202132
13369,106.0,92.44668019202132
16323,15.0,92.44668019202132
20237,90.0,92.44668019202132
2682,146.0,92.44668019202132
3678,63.0,92.44668019202132
4176,138.0,92.44668019202132
17235,32.0,92.44668019202132
19762,121.0,92.44668019202132
18224,99.0,92.44668019202132
12138,100.0,92.44668019202132
2056,134.0,92.44668019202132
23406,88.0,92.44668019202132
22687,129.0,92.44668019202132
21987,112.0,92.44668019202132
15771,119.0,92.44668019202132
17225,44.0,92.44668019202132
15906,103.0,92.44668019202132
8620,90.0,92.44668019202132
23733,68.0,92.44668019202132
7059,77.0,92.44668019202132
12694,107.0,92.44668019202132
20149,79.0,92.44668019202132
13898,115.0,92.44668019202132
10546,132.0,92.44668019202132
13912,123.0,92.44668019202132
8844,84.0,92.44668019202132
4065,108.0,92.44668019202132
13102,90.0,92.44668019202132
18337,102.0,92.44668019202132
4106,122.0,92.44668019202132
7843,123.0,92.44668019202132
6547,70.0,92.44668019202132
2070,96.0,92.44668019202132
18018,80.0,92.44668019202132
3857,112.0,92.44668019202132
9201,96.0,92.44668019202132
14443,96.0,92.44668019202132
23526,61.0,92.44668019202132
7026,165.0,92.44668019202132
5224,108.0,92.44668019202132
711,102.0,92.44668019202132
11210,122.0,92.44668019202132
8350,42.0,92.44668019202132
20697,58.0,85.47098518016149
9591,116.0,92.44668019202132
8101,95.0,92.44668019202132
21072,107.0,92.44668019202132
14742,48.0,92.44668019202132
20301,73.0,92.44668019202132
10679,36.0,92.44668019202132
19729,106.0,92.44668019202132
16668,85.0,92.44668019202132
1719,114.0,92.44668019202132
20173,63.0,92.44668019202132
8775,104.0,92.44668019202132
23772,119.0,92.44668019202132
15657,100.0,92.44668019202132
20333,55.0,92.44668019202132
21971,109.0,92.44668019202132
15605,118.0,96.10063735337846
8604,86.0,92.44668019202132
21302,66.0,92.44668019202132
19309,94.0,92.44668019202132
23987,87.0,92.44668019202132
7634,84.0,92.44668019202132
20938,90.0,79.19503137544734
18252,106.0,92.44668019202132
5202,77.0,92.44668019202132
8384,89.0,106.0853989406194
22596,91.0,92.44668019202132
21128,98.0,91.83276017441466
20990,61.0,102.18392752694515
16699,87.0,92.44668019202132
9858,101.0,98.93237401515503
13378,116.0,92.44668019202132
8134,50.0,92.44668019202132
22644,92.0,92.44668019202132
10000,130.0,92.44668019202132
6832,141.0,92.44668019202132
20385,90.0,92.44668019202132
3216,72.0,92.44668019202132
23488,115.0,92.44668019202132
12250,120.0,92.44668019202132
22460,94.0,92.44668019202132
2988,90.0,92.44668019202132
17668,107.0,92.44668019202132
576,83.0,92.44668019202132
7958,86.0,92.44668019202132
10151,98.0,92.44668019202132
21210,67.0,92.44668019202132
20171,79.0,92.44668019202132
23876,16.0,92.44668019202132
2603,105.0,92.44668019202132
8269,74.0,92.44668019202132
3599,128.0,92.44668019202132
9733,89.0,92.44668019202132
11335,108.0,92.44668019202132
858,86.0,92.44668019202132
13164,87.0,92.44668019202132
20266,99.0,92.44668019202132
14241,112.0,92.44668019202132
18602,98.0,92.44668019202132
14251,130.0,92.44668019202132
21237,114.0,92.44668019202132
13896,110.0,92.44668019202132
23944,101.0,92.44668019202132
13024,135.0,92.44668019202132
3657,112.0,92.44668019202132
20523,69.0,92.44668019202132
4925,83.0,92.44668019202132
4159,93.0,92.44668019202132
12899,69.0,92.44668019202132
2969,28.0,92.44668019202132
514,117.0,92.44668019202132
2684,145.0,92.44668019202132
20141,41.0,75.81219657079801
21601,107.0,92.44668019202132
7313,91.0,92.44668019202132
23828,118.0,92.44668019202132
20775,79.0,92.44668019202132
2947,70.0,92.44668019202132
5049,87.0,93.61931073594424
18124,88.0,78.07604919024345
8006,103.0,92.44668019202132
9598,117.0,92.44668019202132
11749,59.0,92.44668019202132
14430,11.0,92.44668019202132
23394,71.0,92.44668019202132
1531,90.0,92.44668019202132
10423,95.0,92.44668019202132
21999,74.0,92.44668019202132
18944,11.0,92.44668019202132
5471,8.0,92.44668019202132
16925,84.0,92.44668019202132
9204,94.0,92.44668019202132
14054,86.0,92.44668019202132
15030,109.0,92.44668019202132
5398,85.0,97.49578059966608
2625,14.0,92.44668019202132
4415,111.0,92.44668019202132
10869,96.0,92.44668019202132
14589,102.0,92.44668019202132
1750,94.0,92.44668019202132
14375,90.0,92.44668019202132
3603,123.0,92.44668019202132
1009,109.0,92.44668019202132
6937,69.0,92.44668019202132
2595,163.0,92.44668019202132
21800,99.0,92.44668019202132
4803,34.0,92.44668019202132
21049,115.0,92.44668019202132
19537,83.0,92.44668019202132
13609,116.0,92.44668019202132
5031,63.0,92.44668019202132
2525,93.0,92.44668019202132
1098,68.0,92.44668019202132
23063,126.0,92.44668019202132
20281,110.0,92.44668019202132
7555,115.0,92.44668019202132
4570,97.0,92.44668019202132
2073,101.0,92.44668019202132
1166,69.0,92.44668019202132
20982,105.0,92.44668019202132
12397,80.0,92.44668019202132
18079,148.0,92.44668019202132
3251,73.0,92.44668019202132
9490,98.0,92.44668019202132
12988,115.0,92.44668019202132
11833,75.0,92.44668019202132
6509,150.0,92.44668019202132
11599,48.0,92.44668019202132
4214,146.0,92.44668019202132
9944,89.0,92.44668019202132
1862,70.0,90.67270300197447
13627,118.0,106.37738686465758
20841,96.0,92.44668019202132
6782,120.0,92.44668019202132
21925,83.0,92.44668019202132
8511,58.0,92.44668019202132
21239,118.0,92.44668019202132
7199,119.0,92.44668019202132
23874,19.0,92.44668019202132
8259,80.0,92.44668019202132
1062,122.0,92.44668019202132
5087,114.0,92.44668019202132
13692,97.0,92.44668019202132
5089,113.0,92.44668019202132
7837,92.0,92.44668019202132
5569,115.0,92.44668019202132
7037,97.0,92.44668019202132
23690,75.0,92.44668019202132
3499,68.0,73.46155489614108
2047,98.0,92.0480651133252
7215,73.0,92.44668019202132
5052,82.0,92.44668019202132
1070,122.0,92.44668019202132
2148,49.0,92.44668019202132
11206,84.0,92.44668019202132
22867,105.0,92.44668019202132
14808,41.0,92.44668019202132
21067,101.0,92.44668019202132
22550,94.0,92.44668019202132
11753,62.0,92.44668019202132
18987,129.0,92.44668019202132
16459,123.0,92.44668019202132
12837,86.0,92.44668019202132
3366,115.0,92.44668019202132
22715,82.0,92.44668019202132
6741,88.0,92.44668019202132
9753,69.0,90.23072077109043
9023,96.0,92.44668019202132
21403,88.0,92.44668019202132
20968,111.0,92.44668019202132
11110,102.0,92.44668019202132
18760,10.0,92.44668019202132
7541,122.0,92.44668019202132
887,111.0,92.44668019202132
18095,120.0,102.4173178091705
12759,36.0,92.44668019202132
1113,105.0,92.44668019202132
19442,98.0,97.16432529113942
12099,57.0,92.44668019202132
4103,102.0,92.44668019202132
4980,89.0,92.44668019202132
8051,75.0,92.44668019202132
15198,107.0,92.44668019202132
12228,110.0,92.44668019202132
9339,136.0,92.44668019202132
17699,114.0,92.44668019202132
15623,46.0,92.44668019202132
312,103.0,92.44668019202132
831,86.0,92.44668019202132
20729,30.0,92.44668019202132
17945,115.0,92.44668019202132
10277,80.0,109.1654389801073
7675,99.0,92.44668019202132
4418,110.0,92.44668019202132
22003,114.0,92.44668019202132
20379,97.0,92.44668019202132
18521,30.0,92.44668019202132
11251,82.0,92.44668019202132
2845,126.0,100.24973295497739
13727,96.0,92.44668019202132
20759,107.0,92.44668019202132
4241,96.0,87.96197714581088
22738,111.0,92.44668019202132
8474,58.0,92.44668019202132
20825,109.0,92.44668019202132
5347,100.0,92.44668019202132
10937,103.0,92.44668019202132
864,83.0,92.44668019202132
7498,89.0,92.44668019202132
12856,115.0,92.44668019202132
13181,96.0,92.44668019202132
15062,126.0,92.44668019202132
7071,192.0,92.44668019202132
10900,119.0,92.44668019202132
10957,70.0,92.44668019202132
1947,113.0,92.44668019202132
22793,107.0,92.44668019202132
12300,81.0,92.44668019202132
824,118.0,92.44668019202132
9810,41.0,92.44668019202132
13950,27.0,92.44668019202132
9618,65.0,92.44668019202132
2655,80.0,92.44668019202132
2117,116.0,92.44668019202132
13969,111.0,92.44668019202132
19724,87.0,92.44668019202132
15073,126.0,92.44668019202132
17964,26.0,92.44668019202132
1969,125.0,92.44668019202132
3580,89.0,90.7055660215586
19966,104.0,92.44668019202132
11217,118.0,92.44668019202132
8497,112.0,92.44668019202132
6944,94.0,92.44668019202132
11077,104.0,92.44668019202132
22903,72.0,92.44668019202132
14016,81.0,92.44668019202132
11107,93.0,92.44668019202132
9379,119.0,92.44668019202132
17730,79.0,92.44668019202132
2453,152.0,92.44668019202132
19006,110.0,92.44668019202132
8186,29.0,92.44668019202132
20469,97.0,92.44668019202132
10591,96.0,86.15007801671534
2546,134.0,92.44668019202132
20011,101.0,92.44668019202132
1884,121.0,92.44668019202132
15531,103.0,92.44668019202132
4779,107.0,92.44668019202132
6733,75.0,92.44668019202132
9853,103.0,92.44668019202132
14625,70.0,92.44668019202132
21279,101.0,92.44668019202132
8438,10.0,92.44668019202132
5311,99.0,89.03544714310192
13850,65.0,92.44668019202132
17954,37.0,92.44668019202132
3725,82.0,92.44668019202132
557,91.0,92.44668019202132
17995,5.0,92.44668019202132
9708,120.0,92.44668019202132
21902,94.0,92.44668019202132
15626,67.0,92.44668019202132
14245,80.0,92.44668019202132
23003,90.0,92.44668019202132
11845,89.0,92.44668019202132
12965,100.0,92.44668019202132
16857,85.0,92.44668019202132
20561,18.0,92.44668019202132
13766,91.0,92.44668019202132
13983,107.0,92.44668019202132
22803,104.0,92.44668019202132
21060,98.0,92.44668019202132
5319,126.0,92.44668019202132
9214,91.0,92.44668019202132
17169,41.0,92.44668019202132
4141,71.0,86.93124917709528
9081,86.0,86.38932454091686
13728,90.0,92.44668019202132
15840,98.0,92.44668019202132
9635,102.0,92.44668019202132
11275,113.0,94.13158452767722
13603,93.0,92.44668019202132
10292,98.0,92.44668019202132
8261,83.0,92.44668019202132
9392,135.0,92.44668019202132
13441,62.0,103.20593136742661
12470,55.0,92.44668019202132
3990,48.0,77.89275877925378
19960,103.0,92.44668019202132
12316,94.0,92.44668019202132
21845,111.0,102.43696988540972
10216,62.0,92.44668019202132
1886,124.0,92.44668019202132
12024,109.0,92.44668019202132
20867,80.0,77.82084430170633
9948,94.0,92.44668019202132
20607,80.0,92.44668019202132
7844,118.0,92.44668019202132
8939,49.0,92.44668019202132
12239,110.0,92.44668019202132
13048,137.0,92.44668019202132
4109,115.0,92.44668019202132
18922,87.0,92.44668019202132
9729,104.0,92.44668019202132
463,83.0,92.44668019202132
4941,27.0,92.44668019202132
21836,112.0,92.44668019202132
23232,100.0,92.44668019202132
8623,109.0,92.44668019202132
21614,128.0,92.44668019202132
12158,97.0,92.44668019202132
2610,122.0,92.44668019202132
12656,103.0,92.44668019202132
13697,109.0,92.44668019202132
8260,88.0,92.44668019202132
141,86.0,92.44668019202132
17765,97.0,92.44668019202132
11942,104.0,92.44668019202132
6951,134.0,92.44668019202132
12401,119.0,92.44668019202132
2636,38.0,92.44668019202132
6904,8.0,92.44668019202132
21850,54.0,92.44668019202132
8047,120.0,92.44668019202132
1997,82.0,92.44668019202132
3598,128.0,88.46505709556212
6929,114.0,97.47893891508271
17526,84.0,92.44668019202132
6738,85.0,92.44668019202132
21360,127.0,92.44668019202132
8009,87.0,97.36237353803084
22732,84.0,92.44668019202132
19641,86.0,92.44668019202132
23372,6.0,92.44668019202132
4868,41.0,92.44668019202132
14037,20.0,92.44668019202132
12990,119.0,92.44668019202132
1119,107.0,92.44668019202132
12042,83.0,92.44668019202132
5404,94.0,92.44668019202132
23806,102.0,92.44668019202132
7394,64.0,92.44668019202132
12063,91.0,92.44668019202132
6639,49.0,92.44668019202132
14207,101.0,92.44668019202132
17907,93.0,92.44668019202132
10630,108.0,93.72596035654925
19986,106.0,92.44668019202132
23491,76.0,92.44668019202132
17306,130.0,92.44668019202132
16369,70.0,92.44668019202132
1054,95.0,92.44668019202132
5541,100.0,92.44668019202132
3553,58.0,92.44668019202132
22957,89.0,92.44668019202132
10936,99.0,92.44668019202132
19871,78.0,61.20294768819032
2793,97.0,98.7081657866478
23111,9.0,92.44668019202132
16407,165.0,92.44668019202132
12552,109.0,92.44668019202132
10294,93.0,92.44668019202132
5244,38.0,92.44668019202132
20939,96.0,92.44668019202132
13669,77.0,92.44668019202132
4898,134.0,92.44668019202132
1826,105.0,92.44668019202132
13201,80.0,92.44668019202132
12435,99.0,92.44668019202132
8429,13.0,92.44668019202132
210,70.0,92.44668019202132
10065,18.0,92.44668019202132
19348,103.0,92.44668019202132
18740,55.0,92.44668019202132
22613,101.0,92.44668019202132
4504,68.0,95.74996820975616
23579,84.0,92.44668019202132
1866,107.0,89.15363173080739
9657,128.0,94.05128658611807
12475,97.0,92.44668019202132
1760,86.0,94.03170623471813
19126,94.0,86.20312034471493
6553,90.0,92.44668019202132
137,82.0,92.44668019202132
561,91.0,92.44668019202132
15366,126.0,92.44668019202132
23384,134.0,92.44668019202132
15077,79.0,92.44668019202132
782,80.0,92.44668019202132
2179,125.0,92.44668019202132
4485,125.0,92.44668019202132
4739,97.0,92.44668019202132
14227,113.0,96.44999887051463
1345,137.0,92.44668019202132
19373,91.0,92.44668019202132
17229,36.0,92.44668019202132
10772,105.0,92.44668019202132
3455,131.0,92.44668019202132
1350,139.0,92.44668019202132
20863,132.0,92.44668019202132
13743,93.0,92.44668019202132
13174,69.0,92.44668019202132
21329,94.0,92.44668019202132
5779,96.0,100.2983503192192
12483,116.0,92.44668019202132
11157,106.0,89.96404964533863
22650,80.0,92.44668019202132
1793,69.0,92.44668019202132
10209,64.0,92.44668019202132
2476,50.0,92.44668019202132
2310,101.0,92.44668019202132
516,115.0,92.44668019202132
8759,115.0,92.44668019202132
14501,103.0,92.44668019202132
4642,94.0,92.44668019202132
20565,11.0,92.44668019202132
22438,92.0,92.44668019202132
22767,82.0,92.44668019202132
3621,96.0,92.44668019202132
23497,61.0,92.44668019202132
3607,106.0,92.44668019202132
12877,109.0,92.44668019202132
15729,115.0,103.92394685273968
19426,57.0,92.44668019202132
3320,113.0,92.44668019202132
15295,126.0,92.44668019202132
18679,41.0,92.44668019202132
15543,123.0,92.44668019202132
23610,105.0,92.44668019202132
10098,94.0,92.44668019202132
9241,73.0,92.44668019202132
14662,115.0,92.44668019202132
11600,44.0,92.44668019202132
8164,66.0,92.44668019202132
549,103.0,92.44668019202132
5738,115.0,92.44668019202132
11098,125.0,92.44668019202132
10397,111.0,92.44668019202132
10811,85.0,92.44668019202132
2202,59.0,92.44668019202132
20386,106.0,92.44668019202132
9769,111.0,93.12255605503395
15837,97.0,92.44668019202132
8428,23.0,92.44668019202132
15320,123.0,92.44668019202132
243,68.0,92.44668019202132
1631,99.0,92.44668019202132
2043,142.0,92.44668019202132
17174,52.0,92.44668019202132
22170,146.0,92.44668019202132
9121,121.0,92.44668019202132
1897,106.0,92.44668019202132
11331,90.0,100.037328372794
5783,115.0,92.44668019202132
8680,163.0,89.43338220286599
15276,100.0,92.44668019202132
3833,72.0,92.44668019202132
9384,124.0,92.44668019202132
3652,105.0,92.44668019202132
13813,139.0,92.44668019202132
15887,108.0,92.44668019202132
3037,111.0,92.44668019202132
4266,103.0,92.44668019202132
10106,101.0,92.44668019202132
9195,94.0,92.44668019202132
4943,26.0,92.44668019202132
1920,94.0,78.77654903893527
10755,127.0,92.44668019202132
19647,111.0,94.56778945330343
12508,115.0,92.44668019202132
14953,103.0,104.22926900062313
4884,109.0,89.38408621938132
4272,82.0,92.44668019202132
1388,103.0,92.44668019202132
2647,86.0,92.44668019202132
15035,77.0,92.44668019202132
11324,95.0,92.44668019202132
163,90.0,92.44668019202132
13624,84.0,92.44668019202132
12555,120.0,98.35821682454109
7566,126.0,92.44668019202132
20478,98.0,92.44668019202132
9155,95.0,98.19340072554648
7593,81.0,92.44668019202132
2261,80.0,92.44668019202132
11840,84.0,92.44668019202132
19802,123.0,92.44668019202132
18516,88.0,92.44668019202132
8657,123.0,92.44668019202132
23278,45.0,92.44668019202132
21670,144.0,98.67403364244122
23229,95.0,92.44668019202132
18905,101.0,92.44668019202132
3461,84.0,92.44668019202132
21051,108.0,92.44668019202132
18353,122.0,92.44668019202132
16178,105.0,92.44668019202132
5427,89.0,92.44668019202132
15341,107.0,92.44668019202132
9279,89.0,81.99079562150979
8380,122.0,92.44668019202132
16691,78.0,92.44668019202132
2594,28.0,92.44668019202132
19052,67.0,86.12367995277545
22097,35.0,92.44668019202132
5497,131.0,92.44668019202132
7721,86.0,92.44668019202132
1525,105.0,92.44668019202132
17396,107.0,95.19663235264649
18108,93.0,92.44668019202132
942,69.0,92.44668019202132
6983,135.0,92.44668019202132
4149,124.0,100.22336106097137
17470,73.0,92.44668019202132
21222,77.0,92.44668019202132
2368,69.0,92.44668019202132
22821,103.0,92.44668019202132
18192,110.0,92.44668019202132
21503,98.0,92.44668019202132
4144,71.0,92.44668019202132
19974,111.0,92.44668019202132
10318,89.0,92.44668019202132
20665,148.0,92.44668019202132
18672,94.0,92.44668019202132
13194,125.0,92.44668019202132
9498,105.0,92.44668019202132
22681,72.0,92.44668019202132
20555,44.0,92.44668019202132
15410,87.0,92.44668019202132
23011,106.0,92.44668019202132
9958,80.0,92.44668019202132
17514,111.0,92.44668019202132
14607,79.0,92.44668019202132
15139,63.0,92.44668019202132
4878,57.0,92.44668019202132
5598,49.0,92.44668019202132
14795,98.0,92.44668019202132
3548,86.0,92.44668019202132
2080,73.0,92.44668019202132
7020,184.0,92.44668019202132
10839,104.0,92.44668019202132
20543,100.0,92.44668019202132
17928,104.0,92.44668019202132
5379,94.0,92.44668019202132
10078,89.0,90.96957326789459
18240,25.0,92.44668019202132
14218,125.0,92.44668019202132
20027,29.0,92.44668019202132
8528,81.0,92.44668019202132
17227,39.0,92.44668019202132
13878,95.0,92.44668019202132
13872,139.0,92.44668019202132
5242,38.0,92.44668019202132
7194,69.0,92.44668019202132
19465,23.0,92.44668019202132
4993,54.0,92.44668019202132
2014,51.0,92.44668019202132
7440,93.0,92.44668019202132
14684,68.0,92.44668019202132
15807,111.0,92.44668019202132
12381,119.0,92.44668019202132
1929,17.0,92.44668019202132
18597,103.0,92.44668019202132
2503,94.0,92.44668019202132
1356,93.0,92.44668019202132
9743,93.0,92.44668019202132
10986,101.0,92.44668019202132
20488,99.0,92.44668019202132
15911,121.0,92.44668019202132
13746,104.0,92.44668019202132
10174,101.0,92.44668019202132
23967,87.0,92.44668019202132
1358,89.0,92.44668019202132
13013,130.0,92.44668019202132
2183,83.0,92.44668019202132
13539,92.0,92.44668019202132
7653,94.0,92.44668019202132
4016,124.0,92.44668019202132
23147,111.0,92.44668019202132
23487,105.0,92.44668019202132
21522,99.0,92.44668019202132
21081,92.0,97.21464149937766
13927,58.0,92.44668019202132
18034,88.0,92.44668019202132
7784,91.0,92.44668019202132
19706,106.0,92.44668019202132
10532,88.0,92.44668019202132
536,55.0,92.44668019202132
18814,36.0,92.44668019202132
21957,89.0,92.44668019202132
14524,13.0,92.44668019202132
13706,87.0,92.44668019202132
16067,25.0,92.44668019202132
13012,114.0,92.44668019202132
5393,128.0,92.44668019202132
10284,97.0,92.44668019202132
941,71.0,92.44668019202132
12584,102.0,92.44668019202132
9399,117.0,92.44668019202132
17422,79.0,92.44668019202132
499,34.0,92.44668019202132
6535,104.0,92.44668019202132
14784,149.0,92.44668019202132
4081,98.0,92.44668019202132
4122,51.0,92.44668019202132
5677,69.0,109.70742458676963
15170,142.0,92.44668019202132
16389,99.0,92.44668019202132
21996,115.0,92.44668019202132
12049,117.0,92.44668019202132
20468,91.0,92.44668019202132
18430,99.0,92.44668019202132
10688,109.0,92.44668019202132
4345,116.0,92.44668019202132
12678,119.0,92.44668019202132
21801,128.0,92.44668019202132
3323,112.0,92.44668019202132
17812,100.0,92.44668019202132
22493,87.0,92.44668019202132
16250,47.0,92.44668019202132
23014,111.0,92.44668019202132
3415,121.0,92.44668019202132
5596,56.0,92.44668019202132
7517,123.0,92.44668019202132
18888,102.0,105.6326732057909
3344,50.0,92.44668019202132
14222,146.0,92.44668019202132
7602,81.0,92.44668019202132
20924,42.0,92.44668019202132
14755,101.0,92.44668019202132
12004,71.0,92.44668019202132
18179,86.0,92.44668019202132
7284,99.0,92.44668019202132
10127,111.0,92.44668019202132
973,63.0,92.44668019202132
21432,83.0,92.44668019202132
13332,91.0,93.00048581344119
14551,110.0,92.44668019202132
2287,98.0,92.44668019202132
23446,117.0,92.44668019202132
9567,99.0,92.44668019202132
22970,105.0,92.44668019202132
23977,84.0,92.44668019202132
19177,68.0,92.44668019202132
7268,106.0,90.43226749554259
11702,74.0,92.44668019202132
3746,130.0,92.44668019202132
8000,93.0,92.44668019202132
10938,103.0,92.44668019202132
3651,92.0,92.44668019202132
10108,47.0,92.44668019202132
18007,89.0,92.44668019202132
17941,122.0,92.44668019202132
15136,36.0,92.44668019202132
7760,74.0,92.44668019202132
6620,102.0,92.44668019202132
8941,58.0,92.44668019202132
17299,126.0,92.44668019202132
5753,68.0,92.44668019202132
4827,93.0,92.44668019202132
14569,121.0,92.44668019202132
22406,65.0,92.44668019202132
1609,41.0,92.44668019202132
4954,105.0,92.44668019202132
10781,83.0,92.44668019202132
273,57.0,92.44668019202132
12236,95.0,92.44668019202132
21633,82.0,92.44668019202132
13184,112.0,92.44668019202132
23463,41.0,92.44668019202132
18934,56.0,92.44668019202132
22884,111.0,92.44668019202132
10252,103.0,92.44668019202132
16544,64.0,92.44668019202132
14028,23.0,92.44668019202132
12481,118.0,92.44668019202132
2921,128.0,92.44668019202132
21054,106.0,92.44668019202132
10718,55.0,92.44668019202132
10369,123.0,97.1941602789708
3724,74.0,92.44668019202132
5785,130.0,92.44668019202132
22848,108.0,92.44668019202132
22397,118.0,92.44668019202132
22943,85.0,92.44668019202132
15890,109.0,92.44668019202132
11772,82.0,92.44668019202132
15333,94.0,92.44668019202132
13351,44.0,92.44668019202132
6947,112.0,92.44668019202132
3512,124.0,92.44668019202132
14745,47.0,92.44668019202132
9669,86.0,92.44668019202132
15228,98.0,92.44668019202132
2088,103.0,92.44668019202132
7125,95.0,92.44668019202132
23455,115.0,92.44668019202132
3486,91.0,92.44668019202132
1269,113.0,92.44668019202132
21218,71.0,92.44668019202132
4134,38.0,92.44668019202132
21074,114.0,104.62932522407294
17886,12.0,92.44668019202132
19519,94.0,92.44668019202132
23013,127.0,92.44668019202132
23189,111.0,92.44668019202132
5482,77.0,92.44668019202132
573,103.0,92.44668019202132
20092,127.0,92.44668019202132
20346,78.0,92.44668019202132
13432,111.0,92.44668019202132
23511,95.0,92.44668019202132
10353,58.0,92.44668019202132
8087,95.0,92.44668019202132
4949,106.0,92.44668019202132
19905,91.0,92.44668019202132
4262,112.0,92.44668019202132
20647,114.0,92.44668019202132
4776,112.0,92.44668019202132
20020,38.0,92.44668019202132
2790,113.0,92.44668019202132
1428,14.0,92.44668019202132
8359,103.0,92.44668019202132
22269,104.0,92.44668019202132
8624,82.0,92.44668019202132
12088,111.0,92.44668019202132
2469,93.0,92.44668019202132
4001,142.0,92.44668019202132
23347,99.0,92.44668019202132
19011,97.0,92.44668019202132
535,60.0,92.44668019202132
1853,78.0,83.66076213845248
8994,94.0,92.44668019202132
11038,105.0,92.44668019202132
19096,124.0,92.44668019202132
5526,103.0,92.44668019202132
8253,145.0,92.44668019202132
3233,96.0,92.44668019202132
9116,89.0,92.44668019202132
787,70.0,82.37347567268726
1447,107.0,92.44668019202132
17382,109.0,92.44668019202132
15594,34.0,92.44668019202132
12351,101.0,92.44668019202132
22392,72.0,92.44668019202132
12114,78.0,92.44668019202132
9980,108.0,92.44668019202132
11111,115.0,92.44668019202132
8113,118.0,103.93910950828432
2629,16.0,92.44668019202132
20586,58.0,92.44668019202132
21915,81.0,92.44668019202132
18362,80.0,92.44668019202132
13843,52.0,92.44668019202132
8042,120.0,92.44668019202132
11313,100.0,92.44668019202132
22318,39.0,92.44668019202132
16614,78.0,92.44668019202132
11930,12.0,92.44668019202132
8834,96.0,92.44668019202132
10583,90.0,92.44668019202132
4589,115.0,92.44668019202132
18856,108.0,92.44668019202132
19977,108.0,92.44668019202132
14937,97.0,92.44668019202132
14184,81.0,92.44668019202132
18352,126.0,92.44668019202132
821,122.0,102.95483579293659
13097,92.0,92.44668019202132
20506,101.0,92.44668019202132
16849,41.0,92.44668019202132
16764,86.0,92.44668019202132
18590,97.0,92.44668019202132
18955,124.0,92.44668019202132
16500,81.0,89.5031214978559
12493,115.0,92.44668019202132
4040,100.0,92.44668019202132
5121,147.0,92.44668019202132
19136,72.0,92.44668019202132
23633,82.0,92.44668019202132
9869,99.0,92.44668019202132
4615,83.0,92.44668019202132
12197,108.0,92.44668019202132
11027,81.0,92.44668019202132
15451,110.0,92.44668019202132
3718,67.0,92.44668019202132
22968,84.0,92.44668019202132
17607,115.0,92.44668019202132
19478,106.0,92.44668019202132
14464,73.0,92.44668019202132
19196,98.0,92.44668019202132
23565,93.0,92.44668019202132
14026,91.0,92.44668019202132
14564,90.0,92.44668019202132
20651,116.0,92.44668019202132
1510,126.0,62.56931776683868
17923,101.0,92.44668019202132
18154,95.0,92.44668019202132
9076,117.0,92.44668019202132
1305,41.0,92.44668019202132
16896,72.0,92.44668019202132
7433,121.0,92.44668019202132
20008,112.0,93.25440907851682
13357,115.0,92.44668019202132
22600,70.0,92.44668019202132
9360,118.0,92.44668019202132
15920,87.0,92.44668019202132
9744,97.0,92.44668019202132
4472,123.0,92.44668019202132
10075,86.0,92.44668019202132
18190,94.0,92.44668019202132
13730,98.0,86.98014133475898
2846,67.0,92.44668019202132
474,112.0,92.44668019202132
8393,152.0,92.44668019202132
22954,79.0,92.44668019202132
12067,89.0,92.44668019202132
22009,124.0,92.44668019202132
12886,97.0,92.44668019202132
18263,125.0,92.44668019202132
15384,137.0,92.44668019202132
17864,83.0,92.44668019202132
9931,86.0,92.44668019202132
11700,55.0,75.3823803085215
1917,107.0,92.44668019202132
18059,114.0,92.44668019202132
15401,89.0,92.44668019202132
6847,14.0,92.44668019202132
1352,144.0,92.44668019202132
1120,103.0,92.44668019202132
19308,97.0,92.44668019202132
14509,133.0,92.44668019202132
12700,116.0,92.44668019202132
16616,89.0,92.44668019202132
18936,73.0,92.44668019202132
1066,122.0,92.44668019202132
22574,104.0,92.44668019202132
5542,102.0,92.44668019202132
15065,131.0,92.44668019202132
20916,116.0,92.44668019202132
14899,54.0,92.44668019202132
13787,52.0,92.44668019202132
542,101.0,92.44668019202132
8808,109.0,103.94324864833624
1338,52.0,92.44668019202132
9524,107.0,92.44668019202132
13654,68.0,92.44668019202132
5412,84.0,92.44668019202132
4942,25.0,92.44668019202132
20003,66.0,92.44668019202132
13768,105.0,92.44668019202132
22693,89.0,92.44668019202132
15389,150.0,92.44668019202132
6602,122.0,92.44668019202132
4790,58.0,89.10915311169684
3719,71.0,92.44668019202132
8012,105.0,85.22158478911776
9355,113.0,100.67567601875857
18795,97.0,92.44668019202132
19734,115.0,92.44668019202132
10196,88.0,92.44668019202132
7133,60.0,92.44668019202132
5148,97.0,92.44668019202132
5365,83.0,92.44668019202132
15668,95.0,92.21717683065579
10086,58.0,92.44668019202132
22184,113.0,92.44668019202132
6565,91.0,92.44668019202132
6697,104.0,92.44668019202132
23245,111.0,92.44668019202132
12192,120.0,92.44668019202132
2544,129.0,91.40072623319503
22459,102.0,92.44668019202132
9664,53.0,92.44668019202132
13172,72.0,92.44668019202132
1169,58.0,92.44668019202132
13653,148.0,91.6714602062081
11965,81.0,92.44668019202132
9341,137.0,92.44668019202132
21390,90.0,111.13776848167797
2757,86.0,92.44668019202132
12130,95.0,92.44668019202132
23074,118.0,92.44668019202132
20129,110.0,92.44668019202132
2960,94.0,103.88939139576738
111,94.0,92.44668019202132
10580,85.0,91.00048252892843
3809,122.0,92.44668019202132
9795,15.0,92.44668019202132
21894,96.0,101.11686449744275
56,70.0,92.44668019202132
5768,96.0,99.10425589300623
6541,95.0,92.44668019202132
1385,109.0,92.44668019202132
5134,83.0,96.10668856148621
12053,120.0,92.44668019202132
10343,86.0,92.44668019202132
13075,70.0,92.44668019202132
21751,108.0,81.36447216555436
8975,71.0,92.44668019202132
19204,99.0,92.44668019202132
15270,109.0,92.44668019202132
18414,85.0,92.44668019202132
1406,71.0,92.44668019202132
15777,121.0,92.44668019202132
13452,118.0,92.44668019202132
15418,102.0,94.00337694454132
16620,80.0,92.44668019202132
19694,62.0,92.44668019202132
16222,73.0,94.23433687562675
14275,89.0,82.20530056480831
23483,123.0,92.44668019202132
2299,17.0,92.44668019202132
15510,70.0,92.44668019202132
9713,71.0,92.44668019202132
23830,68.0,92.44668019202132
14951,100.0,92.44668019202132
21890,98.0,92.44668019202132
4537,107.0,92.44668019202132
8279,54.0,92.44668019202132
12418,72.0,92.44668019202132
23749,87.0,92.44668019202132
12034,66.0,92.44668019202132
21227,117.0,92.44668019202132
22823,101.0,92.44668019202132
18096,106.0,92.44668019202132
21136,107.0,92.44668019202132
19170,121.0,92.44668019202132
4917,122.0,92.44668019202132
3767,129.0,92.44668019202132
9696,94.0,92.44668019202132
15675,68.0,92.44668019202132
21428,82.0,92.44668019202132
10429,65.0,92.44668019202132
931,86.0,92.44668019202132
13567,53.0,92.44668019202132
11047,92.0,92.44668019202132
23387,130.0,92.44668019202132
8959,97.0,92.44668019202132
20477,77.0,92.44668019202132
22296,76.0,92.44668019202132
14204,78.0,92.44668019202132
1731,121.0,101.02442637483394
15873,116.0,92.44668019202132
10533,90.0,92.44668019202132
20913,51.0,92.44668019202132
10356,136.0,92.44668019202132
23868,79.0,92.44668019202132
15000,105.0,92.44668019202132
19588,52.0,92.44668019202132
7115,99.0,92.44668019202132
8254,142.0,92.44668019202132
14363,128.0,92.44668019202132
9058,117.0,92.44668019202132
530,58.0,92.44668019202132
10917,82.0,92.44668019202132
12963,94.0,92.44668019202132
13866,70.0,92.44668019202132
1707,183.0,92.44668019202132
16294,107.0,92.44668019202132
3622,99.0,92.44668019202132
8796,118.0,92.44668019202132
8971,68.0,92.44668019202132
10617,103.0,92.44668019202132
6629,117.0,92.44668019202132
2236,39.0,92.44668019202132
22061,93.0,92.44668019202132
12177,98.0,92.44668019202132
13058,86.0,92.44668019202132
7856,111.0,92.44668019202132
12747,118.0,92.44668019202132
20846,96.0,92.44668019202132
15759,51.0,96.00653041585677
21285,75.0,92.35163120068411
3773,113.0,92.44668019202132
18965,122.0,92.44668019202132
14388,68.0,92.44668019202132
20519,90.0,92.44668019202132
19289,105.0,92.44668019202132
23285,100.0,92.44668019202132
3881,120.0,92.44668019202132
16893,82.0,92.44668019202132
18728,17.0,92.94473689980761
3170,94.0,97.18809031089434
22927,73.0,92.44668019202132
7897,51.0,92.44668019202132
11205,89.0,92.44668019202132
5591,86.0,93.84375087490017
22664,87.0,92.44668019202132
15008,99.0,92.44668019202132
4789,67.0,92.44668019202132
10236,126.0,92.44668019202132
16084,100.0,92.44668019202132
20435,109.0,92.44668019202132
23713,148.0,92.44668019202132
12382,121.0,92.44668019202132
22914,84.0,92.44668019202132
1141,107.0,92.44668019202132
19480,98.0,92.44668019202132
1021,115.0,92.44668019202132
13416,116.0,92.44668019202132
9686,94.0,92.44668019202132
8709,96.0,92.44668019202132
4783,109.0,94.67348229003363
23006,129.0,92.44668019202132
15865,110.0,92.44668019202132
12388,90.0,92.44668019202132
19980,107.0,92.44668019202132
17890,101.0,92.44668019202132
14971,90.0,92.44668019202132
4171,81.0,92.44668019202132
1520,103.0,76.28979493764746
2654,87.0,92.44668019202132
1251,102.0,106.08753962190904
9442,86.0,79.12274663268286
20679,115.0,92.44668019202132
898,120.0,92.44668019202132
15478,150.0,92.44668019202132
4710,80.0,92.44668019202132
14585,117.0,92.44668019202132
21489,95.0,92.44668019202132
1962,101.0,92.44668019202132
14490,107.0,92.44668019202132
8632,88.0,92.44668019202132
23527,85.0,92.44668019202132
10736,83.0,92.44668019202132
14703,81.0,92.44668019202132
22707,83.0,92.44668019202132
2444,160.0,92.44668019202132
13982,98.0,92.44668019202132
7006,75.0,92.44668019202132
21829,124.0,92.44668019202132
19504,75.0,92.44668019202132
7887,71.0,92.44668019202132
19603,77.0,92.44668019202132
14738,88.0,92.44668019202132
1006,93.0,92.44668019202132
1687,112.0,112.23857926684758
15483,147.0,92.44668019202132
22580,103.0,92.44668019202132
16782,49.0,92.44668019202132
1979,75.0,92.44668019202132
4578,125.0,92.44668019202132
12308,107.0,92.44668019202132
21446,123.0,92.44668019202132
18135,109.0,92.44668019202132
22771,112.0,92.44668019202132
14220,135.0,92.44668019202132
21594,92.0,92.44668019202132
6908,96.0,92.44668019202132
15785,120.0,92.44668019202132
7694,71.0,92.44668019202132
1430,13.0,92.44668019202132
14358,120.0,92.44668019202132
1386,110.0,92.44668019202132
22033,78.0,92.44668019202132
9232,120.0,92.44668019202132
21674,85.0,92.44668019202132
19257,112.0,92.44668019202132
22898,82.0,92.44668019202132
9883,83.0,92.44668019202132
6828,154.0,92.44668019202132
2633,34.0,92.44668019202132
16705,71.0,92.44668019202132
10947,124.0,92.44668019202132
11903,90.0,92.44668019202132
17128,96.0,92.44668019202132
13219,115.0,92.44668019202132
8800,36.0,92.44668019202132
20135,115.0,92.44668019202132
1154,90.0,92.44668019202132
9923,137.0,92.44668019202132
11323,95.0,92.44668019202132
23158,115.0,92.44668019202132
10588,103.0,92.44668019202132
19817,102.0,92.44668019202132
2217,106.0,92.44668019202132
283,76.0,92.44668019202132
15734,74.0,92.44668019202132
19363,104.0,92.44668019202132
17595,113.0,99.7745985459566
23265,114.0,92.44668019202132
4958,105.0,92.44668019202132
5329,113.0,92.44668019202132
21780,82.0,92.44668019202132
21141,93.0,92.44668019202132
8072,87.0,92.44668019202132
23903,96.0,92.44668019202132
1708,183.0,92.44668019202132
23267,101.0,92.44668019202132
2811,87.0,92.44668019202132
1638,99.0,100.59998444385951
7129,97.0,92.44668019202132
15637,90.0,95.58778267128275
1762,138.0,107.40751238451782
20726,27.0,92.44668019202132
1737,104.0,92.44668019202132
6500,116.0,92.44668019202132
20897,106.0,92.44668019202132
4354,106.0,92.44668019202132
12720,108.0,92.44668019202132
12501,114.0,92.44668019202132
19244,134.0,92.44668019202132
16878,88.0,92.44668019202132
8362,113.0,107.30473341480094
3629,106.0,92.44668019202132
2313,111.0,109.9318317988438
12212,109.0,92.44668019202132
979,117.0,83.4665208818546
12561,92.0,92.44668019202132
21129,57.0,92.44668019202132
17270,46.0,92.44668019202132
344,96.0,92.44668019202132
3860,118.0,92.44668019202132
23361,107.0,92.44668019202132
16112,125.0,106.45570657711863
20576,18.0,92.44668019202132
23965,119.0,92.44668019202132
23540,105.0,92.44668019202132
19370,89.0,92.44668019202132
21063,97.0,92.44668019202132
9206,96.0,92.44668019202132
7490,87.0,92.44668019202132
10229,74.0,99.4778181632921
20195,86.0,92.44668019202132
17331,35.0,92.44668019202132
19404,82.0,92.44668019202132
10456,127.0,92.44668019202132
21259,114.0,92.44668019202132
18642,113.0,88.90856437598922
5787,124.0,92.44668019202132
6660,87.0,92.44668019202132
2524,120.0,92.44668019202132
4622,83.0,92.44668019202132
16048,131.0,92.44668019202132
20634,144.0,92.44668019202132
8784,114.0,92.44668019202132
14574,133.0,92.44668019202132
2032,83.0,92.44668019202132
18147,91.0,92.44668019202132
2127,131.0,92.44668019202132
23699,105.0,92.44668019202132
12776,123.0,92.44668019202132
2365,104.0,92.44668019202132
5003,74.0,92.44668019202132
2590,31.0,92.44668019202132
8319,103.0,92.44668019202132
15224,96.0,92.44668019202132
1362,101.0,92.44668019202132
1245,76.0,92.44668019202132
22948,68.0,92.44668019202132
7296,88.0,92.44668019202132
6789,115.0,92.44668019202132
22685,82.0,92.44668019202132
18691,82.0,92.44668019202132
18410,79.0,92.44668019202132
12727,74.0,107.49195765712105
22597,105.0,92.44668019202132
3036,109.0,92.44668019202132
12165,81.0,92.44668019202132
22639,74.0,92.44668019202132
18755,12.0,92.44668019202132
16086,100.0,92.44668019202132
8175,78.0,92.44668019202132
15925,87.0,92.44668019202132
1504,121.0,95.01632263197604
23368,108.0,92.44668019202132
9508,62.0,80.00057690676688
15343,104.0,92.44668019202132
5147,103.0,92.44668019202132
20589,53.0,92.44668019202132
18274,134.0,92.44668019202132
19219,69.0,92.44668019202132
17304,107.0,92.44668019202132
6869,106.0,92.44668019202132
23672,78.0,92.44668019202132
9161,81.0,92.44668019202132
11079,135.0,92.44668019202132
20078,69.0,92.44668019202132
19174,100.0,86.99551346070825
20507,103.0,92.44668019202132
654,126.0,92.44668019202132
1904,56.0,92.44668019202132
5374,92.0,92.44668019202132
5862,98.0,92.44668019202132
15167,87.0,92.89749736896333
22739,113.0,92.44668019202132
23202,83.0,92.44668019202132
3272,140.0,92.44668019202132
15985,68.0,92.44668019202132
18385,96.0,92.44668019202132
1768,127.0,92.44668019202132
2977,59.0,92.44668019202132
5127,121.0,92.44668019202132
22869,98.0,92.44668019202132
10152,104.0,92.44668019202132
21869,102.0,99.65170448235202
4098,53.0,92.44668019202132
13519,65.0,92.44668019202132
9039,71.0,92.44668019202132
9357,114.0,92.44668019202132
11224,111.0,94.90069409863382
16190,113.0,98.3682801925601
14105,94.0,86.45602595684788
17414,88.0,92.44668019202132
1217,71.0,92.44668019202132
6986,95.0,92.44668019202132
5192,77.0,92.44668019202132
21347,139.0,92.44668019202132
19307,97.0,92.44668019202132
22466,81.0,92.44668019202132
19954,129.0,80.74827081120512
8249,127.0,92.44668019202132
3817,118.0,92.44668019202132
16196,68.0,86.37373673846284
14239,91.0,84.46962544256913
4586,80.0,92.44668019202132
2149,38.0,92.44668019202132
459,86.0,92.44668019202132
18094,124.0,92.44668019202132
2752,85.0,92.44668019202132
8739,102.0,92.44668019202132
15705,126.0,92.44668019202132
23124,119.0,92.44668019202132
14667,82.0,83.45993528102952
12739,103.0,92.44668019202132
8997,97.0,92.44668019202132
4125,30.0,92.44668019202132
23331,76.0,92.44668019202132
23740,84.0,92.44668019202132
5564,70.0,92.44668019202132
5654,141.0,92.44668019202132
23076,82.0,92.44668019202132
885,94.0,92.44668019202132
8476,50.0,92.44668019202132
6684,110.0,92.44668019202132
1681,85.0,92.44668019202132
17586,143.0,92.44668019202132
2101,82.0,92.44668019202132
5699,100.0,92.44668019202132
7746,72.0,92.44668019202132
20890,98.0,92.44668019202132
5034,78.0,92.44668019202132
1781,91.0,102.8852513742917
23117,113.0,92.44668019202132
14759,116.0,92.44668019202132
19621,46.0,92.44668019202132
11758,70.0,92.44668019202132
5059,69.0,93.06394324761388
6581,94.0,92.44668019202132
871,102.0,92.44668019202132
12570,96.0,92.44668019202132
2778,94.0,92.44668019202132
21986,114.0,92.44668019202132
4900,51.0,92.44668019202132
9417,97.0,92.44668019202132
19623,46.0,92.44668019202132
22164,79.0,96.90328287596756
12627,80.0,92.44668019202132
12015,105.0,92.44668019202132
18199,99.0,92.44668019202132
2039,149.0,92.44668019202132
19364,121.0,92.44668019202132
2541,126.0,92.44668019202132
11744,42.0,92.44668019202132
4682,99.0,92.44668019202132
2111,114.0,92.44668019202132
20899,77.0,92.44668019202132
20785,126.0,92.44668019202132
20725,27.0,92.44668019202132
22992,121.0,92.44668019202132
3183,94.0,92.44668019202132
12967,105.0,92.44668019202132
22583,127.0,92.44668019202132
12916,95.0,92.44668019202132
5615,111.0,92.44668019202132
23461,119.0,92.44668019202132
6688,52.0,92.44668019202132
11225,138.0,92.44668019202132
15596,46.0,92.44668019202132
3232,102.0,86.32297630845801
8839,98.0,92.44668019202132
5394,126.0,92.44668019202132
21142,114.0,92.44668019202132
115,75.0,92.44668019202132
22365,85.0,105.44975097668848
1327,96.0,92.44668019202132
22876,78.0,92.44668019202132
20144,94.0,92.44668019202132
4059,72.0,92.44668019202132
14417,94.0,92.44668019202132
5344,97.0,92.44668019202132
8917,97.0,92.44668019202132
5720,117.0,92.44668019202132
4222,128.0,92.44668019202132
4769,128.0,92.44668019202132
12565,97.0,92.44668019202132
6712,63.0,92.44668019202132
19416,78.0,94.31311996421724
20667,153.0,92.44668019202132
22327,19.0,92.44668019202132
22401,104.0,92.44668019202132
10846,99.0,92.44668019202132
23479,127.0,92.44668019202132
4908,56.0,92.44668019202132
15876,97.0,92.44668019202132
18801,122.0,92.44668019202132
4598,92.0,92.44668019202132
18541,120.0,92.44668019202132
16352,86.0,92.44668019202132
22044,80.0,92.44668019202132
23000,74.0,92.44668019202132
10853,95.0,99.30872047740829
12995,73.0,92.44668019202132
15161,129.0,92.44668019202132
3572,83.0,92.44668019202132
18860,102.0,83.93544486756149
13839,73.0,92.44668019202132
16297,109.0,92.44668019202132
8193,85.0,105.73203384627132
22984,108.0,92.44668019202132
23393,89.0,92.44668019202132
3513,125.0,92.44668019202132
18830,16.0,92.44668019202132
18407,82.0,92.44668019202132
2496,80.0,92.44668019202132
2042,134.0,92.44668019202132
23173,88.0,92.44668019202132
10941,101.0,92.44668019202132
2390,51.0,92.44668019202132
222,83.0,97.62680573226827
9069,72.0,92.44668019202132
279,56.0,92.44668019202132
15617,46.0,92.44668019202132
