,y_test,prediction
15501,89.0,92.43960685893352
21356,97.0,92.43960685893352
1575,123.0,92.43960685893352
15388,145.0,92.43960685893352
21105,130.0,92.43960685893352
9602,111.0,92.43960685893352
23148,111.0,92.43960685893352
17363,124.0,92.43960685893352
13369,106.0,92.43960685893352
16323,15.0,92.43960685893352
20237,90.0,92.43960685893352
2682,146.0,92.43960685893352
3678,63.0,92.43960685893352
4176,138.0,92.43960685893352
17235,32.0,92.43960685893352
19762,121.0,92.43960685893352
18224,99.0,92.43960685893352
12138,100.0,92.43960685893352
2056,134.0,92.43960685893352
23406,88.0,92.43960685893352
22687,129.0,92.43960685893352
21987,112.0,92.43960685893352
15771,119.0,92.43960685893352
17225,44.0,92.43960685893352
15906,103.0,92.43960685893352
8620,90.0,92.43960685893352
23733,68.0,92.43960685893352
7059,77.0,92.43960685893352
12694,107.0,92.43960685893352
20149,79.0,92.43960685893352
13898,115.0,92.43960685893352
10546,132.0,92.43960685893352
13912,123.0,92.43960685893352
8844,84.0,92.43960685893352
4065,108.0,92.43960685893352
13102,90.0,92.43960685893352
18337,102.0,92.43960685893352
4106,122.0,92.43960685893352
7843,123.0,92.43960685893352
6547,70.0,92.43960685893352
2070,96.0,92.43960685893352
18018,80.0,92.43960685893352
3857,112.0,92.43960685893352
9201,96.0,92.43960685893352
14443,96.0,92.43960685893352
23526,61.0,92.43960685893352
7026,165.0,92.43960685893352
5224,108.0,92.43960685893352
711,102.0,92.43960685893352
11210,122.0,92.43960685893352
8350,42.0,92.43960685893352
20697,58.0,86.1271823311893
9591,116.0,92.43960685893352
8101,95.0,92.43960685893352
21072,107.0,92.43960685893352
14742,48.0,92.43960685893352
20301,73.0,92.43960685893352
10679,36.0,92.43960685893352
19729,106.0,92.43960685893352
16668,85.0,92.43960685893352
1719,114.0,92.43960685893352
20173,63.0,92.43960685893352
8775,104.0,92.43960685893352
23772,119.0,92.43960685893352
15657,100.0,92.43960685893352
20333,55.0,92.43960685893352
21971,109.0,92.43960685893352
15605,118.0,98.62518169448967
8604,86.0,92.43960685893352
21302,66.0,92.43960685893352
19309,94.0,92.43960685893352
23987,87.0,92.43960685893352
7634,84.0,92.43960685893352
20938,90.0,79.28179611489776
18252,106.0,92.43960685893352
5202,77.0,92.43960685893352
8384,89.0,104.20444020770769
22596,91.0,92.43960685893352
21128,98.0,92.35568842336443
20990,61.0,104.82605718546425
16699,87.0,92.43960685893352
9858,101.0,100.0593803237455
13378,116.0,92.43960685893352
8134,50.0,92.43960685893352
22644,92.0,92.43960685893352
10000,130.0,92.43960685893352
6832,141.0,92.43960685893352
20385,90.0,92.43960685893352
3216,72.0,92.43960685893352
23488,115.0,92.43960685893352
12250,120.0,92.43960685893352
22460,94.0,92.43960685893352
2988,90.0,92.43960685893352
17668,107.0,92.43960685893352
576,83.0,92.43960685893352
7958,86.0,92.43960685893352
10151,98.0,92.43960685893352
21210,67.0,92.43960685893352
20171,79.0,92.43960685893352
23876,16.0,92.43960685893352
2603,105.0,92.43960685893352
8269,74.0,92.43960685893352
3599,128.0,92.43960685893352
9733,89.0,92.43960685893352
11335,108.0,92.43960685893352
858,86.0,92.43960685893352
13164,87.0,92.43960685893352
20266,99.0,92.43960685893352
14241,112.0,92.43960685893352
18602,98.0,92.43960685893352
14251,130.0,92.43960685893352
21237,114.0,92.43960685893352
13896,110.0,92.43960685893352
23944,101.0,92.43960685893352
13024,135.0,92.43960685893352
3657,112.0,92.43960685893352
20523,69.0,92.43960685893352
4925,83.0,92.43960685893352
4159,93.0,92.43960685893352
12899,69.0,92.43960685893352
2969,28.0,92.43960685893352
514,117.0,92.43960685893352
2684,145.0,92.43960685893352
20141,41.0,78.793613679471
21601,107.0,92.43960685893352
7313,91.0,92.43960685893352
23828,118.0,92.43960685893352
20775,79.0,92.43960685893352
2947,70.0,92.43960685893352
5049,87.0,92.9605261101023
18124,88.0,79.11517938810472
8006,103.0,92.43960685893352
9598,117.0,92.43960685893352
11749,59.0,92.43960685893352
14430,11.0,92.43960685893352
23394,71.0,92.43960685893352
1531,90.0,92.43960685893352
10423,95.0,92.43960685893352
21999,74.0,92.43960685893352
18944,11.0,92.43960685893352
5471,8.0,92.43960685893352
16925,84.0,92.43960685893352
9204,94.0,92.43960685893352
14054,86.0,92.43960685893352
15030,109.0,92.43960685893352
5398,85.0,100.60305404327913
2625,14.0,92.43960685893352
4415,111.0,92.43960685893352
10869,96.0,92.43960685893352
14589,102.0,92.43960685893352
1750,94.0,92.43960685893352
14375,90.0,92.43960685893352
3603,123.0,92.43960685893352
1009,109.0,92.43960685893352
6937,69.0,92.43960685893352
2595,163.0,92.43960685893352
21800,99.0,92.43960685893352
4803,34.0,92.43960685893352
21049,115.0,92.43960685893352
19537,83.0,92.43960685893352
13609,116.0,92.43960685893352
5031,63.0,92.43960685893352
2525,93.0,92.43960685893352
1098,68.0,92.43960685893352
23063,126.0,92.43960685893352
20281,110.0,92.43960685893352
7555,115.0,92.43960685893352
4570,97.0,92.43960685893352
2073,101.0,92.43960685893352
1166,69.0,92.43960685893352
20982,105.0,92.43960685893352
12397,80.0,92.43960685893352
18079,148.0,92.43960685893352
3251,73.0,92.43960685893352
9490,98.0,92.43960685893352
12988,115.0,92.43960685893352
11833,75.0,92.43960685893352
6509,150.0,92.43960685893352
11599,48.0,92.43960685893352
4214,146.0,92.43960685893352
9944,89.0,92.43960685893352
1862,70.0,93.68405158835233
13627,118.0,105.38231375451056
20841,96.0,92.43960685893352
6782,120.0,92.43960685893352
21925,83.0,92.43960685893352
8511,58.0,92.43960685893352
21239,118.0,92.43960685893352
7199,119.0,92.43960685893352
23874,19.0,92.43960685893352
8259,80.0,92.43960685893352
1062,122.0,92.43960685893352
5087,114.0,92.43960685893352
13692,97.0,92.43960685893352
5089,113.0,92.43960685893352
7837,92.0,92.43960685893352
5569,115.0,92.43960685893352
7037,97.0,92.43960685893352
23690,75.0,92.43960685893352
3499,68.0,74.72973827863288
2047,98.0,90.78991090172465
7215,73.0,92.43960685893352
5052,82.0,92.43960685893352
1070,122.0,92.43960685893352
2148,49.0,92.43960685893352
11206,84.0,92.43960685893352
22867,105.0,92.43960685893352
14808,41.0,92.43960685893352
21067,101.0,92.43960685893352
22550,94.0,92.43960685893352
11753,62.0,92.43960685893352
18987,129.0,92.43960685893352
16459,123.0,92.43960685893352
12837,86.0,92.43960685893352
3366,115.0,92.43960685893352
22715,82.0,92.43960685893352
6741,88.0,92.43960685893352
9753,69.0,92.43787771351552
9023,96.0,92.43960685893352
21403,88.0,92.43960685893352
20968,111.0,92.43960685893352
11110,102.0,92.43960685893352
18760,10.0,92.43960685893352
7541,122.0,92.43960685893352
887,111.0,92.43960685893352
18095,120.0,102.66341673829409
12759,36.0,92.43960685893352
1113,105.0,92.43960685893352
19442,98.0,96.83097214358021
12099,57.0,92.43960685893352
4103,102.0,92.43960685893352
4980,89.0,92.43960685893352
8051,75.0,92.43960685893352
15198,107.0,92.43960685893352
12228,110.0,92.43960685893352
9339,136.0,92.43960685893352
17699,114.0,92.43960685893352
15623,46.0,92.43960685893352
312,103.0,92.43960685893352
831,86.0,92.43960685893352
20729,30.0,92.43960685893352
17945,115.0,92.43960685893352
10277,80.0,109.65891258586296
7675,99.0,92.43960685893352
4418,110.0,92.43960685893352
22003,114.0,92.43960685893352
20379,97.0,92.43960685893352
18521,30.0,92.43960685893352
11251,82.0,92.43960685893352
2845,126.0,99.62666982036765
13727,96.0,92.43960685893352
20759,107.0,92.43960685893352
4241,96.0,86.84816872010562
22738,111.0,92.43960685893352
8474,58.0,92.43960685893352
20825,109.0,92.43960685893352
5347,100.0,92.43960685893352
10937,103.0,92.43960685893352
864,83.0,92.43960685893352
7498,89.0,92.43960685893352
12856,115.0,92.43960685893352
13181,96.0,92.43960685893352
15062,126.0,92.43960685893352
7071,192.0,92.43960685893352
10900,119.0,92.43960685893352
10957,70.0,92.43960685893352
1947,113.0,92.43960685893352
22793,107.0,92.43960685893352
12300,81.0,92.43960685893352
824,118.0,92.43960685893352
9810,41.0,92.43960685893352
13950,27.0,92.43960685893352
9618,65.0,92.43960685893352
2655,80.0,92.43960685893352
2117,116.0,92.43960685893352
13969,111.0,92.43960685893352
19724,87.0,92.43960685893352
15073,126.0,92.43960685893352
17964,26.0,92.43960685893352
1969,125.0,92.43960685893352
3580,89.0,91.91590258784925
19966,104.0,92.43960685893352
11217,118.0,92.43960685893352
8497,112.0,92.43960685893352
6944,94.0,92.43960685893352
11077,104.0,92.43960685893352
22903,72.0,92.43960685893352
14016,81.0,92.43960685893352
11107,93.0,92.43960685893352
9379,119.0,92.43960685893352
17730,79.0,92.43960685893352
2453,152.0,92.43960685893352
19006,110.0,92.43960685893352
8186,29.0,92.43960685893352
20469,97.0,92.43960685893352
10591,96.0,86.83391623726402
2546,134.0,92.43960685893352
20011,101.0,92.43960685893352
1884,121.0,92.43960685893352
15531,103.0,92.43960685893352
4779,107.0,92.43960685893352
6733,75.0,92.43960685893352
9853,103.0,92.43960685893352
14625,70.0,92.43960685893352
21279,101.0,92.43960685893352
8438,10.0,92.43960685893352
5311,99.0,89.04490600828986
13850,65.0,92.43960685893352
17954,37.0,92.43960685893352
3725,82.0,92.43960685893352
557,91.0,92.43960685893352
17995,5.0,92.43960685893352
9708,120.0,92.43960685893352
21902,94.0,92.43960685893352
15626,67.0,92.43960685893352
14245,80.0,92.43960685893352
23003,90.0,92.43960685893352
11845,89.0,92.43960685893352
12965,100.0,92.43960685893352
16857,85.0,92.43960685893352
20561,18.0,92.43960685893352
13766,91.0,92.43960685893352
13983,107.0,92.43960685893352
22803,104.0,92.43960685893352
21060,98.0,92.43960685893352
5319,126.0,92.43960685893352
9214,91.0,92.43960685893352
17169,41.0,92.43960685893352
4141,71.0,86.8102442562214
9081,86.0,89.24565270704974
13728,90.0,92.43960685893352
15840,98.0,92.43960685893352
9635,102.0,92.43960685893352
11275,113.0,94.86518318439417
13603,93.0,92.43960685893352
10292,98.0,92.43960685893352
8261,83.0,92.43960685893352
9392,135.0,92.43960685893352
13441,62.0,96.82978368167076
12470,55.0,92.43960685893352
3990,48.0,80.93286001407121
19960,103.0,92.43960685893352
12316,94.0,92.43960685893352
21845,111.0,99.86458736317145
10216,62.0,92.43960685893352
1886,124.0,92.43960685893352
12024,109.0,92.43960685893352
20867,80.0,80.89328846302267
9948,94.0,92.43960685893352
20607,80.0,92.43960685893352
7844,118.0,92.43960685893352
8939,49.0,92.43960685893352
12239,110.0,92.43960685893352
13048,137.0,92.43960685893352
4109,115.0,92.43960685893352
18922,87.0,92.43960685893352
9729,104.0,92.43960685893352
463,83.0,92.43960685893352
4941,27.0,92.43960685893352
21836,112.0,92.43960685893352
23232,100.0,92.43960685893352
8623,109.0,92.43960685893352
21614,128.0,92.43960685893352
12158,97.0,92.43960685893352
2610,122.0,92.43960685893352
12656,103.0,92.43960685893352
13697,109.0,92.43960685893352
8260,88.0,92.43960685893352
141,86.0,92.43960685893352
17765,97.0,92.43960685893352
11942,104.0,92.43960685893352
6951,134.0,92.43960685893352
12401,119.0,92.43960685893352
2636,38.0,92.43960685893352
6904,8.0,92.43960685893352
21850,54.0,92.43960685893352
8047,120.0,92.43960685893352
1997,82.0,92.43960685893352
3598,128.0,86.56656646885534
6929,114.0,98.76541625372725
17526,84.0,92.43960685893352
6738,85.0,92.43960685893352
21360,127.0,92.43960685893352
8009,87.0,96.52365684158177
22732,84.0,92.43960685893352
19641,86.0,92.43960685893352
23372,6.0,92.43960685893352
4868,41.0,92.43960685893352
14037,20.0,92.43960685893352
12990,119.0,92.43960685893352
1119,107.0,92.43960685893352
12042,83.0,92.43960685893352
5404,94.0,92.43960685893352
23806,102.0,92.43960685893352
7394,64.0,92.43960685893352
12063,91.0,92.43960685893352
6639,49.0,92.43960685893352
14207,101.0,92.43960685893352
17907,93.0,92.43960685893352
10630,108.0,93.90288100382512
19986,106.0,92.43960685893352
23491,76.0,92.43960685893352
17306,130.0,92.43960685893352
16369,70.0,92.43960685893352
1054,95.0,92.43960685893352
5541,100.0,92.43960685893352
3553,58.0,92.43960685893352
22957,89.0,92.43960685893352
10936,99.0,92.43960685893352
19871,78.0,70.14116415004835
2793,97.0,99.74182360999072
23111,9.0,92.43960685893352
16407,165.0,92.43960685893352
12552,109.0,92.43960685893352
10294,93.0,92.43960685893352
5244,38.0,92.43960685893352
20939,96.0,92.43960685893352
13669,77.0,92.43960685893352
4898,134.0,92.43960685893352
1826,105.0,92.43960685893352
13201,80.0,92.43960685893352
12435,99.0,92.43960685893352
8429,13.0,92.43960685893352
210,70.0,92.43960685893352
10065,18.0,92.43960685893352
19348,103.0,92.43960685893352
18740,55.0,92.43960685893352
22613,101.0,92.43960685893352
4504,68.0,97.29730291113607
23579,84.0,92.43960685893352
1866,107.0,90.55705801284432
9657,128.0,93.69160829577852
12475,97.0,92.43960685893352
1760,86.0,92.84736438471579
19126,94.0,86.97952058222934
6553,90.0,92.43960685893352
137,82.0,92.43960685893352
561,91.0,92.43960685893352
15366,126.0,92.43960685893352
23384,134.0,92.43960685893352
15077,79.0,92.43960685893352
782,80.0,92.43960685893352
2179,125.0,92.43960685893352
4485,125.0,92.43960685893352
4739,97.0,92.43960685893352
14227,113.0,98.87350922164232
1345,137.0,92.43960685893352
19373,91.0,92.43960685893352
17229,36.0,92.43960685893352
10772,105.0,92.43960685893352
3455,131.0,92.43960685893352
1350,139.0,92.43960685893352
20863,132.0,92.43960685893352
13743,93.0,92.43960685893352
13174,69.0,92.43960685893352
21329,94.0,92.43960685893352
5779,96.0,101.53832300894952
12483,116.0,92.43960685893352
11157,106.0,87.17122624645992
22650,80.0,92.43960685893352
1793,69.0,92.43960685893352
10209,64.0,92.43960685893352
2476,50.0,92.43960685893352
2310,101.0,92.43960685893352
516,115.0,92.43960685893352
8759,115.0,92.43960685893352
14501,103.0,92.43960685893352
4642,94.0,92.43960685893352
20565,11.0,92.43960685893352
22438,92.0,92.43960685893352
22767,82.0,92.43960685893352
3621,96.0,92.43960685893352
23497,61.0,92.43960685893352
3607,106.0,92.43960685893352
12877,109.0,92.43960685893352
15729,115.0,104.099562792778
19426,57.0,92.43960685893352
3320,113.0,92.43960685893352
15295,126.0,92.43960685893352
18679,41.0,92.43960685893352
15543,123.0,92.43960685893352
23610,105.0,92.43960685893352
10098,94.0,92.43960685893352
9241,73.0,92.43960685893352
14662,115.0,92.43960685893352
11600,44.0,92.43960685893352
8164,66.0,92.43960685893352
549,103.0,92.43960685893352
5738,115.0,92.43960685893352
11098,125.0,92.43960685893352
10397,111.0,92.43960685893352
10811,85.0,92.43960685893352
2202,59.0,92.43960685893352
20386,106.0,92.43960685893352
9769,111.0,91.32169728837626
15837,97.0,92.43960685893352
8428,23.0,92.43960685893352
15320,123.0,92.43960685893352
243,68.0,92.43960685893352
1631,99.0,92.43960685893352
2043,142.0,92.43960685893352
17174,52.0,92.43960685893352
22170,146.0,92.43960685893352
9121,121.0,92.43960685893352
1897,106.0,92.43960685893352
11331,90.0,99.24737196187729
5783,115.0,92.43960685893352
8680,163.0,90.24144666622709
15276,100.0,92.43960685893352
3833,72.0,92.43960685893352
9384,124.0,92.43960685893352
3652,105.0,92.43960685893352
13813,139.0,92.43960685893352
15887,108.0,92.43960685893352
3037,111.0,92.43960685893352
4266,103.0,92.43960685893352
10106,101.0,92.43960685893352
9195,94.0,92.43960685893352
4943,26.0,92.43960685893352
1920,94.0,79.95337958229783
10755,127.0,92.43960685893352
19647,111.0,96.96039943707923
12508,115.0,92.43960685893352
14953,103.0,104.41127758602397
4884,109.0,89.633179991354
4272,82.0,92.43960685893352
1388,103.0,92.43960685893352
2647,86.0,92.43960685893352
15035,77.0,92.43960685893352
11324,95.0,92.43960685893352
163,90.0,92.43960685893352
13624,84.0,92.43960685893352
12555,120.0,100.44383887772292
7566,126.0,92.43960685893352
20478,98.0,92.43960685893352
9155,95.0,95.97440981799276
7593,81.0,92.43960685893352
2261,80.0,92.43960685893352
11840,84.0,92.43960685893352
19802,123.0,92.43960685893352
18516,88.0,92.43960685893352
8657,123.0,92.43960685893352
23278,45.0,92.43960685893352
21670,144.0,101.00391949053838
23229,95.0,92.43960685893352
18905,101.0,92.43960685893352
3461,84.0,92.43960685893352
21051,108.0,92.43960685893352
18353,122.0,92.43960685893352
16178,105.0,92.43960685893352
5427,89.0,92.43960685893352
15341,107.0,92.43960685893352
9279,89.0,87.3203821087893
8380,122.0,92.43960685893352
16691,78.0,92.43960685893352
2594,28.0,92.43960685893352
19052,67.0,92.66342274927672
22097,35.0,92.43960685893352
5497,131.0,92.43960685893352
7721,86.0,92.43960685893352
1525,105.0,92.43960685893352
17396,107.0,96.24629196922986
18108,93.0,92.43960685893352
942,69.0,92.43960685893352
6983,135.0,92.43960685893352
4149,124.0,99.54895001128295
17470,73.0,92.43960685893352
21222,77.0,92.43960685893352
2368,69.0,92.43960685893352
22821,103.0,92.43960685893352
18192,110.0,92.43960685893352
21503,98.0,92.43960685893352
4144,71.0,92.43960685893352
19974,111.0,92.43960685893352
10318,89.0,92.43960685893352
20665,148.0,92.43960685893352
18672,94.0,92.43960685893352
13194,125.0,92.43960685893352
9498,105.0,92.43960685893352
22681,72.0,92.43960685893352
20555,44.0,92.43960685893352
15410,87.0,92.43960685893352
23011,106.0,92.43960685893352
9958,80.0,92.43960685893352
17514,111.0,92.43960685893352
14607,79.0,92.43960685893352
15139,63.0,92.43960685893352
4878,57.0,92.43960685893352
5598,49.0,92.43960685893352
14795,98.0,92.43960685893352
3548,86.0,92.43960685893352
2080,73.0,92.43960685893352
7020,184.0,92.43960685893352
10839,104.0,92.43960685893352
20543,100.0,92.43960685893352
17928,104.0,92.43960685893352
5379,94.0,92.43960685893352
10078,89.0,91.19758868759851
18240,25.0,92.43960685893352
14218,125.0,92.43960685893352
20027,29.0,92.43960685893352
8528,81.0,92.43960685893352
17227,39.0,92.43960685893352
13878,95.0,92.43960685893352
13872,139.0,92.43960685893352
5242,38.0,92.43960685893352
7194,69.0,92.43960685893352
19465,23.0,92.43960685893352
4993,54.0,92.43960685893352
2014,51.0,92.43960685893352
7440,93.0,92.43960685893352
14684,68.0,92.43960685893352
15807,111.0,92.43960685893352
12381,119.0,92.43960685893352
1929,17.0,92.43960685893352
18597,103.0,92.43960685893352
2503,94.0,92.43960685893352
1356,93.0,92.43960685893352
9743,93.0,92.43960685893352
10986,101.0,92.43960685893352
20488,99.0,92.43960685893352
15911,121.0,92.43960685893352
13746,104.0,92.43960685893352
10174,101.0,92.43960685893352
23967,87.0,92.43960685893352
1358,89.0,92.43960685893352
13013,130.0,92.43960685893352
2183,83.0,92.43960685893352
13539,92.0,92.43960685893352
7653,94.0,92.43960685893352
4016,124.0,92.43960685893352
23147,111.0,92.43960685893352
23487,105.0,92.43960685893352
21522,99.0,92.43960685893352
21081,92.0,95.26312189870526
13927,58.0,92.43960685893352
18034,88.0,92.43960685893352
7784,91.0,92.43960685893352
19706,106.0,92.43960685893352
10532,88.0,92.43960685893352
536,55.0,92.43960685893352
18814,36.0,92.43960685893352
21957,89.0,92.43960685893352
14524,13.0,92.43960685893352
13706,87.0,92.43960685893352
16067,25.0,92.43960685893352
13012,114.0,92.43960685893352
5393,128.0,92.43960685893352
10284,97.0,92.43960685893352
941,71.0,92.43960685893352
12584,102.0,92.43960685893352
9399,117.0,92.43960685893352
17422,79.0,92.43960685893352
499,34.0,92.43960685893352
6535,104.0,92.43960685893352
14784,149.0,92.43960685893352
4081,98.0,92.43960685893352
4122,51.0,92.43960685893352
5677,69.0,103.27344444051329
15170,142.0,92.43960685893352
16389,99.0,92.43960685893352
21996,115.0,92.43960685893352
12049,117.0,92.43960685893352
20468,91.0,92.43960685893352
18430,99.0,92.43960685893352
10688,109.0,92.43960685893352
4345,116.0,92.43960685893352
12678,119.0,92.43960685893352
21801,128.0,92.43960685893352
3323,112.0,92.43960685893352
17812,100.0,92.43960685893352
22493,87.0,92.43960685893352
16250,47.0,92.43960685893352
23014,111.0,92.43960685893352
3415,121.0,92.43960685893352
5596,56.0,92.43960685893352
7517,123.0,92.43960685893352
18888,102.0,105.24356023710712
3344,50.0,92.43960685893352
14222,146.0,92.43960685893352
7602,81.0,92.43960685893352
20924,42.0,92.43960685893352
14755,101.0,92.43960685893352
12004,71.0,92.43960685893352
18179,86.0,92.43960685893352
7284,99.0,92.43960685893352
10127,111.0,92.43960685893352
973,63.0,92.43960685893352
21432,83.0,92.43960685893352
13332,91.0,96.39932051769972
14551,110.0,92.43960685893352
2287,98.0,92.43960685893352
23446,117.0,92.43960685893352
9567,99.0,92.43960685893352
22970,105.0,92.43960685893352
23977,84.0,92.43960685893352
19177,68.0,92.43960685893352
7268,106.0,91.33428645179478
11702,74.0,92.43960685893352
3746,130.0,92.43960685893352
8000,93.0,92.43960685893352
10938,103.0,92.43960685893352
3651,92.0,92.43960685893352
10108,47.0,92.43960685893352
18007,89.0,92.43960685893352
17941,122.0,92.43960685893352
15136,36.0,92.43960685893352
7760,74.0,92.43960685893352
6620,102.0,92.43960685893352
8941,58.0,92.43960685893352
17299,126.0,92.43960685893352
5753,68.0,92.43960685893352
4827,93.0,92.43960685893352
14569,121.0,92.43960685893352
22406,65.0,92.43960685893352
1609,41.0,92.43960685893352
4954,105.0,92.43960685893352
10781,83.0,92.43960685893352
273,57.0,92.43960685893352
12236,95.0,92.43960685893352
21633,82.0,92.43960685893352
13184,112.0,92.43960685893352
23463,41.0,92.43960685893352
18934,56.0,92.43960685893352
22884,111.0,92.43960685893352
10252,103.0,92.43960685893352
16544,64.0,92.43960685893352
14028,23.0,92.43960685893352
12481,118.0,92.43960685893352
2921,128.0,92.43960685893352
21054,106.0,92.43960685893352
10718,55.0,92.43960685893352
10369,123.0,98.38094089162135
3724,74.0,92.43960685893352
5785,130.0,92.43960685893352
22848,108.0,92.43960685893352
22397,118.0,92.43960685893352
22943,85.0,92.43960685893352
15890,109.0,92.43960685893352
11772,82.0,92.43960685893352
15333,94.0,92.43960685893352
13351,44.0,92.43960685893352
6947,112.0,92.43960685893352
3512,124.0,92.43960685893352
14745,47.0,92.43960685893352
9669,86.0,92.43960685893352
15228,98.0,92.43960685893352
2088,103.0,92.43960685893352
7125,95.0,92.43960685893352
23455,115.0,92.43960685893352
3486,91.0,92.43960685893352
1269,113.0,92.43960685893352
21218,71.0,92.43960685893352
4134,38.0,92.43960685893352
21074,114.0,104.22665620595072
17886,12.0,92.43960685893352
19519,94.0,92.43960685893352
23013,127.0,92.43960685893352
23189,111.0,92.43960685893352
5482,77.0,92.43960685893352
573,103.0,92.43960685893352
20092,127.0,92.43960685893352
20346,78.0,92.43960685893352
13432,111.0,92.43960685893352
23511,95.0,92.43960685893352
10353,58.0,92.43960685893352
8087,95.0,92.43960685893352
4949,106.0,92.43960685893352
19905,91.0,92.43960685893352
4262,112.0,92.43960685893352
20647,114.0,92.43960685893352
4776,112.0,92.43960685893352
20020,38.0,92.43960685893352
2790,113.0,92.43960685893352
1428,14.0,92.43960685893352
8359,103.0,92.43960685893352
22269,104.0,92.43960685893352
8624,82.0,92.43960685893352
12088,111.0,92.43960685893352
2469,93.0,92.43960685893352
4001,142.0,92.43960685893352
23347,99.0,92.43960685893352
19011,97.0,92.43960685893352
535,60.0,92.43960685893352
1853,78.0,90.33286622212232
8994,94.0,92.43960685893352
11038,105.0,92.43960685893352
19096,124.0,92.43960685893352
5526,103.0,92.43960685893352
8253,145.0,92.43960685893352
3233,96.0,92.43960685893352
9116,89.0,92.43960685893352
787,70.0,83.08292695757176
1447,107.0,92.43960685893352
17382,109.0,92.43960685893352
15594,34.0,92.43960685893352
12351,101.0,92.43960685893352
22392,72.0,92.43960685893352
12114,78.0,92.43960685893352
9980,108.0,92.43960685893352
11111,115.0,92.43960685893352
8113,118.0,103.12521213419454
2629,16.0,92.43960685893352
20586,58.0,92.43960685893352
21915,81.0,92.43960685893352
18362,80.0,92.43960685893352
13843,52.0,92.43960685893352
8042,120.0,92.43960685893352
11313,100.0,92.43960685893352
22318,39.0,92.43960685893352
16614,78.0,92.43960685893352
11930,12.0,92.43960685893352
8834,96.0,92.43960685893352
10583,90.0,92.43960685893352
4589,115.0,92.43960685893352
18856,108.0,92.43960685893352
19977,108.0,92.43960685893352
14937,97.0,92.43960685893352
14184,81.0,92.43960685893352
18352,126.0,92.43960685893352
821,122.0,104.04721426188567
13097,92.0,92.43960685893352
20506,101.0,92.43960685893352
16849,41.0,92.43960685893352
16764,86.0,92.43960685893352
18590,97.0,92.43960685893352
18955,124.0,92.43960685893352
16500,81.0,90.37885206020707
12493,115.0,92.43960685893352
4040,100.0,92.43960685893352
5121,147.0,92.43960685893352
19136,72.0,92.43960685893352
23633,82.0,92.43960685893352
9869,99.0,92.43960685893352
4615,83.0,92.43960685893352
12197,108.0,92.43960685893352
11027,81.0,92.43960685893352
15451,110.0,92.43960685893352
3718,67.0,92.43960685893352
22968,84.0,92.43960685893352
17607,115.0,92.43960685893352
19478,106.0,92.43960685893352
14464,73.0,92.43960685893352
19196,98.0,92.43960685893352
23565,93.0,92.43960685893352
14026,91.0,92.43960685893352
14564,90.0,92.43960685893352
20651,116.0,92.43960685893352
1510,126.0,79.28991597396782
17923,101.0,92.43960685893352
18154,95.0,92.43960685893352
9076,117.0,92.43960685893352
1305,41.0,92.43960685893352
16896,72.0,92.43960685893352
7433,121.0,92.43960685893352
20008,112.0,94.4638849063795
13357,115.0,92.43960685893352
22600,70.0,92.43960685893352
9360,118.0,92.43960685893352
15920,87.0,92.43960685893352
9744,97.0,92.43960685893352
4472,123.0,92.43960685893352
10075,86.0,92.43960685893352
18190,94.0,92.43960685893352
13730,98.0,87.91995045304381
2846,67.0,92.43960685893352
474,112.0,92.43960685893352
8393,152.0,92.43960685893352
22954,79.0,92.43960685893352
12067,89.0,92.43960685893352
22009,124.0,92.43960685893352
12886,97.0,92.43960685893352
18263,125.0,92.43960685893352
15384,137.0,92.43960685893352
17864,83.0,92.43960685893352
9931,86.0,92.43960685893352
11700,55.0,78.29512357878686
1917,107.0,92.43960685893352
18059,114.0,92.43960685893352
15401,89.0,92.43960685893352
6847,14.0,92.43960685893352
1352,144.0,92.43960685893352
1120,103.0,92.43960685893352
19308,97.0,92.43960685893352
14509,133.0,92.43960685893352
12700,116.0,92.43960685893352
16616,89.0,92.43960685893352
18936,73.0,92.43960685893352
1066,122.0,92.43960685893352
22574,104.0,92.43960685893352
5542,102.0,92.43960685893352
15065,131.0,92.43960685893352
20916,116.0,92.43960685893352
14899,54.0,92.43960685893352
13787,52.0,92.43960685893352
542,101.0,92.43960685893352
8808,109.0,104.1984298944202
1338,52.0,92.43960685893352
9524,107.0,92.43960685893352
13654,68.0,92.43960685893352
5412,84.0,92.43960685893352
4942,25.0,92.43960685893352
20003,66.0,92.43960685893352
13768,105.0,92.43960685893352
22693,89.0,92.43960685893352
15389,150.0,92.43960685893352
6602,122.0,92.43960685893352
4790,58.0,88.63040827348388
3719,71.0,92.43960685893352
8012,105.0,87.72647697144257
9355,113.0,100.72411267519374
18795,97.0,92.43960685893352
19734,115.0,92.43960685893352
10196,88.0,92.43960685893352
7133,60.0,92.43960685893352
5148,97.0,92.43960685893352
5365,83.0,92.43960685893352
15668,95.0,91.28058044853644
10086,58.0,92.43960685893352
22184,113.0,92.43960685893352
6565,91.0,92.43960685893352
6697,104.0,92.43960685893352
23245,111.0,92.43960685893352
12192,120.0,92.43960685893352
2544,129.0,91.87142660104998
22459,102.0,92.43960685893352
9664,53.0,92.43960685893352
13172,72.0,92.43960685893352
1169,58.0,92.43960685893352
13653,148.0,100.70335795847322
11965,81.0,92.43960685893352
9341,137.0,92.43960685893352
21390,90.0,103.08831277555983
2757,86.0,92.43960685893352
12130,95.0,92.43960685893352
23074,118.0,92.43960685893352
20129,110.0,92.43960685893352
2960,94.0,91.9085280414875
111,94.0,92.43960685893352
10580,85.0,94.67602119366876
3809,122.0,92.43960685893352
9795,15.0,92.43960685893352
21894,96.0,100.27834937657495
56,70.0,92.43960685893352
5768,96.0,98.89230969446452
6541,95.0,92.43960685893352
1385,109.0,92.43960685893352
5134,83.0,101.25579247365445
12053,120.0,92.43960685893352
10343,86.0,92.43960685893352
13075,70.0,92.43960685893352
21751,108.0,80.65923974532537
8975,71.0,92.43960685893352
19204,99.0,92.43960685893352
15270,109.0,92.43960685893352
18414,85.0,92.43960685893352
1406,71.0,92.43960685893352
15777,121.0,92.43960685893352
13452,118.0,92.43960685893352
15418,102.0,92.4721708110351
16620,80.0,92.43960685893352
19694,62.0,92.43960685893352
16222,73.0,93.28623698706353
14275,89.0,82.33017070277168
23483,123.0,92.43960685893352
2299,17.0,92.43960685893352
15510,70.0,92.43960685893352
9713,71.0,92.43960685893352
23830,68.0,92.43960685893352
14951,100.0,92.43960685893352
21890,98.0,92.43960685893352
4537,107.0,92.43960685893352
8279,54.0,92.43960685893352
12418,72.0,92.43960685893352
23749,87.0,92.43960685893352
12034,66.0,92.43960685893352
21227,117.0,92.43960685893352
22823,101.0,92.43960685893352
18096,106.0,92.43960685893352
21136,107.0,92.43960685893352
19170,121.0,92.43960685893352
4917,122.0,92.43960685893352
3767,129.0,92.43960685893352
9696,94.0,92.43960685893352
15675,68.0,92.43960685893352
21428,82.0,92.43960685893352
10429,65.0,92.43960685893352
931,86.0,92.43960685893352
13567,53.0,92.43960685893352
11047,92.0,92.43960685893352
23387,130.0,92.43960685893352
8959,97.0,92.43960685893352
20477,77.0,92.43960685893352
22296,76.0,92.43960685893352
14204,78.0,92.43960685893352
1731,121.0,100.33924209008316
15873,116.0,92.43960685893352
10533,90.0,92.43960685893352
20913,51.0,92.43960685893352
10356,136.0,92.43960685893352
23868,79.0,92.43960685893352
15000,105.0,92.43960685893352
19588,52.0,92.43960685893352
7115,99.0,92.43960685893352
8254,142.0,92.43960685893352
14363,128.0,92.43960685893352
9058,117.0,92.43960685893352
530,58.0,92.43960685893352
10917,82.0,92.43960685893352
12963,94.0,92.43960685893352
13866,70.0,92.43960685893352
1707,183.0,92.43960685893352
16294,107.0,92.43960685893352
3622,99.0,92.43960685893352
8796,118.0,92.43960685893352
8971,68.0,92.43960685893352
10617,103.0,92.43960685893352
6629,117.0,92.43960685893352
2236,39.0,92.43960685893352
22061,93.0,92.43960685893352
12177,98.0,92.43960685893352
13058,86.0,92.43960685893352
7856,111.0,92.43960685893352
12747,118.0,92.43960685893352
20846,96.0,92.43960685893352
15759,51.0,93.9528464717897
21285,75.0,91.53626967331084
3773,113.0,92.43960685893352
18965,122.0,92.43960685893352
14388,68.0,92.43960685893352
20519,90.0,92.43960685893352
19289,105.0,92.43960685893352
23285,100.0,92.43960685893352
3881,120.0,92.43960685893352
16893,82.0,92.43960685893352
18728,17.0,94.45328613288027
3170,94.0,97.78123220036323
22927,73.0,92.43960685893352
7897,51.0,92.43960685893352
11205,89.0,92.43960685893352
5591,86.0,91.1024995762324
22664,87.0,92.43960685893352
15008,99.0,92.43960685893352
4789,67.0,92.43960685893352
10236,126.0,92.43960685893352
16084,100.0,92.43960685893352
20435,109.0,92.43960685893352
23713,148.0,92.43960685893352
12382,121.0,92.43960685893352
22914,84.0,92.43960685893352
1141,107.0,92.43960685893352
19480,98.0,92.43960685893352
1021,115.0,92.43960685893352
13416,116.0,92.43960685893352
9686,94.0,92.43960685893352
8709,96.0,92.43960685893352
4783,109.0,93.60767155877843
23006,129.0,92.43960685893352
15865,110.0,92.43960685893352
12388,90.0,92.43960685893352
19980,107.0,92.43960685893352
17890,101.0,92.43960685893352
14971,90.0,92.43960685893352
4171,81.0,92.43960685893352
1520,103.0,77.13961441366234
2654,87.0,92.43960685893352
1251,102.0,108.04472170898617
9442,86.0,79.68118985797476
20679,115.0,92.43960685893352
898,120.0,92.43960685893352
15478,150.0,92.43960685893352
4710,80.0,92.43960685893352
14585,117.0,92.43960685893352
21489,95.0,92.43960685893352
1962,101.0,92.43960685893352
14490,107.0,92.43960685893352
8632,88.0,92.43960685893352
23527,85.0,92.43960685893352
10736,83.0,92.43960685893352
14703,81.0,92.43960685893352
22707,83.0,92.43960685893352
2444,160.0,92.43960685893352
13982,98.0,92.43960685893352
7006,75.0,92.43960685893352
21829,124.0,92.43960685893352
19504,75.0,92.43960685893352
7887,71.0,92.43960685893352
19603,77.0,92.43960685893352
14738,88.0,92.43960685893352
1006,93.0,92.43960685893352
1687,112.0,106.80590233832204
15483,147.0,92.43960685893352
22580,103.0,92.43960685893352
16782,49.0,92.43960685893352
1979,75.0,92.43960685893352
4578,125.0,92.43960685893352
12308,107.0,92.43960685893352
21446,123.0,92.43960685893352
18135,109.0,92.43960685893352
22771,112.0,92.43960685893352
14220,135.0,92.43960685893352
21594,92.0,92.43960685893352
6908,96.0,92.43960685893352
15785,120.0,92.43960685893352
7694,71.0,92.43960685893352
1430,13.0,92.43960685893352
14358,120.0,92.43960685893352
1386,110.0,92.43960685893352
22033,78.0,92.43960685893352
9232,120.0,92.43960685893352
21674,85.0,92.43960685893352
19257,112.0,92.43960685893352
22898,82.0,92.43960685893352
9883,83.0,92.43960685893352
6828,154.0,92.43960685893352
2633,34.0,92.43960685893352
16705,71.0,92.43960685893352
10947,124.0,92.43960685893352
11903,90.0,92.43960685893352
17128,96.0,92.43960685893352
13219,115.0,92.43960685893352
8800,36.0,92.43960685893352
20135,115.0,92.43960685893352
1154,90.0,92.43960685893352
9923,137.0,92.43960685893352
11323,95.0,92.43960685893352
23158,115.0,92.43960685893352
10588,103.0,92.43960685893352
19817,102.0,92.43960685893352
2217,106.0,92.43960685893352
283,76.0,92.43960685893352
15734,74.0,92.43960685893352
19363,104.0,92.43960685893352
17595,113.0,95.58858660037137
23265,114.0,92.43960685893352
4958,105.0,92.43960685893352
5329,113.0,92.43960685893352
21780,82.0,92.43960685893352
21141,93.0,92.43960685893352
8072,87.0,92.43960685893352
23903,96.0,92.43960685893352
1708,183.0,92.43960685893352
23267,101.0,92.43960685893352
2811,87.0,92.43960685893352
1638,99.0,96.7629339633068
7129,97.0,92.43960685893352
15637,90.0,95.88328938067635
1762,138.0,106.98617953977778
20726,27.0,92.43960685893352
1737,104.0,92.43960685893352
6500,116.0,92.43960685893352
20897,106.0,92.43960685893352
4354,106.0,92.43960685893352
12720,108.0,92.43960685893352
12501,114.0,92.43960685893352
19244,134.0,92.43960685893352
16878,88.0,92.43960685893352
8362,113.0,107.61241591538523
3629,106.0,92.43960685893352
2313,111.0,104.88945115144924
12212,109.0,92.43960685893352
979,117.0,83.86543865731986
12561,92.0,92.43960685893352
21129,57.0,92.43960685893352
17270,46.0,92.43960685893352
344,96.0,92.43960685893352
3860,118.0,92.43960685893352
23361,107.0,92.43960685893352
16112,125.0,105.32141946489526
20576,18.0,92.43960685893352
23965,119.0,92.43960685893352
23540,105.0,92.43960685893352
19370,89.0,92.43960685893352
21063,97.0,92.43960685893352
9206,96.0,92.43960685893352
7490,87.0,92.43960685893352
10229,74.0,99.86028165739786
20195,86.0,92.43960685893352
17331,35.0,92.43960685893352
19404,82.0,92.43960685893352
10456,127.0,92.43960685893352
21259,114.0,92.43960685893352
18642,113.0,90.82406529506949
5787,124.0,92.43960685893352
6660,87.0,92.43960685893352
2524,120.0,92.43960685893352
4622,83.0,92.43960685893352
16048,131.0,92.43960685893352
20634,144.0,92.43960685893352
8784,114.0,92.43960685893352
14574,133.0,92.43960685893352
2032,83.0,92.43960685893352
18147,91.0,92.43960685893352
2127,131.0,92.43960685893352
23699,105.0,92.43960685893352
12776,123.0,92.43960685893352
2365,104.0,92.43960685893352
5003,74.0,92.43960685893352
2590,31.0,92.43960685893352
8319,103.0,92.43960685893352
15224,96.0,92.43960685893352
1362,101.0,92.43960685893352
1245,76.0,92.43960685893352
22948,68.0,92.43960685893352
7296,88.0,92.43960685893352
6789,115.0,92.43960685893352
22685,82.0,92.43960685893352
18691,82.0,92.43960685893352
18410,79.0,92.43960685893352
12727,74.0,107.75253220179052
22597,105.0,92.43960685893352
3036,109.0,92.43960685893352
12165,81.0,92.43960685893352
22639,74.0,92.43960685893352
18755,12.0,92.43960685893352
16086,100.0,92.43960685893352
8175,78.0,92.43960685893352
15925,87.0,92.43960685893352
1504,121.0,93.10128175115956
23368,108.0,92.43960685893352
9508,62.0,83.00423936946804
15343,104.0,92.43960685893352
5147,103.0,92.43960685893352
20589,53.0,92.43960685893352
18274,134.0,92.43960685893352
19219,69.0,92.43960685893352
17304,107.0,92.43960685893352
6869,106.0,92.43960685893352
23672,78.0,92.43960685893352
9161,81.0,92.43960685893352
11079,135.0,92.43960685893352
20078,69.0,92.43960685893352
19174,100.0,88.52591272069768
20507,103.0,92.43960685893352
654,126.0,92.43960685893352
1904,56.0,92.43960685893352
5374,92.0,92.43960685893352
5862,98.0,92.43960685893352
15167,87.0,95.03353123026945
22739,113.0,92.43960685893352
23202,83.0,92.43960685893352
3272,140.0,92.43960685893352
15985,68.0,92.43960685893352
18385,96.0,92.43960685893352
1768,127.0,92.43960685893352
2977,59.0,92.43960685893352
5127,121.0,92.43960685893352
22869,98.0,92.43960685893352
10152,104.0,92.43960685893352
21869,102.0,98.76623279473422
4098,53.0,92.43960685893352
13519,65.0,92.43960685893352
9039,71.0,92.43960685893352
9357,114.0,92.43960685893352
11224,111.0,94.73091449117989
16190,113.0,95.5078674147091
14105,94.0,89.85682247913036
17414,88.0,92.43960685893352
1217,71.0,92.43960685893352
6986,95.0,92.43960685893352
5192,77.0,92.43960685893352
21347,139.0,92.43960685893352
19307,97.0,92.43960685893352
22466,81.0,92.43960685893352
19954,129.0,85.65530832673394
8249,127.0,92.43960685893352
3817,118.0,92.43960685893352
16196,68.0,85.43773410065073
14239,91.0,85.6599285363629
4586,80.0,92.43960685893352
2149,38.0,92.43960685893352
459,86.0,92.43960685893352
18094,124.0,92.43960685893352
2752,85.0,92.43960685893352
8739,102.0,92.43960685893352
15705,126.0,92.43960685893352
23124,119.0,92.43960685893352
14667,82.0,85.43187681760703
12739,103.0,92.43960685893352
8997,97.0,92.43960685893352
4125,30.0,92.43960685893352
23331,76.0,92.43960685893352
23740,84.0,92.43960685893352
5564,70.0,92.43960685893352
5654,141.0,92.43960685893352
23076,82.0,92.43960685893352
885,94.0,92.43960685893352
8476,50.0,92.43960685893352
6684,110.0,92.43960685893352
1681,85.0,92.43960685893352
17586,143.0,92.43960685893352
2101,82.0,92.43960685893352
5699,100.0,92.43960685893352
7746,72.0,92.43960685893352
20890,98.0,92.43960685893352
5034,78.0,92.43960685893352
1781,91.0,101.92563290615915
23117,113.0,92.43960685893352
14759,116.0,92.43960685893352
19621,46.0,92.43960685893352
11758,70.0,92.43960685893352
5059,69.0,95.5103026615089
6581,94.0,92.43960685893352
871,102.0,92.43960685893352
12570,96.0,92.43960685893352
2778,94.0,92.43960685893352
21986,114.0,92.43960685893352
4900,51.0,92.43960685893352
9417,97.0,92.43960685893352
19623,46.0,92.43960685893352
22164,79.0,95.19277097781016
12627,80.0,92.43960685893352
12015,105.0,92.43960685893352
18199,99.0,92.43960685893352
2039,149.0,92.43960685893352
19364,121.0,92.43960685893352
2541,126.0,92.43960685893352
11744,42.0,92.43960685893352
4682,99.0,92.43960685893352
2111,114.0,92.43960685893352
20899,77.0,92.43960685893352
20785,126.0,92.43960685893352
20725,27.0,92.43960685893352
22992,121.0,92.43960685893352
3183,94.0,92.43960685893352
12967,105.0,92.43960685893352
22583,127.0,92.43960685893352
12916,95.0,92.43960685893352
5615,111.0,92.43960685893352
23461,119.0,92.43960685893352
6688,52.0,92.43960685893352
11225,138.0,92.43960685893352
15596,46.0,92.43960685893352
3232,102.0,87.32672848022877
8839,98.0,92.43960685893352
5394,126.0,92.43960685893352
21142,114.0,92.43960685893352
115,75.0,92.43960685893352
22365,85.0,102.98354051279344
1327,96.0,92.43960685893352
22876,78.0,92.43960685893352
20144,94.0,92.43960685893352
4059,72.0,92.43960685893352
14417,94.0,92.43960685893352
5344,97.0,92.43960685893352
8917,97.0,92.43960685893352
5720,117.0,92.43960685893352
4222,128.0,92.43960685893352
4769,128.0,92.43960685893352
12565,97.0,92.43960685893352
6712,63.0,92.43960685893352
19416,78.0,95.96693747699955
20667,153.0,92.43960685893352
22327,19.0,92.43960685893352
22401,104.0,92.43960685893352
10846,99.0,92.43960685893352
23479,127.0,92.43960685893352
4908,56.0,92.43960685893352
15876,97.0,92.43960685893352
18801,122.0,92.43960685893352
4598,92.0,92.43960685893352
18541,120.0,92.43960685893352
16352,86.0,92.43960685893352
22044,80.0,92.43960685893352
23000,74.0,92.43960685893352
10853,95.0,98.41180985898039
12995,73.0,92.43960685893352
15161,129.0,92.43960685893352
3572,83.0,92.43960685893352
18860,102.0,81.45931239343714
13839,73.0,92.43960685893352
16297,109.0,92.43960685893352
8193,85.0,101.70564907752194
22984,108.0,92.43960685893352
23393,89.0,92.43960685893352
3513,125.0,92.43960685893352
18830,16.0,92.43960685893352
18407,82.0,92.43960685893352
2496,80.0,92.43960685893352
2042,134.0,92.43960685893352
23173,88.0,92.43960685893352
10941,101.0,92.43960685893352
2390,51.0,92.43960685893352
222,83.0,93.4394695011202
9069,72.0,92.43960685893352
279,56.0,92.43960685893352
15617,46.0,92.43960685893352
