,y_test,prediction
981,25.0,36.84305749492654
3581,44.0,32.414573901592746
2552,34.0,34.90293304397305
1294,33.0,34.0801211274347
1744,37.0,38.32086588860767
188,41.0,41.65518182990557
3268,37.0,35.26886318963932
1191,38.0,33.42876337553952
3783,43.0,41.40083576211504
1447,43.0,34.68734003152377
3345,32.0,34.932002510128584
95,36.0,33.37882354712235
2456,37.0,32.01995870154653
2186,31.0,33.03068676068472
111,33.0,33.11378897782619
2690,39.0,41.64523754434978
3614,36.0,35.30901032123036
1251,37.0,37.63276824204181
2858,29.0,33.60509712623596
3015,42.0,39.51219055177265
1513,25.0,33.52623732282794
377,39.0,36.85072493910391
1201,32.0,31.553816725349908
2894,28.0,32.83435673282274
2419,41.0,35.02358867501244
200,45.0,39.35115983309286
3192,34.0,36.46610743006892
2016,40.0,36.60058753147075
329,41.0,37.10117562971773
328,38.0,38.23098106178189
1721,37.0,34.61595382392413
153,40.0,35.58131515268819
2924,37.0,35.55917803707249
785,36.0,35.67340901042384
2744,34.0,32.57913484380954
1480,37.0,35.93881977449408
2179,37.0,39.02407799732973
2408,40.0,37.28049682615308
3579,33.0,33.98462752747724
1722,37.0,41.92457537802932
3073,42.0,37.72491242236275
415,34.0,35.17983121686185
884,32.0,39.505450084011066
3557,36.0,33.66381479002143
2841,37.0,34.59873532180614
2030,28.0,29.126637914663284
297,40.0,34.28324709635616
454,31.0,31.571155483640062
3247,40.0,36.76272874894829
32,32.0,32.59578645430476
1342,35.0,33.7447441222621
1879,27.0,30.07603277965491
122,31.0,34.66971864921466
3407,29.0,33.90217276976571
183,36.0,37.218019674722825
1394,28.0,32.98209895968965
4122,34.0,32.81712031950422
3525,27.0,29.473138699474763
1470,32.0,34.336550039295794
4040,46.0,36.72811254239912
2625,30.0,36.699699766811335
1911,34.0,33.76878159977984
1581,42.0,34.50835149650029
846,34.0,31.188279230485474
14,41.0,35.898590328810656
1786,34.0,37.1073350145472
2022,27.0,29.713020515255362
458,37.0,39.27275236546936
2830,29.0,36.37068029800622
2884,48.0,35.79034491538452
3033,37.0,31.525931775730122
2193,44.0,34.4997075468349
550,40.0,37.415270338585195
1323,52.0,39.3615423036015
1234,33.0,34.16822907573308
2484,27.0,31.62674131942915
421,32.0,31.732738188640845
2958,36.0,34.16203671956672
3330,43.0,37.70801460668369
3203,39.0,34.54014746504228
244,34.0,36.945979376121244
479,35.0,36.59003414714023
3513,39.0,34.16183600499632
17,37.0,32.633892769932984
260,31.0,34.92876421022064
224,33.0,34.01509325977875
1641,33.0,30.866223683038424
424,35.0,38.97186455675822
560,20.0,30.094923650368358
1600,30.0,32.48005344067902
233,30.0,33.214494638491146
3206,46.0,39.32767878034786
1090,42.0,38.75230478808106
2639,32.0,31.082769644302086
2286,30.0,32.552749260618036
3742,28.0,31.790350618256884
2717,30.0,35.56696248046926
3452,39.0,37.53759329042333
332,32.0,31.140221180830594
2788,38.0,35.77738884414314
3823,37.0,37.82182410225943
2576,26.0,29.97536623700443
2228,47.0,40.223462020141355
447,38.0,35.455928752899034
825,37.0,36.510045358086046
2035,27.0,33.42027436774434
2987,36.0,32.24855006515901
2663,32.0,34.67044024795909
3337,40.0,41.79224526314501
1950,28.0,29.61596183289284
3198,39.0,34.72926689530776
3307,28.0,30.555609475371877
52,36.0,39.62157657181841
2813,32.0,37.84719283885673
481,31.0,28.426984469818294
775,36.0,35.246174211590926
1630,30.0,33.57757544269698
3332,37.0,36.59248919574117
1276,36.0,36.01050250565751
3209,42.0,39.47540866495375
1724,38.0,36.48262388865168
1890,28.0,34.294873927530844
2722,44.0,36.31875228659767
4124,35.0,35.474500774561626
852,39.0,35.65089651525069
2145,41.0,38.03083073507686
4077,35.0,31.711904633433335
2058,28.0,35.87406326147501
2070,31.0,33.38656345184397
2413,37.0,34.636193239828216
567,27.0,34.9485930971739
1998,29.0,38.37058171342524
1184,36.0,33.53753500928997
53,36.0,37.60707891845734
1257,24.0,31.65196128758979
26,35.0,32.843788453594065
2138,43.0,34.9536389857723
855,27.0,33.783868366652314
1709,34.0,43.1233193556148
801,27.0,29.724834181798627
856,32.0,30.184121296765028
2630,35.0,33.800662733626694
3185,36.0,38.82060566331462
1902,31.0,33.017973750524206
1822,34.0,30.30690368989732
2650,29.0,32.06691003538056
858,30.0,35.84691966287146
1418,31.0,38.99968105924647
2334,40.0,39.34435420753543
2131,45.0,41.01519944683575
3246,28.0,32.598376785724994
3657,40.0,36.939891808185436
2733,39.0,36.26449601305431
4114,21.0,30.662529980456647
2490,23.0,31.49414691175426
3446,29.0,33.110552200337864
2760,33.0,38.50471050347343
1287,34.0,33.5319250334892
3127,37.0,35.183745249738706
2402,47.0,39.09123225716962
2962,39.0,39.01798130808018
3930,35.0,36.81204402943243
2136,40.0,38.23477761536265
3228,39.0,36.71121609752313
2312,37.0,36.12168157224273
4102,35.0,39.77868326777096
3254,26.0,35.771555259894114
33,28.0,33.80127712062672
2141,28.0,37.35445837199215
755,30.0,33.0327330263157
316,44.0,37.29925318163345
3645,32.0,35.46946077191668
406,30.0,29.904061886799752
3413,31.0,30.66323359141567
2114,26.0,29.62991463303203
1731,39.0,39.18470759595618
3741,27.0,31.487727773691322
1631,34.0,35.55452300240717
1638,42.0,43.365107165727125
267,34.0,33.908873828553745
2654,36.0,35.48892893832355
3061,37.0,33.96668328696967
3195,31.0,33.85196517672753
3715,38.0,31.386584404980162
1564,50.0,38.55038459091943
584,35.0,38.449010042584106
215,25.0,35.081168502787875
2414,41.0,35.43391108692653
926,43.0,35.79738695532141
71,30.0,36.82958909668848
570,38.0,34.77328615158827
2347,43.0,35.166723308282315
1961,40.0,34.64520950994623
1268,37.0,34.36837757572525
3802,34.0,36.32071861776644
1764,35.0,36.602105934759
957,31.0,34.59401690176901
2775,35.0,35.65597905618179
3468,36.0,32.59581905355171
1041,28.0,32.52711708838663
1143,38.0,32.556008849914264
2001,24.0,36.67693853025659
3617,35.0,37.23964814745399
4103,27.0,31.95164234900105
369,36.0,39.44114346836439
429,32.0,37.21811680693592
365,27.0,33.87497494374034
617,34.0,30.342166437387657
3352,30.0,31.92659057895462
3869,34.0,33.7912178964098
3928,32.0,34.77984595139918
1188,26.0,31.441843884392558
174,34.0,36.06287670042934
304,38.0,40.71488066388502
2166,40.0,37.91838241195016
1137,45.0,42.12863398831978
3587,36.0,36.258972706209974
2029,32.0,31.454264112417697
3215,40.0,35.00184653041529
192,29.0,28.382494643468576
2066,34.0,37.030606244697424
12,40.0,37.444245140904144
3931,38.0,39.18452535404028
3690,33.0,35.184382227983136
728,34.0,39.1951239457845
1160,44.0,36.20953834226012
399,29.0,34.57790195056289
2133,40.0,38.04434754335465
1559,24.0,29.643401539867032
3883,24.0,33.18425687282358
1566,36.0,35.54870944959523
1019,34.0,35.019174099490584
494,32.0,32.193610387200096
1997,34.0,34.4903574780446
2578,25.0,36.56965907875636
3515,32.0,33.27856674516123
1830,27.0,34.669885988855995
3003,37.0,37.25553231918644
2935,43.0,39.6296827032532
971,42.0,36.732631418040484
2447,38.0,36.62260858908688
136,33.0,31.984255008264608
2952,34.0,34.4384349944804
3295,37.0,38.94633210509316
929,31.0,31.985860809129054
428,37.0,31.460725944559986
3282,33.0,35.950766880403734
2322,36.0,32.77855526751671
2702,39.0,36.36751358265916
3636,35.0,35.173560865796475
3622,44.0,38.513665797994506
2833,31.0,33.01922824091551
3816,29.0,32.32833419704759
2155,36.0,33.21888290006471
2271,28.0,27.53505606984095
1649,43.0,39.06080688802652
2811,29.0,38.94611551441031
612,34.0,32.6617786830948
2356,25.0,29.743999271800014
362,38.0,36.8827754509247
735,37.0,35.874114926572744
949,37.0,33.531698428557945
827,24.0,27.941954323226025
2976,33.0,33.7825206441465
274,28.0,31.036635104902867
1225,35.0,36.98668959805974
2662,31.0,30.83254190316637
2890,44.0,31.27535096596578
3062,45.0,39.202798397289854
3628,35.0,33.85154546876532
936,40.0,37.97774029097316
1468,44.0,35.28456674058541
517,39.0,37.45831998753862
3575,39.0,35.563665005908106
187,32.0,32.46570205225143
1153,39.0,40.15168330262043
977,26.0,36.374036013714495
1232,33.0,31.90445471507305
1367,42.0,33.64660271457209
142,37.0,41.292491300918044
966,31.0,32.47006197419806
2827,38.0,36.81729461703843
3542,34.0,38.24538978996367
2252,35.0,38.21517552531227
3303,32.0,33.499764566325965
869,37.0,35.15904122796111
477,32.0,36.860616428742816
3297,41.0,37.889670986201466
1301,37.0,35.37925471817536
147,40.0,33.66513985689163
3540,40.0,38.20312708412321
3399,31.0,33.88358040362965
3751,37.0,34.62559220285877
3984,33.0,38.771122498138034
379,36.0,38.61535889362705
1652,32.0,34.872206003472456
3903,33.0,32.83054504227308
3129,42.0,32.94139114677616
3271,24.0,30.809572836025055
777,28.0,30.915973331027306
255,35.0,34.01672497095882
2492,25.0,35.31800906220808
3394,40.0,36.01704047738222
322,27.0,36.78157916102006
2125,34.0,38.80966688830131
3324,40.0,36.313939350871365
283,25.0,34.292718097038176
1375,30.0,31.354181845136555
2906,34.0,32.18155011860358
305,30.0,30.498185003042977
3792,33.0,35.931893810103084
1427,37.0,33.34959433673964
2774,30.0,35.20108718735651
1219,36.0,34.60554204802683
3179,29.0,32.86376963128764
2085,37.0,31.37284444961023
639,32.0,34.76566670038471
2582,40.0,37.4676457090147
2182,36.0,33.29996627314057
3116,37.0,31.752378888405023
3131,34.0,38.056427397793215
1208,25.0,36.138711820514615
3202,32.0,30.19093175307834
2623,38.0,37.819453334588644
1388,33.0,31.16044671200052
59,30.0,35.112086554630515
77,29.0,32.54612717875817
2329,29.0,35.82079356784923
1017,34.0,38.16361633114701
2201,30.0,35.843106395421934
3298,42.0,38.50100494194504
1877,32.0,34.366034216439715
554,37.0,36.20317761633004
2575,41.0,38.21813583315374
1242,40.0,36.724711071316506
2387,33.0,35.22183621849248
3106,28.0,29.546928535535038
1149,35.0,33.44587788293627
934,31.0,34.150603360503396
1990,30.0,37.33034334402451
2457,40.0,31.28063721437435
126,36.0,34.50108550992068
321,40.0,36.65803030602263
3884,47.0,39.696447289550804
312,36.0,35.69574536144799
453,35.0,34.4028414019304
1623,37.0,36.59426915227486
2734,39.0,36.63304470909115
2840,39.0,37.799421165578636
2169,41.0,40.07018361239047
3348,38.0,37.94592021483849
3188,38.0,37.60086488047769
3643,44.0,34.55451949085664
1824,30.0,32.342559577930984
838,26.0,29.458303527037636
2491,43.0,42.87129568149011
30,34.0,31.569366835531824
2013,33.0,32.48063022902561
207,39.0,38.19603644347626
1531,38.0,34.78501744713332
3737,34.0,32.613597928038956
1384,31.0,33.81962860282484
64,42.0,37.74907926639435
3684,42.0,35.17855267401819
2086,35.0,31.575823218296275
1840,39.0,34.23604158810749
895,37.0,33.21457587824605
160,39.0,37.22807697853918
2803,36.0,37.297968893890115
2202,37.0,32.576315945278154
676,27.0,31.884279511177528
196,38.0,37.992033370713585
2881,39.0,35.69109624534189
3055,41.0,37.503631404047795
2439,32.0,33.17066331841238
3180,37.0,38.041406509781524
3944,40.0,36.479174069116254
295,30.0,34.334746766515615
170,26.0,36.29310380367236
3724,31.0,37.258260232920776
842,39.0,31.923858622725966
2544,31.0,33.00046892619186
2480,20.0,31.83804028979028
3069,41.0,38.500034346330864
689,38.0,36.21609955838361
2928,32.0,31.55894957301684
1202,38.0,33.38182557295632
2505,36.0,31.531148994462875
465,37.0,34.693031425609085
2010,36.0,38.39340324158988
3077,38.0,36.72209525557017
3886,27.0,30.114652679939084
198,21.0,29.972352211084907
1568,33.0,31.30549759058349
660,39.0,35.967654862847596
945,28.0,30.479313928511893
3920,34.0,31.72007000234365
29,31.0,37.356436489747665
3600,32.0,35.886110954034166
3857,33.0,35.21456392222255
623,45.0,38.241542364278175
3686,29.0,31.6546466472192
1454,37.0,35.644670787606415
3070,43.0,37.01098816651553
1627,31.0,34.37219283228248
1495,38.0,34.454620008342154
1595,34.0,36.744372452091525
3168,39.0,36.312415624598955
2872,38.0,32.757802864355234
1263,40.0,33.52498707406903
2844,31.0,36.3656757303921
1767,33.0,35.98476248298422
1683,28.0,29.57487199453795
3463,38.0,33.61192028833433
502,35.0,36.13794932738965
2940,40.0,36.24281932022244
3946,38.0,35.6115626387036
3370,34.0,32.929573094297936
1593,35.0,36.374437210761144
506,31.0,33.03130105129841
81,36.0,32.87581319608569
1757,23.0,29.443249120291608
301,38.0,41.005417867027944
3620,46.0,44.88616457837601
4121,37.0,35.35062969440068
2360,22.0,30.91142110335343
2195,44.0,38.8559496790972
1103,37.0,36.62832429769413
2974,31.0,29.797078774889034
1754,34.0,33.272059097996674
3340,42.0,40.73303446948475
473,31.0,32.53832747025713
2471,30.0,28.87059868866859
1789,30.0,33.014468951790846
3480,28.0,31.744372610611695
1852,33.0,31.51566358128298
590,36.0,32.7462713446244
3853,36.0,34.33161970415131
3122,36.0,32.509110752505876
3526,30.0,35.99900761458434
3418,40.0,40.2995733952833
1449,35.0,31.01483889188393
4118,38.0,37.19200624361571
3157,41.0,35.12640338930356
2711,38.0,35.678471802977796
3488,45.0,39.35914338466826
2302,41.0,37.40541379805789
814,40.0,34.13358492962887
261,30.0,36.300840219980884
999,33.0,33.118119510454164
527,37.0,32.93701508103469
1560,36.0,31.987317928615965
1496,39.0,33.99654752086937
2994,42.0,36.25042285526547
511,38.0,38.04561488531829
3104,36.0,33.943859730835754
3566,36.0,34.909769698075
3718,41.0,36.57857780492152
543,34.0,33.44617413788103
425,24.0,28.226415673752904
242,36.0,33.87482082412042
2777,37.0,36.385785713637645
3678,37.0,39.21632631654583
2776,31.0,30.83956288671034
2829,30.0,33.31423635450528
1909,37.0,30.977099909696506
711,29.0,32.34112022767644
2707,30.0,32.73860464514335
2529,31.0,30.063996814633967
3167,33.0,29.26563739216312
2449,29.0,36.87475370794665
178,30.0,29.327263669140866
2556,34.0,34.194174746730454
218,33.0,33.369686552853814
3810,27.0,39.149165329137254
161,37.0,35.71481666122516
581,30.0,34.14120701890027
3593,35.0,34.38736871916605
1745,33.0,34.03760696137407
156,40.0,38.15318659854513
2092,38.0,32.75946033721989
1528,35.0,35.09098165970431
3979,33.0,33.12655140609371
701,39.0,34.646685958114546
104,39.0,37.757442537503266
2620,34.0,32.63269846560379
2245,38.0,38.968717917864154
1464,28.0,30.30529761022269
243,42.0,37.39503069956383
1614,38.0,37.389995989714585
1155,40.0,37.82202597896115
744,25.0,31.667771353463014
1443,27.0,30.90107414475133
1497,20.0,34.000127764421975
1677,38.0,37.8847496651117
2971,19.0,28.209177522950206
3487,38.0,36.1105351365748
1199,37.0,38.02934170692543
2585,31.0,33.46171637819961
2912,41.0,39.250660327944324
44,45.0,34.92405547104076
45,28.0,32.5627402272754
2359,41.0,34.41992646654819
342,38.0,32.98457971332549
2965,30.0,32.34129612615614
2642,39.0,33.91748732962695
2397,30.0,31.33438403180353
270,30.0,31.56214578567496
1331,37.0,36.7491830952802
1479,32.0,29.97890048328623
1236,32.0,34.63949505993047
1915,39.0,34.81750662301994
3074,40.0,35.569718379154025
849,39.0,34.16084765623429
3006,28.0,35.000521532119166
1781,36.0,35.56839339252196
2354,34.0,33.62482512845071
3478,38.0,37.26480266596535
1485,31.0,35.14341173866151
2034,33.0,34.948225223299296
1198,35.0,32.830661500574585
2686,32.0,33.59438471837573
1405,33.0,31.899748343394556
2843,34.0,30.820144191696308
2176,36.0,34.002797176661105
3861,28.0,32.10643353906211
765,30.0,33.077745653768176
2548,35.0,33.80053886847835
2050,32.0,31.08709406281718
3962,38.0,36.839294389743735
3428,37.0,33.33364279339422
2178,46.0,40.78222963339481
3965,37.0,34.31509860899513
3862,29.0,27.667212165761047
1491,35.0,36.110129847969375
3586,36.0,42.28650382269771
832,41.0,38.2296545450468
2126,34.0,39.661327973460644
3450,31.0,33.76566359699413
1486,36.0,29.75609416334976
356,26.0,31.19811925384479
2697,39.0,36.38935529852418
2156,38.0,35.24728506162974
3556,33.0,33.06400292903648
4027,34.0,33.20585527383393
1637,38.0,35.053602966167375
1713,27.0,32.27883537463518
1804,40.0,35.21249512415467
2903,30.0,36.435653110565426
1169,39.0,35.31249912787446
182,34.0,34.022759607930766
2461,38.0,37.597220570390945
1508,39.0,35.28180187775029
713,28.0,32.05956010160472
1291,47.0,39.742908086847336
1680,30.0,31.53849529059348
3764,24.0,30.44075661918536
2647,34.0,32.202401018154276
1487,45.0,45.05168363788786
177,32.0,33.25131402072313
3156,32.0,33.14266705349854
341,32.0,32.44574083357287
1639,40.0,36.854789890013976
445,42.0,35.265733162175295
3696,29.0,32.43454417966879
1926,45.0,34.12815193793478
2558,39.0,32.08774337089102
1620,32.0,32.46735581773278
495,35.0,33.400397426518815
1432,38.0,30.714263951375138
1148,42.0,35.884171914895035
1975,27.0,34.1800586051283
1245,39.0,35.572228537933825
674,30.0,39.092725114512916
3524,30.0,37.198506825082504
3436,27.0,33.93076657920265
331,29.0,30.722493624140217
484,42.0,36.49790776725836
578,33.0,33.951527831839016
2649,27.0,30.355491283770476
1894,31.0,28.485909219822982
3584,40.0,38.651760093683905
1366,40.0,36.48326883974282
3991,30.0,35.19458139107425
62,42.0,41.9362245838181
3372,32.0,36.00952401996189
748,31.0,32.860576822168184
258,36.0,37.86243131970181
2762,29.0,32.507543949683985
868,28.0,35.54462480123662
3836,38.0,38.400426812923584
695,29.0,34.17293507381684
225,27.0,32.56191851920583
2784,17.0,27.045428276008444
1730,36.0,37.04966745086497
90,35.0,31.65972273860072
1317,40.0,38.25275262981273
3945,36.0,37.27546404355118
1151,28.0,30.77247740726382
2975,29.0,30.160685753916216
1353,34.0,31.8550006432429
451,39.0,38.65254091652443
3521,37.0,34.79321116034991
3672,35.0,35.75248732805453
1233,32.0,30.634289215089517
2930,34.0,32.95795154533639
1456,37.0,37.51811818261682
2839,39.0,35.942581792012575
894,32.0,32.29929436906278
2515,38.0,36.722766291423724
288,37.0,36.23813706418787
278,37.0,41.42073059158827
1062,36.0,34.36401039712301
2424,37.0,33.018471131585315
1534,28.0,33.64364893451637
1976,44.0,39.38510417707196
3443,35.0,34.30172992865806
437,34.0,37.283721546340345
3100,40.0,34.33116431997988
4101,35.0,35.125332952775416
522,38.0,33.82355906629188
1129,38.0,37.23107323728283
1304,35.0,35.09149466804348
2212,37.0,34.88269636476234
2158,41.0,45.72927160599161
2566,34.0,38.081751875454025
565,29.0,29.961280091537045
574,39.0,38.61834144623014
2493,46.0,38.46718798703415
620,35.0,33.21400499581548
457,36.0,32.48317955229524
1697,39.0,41.768048940289354
222,28.0,30.105800865642628
3688,35.0,32.26027579151146
3408,41.0,38.731168671363406
1817,29.0,28.830836239367006
3893,25.0,31.043559629224987
3333,33.0,29.355378387014785
3467,34.0,36.22811508395016
1710,30.0,29.706953898713095
1682,33.0,30.26502400812357
3159,38.0,39.28800232948132
1727,25.0,32.30930091716977
921,37.0,30.374216184057452
723,36.0,36.25385311159822
3363,30.0,31.20419749932844
2992,37.0,35.31220945978959
1473,40.0,32.63459019743732
3704,33.0,35.105197955028686
3092,32.0,31.6328915324715
595,40.0,36.842046084703284
2543,40.0,33.93716055209811
3828,37.0,37.55345483954001
0,31.0,37.959709541570334
1089,29.0,33.79600904995297
3927,35.0,31.19362507635196
3626,37.0,34.99561583475791
1094,44.0,35.13213578802956
3291,44.0,36.61301264299179
251,38.0,36.36699045149766
2536,34.0,33.92558601697142
1591,32.0,37.06820811850298
2454,34.0,36.17971553664266
1653,38.0,38.79001504263249
668,39.0,38.438836964744766
1875,28.0,33.41249745987014
2098,37.0,36.98901629824722
1558,39.0,37.23760945668518
179,37.0,35.000579830337266
282,35.0,39.81153399200157
1429,35.0,30.03470202930255
2778,39.0,32.14714738423542
3382,32.0,34.62067635633737
795,33.0,32.478416578062266
2598,35.0,31.83986315717115
1341,37.0,42.063180654726665
2328,38.0,39.13796060193317
430,30.0,34.944717268899396
1264,38.0,34.78480106189336
221,35.0,34.39250795689851
3101,37.0,35.57844008397936
2370,37.0,33.4497323459061
3325,35.0,36.50165822793707
3702,27.0,32.830187124188505
2632,37.0,34.35462611351967
2918,32.0,35.86638210881112
1401,34.0,31.433027649684423
2893,36.0,33.11108371203386
464,41.0,37.91031118733463
1801,35.0,31.717726582031354
387,39.0,40.74889933511116
3456,35.0,32.2012882528101
3943,32.0,28.06497615395369
2773,35.0,35.51300609731
448,40.0,37.73514097121077
762,29.0,34.3719989801839
382,27.0,36.73418338230226
3366,39.0,40.06324115119534
2459,40.0,38.14700738970899
788,37.0,30.500504429081538
1217,36.0,38.11672396023971
662,38.0,33.11708108666143
1505,40.0,33.713553871509404
4132,36.0,33.81823424439821
2465,40.0,42.973057470942614
1562,39.0,36.538677039887524
3922,39.0,33.364559652555215
2258,28.0,32.62835454440068
3663,26.0,28.145162938756183
250,38.0,35.4107647223799
847,33.0,34.35389932788174
521,33.0,34.4157300042356
1732,34.0,33.03218280765092
2595,40.0,33.42158210925436
3144,33.0,33.933360175900546
4057,27.0,33.902979837099025
1144,38.0,36.35654846949555
3078,38.0,34.546959997785535
3087,31.0,35.84535665915619
2946,43.0,33.82106388489484
3342,31.0,33.09413372846909
2478,39.0,38.479892283440066
3084,32.0,34.93461888911156
3826,29.0,26.753990358497777
559,44.0,37.40714592440651
2870,32.0,33.526132161908194
3492,35.0,45.8123705728097
2597,34.0,30.278305281979012
947,37.0,31.115757467223755
4061,29.0,31.385291987470236
630,35.0,35.51920722286863
1281,35.0,34.224614953481705
1196,38.0,44.11087626641148
3498,32.0,31.613434466634633
501,39.0,37.690109258150585
2384,32.0,36.40308335231543
3601,36.0,37.05964756191109
1212,37.0,40.15141107849779
262,34.0,33.61971667489633
2341,35.0,30.855361118437063
1369,40.0,35.25251624504025
2644,38.0,33.84995177494798
3754,29.0,29.24115677702334
2957,32.0,34.854794065505345
