,y_test,prediction
981,25.0,35.63
3581,44.0,34.86
2552,34.0,34.81
1294,33.0,34.16
1744,37.0,38.67
188,41.0,41.59
3268,37.0,35.35
1191,38.0,32.65
3783,43.0,40.54
1447,43.0,34.52
3345,32.0,35.66
95,36.0,34.45
2456,37.0,32.19
2186,31.0,33.77
111,33.0,33.59
2690,39.0,37.06
3614,36.0,35.03
1251,37.0,38.52
2858,29.0,33.77
3015,42.0,41.49
1513,25.0,31.38
377,39.0,35.62
1201,32.0,29.86
2894,28.0,31.43
2419,41.0,35.56
200,45.0,38.96
3192,34.0,38.11
2016,40.0,37.53
329,41.0,35.71
328,38.0,39.1
1721,37.0,35.84
153,40.0,35.1
2924,37.0,35.77
785,36.0,33.46
2744,34.0,32.45
1480,37.0,34.67
2179,37.0,39.19
2408,40.0,37.19
3579,33.0,35.13
1722,37.0,39.6
3073,42.0,37.18
415,34.0,35.52
884,32.0,39.17
3557,36.0,35.27
2841,37.0,34.97
2030,28.0,28.15
297,40.0,35.44
454,31.0,31.84
3247,40.0,36.6
32,32.0,30.98
1342,35.0,35.41
1879,27.0,29.92
122,31.0,34.79
3407,29.0,33.56
183,36.0,38.7
1394,28.0,31.57
4122,34.0,33.87
3525,27.0,27.61
1470,32.0,34.76
4040,46.0,36.51
2625,30.0,38.09
1911,34.0,35.3
1581,42.0,36.38
846,34.0,30.46
14,41.0,40.435
1786,34.0,37.69
2022,27.0,28.79
458,37.0,41.96
2830,29.0,35.29
2884,48.0,39.55
3033,37.0,32.0
2193,44.0,35.04
550,40.0,37.7
1323,52.0,38.79
1234,33.0,36.56
2484,27.0,31.56
421,32.0,30.48
2958,36.0,34.92
3330,43.0,39.25
3203,39.0,32.17
244,34.0,39.38
479,35.0,37.35
3513,39.0,31.25
17,37.0,30.78
260,31.0,34.78
224,33.0,35.44
1641,33.0,28.54
424,35.0,39.09
560,20.0,31.46
1600,30.0,31.57
233,30.0,31.91
3206,46.0,40.52
1090,42.0,42.5
2639,32.0,30.39
2286,30.0,32.2
3742,28.0,34.17
2717,30.0,37.05
3452,39.0,38.68
332,32.0,30.82
2788,38.0,35.84
3823,37.0,37.83
2576,26.0,29.74
2228,47.0,40.41
447,38.0,34.17
825,37.0,36.64
2035,27.0,32.775
2987,36.0,31.26
2663,32.0,34.69
3337,40.0,40.57
1950,28.0,26.92
3198,39.0,35.24
3307,28.0,29.79
52,36.0,40.24
2813,32.0,35.76
481,31.0,28.49
775,36.0,36.86
1630,30.0,34.86
3332,37.0,36.65
1276,36.0,36.44
3209,42.0,40.52
1724,38.0,39.335
1890,28.0,32.8
2722,44.0,39.0
4124,35.0,34.16
852,39.0,36.36
2145,41.0,39.98
4077,35.0,29.92
2058,28.0,35.23
2070,31.0,33.16
2413,37.0,34.18
567,27.0,35.46
1998,29.0,40.18
1184,36.0,36.66
53,36.0,37.72
1257,24.0,31.19
26,35.0,31.05
2138,43.0,33.93
855,27.0,30.3
1709,34.0,39.82
801,27.0,26.93
856,32.0,29.68
2630,35.0,35.04
3185,36.0,38.16
1902,31.0,35.51
1822,34.0,29.76
2650,29.0,31.28
858,30.0,37.79
1418,31.0,39.33
2334,40.0,42.62
2131,45.0,41.16
3246,28.0,34.39
3657,40.0,37.64
2733,39.0,36.55
4114,21.0,29.81
2490,23.0,30.55
3446,29.0,32.42
2760,33.0,37.83
1287,34.0,35.77
3127,37.0,38.19
2402,47.0,38.53
2962,39.0,38.75
3930,35.0,38.4
2136,40.0,39.14
3228,39.0,40.66
2312,37.0,35.92
4102,35.0,38.2
3254,26.0,33.66
33,28.0,35.71
2141,28.0,38.84
755,30.0,33.05
316,44.0,37.44
3645,32.0,34.24
406,30.0,29.13
3413,31.0,31.86
2114,26.0,26.46
1731,39.0,40.11
3741,27.0,30.5
1631,34.0,34.69
1638,42.0,38.71
267,34.0,34.63
2654,36.0,36.05
3061,37.0,34.51
3195,31.0,34.86
3715,38.0,31.23
1564,50.0,39.68
584,35.0,38.57
215,25.0,34.54
2414,41.0,36.45
926,43.0,36.4
71,30.0,35.78
570,38.0,35.0
2347,43.0,36.85
1961,40.0,35.93
1268,37.0,36.25
3802,34.0,36.67
1764,35.0,36.05
957,31.0,33.75
2775,35.0,36.11
3468,36.0,31.58
1041,28.0,32.22
1143,38.0,31.42
2001,24.0,39.02
3617,35.0,39.09
4103,27.0,33.78
369,36.0,37.89
429,32.0,37.64
365,27.0,33.19
617,34.0,30.04
3352,30.0,30.75
3869,34.0,33.74
3928,32.0,35.21
1188,26.0,30.03
174,34.0,35.81
304,38.0,41.07
2166,40.0,38.91
1137,45.0,40.68
3587,36.0,36.61
2029,32.0,31.09
3215,40.0,35.43
192,29.0,26.77
2066,34.0,35.29
12,40.0,36.62
3931,38.0,38.91
3690,33.0,35.54
728,34.0,38.09
1160,44.0,35.51
399,29.0,34.66
2133,40.0,37.45
1559,24.0,27.93
3883,24.0,32.76
1566,36.0,35.29
1019,34.0,35.38
494,32.0,32.28
1997,34.0,36.095
2578,25.0,38.55
3515,32.0,33.76
1830,27.0,35.99
3003,37.0,38.44
2935,43.0,40.61
971,42.0,38.07
2447,38.0,34.91
136,33.0,30.05
2952,34.0,36.39
3295,37.0,40.27
929,31.0,30.86
428,37.0,32.48
3282,33.0,35.84
2322,36.0,31.24
2702,39.0,38.94
3636,35.0,36.13
3622,44.0,38.97
2833,31.0,33.19
3816,29.0,30.99
2155,36.0,33.32
2271,28.0,27.89
1649,43.0,41.4
2811,29.0,39.27
612,34.0,33.26
2356,25.0,29.33
362,38.0,37.53
735,37.0,36.56
949,37.0,35.18
827,24.0,26.67
2976,33.0,33.15
274,28.0,29.13
1225,35.0,36.18
2662,31.0,30.31
2890,44.0,31.75
3062,45.0,40.03
3628,35.0,36.02
936,40.0,38.1
1468,44.0,35.9
517,39.0,40.03
3575,39.0,36.07
187,32.0,33.3
1153,39.0,40.17
977,26.0,35.04
1232,33.0,30.92
1367,42.0,33.59
142,37.0,40.93
966,31.0,32.1
2827,38.0,36.39
3542,34.0,37.9
2252,35.0,39.46
3303,32.0,33.56
869,37.0,33.85
477,32.0,36.54
3297,41.0,38.11
1301,37.0,33.75
147,40.0,34.21
3540,40.0,37.8
3399,31.0,32.17
3751,37.0,34.6
3984,33.0,37.3
379,36.0,39.52
1652,32.0,35.15
3903,33.0,31.06
3129,42.0,34.77
3271,24.0,29.89
777,28.0,29.09
255,35.0,32.74
2492,25.0,35.9
3394,40.0,35.05
322,27.0,36.195
2125,34.0,37.98
3324,40.0,36.53
283,25.0,34.19
1375,30.0,31.13
2906,34.0,31.28
305,30.0,29.93
3792,33.0,35.62
1427,37.0,34.04
2774,30.0,34.93
1219,36.0,36.16
3179,29.0,33.49
2085,37.0,30.29
639,32.0,38.255
2582,40.0,38.15
2182,36.0,35.5
3116,37.0,30.61
3131,34.0,38.1
1208,25.0,35.13
3202,32.0,28.24
2623,38.0,40.2
1388,33.0,30.55
59,30.0,36.99
77,29.0,33.64
2329,29.0,34.47
1017,34.0,38.62
2201,30.0,35.15
3298,42.0,40.54
1877,32.0,33.93
554,37.0,36.5
2575,41.0,38.66
1242,40.0,36.99
2387,33.0,36.96
3106,28.0,28.67
1149,35.0,34.06
934,31.0,33.93
1990,30.0,39.03
2457,40.0,31.4
126,36.0,37.405
321,40.0,36.85
3884,47.0,40.63
312,36.0,36.99
453,35.0,34.97
1623,37.0,33.53
2734,39.0,36.62
2840,39.0,36.42
2169,41.0,39.3
3348,38.0,37.38
3188,38.0,37.77
3643,44.0,34.65
1824,30.0,31.6
838,26.0,29.36
2491,43.0,38.73
30,34.0,33.38
2013,33.0,34.16
207,39.0,38.29
1531,38.0,37.74
3737,34.0,32.81
1384,31.0,33.73
64,42.0,38.48
3684,42.0,33.55
2086,35.0,29.38
1840,39.0,36.855
895,37.0,32.66
160,39.0,36.65
2803,36.0,38.42
2202,37.0,32.25
676,27.0,32.16
196,38.0,38.32
2881,39.0,33.76
3055,41.0,41.0
2439,32.0,34.94
3180,37.0,40.49
3944,40.0,36.75
295,30.0,35.8
170,26.0,36.09
3724,31.0,39.58
842,39.0,34.14
2544,31.0,32.34
2480,20.0,29.27
3069,41.0,38.91
689,38.0,34.57
2928,32.0,30.22
1202,38.0,34.88
2505,36.0,31.29
465,37.0,33.74
2010,36.0,37.66
3077,38.0,36.87
3886,27.0,28.5
198,21.0,28.65
1568,33.0,30.82
660,39.0,36.12
945,28.0,28.63
3920,34.0,31.0
29,31.0,37.62
3600,32.0,38.15
3857,33.0,34.4
623,45.0,37.02
3686,29.0,32.87
1454,37.0,38.01
3070,43.0,36.05
1627,31.0,33.96
1495,38.0,35.13
1595,34.0,39.0
3168,39.0,37.03
2872,38.0,32.7
1263,40.0,34.9
2844,31.0,35.16
1767,33.0,37.2
1683,28.0,28.68
3463,38.0,32.95
502,35.0,35.23
2940,40.0,36.33
3946,38.0,35.425
3370,34.0,34.0
1593,35.0,36.07
506,31.0,33.04
81,36.0,34.21
1757,23.0,28.81
301,38.0,41.09
3620,46.0,39.5
4121,37.0,34.7
2360,22.0,29.1
2195,44.0,37.19
1103,37.0,36.33
2974,31.0,29.24
1754,34.0,34.08
3340,42.0,40.55
473,31.0,32.39
2471,30.0,28.48
1789,30.0,33.66
3480,28.0,34.27
1852,33.0,31.72
590,36.0,33.28
3853,36.0,34.67
3122,36.0,30.78
3526,30.0,34.76
3418,40.0,40.56
1449,35.0,28.16
4118,38.0,33.65
3157,41.0,36.04
2711,38.0,36.69
3488,45.0,39.88
2302,41.0,37.46
814,40.0,35.0
261,30.0,38.26
999,33.0,34.29
527,37.0,33.52
1560,36.0,30.52
1496,39.0,35.12
2994,42.0,36.23
511,38.0,38.41
3104,36.0,33.66
3566,36.0,36.87
3718,41.0,38.58
543,34.0,33.01
425,24.0,27.05
242,36.0,34.71
2777,37.0,37.06
3678,37.0,37.41
2776,31.0,32.18
2829,30.0,34.02
1909,37.0,30.02
711,29.0,31.05
2707,30.0,31.16
2529,31.0,29.15
3167,33.0,29.04
2449,29.0,38.02
178,30.0,27.91
2556,34.0,34.0
218,33.0,33.71
3810,27.0,40.17
161,37.0,35.42
581,30.0,34.78
3593,35.0,34.29
1745,33.0,36.04
156,40.0,40.14
2092,38.0,32.69
1528,35.0,36.225
3979,33.0,32.35
701,39.0,33.19
104,39.0,40.31
2620,34.0,30.26
2245,38.0,37.46
1464,28.0,28.3
243,42.0,38.67
1614,38.0,37.19
1155,40.0,39.21
744,25.0,32.18
1443,27.0,28.94
1497,20.0,34.98
1677,38.0,36.79
2971,19.0,26.86
3487,38.0,36.15
1199,37.0,36.49
2585,31.0,32.56
2912,41.0,37.54
44,45.0,39.475
45,28.0,35.84
2359,41.0,36.13
342,38.0,34.65
2965,30.0,32.58
2642,39.0,35.23
2397,30.0,30.51
270,30.0,30.88
1331,37.0,36.48
1479,32.0,29.54
1236,32.0,33.59
1915,39.0,36.04
3074,40.0,36.43
849,39.0,35.13
3006,28.0,32.57
1781,36.0,34.5
2354,34.0,34.15
3478,38.0,36.54
1485,31.0,36.24
2034,33.0,35.675
1198,35.0,31.87
2686,32.0,34.07
1405,33.0,31.59
2843,34.0,29.72
2176,36.0,35.26
3861,28.0,32.57
765,30.0,34.26
2548,35.0,33.37
2050,32.0,30.91
3962,38.0,37.04
3428,37.0,34.68
2178,46.0,40.27
3965,37.0,32.45
3862,29.0,27.09
1491,35.0,35.61
3586,36.0,40.82
832,41.0,39.11
2126,34.0,39.38
3450,31.0,35.27
1486,36.0,30.6
356,26.0,29.92
2697,39.0,36.33
2156,38.0,37.63
3556,33.0,33.26
4027,34.0,32.95
1637,38.0,34.83
1713,27.0,30.77
1804,40.0,34.645
2903,30.0,37.26
1169,39.0,34.23
182,34.0,34.44
2461,38.0,37.61
1508,39.0,33.41
713,28.0,31.14
1291,47.0,45.07
1680,30.0,28.54
3764,24.0,30.43
2647,34.0,32.23
1487,45.0,42.39
177,32.0,34.53
3156,32.0,31.78
341,32.0,32.23
1639,40.0,38.26
445,42.0,34.68
3696,29.0,30.76
1926,45.0,35.19
2558,39.0,31.79
1620,32.0,33.08
495,35.0,35.75
1432,38.0,29.83
1148,42.0,35.48
1975,27.0,35.18
1245,39.0,35.4
674,30.0,40.79
3524,30.0,35.81
3436,27.0,35.03
331,29.0,28.66
484,42.0,35.7
578,33.0,36.24
2649,27.0,28.19
1894,31.0,27.98
3584,40.0,36.34
1366,40.0,34.06
3991,30.0,35.3
62,42.0,39.56
3372,32.0,36.24
748,31.0,32.1
258,36.0,37.61
2762,29.0,31.7
868,28.0,35.16
3836,38.0,38.99
695,29.0,34.5
225,27.0,33.32
2784,17.0,27.09
1730,36.0,37.89
90,35.0,31.65
1317,40.0,36.89
3945,36.0,36.47
1151,28.0,31.84
2975,29.0,29.51
1353,34.0,31.05
451,39.0,40.35
3521,37.0,35.25
3672,35.0,35.25
1233,32.0,29.13
2930,34.0,33.2
1456,37.0,36.67
2839,39.0,36.11
894,32.0,31.88
2515,38.0,38.18
288,37.0,37.51
278,37.0,40.5
1062,36.0,35.35
2424,37.0,33.65
1534,28.0,32.14
1976,44.0,39.19
3443,35.0,34.78
437,34.0,37.68
3100,40.0,33.84
4101,35.0,36.235
522,38.0,35.61
1129,38.0,36.94
1304,35.0,34.8
2212,37.0,35.34
2158,41.0,44.53
2566,34.0,38.9
565,29.0,28.4
574,39.0,35.59
2493,46.0,38.28
620,35.0,34.22
457,36.0,32.72
1697,39.0,39.84
222,28.0,29.01
3688,35.0,31.96
3408,41.0,37.83
1817,29.0,27.88
3893,25.0,30.34
3333,33.0,27.14
3467,34.0,34.97
1710,30.0,28.3
1682,33.0,30.76
3159,38.0,39.05
1727,25.0,33.81
921,37.0,30.09
723,36.0,35.9
3363,30.0,31.23
2992,37.0,36.82
1473,40.0,30.15
3704,33.0,34.4
3092,32.0,32.54
595,40.0,36.98
2543,40.0,34.42
3828,37.0,38.51
0,31.0,37.98
1089,29.0,32.41
3927,35.0,30.21
3626,37.0,35.16
1094,44.0,34.67
3291,44.0,38.17
251,38.0,36.22
2536,34.0,32.51
1591,32.0,37.57
2454,34.0,34.085
1653,38.0,41.6
668,39.0,39.24
1875,28.0,32.21
2098,37.0,38.75
1558,39.0,38.41
179,37.0,36.98
282,35.0,40.08
1429,35.0,30.19
2778,39.0,30.74
3382,32.0,36.7
795,33.0,32.28
2598,35.0,33.19
1341,37.0,40.44
2328,38.0,37.43
430,30.0,34.06
1264,38.0,36.03
221,35.0,34.55
3101,37.0,35.94
2370,37.0,34.78
3325,35.0,37.16
3702,27.0,33.87
2632,37.0,36.91
2918,32.0,35.53
1401,34.0,30.19
2893,36.0,33.19
464,41.0,36.58
1801,35.0,34.1
387,39.0,40.0
3456,35.0,31.8
3943,32.0,25.38
2773,35.0,35.62
448,40.0,38.98
762,29.0,35.97
382,27.0,37.18
3366,39.0,40.67
2459,40.0,36.12
788,37.0,29.64
1217,36.0,36.75
662,38.0,33.25
1505,40.0,34.61
4132,36.0,34.08
2465,40.0,41.23
1562,39.0,36.18
3922,39.0,33.23
2258,28.0,31.94
3663,26.0,26.31
250,38.0,35.54
847,33.0,32.97
521,33.0,33.6
1732,34.0,35.4
2595,40.0,34.19
3144,33.0,35.06
4057,27.0,34.57
1144,38.0,35.76
3078,38.0,33.83
3087,31.0,32.63
2946,43.0,34.7
3342,31.0,33.24
2478,39.0,37.09
3084,32.0,34.65
3826,29.0,26.72
559,44.0,37.15
2870,32.0,32.46
3492,35.0,40.48
2597,34.0,30.88
947,37.0,31.41
4061,29.0,31.57
630,35.0,34.69
1281,35.0,34.8
1196,38.0,40.22
3498,32.0,31.56
501,39.0,40.35
2384,32.0,36.29
3601,36.0,38.71
1212,37.0,40.22
262,34.0,33.52
2341,35.0,31.89
1369,40.0,37.45
2644,38.0,33.69
3754,29.0,28.32
2957,32.0,33.84
