,y_test,prediction
10046,22.0,22.34
20113,36.0,38.94
121,34.0,31.22
14210,30.0,36.12
19253,33.0,34.49
7980,31.0,32.91
8857,36.0,36.71
8746,32.0,32.93
10647,38.0,35.16
13734,30.0,32.65
16311,28.0,28.58
19368,32.0,30.03
1894,27.0,29.61
12731,32.0,33.91
20202,43.0,32.13
18623,21.0,22.03
22287,45.0,44.96
13161,39.0,35.93
20370,30.0,40.31
3752,30.0,30.48
5794,29.0,32.19
15900,42.0,40.58
9364,41.0,36.96
2898,30.0,30.44
3374,26.0,30.3
8318,36.0,37.79
19345,39.0,38.52
12737,30.0,30.93
2395,37.0,35.32
18629,31.0,33.36
9552,37.0,35.29
2023,35.0,37.42
14854,39.0,37.97
12931,31.0,34.64
19226,38.0,38.12
9051,38.0,35.87
16107,36.0,30.71
13835,35.0,39.19
19256,38.0,38.44
11051,40.0,37.57
89,28.0,32.03
22132,42.0,40.46
19797,30.0,30.3
3266,22.0,30.76
6351,45.0,37.03
1900,36.0,37.22
8161,36.0,40.7
16386,31.0,31.24
13169,38.0,37.8
1809,31.0,38.13
9518,33.0,34.57
14444,31.0,34.91
17432,29.0,29.39
7769,38.0,28.65
7234,39.0,38.75
3569,28.0,33.02
12000,36.0,36.47
11790,30.0,36.44
506,40.0,38.59
19798,30.0,30.3
5567,32.0,26.87
18159,38.0,38.04
11497,30.0,33.88
9754,37.0,37.99
19173,37.0,37.5
11849,35.0,34.61
7351,34.0,34.755
21326,34.0,33.72
2903,34.0,32.02
6400,36.0,31.28
4328,37.0,31.89
10063,40.0,35.97
2838,37.0,34.14
12234,28.0,34.61
1037,29.0,24.76
253,34.0,39.13
3112,35.0,30.41
1630,34.0,33.72
2002,26.0,33.76
9423,31.0,34.7
2215,32.0,34.11
8460,41.0,38.65
13731,30.0,32.65
15960,36.0,33.55
16550,40.0,40.85
12190,34.0,40.7
19172,37.0,37.5
9296,33.0,35.13
7681,36.0,30.96
18323,30.0,30.55
2132,31.0,28.17
367,29.0,34.29
20153,33.0,33.15
15836,32.0,30.65
11940,30.0,30.19
9403,34.0,32.92
17857,44.0,35.95
18513,40.0,38.25
2904,25.0,29.13
5939,36.0,40.22
11507,45.0,40.78
1864,35.0,34.93
6649,29.0,32.95
19038,28.0,30.0
19413,38.0,37.39
19569,32.0,38.78
9510,36.0,37.25
18269,28.0,30.14
6361,43.0,35.92
856,40.0,39.61
4618,30.0,30.47
345,34.0,37.62
11391,36.0,35.19
5160,28.0,28.59
16591,40.0,39.8
14707,35.0,29.99
14238,35.0,34.77
12932,31.0,34.64
922,37.0,36.25
20197,31.0,31.59
1196,34.0,33.99
3643,43.0,37.1
13632,40.0,37.29
9320,34.0,40.67
1686,37.0,36.38
12395,41.0,39.47
8085,28.0,33.05
12520,38.0,38.66
12859,37.0,36.13
14111,28.0,29.55
763,32.0,32.42
9777,37.0,34.71
14324,38.0,36.25
8465,27.0,31.38
18396,29.0,28.17
994,41.0,40.79
17936,32.0,34.26
3738,29.0,34.91
5910,35.0,32.35
7223,33.0,38.48
106,35.0,33.34
13439,43.0,40.96
4318,45.0,30.88
16793,35.0,34.69
1814,28.0,28.37
12608,43.0,36.25
2663,35.0,34.93
7117,41.0,38.67
13419,39.0,37.12
18251,38.0,37.36
9738,34.0,37.3
17216,34.0,34.74
14105,39.0,39.87
748,37.0,36.7
2587,39.0,32.78
21776,37.0,34.41
10751,38.0,36.95
1038,29.0,24.76
2380,37.0,39.8
13503,41.0,40.65
18186,42.0,41.59
1325,38.0,35.9
6936,35.0,35.03
19607,28.0,31.47
14281,31.0,25.74
798,42.0,41.44
8338,30.0,35.47
19230,33.0,34.23
19997,30.0,29.98
2303,36.0,37.35
1218,38.0,38.76
10011,30.0,31.03
13716,38.0,31.48
9120,32.0,35.28
11837,37.0,37.91
19673,34.0,38.74
14713,44.0,40.99
4871,23.0,25.11
5020,46.0,39.88
5881,37.0,34.94
3256,34.0,33.89
7268,31.0,30.72
18728,35.0,36.1
12421,40.0,34.23
7542,31.0,29.32
2086,30.0,29.82
17196,38.0,37.95
8360,38.0,39.46
6266,40.0,38.31
5285,36.0,36.82
3024,32.0,37.93
5991,39.0,38.91
2859,38.0,34.65
6007,40.0,39.73
2713,32.0,29.73
9770,24.0,29.56
19171,37.0,37.79
11909,38.0,38.12
10650,44.0,41.43
12604,39.0,36.39
19555,35.0,34.31
6082,38.0,38.9
7116,41.0,38.67
9968,32.0,32.73
992,41.0,40.79
16677,35.0,32.74
2046,29.0,31.06
6442,38.0,38.42
16397,31.0,30.71
19600,46.0,41.78
8417,40.0,39.48
15909,43.0,41.58
11966,36.0,27.86
3034,32.0,37.93
16375,36.0,33.26
21469,44.0,38.86
1075,39.0,38.89
12292,43.0,39.42
19787,36.0,35.68
3258,22.0,30.76
16053,25.0,25.25
10080,40.0,35.19
17256,38.0,38.87
4047,37.0,37.14
12271,29.0,35.8
9034,32.0,32.99
6517,38.0,35.53
14752,33.0,28.01
6445,31.0,33.43
11708,36.0,36.64
4587,39.0,39.01
4289,38.0,37.46
18618,31.0,30.98
14420,32.0,34.19
2689,45.0,29.16
21181,31.0,35.53
350,30.0,33.14
4790,32.0,38.99
18598,46.0,38.78
3223,42.0,41.44
14667,36.0,36.76
15469,33.0,35.57
2089,31.0,32.15
19379,32.0,30.23
6545,38.0,37.78
17615,39.0,38.67
5125,28.0,30.7
10996,32.0,30.25
4858,33.0,31.27
13392,29.0,33.31
394,36.0,34.39
5152,41.0,41.9
10703,44.0,39.19
34,39.0,39.14
16284,34.0,34.055
10962,43.0,42.34
21869,32.0,33.03
19955,43.0,42.34
5114,31.0,32.92
13926,26.0,27.03
7414,34.0,29.64
691,40.0,39.89
16597,39.0,34.35
14958,35.0,33.89
21845,32.0,32.23
11280,36.0,33.23
12423,37.0,36.95
20722,36.0,30.42
3210,39.0,37.33
9497,41.0,37.98
6416,32.0,28.44
19785,35.0,31.82
2944,33.0,36.27
10042,37.0,36.64
19148,32.0,31.52
8527,39.0,38.12
482,42.0,38.73
18887,34.0,34.35
9114,31.0,32.65
14853,39.0,37.97
2808,38.0,36.17
10107,23.0,28.36
16749,37.0,32.92
8553,50.0,38.36
18859,40.0,40.19
1916,34.0,33.3
9226,35.0,36.07
16446,35.0,33.86
1649,36.0,36.09
19661,46.0,45.38
18952,32.0,33.76
14956,33.0,37.33
14177,34.0,38.55
19071,45.0,39.59
16936,34.0,36.91
3598,36.0,34.83
17253,42.0,35.55
5874,34.0,32.76
14456,39.0,40.33
5481,39.0,34.62
13827,43.0,42.3
17094,40.0,38.15
12652,25.0,30.59
13410,39.0,38.95
9282,32.0,31.67
2730,32.0,32.24
1222,40.0,38.19
2715,46.0,42.47
7740,37.0,33.09
9599,38.0,36.97
7329,41.0,39.16
13440,25.0,28.91
997,36.0,37.51
1677,44.0,37.7
6923,41.0,40.4
14477,37.0,31.97
21174,31.0,35.53
19839,40.0,39.68
15811,35.0,35.14
17642,40.0,36.76
10055,40.0,39.66
9976,27.0,29.46
19378,45.0,42.09
22336,37.0,34.17
3557,35.0,34.58
11658,40.0,38.53
6661,34.0,38.05
3040,27.0,38.01
11649,38.0,37.7
6364,35.0,34.6
19725,46.0,39.09
2494,31.0,32.39
14051,32.0,31.45
20938,43.0,39.8
16640,38.0,37.905
3402,45.0,37.2
21333,39.0,37.85
20167,27.0,28.11
14942,30.0,31.91
8388,32.0,33.07
4168,36.0,36.26
1502,29.0,29.19
13630,40.0,37.29
1691,45.0,42.96
5310,40.0,38.67
3984,33.0,32.02
719,34.0,39.42
17707,36.0,37.14
21840,35.0,29.84
5878,31.0,34.43
14846,29.0,38.71
19343,39.0,38.52
1877,38.0,38.11
21561,36.0,36.95
10436,30.0,33.22
52,38.0,32.78
444,41.0,37.2
14726,44.0,39.56
10288,33.0,37.77
6992,39.0,37.87
16905,32.0,34.94
14709,30.0,36.23
17694,38.0,36.22
17666,41.0,38.55
8306,25.0,28.16
19952,43.0,42.34
8257,33.0,30.4
4465,33.0,31.48
3577,32.0,32.36
10433,26.0,27.96
4877,48.0,35.9
17728,39.0,38.93
13353,37.0,31.35
6707,28.0,30.42
17860,43.0,39.23
9683,34.0,38.46
3343,34.0,32.85
22367,36.0,35.69
12735,43.0,42.55
6845,37.0,36.29
21648,27.0,27.55
7649,30.0,33.41
7001,47.0,44.09
7381,41.0,40.17
1557,40.0,39.1
15842,34.0,31.96
17534,28.0,28.15
14590,33.0,33.15
650,31.0,33.92
10230,28.0,28.83
8109,33.0,29.48
16537,31.0,32.31
6950,39.0,34.25
1862,37.0,35.35
12148,35.0,36.17
20806,37.0,38.16
5891,35.0,37.82
3232,32.0,33.17
1204,28.0,27.98
18954,32.0,33.76
14176,34.0,38.55
7662,31.0,37.49
22034,27.0,33.17
4326,37.0,35.96
11366,33.0,33.65
18956,28.0,31.77
4275,33.0,35.405
9835,37.0,36.6
12059,33.0,32.71
13294,32.0,33.27
20902,38.0,39.66
16977,27.0,32.2
15812,35.0,35.14
1832,37.0,35.92
14118,41.0,38.95
21639,33.0,32.28
527,27.0,29.31
12703,40.0,38.29
1830,31.0,30.48
18835,37.0,31.82
6276,42.0,36.98
2178,35.0,38.89
16252,39.0,38.15
10195,46.0,43.75
16451,44.0,41.88
10969,39.0,38.54
20949,34.0,35.48
8679,36.0,37.2
15919,38.0,34.59
7510,30.0,29.99
13543,38.0,37.87
19168,30.0,32.14
5398,23.0,25.86
14289,32.0,30.8
12632,30.0,32.3
20372,39.0,39.77
22202,41.0,37.22
4208,30.0,33.17
18101,40.0,39.19
7359,34.0,34.61
2963,29.0,36.43
11683,34.0,29.68
2198,32.0,33.95
18927,35.0,35.28
21933,32.0,29.85
8362,31.0,33.01
10266,38.0,36.3
14390,41.0,34.23
16500,29.0,29.11
16093,30.0,37.33
6857,34.0,37.34
1644,35.0,37.15
10010,30.0,31.03
18913,34.0,36.06
13558,40.0,38.36
10524,32.0,34.04
22133,42.0,40.46
1716,33.0,35.21
20485,30.0,33.91
3252,44.0,41.65
14321,33.0,32.77
1209,34.0,33.17
6623,33.0,35.79
11701,35.0,34.14
1099,34.0,35.13
12928,32.0,32.52
17630,26.0,27.46
1409,33.0,31.42
7424,41.0,41.6
1397,30.0,37.33
7447,45.0,43.5
19957,31.0,32.01
1788,32.0,32.47
10814,31.0,31.59
411,34.0,30.45
18327,33.0,32.94
20691,25.0,28.81
17132,39.0,38.66
11657,41.0,40.04
20448,24.0,28.42
99,39.0,38.29
14433,39.0,37.29
15225,29.0,34.49
2190,37.0,36.51
14179,37.0,36.08
18123,43.0,40.67
6223,40.0,39.04
9550,37.0,35.29
7275,35.0,35.12
17300,36.0,33.02
19419,39.0,35.58
18078,28.0,33.77
8009,39.0,37.81
4503,38.0,37.76
21103,38.0,36.56
7916,35.0,31.48
1102,40.0,39.74
21770,41.0,39.44
17535,28.0,28.15
8963,40.0,39.41
19329,33.0,37.8
11529,43.0,33.48
17016,36.0,36.34
9885,32.0,36.9
20754,29.0,30.47
17550,36.0,35.59
20548,34.0,34.99
1266,33.0,33.87
9840,40.0,35.39
9848,29.0,32.87
13021,37.0,34.92
15403,28.0,28.57
4955,34.0,36.86
286,42.0,37.84
5051,27.0,28.22
8886,41.0,40.05
4042,41.0,36.61
4308,33.0,35.79
16576,32.0,34.3
18619,31.0,30.98
1532,29.0,29.86
13344,38.0,32.88
22216,31.0,30.04
11422,26.0,27.98
14044,35.0,31.27
20719,27.0,30.21
4407,23.0,26.93
981,28.0,31.65
19801,40.0,36.43
9563,40.0,38.3
13631,40.0,37.29
20002,42.0,38.84
4873,48.0,35.9
5027,37.0,39.46
8676,35.0,35.86
20111,33.0,33.03
17948,29.0,29.64
832,34.0,32.46
20440,43.0,31.19
18983,28.0,30.09
2598,37.0,37.33
7598,36.0,36.665
7801,41.0,35.96
21697,36.0,32.23
21675,28.0,26.78
18852,32.0,32.29
9177,30.0,27.82
11797,33.0,36.08
20656,37.0,32.81
7927,34.0,33.81
11852,38.0,35.22
2578,31.0,27.42
20989,35.0,34.47
13263,30.0,29.89
4730,39.0,32.6
10602,52.0,47.71
12035,39.0,36.17
22343,36.0,34.08
9532,35.0,34.57
978,40.0,39.06
18419,29.0,32.86
15189,30.0,30.85
4241,26.0,28.01
172,38.0,33.24
953,44.0,37.54
16398,31.0,30.71
1418,40.0,35.42
4287,38.0,37.46
6531,31.0,34.64
8102,37.0,36.38
17636,37.0,37.19
1472,28.0,31.86
7528,30.0,35.18
17049,38.0,37.69
7187,40.0,40.45
657,42.0,41.5
17193,37.0,37.82
190,45.0,37.09
21467,38.0,38.82
6909,31.0,31.14
10109,23.0,34.76
16588,40.0,38.53
12524,24.0,32.04
7106,36.0,36.5
20302,34.0,33.14
244,34.0,38.2
4408,23.0,26.93
6846,37.0,36.29
449,35.0,31.87
1851,32.0,31.98
21276,25.0,32.32
11892,31.0,31.95
13185,26.0,33.77
18724,32.0,33.04
6775,34.0,36.3
20010,29.0,31.08
12431,35.0,36.58
8600,35.0,35.54
1288,34.0,37.98
11936,30.0,30.19
19352,31.0,34.68
9205,22.0,33.03
17060,34.0,33.54
8763,31.0,32.69
4075,36.0,35.88
6289,31.0,31.28
16078,41.0,36.94
3229,32.0,33.17
1211,33.0,34.14
18113,36.0,36.15
17157,31.0,32.29
2009,44.0,38.51
7181,35.0,33.9
21490,34.0,29.24
4700,30.0,30.78
7745,30.0,29.66
11565,43.0,38.58
20209,38.0,37.92
7266,31.0,30.72
19695,35.0,33.34
1689,45.0,42.96
15356,39.0,37.21
7369,39.0,38.15
15886,31.0,35.61
12498,39.0,36.28
6662,34.0,38.05
7759,43.0,38.79
20745,28.0,31.66
21650,28.0,32.46
5092,39.0,39.1
17659,31.0,31.01
6548,38.0,36.65
3331,34.0,40.07
19053,31.0,30.86
20040,37.0,38.29
22002,29.0,25.71
7185,36.0,37.8
17127,33.0,29.02
6179,35.0,34.99
3171,35.0,36.05
17399,37.0,36.79
14644,39.0,38.11
4649,39.0,35.89
19137,39.0,36.91
10099,30.0,35.7
10852,24.0,29.0
20272,41.0,40.53
19318,30.0,30.75
4469,33.0,33.42
13739,35.0,33.38
7010,33.0,35.19
16205,28.0,32.93
4501,35.0,34.93
9769,24.0,29.56
288,40.0,39.58
4113,42.0,41.01
8366,35.0,37.12
9544,38.0,33.31
7198,34.0,32.94
14704,40.0,38.91
4442,35.0,34.8
22181,30.0,31.56
8308,31.0,32.23
21615,26.0,29.77
2864,48.0,45.44
14115,32.0,34.02
21709,37.0,39.75
20072,25.0,26.77
7786,28.0,28.55
20618,37.0,36.98
11693,34.0,35.04
17188,33.0,33.65
21685,35.0,35.26
4220,32.0,33.77
3885,40.0,36.97
9642,32.0,29.23
11130,32.0,32.04
2934,40.0,39.13
19890,31.0,33.81
13641,36.0,39.58
8801,39.0,38.54
10677,41.0,33.17
12756,37.0,30.43
15329,32.0,31.96
6887,40.0,39.55
19381,33.0,31.79
16167,42.0,35.51
9160,35.0,37.5
21868,31.0,33.405
20937,43.0,39.8
7767,39.0,36.305
18668,30.0,35.26
5889,45.0,39.61
1020,41.0,40.83
4409,23.0,26.93
20214,38.0,37.92
3428,30.0,32.77
2428,37.0,37.25
11054,39.0,37.25
1647,36.0,36.09
6320,35.0,33.36
8005,39.0,38.84
20536,33.0,33.58
4180,29.0,32.36
20280,26.0,27.17
20307,35.0,32.14
68,40.0,41.32
5410,36.0,31.71
20859,39.0,37.79
8037,28.0,35.02
17486,39.0,39.48
2269,29.0,31.15
18168,31.0,29.29
9742,36.0,35.91
10752,38.0,36.95
7121,36.0,34.89
20380,39.0,39.77
16009,39.0,38.86
1493,30.0,34.68
21003,42.0,37.32
8348,39.0,37.95
9014,30.0,30.66
2302,36.0,37.35
2687,36.0,35.76
1035,29.0,24.76
15379,34.0,29.21
6024,45.0,40.78
15643,28.0,28.64
14653,34.0,28.91
19174,37.0,37.5
315,40.0,34.18
19892,38.0,34.84
12328,32.0,31.82
17484,39.0,36.48
16709,29.0,31.43
13299,40.0,40.29
10552,35.0,34.78
8845,37.0,37.2
10265,38.0,36.3
7182,36.0,37.8
14962,35.0,33.89
19167,30.0,32.14
3762,32.0,31.55
4619,30.0,30.47
458,34.0,33.09
3473,36.0,35.62
5311,40.0,38.67
14242,36.0,35.49
2366,34.0,34.13
10390,31.0,28.98
16574,43.0,37.73
2151,35.0,36.39
8294,38.0,36.59
17020,40.0,38.99
2959,48.0,46.91
7965,37.0,36.86
215,27.0,29.01
4250,35.0,36.56
15166,37.0,38.06
18065,29.0,32.38
14943,30.0,31.91
2012,44.0,38.51
17986,36.0,37.12
14463,38.0,37.53
12690,32.0,37.81
1729,41.0,39.52
20460,35.0,40.89
915,31.0,31.17
22227,35.0,36.97
6698,39.0,38.12
15567,34.0,29.22
19430,36.0,34.89
13649,33.0,33.91
9044,38.0,34.08
18694,32.0,32.33
11653,38.0,37.7
13443,46.0,40.1
4148,30.0,31.43
2521,32.0,31.36
3611,36.0,35.71
17268,37.0,35.22
16810,36.0,35.58
19651,35.0,37.08
587,43.0,37.96
4897,30.0,33.7
13018,34.0,34.41
13825,39.0,33.42
21796,30.0,30.63
11126,38.0,38.41
10124,36.0,38.25
656,42.0,41.5
20805,37.0,38.16
18916,36.0,30.53
9293,29.0,29.69
21559,36.0,36.95
880,39.0,38.82
12599,15.0,26.03
7749,35.0,29.99
1924,31.0,30.21
12875,30.0,32.17
246,37.0,38.35
14270,38.0,38.05
18019,39.0,38.29
17036,30.0,32.16
16254,39.0,38.15
15038,40.0,39.19
1085,45.0,37.11
2384,33.0,32.82
3653,36.0,40.55
12484,39.0,36.89
11855,37.0,35.78
11872,40.0,37.21
599,35.0,36.46
13655,36.0,37.03
7991,46.0,43.5
13640,36.0,39.58
19350,36.0,34.21
11261,28.0,31.82
2152,35.0,36.39
18860,40.0,40.19
19344,39.0,38.52
2736,38.0,38.05
17548,28.0,35.27
4914,44.0,39.24
4006,31.0,33.48
5383,50.0,39.23
14724,41.0,40.19
17423,33.0,36.74
13757,34.0,33.91
2857,30.0,30.52
13210,34.0,32.42
9228,41.0,40.52
6585,30.0,34.13
8163,28.0,30.85
14507,42.0,41.7
2312,36.0,36.25
21543,33.0,34.06
11150,36.0,35.45
16768,35.0,37.19
16776,39.0,37.79
15684,39.0,34.54
1276,36.0,35.48
12334,36.0,35.16
3685,30.0,34.32
1177,35.0,35.06
8646,35.0,35.47
2064,37.0,34.45
10066,38.0,34.29
6507,24.0,25.7
21819,28.0,29.79
13388,35.0,32.47
2315,30.0,31.36
4150,30.0,31.43
1993,39.0,38.7
15175,35.0,36.57
10592,29.0,29.55
10932,35.0,34.07
3333,34.0,40.07
17296,34.0,31.64
21448,38.0,35.04
8482,31.0,30.62
5067,31.0,31.08
1226,31.0,31.66
274,48.0,36.18
11556,41.0,39.25
7408,40.0,35.92
9792,29.0,28.85
17487,39.0,39.48
20349,34.0,39.01
18119,34.0,30.79
11447,31.0,28.25
736,33.0,30.08
2995,20.0,30.26
5065,29.0,32.9
11257,31.0,29.9
21278,37.0,35.93
16955,38.0,35.02
11444,39.0,37.79
5218,30.0,32.14
8601,39.0,37.97
1505,25.0,27.83
20834,29.0,28.98
12209,40.0,36.37
3478,33.0,30.78
6748,37.0,33.53
8222,58.0,42.77
1508,39.0,38.8
14642,46.0,43.12
10368,31.0,31.46
14399,34.0,34.92
4079,37.0,37.22
12687,31.0,38.21
22303,38.0,36.83
19237,27.0,28.68
6291,33.0,35.31
20141,36.0,38.05
12728,37.0,35.98
10245,27.0,30.48
10242,32.0,34.12
3193,37.0,34.06
11405,33.0,35.15
3388,31.0,34.41
16561,31.0,34.19
5989,36.0,37.25
823,23.0,23.63
19510,36.0,35.86
13585,40.0,38.68
17379,34.0,35.59
177,33.0,28.79
12534,28.0,31.28
19996,30.0,29.98
7646,30.0,33.41
21074,28.0,31.27
3618,39.0,38.21
15682,29.0,31.35
12403,41.0,41.05
13730,30.0,32.65
20748,35.0,37.69
10430,41.0,41.02
16157,36.0,36.7
14107,37.0,36.93
13559,40.0,38.36
14720,32.0,34.35
1200,35.0,34.98
20101,47.0,40.86
17421,40.0,33.87
5936,34.0,33.95
10949,33.0,33.35
19197,37.0,34.46
16564,31.0,34.19
21767,36.0,36.69
16232,40.0,39.42
21795,30.0,30.63
20696,42.0,39.49
20039,37.0,38.29
15958,32.0,32.34
7945,28.0,33.51
12313,29.0,33.32
9645,32.0,31.58
9617,34.0,35.32
4433,35.0,34.9
15334,38.0,35.65
20193,41.0,38.29
19083,32.0,30.89
11706,36.0,35.86
8008,32.0,32.91
475,42.0,38.73
7738,39.0,32.16
6114,36.0,36.8
6358,28.0,32.42
15866,35.0,32.07
1412,38.0,38.23
19296,32.0,38.27
20397,29.0,29.0
17792,42.0,37.95
18862,40.0,40.19
2854,30.0,30.52
12336,36.0,35.16
12398,40.0,40.72
14764,30.0,35.65
7172,22.0,23.89
1252,30.0,30.34
8411,32.0,32.47
3353,35.0,33.21
1471,40.0,38.71
7775,31.0,38.05
9427,22.0,34.9
16899,38.0,37.21
17257,38.0,38.87
18883,37.0,30.6
3873,25.0,27.41
15512,39.0,37.15
70,37.0,31.43
8120,31.0,36.79
5575,40.0,39.73
12688,31.0,38.21
977,40.0,39.06
12558,31.0,31.93
1718,31.0,32.17
16438,35.0,33.32
9033,32.0,32.99
7354,27.0,30.38
16286,39.0,38.82
17241,43.0,38.83
22136,28.0,28.48
21190,30.0,30.12
18038,34.0,34.7
17473,32.0,32.12
3226,40.0,37.5
13642,36.0,39.58
12301,39.0,32.11
17071,41.0,39.73
6208,47.0,38.11
2187,37.0,36.63
932,39.0,36.08
19753,37.0,37.55
15491,32.0,29.82
3856,42.0,38.18
10144,33.0,35.97
10816,42.0,33.24
15407,40.0,41.81
13863,36.0,36.11
3926,39.0,39.09
4468,33.0,33.42
21920,46.0,42.75
19488,40.0,39.8
16675,39.0,33.83
21689,37.0,37.43
1954,36.0,39.06
5190,39.0,37.57
17970,28.0,29.45
8595,26.0,29.04
2648,38.0,37.37
19294,40.0,38.15
6568,33.0,34.47
21899,27.0,27.73
