,y_test,prediction
981,25.0,37.44
3581,44.0,36.32
2552,34.0,33.98
1294,33.0,33.27
1744,37.0,38.48
188,41.0,40.32
3268,37.0,34.95
1191,38.0,31.39
3783,43.0,38.55
1447,43.0,35.02
3345,32.0,35.71
95,36.0,34.73
2456,37.0,32.46
2186,31.0,33.39
111,33.0,32.16
2690,39.0,34.97
3614,36.0,36.5
1251,37.0,36.17
2858,29.0,32.57
3015,42.0,40.25
1513,25.0,32.43
377,39.0,37.16
1201,32.0,30.82
2894,28.0,32.91
2419,41.0,35.875
200,45.0,37.17
3192,34.0,37.95
2016,40.0,38.13
329,41.0,38.0
328,38.0,38.7
1721,37.0,35.58
153,40.0,36.255
2924,37.0,35.12
785,36.0,33.29
2744,34.0,33.58
1480,37.0,34.92
2179,37.0,39.01
2408,40.0,38.09
3579,33.0,36.44
1722,37.0,39.97
3073,42.0,37.33
415,34.0,36.42
884,32.0,40.03
3557,36.0,34.52
2841,37.0,34.05
2030,28.0,26.25
297,40.0,36.38
454,31.0,31.34
3247,40.0,36.88
32,32.0,31.13
1342,35.0,34.96
1879,27.0,30.28
122,31.0,34.39
3407,29.0,33.8
183,36.0,37.58
1394,28.0,32.205
4122,34.0,33.51
3525,27.0,28.91
1470,32.0,34.41
4040,46.0,36.85
2625,30.0,39.18
1911,34.0,33.66
1581,42.0,36.62
846,34.0,32.75
14,41.0,39.01
1786,34.0,37.565
2022,27.0,27.11
458,37.0,40.43
2830,29.0,36.44
2884,48.0,38.6
3033,37.0,33.18
2193,44.0,34.69
550,40.0,37.53
1323,52.0,38.75
1234,33.0,35.11
2484,27.0,31.43
421,32.0,28.56
2958,36.0,34.08
3330,43.0,38.99
3203,39.0,31.86
244,34.0,38.0
479,35.0,37.03
3513,39.0,30.72
17,37.0,30.92
260,31.0,34.79
224,33.0,35.62
1641,33.0,29.67
424,35.0,38.79
560,20.0,29.98
1600,30.0,32.59
233,30.0,32.165
3206,46.0,40.77
1090,42.0,40.23
2639,32.0,30.22
2286,30.0,30.94
3742,28.0,31.81
2717,30.0,36.91
3452,39.0,38.83
332,32.0,31.62
2788,38.0,35.2
3823,37.0,38.33
2576,26.0,29.51
2228,47.0,40.49
447,38.0,31.82
825,37.0,36.73
2035,27.0,33.25
2987,36.0,30.43
2663,32.0,32.9
3337,40.0,39.73
1950,28.0,27.62
3198,39.0,36.41
3307,28.0,28.91
52,36.0,40.79
2813,32.0,36.93
481,31.0,27.68
775,36.0,37.27
1630,30.0,34.05
3332,37.0,36.19
1276,36.0,36.73
3209,42.0,41.04
1724,38.0,37.29
1890,28.0,32.16
2722,44.0,38.78
4124,35.0,35.64
852,39.0,33.55
2145,41.0,39.99
4077,35.0,32.7
2058,28.0,35.76
2070,31.0,33.475
2413,37.0,36.29
567,27.0,36.85
1998,29.0,39.6
1184,36.0,36.0
53,36.0,37.97
1257,24.0,31.13
26,35.0,31.73
2138,43.0,33.57
855,27.0,30.1
1709,34.0,39.47
801,27.0,26.46
856,32.0,30.32
2630,35.0,34.17
3185,36.0,38.46
1902,31.0,33.12
1822,34.0,30.64
2650,29.0,32.21
858,30.0,36.17
1418,31.0,39.34
2334,40.0,41.49
2131,45.0,41.25
3246,28.0,35.05
3657,40.0,37.89
2733,39.0,35.3
4114,21.0,29.26
2490,23.0,31.38
3446,29.0,31.22
2760,33.0,36.93
1287,34.0,35.13
3127,37.0,38.12
2402,47.0,39.88
2962,39.0,39.1
3930,35.0,37.53
2136,40.0,39.09
3228,39.0,40.4
2312,37.0,36.66
4102,35.0,38.52
3254,26.0,34.87
33,28.0,35.16
2141,28.0,37.63
755,30.0,34.34
316,44.0,37.48
3645,32.0,33.82
406,30.0,28.01
3413,31.0,29.6
2114,26.0,27.36
1731,39.0,39.83
3741,27.0,31.43
1631,34.0,35.37
1638,42.0,38.58
267,34.0,34.56
2654,36.0,36.53
3061,37.0,34.82
3195,31.0,36.09
3715,38.0,30.51
1564,50.0,39.78
584,35.0,37.63
215,25.0,34.8
2414,41.0,35.43
926,43.0,36.53
71,30.0,35.88
570,38.0,36.22
2347,43.0,36.87
1961,40.0,35.88
1268,37.0,34.61
3802,34.0,35.18
1764,35.0,35.43
957,31.0,34.5
2775,35.0,36.27
3468,36.0,30.91
1041,28.0,31.06
1143,38.0,31.71
2001,24.0,38.67
3617,35.0,38.76
4103,27.0,33.77
369,36.0,37.96
429,32.0,38.41
365,27.0,33.19
617,34.0,30.13
3352,30.0,31.58
3869,34.0,33.495
3928,32.0,32.96
1188,26.0,31.05
174,34.0,35.91
304,38.0,41.53
2166,40.0,37.69
1137,45.0,41.12
3587,36.0,36.85
2029,32.0,31.1
3215,40.0,34.56
192,29.0,27.53
2066,34.0,36.09
12,40.0,36.73
3931,38.0,41.12
3690,33.0,35.23
728,34.0,37.62
1160,44.0,34.75
399,29.0,31.61
2133,40.0,36.89
1559,24.0,28.31
3883,24.0,30.59
1566,36.0,36.3
1019,34.0,35.41
494,32.0,32.32
1997,34.0,35.46
2578,25.0,38.17
3515,32.0,30.96
1830,27.0,35.46
3003,37.0,39.05
2935,43.0,40.28
971,42.0,37.14
2447,38.0,36.67
136,33.0,29.45
2952,34.0,36.05
3295,37.0,39.19
929,31.0,33.11
428,37.0,32.01
3282,33.0,34.48
2322,36.0,30.98
2702,39.0,38.03
3636,35.0,37.26
3622,44.0,39.3
2833,31.0,33.83
3816,29.0,32.51
2155,36.0,33.54
2271,28.0,28.54
1649,43.0,39.58
2811,29.0,40.1
612,34.0,33.45
2356,25.0,30.5
362,38.0,36.8
735,37.0,37.89
949,37.0,34.86
827,24.0,26.12
2976,33.0,34.0
274,28.0,31.57
1225,35.0,37.91
2662,31.0,30.86
2890,44.0,33.5
3062,45.0,39.06
3628,35.0,33.18
936,40.0,38.72
1468,44.0,36.17
517,39.0,39.32
3575,39.0,37.17
187,32.0,32.2
1153,39.0,39.68
977,26.0,34.79
1232,33.0,29.91
1367,42.0,33.28
142,37.0,40.05
966,31.0,33.68
2827,38.0,36.61
3542,34.0,37.61
2252,35.0,38.19
3303,32.0,34.94
869,37.0,33.46
477,32.0,36.19
3297,41.0,37.57
1301,37.0,34.75
147,40.0,34.06
3540,40.0,37.89
3399,31.0,32.74
3751,37.0,33.22
3984,33.0,39.18
379,36.0,39.29
1652,32.0,34.09
3903,33.0,32.25
3129,42.0,35.5
3271,24.0,30.75
777,28.0,31.18
255,35.0,32.56
2492,25.0,35.49
3394,40.0,35.66
322,27.0,35.515
2125,34.0,38.98
3324,40.0,37.02
283,25.0,33.98
1375,30.0,29.3
2906,34.0,31.81
305,30.0,30.15
3792,33.0,37.15
1427,37.0,33.31
2774,30.0,32.35
1219,36.0,36.56
3179,29.0,33.13
2085,37.0,29.64
639,32.0,37.0
2582,40.0,38.1
2182,36.0,36.2
3116,37.0,30.3
3131,34.0,37.98
1208,25.0,35.5
3202,32.0,30.34
2623,38.0,39.85
1388,33.0,31.4
59,30.0,36.33
77,29.0,34.1
2329,29.0,36.34
1017,34.0,38.83
2201,30.0,36.98
3298,42.0,40.32
1877,32.0,33.8
554,37.0,35.57
2575,41.0,39.39
1242,40.0,37.87
2387,33.0,37.48
3106,28.0,29.29
1149,35.0,34.67
934,31.0,33.8
1990,30.0,37.46
2457,40.0,29.2
126,36.0,37.79
321,40.0,37.93
3884,47.0,40.21
312,36.0,35.27
453,35.0,34.8
1623,37.0,34.51
2734,39.0,37.29
2840,39.0,35.66
2169,41.0,38.47
3348,38.0,37.97
3188,38.0,39.01
3643,44.0,34.27
1824,30.0,33.05
838,26.0,27.46
2491,43.0,40.03
30,34.0,33.42
2013,33.0,33.17
207,39.0,39.51
1531,38.0,36.31
3737,34.0,32.82
1384,31.0,33.51
64,42.0,37.94
3684,42.0,33.98
2086,35.0,30.49
1840,39.0,36.605
895,37.0,31.7
160,39.0,38.35
2803,36.0,39.13
2202,37.0,32.5
676,27.0,31.41
196,38.0,39.01
2881,39.0,34.64
3055,41.0,39.85
2439,32.0,35.35
3180,37.0,39.22
3944,40.0,36.43
295,30.0,34.86
170,26.0,34.43
3724,31.0,38.72
842,39.0,33.07
2544,31.0,32.21
2480,20.0,27.97
3069,41.0,39.2
689,38.0,35.56
2928,32.0,30.9
1202,38.0,35.71
2505,36.0,31.64
465,37.0,33.94
2010,36.0,38.68
3077,38.0,35.94
3886,27.0,29.21
198,21.0,28.95
1568,33.0,31.16
660,39.0,37.1
945,28.0,28.36
3920,34.0,30.42
29,31.0,37.29
3600,32.0,38.11
3857,33.0,34.91
623,45.0,35.12
3686,29.0,32.63
1454,37.0,37.73
3070,43.0,36.49
1627,31.0,36.51
1495,38.0,34.18
1595,34.0,38.81
3168,39.0,38.29
2872,38.0,33.39
1263,40.0,34.59
2844,31.0,34.83
1767,33.0,38.29
1683,28.0,28.55
3463,38.0,33.32
502,35.0,37.3
2940,40.0,37.98
3946,38.0,35.95
3370,34.0,34.98
1593,35.0,35.1
506,31.0,33.7
81,36.0,33.21
1757,23.0,28.59
301,38.0,38.2
3620,46.0,40.89
4121,37.0,33.77
2360,22.0,29.35
2195,44.0,37.87
1103,37.0,36.63
2974,31.0,29.48
1754,34.0,34.13
3340,42.0,40.7
473,31.0,31.32
2471,30.0,30.32
1789,30.0,32.92
3480,28.0,35.04
1852,33.0,33.19
590,36.0,31.41
3853,36.0,35.75
3122,36.0,31.85
3526,30.0,36.085
3418,40.0,40.35
1449,35.0,29.53
4118,38.0,36.71
3157,41.0,36.03
2711,38.0,37.27
3488,45.0,39.81
2302,41.0,38.03
814,40.0,36.88
261,30.0,36.33
999,33.0,33.32
527,37.0,33.37
1560,36.0,31.53
1496,39.0,34.22
2994,42.0,33.9
511,38.0,39.73
3104,36.0,32.47
3566,36.0,36.12
3718,41.0,38.75
543,34.0,32.24
425,24.0,26.59
242,36.0,33.66
2777,37.0,37.32
3678,37.0,38.21
2776,31.0,31.49
2829,30.0,32.76
1909,37.0,30.27
711,29.0,31.06
2707,30.0,31.55
2529,31.0,29.59
3167,33.0,28.81
2449,29.0,37.38
178,30.0,28.53
2556,34.0,34.29
218,33.0,32.99
3810,27.0,38.86
161,37.0,36.82
581,30.0,34.2
3593,35.0,32.64
1745,33.0,36.14
156,40.0,41.11
2092,38.0,34.23
1528,35.0,36.67
3979,33.0,32.52
701,39.0,33.46
104,39.0,40.57
2620,34.0,29.89
2245,38.0,36.31
1464,28.0,30.12
243,42.0,38.38
1614,38.0,35.31
1155,40.0,38.42
744,25.0,33.19
1443,27.0,30.55
1497,20.0,33.92
1677,38.0,37.74
2971,19.0,26.39
3487,38.0,36.23
1199,37.0,34.78
2585,31.0,32.29
2912,41.0,36.3
44,45.0,38.67
45,28.0,35.18
2359,41.0,36.44
342,38.0,34.47
2965,30.0,31.59
2642,39.0,33.97
2397,30.0,32.08
270,30.0,29.99
1331,37.0,36.89
1479,32.0,31.96
1236,32.0,35.74
1915,39.0,37.12
3074,40.0,35.45
849,39.0,35.23
3006,28.0,33.3
1781,36.0,33.02
2354,34.0,33.62
3478,38.0,38.22
1485,31.0,36.91
2034,33.0,36.13
1198,35.0,31.41
2686,32.0,33.38
1405,33.0,32.36
2843,34.0,30.03
2176,36.0,34.21
3861,28.0,31.72
765,30.0,32.71
2548,35.0,34.18
2050,32.0,30.82
3962,38.0,36.2
3428,37.0,35.15
2178,46.0,39.1
3965,37.0,34.31
3862,29.0,26.3
1491,35.0,36.08
3586,36.0,41.13
832,41.0,37.46
2126,34.0,40.13
3450,31.0,34.43
1486,36.0,30.76
356,26.0,30.73
2697,39.0,34.22
2156,38.0,36.925
3556,33.0,33.51
4027,34.0,32.68
1637,38.0,33.41
1713,27.0,31.04
1804,40.0,34.7
2903,30.0,37.65
1169,39.0,34.7
182,34.0,33.54
2461,38.0,36.98
1508,39.0,34.53
713,28.0,31.22
1291,47.0,44.37
1680,30.0,31.1
3764,24.0,29.5
2647,34.0,32.36
1487,45.0,42.13
177,32.0,34.82
3156,32.0,31.82
341,32.0,30.44
1639,40.0,38.6
445,42.0,35.08
3696,29.0,30.23
1926,45.0,34.61
2558,39.0,30.63
1620,32.0,31.74
495,35.0,34.99
1432,38.0,28.2
1148,42.0,35.74
1975,27.0,35.42
1245,39.0,35.97
674,30.0,40.04
3524,30.0,35.1
3436,27.0,35.2
331,29.0,28.94
484,42.0,35.015
578,33.0,34.6
2649,27.0,28.01
1894,31.0,26.41
3584,40.0,37.57
1366,40.0,33.37
3991,30.0,34.94
62,42.0,40.03
3372,32.0,36.94
748,31.0,32.49
258,36.0,37.89
2762,29.0,31.99
868,28.0,35.675
3836,38.0,39.13
695,29.0,35.5
225,27.0,33.35
2784,17.0,26.99
1730,36.0,37.76
90,35.0,30.61
1317,40.0,36.9
3945,36.0,37.07
1151,28.0,31.48
2975,29.0,30.0
1353,34.0,29.82
451,39.0,40.22
3521,37.0,35.57
3672,35.0,34.89
1233,32.0,30.37
2930,34.0,32.1
1456,37.0,36.18
2839,39.0,34.53
894,32.0,31.69
2515,38.0,37.68
288,37.0,38.3
278,37.0,42.07
1062,36.0,36.53
2424,37.0,34.1
1534,28.0,32.82
1976,44.0,39.18
3443,35.0,35.46
437,34.0,36.46
3100,40.0,34.64
4101,35.0,35.42
522,38.0,35.78
1129,38.0,37.45
1304,35.0,35.72
2212,37.0,34.55
2158,41.0,41.62
2566,34.0,39.54
565,29.0,29.53
574,39.0,36.26
2493,46.0,39.22
620,35.0,32.5
457,36.0,31.97
1697,39.0,39.94
222,28.0,28.77
3688,35.0,30.92
3408,41.0,37.77
1817,29.0,26.83
3893,25.0,30.44
3333,33.0,27.32
3467,34.0,35.46
1710,30.0,29.21
1682,33.0,30.88
3159,38.0,39.18
1727,25.0,33.7
921,37.0,31.38
723,36.0,37.45
3363,30.0,31.9
2992,37.0,37.44
1473,40.0,30.8
3704,33.0,32.69
3092,32.0,30.65
595,40.0,37.29
2543,40.0,35.72
3828,37.0,38.92
0,31.0,37.47
1089,29.0,32.67
3927,35.0,31.07
3626,37.0,36.38
1094,44.0,34.05
3291,44.0,38.19
251,38.0,35.63
2536,34.0,31.95
1591,32.0,38.94
2454,34.0,34.51
1653,38.0,39.88
668,39.0,38.91
1875,28.0,32.08
2098,37.0,38.8
1558,39.0,38.22
179,37.0,37.155
282,35.0,39.37
1429,35.0,29.0
2778,39.0,31.39
3382,32.0,34.145
795,33.0,33.17
2598,35.0,31.49
1341,37.0,40.78
2328,38.0,38.44
430,30.0,33.96
1264,38.0,35.5
221,35.0,33.57
3101,37.0,34.09
2370,37.0,34.83
3325,35.0,36.19
3702,27.0,33.39
2632,37.0,36.74
2918,32.0,36.63
1401,34.0,32.25
2893,36.0,34.095
464,41.0,36.85
1801,35.0,34.74
387,39.0,39.28
3456,35.0,32.85
3943,32.0,25.71
2773,35.0,35.27
448,40.0,37.87
762,29.0,35.96
382,27.0,37.43
3366,39.0,40.93
2459,40.0,36.51
788,37.0,31.14
1217,36.0,35.72
662,38.0,33.89
1505,40.0,34.51
4132,36.0,34.45
2465,40.0,41.14
1562,39.0,37.27
3922,39.0,35.22
2258,28.0,32.56
3663,26.0,27.79
250,38.0,34.78
847,33.0,33.07
521,33.0,34.96
1732,34.0,34.64
2595,40.0,34.85
3144,33.0,35.46
4057,27.0,34.59
1144,38.0,35.8
3078,38.0,35.46
3087,31.0,33.88
2946,43.0,35.29
3342,31.0,33.02
2478,39.0,39.15
3084,32.0,33.28
3826,29.0,28.69
559,44.0,37.45
2870,32.0,32.12
3492,35.0,40.95
2597,34.0,31.26
947,37.0,31.26
4061,29.0,32.18
630,35.0,34.91
1281,35.0,33.67
1196,38.0,39.82
3498,32.0,30.94
501,39.0,40.94
2384,32.0,37.71
3601,36.0,36.69
1212,37.0,39.72
262,34.0,31.73
2341,35.0,31.33
1369,40.0,35.68
2644,38.0,32.71
3754,29.0,30.64
2957,32.0,33.76
