,y_test,prediction
981,25.0,36.65742718688677
3581,44.0,33.6255982958741
2552,34.0,34.80374332330001
1294,33.0,34.25947058998496
1744,37.0,38.66708442384345
188,41.0,41.29956978156513
3268,37.0,35.59459570168363
1191,38.0,32.81959686696351
3783,43.0,40.64239571516327
1447,43.0,34.39943510879073
3345,32.0,34.18752383317935
95,36.0,33.608233211454206
2456,37.0,32.17405480528351
2186,31.0,32.67325887671083
111,33.0,32.79874153106482
2690,39.0,39.51082612826277
3614,36.0,35.409548624425994
1251,37.0,37.728667330973074
2858,29.0,33.74776350625939
3015,42.0,40.01576795604023
1513,25.0,32.90972695561466
377,39.0,37.0186558000342
1201,32.0,31.376461399657064
2894,28.0,33.16916726670736
2419,41.0,35.97521511316132
200,45.0,39.63906386833391
3192,34.0,37.022005427752816
2016,40.0,37.57111999905256
329,41.0,36.7410536710162
328,38.0,38.759361973010165
1721,37.0,34.185531141934035
153,40.0,35.90075346071707
2924,37.0,36.735792155918006
785,36.0,34.691722614501714
2744,34.0,32.821987607173085
1480,37.0,35.999961551172575
2179,37.0,39.53073701478449
2408,40.0,38.12669978626753
3579,33.0,34.10632738109849
1722,37.0,42.3449296042662
3073,42.0,37.756775200271456
415,34.0,35.758786166224155
884,32.0,39.27352845377664
3557,36.0,33.88641780177331
2841,37.0,34.25454907008525
2030,28.0,28.489229169555156
297,40.0,35.38258411313477
454,31.0,32.03037199003118
3247,40.0,37.0562947028027
32,32.0,32.012799830711195
1342,35.0,34.01765267099163
1879,27.0,30.424113134128564
122,31.0,34.489408510773195
3407,29.0,33.10623179214211
183,36.0,37.35478251215315
1394,28.0,32.938913906005354
4122,34.0,32.45367597907537
3525,27.0,28.340492164182823
1470,32.0,35.04710139549295
4040,46.0,36.942498188464505
2625,30.0,36.841226183280355
1911,34.0,33.61227892035286
1581,42.0,34.392651189996
846,34.0,31.085569343689688
14,41.0,36.751081600213055
1786,34.0,37.507921073138306
2022,27.0,29.017104476395804
458,37.0,39.838458257911334
2830,29.0,36.055070545457454
2884,48.0,36.71413822979115
3033,37.0,31.478002896027533
2193,44.0,34.3649313701546
550,40.0,37.85740281800218
1323,52.0,39.87597410592742
1234,33.0,34.38703084830942
2484,27.0,31.315716444795168
421,32.0,30.814058669489224
2958,36.0,34.344262852228056
3330,43.0,38.3045821513308
3203,39.0,32.59100521682974
244,34.0,37.38989895734473
479,35.0,37.33391880435318
3513,39.0,31.597219633182284
17,37.0,31.85649788869416
260,31.0,34.83152262168495
224,33.0,34.14540787679937
1641,33.0,31.512334664568744
424,35.0,39.10605260762156
560,20.0,30.531119798088387
1600,30.0,33.220204142107264
233,30.0,33.490868537707726
3206,46.0,40.02260722192563
1090,42.0,39.325813040203194
2639,32.0,31.5632490123442
2286,30.0,32.412947829498414
3742,28.0,32.465833686907544
2717,30.0,36.006893517354484
3452,39.0,37.89892434239867
332,32.0,31.434192479414868
2788,38.0,36.9079740574851
3823,37.0,37.96992640796592
2576,26.0,30.945382945072488
2228,47.0,40.46545794522442
447,38.0,35.95969295753446
825,37.0,37.42983331827455
2035,27.0,32.61580260820758
2987,36.0,31.085644533782684
2663,32.0,34.68523532556813
3337,40.0,41.787263436954326
1950,28.0,29.244820416753797
3198,39.0,34.354907122968655
3307,28.0,29.535517939032825
52,36.0,40.16354938438029
2813,32.0,38.289664055396486
481,31.0,28.177461462275808
775,36.0,35.822004372742285
1630,30.0,33.25648608332945
3332,37.0,36.74350914657565
1276,36.0,36.5523541222269
3209,42.0,40.089449067574684
1724,38.0,37.84789749662666
1890,28.0,33.33344693459002
2722,44.0,36.458395362436434
4124,35.0,35.36364267264757
852,39.0,35.3459980574141
2145,41.0,38.85246049014707
4077,35.0,30.426475113586843
2058,28.0,35.44967638509611
2070,31.0,33.797217072918045
2413,37.0,34.37465672756835
567,27.0,35.17518986844725
1998,29.0,39.227743232265176
1184,36.0,33.612245150427555
53,36.0,38.069459949652945
1257,24.0,31.74916317621161
26,35.0,33.1428865694769
2138,43.0,34.607026131692606
855,27.0,31.418700645204503
1709,34.0,43.67211391064781
801,27.0,27.983696402506588
856,32.0,30.147606746053086
2630,35.0,34.44413404399107
3185,36.0,39.20657339866156
1902,31.0,33.55983272501949
1822,34.0,30.812276585406035
2650,29.0,32.497725750864895
858,30.0,35.81363292611054
1418,31.0,39.152232972328555
2334,40.0,40.996616787251696
2131,45.0,41.27614236474998
3246,28.0,33.553715325473036
3657,40.0,37.391808158783846
2733,39.0,36.36987272054302
4114,21.0,30.60962177292646
2490,23.0,31.333898209140226
3446,29.0,32.91527602073252
2760,33.0,38.42918535198459
1287,34.0,34.15167874742251
3127,37.0,35.267656804015736
2402,47.0,39.53779168707866
2962,39.0,39.584190799661506
3930,35.0,37.0978032299409
2136,40.0,38.88382133287938
3228,39.0,37.62032576476904
2312,37.0,36.4314535268463
4102,35.0,40.04044907585481
3254,26.0,35.97903718867745
33,28.0,33.67727406551198
2141,28.0,37.91245994006932
755,30.0,32.498230689553154
316,44.0,37.25202414568151
3645,32.0,34.546587138283144
406,30.0,29.818817932290834
3413,31.0,30.36177132702139
2114,26.0,27.41911288843312
1731,39.0,40.13131799098442
3741,27.0,31.170693183516253
1631,34.0,35.84013121418596
1638,42.0,42.02092462778025
267,34.0,33.95270251040414
2654,36.0,35.9713961360486
3061,37.0,34.24011116656149
3195,31.0,34.36718852953216
3715,38.0,32.37916222377207
1564,50.0,39.35190328768134
584,35.0,39.12725954342009
215,25.0,34.83620592489686
2414,41.0,36.39089321739132
926,43.0,36.6180749583163
71,30.0,36.697259199239014
570,38.0,34.856974213228725
2347,43.0,35.83382216205129
1961,40.0,34.781770807324655
1268,37.0,35.413115552565905
3802,34.0,35.84278914354006
1764,35.0,35.8090830870111
957,31.0,34.32884805132737
2775,35.0,35.72145421768865
3468,36.0,30.38904206618905
1041,28.0,32.52783594063766
1143,38.0,33.203441345945635
2001,24.0,37.6606355582729
3617,35.0,37.577987607344156
4103,27.0,32.37308988884751
369,36.0,39.39314030888274
429,32.0,37.539715096595934
365,27.0,33.35332547858026
617,34.0,30.523822140171777
3352,30.0,31.233781375180623
3869,34.0,33.280089290965115
3928,32.0,35.1999154358022
1188,26.0,31.811752919700606
174,34.0,35.531102040556284
304,38.0,40.42035665207882
2166,40.0,38.087403212099744
1137,45.0,42.49560185947346
3587,36.0,36.356197834203115
2029,32.0,31.17147049141527
3215,40.0,35.28492022458563
192,29.0,27.761606464458232
2066,34.0,37.218499080275734
12,40.0,36.640809982646914
3931,38.0,40.03335821448961
3690,33.0,35.16592002400299
728,34.0,39.087730777533366
1160,44.0,36.313491072036385
399,29.0,34.67901449077123
2133,40.0,38.0209326289309
1559,24.0,28.64950719801117
3883,24.0,32.33114038634095
1566,36.0,35.55073350682492
1019,34.0,35.192202105315765
494,32.0,32.0213418605466
1997,34.0,35.37026248059325
2578,25.0,36.63858148978566
3515,32.0,32.783177567726185
1830,27.0,35.44583895199098
3003,37.0,38.57504152056523
2935,43.0,40.36270664476956
971,42.0,37.031355800851586
2447,38.0,36.6890957691729
136,33.0,30.963265125326306
2952,34.0,34.91590496565394
3295,37.0,39.59077008991083
929,31.0,30.895828118479162
428,37.0,32.21457432544736
3282,33.0,36.27677911620161
2322,36.0,31.866709710184303
2702,39.0,36.771649804964014
3636,35.0,36.08317733394741
3622,44.0,38.76684241138041
2833,31.0,32.03176360910411
3816,29.0,32.47451293700935
2155,36.0,32.767947613941985
2271,28.0,26.835960380835147
1649,43.0,39.869768211009806
2811,29.0,39.48299655771523
612,34.0,33.37496349686248
2356,25.0,29.418787388680073
362,38.0,37.31305074858301
735,37.0,36.137573076555675
949,37.0,33.787736324578624
827,24.0,27.686213329833226
2976,33.0,33.30804162168702
274,28.0,29.214987291977998
1225,35.0,36.98215663731554
2662,31.0,30.543220967652477
2890,44.0,29.562027444084467
3062,45.0,39.18459748524154
3628,35.0,33.91504236221953
936,40.0,38.15819826177057
1468,44.0,35.705271598914635
517,39.0,38.157539302950006
3575,39.0,35.58621803164211
187,32.0,31.838839612039575
1153,39.0,40.4606994270198
977,26.0,35.996764532722835
1232,33.0,31.37540299498603
1367,42.0,33.77946739121971
142,37.0,41.92454362345431
966,31.0,32.064965208585285
2827,38.0,37.16514265157028
3542,34.0,38.11886381030071
2252,35.0,38.81163501639292
3303,32.0,32.78554872361942
869,37.0,34.55269127956945
477,32.0,37.94173743328249
3297,41.0,38.03012353328824
1301,37.0,35.280400503208476
147,40.0,34.00098768822318
3540,40.0,38.897441190241864
3399,31.0,31.93370279762994
3751,37.0,34.514609626500786
3984,33.0,39.48059436120937
379,36.0,39.083531949388714
1652,32.0,34.572037461416016
3903,33.0,31.561383756535356
3129,42.0,32.65055576359044
3271,24.0,29.448749886258035
777,28.0,30.55821657718925
255,35.0,32.041421600413024
2492,25.0,33.73875777141377
3394,40.0,36.09474024239458
322,27.0,36.89242309687979
2125,34.0,39.053039281809724
3324,40.0,36.562837651422996
283,25.0,33.581703826767075
1375,30.0,30.81877905783123
2906,34.0,32.070035525780305
305,30.0,30.59168447140817
3792,33.0,36.50310275513196
1427,37.0,33.91202959190784
2774,30.0,34.36284106717876
1219,36.0,34.53446609125106
3179,29.0,32.77162119935944
2085,37.0,31.126510410030384
639,32.0,36.41926911361986
2582,40.0,38.205245561262174
2182,36.0,34.75006695596729
3116,37.0,30.17698150769353
3131,34.0,38.50023231289535
1208,25.0,36.06265345575152
3202,32.0,28.109577977151016
2623,38.0,38.45820450307552
1388,33.0,31.414970093671176
59,30.0,36.061449987379554
77,29.0,33.587092856899005
2329,29.0,35.284925734786
1017,34.0,38.49123229065106
2201,30.0,36.13349447985485
3298,42.0,38.856305998767844
1877,32.0,33.25705632721835
554,37.0,36.51750030523567
2575,41.0,38.30628448380188
1242,40.0,36.91723651807883
2387,33.0,35.76056738297015
3106,28.0,29.522364672585194
1149,35.0,33.51001907089477
934,31.0,33.27412562589382
1990,30.0,37.43900048621903
2457,40.0,29.840588291910027
126,36.0,34.66053971706114
321,40.0,37.184033388988674
3884,47.0,39.97394523649765
312,36.0,36.67767128126293
453,35.0,34.249176236612186
1623,37.0,35.932699199405725
2734,39.0,37.23832300050147
2840,39.0,38.21128009314303
2169,41.0,39.30718422131013
3348,38.0,38.00099598811475
3188,38.0,37.94297551719978
3643,44.0,34.611366350559784
1824,30.0,32.951434062125244
838,26.0,29.11282631156565
2491,43.0,42.63046736951556
30,34.0,32.670313928138796
2013,33.0,32.59934166378234
207,39.0,38.62826571012362
1531,38.0,35.134400806579436
3737,34.0,33.21763721635893
1384,31.0,34.7013630245729
64,42.0,37.93556991746274
3684,42.0,34.618137907855356
2086,35.0,30.24088127311114
1840,39.0,35.0979346558336
895,37.0,33.476319066368376
160,39.0,37.78854567228907
2803,36.0,38.61146837576374
2202,37.0,32.82195020059089
676,27.0,31.109391341853847
196,38.0,38.6034934275655
2881,39.0,35.50514024703304
3055,41.0,38.64850244270035
2439,32.0,34.03504838080768
3180,37.0,38.267096106507154
3944,40.0,37.275674886003955
295,30.0,33.9588827694033
170,26.0,35.830682178002235
3724,31.0,38.16087569095463
842,39.0,32.548595131403644
2544,31.0,32.078414250637735
2480,20.0,32.076289823006505
3069,41.0,39.031014214087314
689,38.0,36.236067573614484
2928,32.0,31.652819288349633
1202,38.0,34.55067931053089
2505,36.0,31.233341154800144
465,37.0,34.73036613098476
2010,36.0,38.92246351610121
3077,38.0,35.63785881225075
3886,27.0,31.147313762825934
198,21.0,28.778870692640623
1568,33.0,31.261595366873433
660,39.0,36.44251574265755
945,28.0,29.687142197064862
3920,34.0,31.57297623326005
29,31.0,37.3469080084831
3600,32.0,36.599262815385316
3857,33.0,35.870832660038964
623,45.0,37.96294281690227
3686,29.0,32.5871894677736
1454,37.0,36.49616606078234
3070,43.0,36.80932841208531
1627,31.0,34.02549598728866
1495,38.0,34.96275990294034
1595,34.0,37.47273408335835
3168,39.0,37.05766071818244
2872,38.0,33.10068895861392
1263,40.0,33.954827741847055
2844,31.0,35.87919104449758
1767,33.0,37.0495141412419
1683,28.0,29.72454547446105
3463,38.0,33.24033443996676
502,35.0,35.904313439159964
2940,40.0,36.779600106714724
3946,38.0,35.50530271413092
3370,34.0,32.79239355460068
1593,35.0,36.25208323152672
506,31.0,32.37931698778422
81,36.0,33.179044818722645
1757,23.0,29.06733956281144
301,38.0,40.391187400654374
3620,46.0,43.31135604218008
4121,37.0,35.65559767039527
2360,22.0,28.902890744624507
2195,44.0,38.703539195530844
1103,37.0,36.99772390068463
2974,31.0,30.26883563522322
1754,34.0,33.36977471935832
3340,42.0,41.251696659121
473,31.0,33.16710264461585
2471,30.0,28.902346212915766
1789,30.0,33.245325271988875
3480,28.0,32.90631702947211
1852,33.0,31.757268587698775
590,36.0,32.134358607592866
3853,36.0,34.06609425098209
3122,36.0,31.507077194102095
3526,30.0,35.83478806424894
3418,40.0,40.56019076799492
1449,35.0,30.046293375687874
4118,38.0,37.72996989485511
3157,41.0,36.15514521501419
2711,38.0,36.175015141352475
3488,45.0,39.705233900107444
2302,41.0,37.24188669498499
814,40.0,34.761541530884216
261,30.0,36.811401297116916
999,33.0,32.6213764964571
527,37.0,32.84770383552928
1560,36.0,31.507821719448238
1496,39.0,34.46707763300405
2994,42.0,37.14876754613097
511,38.0,38.59600050615006
3104,36.0,34.09073561440912
3566,36.0,35.57149913763641
3718,41.0,37.90818677538048
543,34.0,34.09551857130576
425,24.0,27.17044586766495
242,36.0,34.381083579290774
2777,37.0,37.159865285962574
3678,37.0,39.16176472787899
2776,31.0,30.84734173218595
2829,30.0,32.974344954000244
1909,37.0,31.00370229738355
711,29.0,30.924941686413238
2707,30.0,31.5709208393439
2529,31.0,30.348737813698083
3167,33.0,29.480632610540837
2449,29.0,37.84725059232126
178,30.0,28.28759095386614
2556,34.0,34.22057612387102
218,33.0,33.301250749181875
3810,27.0,39.52498456383371
161,37.0,35.34591959832162
581,30.0,34.281935307851896
3593,35.0,34.83122073716213
1745,33.0,33.750508276086194
156,40.0,39.1205501376979
2092,38.0,32.14464847755283
1528,35.0,35.85812592022562
3979,33.0,33.66276084427079
701,39.0,32.90384922082584
104,39.0,38.402034760320696
2620,34.0,32.17693061039566
2245,38.0,39.128137615834476
1464,28.0,29.674528299640677
243,42.0,37.885874040913286
1614,38.0,36.38967394377648
1155,40.0,37.769895338063854
744,25.0,31.62103937326519
1443,27.0,30.384428672594694
1497,20.0,34.518383208427295
1677,38.0,38.37682926584747
2971,19.0,26.702467838455217
3487,38.0,36.19876073317743
1199,37.0,36.91022448002244
2585,31.0,33.07163306440623
2912,41.0,40.355033877198395
44,45.0,35.86454379711182
45,28.0,33.55806450358748
2359,41.0,35.46293752476927
342,38.0,33.270085741326824
2965,30.0,31.76929606531565
2642,39.0,35.12037079205081
2397,30.0,31.928722738479724
270,30.0,31.586525036407593
1331,37.0,37.019141382495995
1479,32.0,30.24727593557822
1236,32.0,35.540074673002195
1915,39.0,35.802563854059
3074,40.0,36.18774099345704
849,39.0,34.71831381128828
3006,28.0,34.274158913205866
1781,36.0,36.29184518552357
2354,34.0,33.969736207114224
3478,38.0,38.572289281115246
1485,31.0,35.25713121351539
2034,33.0,35.57364329991404
1198,35.0,31.933071966313925
2686,32.0,33.67036912403891
1405,33.0,31.873553931584315
2843,34.0,30.590501058251796
2176,36.0,34.468883044085665
3861,28.0,31.26450699701505
765,30.0,33.3126117124463
2548,35.0,34.10280704122178
2050,32.0,30.996360165453787
3962,38.0,37.017074129316946
3428,37.0,33.731702161105275
2178,46.0,41.03512917597557
3965,37.0,33.89694251079065
3862,29.0,27.155658840315127
1491,35.0,36.475896703771774
3586,36.0,42.20708123023171
832,41.0,38.237377827839374
2126,34.0,39.47020649240314
3450,31.0,34.41261114944791
1486,36.0,30.022364165636084
356,26.0,30.78992622254558
2697,39.0,36.699270166590566
2156,38.0,35.78534148068126
3556,33.0,33.003155424519015
4027,34.0,32.61544766438949
1637,38.0,35.06725563920348
1713,27.0,32.06414480851475
1804,40.0,35.53627242485552
2903,30.0,37.36128581398364
1169,39.0,35.21757702905157
182,34.0,33.48563844976785
2461,38.0,38.29093555293116
1508,39.0,34.86893842254876
713,28.0,31.0733669025619
1291,47.0,40.96512010936807
1680,30.0,31.126342618486174
3764,24.0,29.981210779371327
2647,34.0,31.27473713246077
1487,45.0,45.333967843274586
177,32.0,34.28420459246477
3156,32.0,32.787896128184144
341,32.0,32.820680806335105
1639,40.0,37.476120405343366
445,42.0,35.47938405185943
3696,29.0,30.359970356898003
1926,45.0,33.947719813933944
2558,39.0,32.239959122729076
1620,32.0,31.688962309973867
495,35.0,33.925907214112954
1432,38.0,31.0594777281131
1148,42.0,35.120399128975535
1975,27.0,34.271982928256264
1245,39.0,34.95442781831424
674,30.0,39.456630496316166
3524,30.0,37.37408163954314
3436,27.0,33.60257192030171
331,29.0,30.284593770125962
484,42.0,36.223132627539734
578,33.0,33.8922029461345
2649,27.0,29.608783127107134
1894,31.0,27.877702913194685
3584,40.0,38.221077459311715
1366,40.0,36.366788831186575
3991,30.0,34.60175452816128
62,42.0,41.70846206941656
3372,32.0,36.1159056540631
748,31.0,33.15048706721835
258,36.0,38.34042765991673
2762,29.0,32.94798246071795
868,28.0,35.513217337678064
3836,38.0,38.62408916648837
695,29.0,34.3038434623096
225,27.0,32.85122804083356
2784,17.0,25.943442551537586
1730,36.0,37.04278105253499
90,35.0,32.29046503221466
1317,40.0,38.454719133914224
3945,36.0,38.59429070747022
1151,28.0,31.127583551893984
2975,29.0,30.153420141874406
1353,34.0,30.411991763714198
451,39.0,39.04101049767178
3521,37.0,35.44443806329295
3672,35.0,35.63776325456551
1233,32.0,30.764004751500746
2930,34.0,32.989231177628554
1456,37.0,38.777220415122976
2839,39.0,36.65397471123567
894,32.0,31.866455448123652
2515,38.0,38.192845779778324
288,37.0,36.27766220586429
278,37.0,41.77569772778314
1062,36.0,34.70735658197929
2424,37.0,33.38613279274871
1534,28.0,32.565229254354556
1976,44.0,40.41457840141906
3443,35.0,34.980775984426764
437,34.0,37.49411769363432
3100,40.0,33.841917350583955
4101,35.0,34.76845652942141
522,38.0,34.71264066090739
1129,38.0,37.16629564247574
1304,35.0,35.10395059856171
2212,37.0,35.54703500930347
2158,41.0,45.451378435759125
2566,34.0,38.63019783803428
565,29.0,29.861574297174037
574,39.0,37.85071094762419
2493,46.0,38.952214148124646
620,35.0,33.48424723311987
457,36.0,32.89464257769645
1697,39.0,40.93275940087774
222,28.0,29.811450050041266
3688,35.0,32.471031342628024
3408,41.0,38.25972369609038
1817,29.0,28.218316164523895
3893,25.0,30.028383383785176
3333,33.0,28.55919490476031
3467,34.0,36.61167862981736
1710,30.0,30.08916667231831
1682,33.0,31.305580494186476
3159,38.0,39.18538482406675
1727,25.0,32.49268401402094
921,37.0,30.730198281760632
723,36.0,36.05407635142248
3363,30.0,31.09732933044785
2992,37.0,36.16016769179744
1473,40.0,31.906258790492828
3704,33.0,34.25948663721764
3092,32.0,31.034804774515166
595,40.0,37.28117865355965
2543,40.0,35.138448067358944
3828,37.0,37.94467635176251
0,31.0,38.16243843939136
1089,29.0,33.12510239935749
3927,35.0,31.474193593697056
3626,37.0,35.50041496712965
1094,44.0,35.022792872442466
3291,44.0,37.561225571849626
251,38.0,35.51538462227253
2536,34.0,32.18622318458667
1591,32.0,37.27500779732566
2454,34.0,37.764393748013305
1653,38.0,39.62536400644443
668,39.0,38.966416799997845
1875,28.0,33.03606960857289
2098,37.0,37.6805585361584
1558,39.0,37.8536378911706
179,37.0,35.38040338834074
282,35.0,40.06225955790424
1429,35.0,29.56800463915799
2778,39.0,32.681449802309686
3382,32.0,34.35325387263216
795,33.0,31.986770016769754
2598,35.0,31.944160772047738
1341,37.0,41.1213116818891
2328,38.0,39.163315825663936
430,30.0,33.728174768999075
1264,38.0,33.653339014474284
221,35.0,34.214495184124374
3101,37.0,35.0193878264818
2370,37.0,34.69918903727493
3325,35.0,37.123982638197084
3702,27.0,33.20339531142221
2632,37.0,35.65362589211027
2918,32.0,35.922650604398406
1401,34.0,31.198014390130545
2893,36.0,33.070335805561726
464,41.0,38.862743017193615
1801,35.0,33.46167189664929
387,39.0,40.73033833041451
3456,35.0,31.965578890638955
3943,32.0,26.565939912424525
2773,35.0,35.88665030886456
448,40.0,38.466892370101355
762,29.0,34.91880120358762
382,27.0,36.77077226083961
3366,39.0,40.95088391396166
2459,40.0,37.31240046779109
788,37.0,30.919610688955252
1217,36.0,36.89281863458327
662,38.0,33.292580975225164
1505,40.0,33.687059623690644
4132,36.0,33.99443856381829
2465,40.0,44.14311537379522
1562,39.0,37.39091837244578
3922,39.0,33.07441191810899
2258,28.0,32.84524675672455
3663,26.0,27.74034246570786
250,38.0,35.521810595752314
847,33.0,33.47610264766994
521,33.0,35.2765019573051
1732,34.0,34.03208838248685
2595,40.0,33.5199530652626
3144,33.0,34.62318022716886
4057,27.0,34.65409318829599
1144,38.0,36.94976215841302
3078,38.0,35.04509524796187
3087,31.0,35.07209271940043
2946,43.0,34.710366156926945
3342,31.0,33.37078683025427
2478,39.0,38.99435608165089
3084,32.0,34.41491249071858
3826,29.0,29.157741521075625
559,44.0,38.0982602738764
2870,32.0,32.39994288390483
3492,35.0,42.53275599440653
2597,34.0,30.63737633371809
947,37.0,30.65612803628612
4061,29.0,32.07001530428006
630,35.0,35.62139434485604
1281,35.0,33.99743759097686
1196,38.0,42.22086844851564
3498,32.0,30.94442405137164
501,39.0,38.32896604975661
2384,32.0,36.69860762204202
3601,36.0,38.084574063869624
1212,37.0,40.8396882111635
262,34.0,33.43174960399404
2341,35.0,31.168371144209907
1369,40.0,35.976623443483476
2644,38.0,33.77361087862092
3754,29.0,28.414095911179317
2957,32.0,35.091030539747074
