,y_test,prediction
981,25.0,37.57271981328878
3581,44.0,32.97787356231606
2552,34.0,34.77949923954727
1294,33.0,34.1460195263673
1744,37.0,38.500150075623274
188,41.0,41.12505415919009
3268,37.0,35.434541955370335
1191,38.0,33.509614194922605
3783,43.0,40.4462841648093
1447,43.0,34.893873007711065
3345,32.0,34.894037827511646
95,36.0,34.28385421318049
2456,37.0,32.481885676472594
2186,31.0,32.77462563740406
111,33.0,32.85460017782604
2690,39.0,40.56459733866051
3614,36.0,34.65205017977295
1251,37.0,37.159919036012425
2858,29.0,33.55453465700572
3015,42.0,38.58456795582589
1513,25.0,33.33899340632943
377,39.0,36.62227896604513
1201,32.0,31.70718504415075
2894,28.0,33.131275689068175
2419,41.0,35.383190198674
200,45.0,39.44282889953529
3192,34.0,36.6260002837265
2016,40.0,36.306946778076465
329,41.0,37.304704854764225
328,38.0,39.0992187860721
1721,37.0,35.32961411894965
153,40.0,36.078426365824285
2924,37.0,35.825365707989164
785,36.0,36.22372603373662
2744,34.0,33.1490916947339
1480,37.0,35.9837047882765
2179,37.0,38.748785326017334
2408,40.0,37.8520432809721
3579,33.0,34.460147270880896
1722,37.0,42.30541702702102
3073,42.0,37.71888141477539
415,34.0,35.12567490081361
884,32.0,39.59875630723892
3557,36.0,34.10116063253007
2841,37.0,35.3727613776911
2030,28.0,29.270553839167327
297,40.0,34.145743213321325
454,31.0,31.327617523557695
3247,40.0,36.852959811041316
32,32.0,32.50600570300438
1342,35.0,33.614938224367194
1879,27.0,30.245683012465523
122,31.0,34.625351203810496
3407,29.0,33.63627799404766
183,36.0,36.57731849790107
1394,28.0,33.43258404927925
4122,34.0,32.40662762025653
3525,27.0,29.29673613982367
1470,32.0,34.294423953408156
4040,46.0,37.16376876533619
2625,30.0,36.33919409787876
1911,34.0,33.26563282196143
1581,42.0,34.378519140950445
846,34.0,31.7358194779966
14,41.0,36.13236202654424
1786,34.0,37.38462643745649
2022,27.0,29.581996198104356
458,37.0,38.79141303576219
2830,29.0,37.01058692112161
2884,48.0,36.23710766383796
3033,37.0,32.80648085429185
2193,44.0,34.66307879461875
550,40.0,37.78205413530763
1323,52.0,39.96193368768811
1234,33.0,33.96840848537266
2484,27.0,32.42603900838466
421,32.0,31.032823506868322
2958,36.0,33.37718648635318
3330,43.0,38.021133363494656
3203,39.0,34.657448480409144
244,34.0,37.89617971534792
479,35.0,35.549278369908265
3513,39.0,33.67648896018321
17,37.0,32.75176494007147
260,31.0,35.605553333817966
224,33.0,34.18588705403549
1641,33.0,30.27828354403993
424,35.0,39.111498844496786
560,20.0,29.814612110593814
1600,30.0,32.056217108575396
233,30.0,33.25657212616645
3206,46.0,38.86421317853588
1090,42.0,39.45415615165993
2639,32.0,31.191089400317892
2286,30.0,32.03724566018448
3742,28.0,31.73670015174626
2717,30.0,35.34080022191266
3452,39.0,38.01385873080474
332,32.0,31.27905053199648
2788,38.0,35.557862958597894
3823,37.0,37.54902727417355
2576,26.0,30.003221778046203
2228,47.0,39.72827251870097
447,38.0,34.789749412939884
825,37.0,36.054449491917026
2035,27.0,33.150285905962306
2987,36.0,32.7242285602235
2663,32.0,34.20815464534229
3337,40.0,41.260322472696245
1950,28.0,29.541297612145456
3198,39.0,35.1889603114739
3307,28.0,30.33023675536345
52,36.0,39.102561000791844
2813,32.0,37.56623312750627
481,31.0,27.60926647413821
775,36.0,34.69728450821894
1630,30.0,33.29221026232239
3332,37.0,36.436535105442914
1276,36.0,36.13615050072593
3209,42.0,40.01815106999395
1724,38.0,36.448410547752346
1890,28.0,34.4569065403802
2722,44.0,36.752614878929194
4124,35.0,36.318701290323276
852,39.0,35.171710925227075
2145,41.0,38.41309650719475
4077,35.0,32.53051048856138
2058,28.0,36.349580054934904
2070,31.0,33.915107064528826
2413,37.0,35.43826607469394
567,27.0,35.426893955301736
1998,29.0,38.72138981631095
1184,36.0,37.359651747464696
53,36.0,37.75886414587252
1257,24.0,31.377102493709128
26,35.0,33.859307533569705
2138,43.0,34.79950230150479
855,27.0,33.3492331255939
1709,34.0,43.20603955778652
801,27.0,29.038053122368574
856,32.0,30.706948606615914
2630,35.0,33.221514676632175
3185,36.0,38.582750237404994
1902,31.0,32.77263310384798
1822,34.0,30.738308244126916
2650,29.0,31.91884332041843
858,30.0,35.54067157742726
1418,31.0,39.66608894198088
2334,40.0,39.258999301086554
2131,45.0,40.68957365918852
3246,28.0,32.60522397402271
3657,40.0,36.55867231596079
2733,39.0,35.40285055609937
4114,21.0,30.608589156377906
2490,23.0,31.45418798757346
3446,29.0,32.558439833093146
2760,33.0,38.72374446067634
1287,34.0,34.283714030765466
3127,37.0,34.87873588715516
2402,47.0,39.143009286095285
2962,39.0,39.40762561984823
3930,35.0,37.26612856587174
2136,40.0,37.65766714775001
3228,39.0,36.785675754560934
2312,37.0,36.34250898000022
4102,35.0,39.867972202559905
3254,26.0,35.69770569629589
33,28.0,33.7184832946204
2141,28.0,37.159754939427515
755,30.0,33.087100880676765
316,44.0,37.100066787981866
3645,32.0,35.258663300182015
406,30.0,29.77652480950647
3413,31.0,30.698562605557232
2114,26.0,30.773000583380984
1731,39.0,39.48488014958957
3741,27.0,31.71811413175956
1631,34.0,35.32767730753713
1638,42.0,43.341483571750636
267,34.0,34.33715647635876
2654,36.0,35.38558575081028
3061,37.0,34.56537229298256
3195,31.0,33.61596140234652
3715,38.0,31.322453297466524
1564,50.0,38.46810860976878
584,35.0,38.640243701255024
215,25.0,34.86619171783843
2414,41.0,35.45873431956046
926,43.0,36.28756432919309
71,30.0,37.08787166638356
570,38.0,35.03939487301585
2347,43.0,35.84124994822169
1961,40.0,34.80047465270975
1268,37.0,34.62222035507453
3802,34.0,35.90414462296631
1764,35.0,36.61731656771647
957,31.0,33.853678586253984
2775,35.0,34.71446309856395
3468,36.0,32.44176578899508
1041,28.0,32.389006437963886
1143,38.0,32.45660389525531
2001,24.0,35.90721738810558
3617,35.0,37.1106320966756
4103,27.0,32.418444143981134
369,36.0,39.60489344639089
429,32.0,37.314766575949136
365,27.0,33.26222691547472
617,34.0,30.135366107538648
3352,30.0,31.816734618290834
3869,34.0,34.47845319119317
3928,32.0,34.40206387394048
1188,26.0,31.366321136611937
174,34.0,36.213237141516
304,38.0,43.13281699034954
2166,40.0,37.88814397990275
1137,45.0,42.37895801880157
3587,36.0,36.35108137615515
2029,32.0,31.787891769198446
3215,40.0,35.345232397973255
192,29.0,28.09235955825854
2066,34.0,38.24144915158032
12,40.0,36.94482358569975
3931,38.0,38.27088747986863
3690,33.0,34.876355573190594
728,34.0,39.05200169372647
1160,44.0,35.65285099492713
399,29.0,33.42107514448465
2133,40.0,37.819584022949705
1559,24.0,29.108562048564515
3883,24.0,32.84862218824193
1566,36.0,35.948478849429385
1019,34.0,35.03310078791195
494,32.0,31.348103927311158
1997,34.0,33.886845137836524
2578,25.0,36.24256519726778
3515,32.0,32.44214908694863
1830,27.0,34.49474895179493
3003,37.0,36.76525950019581
2935,43.0,39.23920157617254
971,42.0,36.4174574530225
2447,38.0,36.65234464507222
136,33.0,31.75905741425527
2952,34.0,33.95311251148776
3295,37.0,38.199933249923404
929,31.0,33.117494062848806
428,37.0,31.42427607769349
3282,33.0,35.982088604349755
2322,36.0,32.492826006272594
2702,39.0,35.758766037489586
3636,35.0,35.28919280098599
3622,44.0,38.65407089160771
2833,31.0,33.534397209052436
3816,29.0,33.317210751482776
2155,36.0,33.40081186108273
2271,28.0,27.683354951030463
1649,43.0,38.45584605124781
2811,29.0,38.528918754258065
612,34.0,32.707276029340335
2356,25.0,29.879604612231045
362,38.0,36.945921823741855
735,37.0,36.213631188983555
949,37.0,33.82188479384885
827,24.0,27.215599673324565
2976,33.0,33.93749024084563
274,28.0,30.046309918021247
1225,35.0,36.87618438221851
2662,31.0,30.39993694697622
2890,44.0,33.89163643928245
3062,45.0,39.484240366910214
3628,35.0,32.99060363667462
936,40.0,37.30657632332115
1468,44.0,35.26325069907931
517,39.0,37.155467111761865
3575,39.0,35.790045563942215
187,32.0,32.45639022105007
1153,39.0,40.49259999661466
977,26.0,36.16619030870139
1232,33.0,31.65533339611061
1367,42.0,34.31617077736553
142,37.0,40.56055193930385
966,31.0,33.18673460861456
2827,38.0,37.348102288631466
3542,34.0,38.91563469046119
2252,35.0,38.509167942699825
3303,32.0,33.863328938844965
869,37.0,36.34183671278868
477,32.0,36.307422907556
3297,41.0,37.729839411730595
1301,37.0,36.22757804876015
147,40.0,33.05688362366946
3540,40.0,38.79950818764008
3399,31.0,34.167642600106376
3751,37.0,34.10681898246311
3984,33.0,38.13215975134022
379,36.0,38.86084778733681
1652,32.0,35.335189493156946
3903,33.0,32.52779751193694
3129,42.0,35.07771402178255
3271,24.0,30.969056457860027
777,28.0,30.132008926588963
255,35.0,33.365883483529906
2492,25.0,34.676640271087734
3394,40.0,36.45798811568081
322,27.0,36.95061067721116
2125,34.0,38.12951843880733
3324,40.0,36.7712334479932
283,25.0,34.265670453120364
1375,30.0,30.855520822535055
2906,34.0,32.24457440663285
305,30.0,30.547933763636347
3792,33.0,36.96094561654047
1427,37.0,35.187405009906726
2774,30.0,34.65836658147081
1219,36.0,34.67956856939662
3179,29.0,32.64982742441887
2085,37.0,30.985651832223155
639,32.0,34.85573931210293
2582,40.0,38.55891212429384
2182,36.0,33.58470110716286
3116,37.0,31.730972329558558
3131,34.0,38.139218675820054
1208,25.0,36.540023169122485
3202,32.0,30.094294732594687
2623,38.0,37.666245359041284
1388,33.0,32.00692472806579
59,30.0,35.36842370921588
77,29.0,32.567946375295975
2329,29.0,36.09264887338788
1017,34.0,38.01218155708992
2201,30.0,35.87702072801338
3298,42.0,38.5760567035925
1877,32.0,34.50698862457726
554,37.0,36.21722584053704
2575,41.0,38.30136357432073
1242,40.0,36.805872010956534
2387,33.0,35.65986277376307
3106,28.0,30.005539112439813
1149,35.0,33.422870106728716
934,31.0,35.09606518534694
1990,30.0,36.82980560296463
2457,40.0,30.979033309172333
126,36.0,35.07613136966329
321,40.0,36.39973268193688
3884,47.0,39.086758292280365
312,36.0,35.46129655114014
453,35.0,34.12309015906865
1623,37.0,36.978268990261036
2734,39.0,36.949208165110946
2840,39.0,37.68989187802249
2169,41.0,39.80896707318892
3348,38.0,38.047804208405196
3188,38.0,37.953252212684745
3643,44.0,34.88210877508275
1824,30.0,32.205411964512166
838,26.0,29.212081269937748
2491,43.0,43.205034081625094
30,34.0,31.790624533259304
2013,33.0,32.365141923444675
207,39.0,38.10213625521972
1531,38.0,36.304014331184746
3737,34.0,32.78394559274295
1384,31.0,33.7232327416405
64,42.0,38.02418019949921
3684,42.0,35.85579114636688
2086,35.0,31.460554768525512
1840,39.0,34.85771624187914
895,37.0,32.89563332802936
160,39.0,37.73450461014214
2803,36.0,37.96811618186395
2202,37.0,32.97580378108977
676,27.0,31.8500581206111
196,38.0,37.859541833753184
2881,39.0,35.08591202845739
3055,41.0,37.39807951275752
2439,32.0,33.452921070087285
3180,37.0,37.69993107958328
3944,40.0,37.09855373539887
295,30.0,34.25785838450225
170,26.0,35.76473770424754
3724,31.0,37.208552110152525
842,39.0,31.641514532406493
2544,31.0,32.43962310236101
2480,20.0,31.235992311295547
3069,41.0,38.567489697322884
689,38.0,36.86301144234174
2928,32.0,31.447304031212816
1202,38.0,34.341090103793064
2505,36.0,31.405188503936284
465,37.0,34.32178551573084
2010,36.0,37.5381421886586
3077,38.0,36.78041790615406
3886,27.0,29.969012591248806
198,21.0,29.91713850857506
1568,33.0,31.190091829768036
660,39.0,36.25707208576743
945,28.0,30.392516368087207
3920,34.0,31.484527423660314
29,31.0,36.927130683893395
3600,32.0,35.743684522956855
3857,33.0,34.89649979289511
623,45.0,37.36965198811133
3686,29.0,31.218986624148982
1454,37.0,35.569429514577664
3070,43.0,37.370456005635035
1627,31.0,35.42795199697561
1495,38.0,35.090136734780906
1595,34.0,37.19307707047979
3168,39.0,36.784663689630804
2872,38.0,32.64770196958064
1263,40.0,33.11749654275145
2844,31.0,36.06764102883288
1767,33.0,35.88657487057728
1683,28.0,29.51245563663981
3463,38.0,34.61215451127376
502,35.0,36.748352464629676
2940,40.0,35.67327776426815
3946,38.0,36.01749270880767
3370,34.0,32.96252516974057
1593,35.0,36.24825119696311
506,31.0,33.585644236616126
81,36.0,33.318754552414724
1757,23.0,28.999458873721057
301,38.0,41.51673378811085
3620,46.0,44.336856531634005
4121,37.0,35.06260584093093
2360,22.0,30.893690762440073
2195,44.0,38.874677418594615
1103,37.0,36.45156009814826
2974,31.0,30.090403769557565
1754,34.0,33.44679060643696
3340,42.0,40.06487924683245
473,31.0,32.54682951132203
2471,30.0,29.16866770853425
1789,30.0,32.65013085348676
3480,28.0,31.82000061962118
1852,33.0,31.64788075739485
590,36.0,32.16995112962401
3853,36.0,35.36688825457
3122,36.0,31.60174714531752
3526,30.0,36.40545305602949
3418,40.0,40.028696376521005
1449,35.0,30.77859154796501
4118,38.0,37.91047476970106
3157,41.0,35.20257178586998
2711,38.0,35.95785014311741
3488,45.0,39.09134178582351
2302,41.0,37.43061144510582
814,40.0,35.70953113059968
261,30.0,36.5052002933013
999,33.0,33.392575165320835
527,37.0,33.24437325714588
1560,36.0,31.989128867875365
1496,39.0,33.89925467784098
2994,42.0,35.38524866184275
511,38.0,37.72504216629309
3104,36.0,34.13614542318146
3566,36.0,34.558511856675416
3718,41.0,36.42923308004111
543,34.0,33.66088758996894
425,24.0,27.676475103131423
242,36.0,33.509270707940985
2777,37.0,36.50942679753443
3678,37.0,39.70444794715345
2776,31.0,30.89452467712344
2829,30.0,32.897814150693456
1909,37.0,30.546168857196463
711,29.0,32.497737423455554
2707,30.0,32.54114826322679
2529,31.0,29.458817283625873
3167,33.0,28.956453226044463
2449,29.0,37.7720918166741
178,30.0,29.021755331602034
2556,34.0,34.17677276274213
218,33.0,32.92550975799308
3810,27.0,39.520685940878025
161,37.0,37.040025372414576
581,30.0,34.08349482708611
3593,35.0,34.07001299112706
1745,33.0,31.236382004600443
156,40.0,38.427665394364496
2092,38.0,33.36144773164699
1528,35.0,35.3874224528722
3979,33.0,33.0172108980431
701,39.0,35.15096649440668
104,39.0,38.8506171322667
2620,34.0,32.20616768270391
2245,38.0,39.03640727146838
1464,28.0,30.553060363752625
243,42.0,37.55030158438619
1614,38.0,37.17228806046243
1155,40.0,37.60684734271652
744,25.0,31.661211814154715
1443,27.0,30.972786215616086
1497,20.0,34.36932929931881
1677,38.0,37.004683293886664
2971,19.0,27.532395556215942
3487,38.0,35.942375523000656
1199,37.0,37.66937171661837
2585,31.0,33.642161008165544
2912,41.0,38.887487172205965
44,45.0,35.659811394433895
45,28.0,32.36717447421567
2359,41.0,34.48077937132979
342,38.0,32.69472551933923
2965,30.0,32.43666354605868
2642,39.0,33.54012703275676
2397,30.0,31.620196163545554
270,30.0,31.71395942774438
1331,37.0,36.730497574413775
1479,32.0,30.285260620069508
1236,32.0,35.194048129445925
1915,39.0,34.57043780286071
3074,40.0,35.54114772376607
849,39.0,34.84046114261682
3006,28.0,34.897051207999624
1781,36.0,34.92112275815151
2354,34.0,33.17009233668274
3478,38.0,37.498349220331185
1485,31.0,34.44255347047043
2034,33.0,35.403704201491664
1198,35.0,33.30113961185609
2686,32.0,33.293644061900736
1405,33.0,32.24831439199553
2843,34.0,30.99193475485473
2176,36.0,33.56555117359471
3861,28.0,32.20523862305323
765,30.0,32.49784334638059
2548,35.0,33.63835230409684
2050,32.0,31.22050700384088
3962,38.0,36.80689510717099
3428,37.0,33.23459949471907
2178,46.0,39.89692146787316
3965,37.0,33.51857589236053
3862,29.0,27.57175105609874
1491,35.0,35.856819485637025
3586,36.0,41.80573255648656
832,41.0,38.43683465903898
2126,34.0,39.374267548953235
3450,31.0,33.631673963225495
1486,36.0,29.771754519460682
356,26.0,30.90671572031072
2697,39.0,35.36610039362978
2156,38.0,35.95259918310928
3556,33.0,33.832795827647324
4027,34.0,33.18436152869721
1637,38.0,34.87691015906719
1713,27.0,32.316179795062126
1804,40.0,36.37266634654024
2903,30.0,36.52886011677501
1169,39.0,36.53431714941968
182,34.0,33.814184593277616
2461,38.0,36.49957230529923
1508,39.0,35.27735733411119
713,28.0,31.919356791095918
1291,47.0,39.12170143423526
1680,30.0,31.33583359232538
3764,24.0,29.86359647420815
2647,34.0,32.44132208687121
1487,45.0,43.96298188460185
177,32.0,33.009005941213815
3156,32.0,33.16908787056032
341,32.0,32.52010422402431
1639,40.0,36.79137987479373
445,42.0,35.43179518518795
3696,29.0,32.14303669732894
1926,45.0,34.895088753535475
2558,39.0,31.24663347789832
1620,32.0,32.77543238454811
495,35.0,33.40020256680988
1432,38.0,30.742742024076318
1148,42.0,35.867051715847026
1975,27.0,33.34178611866379
1245,39.0,35.88060953566726
674,30.0,38.6930428020334
3524,30.0,36.706772504704695
3436,27.0,34.13623952731665
331,29.0,30.84559960521771
484,42.0,36.370800272716814
578,33.0,33.606319799751105
2649,27.0,29.900939162034735
1894,31.0,27.61236908245507
3584,40.0,38.013057970820014
1366,40.0,36.056801558423885
3991,30.0,34.68761840408618
62,42.0,42.242417327575936
3372,32.0,36.58241689354182
748,31.0,33.08935915098621
258,36.0,37.99256036648487
2762,29.0,32.107168769566925
868,28.0,35.729297869240526
3836,38.0,38.49569555351802
695,29.0,34.46287195776053
225,27.0,32.87631106703123
2784,17.0,27.0317515556988
1730,36.0,36.88086434313316
90,35.0,31.71408295591955
1317,40.0,38.159211657269886
3945,36.0,38.56923625294584
1151,28.0,30.6460573049844
2975,29.0,30.41141917081505
1353,34.0,31.596799096478524
451,39.0,39.072159006640916
3521,37.0,35.20321654420647
3672,35.0,35.905552931359466
1233,32.0,31.38868919916664
2930,34.0,32.36147003136052
1456,37.0,38.1039507983316
2839,39.0,36.13821261620433
894,32.0,32.53588743230395
2515,38.0,36.31752349945489
288,37.0,35.588852120886884
278,37.0,41.85064454212552
1062,36.0,36.00645390285901
2424,37.0,33.24631046465732
1534,28.0,34.03922684344849
1976,44.0,40.27768501333292
3443,35.0,34.450413271038
437,34.0,37.21889074999305
3100,40.0,34.84235293660535
4101,35.0,35.78623081371252
522,38.0,34.616892607670295
1129,38.0,37.40920918659157
1304,35.0,35.094998298829154
2212,37.0,34.71363661922321
2158,41.0,44.80640027651284
2566,34.0,38.60671035801185
565,29.0,29.652906230006398
574,39.0,37.81212838779825
2493,46.0,38.129612748731674
620,35.0,32.713091702245094
457,36.0,32.0907371641613
1697,39.0,42.24802641799501
222,28.0,29.74364286509178
3688,35.0,32.430270483869364
3408,41.0,39.246802225267515
1817,29.0,28.54577243658325
3893,25.0,31.17018728870226
3333,33.0,28.6405853185529
3467,34.0,35.80641097551881
1710,30.0,29.294683252798368
1682,33.0,30.8693532363354
3159,38.0,38.79043765941523
1727,25.0,33.085788934062315
921,37.0,29.414662960733917
723,36.0,37.14416033243527
3363,30.0,30.89398511233734
2992,37.0,35.745348061737594
1473,40.0,32.18449314844251
3704,33.0,34.67126483814475
3092,32.0,32.08460423930255
595,40.0,36.53982648693457
2543,40.0,34.38358436462248
3828,37.0,36.526230821566784
0,31.0,38.8254258002525
1089,29.0,33.2652889438263
3927,35.0,31.87288967458477
3626,37.0,35.2155017302367
1094,44.0,34.694412191310604
3291,44.0,36.27183906268474
251,38.0,36.36878207200941
2536,34.0,33.47577738464426
1591,32.0,37.1280168260714
2454,34.0,36.58612094223896
1653,38.0,39.26212706065044
668,39.0,38.44688531498227
1875,28.0,33.03892235073272
2098,37.0,36.72031699833104
1558,39.0,36.82388267174005
179,37.0,35.48825622032152
282,35.0,39.39870772039385
1429,35.0,30.228238551387978
2778,39.0,32.034601272660005
3382,32.0,34.19804546098773
795,33.0,33.302559512817545
2598,35.0,31.392899188406517
1341,37.0,41.51559684423145
2328,38.0,39.062913945862434
430,30.0,34.57969549427234
1264,38.0,34.83966978365977
221,35.0,33.9205599807737
3101,37.0,34.90282390352536
2370,37.0,33.123703638493986
3325,35.0,36.018996650093655
3702,27.0,33.43621217878828
2632,37.0,34.70194245961166
2918,32.0,36.165721940772116
1401,34.0,31.464997305041635
2893,36.0,33.2847869295523
464,41.0,38.343066567051096
1801,35.0,31.888001356592582
387,39.0,40.395106479774654
3456,35.0,32.10562750795606
3943,32.0,27.28505254008868
2773,35.0,34.96818861754052
448,40.0,37.89419639261075
762,29.0,34.271032519592126
382,27.0,36.86914163312878
3366,39.0,40.533498651744964
2459,40.0,37.80026252952881
788,37.0,31.264780684049633
1217,36.0,37.849289744198764
662,38.0,32.607798809416224
1505,40.0,33.86786253154898
4132,36.0,34.95078431035146
2465,40.0,42.843713921632016
1562,39.0,36.50457516894395
3922,39.0,34.07501799136299
2258,28.0,32.488080195646845
3663,26.0,27.88029397986034
250,38.0,35.365852084767894
847,33.0,34.330199273179375
521,33.0,34.95587460534519
1732,34.0,32.743902699667714
2595,40.0,32.8083853615652
3144,33.0,34.16942289904429
4057,27.0,33.24636846316612
1144,38.0,36.3204260173859
3078,38.0,34.76361394304748
3087,31.0,35.238534342612
2946,43.0,33.90910570174982
3342,31.0,32.991562361340094
2478,39.0,37.66910665694519
3084,32.0,34.684345970835594
3826,29.0,25.851535275485052
559,44.0,37.436153461653795
2870,32.0,33.65241371837614
3492,35.0,45.53777090844285
2597,34.0,30.95887093534507
947,37.0,31.40155531849801
4061,29.0,30.991965317640982
630,35.0,36.10254000384084
1281,35.0,33.9877975417405
1196,38.0,43.5132732931071
3498,32.0,31.792135067384933
501,39.0,37.366824239668944
2384,32.0,36.383476964404466
3601,36.0,36.77598698794613
1212,37.0,39.77887245383681
262,34.0,33.54986343080161
2341,35.0,31.247760440045443
1369,40.0,35.00775577638039
2644,38.0,33.51289284577351
3754,29.0,28.874123339787957
2957,32.0,34.45825284097249
