,y_test,prediction
4006,20.0,20.595060863772645
873,34.0,34.91993243013356
43,48.0,47.40142444263744
1805,43.0,42.816976984909275
495,47.0,46.69927381407523
693,25.0,25.397887361247207
1329,41.0,40.62228535210429
3485,23.0,22.996238535018538
1885,38.0,37.93651414678267
1836,37.0,37.69493504668871
1249,44.0,43.63613087859584
786,24.0,23.385224146477064
1284,22.0,21.256250975293536
1319,24.0,24.6502445559443
486,26.0,26.04353332067225
1280,29.0,29.039684264290056
904,29.3,29.2409792642799
863,36.0,36.253798126066
1145,45.0,44.81956675702969
3848,40.0,39.8463091727532
2590,12.0,13.0233801897358
1381,34.0,33.37268764909739
3469,37.0,36.931917391106516
623,34.0,33.348190763146285
1100,40.0,40.40874074797776
2901,52.0,52.867994670812294
34,37.0,36.715553778134506
1645,59.0,59.943778307918095
4084,48.0,47.749233360903546
3962,45.0,44.798451271787265
3582,27.0,27.268301123583754
3454,32.0,31.760489235038563
1247,36.0,35.49207395205456
1430,42.0,42.242751425669915
2285,27.0,26.32877820168619
3134,38.0,37.74894748668049
3325,27.0,27.68790739532929
878,48.0,48.90577270602426
2233,29.0,28.92194343703453
3424,38.0,38.189765361187234
400,80.0,86.6906600452226
315,23.0,23.88952772757646
1856,25.0,23.300808769085602
3612,34.0,34.066432711190735
1326,39.0,38.416988771871786
975,45.0,45.515338815873605
3925,42.0,41.978489032365765
1892,37.0,36.9923721859969
4052,30.0,30.54604075593283
387,50.0,49.767742934540834
2963,44.0,44.44003318411404
516,42.0,42.36269011349081
1086,35.0,35.215490611021046
2967,25.2,25.128140862113572
2472,37.0,37.45719346873388
1328,39.0,39.189439131509296
927,32.0,31.56573511287482
264,35.0,35.39307232750208
2898,31.0,30.797516809236978
3510,29.0,28.700872927617993
3415,35.0,35.32453491771351
2342,26.0,25.801080356466137
4065,18.2,35.2112851788197
3071,28.0,28.342862392540923
45,44.0,43.36547002772064
2084,32.0,31.75857094282932
1889,29.0,28.228928712164393
2171,40.0,39.43100050562092
3950,70.0,69.51450036934114
2297,26.0,27.114040402542514
1007,33.0,32.7144450171778
339,31.0,31.199420046631822
3370,21.0,21.001511963894213
999,36.0,36.57324215334346
1551,31.0,31.453592675720415
2552,41.0,40.99978767446065
157,45.0,45.00099841075926
1321,42.0,42.68148997651958
1143,21.0,22.25653713707826
2922,36.0,35.83007194005836
3333,21.0,22.187893080302057
2613,21.0,21.401986654723178
1589,37.0,36.668394561544694
1392,43.0,42.331153835527424
2040,57.0,55.412509137518995
2874,45.0,44.922033936967345
194,48.0,48.34812652728878
95,44.0,44.49546374749874
541,26.0,25.901329721958536
2121,35.0,35.128753396997546
246,34.0,33.75530010242976
2702,39.0,38.79228286735038
1212,47.0,47.39836386971528
124,34.0,34.54041426535945
2717,37.0,37.0420478728243
1858,41.0,41.17358074700095
670,29.0,26.849426738798975
664,48.0,48.17038266909795
2937,37.0,36.49818984694798
3697,21.0,21.19556240113994
1231,40.0,39.79015148644636
3057,39.0,38.630067647408325
1915,36.0,35.44338335171247
3953,29.0,30.12137152299427
469,36.0,35.49885211621826
2635,50.0,49.100841037985525
2891,55.0,54.051074181674366
2597,21.0,20.757749801804767
1857,35.0,35.55098513878499
2196,30.0,30.25119034908931
396,26.0,25.765512113542954
3048,55.5,55.21347404942872
3571,51.0,51.76404818239042
3585,46.0,45.57955823656808
2476,37.0,36.87964039202706
3346,59.0,58.17759017660393
926,49.0,48.20784093867964
2333,26.0,26.615716390280642
3416,36.0,35.9536285926073
982,32.0,31.731679428468865
1069,37.0,37.46309570741709
3980,44.0,43.91085870099586
370,43.0,42.642513710346655
390,33.0,32.451278585129344
1447,28.0,27.51761918066194
1390,30.0,29.80553561166434
1195,30.0,30.339859737029123
289,36.0,36.38189998215159
215,34.0,33.960084793078785
2533,24.0,23.539332986945944
3229,38.0,38.00354809446371
3474,24.0,24.723614012442123
1800,39.0,38.67124790439172
1273,60.0,61.04470231272733
494,43.0,42.642512856639044
2740,52.0,52.0441335180028
653,37.0,36.72284054732786
173,51.0,50.378352769139305
4057,27.0,27.81823100491955
1085,26.0,26.084673389358453
227,28.0,28.244621580508777
2489,36.0,36.265214900552685
2934,44.0,43.723504620206434
1563,44.0,43.33771676075667
3957,40.0,40.46597711989139
71,53.0,53.73698498709223
2520,34.0,34.27151732440598
348,49.0,48.9724225716317
1179,32.0,32.20907156877141
2022,27.0,26.916366808491485
2152,26.0,25.731654877875762
3539,47.0,46.176477512850056
1060,38.0,37.91047130062504
4085,26.0,27.16342605857127
1022,27.0,26.875523937338805
1642,27.0,27.577804538283104
231,40.0,40.91562296734452
576,52.0,52.23364585192668
180,32.0,31.475844666805365
3678,47.0,46.472639520886716
2624,28.0,28.177663252378643
2900,38.0,38.2150436494445
232,32.0,31.247866155309612
3803,45.5,44.71845960927376
3384,25.0,25.072612845257904
3266,36.0,35.54496471514777
1011,45.0,43.71710211476455
1582,54.0,53.688251999568116
2991,20.0,20.417613397932772
918,32.0,32.267414809883206
4067,38.0,38.39391130147906
3626,37.0,36.37780445212164
2723,62.0,61.35525542648526
429,49.0,49.29279699208151
2034,44.0,43.17339737793769
2870,35.0,34.633839823045264
568,20.0,21.415016593320495
3921,41.0,42.04719303237348
2806,35.0,34.913187746385205
3118,21.0,20.285287687828045
363,57.0,56.21688663439216
1016,43.0,42.861234384278255
2872,29.0,29.436537875170615
3403,40.0,39.58688828689215
1775,25.0,24.913885281643445
1539,26.0,26.757151708825933
3524,35.0,34.516066665005084
3530,50.0,49.293860782665526
2003,41.0,41.612262412971226
2518,36.0,36.248369288806245
3419,40.0,39.66877922955435
2940,30.0,29.29771387965594
3745,48.0,48.271194128172624
2986,37.0,36.89524379428707
777,24.0,23.32695233531313
2746,35.0,34.77492901699405
371,42.0,43.096255919932354
1465,28.0,27.917923710609372
1751,45.0,45.61335070652743
2697,32.0,31.904657061610514
698,30.0,29.86693142057304
1673,32.0,31.894395378112403
3748,49.0,49.92224585261319
3000,47.0,47.300227503783866
1921,36.0,35.84719917085958
3293,36.0,35.86596301126609
1315,40.0,39.85783849568781
3864,65.0,65.66983258096947
72,48.0,48.547112821467
2561,52.0,52.255292330886974
3194,24.0,25.30307171367172
3156,36.0,36.22954676082777
3063,27.0,26.86550843848012
3378,62.0,65.48748277933808
2268,58.0,58.23939919628618
3692,29.0,28.66921400833656
4130,40.0,40.27178851241044
3296,35.0,34.36209683138212
437,43.0,43.301737643788705
189,25.0,24.853929838449204
397,21.0,19.834166383878106
1741,27.0,26.35034518929518
3908,35.0,36.10209669763121
103,29.0,28.660169842982096
3576,30.0,30.67875985439632
640,46.0,46.30300539781614
997,23.0,26.177567034291435
25,35.0,34.86462124242041
2604,30.0,29.566312445903613
3849,40.0,39.70966838703256
2216,29.0,29.504702787828723
2829,25.0,23.93199418088736
1044,38.0,38.87364030098827
3438,40.0,39.94387091035772
2653,46.0,45.98054611626529
3290,27.0,27.314803414619977
4126,35.0,34.86919235483353
361,62.0,62.53213124842256
3704,43.0,42.46968369342265
2456,26.0,25.603992108744368
720,35.0,37.90516745892034
2602,41.0,41.14307322387749
3484,57.0,57.62475690586025
2256,30.0,29.32655240177333
3022,29.0,28.343069689706116
1999,59.0,60.32512679430231
1530,40.0,40.024912296937536
3002,66.0,66.59200043641412
933,41.0,41.0314632559237
701,52.0,53.4801376620711
1138,42.0,41.43121612004825
3759,36.0,35.83011700488857
2871,55.0,56.58254237379029
4086,43.0,42.46527895383596
2625,42.0,41.7179106559053
3018,50.0,49.63976205156234
3761,60.0,60.101731245757676
1860,35.0,35.29909966575856
522,47.0,46.694603278599786
2563,50.0,49.607923675418036
39,35.0,34.66783477364976
254,44.0,43.660683056645105
3954,20.0,20.669867436561862
2873,55.0,54.3954488905425
1269,27.0,27.46493516962449
3628,25.0,25.583260454898454
923,31.0,30.60779937818133
1092,36.0,36.01559708400367
2637,33.0,33.061526576533275
546,53.0,51.99806239458019
241,24.0,23.936756507138902
3918,42.0,41.48353522308344
1396,44.0,43.866713172466355
2752,22.0,21.86785863080831
3080,30.0,30.085798394979644
211,46.0,45.566697352227834
3536,30.0,29.625395072272163
1927,33.0,33.406475218997244
2413,50.0,49.762969160089796
3119,24.0,24.262881997259903
675,65.0,64.43437032814734
1866,44.0,43.02934897367213
3792,22.0,21.809899337918893
1648,40.0,39.77660072883955
3287,38.0,38.168629083074954
3521,30.0,30.06366612996643
244,38.0,38.306584966890874
2437,46.0,45.366687675482
1824,40.5,40.59123423167183
4015,50.0,51.10308785595056
3326,30.0,29.530922701810827
3780,34.0,34.43784259777691
475,27.0,26.580089622929137
3120,49.0,48.30880482867558
1262,41.0,40.31516750706649
3911,25.0,24.467636179824165
2527,19.0,19.694920809086735
1472,40.0,39.827596268355215
2080,49.0,49.81015192104654
3204,40.0,39.76156798710031
2002,50.0,49.6435992785467
2916,52.0,52.6739162272999
2495,42.0,41.508163229596676
925,25.0,23.413503837376858
1196,51.0,50.22077513974861
3323,25.0,25.24742492647178
108,34.0,34.00162074312218
1750,43.0,42.41293681189245
367,31.0,30.900545630533234
2167,28.0,27.44459303575855
499,34.0,34.13557689221943
1347,55.0,57.11956221739952
3610,35.0,34.89845220876724
3332,34.0,33.76150517632112
3304,45.0,44.4678301975574
875,43.0,43.730495247917794
527,23.0,22.316314565164987
1931,43.0,43.28635174446624
567,26.0,25.735113242770954
2474,33.0,34.06036107591018
1712,63.0,64.50556748448025
630,63.0,63.04872009424038
1467,44.0,43.94478088110346
829,50.0,48.83008692159787
1680,35.0,34.856345255887106
1596,43.0,43.147455359872865
2338,38.0,37.231338989017814
324,37.0,36.731913209864
2326,54.0,53.47218606816681
800,37.0,37.331203733926245
2656,32.6,32.59902559195814
2112,40.0,39.68805776603259
1314,65.0,64.34424004635204
2270,32.0,31.951374071530672
302,40.0,39.43556560004613
3717,40.0,39.90157126774406
1851,32.0,32.438344983048005
1274,35.0,35.00604526101166
1202,28.0,27.997100475009262
605,44.0,43.69107041906324
1597,44.0,43.78425390980973
855,28.0,27.161751676146277
492,23.0,23.280108805528712
220,31.0,30.924390571436554
4014,24.0,25.505966220568773
267,44.0,43.41184540968527
1862,34.0,33.95354702908538
3081,45.0,46.715058246871806
1148,41.0,41.59749576183933
1815,48.0,47.26490547565294
1205,35.0,34.490584557386995
3039,36.3,35.85669970166622
2783,23.0,22.86396638207482
134,36.0,36.10904164396586
2710,52.0,52.70589939426924
1708,27.0,27.802058481405368
303,86.0,89.69831556228127
1667,42.0,42.46843524773136
498,37.0,36.596823711256135
586,47.0,47.91946295151503
1916,44.0,44.21151237579504
987,31.0,30.97958907840307
1233,27.0,26.939541200455142
2664,41.0,41.45594051936131
661,32.0,31.700809254186275
62,43.0,43.31519918890048
64,49.0,48.407516493056626
2925,22.0,20.826365009629086
408,43.0,42.028591810601455
1706,35.0,34.79285827988977
960,28.0,28.163819380402927
4007,29.0,28.662302728136947
1439,64.0,63.032351700639765
783,27.0,27.265249660814348
2019,44.0,44.588989387281266
78,20.0,19.253633930092413
2745,33.0,32.571177826413845
3821,22.0,21.827365876247885
2543,22.0,22.33280297699578
1335,52.0,51.61186509190923
1991,28.0,29.09003980660992
2686,40.0,39.604694023137164
3196,19.0,20.348970572563136
2469,17.0,16.35173824918951
1656,24.0,22.752295831378284
3059,48.4,48.114917264837544
2888,32.0,32.178667469407614
382,67.0,67.56007173503792
2419,45.0,44.5989554538699
3874,48.0,47.21703683583826
1949,38.0,38.21039952878237
1491,43.0,42.47461656516508
2529,34.0,34.26044792732425
4069,45.0,43.95285798100834
919,40.0,39.820119313218775
1688,50.0,48.28012250986221
822,21.0,20.98072476355314
1672,36.0,35.93600531308751
832,57.0,55.638727743811174
1621,33.0,32.80369339228453
3729,30.0,30.562909826155447
1220,39.0,39.13676614663708
4094,48.0,46.97077637046599
1821,40.0,39.963708697464774
236,50.0,48.42060951637401
3799,47.0,46.37891590088318
3777,35.5,35.58072467328891
1677,33.0,32.93502582258803
4008,28.0,28.928905461116987
2519,24.0,23.557910112383606
3852,39.8,39.36598652410469
1965,48.0,48.8766059483894
432,28.0,28.753361025130438
304,35.0,35.389394936927374
3669,38.0,37.86961936013808
1524,36.0,35.728952637032876
1525,56.0,56.67301404102027
4023,20.0,20.7530352574735
1103,30.0,29.87762634549457
921,20.0,18.1511560629299
1052,30.0,29.80640972347463
523,25.0,24.936684527072334
1324,28.0,27.951248192141783
2618,48.0,48.60041450293852
746,48.0,47.420460683726375
645,29.0,28.651118074900875
197,31.0,30.675560260429855
3907,32.0,31.434807474011023
2524,30.0,29.810958427411073
1388,29.0,29.17524149439779
4132,44.0,44.09745301760258
755,47.0,46.40623730082665
322,41.0,41.50508780416824
650,54.0,54.47454282934457
424,19.0,16.631970404069552
3360,40.0,39.63145941088355
3464,20.0,19.03590543783671
899,26.0,26.074534713053
1814,37.0,37.16137672022711
2787,41.0,41.23622069385021
548,25.0,25.179613178923503
1379,24.0,24.241503276180403
3492,35.0,34.56724383429667
3828,33.0,32.10731896739513
1536,16.0,17.76071123781673
1497,23.0,22.62962176438127
1272,36.0,35.99048132125946
226,42.0,42.73783416264282
3831,26.0,26.160123265429352
2360,28.0,27.314821654741124
1026,42.0,41.86947669655929
2735,57.0,57.671836609689215
857,43.0,43.0934417538821
2306,34.0,34.153939075619704
3043,42.0,42.16070565625737
2015,43.0,42.28128731152015
1350,25.0,26.0471193211786
2532,22.0,23.580089290625732
2731,42.0,42.203769054173115
3109,30.0,29.689122800960497
22,45.0,44.42276350456735
908,42.0,41.98228243595977
219,37.0,37.260884667301724
3408,33.0,33.318208164863904
3228,53.0,52.32828405265812
407,19.0,18.134111757352805
634,40.0,39.90833133509826
514,22.0,22.417060263380854
1748,37.0,37.271488396018356
1929,61.0,63.905733494645276
762,44.0,43.744014652015494
2822,53.0,51.97112559983519
2784,24.0,24.26555054396852
3934,41.0,42.11216311123462
1364,36.0,35.75555461013235
1711,51.0,50.40542409242709
647,31.0,30.438126973334256
2945,41.0,41.43452437958725
3939,23.0,22.597726654638212
3839,28.0,28.408281268189832
2608,39.0,39.43389836789849
534,58.0,58.74958067731318
3545,33.0,32.67179455734209
1874,25.0,25.38159470997777
1737,57.0,56.71410942236412
399,24.0,24.260060588922713
1306,25.0,25.765275683722802
593,26.0,25.210763117857603
1031,36.0,35.883118158932746
3092,22.0,22.095805488573497
84,30.0,29.88089060749904
335,55.0,53.900299337846306
2013,34.0,33.983228312649075
2556,56.0,54.99031419283365
202,61.0,64.93250158924916
1759,33.0,32.898328397531756
449,64.0,64.09781662353365
82,29.0,29.204527334845086
1769,35.0,35.07548465246484
2010,35.0,34.55969483743537
4135,36.0,35.86815165864236
320,47.0,46.605747251677805
3372,40.0,39.89768276322422
3672,44.0,44.37800274739749
847,46.0,46.16895742177041
1661,33.0,33.64006888820397
143,28.0,28.788832453420568
162,45.0,45.31243793643598
1509,40.0,39.832232281060136
3280,29.0,28.062764064339675
331,22.0,22.290567675496373
3012,39.0,39.22706734792587
1266,45.0,45.28073117942294
3798,53.0,52.44052858565912
278,58.0,57.917855988137454
1894,22.0,23.061098299655754
1806,42.0,42.008866024435186
118,32.0,31.617970815384528
1652,51.0,50.0575167988891
2990,41.0,40.41815596641855
1934,14.0,8.767527075887848
1529,59.0,61.34987467242206
3270,35.0,34.58017294607233
1241,24.0,24.309337706272814
3755,26.0,25.666335130364853
3765,48.0,48.046971683603466
3108,31.0,31.121364649988696
2142,35.0,34.51589894618422
3978,28.0,28.023742414179964
2811,38.0,38.06963042234068
3481,20.0,20.69244613043049
3040,35.4,35.09683688551128
353,25.0,25.383431640560858
343,52.0,52.49417830158807
3690,42.0,42.07723468021961
1407,30.0,29.764476825938793
2539,33.0,33.61719035572424
895,31.0,31.529812720558247
507,23.0,23.465866562198233
2097,27.0,25.8592660302617
599,29.0,28.66357528734797
2187,36.0,35.32296466116672
3405,26.0,26.07070822814785
2999,44.0,44.69975386864957
526,82.0,79.24516302952809
2810,28.0,27.745963156830623
273,37.0,36.116551695537325
2795,30.0,31.117022317595243
4090,42.0,41.67517023868347
2666,42.0,42.1813291065098
3967,40.0,39.75907029222498
1068,41.0,41.35710927693286
3550,33.5,33.71939581825309
3008,46.0,45.870910045292206
1517,32.0,32.80000486231293
3237,35.0,34.38722475204915
3047,34.7,34.82698237543114
1723,29.0,28.275978650013236
1897,58.0,58.11259348807924
3896,42.0,41.63273922454356
1971,29.0,29.180147233853646
3375,39.0,40.16235113770077
1504,31.0,30.522530666038634
2415,48.0,48.25741970673093
2,32.0,31.91771515473794
3856,36.0,35.736806333033286
3996,55.0,53.546698012163674
744,32.0,32.07933322711364
3903,40.0,39.69221286107433
2231,28.0,28.2259623603124
311,39.0,38.627540846462615
2805,39.0,38.796006737591796
1626,38.0,37.633814150312816
3003,29.0,28.653064149948847
890,53.0,51.72503332403814
3835,15.0,14.215834974880117
221,46.0,45.3614191477958
347,15.0,17.549061186884682
1265,41.0,40.845864925534286
2282,33.0,33.10851150216516
3646,36.0,36.20593894834617
3191,22.0,22.81409734109624
2675,37.0,37.3687649873377
1346,20.0,20.09008836979752
500,32.0,32.65522337682169
3508,45.0,44.393849413499595
272,42.0,41.841664111931905
2443,44.0,44.80613569264268
3642,64.0,63.755522067341545
704,54.0,56.11484791406663
3456,31.0,30.606788728575797
802,45.0,46.19292919283986
3098,34.0,34.4775229510877
3534,50.0,51.48354063172107
3294,49.0,51.03498344900612
533,40.0,39.94448346798106
1448,63.0,64.20020082446214
3645,30.0,29.370156001104892
3587,49.0,47.998270452284295
2323,30.0,30.043193442580453
517,50.0,49.55029955872617
2085,28.0,27.261578507546098
452,54.0,55.1746994573859
3450,28.0,28.266692354019774
2531,41.0,41.45243663941701
4095,36.0,36.43959842472657
3322,35.0,34.3077150646172
4097,28.0,28.91661566784208
3834,53.0,53.54402437765318
2924,37.0,37.189671474628064
2464,22.0,21.126245915084297
1835,34.0,33.775054611315404
310,47.0,45.85625611560829
2514,20.0,19.06267515778802
598,33.0,32.38188666968814
3795,45.0,44.0614623614003
4039,26.0,27.236742802553337
1662,33.0,34.18958798808568
3614,30.0,30.192834891126466
1258,31.0,30.642256345642068
992,64.0,64.50018130894571
1808,51.0,51.347516824015216
1057,36.0,35.80226401437533
2549,27.0,28.356361028784846
2354,35.0,35.34693060858684
639,44.0,43.24527278493481
3017,47.1,48.15592109554534
1116,41.0,41.17818587729718
1625,51.0,54.040641662957235
3501,31.0,30.340928252686485
711,49.0,48.24958864355772
1277,37.0,36.19262747145398
2696,43.0,43.17821044179319
1657,46.0,45.51323621391776
575,24.0,24.278045469069667
2453,34.0,33.85949028923328
3691,40.0,39.86859701642154
1165,19.0,20.29082237729164
326,34.0,33.98681984762385
2223,38.0,38.27310067606161
2956,52.0,51.406496310932006
2848,31.0,30.855933180781967
1747,43.0,43.1668947899162
3021,31.0,31.157057063468585
2728,34.0,34.052925841014016
2425,20.0,19.4948309452734
1758,42.0,41.830690643071094
1210,30.0,29.7319542099147
956,32.0,32.41577674484852
2918,35.0,35.25911544159948
2176,30.0,29.712283611960665
695,30.0,29.933600677366684
1883,33.0,33.19441226299571
3766,30.0,31.023401948438895
368,40.4,40.59150962435369
3649,28.0,28.059227853292853
600,43.0,42.27421624415639
12,20.0,18.83607980655286
2629,41.0,40.631665234588716
3225,35.0,34.461755247616296
1944,24.0,24.026104023285612
3132,36.0,35.65010859599317
1724,57.0,55.80794671198039
1049,57.0,56.41239621518597
4003,60.0,62.091467593102806
2942,23.0,23.28895190147293
3670,32.0,32.213809276469135
1676,36.0,35.85365045752975
1340,26.0,26.084338030184767
127,36.0,36.21183799781927
2569,37.0,37.26185463167803
1047,42.0,41.614944247002285
815,29.0,29.571757225224022
3884,40.0,39.63737976237346
33,46.0,45.90431924002973
2041,44.0,44.43639645457217
1040,33.0,32.270759444225334
3217,38.0,37.67781035581384
2755,37.0,37.02199141798854
1316,55.0,54.86570613784894
3049,44.0,43.386250251495355
3268,28.0,28.097667281837207
866,45.0,44.450362039934795
2145,46.0,45.656456757450215
92,58.0,58.0501190009169
2068,39.0,38.3859599573182
2211,32.0,31.820772023744667
3945,40.0,41.90215200437938
1290,43.0,42.57824143755145
2573,51.0,50.76956763883272
41,50.0,49.85933672719239
2910,39.0,39.66047441002838
3696,30.0,28.76218187673736
709,45.0,46.76641477163017
3392,49.0,48.62177138947045
667,39.0,39.17295693861844
4036,32.0,31.385103237110425
420,35.5,34.80170145335235
1825,50.0,48.87676657635359
1837,35.0,34.920590928808195
785,50.0,52.91214068695843
1900,56.0,56.005022692306085
3952,43.0,43.48671222816145
3442,34.0,34.10664479057843
3124,39.0,39.04497316643546
1072,42.0,43.827749249553285
2700,44.0,43.63625104123821
2904,20.0,19.275766158775276
2060,40.0,39.94099924733658
2724,74.0,75.58949138851405
4070,35.0,35.49663680487834
673,34.0,34.26846409682469
2595,52.0,51.793251778280506
1235,46.0,45.84602097363667
1702,27.0,27.932585287434414
2663,32.0,31.881476013483276
624,57.0,58.4019816230271
224,37.0,37.15312214905006
3988,36.0,35.4934623791329
506,50.0,49.21585494859501
787,35.0,35.022495334752854
1303,47.0,47.22786371239308
3960,38.0,37.9845078522953
