,y_test,prediction
4006,20.0,20.97
873,34.0,34.655
43,48.0,48.56
1805,43.0,42.86
495,47.0,47.44499999999999
693,25.0,24.635999999999996
1329,41.0,41.07
3485,23.0,23.32
1885,38.0,37.931
1836,37.0,37.8
1249,44.0,44.093999999999994
786,24.0,23.91
1284,22.0,22.000999999999998
1319,24.0,23.913
486,26.0,25.74
1280,29.0,29.265
904,29.3,29.081000000000014
863,36.0,36.277
1145,45.0,44.97
3848,40.0,39.986999999999995
2590,12.0,14.471999999999998
1381,34.0,33.514
3469,37.0,37.842
623,34.0,33.541000000000004
1100,40.0,40.123
2901,52.0,51.73
34,37.0,37.056
1645,59.0,58.122
4084,48.0,47.623000000000005
3962,45.0,44.96999999999999
3582,27.0,26.8
3454,32.0,31.87
1247,36.0,35.0
1430,42.0,41.66
2285,27.0,26.945
3134,38.0,37.63
3325,27.0,26.918000000000003
878,48.0,47.063
2233,29.0,29.312
3424,38.0,38.38
400,80.0,86.48
315,23.0,23.15
1856,25.0,25.02
3612,34.0,34.24
1326,39.0,38.376
975,45.0,45.03
3925,42.0,41.79
1892,37.0,36.815
4052,30.0,29.759
387,50.0,49.52
2963,44.0,44.206
516,42.0,42.19
1086,35.0,35.23
2967,25.2,25.343000000000004
2472,37.0,37.42
1328,39.0,38.961
927,32.0,32.288000000000004
264,35.0,35.88
2898,31.0,31.254
3510,29.0,28.358
3415,35.0,35.61
2342,26.0,26.18
4065,18.2,18.37
3071,28.0,28.01
45,44.0,43.935
2084,32.0,31.91
1889,29.0,28.78
2171,40.0,39.75
3950,70.0,70.08200000000001
2297,26.0,26.045
1007,33.0,33.260999999999996
339,31.0,31.1
3370,21.0,20.925
999,36.0,35.35
1551,31.0,31.37
2552,41.0,40.92
157,45.0,45.18
1321,42.0,42.68
1143,21.0,21.22
2922,36.0,35.95
3333,21.0,21.645
2613,21.0,20.605
1589,37.0,36.93
1392,43.0,42.123000000000005
2040,57.0,56.53
2874,45.0,44.303999999999995
194,48.0,47.93
95,44.0,44.6
541,26.0,26.02
2121,35.0,35.198
246,34.0,33.95
2702,39.0,39.02
1212,47.0,47.64
124,34.0,34.04
2717,37.0,36.98
1858,41.0,41.49
670,29.0,29.48
664,48.0,48.417
2937,37.0,37.097
3697,21.0,22.518
1231,40.0,39.842
3057,39.0,38.96
1915,36.0,35.86
3953,29.0,28.93
469,36.0,35.770999999999994
2635,50.0,49.75
2891,55.0,54.39
2597,21.0,20.86
1857,35.0,35.269
2196,30.0,30.016000000000005
396,26.0,25.903000000000002
3048,55.5,54.786
3571,51.0,52.17
3585,46.0,45.52
2476,37.0,37.65
3346,59.0,58.09
926,49.0,49.64
2333,26.0,26.065
3416,36.0,36.35
982,32.0,32.145
1069,37.0,37.69
3980,44.0,45.065
370,43.0,43.239
390,33.0,32.74
1447,28.0,28.295
1390,30.0,29.57
1195,30.0,32.82
289,36.0,36.77
215,34.0,33.916000000000004
2533,24.0,24.09
3229,38.0,38.83
3474,24.0,23.598000000000003
1800,39.0,38.77
1273,60.0,61.176
494,43.0,43.468999999999994
2740,52.0,52.15
653,37.0,37.07
173,51.0,49.795
4057,27.0,26.678999999999995
1085,26.0,25.761
227,28.0,28.08
2489,36.0,36.15
2934,44.0,44.086000000000006
1563,44.0,44.1
3957,40.0,40.080999999999996
71,53.0,53.25
2520,34.0,34.5
348,49.0,48.335
1179,32.0,32.15
2022,27.0,27.525
2152,26.0,25.87
3539,47.0,46.6
1060,38.0,37.97
4085,26.0,25.43
1022,27.0,27.265
1642,27.0,27.06
231,40.0,42.89
576,52.0,52.57
180,32.0,32.214
3678,47.0,45.89
2624,28.0,28.016000000000005
2900,38.0,38.03
232,32.0,32.11
3803,45.5,44.85
3384,25.0,25.055
3266,36.0,35.867999999999995
1011,45.0,44.51
1582,54.0,54.95
2991,20.0,20.87
918,32.0,32.08
4067,38.0,37.078
3626,37.0,36.644
2723,62.0,61.65
429,49.0,49.435
2034,44.0,44.29
2870,35.0,34.73
568,20.0,19.55
3921,41.0,39.46
2806,35.0,34.94
3118,21.0,21.387999999999998
363,57.0,55.622
1016,43.0,42.45
2872,29.0,28.893999999999995
3403,40.0,39.794
1775,25.0,24.968000000000004
1539,26.0,25.406999999999996
3524,35.0,34.69
3530,50.0,49.06
2003,41.0,41.123999999999995
2518,36.0,36.18
3419,40.0,40.18
2940,30.0,30.93
3745,48.0,48.04
2986,37.0,37.038999999999994
777,24.0,24.06
2746,35.0,34.885
371,42.0,43.96
1465,28.0,28.098000000000003
1751,45.0,45.15
2697,32.0,31.713
698,30.0,30.47
1673,32.0,32.005
3748,49.0,49.005
3000,47.0,46.39
1921,36.0,36.954
3293,36.0,35.99
1315,40.0,39.105
3864,65.0,63.98
72,48.0,48.56
2561,52.0,51.72
3194,24.0,24.216000000000005
3156,36.0,36.14
3063,27.0,27.221
3378,62.0,66.773
2268,58.0,57.76
3692,29.0,29.2
4130,40.0,39.99
3296,35.0,34.78
437,43.0,42.48
189,25.0,25.033
397,21.0,20.795
1741,27.0,27.451000000000004
3908,35.0,34.94
103,29.0,29.08
3576,30.0,30.388
640,46.0,46.446999999999996
997,23.0,22.15
25,35.0,35.032
2604,30.0,29.834
3849,40.0,40.09
2216,29.0,29.48
2829,25.0,25.265
1044,38.0,38.47
3438,40.0,39.76
2653,46.0,45.8
3290,27.0,27.066999999999997
4126,35.0,34.63
361,62.0,60.976000000000006
3704,43.0,43.07
2456,26.0,25.828000000000003
720,35.0,27.217
2602,41.0,40.992
3484,57.0,58.03
2256,30.0,29.87
3022,29.0,28.3
1999,59.0,58.238
1530,40.0,39.82
3002,66.0,64.566
933,41.0,40.535
701,52.0,51.7
1138,42.0,41.397999999999996
3759,36.0,35.93
2871,55.0,56.09
4086,43.0,42.84
2625,42.0,41.77
3018,50.0,49.863
3761,60.0,59.27
1860,35.0,35.25
522,47.0,47.09799999999999
2563,50.0,49.5
39,35.0,35.04
254,44.0,44.5
3954,20.0,20.74
2873,55.0,55.86
1269,27.0,27.365
3628,25.0,25.802
923,31.0,30.62
1092,36.0,36.07
2637,33.0,33.135
546,53.0,52.39
241,24.0,24.028000000000002
3918,42.0,42.536
1396,44.0,44.042
2752,22.0,22.143
3080,30.0,29.96
211,46.0,46.00899999999999
3536,30.0,30.06
1927,33.0,32.83
2413,50.0,49.77
3119,24.0,23.965
675,65.0,62.21
1866,44.0,44.02700000000001
3792,22.0,27.22
1648,40.0,39.284
3287,38.0,38.373999999999995
3521,30.0,30.075
244,38.0,38.135
2437,46.0,46.05
1824,40.5,41.13
4015,50.0,50.074
3326,30.0,29.869
3780,34.0,34.203
475,27.0,26.42
3120,49.0,48.165
1262,41.0,40.79
3911,25.0,24.807
2527,19.0,18.791
1472,40.0,39.97
2080,49.0,48.394
3204,40.0,40.032
2002,50.0,48.757999999999996
2916,52.0,52.05
2495,42.0,42.181000000000004
925,25.0,25.0
1196,51.0,50.61
3323,25.0,24.87
108,34.0,34.229
1750,43.0,42.942
367,31.0,31.21
2167,28.0,27.855
499,34.0,33.964
1347,55.0,55.76
3610,35.0,34.903999999999996
3332,34.0,34.08
3304,45.0,45.132
875,43.0,43.03599999999999
527,23.0,23.026
1931,43.0,42.97
567,26.0,26.15
2474,33.0,32.015
1712,63.0,67.06
630,63.0,62.54
1467,44.0,44.114
829,50.0,50.09
1680,35.0,35.12
1596,43.0,43.284
2338,38.0,37.84
324,37.0,37.36
2326,54.0,53.82
800,37.0,37.48
2656,32.6,32.23
2112,40.0,40.042
1314,65.0,66.12200000000001
2270,32.0,32.035
302,40.0,37.98
3717,40.0,39.97
1851,32.0,32.118
1274,35.0,35.44
1202,28.0,26.91
605,44.0,44.35
1597,44.0,44.138999999999996
855,28.0,28.07
492,23.0,22.945
220,31.0,31.42
4014,24.0,22.07
267,44.0,43.775
1862,34.0,34.143
3081,45.0,44.856
1148,41.0,41.123000000000005
1815,48.0,47.42
1205,35.0,35.031
3039,36.3,36.23
2783,23.0,22.648000000000003
134,36.0,35.87
2710,52.0,52.14
1708,27.0,27.180000000000003
303,86.0,84.53
1667,42.0,42.596000000000004
498,37.0,37.705
586,47.0,47.827
1916,44.0,43.52
987,31.0,30.81
1233,27.0,27.01
2664,41.0,42.12
661,32.0,32.16
62,43.0,42.11
64,49.0,49.556000000000004
2925,22.0,21.79
408,43.0,42.49
1706,35.0,35.02
960,28.0,27.78
4007,29.0,29.484
1439,64.0,59.24
783,27.0,27.613000000000003
2019,44.0,45.255
78,20.0,19.335
2745,33.0,32.978
3821,22.0,22.82
2543,22.0,22.511999999999997
1335,52.0,51.19
1991,28.0,28.643
2686,40.0,39.91
3196,19.0,19.055
2469,17.0,15.745999999999999
1656,24.0,24.365
3059,48.4,48.848
2888,32.0,32.155
382,67.0,66.286
2419,45.0,44.968999999999994
3874,48.0,47.644000000000005
1949,38.0,37.57
1491,43.0,42.13
2529,34.0,33.46
4069,45.0,44.258
919,40.0,40.05
1688,50.0,49.646
822,21.0,20.97
1672,36.0,35.581
832,57.0,57.05
1621,33.0,32.93
3729,30.0,30.486
1220,39.0,39.222
4094,48.0,47.456
1821,40.0,40.17
236,50.0,49.453
3799,47.0,46.93
3777,35.5,36.209
1677,33.0,32.75
4008,28.0,28.123
2519,24.0,24.3
3852,39.8,39.244
1965,48.0,47.621
432,28.0,27.596999999999998
304,35.0,35.36
3669,38.0,38.28
1524,36.0,36.26
1525,56.0,55.82
4023,20.0,20.375
1103,30.0,30.13
921,20.0,20.32
1052,30.0,30.159000000000002
523,25.0,24.26
1324,28.0,27.925
2618,48.0,48.12
746,48.0,47.369000000000014
645,29.0,28.53
197,31.0,30.55
3907,32.0,31.43
2524,30.0,29.954
1388,29.0,28.17
4132,44.0,44.37
755,47.0,46.133
322,41.0,41.41
650,54.0,53.89
424,19.0,19.685
3360,40.0,39.818
3464,20.0,20.031
899,26.0,26.014
1814,37.0,37.163999999999994
2787,41.0,41.905
548,25.0,25.563000000000002
1379,24.0,24.25
3492,35.0,37.13
3828,33.0,32.805
1536,16.0,15.579999999999998
1497,23.0,22.653000000000002
1272,36.0,36.11
226,42.0,43.15
3831,26.0,25.99
2360,28.0,27.74
1026,42.0,42.15
2735,57.0,56.85
857,43.0,42.809
2306,34.0,34.023
3043,42.0,42.4
2015,43.0,42.71
1350,25.0,24.644000000000002
2532,22.0,22.26
2731,42.0,42.361
3109,30.0,30.11
22,45.0,44.83
908,42.0,42.910999999999994
219,37.0,37.88
3408,33.0,33.09
3228,53.0,52.51
407,19.0,19.73
634,40.0,40.195
514,22.0,21.96
1748,37.0,37.37
1929,61.0,61.95
762,44.0,43.82
2822,53.0,52.475
2784,24.0,23.94
3934,41.0,41.0
1364,36.0,36.1
1711,51.0,49.498000000000005
647,31.0,30.76
2945,41.0,40.54
3939,23.0,26.458000000000002
3839,28.0,27.71
2608,39.0,39.236999999999995
534,58.0,58.184000000000005
3545,33.0,32.878
1874,25.0,25.788
1737,57.0,56.2
399,24.0,24.2
1306,25.0,25.2
593,26.0,25.275
1031,36.0,36.068000000000005
3092,22.0,21.898999999999997
84,30.0,30.029
335,55.0,54.37799999999999
2013,34.0,34.26
2556,56.0,55.48
202,61.0,62.6
1759,33.0,33.29
449,64.0,64.81
82,29.0,29.139
1769,35.0,35.313
2010,35.0,35.27
4135,36.0,35.94
320,47.0,47.01
3372,40.0,40.475
3672,44.0,44.65
847,46.0,46.152
1661,33.0,34.08
143,28.0,26.733999999999995
162,45.0,45.03
1509,40.0,39.875
3280,29.0,28.799
331,22.0,21.58
3012,39.0,38.907
1266,45.0,44.9
3798,53.0,53.76
278,58.0,57.49
1894,22.0,22.245
1806,42.0,42.28
118,32.0,32.43
1652,51.0,51.03
2990,41.0,40.91
1934,14.0,15.366999999999996
1529,59.0,61.816
3270,35.0,35.055
1241,24.0,24.52
3755,26.0,25.57
3765,48.0,48.24799999999999
3108,31.0,30.39
2142,35.0,34.478
3978,28.0,28.33
2811,38.0,38.016
3481,20.0,20.11
3040,35.4,34.856
353,25.0,24.8
343,52.0,52.64
3690,42.0,41.72
1407,30.0,28.813000000000002
2539,33.0,32.94
895,31.0,30.145
507,23.0,23.14
2097,27.0,27.171
599,29.0,29.58
2187,36.0,35.897000000000006
3405,26.0,26.070999999999998
2999,44.0,44.242
526,82.0,76.33800000000001
2810,28.0,27.91
273,37.0,36.555
2795,30.0,29.535
4090,42.0,42.295
2666,42.0,42.15
3967,40.0,39.96
1068,41.0,41.9
3550,33.5,34.02
3008,46.0,45.5
1517,32.0,32.14
3237,35.0,34.92
3047,34.7,35.113
1723,29.0,28.91
1897,58.0,58.01
3896,42.0,41.75
1971,29.0,29.039
3375,39.0,38.29
1504,31.0,31.02
2415,48.0,48.35
2,32.0,31.208000000000002
3856,36.0,36.08
3996,55.0,54.69
744,32.0,32.085
3903,40.0,40.22
2231,28.0,27.77
311,39.0,39.047999999999995
2805,39.0,38.93
1626,38.0,38.03
3003,29.0,29.462
890,53.0,53.61
3835,15.0,19.317999999999998
221,46.0,45.28
347,15.0,16.366
1265,41.0,41.075
2282,33.0,33.26
3646,36.0,36.21
3191,22.0,21.585
2675,37.0,37.041
1346,20.0,20.33
500,32.0,32.195
3508,45.0,45.56
272,42.0,42.136
2443,44.0,44.15
3642,64.0,63.19200000000001
704,54.0,53.54
3456,31.0,30.508000000000003
802,45.0,45.37
3098,34.0,34.114000000000004
3534,50.0,49.89
3294,49.0,49.38
533,40.0,40.18
1448,63.0,60.45
3645,30.0,30.05
3587,49.0,48.256
2323,30.0,30.44
517,50.0,48.91
2085,28.0,27.95
452,54.0,53.497
3450,28.0,28.261
2531,41.0,41.335
4095,36.0,36.07
3322,35.0,34.92
4097,28.0,27.375
3834,53.0,53.41
2924,37.0,36.96
2464,22.0,24.843000000000004
1835,34.0,33.468
310,47.0,46.63
2514,20.0,20.918999999999997
598,33.0,32.47
3795,45.0,45.033
4039,26.0,24.5
1662,33.0,33.065
3614,30.0,30.068
1258,31.0,31.052000000000003
992,64.0,63.99400000000001
1808,51.0,51.095
1057,36.0,35.9
2549,27.0,26.897
2354,35.0,35.19
639,44.0,44.231
3017,47.1,47.4
1116,41.0,40.69899999999999
1625,51.0,50.54
3501,31.0,30.52
711,49.0,48.077
1277,37.0,36.655
2696,43.0,43.062
1657,46.0,45.73
575,24.0,23.956000000000003
2453,34.0,34.22
3691,40.0,39.16
1165,19.0,18.955
326,34.0,34.11
2223,38.0,38.001
2956,52.0,51.533
2848,31.0,30.795
1747,43.0,43.48
3021,31.0,30.45
2728,34.0,33.985
2425,20.0,19.955
1758,42.0,42.115
1210,30.0,30.18
956,32.0,32.08
2918,35.0,35.171
2176,30.0,29.87
695,30.0,30.535
1883,33.0,33.39
3766,30.0,30.310000000000006
368,40.4,40.82
3649,28.0,28.065
600,43.0,43.089
12,20.0,19.88
2629,41.0,40.902
3225,35.0,34.94
1944,24.0,23.83
3132,36.0,35.801
1724,57.0,56.85
1049,57.0,56.724
4003,60.0,58.718
2942,23.0,23.41
3670,32.0,32.06
1676,36.0,37.18
1340,26.0,25.26
127,36.0,36.198
2569,37.0,37.29
1047,42.0,42.2
815,29.0,28.835
3884,40.0,39.375
33,46.0,45.61
2041,44.0,43.83
1040,33.0,32.745
3217,38.0,38.21
2755,37.0,37.615
1316,55.0,54.716
3049,44.0,42.99
3268,28.0,28.340999999999998
866,45.0,44.37
2145,46.0,45.95
92,58.0,58.506
2068,39.0,39.0
2211,32.0,32.22
3945,40.0,40.16
1290,43.0,43.001999999999995
2573,51.0,51.53
41,50.0,49.727
2910,39.0,39.23
3696,30.0,29.974
709,45.0,44.946000000000005
3392,49.0,49.233000000000004
667,39.0,39.303999999999995
4036,32.0,32.085
420,35.5,35.051
1825,50.0,49.685
1837,35.0,34.495
785,50.0,50.556000000000004
1900,56.0,56.14
3952,43.0,42.7
3442,34.0,34.13
3124,39.0,39.07699999999999
1072,42.0,41.73
2700,44.0,44.24
2904,20.0,21.485
2060,40.0,39.202
2724,74.0,63.968999999999994
4070,35.0,35.49
673,34.0,33.42
2595,52.0,52.758
1235,46.0,46.522999999999996
1702,27.0,26.763
2663,32.0,32.28
624,57.0,57.27
224,37.0,37.91
3988,36.0,35.645
506,50.0,50.267999999999994
787,35.0,35.11
1303,47.0,47.15
3960,38.0,38.07
