,y_test,prediction
4006,20.0,20.39
873,34.0,34.49
43,48.0,48.21
1805,43.0,43.04
495,47.0,47.11199999999999
693,25.0,24.076999999999998
1329,41.0,41.29599999999999
3485,23.0,23.48
1885,38.0,37.99
1836,37.0,37.62
1249,44.0,44.031000000000006
786,24.0,23.87
1284,22.0,21.998
1319,24.0,23.930999999999997
486,26.0,25.845
1280,29.0,28.73
904,29.3,29.095000000000013
863,36.0,36.282000000000004
1145,45.0,45.06
3848,40.0,40.18
2590,12.0,14.111999999999998
1381,34.0,33.554
3469,37.0,37.54
623,34.0,33.358000000000004
1100,40.0,39.982
2901,52.0,51.68900000000001
34,37.0,37.03
1645,59.0,58.494
4084,48.0,47.77
3962,45.0,44.99799999999999
3582,27.0,27.037
3454,32.0,31.85
1247,36.0,35.29
1430,42.0,42.02
2285,27.0,26.88
3134,38.0,37.88
3325,27.0,26.944000000000006
878,48.0,47.18
2233,29.0,29.338000000000008
3424,38.0,38.24
400,80.0,85.29
315,23.0,22.92
1856,25.0,25.04
3612,34.0,34.368
1326,39.0,38.39
975,45.0,45.09
3925,42.0,41.827999999999996
1892,37.0,36.96
4052,30.0,29.526000000000003
387,50.0,49.528
2963,44.0,44.07
516,42.0,42.188
1086,35.0,35.36
2967,25.2,25.04
2472,37.0,37.24
1328,39.0,39.0
927,32.0,32.09
264,35.0,35.29
2898,31.0,31.183000000000003
3510,29.0,28.36
3415,35.0,35.14
2342,26.0,26.12
4065,18.2,18.415
3071,28.0,28.25
45,44.0,44.18
2084,32.0,31.92
1889,29.0,28.805
2171,40.0,39.88
3950,70.0,69.926
2297,26.0,26.01
1007,33.0,32.99
339,31.0,31.13
3370,21.0,21.28
999,36.0,35.15
1551,31.0,31.213
2552,41.0,40.83
157,45.0,45.15
1321,42.0,42.49199999999999
1143,21.0,21.16
2922,36.0,35.995
3333,21.0,20.95
2613,21.0,20.73
1589,37.0,36.92
1392,43.0,42.251999999999995
2040,57.0,57.51
2874,45.0,44.7
194,48.0,47.622
95,44.0,44.82
541,26.0,26.021
2121,35.0,35.078
246,34.0,34.17
2702,39.0,39.0
1212,47.0,47.211999999999996
124,34.0,34.01
2717,37.0,36.95
1858,41.0,41.464
670,29.0,29.068
664,48.0,47.83
2937,37.0,36.97
3697,21.0,21.455
1231,40.0,39.933
3057,39.0,39.0
1915,36.0,35.97
3953,29.0,29.035
469,36.0,36.038999999999994
2635,50.0,49.88
2891,55.0,54.46
2597,21.0,20.59
1857,35.0,35.31
2196,30.0,30.008000000000003
396,26.0,25.89
3048,55.5,54.87
3571,51.0,51.646
3585,46.0,45.83
2476,37.0,37.55
3346,59.0,57.58
926,49.0,49.71
2333,26.0,26.015
3416,36.0,35.74
982,32.0,32.0
1069,37.0,37.63
3980,44.0,44.007999999999996
370,43.0,43.03
390,33.0,32.8
1447,28.0,28.27
1390,30.0,29.63
1195,30.0,31.92
289,36.0,36.799
215,34.0,33.805
2533,24.0,23.99
3229,38.0,38.14
3474,24.0,23.613999999999997
1800,39.0,39.01
1273,60.0,60.242000000000004
494,43.0,43.308
2740,52.0,52.33
653,37.0,37.13
173,51.0,49.736
4057,27.0,26.904000000000007
1085,26.0,25.79
227,28.0,28.12
2489,36.0,36.12
2934,44.0,44.051
1563,44.0,44.09
3957,40.0,39.933
71,53.0,53.23
2520,34.0,34.6
348,49.0,48.425
1179,32.0,32.12
2022,27.0,27.441
2152,26.0,25.791
3539,47.0,46.9
1060,38.0,37.91
4085,26.0,25.66
1022,27.0,27.035
1642,27.0,27.18
231,40.0,42.22
576,52.0,52.73
180,32.0,32.14
3678,47.0,45.961999999999996
2624,28.0,27.886
2900,38.0,38.17
232,32.0,31.97
3803,45.5,44.78
3384,25.0,25.0
3266,36.0,36.138
1011,45.0,44.9
1582,54.0,54.41
2991,20.0,20.445
918,32.0,32.11
4067,38.0,37.56
3626,37.0,36.739000000000004
2723,62.0,62.17
429,49.0,49.455
2034,44.0,44.12
2870,35.0,34.81
568,20.0,19.73
3921,41.0,40.15
2806,35.0,34.96
3118,21.0,21.261999999999997
363,57.0,55.99
1016,43.0,42.662
2872,29.0,28.887999999999998
3403,40.0,39.792
1775,25.0,24.93
1539,26.0,25.698
3524,35.0,34.86
3530,50.0,49.505
2003,41.0,41.12299999999999
2518,36.0,36.08
3419,40.0,40.11
2940,30.0,29.944000000000006
3745,48.0,47.997
2986,37.0,36.907
777,24.0,23.885
2746,35.0,34.83
371,42.0,43.74
1465,28.0,28.07
1751,45.0,45.18
2697,32.0,31.31
698,30.0,30.01
1673,32.0,32.005
3748,49.0,49.106
3000,47.0,46.87
1921,36.0,35.93
3293,36.0,36.167
1315,40.0,39.36
3864,65.0,64.58500000000001
72,48.0,48.37799999999999
2561,52.0,51.683
3194,24.0,24.316000000000003
3156,36.0,36.06
3063,27.0,27.269000000000002
3378,62.0,65.87
2268,58.0,57.42
3692,29.0,29.26
4130,40.0,40.01
3296,35.0,34.88
437,43.0,42.70399999999999
189,25.0,25.285
397,21.0,20.785
1741,27.0,27.289
3908,35.0,35.08
103,29.0,28.93
3576,30.0,30.346000000000004
640,46.0,46.47
997,23.0,22.37
25,35.0,35.0
2604,30.0,29.888
3849,40.0,40.05
2216,29.0,29.54
2829,25.0,24.9
1044,38.0,38.52
3438,40.0,39.9
2653,46.0,45.85
3290,27.0,26.927
4126,35.0,34.84
361,62.0,62.006000000000014
3704,43.0,43.2
2456,26.0,25.97
720,35.0,28.83
2602,41.0,40.82
3484,57.0,57.99
2256,30.0,29.95
3022,29.0,28.33
1999,59.0,58.674
1530,40.0,39.97
3002,66.0,64.887
933,41.0,40.62
701,52.0,51.26
1138,42.0,41.45099999999999
3759,36.0,36.03
2871,55.0,56.11600000000001
4086,43.0,42.94
2625,42.0,41.69
3018,50.0,50.04
3761,60.0,59.37
1860,35.0,35.28
522,47.0,47.223
2563,50.0,49.428000000000004
39,35.0,35.09
254,44.0,44.4
3954,20.0,20.235
2873,55.0,56.08
1269,27.0,27.4
3628,25.0,25.362
923,31.0,30.685
1092,36.0,35.96
2637,33.0,33.22
546,53.0,52.51
241,24.0,24.04
3918,42.0,42.082
1396,44.0,43.894
2752,22.0,22.17
3080,30.0,30.21
211,46.0,45.57
3536,30.0,29.96
1927,33.0,32.84
2413,50.0,49.59
3119,24.0,23.98
675,65.0,61.86
1866,44.0,44.028
3792,22.0,27.19
1648,40.0,39.81399999999999
3287,38.0,38.398
3521,30.0,30.075
244,38.0,37.3
2437,46.0,45.96
1824,40.5,41.135
4015,50.0,49.41799999999999
3326,30.0,29.91
3780,34.0,33.989000000000004
475,27.0,26.58
3120,49.0,48.218
1262,41.0,40.83
3911,25.0,24.735
2527,19.0,19.425
1472,40.0,39.961999999999996
2080,49.0,49.14
3204,40.0,39.98
2002,50.0,49.84
2916,52.0,51.96
2495,42.0,42.028999999999996
925,25.0,24.74
1196,51.0,50.59
3323,25.0,24.79
108,34.0,34.066
1750,43.0,43.01
367,31.0,30.66
2167,28.0,27.935
499,34.0,34.01
1347,55.0,55.56
3610,35.0,34.99
3332,34.0,34.0
3304,45.0,45.05
875,43.0,42.91799999999999
527,23.0,22.866000000000003
1931,43.0,43.17
567,26.0,26.35
2474,33.0,32.14
1712,63.0,64.16
630,63.0,63.073
1467,44.0,43.97
829,50.0,49.88
1680,35.0,35.07
1596,43.0,43.042
2338,38.0,37.92
324,37.0,37.478
2326,54.0,53.88
800,37.0,37.41
2656,32.6,32.11
2112,40.0,40.02
1314,65.0,65.79
2270,32.0,32.13
302,40.0,39.78
3717,40.0,40.11
1851,32.0,32.355
1274,35.0,35.2
1202,28.0,27.08
605,44.0,43.82
1597,44.0,44.263999999999996
855,28.0,27.08
492,23.0,22.97
220,31.0,31.235
4014,24.0,23.23
267,44.0,43.836000000000006
1862,34.0,34.066
3081,45.0,44.96
1148,41.0,41.335
1815,48.0,47.631
1205,35.0,35.04
3039,36.3,36.08
2783,23.0,22.595
134,36.0,35.84
2710,52.0,52.02
1708,27.0,27.084
303,86.0,91.57
1667,42.0,42.238
498,37.0,37.41
586,47.0,47.644
1916,44.0,43.84
987,31.0,30.65
1233,27.0,27.063999999999997
2664,41.0,42.17
661,32.0,32.12
62,43.0,42.03
64,49.0,49.38
2925,22.0,21.74
408,43.0,42.41399999999999
1706,35.0,35.0
960,28.0,27.81
4007,29.0,29.51
1439,64.0,59.95
783,27.0,27.66
2019,44.0,44.288999999999994
78,20.0,19.31
2745,33.0,32.93
3821,22.0,22.72
2543,22.0,22.171999999999997
1335,52.0,51.13
1991,28.0,28.43
2686,40.0,39.97
3196,19.0,19.305
2469,17.0,15.68
1656,24.0,24.13
3059,48.4,48.74
2888,32.0,32.13
382,67.0,66.90800000000002
2419,45.0,44.86
3874,48.0,47.587999999999994
1949,38.0,37.71
1491,43.0,42.184
2529,34.0,33.62
4069,45.0,44.663999999999994
919,40.0,40.11
1688,50.0,49.325
822,21.0,21.061
1672,36.0,35.94
832,57.0,57.0
1621,33.0,32.92
3729,30.0,30.416000000000004
1220,39.0,39.080999999999996
4094,48.0,47.29
1821,40.0,39.951
236,50.0,49.922000000000004
3799,47.0,47.027
3777,35.5,36.334
1677,33.0,33.04
4008,28.0,27.938000000000002
2519,24.0,24.08
3852,39.8,39.111999999999995
1965,48.0,47.865
432,28.0,27.72
304,35.0,35.2
3669,38.0,38.16
1524,36.0,36.13
1525,56.0,55.51
4023,20.0,20.38
1103,30.0,30.08
921,20.0,20.37
1052,30.0,30.03
523,25.0,24.285
1324,28.0,27.9
2618,48.0,48.105
746,48.0,47.59700000000001
645,29.0,28.47
197,31.0,30.56
3907,32.0,31.37
2524,30.0,29.924
1388,29.0,28.89
4132,44.0,44.19
755,47.0,46.11900000000001
322,41.0,41.255
650,54.0,53.79
424,19.0,19.87
3360,40.0,39.733999999999995
3464,20.0,19.95
899,26.0,26.005
1814,37.0,37.052
2787,41.0,41.44
548,25.0,25.006
1379,24.0,24.0
3492,35.0,35.43
3828,33.0,32.805
1536,16.0,14.465999999999998
1497,23.0,22.653999999999996
1272,36.0,35.97
226,42.0,43.46
3831,26.0,25.975
2360,28.0,27.7
1026,42.0,42.155
2735,57.0,56.486000000000004
857,43.0,42.716
2306,34.0,33.91
3043,42.0,42.34
2015,43.0,42.94
1350,25.0,24.759
2532,22.0,22.23
2731,42.0,42.02
3109,30.0,30.0
22,45.0,44.95
908,42.0,42.222
219,37.0,37.65
3408,33.0,33.7
3228,53.0,52.77
407,19.0,19.8
634,40.0,40.145
514,22.0,21.92
1748,37.0,37.28
1929,61.0,62.44
762,44.0,43.8
2822,53.0,53.05
2784,24.0,23.9
3934,41.0,40.85
1364,36.0,36.21
1711,51.0,49.268
647,31.0,30.67
2945,41.0,40.88
3939,23.0,24.4
3839,28.0,27.8
2608,39.0,39.24
534,58.0,58.378000000000014
3545,33.0,32.858000000000004
1874,25.0,25.338
1737,57.0,56.41
399,24.0,23.93
1306,25.0,25.29
593,26.0,25.005
1031,36.0,35.739000000000004
3092,22.0,21.834
84,30.0,29.979
335,55.0,54.05
2013,34.0,34.19
2556,56.0,55.77
202,61.0,62.43
1759,33.0,33.4
449,64.0,63.99
82,29.0,29.18
1769,35.0,35.316
2010,35.0,35.17
4135,36.0,36.01
320,47.0,47.09
3372,40.0,40.27
3672,44.0,44.7
847,46.0,46.12
1661,33.0,33.47
143,28.0,27.714000000000002
162,45.0,45.01
1509,40.0,40.1
3280,29.0,28.76
331,22.0,21.95
3012,39.0,38.64
1266,45.0,44.9
3798,53.0,53.278
278,58.0,57.4
1894,22.0,21.795
1806,42.0,42.28
118,32.0,32.42
1652,51.0,51.02
2990,41.0,40.93
1934,14.0,14.530999999999997
1529,59.0,60.076
3270,35.0,35.07
1241,24.0,24.48
3755,26.0,25.58
3765,48.0,47.99099999999999
3108,31.0,30.45
2142,35.0,34.565
3978,28.0,28.279
2811,38.0,37.812
3481,20.0,20.045
3040,35.4,35.008
353,25.0,24.75
343,52.0,52.66
3690,42.0,41.8
1407,30.0,29.605
2539,33.0,33.13
895,31.0,30.425
507,23.0,23.13
2097,27.0,27.261
599,29.0,29.368
2187,36.0,35.71200000000001
3405,26.0,25.991999999999997
2999,44.0,44.082
526,82.0,76.25000000000001
2810,28.0,27.993000000000002
273,37.0,36.81
2795,30.0,29.655
4090,42.0,42.26
2666,42.0,42.26
3967,40.0,39.99
1068,41.0,41.49
3550,33.5,33.97
3008,46.0,45.55
1517,32.0,32.14
3237,35.0,35.01
3047,34.7,35.045
1723,29.0,28.929000000000002
1897,58.0,57.7
3896,42.0,41.73
1971,29.0,29.14
3375,39.0,38.25
1504,31.0,31.07
2415,48.0,48.25
2,32.0,31.41
3856,36.0,35.855
3996,55.0,54.47
744,32.0,32.05
3903,40.0,40.11
2231,28.0,27.82
311,39.0,39.05
2805,39.0,38.732
1626,38.0,37.99
3003,29.0,29.304000000000002
890,53.0,53.37
3835,15.0,19.29
221,46.0,45.01
347,15.0,15.938999999999998
1265,41.0,41.035
2282,33.0,33.03
3646,36.0,36.19
3191,22.0,21.585
2675,37.0,36.95
1346,20.0,20.26
500,32.0,32.07
3508,45.0,45.4
272,42.0,42.11
2443,44.0,44.77
3642,64.0,63.67400000000001
704,54.0,54.026
3456,31.0,30.44
802,45.0,45.39
3098,34.0,34.09
3534,50.0,49.83
3294,49.0,49.88
533,40.0,40.04
1448,63.0,60.61
3645,30.0,30.11
3587,49.0,48.4
2323,30.0,30.31
517,50.0,49.3
2085,28.0,27.818
452,54.0,54.65
3450,28.0,28.12
2531,41.0,41.185
4095,36.0,36.16
3322,35.0,34.95
4097,28.0,27.971999999999998
3834,53.0,53.23
2924,37.0,36.95
2464,22.0,23.176
1835,34.0,33.724000000000004
310,47.0,47.34
2514,20.0,20.317999999999998
598,33.0,32.795
3795,45.0,45.01
4039,26.0,25.82
1662,33.0,33.04
3614,30.0,29.99
1258,31.0,30.775
992,64.0,64.59
1808,51.0,51.21
1057,36.0,35.93
2549,27.0,27.247
2354,35.0,35.18
639,44.0,43.99
3017,47.1,47.23
1116,41.0,40.861999999999995
1625,51.0,51.67
3501,31.0,30.55
711,49.0,48.104
1277,37.0,36.815
2696,43.0,43.111000000000004
1657,46.0,45.75
575,24.0,23.987999999999996
2453,34.0,34.36
3691,40.0,40.075
1165,19.0,18.98
326,34.0,34.11
2223,38.0,37.881
2956,52.0,51.28
2848,31.0,30.62
1747,43.0,43.66
3021,31.0,30.41
2728,34.0,34.07
2425,20.0,19.865
1758,42.0,42.27
1210,30.0,30.049
956,32.0,32.01
2918,35.0,35.301
2176,30.0,29.834
695,30.0,30.415
1883,33.0,33.315
3766,30.0,30.088000000000008
368,40.4,40.84
3649,28.0,28.08
600,43.0,43.019
12,20.0,19.845
2629,41.0,41.03
3225,35.0,34.88
1944,24.0,23.79
3132,36.0,35.77
1724,57.0,57.32
1049,57.0,57.2
4003,60.0,60.162000000000006
2942,23.0,23.3
3670,32.0,32.07
1676,36.0,36.38
1340,26.0,25.27
127,36.0,36.264
2569,37.0,37.27
1047,42.0,42.19
815,29.0,28.954
3884,40.0,39.68
33,46.0,45.57
2041,44.0,43.96
1040,33.0,32.88
3217,38.0,38.27
2755,37.0,37.35
1316,55.0,54.19799999999999
3049,44.0,43.35
3268,28.0,28.24
866,45.0,44.79
2145,46.0,46.01
92,58.0,58.181999999999995
2068,39.0,39.05
2211,32.0,32.03
3945,40.0,40.63
1290,43.0,42.92
2573,51.0,51.43600000000001
41,50.0,49.84
2910,39.0,39.30799999999999
3696,30.0,29.92
709,45.0,45.05
3392,49.0,50.05
667,39.0,39.2
4036,32.0,32.11
420,35.5,35.045
1825,50.0,49.446999999999996
1837,35.0,34.73
785,50.0,49.98
1900,56.0,56.21
3952,43.0,42.835
3442,34.0,34.12
3124,39.0,39.073
1072,42.0,41.59
2700,44.0,44.13
2904,20.0,20.805
2060,40.0,39.78
2724,74.0,73.77
4070,35.0,35.26
673,34.0,33.52
2595,52.0,52.26
1235,46.0,46.375
1702,27.0,26.83
2663,32.0,32.22
624,57.0,57.45
224,37.0,37.864
3988,36.0,35.91
506,50.0,49.78
787,35.0,35.22
1303,47.0,47.21
3960,38.0,38.0
