,y_test,prediction
14466,32.0,30.339000000000002
1850,30.0,30.25
5200,50.0,44.861999999999995
19869,27.0,27.19
3428,21.8,30.063000000000002
12840,54.0,45.706
14477,37.0,48.455
5145,32.0,35.088
905,26.0,33.448
2135,26.0,29.016
20774,26.0,36.704
20976,40.0,35.629
8348,35.8,42.66
5363,32.0,43.497
505,32.0,33.86
12166,25.0,38.44
6064,47.0,42.74
1211,37.0,36.53
21258,38.0,40.47
8799,54.0,51.591
3362,40.0,39.68
9758,43.0,43.85799999999999
4672,58.0,54.73
541,34.0,33.96
1721,49.0,43.03
7182,39.0,40.95
16388,35.4,36.623000000000005
4597,28.0,42.31
19167,27.0,27.55
14326,23.0,24.723000000000003
19321,27.0,26.19
19275,27.0,35.71
2106,60.0,43.85
1475,58.0,45.495
4183,44.0,39.99
20272,36.0,36.09
2772,22.0,24.988000000000003
5262,30.0,30.15
21386,40.0,40.365
19381,38.0,34.13
19511,49.0,48.24
2983,45.0,33.47
12884,34.0,34.055
148,31.0,50.235
882,47.0,45.96
3316,42.0,43.87
18886,38.0,34.73
7945,35.0,34.175
18309,34.0,24.241
14620,30.0,35.34
17947,45.0,43.63
6061,61.0,42.005
6536,37.0,45.79
7233,45.0,38.38
5339,45.0,47.13
11759,30.0,26.308000000000003
12875,28.0,27.615
11716,47.0,31.9
20928,30.0,29.68
2293,24.0,30.615
7278,18.0,27.845
7295,20.0,25.45
10672,29.0,29.09
2154,24.0,27.04
4602,22.0,25.425
20446,37.0,35.982
20991,28.0,31.75
15398,35.0,28.930999999999997
4529,64.0,53.67799999999999
1895,36.0,34.8
13249,50.0,46.825
5875,35.0,37.66
12836,37.0,35.58
1397,38.0,29.5
2396,30.0,28.6
18971,15.0,24.505
5614,45.0,38.59
16184,28.0,29.254
9979,41.0,47.86
11484,34.0,40.4
1481,32.0,47.25
13770,44.0,41.85
5572,39.0,35.102
4619,42.0,41.835
5761,34.0,35.19
18239,59.0,51.48
1817,33.0,39.772
21563,23.0,27.287999999999997
11230,35.0,36.152
12095,30.0,29.42
7965,63.0,48.31399999999999
5474,40.0,31.769000000000002
4436,43.0,43.08
2782,50.0,45.79
16228,29.0,30.895
16286,53.0,50.528999999999996
12129,31.0,32.482
21956,52.0,52.66
20936,40.0,40.02
57,20.0,36.532
15758,52.0,50.62
17369,51.0,49.36
3638,38.0,36.58
7464,24.0,28.664
17803,33.0,35.21
14226,36.0,36.82
8294,47.0,37.163
10996,34.0,33.013000000000005
7658,31.0,29.095
16700,27.0,35.04
2180,26.0,27.19
12438,36.0,39.48
6623,20.0,30.58
21855,34.0,32.212
5418,53.0,39.79599999999999
116,30.0,45.91
21128,60.0,57.51
20440,32.0,31.596999999999998
6358,32.0,25.36
964,33.0,29.195
1201,46.0,45.14
17631,38.0,36.325
10826,68.0,63.63
13745,27.0,27.365
17980,39.0,29.11
9258,67.0,58.92
2963,29.0,31.476999999999997
20993,25.0,43.056000000000004
5819,32.0,32.0
12290,36.0,35.775
18864,29.0,32.508
11261,32.0,27.84
13507,38.0,40.3
14120,28.0,29.35
5258,43.0,41.74
17163,30.0,31.263
19449,46.0,40.973
3577,28.0,32.852
5773,33.0,32.74
650,35.0,39.935
1202,46.0,45.14
19319,33.0,33.28
7003,49.0,39.387
9720,23.0,28.0
1442,25.0,26.033
20551,48.0,52.47
9521,43.0,42.745
2134,26.0,29.016
16229,29.0,30.895
1028,34.0,36.33
15334,27.0,31.495
4886,35.0,29.95
9870,27.0,27.013
13197,34.0,34.295
18126,40.0,45.635
12953,27.0,43.84
19232,35.0,45.4
5848,17.0,26.68
15053,23.0,24.54
3759,21.0,33.929
12688,35.0,35.42
20214,36.0,36.02
1243,40.0,41.77
8246,39.0,34.605
5804,41.0,54.674
2861,49.0,47.342
5580,46.0,44.57
9866,53.0,50.91
7530,63.0,37.37
18396,30.0,27.77
3232,47.0,45.695
174,50.0,49.07
12657,31.0,34.526
9683,50.0,42.85
22164,50.0,45.05
14590,18.0,20.53
19832,38.0,38.0
11411,40.0,25.64
5519,30.0,33.1
10880,41.0,55.056000000000004
12336,42.0,41.06
22227,43.0,43.305
8598,44.0,45.24
4676,19.0,20.29
13538,36.0,36.32
4210,41.0,41.912
21669,20.0,20.48
11207,32.0,34.104
12343,53.0,46.23
22013,33.0,32.905
15091,48.0,45.04
4175,20.0,26.975
22290,42.0,40.308
18585,33.0,38.186
2411,50.0,33.423
12697,33.0,37.264
7539,44.0,37.092
11986,70.0,61.41
18756,33.0,30.671
19299,47.0,43.63
6661,42.0,41.92
8388,56.0,44.285
3193,29.0,43.06
14203,28.0,33.94
15309,26.0,47.629
5408,30.4,32.662000000000006
2693,32.0,28.4
1957,34.0,36.6
13043,34.0,42.05
4777,46.0,38.146
5403,31.0,31.781999999999996
2227,28.0,27.88
3990,36.0,30.21
12690,44.0,29.046999999999997
14263,38.0,36.056999999999995
922,36.0,40.78
9617,36.0,32.778
7266,26.0,26.730999999999998
15370,35.0,42.93600000000001
16209,46.0,38.206
899,36.0,37.36
1254,20.0,24.57
4284,24.0,30.178
12379,20.0,29.1
1112,30.0,29.079
4620,42.0,41.835
5431,23.0,37.54
1930,35.0,44.972
12781,37.0,47.18
2724,23.0,30.908
11729,36.0,36.649
11405,26.0,37.461999999999996
15922,43.0,42.386
374,20.0,43.495
19278,50.0,47.12
69,32.0,43.49
5889,39.0,56.52
14859,53.0,55.97
21383,29.0,32.67
1785,35.0,35.44
16612,23.0,31.63
5400,31.0,31.781999999999996
21281,48.0,40.825
11174,39.0,42.145
11130,44.0,42.8
10521,33.0,39.887
16495,27.0,28.666999999999998
15957,26.0,28.49
3388,36.0,42.84
4740,45.0,38.975
17922,39.0,38.63
3898,25.0,39.595
21899,31.0,31.43
4647,54.0,46.580999999999996
3664,30.0,31.535
2098,43.0,40.076
10300,30.0,32.47
20857,53.0,59.271
8092,34.0,24.825
14958,42.0,42.464
8849,47.0,37.626
11383,36.0,49.2
14292,24.0,35.49
4665,43.0,43.99
6442,51.0,48.49
22200,59.0,48.965
20966,40.0,40.73
15289,30.0,30.59
794,43.0,44.4
7916,33.0,42.318999999999996
4096,27.0,25.8
13665,25.7,26.870999999999984
5664,42.0,43.896
21269,35.0,34.48
19494,33.0,35.739999999999995
3296,35.0,35.1
22231,60.0,58.375
8889,38.0,26.42
1910,40.4,34.98
17281,37.0,41.03
19297,35.0,39.946
16685,22.0,24.27
8361,56.0,54.76
22177,26.0,29.205
18799,48.0,48.5
9359,44.0,38.402
12534,26.0,29.826999999999998
2257,43.0,46.28
2870,40.0,41.44
16383,27.0,37.319
5481,33.0,40.193
18625,29.0,29.99
9792,23.0,31.605
5872,38.0,37.44
10210,26.0,26.835
18095,35.0,36.1
8930,51.0,49.56
5667,38.0,38.65
2619,45.0,46.73700000000001
21009,46.0,30.625
13415,33.0,35.46
14306,35.0,36.415
8867,28.0,29.263
20165,24.0,27.69
5163,58.0,53.295
5922,44.0,41.74
3752,39.0,36.172
10580,23.0,25.766
4093,32.0,32.02
2190,18.0,19.467
3132,44.0,43.28
8415,60.0,57.75
4992,58.0,53.865
8079,36.0,39.17
13647,39.0,37.8
5594,42.0,45.13700000000001
16277,29.0,38.145
10474,33.0,36.937
1455,42.0,38.42
2777,42.0,45.27
1263,50.0,32.913999999999994
14854,52.0,50.68
19430,30.0,31.665
9829,39.0,33.32
585,50.0,38.701
9012,22.0,22.78
12699,63.0,49.270999999999994
18265,48.0,42.66
13827,52.0,48.17
129,24.0,32.092000000000006
5916,40.0,43.88
12010,29.0,30.045
20431,27.0,36.8
14846,57.0,43.83
17536,27.0,27.105
16252,47.1,45.80499999999999
18244,25.0,34.604
20062,32.0,34.615
17074,54.0,57.5
11720,22.0,23.05
1270,42.0,35.51
16177,27.0,26.385
20641,26.0,26.4
19710,43.0,41.79
11200,53.0,49.51
3478,23.0,33.558
13695,33.0,27.8
5295,30.0,35.48
21087,44.0,44.39
1557,43.0,37.232
18643,24.0,27.138
3579,37.0,37.09
9501,27.0,32.785
22383,36.0,43.059
414,34.0,43.277
10396,41.0,39.768
3057,35.0,37.98
7424,43.0,50.93
6923,29.0,32.616
14122,28.0,29.35
6443,51.0,48.49
3207,55.0,54.36
7223,34.0,34.25
19117,37.0,33.83
4423,50.0,48.12
8652,28.0,28.159000000000002
20708,43.0,33.881
18726,34.0,36.8
7144,57.0,47.0
16272,31.0,29.156
21906,26.0,32.794000000000004
16626,20.0,27.62
678,27.0,29.88
17616,32.0,32.39
12322,27.0,29.588
5925,30.0,41.16
11158,27.0,27.991999999999997
16706,27.5,40.07
11686,30.0,36.071999999999996
13235,26.0,26.25
15486,52.0,41.455
13964,35.0,35.66
1914,51.0,48.816
14962,42.0,42.464
11659,16.0,21.184
16076,42.0,38.585
15395,34.0,36.17
18254,42.0,43.895
4736,19.0,26.295
17434,30.0,29.94
10304,30.0,32.47
1020,38.0,38.477
13238,32.0,32.21200000000001
6483,32.0,38.192
4504,28.0,31.8
19787,21.0,23.78
15877,52.0,32.31
7365,25.0,42.512
19327,25.0,33.83
22148,39.0,35.75
19488,41.0,32.43
9348,33.0,27.723000000000003
599,29.0,34.105
18771,42.0,35.24
3499,46.0,45.315
17958,47.0,46.93
11615,20.0,26.84
15097,28.0,27.93
11233,51.0,42.63
19407,24.0,24.87
16502,37.0,38.08
16481,73.0,70.86
20134,30.0,27.42
12000,31.0,33.44
3374,34.0,33.623000000000005
8453,35.0,36.671
8362,47.0,37.2
8682,24.0,30.095
9656,35.0,32.455
19052,23.0,24.93
11849,46.0,43.15
2867,24.0,32.81
9194,50.0,44.02
21819,20.0,23.64
11872,33.0,34.677
2729,30.0,29.19
19887,22.0,23.758000000000003
19146,35.0,36.968
22121,21.0,30.517000000000003
8961,50.0,46.586999999999996
9423,43.0,31.37
20989,28.0,31.75
2477,24.0,34.756
11057,72.0,56.12
12441,24.0,28.956000000000003
238,34.0,33.138000000000005
17486,53.0,51.84
1158,32.0,31.943
1729,34.0,37.45
15044,54.0,51.94
10131,35.0,40.056999999999995
11054,43.0,31.148000000000003
18629,36.0,38.225
18517,23.0,33.658
1769,32.0,30.86
5222,32.0,33.337
2430,51.0,47.98
16866,21.0,28.05
6930,29.0,32.616
10102,48.0,39.92
19555,13.0,32.35
6526,47.0,46.28
9966,41.0,41.77
11150,40.0,26.64
3575,28.0,32.852
18065,23.0,26.935
10635,51.0,50.44
16257,50.0,45.87
19890,38.0,32.93
4657,28.0,29.15
17618,47.0,32.302
18109,30.0,27.369
18883,24.0,35.317
9773,44.0,42.01299999999999
8609,44.0,41.479
19669,40.0,40.4
9006,59.0,45.576
667,34.0,41.09
7977,28.0,29.086000000000002
5830,24.0,30.281999999999996
14420,24.0,37.875
10677,29.0,30.122000000000003
17897,35.0,44.09
354,40.0,48.54
3754,21.0,33.929
18099,25.0,26.22
4936,39.0,35.629
7116,40.0,40.6
8265,24.0,42.215
18116,33.0,35.535
10413,25.0,24.91
3873,31.0,27.869
1599,24.0,27.89
2182,26.0,27.19
6992,38.0,37.961
8341,60.0,39.145
4806,43.0,44.369
8203,46.0,39.747
12389,42.0,37.765
4285,24.0,28.746
9974,24.0,24.35
14806,29.0,45.73
11343,21.0,27.365
4897,30.0,30.035
22144,37.0,34.17700000000001
19525,26.0,27.446000000000005
15750,40.0,39.68
8191,23.0,30.14
1187,37.0,35.06
22083,36.0,33.87
1458,37.0,29.64
8131,30.0,26.96
8442,26.0,28.08
15912,70.0,56.196000000000005
10191,45.0,43.82
19060,27.0,37.19
17661,34.0,33.55
821,27.0,27.29
20042,42.0,38.766999999999996
19245,52.0,39.495
250,25.0,35.71
7270,41.0,43.56
8061,59.0,55.617
15090,48.0,45.04
16768,54.0,44.147
3040,26.0,37.145
18456,45.0,26.061999999999998
18935,37.0,39.952
7234,44.0,40.374
11156,59.0,58.03
12479,50.0,42.935
2589,45.0,43.59
4522,25.0,27.563000000000002
12161,40.0,33.07
19584,40.0,45.9
2578,27.0,25.67
5429,23.0,37.54
16725,34.0,37.72
20521,34.0,26.961
22167,48.0,38.136
21193,41.0,40.15
6938,46.0,45.39
13627,44.0,39.48
16190,39.0,37.55
8462,38.0,37.3
10685,18.0,24.924999999999997
9837,24.0,25.425
8595,32.0,33.52
5061,49.0,41.368
20425,38.0,32.963
4502,21.0,21.9
13544,36.0,36.32
21606,28.0,29.635
20458,37.0,37.66
423,30.0,36.06
14872,33.0,37.88
6792,41.0,35.47
3174,75.0,49.92
18852,48.0,47.16
10269,36.0,42.945
22391,35.0,34.35
3024,21.0,30.53
2904,38.0,41.58
20448,34.0,28.309
5708,29.0,31.966000000000005
6881,35.0,28.859
16506,22.0,34.25
3550,31.0,30.378
4062,42.0,39.41
18568,26.0,26.57
5531,52.0,48.1
21253,40.0,37.823
19575,26.0,28.541
2717,35.0,42.417
5999,31.0,36.17
7352,40.0,39.68
12687,35.0,35.42
12439,24.0,28.956000000000003
16788,48.0,39.949
11465,43.0,32.103
7492,25.0,26.526999999999997
16793,31.0,29.81
3432,63.0,48.145
14057,22.0,23.46
12976,38.0,36.080000000000005
4121,22.0,26.67
16220,49.0,47.3
7102,30.0,28.335
1215,30.0,30.099
20717,56.0,51.35
7253,46.0,33.87
1913,51.0,48.816
21916,46.0,42.062
13363,48.0,47.87
8572,50.0,44.24
99,32.0,34.09
10044,17.0,17.7
4730,36.0,37.719
9962,63.0,47.893
4049,56.0,43.29600000000001
9454,45.0,38.799
3685,51.0,50.196000000000005
1782,31.0,30.28
9553,43.0,40.67
1230,35.0,43.38
21413,23.0,29.669
6618,40.0,40.61
10703,48.0,35.525999999999996
4749,27.0,28.71
11211,31.0,31.759
22265,44.0,43.71
12436,36.0,39.48
18847,31.0,30.866
14119,21.0,25.601999999999997
14451,53.0,53.78800000000001
5027,30.0,45.55
19265,32.0,42.2
11238,31.0,36.413000000000004
19486,41.0,32.43
18621,21.0,21.34
15427,36.0,44.006
7981,30.0,31.71
7258,34.0,36.74
6935,25.0,30.61
5989,41.0,41.32
10457,37.0,33.748000000000005
21847,36.0,30.05
18772,42.0,35.24
8820,41.0,40.95
17876,49.0,45.525
7655,37.0,39.06
297,49.0,46.58
8366,32.0,36.816
17130,41.0,41.35
15827,16.0,21.4
2422,35.0,35.375
14500,53.0,49.935
19084,35.0,35.96
2012,39.0,39.6
22181,30.0,27.783
1085,61.0,50.53
20612,21.0,25.82
10749,26.0,32.732
18417,35.0,46.44
3728,42.0,40.912
13663,25.7,26.870999999999984
5806,37.0,34.119
13545,36.0,36.32
18564,39.0,38.52
13366,40.0,44.06
3444,56.0,38.42
22209,18.0,31.15
16053,27.0,30.647000000000002
20010,28.0,27.01
760,30.0,27.63
12415,33.0,38.711999999999996
7463,24.0,26.51
22068,31.0,33.93
17114,27.0,27.59
20814,53.0,49.82
806,27.0,27.09
13019,24.0,25.315
21789,24.0,23.21
11017,30.0,31.77
1038,26.0,26.239
7481,34.0,39.32
2323,23.0,23.565
18622,29.0,29.99
14276,31.0,31.587
20869,33.0,33.0
16824,45.0,43.74
5752,30.0,36.999
3176,75.0,49.92
1261,50.0,32.913999999999994
4113,36.0,35.18
8866,36.0,33.91
12947,41.0,51.28
764,30.0,30.64
7849,44.0,46.513000000000005
3864,24.0,27.555
16887,69.0,60.99
5131,38.0,44.2
2648,36.0,37.657
14833,52.0,42.99
14732,74.0,48.31
19967,23.0,26.47
6887,34.0,34.21
15310,26.0,47.629
8306,37.0,31.515000000000008
9907,20.0,24.841000000000005
11184,40.0,42.96
12342,53.0,46.23
9221,40.0,40.605
2795,43.0,31.21
21395,45.0,43.961999999999996
5373,51.0,36.085
20915,28.0,39.055
15754,36.0,39.652
1583,40.0,36.792
3613,55.0,41.82
3518,57.0,38.31
1372,25.0,30.11
8495,37.0,45.91
2553,42.0,37.166
4701,29.0,29.835
14567,59.0,56.01
22178,53.0,51.846000000000004
13417,33.0,35.46
2822,25.0,35.745
3908,45.0,44.75
2380,44.0,46.92799999999999
20902,52.0,47.648
10602,64.0,58.492
10832,39.0,39.64
21618,41.0,30.095
21788,24.0,23.21
19144,48.0,48.989
1493,38.0,38.524
9850,42.0,44.44
11273,33.0,30.845
4407,36.0,35.36
19334,33.5,32.897
10493,29.0,35.074
5230,60.0,42.32
17260,34.0,32.244
10057,50.0,49.25
10818,54.0,43.442
11051,37.0,43.45
11242,49.0,42.89
19751,56.0,50.61
8384,51.0,48.84
5070,43.0,43.14
21524,35.0,43.927
1799,52.0,50.98
4337,42.0,40.91
9205,36.0,36.185
16390,43.0,42.11
1803,46.0,36.086999999999996
21387,40.0,40.365
18515,33.0,33.465
9047,24.0,35.775999999999996
10582,31.0,26.095
18666,21.0,27.03
8773,53.0,46.615
7537,23.0,25.85
17910,41.0,41.6
20691,40.0,32.31
10390,33.0,26.67
8305,37.0,31.515000000000008
15817,37.0,37.31
7411,69.0,65.56
3706,37.0,40.94
997,33.0,30.43
10614,26.0,24.393999999999995
10868,54.0,48.2
246,40.0,40.431999999999995
12524,21.0,29.328000000000003
20455,43.0,27.6
18221,31.0,33.21
22051,31.0,32.576
11507,33.0,54.565
15284,53.0,47.36
21336,23.0,27.473000000000003
8071,58.0,51.0
9964,41.0,41.77
18394,45.0,44.95
20497,59.0,52.99
9550,43.0,40.67
10971,31.0,39.39
11378,41.0,40.73
9878,35.0,31.85
15942,52.0,50.94
14819,57.0,45.315
20355,67.0,60.52
4290,43.0,42.92
18114,33.0,35.535
12271,39.0,52.04
8842,62.0,45.405
6563,50.0,42.045
8605,40.0,34.725
3997,51.0,47.272
20688,60.0,58.453
10319,34.0,35.031
6698,36.0,36.9
11241,49.0,42.89
4362,45.0,42.41
17681,29.0,35.61
5671,34.0,40.35
6970,41.0,43.879
4583,30.0,29.5
1723,49.0,43.03
21978,46.0,45.108999999999995
7556,34.0,29.1
19053,23.0,24.93
13478,43.0,43.57
3353,32.0,29.795
12328,32.0,31.217
1530,40.0,40.495
8053,22.0,31.84
1766,36.1,44.69
19738,36.0,36.23
22341,39.0,41.11
7950,31.0,32.635
18329,38.0,37.689
11277,46.0,45.78
4804,43.0,44.369
104,35.0,27.22
14056,22.0,23.46
21156,46.0,45.49
3880,33.0,39.63
1179,40.0,32.044
15706,43.0,43.11200000000001
1993,50.0,52.2
4870,25.0,28.88
19442,42.0,43.12
15028,25.0,32.65
15638,33.0,34.42
3911,50.0,44.18
21106,31.0,33.71
14322,35.0,33.73
12578,26.0,29.2
3700,35.0,36.61
13650,41.0,39.56
10228,35.5,35.75
18166,41.0,41.027
5749,44.0,39.235
2715,25.0,32.56
1136,35.0,33.467
18570,35.0,38.8
15550,45.0,45.711999999999996
10288,55.0,42.131
21686,28.0,29.06
15958,26.0,28.49
7237,44.0,40.374
22339,39.0,41.11
8549,44.0,29.465
17181,31.0,27.930999999999997
21625,22.0,28.2
15286,53.0,47.36
2343,64.0,58.735
12203,38.0,36.47
8411,26.0,26.17
17940,52.0,39.23
3128,28.0,27.66
8328,53.0,44.62
13730,40.0,39.62
22139,46.0,45.0
10393,47.0,41.656000000000006
20812,33.0,34.285
7629,55.0,49.495
10630,68.0,61.493
9852,26.0,23.54
15263,57.0,39.299
15420,57.0,49.147
5040,40.0,41.41
3554,25.0,34.395
15951,40.0,37.134
17534,27.0,27.105
4350,34.0,32.908
7072,38.0,40.052
10242,43.0,42.504
10712,40.0,41.15
1164,34.0,34.015
15204,28.0,37.876999999999995
4692,43.0,47.512
3252,29.0,35.72
19943,58.0,42.881
5612,27.0,27.45
19569,48.0,37.255
8648,54.0,52.71
9160,25.0,34.56
7348,38.0,42.535
17839,38.0,45.17
1099,40.0,39.17
10026,51.0,44.302
7056,40.0,39.205
7473,54.0,42.09
19944,58.0,42.881
21111,31.0,33.71
22132,42.0,41.77
19055,36.0,36.809
7496,24.0,24.02
411,29.0,33.016000000000005
13335,43.0,44.3
2659,43.0,30.12
17239,38.0,40.46
623,37.0,45.585
13576,27.0,38.28
856,45.0,43.88399999999999
14323,35.0,33.73
6761,44.0,50.53
7654,37.0,39.06
13396,31.0,29.81
15553,33.0,38.552
19607,35.0,35.635
16322,19.0,21.94
7578,36.0,36.03
2087,21.0,22.46
10566,34.0,34.585
5864,53.0,54.403
18024,16.0,27.814000000000007
2758,37.0,27.65
11061,35.0,43.305
2869,40.0,41.44
2027,26.0,27.483
9092,30.0,28.49
19536,28.0,31.947999999999997
22298,21.0,23.051000000000002
7499,11.0,28.31
19329,46.0,36.87
19513,46.0,42.135
11162,26.0,30.258000000000003
16309,47.0,46.29
14783,60.0,44.26
904,26.0,33.448
10962,77.0,73.59
18513,53.0,48.08
12209,49.0,39.49
6524,47.0,46.28
15379,30.0,28.557
2052,41.0,41.905
21287,39.0,36.474000000000004
21683,28.0,29.06
14965,39.0,29.09
14713,75.0,50.3
9072,33.0,26.912
11701,34.0,28.531
3877,32.0,32.17
1234,41.0,34.225
21244,33.0,34.48
13413,31.0,33.45
10709,36.0,35.058
10574,38.0,37.345
5312,45.0,45.03
1075,25.0,36.521
18993,45.0,53.67100000000001
17548,51.0,36.364000000000004
5059,25.0,27.71
19757,55.0,50.8
13682,66.0,43.316
20083,33.0,23.925
20689,40.0,32.31
17867,49.0,45.525
14643,39.0,40.821
11369,65.0,45.4
8848,47.0,37.626
7611,37.0,47.736999999999995
9605,33.0,35.895
3688,65.0,41.08
19527,25.0,36.165
19839,48.0,47.24
11147,40.0,26.64
19397,20.0,34.371
14711,53.0,53.208
12070,38.0,38.74
16796,30.0,36.745
19490,46.0,33.043
10285,26.0,27.746
18124,32.0,37.34
13622,28.0,30.2
19903,19.5,20.77
6534,42.0,44.155
645,36.0,38.422
9938,30.0,29.735
15509,38.0,44.69
18574,28.0,26.97
22159,38.0,34.066
1059,32.0,30.54
10373,29.0,29.006999999999998
16447,34.7,33.433999999999976
22362,38.0,38.53
4060,42.0,39.41
9016,40.0,40.05
17383,27.0,28.756
13473,33.0,34.33
12549,32.0,38.035
20240,53.0,50.2
15312,45.0,32.76
13744,27.0,27.365
21751,29.0,34.001999999999995
7807,26.0,31.586
7289,30.0,32.566
20833,12.3,12.850999999999978
20241,53.0,50.2
19592,43.0,28.432
4707,50.8,35.735
9508,27.0,30.331999999999997
18671,66.0,55.79
19999,38.0,38.082
20039,46.0,45.68
21388,40.0,40.365
7465,24.0,28.664
953,34.0,31.691999999999997
12703,32.0,32.03
16152,43.0,35.395
6954,22.0,29.01600000000001
21083,78.0,53.31399999999999
13388,39.0,33.474
1923,43.0,44.46
621,34.0,33.19
12447,28.0,31.98
19010,49.0,38.815
13153,44.0,44.78
