,y_test,prediction
4006,20.0,33.38
873,34.0,37.818000000000005
43,48.0,33.7
1805,43.0,35.975
495,47.0,29.057
693,25.0,28.864
1329,41.0,40.131
3485,23.0,26.209
1885,38.0,43.352
1836,37.0,44.85
1249,44.0,46.115
786,24.0,30.289
1284,22.0,31.015
1319,24.0,25.41
486,26.0,31.71
1280,29.0,43.35
904,29.3,29.252999999999997
863,36.0,38.016999999999996
1145,45.0,56.91
3848,40.0,44.525
2590,12.0,27.01
1381,34.0,44.115
3469,37.0,46.15
623,34.0,51.053000000000004
1100,40.0,40.718
2901,52.0,50.77
34,37.0,36.957
1645,59.0,46.086000000000006
4084,48.0,39.065000000000005
3962,45.0,42.636
3582,27.0,32.135
3454,32.0,37.23
1247,36.0,39.48
1430,42.0,44.85
2285,27.0,31.249000000000006
3134,38.0,29.3
3325,27.0,33.875
878,48.0,45.096000000000004
2233,29.0,34.475
3424,38.0,27.82
400,80.0,55.2
315,23.0,26.665
1856,25.0,36.17
3612,34.0,41.66
1326,39.0,36.29
975,45.0,40.978
3925,42.0,38.946
1892,37.0,34.292
4052,30.0,27.099
387,50.0,55.9
2963,44.0,41.788999999999994
516,42.0,42.18
1086,35.0,37.7
2967,25.2,38.922
2472,37.0,42.831
1328,39.0,54.74
927,32.0,40.178
264,35.0,43.475
2898,31.0,42.287
3510,29.0,34.59
3415,35.0,38.53
2342,26.0,28.86
4065,18.2,31.815
3071,28.0,24.08
45,44.0,30.566
2084,32.0,28.654000000000007
1889,29.0,33.497
2171,40.0,30.03
3950,70.0,62.09
2297,26.0,32.518
1007,33.0,41.327999999999996
339,31.0,28.765
3370,21.0,25.405
999,36.0,37.06100000000001
1551,31.0,30.395
2552,41.0,33.55
157,45.0,40.96799999999999
1321,42.0,42.707
1143,21.0,31.232999999999997
2922,36.0,39.21
3333,21.0,25.92
2613,21.0,31.135
1589,37.0,40.507
1392,43.0,37.84
2040,57.0,59.1
2874,45.0,46.67799999999999
194,48.0,57.95
95,44.0,37.86
541,26.0,35.27
2121,35.0,36.098
246,34.0,39.345
2702,39.0,41.766000000000005
1212,47.0,48.21
124,34.0,41.94
2717,37.0,34.975
1858,41.0,48.39
670,29.0,43.18
664,48.0,44.342
2937,37.0,32.21900000000001
3697,21.0,36.181999999999995
1231,40.0,35.15
3057,39.0,31.64
1915,36.0,35.85
3953,29.0,34.356
469,36.0,39.885
2635,50.0,43.722
2891,55.0,42.01
2597,21.0,23.026
1857,35.0,29.480999999999995
2196,30.0,25.51
396,26.0,31.97
3048,55.5,52.702
3571,51.0,48.35
3585,46.0,33.433
2476,37.0,44.556000000000004
3346,59.0,40.873999999999995
926,49.0,41.898
2333,26.0,28.66
3416,36.0,35.92100000000001
982,32.0,42.975
1069,37.0,34.137
3980,44.0,38.543
370,43.0,34.69
390,33.0,33.018
1447,28.0,34.832
1390,30.0,22.77
1195,30.0,30.419
289,36.0,44.324
215,34.0,33.411
2533,24.0,32.87
3229,38.0,35.49
3474,24.0,25.7
1800,39.0,38.79
1273,60.0,48.28
494,43.0,29.123
2740,52.0,37.9
653,37.0,34.67
173,51.0,42.101000000000006
4057,27.0,29.27
1085,26.0,32.35
227,28.0,35.49799999999999
2489,36.0,31.945
2934,44.0,41.02
1563,44.0,33.6
3957,40.0,47.73
71,53.0,43.815
2520,34.0,40.052
348,49.0,40.725
1179,32.0,25.861
2022,27.0,25.855
2152,26.0,30.935
3539,47.0,35.336999999999996
1060,38.0,36.223
4085,26.0,39.05
1022,27.0,24.41
1642,27.0,32.835
231,40.0,45.98
576,52.0,40.2
180,32.0,41.26
3678,47.0,41.17
2624,28.0,48.701
2900,38.0,55.46
232,32.0,40.73
3803,45.5,50.64900000000001
3384,25.0,39.37
3266,36.0,32.458
1011,45.0,32.02800000000001
1582,54.0,38.45
2991,20.0,28.02
918,32.0,34.908
4067,38.0,52.61
3626,37.0,32.278
2723,62.0,37.058
429,49.0,45.28
2034,44.0,33.84
2870,35.0,36.637
568,20.0,26.975
3921,41.0,45.976000000000006
2806,35.0,41.617
3118,21.0,27.03
363,57.0,40.216
1016,43.0,44.586999999999996
2872,29.0,25.905
3403,40.0,38.13
1775,25.0,25.835
1539,26.0,28.889
3524,35.0,48.17
3530,50.0,47.575
2003,41.0,37.129
2518,36.0,31.67
3419,40.0,30.585
2940,30.0,39.96
3745,48.0,33.883
2986,37.0,45.42100000000001
777,24.0,27.943
2746,35.0,40.19
371,42.0,45.761
1465,28.0,31.3
1751,45.0,38.527
2697,32.0,43.81
698,30.0,25.969
1673,32.0,38.25
3748,49.0,42.04
3000,47.0,38.466
1921,36.0,37.49
3293,36.0,36.835
1315,40.0,39.89
3864,65.0,57.105
72,48.0,45.62
2561,52.0,42.715
3194,24.0,24.94
3156,36.0,33.34
3063,27.0,39.395
3378,62.0,69.26
2268,58.0,42.75
3692,29.0,29.465000000000003
4130,40.0,38.51
3296,35.0,36.919000000000004
437,43.0,38.59
189,25.0,37.69
397,21.0,32.275
1741,27.0,34.144
3908,35.0,30.811999999999998
103,29.0,41.675
3576,30.0,35.375
640,46.0,35.32
997,23.0,37.218
25,35.0,30.275
2604,30.0,36.452000000000005
3849,40.0,29.298000000000002
2216,29.0,39.83
2829,25.0,29.203999999999997
1044,38.0,38.832
3438,40.0,32.475
2653,46.0,36.655
3290,27.0,35.005
4126,35.0,36.165
361,62.0,43.28
3704,43.0,43.46
2456,26.0,27.95
720,35.0,30.06
2602,41.0,45.815
3484,57.0,52.28
2256,30.0,36.176
3022,29.0,35.538000000000004
1999,59.0,50.46799999999999
1530,40.0,41.967000000000006
3002,66.0,56.2
933,41.0,36.938
701,52.0,47.416000000000004
1138,42.0,35.86
3759,36.0,34.59
2871,55.0,39.96
4086,43.0,32.668
2625,42.0,41.29
3018,50.0,42.34
3761,60.0,46.26
1860,35.0,41.63399999999999
522,47.0,34.58
2563,50.0,33.745
39,35.0,31.87
254,44.0,44.71
3954,20.0,25.97
2873,55.0,61.463
1269,27.0,26.54
3628,25.0,35.286
923,31.0,35.14
1092,36.0,30.37
2637,33.0,30.85
546,53.0,36.52
241,24.0,28.765
3918,42.0,40.41
1396,44.0,34.475
2752,22.0,33.278
3080,30.0,37.614000000000004
211,46.0,51.878
3536,30.0,39.64
1927,33.0,32.476
2413,50.0,36.82
3119,24.0,33.144
675,65.0,47.666000000000004
1866,44.0,37.78
3792,22.0,37.03
1648,40.0,40.27
3287,38.0,42.38
3521,30.0,33.289
244,38.0,31.555
2437,46.0,37.13
1824,40.5,34.775
4015,50.0,42.922
3326,30.0,26.74
3780,34.0,31.267
475,27.0,37.73
3120,49.0,46.4
1262,41.0,38.83
3911,25.0,27.84
2527,19.0,25.66
1472,40.0,35.239000000000004
2080,49.0,40.653
3204,40.0,30.906999999999996
2002,50.0,42.615
2916,52.0,47.56
2495,42.0,36.44
925,25.0,30.67
1196,51.0,48.23
3323,25.0,28.646
108,34.0,33.15
1750,43.0,36.012
367,31.0,39.94
2167,28.0,26.195
499,34.0,24.65
1347,55.0,56.7
3610,35.0,35.43
3332,34.0,40.35
3304,45.0,34.65
875,43.0,44.196999999999996
527,23.0,32.67100000000001
1931,43.0,41.826
567,26.0,39.688
2474,33.0,37.48
1712,63.0,42.971000000000004
630,63.0,49.08
1467,44.0,36.16
829,50.0,37.181999999999995
1680,35.0,31.635
1596,43.0,35.75
2338,38.0,30.31
324,37.0,38.817
2326,54.0,40.266999999999996
800,37.0,33.545
2656,32.6,41.31
2112,40.0,29.088
1314,65.0,44.015
2270,32.0,33.925
302,40.0,32.698
3717,40.0,36.386
1851,32.0,35.778
1274,35.0,26.699
1202,28.0,33.463
605,44.0,29.9
1597,44.0,37.08
855,28.0,36.793
492,23.0,32.722
220,31.0,38.25
4014,24.0,28.378
267,44.0,28.775
1862,34.0,34.303000000000004
3081,45.0,49.62
1148,41.0,44.54
1815,48.0,34.94
1205,35.0,41.32
3039,36.3,36.912000000000006
2783,23.0,21.99
134,36.0,38.764
2710,52.0,42.302
1708,27.0,31.014
303,86.0,43.9
1667,42.0,45.161
498,37.0,34.92
586,47.0,83.663
1916,44.0,46.86600000000001
987,31.0,32.79
1233,27.0,23.79
2664,41.0,39.22
661,32.0,34.04
62,43.0,44.42100000000001
64,49.0,42.361000000000004
2925,22.0,27.694000000000003
408,43.0,39.181000000000004
1706,35.0,38.967
960,28.0,24.94
4007,29.0,39.514
1439,64.0,41.14
783,27.0,26.23
2019,44.0,55.346000000000004
78,20.0,38.605
2745,33.0,46.12
3821,22.0,28.15
2543,22.0,33.348
1335,52.0,45.272
1991,28.0,34.573
2686,40.0,34.585
3196,19.0,23.505
2469,17.0,29.642
1656,24.0,32.32500000000001
3059,48.4,33.72
2888,32.0,33.902
382,67.0,42.431999999999995
2419,45.0,41.382
3874,48.0,42.922999999999995
1949,38.0,34.085
1491,43.0,42.98
2529,34.0,28.26
4069,45.0,37.198
919,40.0,47.25
1688,50.0,39.155
822,21.0,26.49
1672,36.0,26.930999999999997
832,57.0,57.338
1621,33.0,33.398
3729,30.0,33.0
1220,39.0,40.02
4094,48.0,42.208
1821,40.0,41.18
236,50.0,30.91
3799,47.0,43.99
3777,35.5,41.794
1677,33.0,37.637
4008,28.0,28.365
2519,24.0,42.056000000000004
3852,39.8,38.12
1965,48.0,44.79
432,28.0,27.555
304,35.0,50.92
3669,38.0,33.365
1524,36.0,49.77
1525,56.0,52.22
4023,20.0,22.85
1103,30.0,41.13
921,20.0,25.25
1052,30.0,30.335
523,25.0,38.756
1324,28.0,38.26
2618,48.0,48.15
746,48.0,52.36
645,29.0,29.07
197,31.0,34.698
3907,32.0,40.945
2524,30.0,34.26
1388,29.0,26.947
4132,44.0,40.922
755,47.0,34.845
322,41.0,58.99100000000001
650,54.0,46.72
424,19.0,36.03
3360,40.0,29.81
3464,20.0,27.955
899,26.0,29.586000000000002
1814,37.0,38.06
2787,41.0,37.6
548,25.0,31.41
1379,24.0,31.079
3492,35.0,60.72
3828,33.0,41.736000000000004
1536,16.0,23.796000000000003
1497,23.0,32.684
1272,36.0,40.48
226,42.0,49.5
3831,26.0,44.26
2360,28.0,42.57
1026,42.0,47.33
2735,57.0,44.632000000000005
857,43.0,43.92
2306,34.0,29.787
3043,42.0,42.172
2015,43.0,31.355
1350,25.0,27.11
2532,22.0,26.17
2731,42.0,32.639
3109,30.0,37.621
22,45.0,38.19
908,42.0,33.998000000000005
219,37.0,26.17
3408,33.0,34.091
3228,53.0,43.79
407,19.0,31.784000000000006
634,40.0,45.06
514,22.0,31.075
1748,37.0,46.46
1929,61.0,46.21
762,44.0,36.665
2822,53.0,40.01
2784,24.0,28.1
3934,41.0,38.226
1364,36.0,37.628
1711,51.0,39.75
647,31.0,31.830000000000005
2945,41.0,50.93
3939,23.0,26.255
3839,28.0,38.44
2608,39.0,52.32
534,58.0,44.938
3545,33.0,39.47
1874,25.0,32.392
1737,57.0,49.202
399,24.0,37.74
1306,25.0,27.081999999999997
593,26.0,43.98
1031,36.0,32.443000000000005
3092,22.0,24.46
84,30.0,38.015
335,55.0,40.71
2013,34.0,26.404
2556,56.0,40.378
202,61.0,50.01
1759,33.0,37.607
449,64.0,49.67
82,29.0,30.935
1769,35.0,31.109
2010,35.0,42.67
4135,36.0,38.2
320,47.0,41.29
3372,40.0,47.527
3672,44.0,45.152
847,46.0,43.485
1661,33.0,56.14
143,28.0,30.072
162,45.0,41.305
1509,40.0,35.084
3280,29.0,36.753
331,22.0,25.691
3012,39.0,39.14099999999999
1266,45.0,41.617
3798,53.0,41.16
278,58.0,54.09
1894,22.0,29.67
1806,42.0,42.597
118,32.0,42.622
1652,51.0,31.275
2990,41.0,38.045
1934,14.0,26.293000000000003
1529,59.0,49.75
3270,35.0,42.14
1241,24.0,32.72
3755,26.0,29.726999999999997
3765,48.0,42.178999999999995
3108,31.0,29.71
2142,35.0,35.7
3978,28.0,28.065
2811,38.0,41.36
3481,20.0,24.264
3040,35.4,34.41
353,25.0,27.91
343,52.0,48.833
3690,42.0,36.565
1407,30.0,38.518
2539,33.0,30.493000000000002
895,31.0,39.865
507,23.0,34.945
2097,27.0,28.896
599,29.0,44.655
2187,36.0,38.63
3405,26.0,30.989
2999,44.0,46.373999999999995
526,82.0,41.55
2810,28.0,44.507
273,37.0,30.22
2795,30.0,32.762
4090,42.0,40.51
2666,42.0,32.64
3967,40.0,39.124
1068,41.0,57.99
3550,33.5,39.52
3008,46.0,41.39
1517,32.0,33.535
3237,35.0,31.97
3047,34.7,33.132
1723,29.0,29.0
1897,58.0,45.32
3896,42.0,44.695
1971,29.0,33.169000000000004
3375,39.0,51.506
1504,31.0,42.28
2415,48.0,44.218
2,32.0,23.528999999999996
3856,36.0,42.7
3996,55.0,37.546
744,32.0,32.435
3903,40.0,36.837
2231,28.0,33.42
311,39.0,44.967
2805,39.0,35.74
1626,38.0,25.889
3003,29.0,38.005
890,53.0,46.01
3835,15.0,37.49
221,46.0,38.15
347,15.0,30.02
1265,41.0,39.26
2282,33.0,33.82
3646,36.0,34.907
3191,22.0,25.65
2675,37.0,43.49
1346,20.0,22.32
500,32.0,28.56
3508,45.0,37.27
272,42.0,35.58
2443,44.0,47.07
3642,64.0,62.67
704,54.0,45.21
3456,31.0,30.92
802,45.0,33.495
3098,34.0,39.47
3534,50.0,48.837999999999994
3294,49.0,42.11
533,40.0,30.93
1448,63.0,43.13
3645,30.0,38.031
3587,49.0,39.53
2323,30.0,39.995
517,50.0,40.76
2085,28.0,28.52
452,54.0,50.63799999999999
3450,28.0,32.95
2531,41.0,36.295
4095,36.0,41.85799999999999
3322,35.0,37.59
4097,28.0,37.424
3834,53.0,43.08
2924,37.0,40.66
2464,22.0,34.86600000000001
1835,34.0,29.919
310,47.0,32.163999999999994
2514,20.0,29.78
598,33.0,43.52
3795,45.0,40.16
4039,26.0,30.347
1662,33.0,29.4
3614,30.0,36.21
1258,31.0,31.808000000000007
992,64.0,44.6
1808,51.0,39.845
1057,36.0,34.799
2549,27.0,25.955
2354,35.0,35.96
639,44.0,36.15
3017,47.1,39.4
1116,41.0,45.35
1625,51.0,44.961999999999996
3501,31.0,47.59
711,49.0,48.27
1277,37.0,29.817000000000004
2696,43.0,38.08
1657,46.0,43.045
575,24.0,28.34
2453,34.0,36.41
3691,40.0,34.015
1165,19.0,24.05
326,34.0,36.01
2223,38.0,49.63
2956,52.0,52.915
2848,31.0,36.484
1747,43.0,44.75
3021,31.0,30.22
2728,34.0,35.965
2425,20.0,30.55
1758,42.0,45.6
1210,30.0,31.64
956,32.0,33.973
2918,35.0,40.809
2176,30.0,32.621
695,30.0,38.961999999999996
1883,33.0,33.07
3766,30.0,25.24
368,40.4,32.195
3649,28.0,37.325
600,43.0,30.635
12,20.0,35.082
2629,41.0,31.27
3225,35.0,40.604
1944,24.0,27.041
3132,36.0,42.89
1724,57.0,43.85
1049,57.0,52.783
4003,60.0,45.13
2942,23.0,26.289999999999996
3670,32.0,28.695
1676,36.0,33.33
1340,26.0,26.371
127,36.0,36.15
2569,37.0,34.13
1047,42.0,43.105
815,29.0,33.182
3884,40.0,34.88
33,46.0,41.43
2041,44.0,40.24
1040,33.0,32.64
3217,38.0,46.341
2755,37.0,35.165
1316,55.0,41.92100000000001
3049,44.0,38.69
3268,28.0,34.51
866,45.0,39.24
2145,46.0,43.69
92,58.0,41.516999999999996
2068,39.0,32.382000000000005
2211,32.0,32.13699999999999
3945,40.0,29.57
1290,43.0,40.84
2573,51.0,36.97
41,50.0,48.28
2910,39.0,40.09
3696,30.0,37.793
709,45.0,44.46
3392,49.0,28.62
667,39.0,39.07
4036,32.0,36.328
420,35.5,30.25
1825,50.0,44.82
1837,35.0,33.092
785,50.0,48.027
1900,56.0,62.313
3952,43.0,39.291
3442,34.0,39.04
3124,39.0,31.77
1072,42.0,39.385
2700,44.0,44.71
2904,20.0,34.564
2060,40.0,29.918000000000003
2724,74.0,50.475
4070,35.0,33.886
673,34.0,29.66
2595,52.0,36.185
1235,46.0,37.512
1702,27.0,27.522
2663,32.0,38.29
624,57.0,42.1
224,37.0,39.889
3988,36.0,38.185
506,50.0,38.855
787,35.0,37.165
1303,47.0,47.85
3960,38.0,39.96
