,y_test,prediction
4006,20.0,31.253
873,34.0,38.28900000000001
43,48.0,35.659
1805,43.0,36.405
495,47.0,27.985
693,25.0,27.820999999999998
1329,41.0,41.141000000000005
3485,23.0,25.93
1885,38.0,45.986000000000004
1836,37.0,47.077
1249,44.0,47.706
786,24.0,27.559
1284,22.0,27.864
1319,24.0,25.19
486,26.0,32.22
1280,29.0,42.71
904,29.3,30.621000000000002
863,36.0,37.60900000000001
1145,45.0,59.15
3848,40.0,46.778999999999996
2590,12.0,26.678
1381,34.0,46.2
3469,37.0,45.93600000000001
623,34.0,49.903999999999996
1100,40.0,36.254
2901,52.0,51.66
34,37.0,36.873000000000005
1645,59.0,42.506
4084,48.0,38.217000000000006
3962,45.0,43.37
3582,27.0,31.881999999999998
3454,32.0,38.235
1247,36.0,37.9
1430,42.0,44.937999999999995
2285,27.0,30.387000000000004
3134,38.0,29.388
3325,27.0,36.105
878,48.0,46.485
2233,29.0,34.59
3424,38.0,27.56
400,80.0,56.092
315,23.0,28.073
1856,25.0,37.414
3612,34.0,40.817
1326,39.0,35.33
975,45.0,42.026
3925,42.0,39.32
1892,37.0,35.787
4052,30.0,29.392
387,50.0,52.755
2963,44.0,41.1
516,42.0,44.83
1086,35.0,38.8
2967,25.2,41.013999999999996
2472,37.0,41.18
1328,39.0,47.897999999999996
927,32.0,38.916
264,35.0,41.04
2898,31.0,41.308
3510,29.0,30.708000000000002
3415,35.0,41.198
2342,26.0,28.247
4065,18.2,37.711999999999996
3071,28.0,24.896
45,44.0,30.035999999999998
2084,32.0,28.644000000000005
1889,29.0,32.185
2171,40.0,30.04
3950,70.0,56.6
2297,26.0,31.61
1007,33.0,45.85
339,31.0,28.488000000000003
3370,21.0,26.26
999,36.0,37.802
1551,31.0,32.038
2552,41.0,33.07
157,45.0,41.02
1321,42.0,43.075
1143,21.0,30.918000000000003
2922,36.0,40.613
3333,21.0,25.04
2613,21.0,32.139
1589,37.0,44.214
1392,43.0,38.89
2040,57.0,60.355
2874,45.0,45.271
194,48.0,59.411
95,44.0,38.64
541,26.0,33.825
2121,35.0,37.905
246,34.0,41.33
2702,39.0,39.035
1212,47.0,47.26
124,34.0,43.007
2717,37.0,35.128
1858,41.0,45.96
670,29.0,40.34
664,48.0,43.976000000000006
2937,37.0,32.988
3697,21.0,33.428999999999995
1231,40.0,35.39
3057,39.0,31.778000000000002
1915,36.0,36.32
3953,29.0,35.74
469,36.0,40.59
2635,50.0,47.39
2891,55.0,42.45
2597,21.0,21.236
1857,35.0,29.234
2196,30.0,28.19
396,26.0,30.206999999999997
3048,55.5,53.478
3571,51.0,44.702999999999996
3585,46.0,36.708
2476,37.0,40.35
3346,59.0,41.41299999999999
926,49.0,39.924
2333,26.0,27.185
3416,36.0,38.793
982,32.0,42.92
1069,37.0,34.559000000000005
3980,44.0,46.076
370,43.0,34.355
390,33.0,35.0
1447,28.0,34.183
1390,30.0,26.12
1195,30.0,26.921999999999997
289,36.0,44.785
215,34.0,32.305
2533,24.0,31.24
3229,38.0,38.55
3474,24.0,26.253
1800,39.0,43.301
1273,60.0,46.33
494,43.0,29.638
2740,52.0,36.15
653,37.0,32.626999999999995
173,51.0,42.31399999999999
4057,27.0,28.996000000000002
1085,26.0,30.723000000000003
227,28.0,34.249
2489,36.0,32.0
2934,44.0,40.535
1563,44.0,33.684
3957,40.0,43.556000000000004
71,53.0,44.6
2520,34.0,41.23
348,49.0,41.16
1179,32.0,26.095
2022,27.0,28.623
2152,26.0,33.325
3539,47.0,35.765
1060,38.0,37.055
4085,26.0,38.356
1022,27.0,24.658
1642,27.0,30.502
231,40.0,49.27
576,52.0,43.382
180,32.0,39.8
3678,47.0,40.28
2624,28.0,41.97
2900,38.0,50.196999999999996
232,32.0,41.262
3803,45.5,52.43600000000001
3384,25.0,37.22
3266,36.0,33.103
1011,45.0,33.141000000000005
1582,54.0,37.03
2991,20.0,29.33
918,32.0,37.005
4067,38.0,51.56
3626,37.0,32.23
2723,62.0,36.85
429,49.0,42.511
2034,44.0,33.487
2870,35.0,39.441
568,20.0,27.805
3921,41.0,42.74000000000001
2806,35.0,40.45
3118,21.0,26.29
363,57.0,39.87
1016,43.0,44.13499999999999
2872,29.0,27.475
3403,40.0,36.468
1775,25.0,27.583000000000002
1539,26.0,28.279000000000007
3524,35.0,47.385
3530,50.0,46.37
2003,41.0,38.043
2518,36.0,32.1
3419,40.0,31.995
2940,30.0,38.909
3745,48.0,34.236000000000004
2986,37.0,45.24
777,24.0,28.228
2746,35.0,40.763999999999996
371,42.0,43.478
1465,28.0,31.445
1751,45.0,38.35
2697,32.0,45.506
698,30.0,25.271
1673,32.0,36.605
3748,49.0,44.445
3000,47.0,38.62
1921,36.0,40.705999999999996
3293,36.0,37.02
1315,40.0,39.75
3864,65.0,57.175
72,48.0,46.53
2561,52.0,42.839
3194,24.0,23.69
3156,36.0,32.85
3063,27.0,44.13
3378,62.0,85.86
2268,58.0,48.33
3692,29.0,29.414
4130,40.0,39.446
3296,35.0,35.785
437,43.0,40.681
189,25.0,37.95
397,21.0,31.905
1741,27.0,36.52
3908,35.0,31.717
103,29.0,39.997
3576,30.0,32.83
640,46.0,38.974
997,23.0,39.351000000000006
25,35.0,28.185
2604,30.0,34.686
3849,40.0,28.579
2216,29.0,37.24
2829,25.0,31.043000000000006
1044,38.0,40.805
3438,40.0,33.321
2653,46.0,38.783
3290,27.0,33.675
4126,35.0,35.73
361,62.0,43.269
3704,43.0,43.835
2456,26.0,28.15
720,35.0,31.279
2602,41.0,44.265
3484,57.0,50.27
2256,30.0,36.42
3022,29.0,34.42
1999,59.0,48.36600000000001
1530,40.0,43.225
3002,66.0,59.173
933,41.0,40.48
701,52.0,42.868
1138,42.0,34.15
3759,36.0,33.445
2871,55.0,37.195
4086,43.0,34.539
2625,42.0,39.741
3018,50.0,41.63
3761,60.0,45.032
1860,35.0,40.857
522,47.0,34.89
2563,50.0,36.03
39,35.0,31.13
254,44.0,43.23
3954,20.0,26.38
2873,55.0,61.933
1269,27.0,25.64
3628,25.0,36.641
923,31.0,34.58
1092,36.0,31.482
2637,33.0,29.111
546,53.0,36.329
241,24.0,26.816
3918,42.0,42.172
1396,44.0,34.04
2752,22.0,33.674
3080,30.0,39.106
211,46.0,57.909
3536,30.0,40.31
1927,33.0,34.99
2413,50.0,37.625
3119,24.0,31.91
675,65.0,49.04600000000001
1866,44.0,36.793
3792,22.0,37.18
1648,40.0,40.92
3287,38.0,42.63
3521,30.0,34.311
244,38.0,35.615
2437,46.0,38.647
1824,40.5,34.58
4015,50.0,42.986000000000004
3326,30.0,27.088
3780,34.0,29.925
475,27.0,38.35
3120,49.0,46.897
1262,41.0,37.9
3911,25.0,26.674
2527,19.0,25.73
1472,40.0,35.998000000000005
2080,49.0,42.92100000000001
3204,40.0,36.607
2002,50.0,42.66
2916,52.0,47.12
2495,42.0,34.76
925,25.0,31.668000000000003
1196,51.0,51.33
3323,25.0,27.17
108,34.0,33.461999999999996
1750,43.0,35.181
367,31.0,38.885
2167,28.0,26.58
499,34.0,25.74
1347,55.0,58.2
3610,35.0,35.96
3332,34.0,39.98
3304,45.0,35.32
875,43.0,45.333999999999996
527,23.0,32.596000000000004
1931,43.0,41.783
567,26.0,39.997
2474,33.0,33.07
1712,63.0,43.59
630,63.0,47.34
1467,44.0,35.602
829,50.0,39.025999999999996
1680,35.0,30.419
1596,43.0,41.66
2338,38.0,30.48
324,37.0,40.21
2326,54.0,39.242
800,37.0,34.875
2656,32.6,43.11
2112,40.0,29.02
1314,65.0,43.26
2270,32.0,33.875
302,40.0,33.88
3717,40.0,35.87
1851,32.0,34.689
1274,35.0,27.41
1202,28.0,34.06
605,44.0,31.86
1597,44.0,37.93
855,28.0,35.246
492,23.0,32.98
220,31.0,35.83
4014,24.0,28.182
267,44.0,27.6
1862,34.0,32.732
3081,45.0,48.347
1148,41.0,46.055
1815,48.0,35.57
1205,35.0,40.78
3039,36.3,34.67
2783,23.0,21.18
134,36.0,38.494
2710,52.0,42.1
1708,27.0,30.138
303,86.0,45.316
1667,42.0,44.806999999999995
498,37.0,37.38
586,47.0,77.95
1916,44.0,49.626000000000005
987,31.0,30.75
1233,27.0,23.435
2664,41.0,39.74
661,32.0,35.111
62,43.0,41.01
64,49.0,43.26
2925,22.0,27.69
408,43.0,38.618
1706,35.0,39.933
960,28.0,25.775
4007,29.0,41.69
1439,64.0,42.611999999999995
783,27.0,27.455
2019,44.0,54.43
78,20.0,42.415
2745,33.0,42.595
3821,22.0,27.066999999999997
2543,22.0,34.046
1335,52.0,44.88
1991,28.0,34.725
2686,40.0,34.998000000000005
3196,19.0,24.768
2469,17.0,28.95799999999999
1656,24.0,33.253
3059,48.4,40.94
2888,32.0,34.88
382,67.0,42.335
2419,45.0,46.13
3874,48.0,42.868
1949,38.0,31.728
1491,43.0,40.946
2529,34.0,27.32
4069,45.0,35.065
919,40.0,46.964
1688,50.0,34.989
822,21.0,26.078000000000003
1672,36.0,29.038
832,57.0,57.86
1621,33.0,32.408
3729,30.0,35.614000000000004
1220,39.0,40.34
4094,48.0,43.438
1821,40.0,41.475
236,50.0,31.044
3799,47.0,45.55
3777,35.5,38.599
1677,33.0,37.68
4008,28.0,30.303
2519,24.0,43.141000000000005
3852,39.8,39.285
1965,48.0,44.8
432,28.0,26.36
304,35.0,49.93
3669,38.0,32.68
1524,36.0,50.86
1525,56.0,53.023999999999994
4023,20.0,23.358
1103,30.0,40.92
921,20.0,24.138999999999996
1052,30.0,28.331999999999997
523,25.0,38.991
1324,28.0,38.633
2618,48.0,49.49
746,48.0,50.98
645,29.0,30.32
197,31.0,32.078
3907,32.0,39.69
2524,30.0,33.62
1388,29.0,28.325
4132,44.0,39.57
755,47.0,36.42
322,41.0,52.18
650,54.0,49.885
424,19.0,36.988
3360,40.0,29.97
3464,20.0,26.281999999999996
899,26.0,28.348000000000003
1814,37.0,37.312000000000005
2787,41.0,37.145
548,25.0,30.601
1379,24.0,31.77
3492,35.0,79.53
3828,33.0,40.900999999999996
1536,16.0,25.365
1497,23.0,32.191
1272,36.0,43.805
226,42.0,46.44
3831,26.0,39.315
2360,28.0,37.74
1026,42.0,51.203
2735,57.0,43.309
857,43.0,42.88
2306,34.0,29.487
3043,42.0,42.083
2015,43.0,31.253
1350,25.0,26.726999999999997
2532,22.0,25.64
2731,42.0,31.093000000000004
3109,30.0,37.26
22,45.0,37.927
908,42.0,37.598
219,37.0,25.351000000000003
3408,33.0,37.512
3228,53.0,46.056999999999995
407,19.0,41.878
634,40.0,41.745
514,22.0,30.4
1748,37.0,43.36
1929,61.0,46.735
762,44.0,34.525
2822,53.0,40.16
2784,24.0,26.796
3934,41.0,40.07
1364,36.0,38.1
1711,51.0,42.555
647,31.0,31.074
2945,41.0,45.21
3939,23.0,26.395
3839,28.0,38.334
2608,39.0,54.512
534,58.0,41.95
3545,33.0,38.16
1874,25.0,32.705999999999996
1737,57.0,48.736000000000004
399,24.0,38.76
1306,25.0,27.346999999999998
593,26.0,41.535
1031,36.0,33.022
3092,22.0,25.993000000000002
84,30.0,36.805
335,55.0,40.14
2013,34.0,26.226000000000003
2556,56.0,40.208
202,61.0,49.06
1759,33.0,38.591
449,64.0,48.295
82,29.0,30.154
1769,35.0,31.299
2010,35.0,45.152
4135,36.0,38.28
320,47.0,41.747
3372,40.0,52.386
3672,44.0,43.091
847,46.0,42.102000000000004
1661,33.0,54.096000000000004
143,28.0,30.775
162,45.0,43.77
1509,40.0,33.461999999999996
3280,29.0,37.2
331,22.0,27.449
3012,39.0,39.457
1266,45.0,41.555
3798,53.0,42.295
278,58.0,53.17
1894,22.0,27.83
1806,42.0,44.602999999999994
118,32.0,44.894
1652,51.0,32.42
2990,41.0,38.878
1934,14.0,32.89
1529,59.0,46.77
3270,35.0,42.3
1241,24.0,30.5
3755,26.0,32.592
3765,48.0,42.19299999999999
3108,31.0,31.015
2142,35.0,38.444
3978,28.0,28.063
2811,38.0,43.885
3481,20.0,23.85
3040,35.4,35.136
353,25.0,27.88
343,52.0,46.507
3690,42.0,38.583
1407,30.0,38.191
2539,33.0,29.508000000000003
895,31.0,39.337
507,23.0,35.015
2097,27.0,27.086
599,29.0,44.751999999999995
2187,36.0,39.154
3405,26.0,30.335
2999,44.0,44.416000000000004
526,82.0,41.42
2810,28.0,44.685
273,37.0,29.703000000000003
2795,30.0,33.66
4090,42.0,42.501000000000005
2666,42.0,35.185
3967,40.0,34.744
1068,41.0,59.24
3550,33.5,36.695
3008,46.0,40.62
1517,32.0,32.855
3237,35.0,29.563000000000002
3047,34.7,31.983
1723,29.0,28.985
1897,58.0,43.762
3896,42.0,43.455
1971,29.0,32.478
3375,39.0,48.32
1504,31.0,46.135
2415,48.0,40.798
2,32.0,25.586000000000002
3856,36.0,42.3
3996,55.0,40.538000000000004
744,32.0,32.738
3903,40.0,36.09100000000001
2231,28.0,32.18
311,39.0,45.26
2805,39.0,34.62
1626,38.0,25.902
3003,29.0,37.59
890,53.0,46.485
3835,15.0,37.73
221,46.0,37.837999999999994
347,15.0,27.784000000000002
1265,41.0,38.172
2282,33.0,35.67
3646,36.0,35.61
3191,22.0,24.273000000000003
2675,37.0,41.58
1346,20.0,22.845
500,32.0,27.82
3508,45.0,37.98
272,42.0,35.16
2443,44.0,46.355
3642,64.0,60.745
704,54.0,42.73
3456,31.0,33.94
802,45.0,32.404
3098,34.0,39.994
3534,50.0,47.342
3294,49.0,42.181999999999995
533,40.0,30.358
1448,63.0,43.401
3645,30.0,36.416
3587,49.0,36.27
2323,30.0,40.348
517,50.0,40.91
2085,28.0,27.392
452,54.0,48.381
3450,28.0,33.485
2531,41.0,35.95
4095,36.0,44.536
3322,35.0,35.419000000000004
4097,28.0,37.229000000000006
3834,53.0,42.67799999999999
2924,37.0,41.595
2464,22.0,31.607
1835,34.0,29.051
310,47.0,31.625
2514,20.0,30.85
598,33.0,38.544
3795,45.0,39.597
4039,26.0,31.538
1662,33.0,29.396
3614,30.0,36.551
1258,31.0,31.59
992,64.0,40.829
1808,51.0,38.95
1057,36.0,34.99
2549,27.0,26.666
2354,35.0,35.365
639,44.0,36.32
3017,47.1,40.821
1116,41.0,42.217
1625,51.0,47.81100000000001
3501,31.0,43.95
711,49.0,49.885
1277,37.0,30.132
2696,43.0,36.92
1657,46.0,43.42
575,24.0,30.86
2453,34.0,34.204
3691,40.0,32.145
1165,19.0,25.375
326,34.0,38.412
2223,38.0,46.845
2956,52.0,51.891000000000005
2848,31.0,34.244
1747,43.0,42.38
3021,31.0,32.123000000000005
2728,34.0,35.461999999999996
2425,20.0,29.985
1758,42.0,44.336000000000006
1210,30.0,32.995
956,32.0,33.005
2918,35.0,41.82
2176,30.0,34.45
695,30.0,35.707
1883,33.0,32.657
3766,30.0,26.7
368,40.4,33.804
3649,28.0,37.17
600,43.0,31.976999999999997
12,20.0,38.75
2629,41.0,33.44
3225,35.0,38.573
1944,24.0,27.651
3132,36.0,46.535
1724,57.0,43.821999999999996
1049,57.0,49.76
4003,60.0,47.71
2942,23.0,25.816
3670,32.0,27.835
1676,36.0,34.510999999999996
1340,26.0,24.986
127,36.0,35.03
2569,37.0,33.208
1047,42.0,41.108999999999995
815,29.0,33.469
3884,40.0,34.87
33,46.0,39.45
2041,44.0,41.69
1040,33.0,30.011999999999997
3217,38.0,49.47
2755,37.0,34.605
1316,55.0,42.145
3049,44.0,38.468
3268,28.0,32.42
866,45.0,39.577000000000005
2145,46.0,43.36
92,58.0,45.578
2068,39.0,31.416000000000004
2211,32.0,32.617999999999995
3945,40.0,34.055
1290,43.0,41.864
2573,51.0,39.501999999999995
41,50.0,47.17
2910,39.0,41.22
3696,30.0,36.681
709,45.0,46.665
3392,49.0,29.469
667,39.0,36.375
4036,32.0,37.8
420,35.5,31.793000000000003
1825,50.0,44.76
1837,35.0,35.185
785,50.0,46.531000000000006
1900,56.0,61.293
3952,43.0,42.415
3442,34.0,39.037
3124,39.0,32.005
1072,42.0,41.05
2700,44.0,46.136
2904,20.0,36.503
2060,40.0,30.351000000000003
2724,74.0,47.31100000000001
4070,35.0,35.042
673,34.0,30.017000000000003
2595,52.0,34.67
1235,46.0,37.48
1702,27.0,27.87
2663,32.0,38.63
624,57.0,41.27
224,37.0,39.54
3988,36.0,39.021
506,50.0,37.416
787,35.0,39.185
1303,47.0,48.79
3960,38.0,40.495
