,y_test,prediction
4006,20.0,30.228187988135552
873,34.0,37.72534238209196
43,48.0,33.58751652051808
1805,43.0,39.02389955835088
495,47.0,29.59246319244425
693,25.0,27.577437380914603
1329,41.0,44.90663608963061
3485,23.0,25.25531279459496
1885,38.0,44.572074255445926
1836,37.0,51.24191272876223
1249,44.0,48.66643850428444
786,24.0,26.652871929234703
1284,22.0,32.94069305898256
1319,24.0,24.51854663779603
486,26.0,32.54397670019341
1280,29.0,37.07737278925208
904,29.3,31.67484378900594
863,36.0,36.06130808726424
1145,45.0,58.336831539574
3848,40.0,41.145278877293144
2590,12.0,28.344479841324773
1381,34.0,45.11186444948673
3469,37.0,48.770080001023885
623,34.0,46.75531846019257
1100,40.0,33.647125081055165
2901,52.0,51.002025872547094
34,37.0,37.24217906451767
1645,59.0,45.88581108829726
4084,48.0,42.59606240115897
3962,45.0,43.75422675159851
3582,27.0,31.914497490751955
3454,32.0,37.131570056755564
1247,36.0,35.47034029761601
1430,42.0,44.845413822743296
2285,27.0,31.095339030051665
3134,38.0,31.78484556940967
3325,27.0,36.326961077021835
878,48.0,44.27357965334919
2233,29.0,33.473700995178575
3424,38.0,28.762864355666782
400,80.0,65.95165457438007
315,23.0,25.544868227388193
1856,25.0,36.822373630382074
3612,34.0,38.13388151950713
1326,39.0,35.64126826460176
975,45.0,42.8391016316746
3925,42.0,40.03998864751023
1892,37.0,40.31982924917867
4052,30.0,27.24641364261598
387,50.0,50.83008415087551
2963,44.0,43.484619847731764
516,42.0,47.545310644271105
1086,35.0,38.79369377385595
2967,25.2,38.089611535443076
2472,37.0,41.32176680529871
1328,39.0,46.59718604843298
927,32.0,34.63532684268894
264,35.0,43.188408259588
2898,31.0,38.8222843797426
3510,29.0,33.84985079321784
3415,35.0,38.136741265744504
2342,26.0,29.316083955120146
4065,18.2,33.42854640401612
3071,28.0,22.871519878323323
45,44.0,28.56802137979204
2084,32.0,25.444883779001195
1889,29.0,30.87974695851994
2171,40.0,32.304234862328926
3950,70.0,57.42664124868306
2297,26.0,28.67575125996201
1007,33.0,40.162337621298306
339,31.0,33.04581163507721
3370,21.0,28.688932991036257
999,36.0,31.979285157364796
1551,31.0,32.374704775162485
2552,41.0,33.191398667100444
157,45.0,43.05379499823694
1321,42.0,44.47561510695955
1143,21.0,31.645231349506627
2922,36.0,40.172197154586975
3333,21.0,25.3117633693304
2613,21.0,34.307209736997386
1589,37.0,45.409758943166565
1392,43.0,37.84771484439898
2040,57.0,58.835424052098304
2874,45.0,47.48340076813833
194,48.0,56.89195931429784
95,44.0,36.19447086736187
541,26.0,33.27669232685889
2121,35.0,38.44843481982959
246,34.0,40.80292887011885
2702,39.0,37.269397857595315
1212,47.0,49.35444180351955
124,34.0,39.92731585904585
2717,37.0,35.45150251790345
1858,41.0,35.78743762297455
670,29.0,45.63258034899424
664,48.0,40.654958927632094
2937,37.0,33.10367871531624
3697,21.0,33.09217044848681
1231,40.0,36.73115447539429
3057,39.0,31.44544082253947
1915,36.0,35.73785799550163
3953,29.0,37.4729862939425
469,36.0,38.052933663720054
2635,50.0,43.684276017366855
2891,55.0,47.23348951103165
2597,21.0,22.777350684075614
1857,35.0,32.455711458500076
2196,30.0,24.166380013749947
396,26.0,31.695575413935813
3048,55.5,53.01714479587946
3571,51.0,47.01913563047576
3585,46.0,34.26836751806373
2476,37.0,38.82633641779925
3346,59.0,37.79969770834444
926,49.0,41.67303936704238
2333,26.0,29.997304510279818
3416,36.0,41.978799339025144
982,32.0,41.73088922548449
1069,37.0,33.46464035980382
3980,44.0,39.53169651690966
370,43.0,33.646079880344004
390,33.0,34.750194853497995
1447,28.0,34.75677870969992
1390,30.0,26.26821950554921
1195,30.0,30.590788265874586
289,36.0,39.23245224797763
215,34.0,32.6171690383857
2533,24.0,33.28698592234859
3229,38.0,40.77006643204976
3474,24.0,25.926529976606016
1800,39.0,44.545080328466184
1273,60.0,48.619861492496845
494,43.0,34.61748505294461
2740,52.0,38.17694748963714
653,37.0,38.30513545073205
173,51.0,40.455470203137885
4057,27.0,31.848290597665983
1085,26.0,32.07630383897981
227,28.0,35.261344543122675
2489,36.0,32.51868739266914
2934,44.0,40.45342969059419
1563,44.0,33.74295305541577
3957,40.0,45.240620090361
71,53.0,44.705001897428915
2520,34.0,44.59640066459829
348,49.0,43.71205900326815
1179,32.0,28.110523130831133
2022,27.0,24.17573548520346
2152,26.0,37.36103785863657
3539,47.0,35.87536014544035
1060,38.0,38.58027573182723
4085,26.0,37.038576189531604
1022,27.0,22.458283285879233
1642,27.0,32.246493792562006
231,40.0,46.69215949384906
576,52.0,36.361324981480294
180,32.0,40.95372101143095
3678,47.0,40.381546190873834
2624,28.0,34.47102847437775
2900,38.0,52.09321445651421
232,32.0,43.80027847495757
3803,45.5,49.67674623137876
3384,25.0,36.76783363170109
3266,36.0,35.275019483261445
1011,45.0,39.722639281850306
1582,54.0,38.32400190654218
2991,20.0,29.35511029201162
918,32.0,38.95995140794929
4067,38.0,52.86989902527861
3626,37.0,33.66863999622983
2723,62.0,34.602859871808164
429,49.0,38.78468338394754
2034,44.0,37.92538890502527
2870,35.0,34.37026547636585
568,20.0,29.133711811820426
3921,41.0,43.159380855968436
2806,35.0,40.97931474687314
3118,21.0,26.164104902252532
363,57.0,44.466808983430695
1016,43.0,45.62426588736966
2872,29.0,28.564716075550585
3403,40.0,38.09628579940208
1775,25.0,27.64398259626175
1539,26.0,28.934303263644598
3524,35.0,48.14046996483059
3530,50.0,47.846382229485535
2003,41.0,33.87526778212656
2518,36.0,33.0961696728916
3419,40.0,29.42874398384321
2940,30.0,40.87409911268982
3745,48.0,35.231705372489934
2986,37.0,41.45042724615672
777,24.0,25.544391630602636
2746,35.0,36.67140572073511
371,42.0,47.03823318395123
1465,28.0,29.24546175193882
1751,45.0,33.59741993663462
2697,32.0,43.55120371272282
698,30.0,23.638348049644794
1673,32.0,34.96003647590395
3748,49.0,45.052289037295196
3000,47.0,38.82954187734991
1921,36.0,38.48339901191194
3293,36.0,32.41856528066115
1315,40.0,38.52922313340076
3864,65.0,57.33178575354832
72,48.0,51.23765286923329
2561,52.0,44.8083597838087
3194,24.0,21.49713341360521
3156,36.0,35.93043502736188
3063,27.0,40.3877977344507
3378,62.0,70.43847143375653
2268,58.0,45.0848005903906
3692,29.0,31.11333000791377
4130,40.0,41.56342401219613
3296,35.0,41.04625948224026
437,43.0,40.35671621641622
189,25.0,35.0036353691137
397,21.0,31.0949887088095
1741,27.0,29.879668616771973
3908,35.0,32.16585368486258
103,29.0,40.97576394190999
3576,30.0,31.492699511114548
640,46.0,29.931215428755987
997,23.0,36.684443788254285
25,35.0,28.792352497432834
2604,30.0,33.01238385980091
3849,40.0,28.115160286058945
2216,29.0,37.09221148974831
2829,25.0,23.46058899718331
1044,38.0,34.44041616857015
3438,40.0,38.2691401451123
2653,46.0,37.24090532005925
3290,27.0,33.827133134468056
4126,35.0,32.43972800883658
361,62.0,42.65239776962986
3704,43.0,38.341833751532874
2456,26.0,32.09956105572566
720,35.0,42.100027120206775
2602,41.0,45.214698105772925
3484,57.0,50.937784929195615
2256,30.0,38.46477746080048
3022,29.0,34.28024709068734
1999,59.0,48.64715000636505
1530,40.0,43.33342614261795
3002,66.0,62.92221987739093
933,41.0,46.67380605054832
701,52.0,43.08072331867357
1138,42.0,33.879775021990525
3759,36.0,31.450273197486563
2871,55.0,31.91194915043546
4086,43.0,38.173062414394025
2625,42.0,39.340484949174495
3018,50.0,42.36352381813931
3761,60.0,45.158329920448445
1860,35.0,41.53811273073475
522,47.0,34.112726469416394
2563,50.0,39.659240593947374
39,35.0,33.90975393451281
254,44.0,43.58961412088388
3954,20.0,24.965171280059902
2873,55.0,56.772596412722834
1269,27.0,24.898316239362536
3628,25.0,34.87725042754076
923,31.0,33.861496153738145
1092,36.0,32.1094082122402
2637,33.0,25.19434681157015
546,53.0,38.09848177902518
241,24.0,28.667976718210337
3918,42.0,44.2780472724822
1396,44.0,34.96993833718315
2752,22.0,33.82881804189461
3080,30.0,40.25358033088635
211,46.0,53.95405819615881
3536,30.0,38.81210379391683
1927,33.0,32.392288376619206
2413,50.0,40.96819774626732
3119,24.0,33.56175483539285
675,65.0,46.7459209642716
1866,44.0,36.48130456879505
3792,22.0,38.83899913403448
1648,40.0,41.584460935278
3287,38.0,42.5296993015478
3521,30.0,34.75222351662184
244,38.0,35.86992351481062
2437,46.0,37.93290941484814
1824,40.5,36.88100559180877
4015,50.0,43.989786019382485
3326,30.0,28.614473789447914
3780,34.0,30.04795577574288
475,27.0,36.574945097236686
3120,49.0,43.19122651732458
1262,41.0,38.46162219832007
3911,25.0,26.421229440076576
2527,19.0,28.856950042348444
1472,40.0,37.238326439229354
2080,49.0,43.734596523017544
3204,40.0,38.163219113526964
2002,50.0,40.87468659993861
2916,52.0,52.39945819481345
2495,42.0,37.85588947065624
925,25.0,32.54585966178183
1196,51.0,50.561825918822194
3323,25.0,29.29136613828597
108,34.0,37.499925902634615
1750,43.0,36.1501178656508
367,31.0,36.39492799757018
2167,28.0,27.960604701605586
499,34.0,22.75704866220989
1347,55.0,56.483563355699225
3610,35.0,33.8814216824244
3332,34.0,41.137481930926015
3304,45.0,37.02683333220355
875,43.0,47.4684400189218
527,23.0,31.675516451409504
1931,43.0,42.252167124712145
567,26.0,37.91719368864763
2474,33.0,33.548018040043644
1712,63.0,39.13138434519247
630,63.0,47.051767632961955
1467,44.0,37.41566004808142
829,50.0,39.324734977237995
1680,35.0,31.158828524220137
1596,43.0,43.778704782664796
2338,38.0,30.02478293927425
324,37.0,39.41697128580034
2326,54.0,37.78626028329576
800,37.0,36.40320282065436
2656,32.6,39.57234106409341
2112,40.0,31.13381462108756
1314,65.0,45.191410451226744
2270,32.0,33.848064753427366
302,40.0,35.446386516322725
3717,40.0,39.03441127122321
1851,32.0,34.16658916742485
1274,35.0,29.23449911705101
1202,28.0,30.866852954073224
605,44.0,23.462549755848745
1597,44.0,39.59429051057103
855,28.0,25.350872739212736
492,23.0,34.32413151406212
220,31.0,39.392629440646346
4014,24.0,29.34091023534396
267,44.0,29.31650141575286
1862,34.0,36.115202831173114
3081,45.0,51.67689818972367
1148,41.0,46.72360186216167
1815,48.0,34.14723048761124
1205,35.0,36.599277165122174
3039,36.3,34.87086785631814
2783,23.0,26.2777205401841
134,36.0,42.17988952172766
2710,52.0,44.73009004939517
1708,27.0,33.98419449537083
303,86.0,47.75737276409977
1667,42.0,50.662594476022264
498,37.0,36.19199608063293
586,47.0,51.15695898969237
1916,44.0,48.760879768250504
987,31.0,28.359389004096826
1233,27.0,24.18516658425227
2664,41.0,42.33423462708723
661,32.0,31.130158660432794
62,43.0,39.28042066309679
64,49.0,41.29880256491643
2925,22.0,26.95183295688023
408,43.0,36.8410101709536
1706,35.0,39.05019660501692
960,28.0,25.771152596750483
4007,29.0,37.70093914852347
1439,64.0,41.284817904654844
783,27.0,27.99226414205309
2019,44.0,56.40686278488137
78,20.0,35.123843901455544
2745,33.0,46.29521625245742
3821,22.0,24.66077680604456
2543,22.0,30.09613423432676
1335,52.0,44.14552025170437
1991,28.0,36.098846205636804
2686,40.0,36.22923164725451
3196,19.0,22.453312503361218
2469,17.0,30.98885212450479
1656,24.0,32.773498485945396
3059,48.4,40.745732290793484
2888,32.0,34.6352542887211
382,67.0,45.062119752449505
2419,45.0,40.9073825320702
3874,48.0,40.59638279816068
1949,38.0,31.127005897369276
1491,43.0,42.007869207306
2529,34.0,27.069941372234535
4069,45.0,33.914789144683766
919,40.0,46.213177094378636
1688,50.0,32.98493590672281
822,21.0,24.759263736359785
1672,36.0,31.23511380274653
832,57.0,54.82125470707985
1621,33.0,32.729280961066095
3729,30.0,36.04421803773039
1220,39.0,43.681957578153295
4094,48.0,43.85162358493331
1821,40.0,40.71061651417295
236,50.0,33.34156138945966
3799,47.0,44.421357687936734
3777,35.5,39.264100302473864
1677,33.0,39.27464532583049
4008,28.0,30.792901635993733
2519,24.0,31.8175073058802
3852,39.8,40.450877027549225
1965,48.0,45.0700910901714
432,28.0,27.94572782636585
304,35.0,33.241899484150636
3669,38.0,32.755574414702224
1524,36.0,50.39754373448356
1525,56.0,54.29730998857599
4023,20.0,21.28633271215178
1103,30.0,37.749562084383854
921,20.0,18.2136604023762
1052,30.0,28.472528120502627
523,25.0,36.470430452349795
1324,28.0,38.17159847478806
2618,48.0,46.36774272077329
746,48.0,49.24753512198858
645,29.0,35.38138990531961
197,31.0,34.81999953342657
3907,32.0,37.44751678363022
2524,30.0,36.22939536694092
1388,29.0,29.524082744957752
4132,44.0,43.00541443946797
755,47.0,36.03420533321049
322,41.0,50.41302342519033
650,54.0,51.258941999824444
424,19.0,36.796313908754385
3360,40.0,31.83349600895158
3464,20.0,22.268437888097694
899,26.0,27.702053204215083
1814,37.0,36.723243748776625
2787,41.0,40.83821663053311
548,25.0,31.65638552744507
1379,24.0,35.02914636235457
3492,35.0,54.87098343493607
3828,33.0,39.822080205149526
1536,16.0,19.357435158775488
1497,23.0,32.99522775389046
1272,36.0,39.38864739661459
226,42.0,48.03155634621878
3831,26.0,39.291536487325075
2360,28.0,35.537691750795794
1026,42.0,50.71333112438005
2735,57.0,42.52731019411746
857,43.0,42.725420659174844
2306,34.0,32.90564116257059
3043,42.0,46.55976884965962
2015,43.0,33.89143818040179
1350,25.0,26.431012906909604
2532,22.0,21.14566558555194
2731,42.0,33.87452794223711
3109,30.0,36.2827295833322
22,45.0,35.21410798448048
908,42.0,39.70013929651003
219,37.0,27.083233720221127
3408,33.0,31.5518552222925
3228,53.0,47.664917872920626
407,19.0,34.436985981104264
634,40.0,41.06212905924798
514,22.0,31.565750481965626
1748,37.0,45.26029708627364
1929,61.0,49.01428553181687
762,44.0,34.0330239181781
2822,53.0,41.86780378834654
2784,24.0,25.810305725829686
3934,41.0,39.66534809162958
1364,36.0,38.177729228354494
1711,51.0,43.91016277831841
647,31.0,32.46428015562172
2945,41.0,45.50280759483071
3939,23.0,19.753764534034097
3839,28.0,41.009437523204
2608,39.0,57.67027445872715
534,58.0,42.02854511315736
3545,33.0,37.211782744524726
1874,25.0,32.81334090731269
1737,57.0,52.28983659186429
399,24.0,38.851522572091966
1306,25.0,26.33760371032272
593,26.0,38.31874497103719
1031,36.0,36.259683965743505
3092,22.0,30.502643924783204
84,30.0,37.39196558827027
335,55.0,42.254121148250555
2013,34.0,23.69706621595657
2556,56.0,39.140437978563206
202,61.0,48.38467946162923
1759,33.0,40.86583073443745
449,64.0,46.992680477189
82,29.0,29.828067964821006
1769,35.0,31.42290065459306
2010,35.0,45.4775833374495
4135,36.0,40.34866245672386
320,47.0,37.509564397213495
3372,40.0,47.31233771592803
3672,44.0,44.92852137703399
847,46.0,47.03158199161157
1661,33.0,51.79509774040865
143,28.0,31.783739563945097
162,45.0,45.10203698021477
1509,40.0,32.8186776096386
3280,29.0,37.89667801668327
331,22.0,28.521944258296788
3012,39.0,35.960794960140625
1266,45.0,41.76887722310929
3798,53.0,44.675077357758454
278,58.0,51.442726822773295
1894,22.0,27.2807453412108
1806,42.0,41.02955762105637
118,32.0,41.47079842586082
1652,51.0,36.34442286322346
2990,41.0,36.01338320433421
1934,14.0,19.40806108534411
1529,59.0,45.68383408430432
3270,35.0,44.97775730814139
1241,24.0,32.43510182865741
3755,26.0,30.116760653422904
3765,48.0,44.04852929197315
3108,31.0,32.383107131975464
2142,35.0,34.01453508742695
3978,28.0,27.111816551672902
2811,38.0,46.202359766852446
3481,20.0,26.058505959776245
3040,35.4,36.40353448123497
353,25.0,28.27854129248908
343,52.0,46.20055531429426
3690,42.0,37.30334004396317
1407,30.0,34.269219476337994
2539,33.0,28.20898035206432
895,31.0,42.41141263481368
507,23.0,34.96704241859365
2097,27.0,24.332493961374208
599,29.0,48.236359970143965
2187,36.0,39.53979666220375
3405,26.0,32.06190390113565
2999,44.0,41.3920980714862
526,82.0,38.28041924644738
2810,28.0,42.108257089658835
273,37.0,28.406469202732314
2795,30.0,33.11702425331076
4090,42.0,44.03715393866411
2666,42.0,39.647443702242526
3967,40.0,37.77362155032355
1068,41.0,49.06500616025429
3550,33.5,35.23039261234287
3008,46.0,45.30870101036968
1517,32.0,33.7636937850518
3237,35.0,32.35924762242732
3047,34.7,31.825682564808258
1723,29.0,23.833978708840313
1897,58.0,48.355225573062924
3896,42.0,44.92062866855659
1971,29.0,31.47268583459359
3375,39.0,52.753112785586225
1504,31.0,41.21948956782467
2415,48.0,43.21684839367695
2,32.0,25.406480478460033
3856,36.0,40.97111333800876
3996,55.0,44.296902511858136
744,32.0,33.287408581421204
3903,40.0,38.34893213299948
2231,28.0,33.759748980794505
311,39.0,47.00271019961633
2805,39.0,36.498998068690966
1626,38.0,28.26646320390922
3003,29.0,39.557233807562255
890,53.0,47.286293997463446
3835,15.0,35.90465731644774
221,46.0,40.4720599181813
347,15.0,25.607320923599477
1265,41.0,38.49434825178598
2282,33.0,33.5989338917894
3646,36.0,36.26111508044952
3191,22.0,20.903237430266476
2675,37.0,41.473773805501274
1346,20.0,25.241342793350732
500,32.0,27.92392017399276
3508,45.0,34.48086609303019
272,42.0,38.565498302580394
2443,44.0,43.457867576004546
3642,64.0,60.228397349021584
704,54.0,47.83919183285109
3456,31.0,31.529781504783298
802,45.0,33.484367961332694
3098,34.0,38.079808857778204
3534,50.0,45.840832399703835
3294,49.0,45.66477160116116
533,40.0,34.34501922689965
1448,63.0,42.313404348203065
3645,30.0,37.93863671557662
3587,49.0,40.14460002390361
2323,30.0,40.11905046141418
517,50.0,42.30307348980983
2085,28.0,26.673657916598483
452,54.0,51.09246229176418
3450,28.0,33.75601421653192
2531,41.0,37.265859813004056
4095,36.0,45.02494371929068
3322,35.0,33.10047333210453
4097,28.0,34.71103345008541
3834,53.0,41.330632255999404
2924,37.0,41.17078575453751
2464,22.0,34.209240429787826
1835,34.0,29.788670248507117
310,47.0,33.616587127443424
2514,20.0,31.98568784115869
598,33.0,39.59863896760547
3795,45.0,40.55363166109534
4039,26.0,29.055849032182227
1662,33.0,29.505165072277038
3614,30.0,39.63441135067423
1258,31.0,32.55360834244188
992,64.0,41.21553136173361
1808,51.0,42.13871617925115
1057,36.0,36.830981877823945
2549,27.0,25.80648614851054
2354,35.0,33.1030358171277
639,44.0,34.14386484882613
3017,47.1,37.71830447140978
1116,41.0,45.96113745934578
1625,51.0,52.72666225436985
3501,31.0,43.756469147510145
711,49.0,43.91656525291159
1277,37.0,32.64952224371176
2696,43.0,35.93688018050766
1657,46.0,36.203187784748124
575,24.0,30.742528185451455
2453,34.0,34.418340502379166
3691,40.0,36.08284225706596
1165,19.0,25.812295395113612
326,34.0,35.03121178312145
2223,38.0,50.582465819600955
2956,52.0,51.262692256360715
2848,31.0,35.667160473384726
1747,43.0,41.760233792823406
3021,31.0,33.75527391217827
2728,34.0,35.46846825157665
2425,20.0,30.201967297266904
1758,42.0,46.852824844672
1210,30.0,33.393124516814005
956,32.0,31.63515826749664
2918,35.0,44.4591855707079
2176,30.0,37.145933722991366
695,30.0,36.03551020884616
1883,33.0,31.76660556461226
3766,30.0,27.7619575581894
368,40.4,36.84388709344309
3649,28.0,35.38609776804695
600,43.0,29.690511935081783
12,20.0,35.95340540387559
2629,41.0,35.22084246442965
3225,35.0,39.5347962731249
1944,24.0,25.868888591091736
3132,36.0,42.98393686451632
1724,57.0,39.57750671846154
1049,57.0,52.99179677934336
4003,60.0,47.133542966563155
2942,23.0,22.41796517328044
3670,32.0,29.076158790968524
1676,36.0,35.25904103414997
1340,26.0,23.49437443942533
127,36.0,35.94844975434013
2569,37.0,38.77453270002267
1047,42.0,43.04393918651041
815,29.0,33.558822980800926
3884,40.0,39.03788705012467
33,46.0,39.26319598019222
2041,44.0,39.97453648129266
1040,33.0,30.700335953171667
3217,38.0,43.8039033138207
2755,37.0,36.36970101103807
1316,55.0,42.488302738770905
3049,44.0,42.60688523646479
3268,28.0,32.41779393335423
866,45.0,39.63733322459703
2145,46.0,42.65631262178492
92,58.0,44.70265315250509
2068,39.0,29.527682011692534
2211,32.0,31.566063976927403
3945,40.0,33.782321772623945
1290,43.0,39.63181196071669
2573,51.0,42.45206766464689
41,50.0,49.084992304113506
2910,39.0,40.95348894964209
3696,30.0,32.74649505426391
709,45.0,48.83192885611292
3392,49.0,32.773222788790264
667,39.0,38.84006871470856
4036,32.0,38.49459050630681
420,35.5,33.050727952324536
1825,50.0,49.54616761671983
1837,35.0,33.65428368502933
785,50.0,49.50080319638477
1900,56.0,54.46649435543423
3952,43.0,43.700315416563114
3442,34.0,43.030370888696595
3124,39.0,32.59928724193338
1072,42.0,39.871918627937944
2700,44.0,45.78654450666936
2904,20.0,32.267873289569025
2060,40.0,31.909494123855605
2724,74.0,56.52764616465814
4070,35.0,34.45258750221032
673,34.0,32.57380522731637
2595,52.0,33.724275487842135
1235,46.0,36.02991696204068
1702,27.0,27.645819318263996
2663,32.0,39.19178247997688
624,57.0,47.55632343251784
224,37.0,40.38303389315048
3988,36.0,42.48439054419464
506,50.0,36.28680863381206
787,35.0,41.90439465421795
1303,47.0,52.15585753840651
3960,38.0,41.3709611987862
