,y_test,prediction
4006,20.0,29.73023049762195
873,34.0,37.78108334062088
43,48.0,34.37146551786235
1805,43.0,39.26281283397065
495,47.0,29.54266708207691
693,25.0,27.51398513117205
1329,41.0,45.23966288407049
3485,23.0,26.518949372462423
1885,38.0,44.573651561551145
1836,37.0,49.559660584700225
1249,44.0,47.1600806566951
786,24.0,26.421709220370325
1284,22.0,32.015524131156624
1319,24.0,24.93882745016399
486,26.0,32.379499142683905
1280,29.0,37.74579023510225
904,29.3,30.096435729937
863,36.0,36.64535327018772
1145,45.0,56.108269614797386
3848,40.0,41.90794778774937
2590,12.0,27.941844189042754
1381,34.0,46.18252512255597
3469,37.0,46.61354411229371
623,34.0,45.6175253632233
1100,40.0,33.428159578564454
2901,52.0,50.06693540203106
34,37.0,37.421776978713936
1645,59.0,45.411768856943596
4084,48.0,44.55739681063595
3962,45.0,43.241995738223515
3582,27.0,31.568570937842438
3454,32.0,37.61388290446517
1247,36.0,35.707643885085126
1430,42.0,45.06462271947065
2285,27.0,31.222211298144895
3134,38.0,32.59337711002935
3325,27.0,36.63287981547694
878,48.0,45.37799204203043
2233,29.0,33.80727577814388
3424,38.0,29.430964689151704
400,80.0,62.955933057220264
315,23.0,25.21010002037456
1856,25.0,37.12065099906826
3612,34.0,38.897197597488656
1326,39.0,36.39886374652323
975,45.0,42.644200753403936
3925,42.0,39.46414032389893
1892,37.0,39.5048584477688
4052,30.0,25.217500551703225
387,50.0,50.965810216816294
2963,44.0,43.01964821687382
516,42.0,47.1720328087816
1086,35.0,38.93465569572983
2967,25.2,38.16490386418131
2472,37.0,42.20327228789829
1328,39.0,46.007006853369916
927,32.0,37.09549810774649
264,35.0,44.47436277697341
2898,31.0,38.53900904172757
3510,29.0,35.274455771778804
3415,35.0,38.697301666800485
2342,26.0,29.825991136368835
4065,18.2,0.3249989367417889
3071,28.0,21.25362645359357
45,44.0,27.6101810676047
2084,32.0,26.402264176308275
1889,29.0,31.39261008132243
2171,40.0,32.01488536364706
3950,70.0,55.55858114538685
2297,26.0,28.013568026336824
1007,33.0,40.01848440916026
339,31.0,34.06955623146798
3370,21.0,28.785956690162436
999,36.0,32.28598579568489
1551,31.0,32.571821160859194
2552,41.0,34.008189822239586
157,45.0,43.482047134071706
1321,42.0,44.126738944678486
1143,21.0,31.47132741942654
2922,36.0,39.545800925497744
3333,21.0,25.369730585524447
2613,21.0,32.82010208439776
1589,37.0,46.020908165804244
1392,43.0,38.54374294687826
2040,57.0,56.94083273539909
2874,45.0,46.76899788845677
194,48.0,54.96111320909565
95,44.0,35.99861206885783
541,26.0,34.1330841359346
2121,35.0,38.34753643153062
246,34.0,39.86247091184356
2702,39.0,37.65806688383418
1212,47.0,49.46617633120056
124,34.0,41.53775025024709
2717,37.0,35.452040314313905
1858,41.0,35.6825645352505
670,29.0,46.92159674450204
664,48.0,40.62695088016044
2937,37.0,33.07323033644677
3697,21.0,33.809364430339784
1231,40.0,36.999666922986236
3057,39.0,31.42891353064304
1915,36.0,36.00418508877554
3953,29.0,37.933903891957264
469,36.0,38.724603248468945
2635,50.0,43.069571043528676
2891,55.0,46.67688462550406
2597,21.0,24.322977926129173
1857,35.0,32.02362259838665
2196,30.0,24.69785205885924
396,26.0,32.61838389010496
3048,55.5,50.845433894997726
3571,51.0,46.01047533789127
3585,46.0,34.40591465242295
2476,37.0,39.55753758283877
3346,59.0,38.48410654745658
926,49.0,40.7853850479205
2333,26.0,30.07076516199785
3416,36.0,42.13230550874074
982,32.0,41.57913363166084
1069,37.0,34.089023985856855
3980,44.0,39.72498530547193
370,43.0,34.02561476373658
390,33.0,35.01524283402916
1447,28.0,35.296138397792745
1390,30.0,26.394757078110946
1195,30.0,29.785788830606382
289,36.0,39.64074709421167
215,34.0,33.88572127782269
2533,24.0,33.36208864223676
3229,38.0,42.80022145953133
3474,24.0,24.54556028411822
1800,39.0,48.07070246292308
1273,60.0,48.23657111374412
494,43.0,34.937768087995025
2740,52.0,38.33153277324773
653,37.0,38.53988258644908
173,51.0,40.50258856189313
4057,27.0,31.881735234923323
1085,26.0,31.61925783747229
227,28.0,34.83914869823186
2489,36.0,32.73576218348685
2934,44.0,40.832645858201865
1563,44.0,33.76653488044152
3957,40.0,44.30023336464532
71,53.0,44.663889987716075
2520,34.0,44.370411789172486
348,49.0,43.31794628705791
1179,32.0,29.65972665253385
2022,27.0,25.42052100632609
2152,26.0,36.764736831497345
3539,47.0,36.09084587356073
1060,38.0,39.163714321820414
4085,26.0,37.519405142950305
1022,27.0,21.563447712407946
1642,27.0,32.42984995096016
231,40.0,46.717122496514946
576,52.0,36.644725634281926
180,32.0,41.93518110775072
3678,47.0,42.14077980701525
2624,28.0,35.96780287554492
2900,38.0,51.80873681286961
232,32.0,43.253544761359144
3803,45.5,49.334889196516876
3384,25.0,37.28759586956203
3266,36.0,35.49243378585152
1011,45.0,39.94667735885899
1582,54.0,39.40580137880136
2991,20.0,29.961762090051586
918,32.0,39.04534532946941
4067,38.0,52.28352011064699
3626,37.0,33.72526792207482
2723,62.0,34.56754394690274
429,49.0,40.495497697267155
2034,44.0,37.71445604477455
2870,35.0,34.73746942392713
568,20.0,28.674473315404157
3921,41.0,42.20255739659915
2806,35.0,41.12975420851003
3118,21.0,23.97304328609013
363,57.0,43.96981301284245
1016,43.0,45.9379322683306
2872,29.0,27.971939491266568
3403,40.0,37.16754382701083
1775,25.0,28.076378191641034
1539,26.0,26.37863821689774
3524,35.0,47.06671236131349
3530,50.0,46.99413752235161
2003,41.0,34.45297074619142
2518,36.0,33.10358602286233
3419,40.0,29.849253594833414
2940,30.0,40.67504544767673
3745,48.0,35.53452630794026
2986,37.0,41.470851201315085
777,24.0,24.282748315828258
2746,35.0,36.42872175174986
371,42.0,46.39416130364476
1465,28.0,29.876162125594753
1751,45.0,34.08717852471417
2697,32.0,43.61060626287908
698,30.0,25.157994107362498
1673,32.0,35.774089917740476
3748,49.0,46.076350308284425
3000,47.0,39.58153855376144
1921,36.0,37.87302364943531
3293,36.0,32.852335121223945
1315,40.0,39.4897990088031
3864,65.0,55.38567279342833
72,48.0,50.73836412256206
2561,52.0,44.99167299328074
3194,24.0,19.8689495656734
3156,36.0,36.280483937446064
3063,27.0,40.63874759295453
3378,62.0,68.10976295313577
2268,58.0,44.984043900377685
3692,29.0,31.32394349312293
4130,40.0,41.529020959203834
3296,35.0,41.33565455386355
437,43.0,41.24452854011133
189,25.0,35.47513423212218
397,21.0,31.723502454180366
1741,27.0,30.171258906636346
3908,35.0,31.904124287771765
103,29.0,42.64625250547048
3576,30.0,32.101078930424364
640,46.0,31.470040474147794
997,23.0,37.2372134605369
25,35.0,28.61646196455239
2604,30.0,33.37853699791576
3849,40.0,28.027741430715846
2216,29.0,36.94955879730091
2829,25.0,23.59582542087713
1044,38.0,34.517880086641
3438,40.0,36.671311340963776
2653,46.0,38.14765629311884
3290,27.0,34.15834097310179
4126,35.0,32.623500145368226
361,62.0,42.08304963536317
3704,43.0,38.59120163035506
2456,26.0,31.908333573894048
720,35.0,42.744670894784235
2602,41.0,44.78976289971838
3484,57.0,49.43112456086513
2256,30.0,38.33439799879347
3022,29.0,35.19683901602147
1999,59.0,47.811564374168555
1530,40.0,42.90216799508747
3002,66.0,63.15871188921632
933,41.0,46.590663320159244
701,52.0,42.93162202864124
1138,42.0,34.68301847457359
3759,36.0,30.451870361704707
2871,55.0,32.02010816096691
4086,43.0,37.91622726612291
2625,42.0,40.85586721462205
3018,50.0,42.470994410459994
3761,60.0,45.094449790344484
1860,35.0,41.21922626124314
522,47.0,33.9019653477876
2563,50.0,39.65816019766687
39,35.0,35.079268921327724
254,44.0,44.12933882931716
3954,20.0,24.402182347944027
2873,55.0,55.14123759133902
1269,27.0,23.215883447087997
3628,25.0,35.28592198111396
923,31.0,34.34004255763542
1092,36.0,32.779054970597834
2637,33.0,24.402314117934115
546,53.0,38.13999303230496
241,24.0,30.474178536947743
3918,42.0,44.654912827926935
1396,44.0,35.27301831154781
2752,22.0,33.43699784177028
3080,30.0,40.05532152804706
211,46.0,52.991977617430706
3536,30.0,38.19248624725617
1927,33.0,32.9084728610025
2413,50.0,41.09663776511087
3119,24.0,32.172010632801666
675,65.0,46.59535958748492
1866,44.0,36.71653267607418
3792,22.0,39.41032812164478
1648,40.0,41.30496500483844
3287,38.0,42.416544713778336
3521,30.0,34.56952853839023
244,38.0,37.12249308838185
2437,46.0,39.038091889211636
1824,40.5,36.09960444026497
4015,50.0,43.7248158859619
3326,30.0,29.37631804770529
3780,34.0,28.712582892575632
475,27.0,36.84614804994142
3120,49.0,45.364748406273456
1262,41.0,38.615915722452044
3911,25.0,26.348366343369463
2527,19.0,28.378601054873517
1472,40.0,37.444778854393405
2080,49.0,43.61426794520972
3204,40.0,37.19268217867984
2002,50.0,41.08735985830339
2916,52.0,51.20460403077607
2495,42.0,37.83600442717589
925,25.0,32.03386536226496
1196,51.0,51.503181714371564
3323,25.0,28.68830698185282
108,34.0,37.449895249944895
1750,43.0,36.89216720071973
367,31.0,40.09819564236195
2167,28.0,26.229351870066452
499,34.0,21.822377447347243
1347,55.0,55.097012141775906
3610,35.0,34.20633580583531
3332,34.0,41.48609042696017
3304,45.0,37.38527717544116
875,43.0,46.330902764915564
527,23.0,31.54043412249012
1931,43.0,42.73974730865916
567,26.0,38.183962477458735
2474,33.0,33.37213282913214
1712,63.0,39.2677498580876
630,63.0,46.810874502822244
1467,44.0,37.79372858777758
829,50.0,39.722589992376534
1680,35.0,31.43516588895398
1596,43.0,42.329023082349956
2338,38.0,31.24422666486184
324,37.0,38.91738494826906
2326,54.0,38.41906708471687
800,37.0,37.15678997559215
2656,32.6,40.4362579631927
2112,40.0,32.080337185554825
1314,65.0,44.859514253596465
2270,32.0,34.09635248966551
302,40.0,35.2768617014529
3717,40.0,38.36739710597239
1851,32.0,34.89097734923626
1274,35.0,30.47152995350191
1202,28.0,30.179591451819107
605,44.0,23.76360002032065
1597,44.0,40.01360377082937
855,28.0,26.813721784928976
492,23.0,34.674632787354085
220,31.0,40.44833437568757
4014,24.0,28.871273597419385
267,44.0,29.829068785971696
1862,34.0,36.523966454194095
3081,45.0,51.06164231608637
1148,41.0,45.96058270931702
1815,48.0,36.428990527521506
1205,35.0,37.78131445287082
3039,36.3,35.432461998457015
2783,23.0,27.377166811402574
134,36.0,42.18767151864211
2710,52.0,44.827441084651596
1708,27.0,34.61593550008249
303,86.0,48.11191638986368
1667,42.0,48.55922149457377
498,37.0,36.27590260750394
586,47.0,48.04597888079739
1916,44.0,47.2430494126314
987,31.0,28.3213552523642
1233,27.0,22.626388895450955
2664,41.0,42.10373213012039
661,32.0,31.07483535780752
62,43.0,42.91834014975003
64,49.0,42.08498358849037
2925,22.0,27.968477092067676
408,43.0,36.92994452394939
1706,35.0,38.548460876840984
960,28.0,24.45575487762692
4007,29.0,38.37568449650612
1439,64.0,41.30446768594641
783,27.0,28.710428233721686
2019,44.0,54.06500914106655
78,20.0,36.05153527874038
2745,33.0,46.30650301840308
3821,22.0,20.857176572446612
2543,22.0,29.476785963828853
1335,52.0,44.59617216350432
1991,28.0,36.288413425699424
2686,40.0,35.3213845219395
3196,19.0,22.450727252500517
2469,17.0,29.864831201246215
1656,24.0,31.748438023835842
3059,48.4,42.9430908682121
2888,32.0,34.7970624860615
382,67.0,44.843714446679755
2419,45.0,41.240518869635416
3874,48.0,40.707842832264866
1949,38.0,31.224881367279888
1491,43.0,42.28030967283283
2529,34.0,26.840553346762242
4069,45.0,33.8863537834329
919,40.0,44.48249241390566
1688,50.0,33.31088506648253
822,21.0,24.48688085280338
1672,36.0,30.153467790230607
832,57.0,53.639389242914106
1621,33.0,33.03144399250978
3729,30.0,35.74862326143535
1220,39.0,43.55673862608724
4094,48.0,44.31001398703173
1821,40.0,40.984568203268935
236,50.0,33.41751757317124
3799,47.0,45.27116440175295
3777,35.5,39.73140232236106
1677,33.0,38.98583829074205
4008,28.0,30.761004564317215
2519,24.0,31.976820156643406
3852,39.8,39.660741958083165
1965,48.0,44.88672544447071
432,28.0,26.665763892641106
304,35.0,33.34743609269533
3669,38.0,33.29230381759125
1524,36.0,51.20103963168761
1525,56.0,52.767388635116816
4023,20.0,19.274748706415444
1103,30.0,38.29319658949923
921,20.0,18.63731609429542
1052,30.0,29.374829088065553
523,25.0,36.499696493851644
1324,28.0,38.52867581738822
2618,48.0,45.95228028069318
746,48.0,48.692899020858874
645,29.0,35.40195225072503
197,31.0,34.53349608589816
3907,32.0,38.565582352003844
2524,30.0,36.40095281685945
1388,29.0,29.071784819204346
4132,44.0,43.34685129268523
755,47.0,36.43111103233482
322,41.0,48.69756494817004
650,54.0,51.428902833159356
424,19.0,35.079846809721616
3360,40.0,31.45991804365371
3464,20.0,22.034427050202485
899,26.0,28.719322143578886
1814,37.0,37.01133285112573
2787,41.0,41.37554696154065
548,25.0,31.502729057441538
1379,24.0,35.30968851072449
3492,35.0,54.90999507069845
3828,33.0,40.31255753022894
1536,16.0,19.990694228689094
1497,23.0,32.645386074465826
1272,36.0,39.49031561517467
226,42.0,49.888987869411196
3831,26.0,39.85977618150031
2360,28.0,37.30998953470751
1026,42.0,49.72900178007127
2735,57.0,42.35101779100636
857,43.0,44.002615772733556
2306,34.0,32.59278893300736
3043,42.0,45.975976251973606
2015,43.0,33.934547414027826
1350,25.0,26.190666062437472
2532,22.0,22.28090560753086
2731,42.0,34.170198508537155
3109,30.0,36.70526354687296
22,45.0,35.55050280677087
908,42.0,39.32093135291857
219,37.0,26.63864621538975
3408,33.0,34.484044392686535
3228,53.0,46.81893552413486
407,19.0,34.761170785262266
634,40.0,41.47477897052174
514,22.0,31.756146712499046
1748,37.0,46.20859773560569
1929,61.0,47.66722450046208
762,44.0,34.46444285810261
2822,53.0,42.34498338601259
2784,24.0,24.824005178816762
3934,41.0,39.4103557608813
1364,36.0,38.320933226331114
1711,51.0,45.00484375342153
647,31.0,32.71092920222796
2945,41.0,46.55668562762014
3939,23.0,20.266937639297183
3839,28.0,40.9364228103087
2608,39.0,56.943304656811605
534,58.0,42.02303028725186
3545,33.0,37.588158290943284
1874,25.0,33.93430068494742
1737,57.0,50.57971022947548
399,24.0,39.08176703027552
1306,25.0,25.509320352999623
593,26.0,38.680051428176
1031,36.0,36.56944466355094
3092,22.0,30.247719427591004
84,30.0,37.28302631256206
335,55.0,42.760662022643366
2013,34.0,23.30422482845073
2556,56.0,38.613757070721526
202,61.0,47.82954894799405
1759,33.0,40.84930325874906
449,64.0,45.74648495254882
82,29.0,30.245109998180638
1769,35.0,32.09868697535928
2010,35.0,45.6080234541992
4135,36.0,41.03359308335581
320,47.0,37.83941182672007
3372,40.0,46.05561260907583
3672,44.0,44.27063526323639
847,46.0,46.62788237959161
1661,33.0,51.3309908088584
143,28.0,31.772223144943723
162,45.0,44.906232552105855
1509,40.0,33.41095698886083
3280,29.0,38.19870305534714
331,22.0,28.298311767293352
3012,39.0,36.049353562208466
1266,45.0,42.11585254910109
3798,53.0,44.60958555758923
278,58.0,50.07410475701222
1894,22.0,27.13422373793862
1806,42.0,40.18110065925799
118,32.0,41.49545113311751
1652,51.0,36.742672768732675
2990,41.0,36.53317418946165
1934,14.0,19.49879243508171
1529,59.0,45.32571997440481
3270,35.0,44.96499985578429
1241,24.0,32.80648551641281
3755,26.0,30.636799118418374
3765,48.0,44.08061736055471
3108,31.0,32.55674809235542
2142,35.0,34.28144729837671
3978,28.0,26.773359191322832
2811,38.0,46.83418165295363
3481,20.0,25.98349475838938
3040,35.4,36.42280074053795
353,25.0,28.535695131776734
343,52.0,45.92095240256714
3690,42.0,37.500342253307366
1407,30.0,37.86239701120071
2539,33.0,29.561269519237342
895,31.0,40.37823348243189
507,23.0,35.286996630049146
2097,27.0,23.2250442531507
599,29.0,47.16113240044461
2187,36.0,39.51523179912452
3405,26.0,32.17523980447777
2999,44.0,41.3257558708027
526,82.0,38.77098215976032
2810,28.0,41.87875323101677
273,37.0,28.6708458698325
2795,30.0,33.785028721003634
4090,42.0,43.953276170209755
2666,42.0,40.408430362948074
3967,40.0,37.35006017966217
1068,41.0,49.765633908909656
3550,33.5,36.64547792559089
3008,46.0,45.1330015058756
1517,32.0,34.15209324484305
3237,35.0,32.84260343364642
3047,34.7,32.212994337274786
1723,29.0,24.31623283887834
1897,58.0,48.42787089485316
3896,42.0,44.81270135283955
1971,29.0,31.943749817145704
3375,39.0,51.570091276959786
1504,31.0,41.55475697070379
2415,48.0,43.709451998712964
2,32.0,20.583420792138796
3856,36.0,41.23684387020002
3996,55.0,42.99175335400391
744,32.0,34.708992042470044
3903,40.0,39.16755507501247
2231,28.0,34.086320025362966
311,39.0,45.90174942331126
2805,39.0,36.97120113618753
1626,38.0,28.575904620019692
3003,29.0,38.94742896794378
890,53.0,46.131508875008066
3835,15.0,36.279274970722334
221,46.0,40.41902157411451
347,15.0,24.11466238194413
1265,41.0,36.46488018427497
2282,33.0,35.31887739013058
3646,36.0,37.12241038831965
3191,22.0,18.2259062147986
2675,37.0,41.8544507507884
1346,20.0,23.66162276440572
500,32.0,28.213476515600167
3508,45.0,33.91373517146257
272,42.0,38.71115683144719
2443,44.0,43.76935024935175
3642,64.0,57.705298542151084
704,54.0,47.40206857375126
3456,31.0,31.51001900754038
802,45.0,33.582908810128735
3098,34.0,38.15929284660095
3534,50.0,45.42936755076919
3294,49.0,45.737267709248556
533,40.0,34.800935851859606
1448,63.0,42.47669296158023
3645,30.0,38.49802760559804
3587,49.0,40.5661876237407
2323,30.0,40.88635771192594
517,50.0,43.5570764364946
2085,28.0,26.95399180900788
452,54.0,49.476142781130434
3450,28.0,34.06746813547057
2531,41.0,37.71430502748302
4095,36.0,45.38462246922358
3322,35.0,34.07453339982535
4097,28.0,35.10714899012639
3834,53.0,41.57165064566004
2924,37.0,41.45384652246233
2464,22.0,33.70854785108949
1835,34.0,26.367796285816283
310,47.0,33.89171479766541
2514,20.0,29.82396331663105
598,33.0,39.42825692788981
3795,45.0,40.445892991216475
4039,26.0,31.440963518066507
1662,33.0,30.187110179580692
3614,30.0,39.606159052347905
1258,31.0,32.3827307099499
992,64.0,40.66316361245598
1808,51.0,43.11029614374188
1057,36.0,37.22889358371832
2549,27.0,25.30108155656334
2354,35.0,33.29790743822418
639,44.0,34.464232939276116
3017,47.1,38.11637706054955
1116,41.0,46.748236215085626
1625,51.0,50.008492967103464
3501,31.0,44.5897021383862
711,49.0,43.73931735392308
1277,37.0,33.45411098977589
2696,43.0,36.90557718043503
1657,46.0,36.39730295323331
575,24.0,32.12682699101745
2453,34.0,34.068416931085665
3691,40.0,36.01841700050639
1165,19.0,23.830095376521996
326,34.0,35.667223804442564
2223,38.0,49.761107620514906
2956,52.0,50.704358656587196
2848,31.0,35.94830116397793
1747,43.0,41.81256709113677
3021,31.0,34.0461258886076
2728,34.0,35.925141852705885
2425,20.0,30.397570275229388
1758,42.0,46.755618924260105
1210,30.0,34.836657361458535
956,32.0,31.99224271327844
2918,35.0,44.37339987818427
2176,30.0,37.56420878526207
695,30.0,36.99061740614176
1883,33.0,31.024156281299096
3766,30.0,27.215316894900546
368,40.4,37.324552504838735
3649,28.0,35.61444465468573
600,43.0,30.33491014722546
12,20.0,38.58045726571709
2629,41.0,36.25152972654322
3225,35.0,40.09756332148605
1944,24.0,25.319879013667652
3132,36.0,42.99962033618821
1724,57.0,40.66642189485152
1049,57.0,52.63758479680979
4003,60.0,46.96658690159515
2942,23.0,21.46540145905148
3670,32.0,28.683163593799872
1676,36.0,36.402990144763464
1340,26.0,22.817992299550852
127,36.0,36.010513795294024
2569,37.0,39.12754315094965
1047,42.0,43.41762863528105
815,29.0,33.97233360554661
3884,40.0,39.02989553108651
33,46.0,39.41640009111279
2041,44.0,39.61506273448599
1040,33.0,30.682270623548963
3217,38.0,44.39585594407995
2755,37.0,36.09533498401609
1316,55.0,41.377383536226326
3049,44.0,44.12444656517789
3268,28.0,32.837975290049606
866,45.0,40.47766867128579
2145,46.0,43.16856734321092
92,58.0,45.16225931237899
2068,39.0,28.528323572875973
2211,32.0,32.65751909435565
3945,40.0,33.483639842017126
1290,43.0,39.44006921498948
2573,51.0,41.99962450443204
41,50.0,48.39364571240252
2910,39.0,39.704843110438794
3696,30.0,33.4075852827644
709,45.0,48.13707491390204
3392,49.0,30.66060122700997
667,39.0,39.729930827484424
4036,32.0,38.89480733634676
420,35.5,33.72657674927888
1825,50.0,48.91568921321664
1837,35.0,34.477485550074235
785,50.0,47.135798251917215
1900,56.0,51.69211939789127
3952,43.0,42.818633524462385
3442,34.0,42.93735727419881
3124,39.0,32.79303152731507
1072,42.0,39.64763494474059
2700,44.0,46.088986789272944
2904,20.0,32.8067970909702
2060,40.0,32.14376790058136
2724,74.0,55.27814862429773
4070,35.0,34.50301496006638
673,34.0,30.57222233414202
2595,52.0,34.32875422669606
1235,46.0,36.42223384246984
1702,27.0,27.595239498272644
2663,32.0,40.09547784160867
624,57.0,47.401788999780464
224,37.0,40.444263709038836
3988,36.0,42.726931687466454
506,50.0,36.426058114972086
787,35.0,41.99187355769633
1303,47.0,51.264490529130285
3960,38.0,42.518699586983004
