,y_test,prediction
14466,32.0,28.69625332053817
1850,30.0,35.11562252320667
5200,50.0,44.330176432002794
19869,27.0,24.62654850563684
3428,21.8,33.887939328207594
12840,54.0,46.13524448182335
14477,37.0,42.48122462176606
5145,32.0,33.95685073150054
905,26.0,32.48211398389502
2135,26.0,34.25548305867034
20774,26.0,37.538875526469056
20976,40.0,31.12669789035047
8348,35.8,41.53626361979575
5363,32.0,43.11888599654552
505,32.0,39.4970951115832
12166,25.0,39.525529434206824
6064,47.0,46.550799851348096
1211,37.0,41.50632546072063
21258,38.0,36.4047678995479
8799,54.0,34.598744560834014
3362,40.0,39.79025277108468
9758,43.0,40.433094758634944
4672,58.0,57.04462589214241
541,34.0,37.4810785283467
1721,49.0,39.72422403665466
7182,39.0,45.45994051036014
16388,35.4,37.97804477203188
4597,28.0,44.19314813571246
19167,27.0,29.428442682907008
14326,23.0,32.76451833599792
19321,27.0,29.423795033694425
19275,27.0,31.740235997878123
2106,60.0,39.57540573389868
1475,58.0,45.93459690550189
4183,44.0,33.02103170333681
20272,36.0,37.96100898800276
2772,22.0,32.41782009574597
5262,30.0,33.36271033259989
21386,40.0,39.07552126123434
19381,38.0,30.995627487786106
19511,49.0,42.884011734197685
2983,45.0,31.17881681009456
12884,34.0,38.351779968976366
148,31.0,44.246104988285786
882,47.0,45.06680925433372
3316,42.0,38.9969075715966
18886,38.0,32.820519294975774
7945,35.0,37.95407542765322
18309,34.0,30.82921294629014
14620,30.0,43.975677615284354
17947,45.0,37.40251805846308
6061,61.0,39.52384570327158
6536,37.0,40.213631051246935
7233,45.0,40.493076835280725
5339,45.0,46.09998987147878
11759,30.0,24.627586481460483
12875,28.0,24.547278901588005
11716,47.0,34.986242253236945
20928,30.0,26.686017401398516
2293,24.0,34.91117470680053
7278,18.0,27.30757937352514
7295,20.0,26.554613243168042
10672,29.0,30.48507093858317
2154,24.0,28.49894119996881
4602,22.0,26.800977549601804
20446,37.0,31.971734123478313
20991,28.0,36.29790474235915
15398,35.0,31.148960356062844
4529,64.0,53.66387477631315
1895,36.0,38.135803747354444
13249,50.0,44.563415163163896
5875,35.0,45.01973568323565
12836,37.0,34.06732912584074
1397,38.0,27.041703749436362
2396,30.0,28.137479610018037
18971,15.0,20.88185083024905
5614,45.0,40.44175717129226
16184,28.0,29.246779221050442
9979,41.0,48.70073096538191
11484,34.0,40.79112895866529
1481,32.0,42.80287980797172
13770,44.0,35.68499952453104
5572,39.0,31.980169844498036
4619,42.0,40.27354324700749
5761,34.0,41.42149856526225
18239,59.0,35.73159845461588
1817,33.0,41.155741158636665
21563,23.0,24.67140516308426
11230,35.0,32.15644483249643
12095,30.0,32.329712768360466
7965,63.0,42.31674040977575
5474,40.0,34.898846971815104
4436,43.0,42.471642427354425
2782,50.0,44.14333229716175
16228,29.0,31.959803575812945
16286,53.0,47.58014225327781
12129,31.0,35.33007905353037
21956,52.0,49.64974486741084
20936,40.0,39.78854270879404
57,20.0,38.515112042284166
15758,52.0,48.91175240285851
17369,51.0,49.67075698444502
3638,38.0,33.34562192985685
7464,24.0,36.23067958456433
17803,33.0,34.57732504912573
14226,36.0,39.734972300628776
8294,47.0,32.679128537201684
10996,34.0,31.8804058578096
7658,31.0,26.87662149805592
16700,27.0,34.978774834074784
2180,26.0,25.34614912517366
12438,36.0,46.50820912787496
6623,20.0,28.752505471932697
21855,34.0,30.435250455479363
5418,53.0,42.6902661760232
116,30.0,46.12011679754086
21128,60.0,43.14133987380626
20440,32.0,37.67815714285704
6358,32.0,27.329817992753966
964,33.0,22.376014910557664
1201,46.0,41.2215366724123
17631,38.0,29.911139804327938
10826,68.0,50.72040013842991
13745,27.0,28.794423614761914
17980,39.0,30.907782219016866
9258,67.0,50.308021007809074
2963,29.0,36.515440082142746
20993,25.0,38.716490127565
5819,32.0,30.324210746323757
12290,36.0,34.51450363660123
18864,29.0,34.82234827220587
11261,32.0,23.99564264487694
13507,38.0,39.28726641326248
14120,28.0,33.10213824622812
5258,43.0,44.09970622037546
17163,30.0,34.85314905662571
19449,46.0,40.98094591091163
3577,28.0,34.57545258898335
5773,33.0,33.45884009301737
650,35.0,39.069969185905016
1202,46.0,41.2215366724123
19319,33.0,36.97498667316123
7003,49.0,39.79714435241864
9720,23.0,33.78425948335116
1442,25.0,30.973857049512038
20551,48.0,54.950738802855554
9521,43.0,40.20825188729397
2134,26.0,34.25548305867034
16229,29.0,31.959803575812945
1028,34.0,39.312945787397226
15334,27.0,34.6015358549513
4886,35.0,29.762157347649957
9870,27.0,28.242652054633812
13197,34.0,34.310408903827046
18126,40.0,42.747158839647966
12953,27.0,40.867777718192364
19232,35.0,44.77278759710596
5848,17.0,21.29593033850585
15053,23.0,26.133011739999855
3759,21.0,29.48034711837277
12688,35.0,30.93200272256364
20214,36.0,37.3026769818381
1243,40.0,42.86827630654101
8246,39.0,36.51801809308128
5804,41.0,50.117677885308325
2861,49.0,49.19821281855796
5580,46.0,51.98932008974627
9866,53.0,49.15738425970872
7530,63.0,40.068806369611266
18396,30.0,22.244892289000617
3232,47.0,41.65366127045793
174,50.0,49.72684816217856
12657,31.0,38.17768316212773
9683,50.0,43.74828451914882
22164,50.0,42.04773146335889
14590,18.0,38.39432857292898
19832,38.0,43.81758887673354
11411,40.0,30.144463569364106
5519,30.0,32.580242878581444
10880,41.0,51.10418570517905
12336,42.0,36.03143234613208
22227,43.0,43.435985966179445
8598,44.0,46.90445823780088
4676,19.0,24.840802517494758
13538,36.0,34.738917587418435
4210,41.0,38.5820542485685
21669,20.0,18.243929409941956
11207,32.0,42.52247623278443
12343,53.0,45.57475391596321
22013,33.0,28.30728194169252
15091,48.0,41.518929622132475
4175,20.0,18.782398403550893
22290,42.0,39.65619494438221
18585,33.0,36.198932345267664
2411,50.0,39.068254610299
12697,33.0,36.891205937606344
7539,44.0,35.862085753397594
11986,70.0,48.66595533136508
18756,33.0,30.903626152804957
19299,47.0,33.86508482506253
6661,42.0,42.918049256601
8388,56.0,31.559463763403837
3193,29.0,39.80574141652181
14203,28.0,35.912486924063806
15309,26.0,44.05062836934411
5408,30.4,33.860220528700964
2693,32.0,29.901749851366706
1957,34.0,31.53646638024273
13043,34.0,39.857708478442056
4777,46.0,37.904090553304755
5403,31.0,31.197615261673498
2227,28.0,27.598780161719517
3990,36.0,29.216999302208023
12690,44.0,29.416373530931548
14263,38.0,33.418207875639936
922,36.0,42.46180569024557
9617,36.0,35.40704086772594
7266,26.0,24.81324665499777
15370,35.0,43.4608131403769
16209,46.0,43.38980158788137
899,36.0,39.09357053546028
1254,20.0,39.27640609791955
4284,24.0,25.916538098328132
12379,20.0,23.19663718692118
1112,30.0,34.57660577010049
4620,42.0,40.27354324700749
5431,23.0,36.194864157779286
1930,35.0,46.23860125358678
12781,37.0,41.317497085184
2724,23.0,34.87089796009663
11729,36.0,40.865721497769655
11405,26.0,40.35917468994275
15922,43.0,40.9840402185352
374,20.0,37.07191271328095
19278,50.0,44.16895650099505
69,32.0,46.047113113160265
5889,39.0,56.02714190343438
14859,53.0,67.92807898509217
21383,29.0,41.45969749545492
1785,35.0,36.519554777004984
16612,23.0,30.277139454672067
5400,31.0,31.197615261673498
21281,48.0,43.41524405148836
11174,39.0,45.32583969367063
11130,44.0,35.01579926713994
10521,33.0,38.4829276499617
16495,27.0,30.02309008842621
15957,26.0,29.402058341633197
3388,36.0,37.09647636569023
4740,45.0,36.83256350401976
17922,39.0,38.37492669803026
3898,25.0,39.66765491138381
21899,31.0,40.436208761998245
4647,54.0,41.095865750801714
3664,30.0,36.93820648676797
2098,43.0,38.27135105738105
10300,30.0,28.59551104972932
20857,53.0,53.48944773189696
8092,34.0,27.13204875492888
14958,42.0,38.437482158421595
8849,47.0,40.80509160189348
11383,36.0,48.64395748482191
14292,24.0,26.92520515440505
4665,43.0,53.618286036827385
6442,51.0,51.36868293106818
22200,59.0,49.32238065673856
20966,40.0,40.2011590626535
15289,30.0,34.39359460027605
794,43.0,44.16915387715622
7916,33.0,37.150015511816015
4096,27.0,21.913029290302497
13665,25.7,31.82044570952321
5664,42.0,54.280201551054496
21269,35.0,27.959896875848045
19494,33.0,40.68303507460999
3296,35.0,42.1030345630942
22231,60.0,53.239186781476086
8889,38.0,28.243559933608218
1910,40.4,39.02949036279882
17281,37.0,42.197855652513695
19297,35.0,37.88672865586091
16685,22.0,24.322132588379517
8361,56.0,50.895685005473126
22177,26.0,39.743013533191224
18799,48.0,52.935843070165134
9359,44.0,40.05858164264002
12534,26.0,28.72873481116877
2257,43.0,42.09410315817681
2870,40.0,44.00312000013029
16383,27.0,39.91207469992667
5481,33.0,40.45103627341524
18625,29.0,29.654981663986355
9792,23.0,34.01623212264648
5872,38.0,36.3460381229686
10210,26.0,32.16538497861663
18095,35.0,34.80236745049645
8930,51.0,48.83398771167636
5667,38.0,37.99787363166685
2619,45.0,43.043826825001716
21009,46.0,34.900013820939236
13415,33.0,31.577423719422228
14306,35.0,33.26547433778651
8867,28.0,32.751181610633864
20165,24.0,32.65462060579321
5163,58.0,48.897657406628944
5922,44.0,45.53038063804141
3752,39.0,35.52192936416878
10580,23.0,23.827560401369393
4093,32.0,32.27919010210117
2190,18.0,33.31578487957435
3132,44.0,38.45762927914662
8415,60.0,42.92360831162919
4992,58.0,44.6562468744054
8079,36.0,37.67101624528571
13647,39.0,39.661605599243074
5594,42.0,49.10797105007141
16277,29.0,36.46437270906071
10474,33.0,35.715071097945064
1455,42.0,40.6238929363935
2777,42.0,46.760694010329125
1263,50.0,33.91999295238477
14854,52.0,40.93239449257456
19430,30.0,33.218476329368904
9829,39.0,48.64008865191565
585,50.0,38.82751312413016
9012,22.0,29.254370152485848
12699,63.0,49.47456076255115
18265,48.0,46.71871613510138
13827,52.0,45.70399500949493
129,24.0,34.23055259529158
5916,40.0,40.462067343824586
12010,29.0,34.48006728007483
20431,27.0,43.258301229652275
14846,57.0,47.33411951928048
17536,27.0,30.900162217148
16252,47.1,38.52002426967886
18244,25.0,36.48401651535865
20062,32.0,36.188485218842544
17074,54.0,49.412671920381484
11720,22.0,23.66653212304193
1270,42.0,34.727764729196494
16177,27.0,23.105706782346942
20641,26.0,25.878255597937027
19710,43.0,38.09591398655389
11200,53.0,47.09164822889773
3478,23.0,31.241748359052206
13695,33.0,28.8896591537358
5295,30.0,34.08895502799332
21087,44.0,44.94088247248287
1557,43.0,30.65454726009696
18643,24.0,37.38781270976986
3579,37.0,41.28839518606321
9501,27.0,32.514825412883944
22383,36.0,43.57963405842406
414,34.0,45.395775771210324
10396,41.0,39.40300034782768
3057,35.0,41.28088683488566
7424,43.0,50.354956485336196
6923,29.0,39.085458979579855
14122,28.0,33.10213824622812
6443,51.0,51.36868293106818
3207,55.0,51.93145483463651
7223,34.0,40.27606604399844
19117,37.0,35.89302259933771
4423,50.0,37.090468084140156
8652,28.0,35.24249275244698
20708,43.0,38.42540143752606
18726,34.0,42.6834464899859
7144,57.0,44.97806100734924
16272,31.0,33.806822475123994
21906,26.0,30.721397758932852
16626,20.0,24.066913597556727
678,27.0,28.897101856815535
17616,32.0,37.24960056631048
12322,27.0,33.548359489823966
5925,30.0,37.625621261363065
11158,27.0,28.954764317117046
16706,27.5,40.129664843007625
11686,30.0,39.669811526453856
13235,26.0,32.34613022785961
15486,52.0,42.56811669637919
13964,35.0,42.27122290622873
1914,51.0,48.50322952337042
14962,42.0,38.437482158421595
11659,16.0,33.440286541919534
16076,42.0,39.04526420563631
15395,34.0,43.54309884492268
18254,42.0,51.849467089392235
4736,19.0,27.909809986663944
17434,30.0,37.17154149577226
10304,30.0,28.59551104972932
1020,38.0,42.16185882622456
13238,32.0,37.125250706865636
6483,32.0,41.87614258254682
4504,28.0,37.946876195511805
19787,21.0,35.098514326044224
15877,52.0,36.54746203070151
7365,25.0,42.26778148850242
19327,25.0,29.205286601595837
22148,39.0,33.977072058957816
19488,41.0,34.8910035997908
9348,33.0,29.677226671854953
599,29.0,34.634571996520116
18771,42.0,37.68466131223158
3499,46.0,32.29448393022991
17958,47.0,43.68663060144178
11615,20.0,26.657361610443285
15097,28.0,27.54184198357909
11233,51.0,45.57517314954585
19407,24.0,31.17715655407022
16502,37.0,42.52476834293316
16481,73.0,56.87704040838467
20134,30.0,29.492940954570596
12000,31.0,36.36509426064566
3374,34.0,27.893164792472135
8453,35.0,39.81051368024734
8362,47.0,38.53177820382853
8682,24.0,31.20440827509913
9656,35.0,30.304791683098607
19052,23.0,28.72952506066106
11849,46.0,38.94222307881545
2867,24.0,49.5568225677535
9194,50.0,35.835706697902204
21819,20.0,17.08700705031126
11872,33.0,39.649501131817416
2729,30.0,31.8967088382883
19887,22.0,20.427647022542356
19146,35.0,40.72747949218284
22121,21.0,29.861034727416055
8961,50.0,41.35657724743544
9423,43.0,36.23225269468949
20989,28.0,36.29790474235915
2477,24.0,29.03745151196107
11057,72.0,57.47007303110769
12441,24.0,30.676671445500503
238,34.0,35.42287462264404
17486,53.0,46.3895073456721
1158,32.0,31.679931935454178
1729,34.0,42.83766148541554
15044,54.0,40.9958840606196
10131,35.0,41.7793062246329
11054,43.0,36.75010269345781
18629,36.0,41.02390159841141
18517,23.0,33.95490594788993
1769,32.0,35.61703388786271
5222,32.0,32.66609149549272
2430,51.0,39.92936038428299
16866,21.0,23.67651684878877
6930,29.0,39.085458979579855
10102,48.0,40.63794492445231
19555,13.0,34.27802016483435
6526,47.0,46.742693995704215
9966,41.0,45.0187438541636
11150,40.0,29.871248777013708
3575,28.0,34.57545258898335
18065,23.0,21.60466327399054
10635,51.0,43.07812524168418
16257,50.0,41.29541817888108
19890,38.0,33.32351561123234
4657,28.0,33.435998475921664
17618,47.0,31.56095609994408
18109,30.0,29.843829746721333
18883,24.0,32.42777617323557
9773,44.0,41.24290958748681
8609,44.0,41.88817293533879
19669,40.0,44.80214174513738
9006,59.0,43.259550043091195
667,34.0,35.86506746313911
7977,28.0,31.219661815036275
5830,24.0,31.010395128783863
14420,24.0,37.51592329090541
10677,29.0,32.8552499032874
17897,35.0,43.95223158863064
354,40.0,55.63658062325637
3754,21.0,29.48034711837277
18099,25.0,30.54555177387323
4936,39.0,38.86858861502634
7116,40.0,40.33614509945192
8265,24.0,40.586591210864334
18116,33.0,37.52191846714032
10413,25.0,31.210268625667407
3873,31.0,25.18035620793955
1599,24.0,27.910352826703452
2182,26.0,25.34614912517366
6992,38.0,36.94698030596906
8341,60.0,41.323765761946966
4806,43.0,47.21171778147316
8203,46.0,37.48935231461134
12389,42.0,33.7825156499402
4285,24.0,24.543468029852786
9974,24.0,24.63804524387645
14806,29.0,45.784536878899175
11343,21.0,25.529442699398516
4897,30.0,31.600458663624256
22144,37.0,32.704180829355366
19525,26.0,28.24333620877741
15750,40.0,39.65124223921548
8191,23.0,28.253365873272383
1187,37.0,24.207246275768316
22083,36.0,35.577731584214824
1458,37.0,27.971070778622405
8131,30.0,30.7196881716244
8442,26.0,27.200964104136155
15912,70.0,51.30977796581386
10191,45.0,44.188858674611396
19060,27.0,39.794868557680715
17661,34.0,34.91666992560162
821,27.0,26.104234764517766
20042,42.0,37.98578458477606
19245,52.0,40.12268657436488
250,25.0,31.631785726131117
7270,41.0,50.85810891439732
8061,59.0,37.48551769590609
15090,48.0,41.518929622132475
16768,54.0,38.959088348915365
3040,26.0,36.7073362313559
18456,45.0,26.65068131082836
18935,37.0,37.155130574682076
7234,44.0,33.38483533712245
11156,59.0,57.24386964979971
12479,50.0,38.704162610746565
2589,45.0,49.2475595716593
4522,25.0,33.93950727813003
12161,40.0,35.808296234140364
19584,40.0,47.0441492132473
2578,27.0,26.251157195325263
5429,23.0,36.194864157779286
16725,34.0,35.9005722443937
20521,34.0,29.645332843249598
22167,48.0,40.33953040238358
21193,41.0,33.08388916930217
6938,46.0,42.62149758607741
13627,44.0,40.71610166889462
16190,39.0,40.01075073923851
8462,38.0,36.532800786080685
10685,18.0,20.794448154350313
9837,24.0,29.368447749161724
8595,32.0,34.42928647096164
5061,49.0,40.889238309305455
20425,38.0,32.34573090166827
4502,21.0,26.862566548174406
13544,36.0,34.738917587418435
21606,28.0,26.60680307196894
20458,37.0,36.04972699471452
423,30.0,37.36345933927296
14872,33.0,47.316192436638595
6792,41.0,37.78205030117393
3174,75.0,46.067231031104086
18852,48.0,38.373174468192985
10269,36.0,46.09735927928542
22391,35.0,36.707202478081626
3024,21.0,45.74701827767894
2904,38.0,32.646707297368856
20448,34.0,30.17568633397513
5708,29.0,30.610678643975426
6881,35.0,29.057046920791315
16506,22.0,33.95494386102103
3550,31.0,35.07073505547757
4062,42.0,35.30999455197863
18568,26.0,33.57941791033083
5531,52.0,42.96479567969406
21253,40.0,39.09649907176798
19575,26.0,30.42208655759977
2717,35.0,44.42584540295169
5999,31.0,38.807197823401864
7352,40.0,41.68647387239627
12687,35.0,30.93200272256364
12439,24.0,30.676671445500503
16788,48.0,40.52904236957799
11465,43.0,34.03733108542083
7492,25.0,32.450476060626364
16793,31.0,33.09971749011265
3432,63.0,44.769447613225736
14057,22.0,24.5700338124167
12976,38.0,37.531016808946916
4121,22.0,38.24046481825188
16220,49.0,42.76095768365005
7102,30.0,29.886318070795202
1215,30.0,32.455617854493774
20717,56.0,43.11623167668543
7253,46.0,34.51016179419673
1913,51.0,48.50322952337042
21916,46.0,40.42075745979602
13363,48.0,46.5611742885347
8572,50.0,39.31069089073575
99,32.0,37.357527727996384
10044,17.0,17.338841902715426
4730,36.0,40.485297381789394
9962,63.0,51.67425601074296
4049,56.0,41.99948410518225
9454,45.0,37.56604135086111
3685,51.0,49.5192612793727
1782,31.0,36.55443299614404
9553,43.0,34.88379064763443
1230,35.0,42.87045765230073
21413,23.0,23.759666263721208
6618,40.0,37.714087771842955
10703,48.0,40.30810744713039
4749,27.0,28.517892328449264
11211,31.0,33.862774833086185
22265,44.0,44.33403966882268
12436,36.0,46.50820912787496
18847,31.0,33.431282434780506
14119,21.0,36.00666467931089
14451,53.0,47.323335798178775
5027,30.0,43.040778710754026
19265,32.0,42.10730888178624
11238,31.0,38.980778437907944
19486,41.0,34.8910035997908
18621,21.0,28.393060309688515
15427,36.0,48.22276844539168
7981,30.0,33.16703314570515
7258,34.0,44.345492709355284
6935,25.0,41.749457588632225
5989,41.0,44.769646809528744
10457,37.0,32.03386035414255
21847,36.0,31.355515863574084
18772,42.0,37.68466131223158
8820,41.0,43.11651154715783
17876,49.0,44.593857580593095
7655,37.0,41.01797155980894
297,49.0,44.93218957450267
8366,32.0,34.7770313305582
17130,41.0,39.56783646761798
15827,16.0,17.71160746140503
2422,35.0,35.442423151017024
14500,53.0,37.41963219656644
19084,35.0,52.75697487387087
2012,39.0,42.906727456202816
22181,30.0,29.013076828007232
1085,61.0,56.160477691474895
20612,21.0,26.24179351308727
10749,26.0,32.30599345300648
18417,35.0,48.871660611020275
3728,42.0,39.31235002345022
13663,25.7,31.82044570952321
5806,37.0,32.98901598884288
13545,36.0,34.738917587418435
18564,39.0,37.21611072762456
13366,40.0,45.383395720847666
3444,56.0,41.20798080848939
22209,18.0,25.67889458567936
16053,27.0,36.78081943261854
20010,28.0,24.885106266780976
760,30.0,30.488086545608848
12415,33.0,37.317358651493706
7463,24.0,29.23972110880787
22068,31.0,40.61935926409987
17114,27.0,29.37662327799545
20814,53.0,47.720630856662694
806,27.0,23.871409769366302
13019,24.0,30.223834930674343
21789,24.0,26.09744647892155
11017,30.0,47.45023618801865
1038,26.0,26.484307933106695
7481,34.0,38.31106136584902
2323,23.0,29.216698147397217
18622,29.0,29.654981663986355
14276,31.0,37.295730913803524
20869,33.0,46.442992111540335
16824,45.0,43.433941871318524
5752,30.0,37.387583233365945
3176,75.0,46.067231031104086
1261,50.0,33.91999295238477
4113,36.0,46.901495927243346
8866,36.0,36.53519840402049
12947,41.0,52.85566443633613
764,30.0,40.189950616456706
7849,44.0,49.54648155521484
3864,24.0,31.450123429302586
16887,69.0,51.775151485160954
5131,38.0,51.92733335904336
2648,36.0,39.37158716605959
14833,52.0,44.62601898216924
14732,74.0,56.242815932068794
19967,23.0,35.10890076509982
6887,34.0,41.924195204944425
15310,26.0,44.05062836934411
8306,37.0,35.33445297664971
9907,20.0,27.927604036685054
11184,40.0,43.059462566489614
12342,53.0,45.57475391596321
9221,40.0,40.554169791709874
2795,43.0,35.18710015751924
21395,45.0,44.19197392229907
5373,51.0,40.72614526624616
20915,28.0,42.09986500747783
15754,36.0,49.71024628760564
1583,40.0,37.20500335303141
3613,55.0,43.51955217402451
3518,57.0,40.498920657466165
1372,25.0,41.7982988985141
8495,37.0,40.32174415360615
2553,42.0,37.169085198206375
4701,29.0,36.9582945628996
14567,59.0,49.744171306850745
22178,53.0,45.98609117266469
13417,33.0,31.577423719422228
2822,25.0,38.261417115148205
3908,45.0,47.25678745266539
2380,44.0,45.71966515696382
20902,52.0,47.40452933345394
10602,64.0,49.88444812147195
10832,39.0,37.81292820628063
21618,41.0,29.929393538271004
21788,24.0,26.09744647892155
19144,48.0,43.901710335628024
1493,38.0,32.366952650698664
9850,42.0,42.32901156878883
11273,33.0,29.9235054932605
4407,36.0,32.90853527695677
19334,33.5,35.61524392854865
10493,29.0,35.45101907676967
5230,60.0,47.55003395966442
17260,34.0,32.14879410231161
10057,50.0,41.1109023564428
10818,54.0,44.03776447004863
11051,37.0,48.00411638409034
11242,49.0,44.80084629725821
19751,56.0,39.96715661866908
8384,51.0,42.1500012501759
5070,43.0,43.96343809258538
21524,35.0,41.23045462972571
1799,52.0,47.49928754455759
4337,42.0,29.230952525712674
9205,36.0,33.11427917211891
16390,43.0,39.28509658377109
1803,46.0,39.57340315693212
21387,40.0,39.07552126123434
18515,33.0,31.27919705702756
9047,24.0,30.873777977796074
10582,31.0,27.348840147204797
18666,21.0,27.110071312095748
8773,53.0,44.44225374100374
7537,23.0,35.950593340308814
17910,41.0,44.34450290429574
20691,40.0,34.8398705220307
10390,33.0,25.915901990942032
8305,37.0,35.33445297664971
15817,37.0,39.87277278156108
7411,69.0,53.05373942862393
3706,37.0,48.514045738142
997,33.0,34.9915044595236
10614,26.0,19.49194607827915
10868,54.0,46.84509210778331
246,40.0,41.83919585068406
12524,21.0,28.890439710119157
20455,43.0,28.992344945603527
18221,31.0,34.7817335036819
22051,31.0,31.54855952614256
11507,33.0,47.98748092143569
15284,53.0,41.82873688657173
21336,23.0,25.816789545980345
8071,58.0,41.653912264196805
9964,41.0,45.0187438541636
18394,45.0,47.725548330945884
20497,59.0,49.80296067222659
9550,43.0,34.88379064763443
10971,31.0,32.22647156083344
11378,41.0,43.514660765213264
9878,35.0,30.68463551384326
15942,52.0,46.28720726659094
14819,57.0,43.58100850241574
20355,67.0,39.0222177191307
4290,43.0,38.56258641870274
18114,33.0,37.52191846714032
12271,39.0,46.39522476184439
8842,62.0,39.86064336502811
6563,50.0,42.95191552888588
8605,40.0,33.95252904842776
3997,51.0,39.36661363279488
20688,60.0,53.43473821369797
10319,34.0,36.60200321941545
6698,36.0,34.26679732764134
11241,49.0,44.80084629725821
4362,45.0,40.98327023282752
17681,29.0,47.731940227018406
5671,34.0,39.94750911909228
6970,41.0,42.28434904416707
4583,30.0,28.060045359515616
1723,49.0,39.72422403665466
21978,46.0,35.20870214601572
7556,34.0,29.8704918632791
19053,23.0,28.72952506066106
13478,43.0,45.233714241460945
3353,32.0,32.356785213889694
12328,32.0,31.015123872019895
1530,40.0,41.45576691863856
8053,22.0,35.864632399099136
1766,36.1,47.68098057757881
19738,36.0,33.278948459342715
22341,39.0,44.38934579294434
7950,31.0,32.70850914231774
18329,38.0,32.83906172578397
11277,46.0,46.29065123770262
4804,43.0,47.21171778147316
104,35.0,29.697840281028057
14056,22.0,24.5700338124167
21156,46.0,41.72142091049539
3880,33.0,38.835153416144855
1179,40.0,34.01513051590462
15706,43.0,42.15594612257254
1993,50.0,51.44709856632867
4870,25.0,43.81379328418227
19442,42.0,44.253508385116696
15028,25.0,36.420664525667675
15638,33.0,34.05183564859531
3911,50.0,43.051348209601755
21106,31.0,35.262525361061705
14322,35.0,35.427650715165996
12578,26.0,31.554322371524883
3700,35.0,37.428628827386625
13650,41.0,39.45645849737055
10228,35.5,39.86615946530969
18166,41.0,43.49911939463971
5749,44.0,39.15130439588963
2715,25.0,40.10373337516933
1136,35.0,34.440467307933226
18570,35.0,46.76089122591725
15550,45.0,45.47006635170348
10288,55.0,44.89784437331073
21686,28.0,28.933130969775917
15958,26.0,29.402058341633197
7237,44.0,33.38483533712245
22339,39.0,44.38934579294434
8549,44.0,31.8053709033763
17181,31.0,27.44835617743705
21625,22.0,24.48155258121166
15286,53.0,41.82873688657173
2343,64.0,47.26623202019378
12203,38.0,35.75731062674166
8411,26.0,26.001567471448457
17940,52.0,40.2564235693434
3128,28.0,32.796980380300255
8328,53.0,47.141117626418605
13730,40.0,33.02162561228407
22139,46.0,39.787583339014546
10393,47.0,33.638670954560574
20812,33.0,32.88463301256221
7629,55.0,44.36828157064848
10630,68.0,54.29335871282928
9852,26.0,21.56667000939486
15263,57.0,42.55031306830845
15420,57.0,48.76924544320454
5040,40.0,44.05504088677378
3554,25.0,43.4409309019709
15951,40.0,38.85514852270237
17534,27.0,30.900162217148
4350,34.0,33.27137888387674
7072,38.0,37.471506269715434
10242,43.0,47.452386530673024
10712,40.0,42.61478852094838
1164,34.0,32.21734282438967
15204,28.0,39.55606433971785
4692,43.0,41.47247206018177
3252,29.0,47.230924060324526
19943,58.0,45.54904605909397
5612,27.0,23.603195351653905
19569,48.0,37.988301192612475
8648,54.0,38.55887602632624
9160,25.0,32.11553808917264
7348,38.0,40.45830764480223
17839,38.0,41.369558583330246
1099,40.0,39.59697860070814
10026,51.0,41.22585946765224
7056,40.0,39.23885131659311
7473,54.0,43.056024267097214
19944,58.0,45.54904605909397
21111,31.0,35.262525361061705
22132,42.0,43.7022126880671
19055,36.0,41.35469623425169
7496,24.0,27.588839803533475
411,29.0,31.72236588822226
13335,43.0,41.272154053248215
2659,43.0,31.231414253180336
17239,38.0,44.038827482251776
623,37.0,39.81183237056752
13576,27.0,36.62503729338256
856,45.0,39.40247954653615
14323,35.0,35.427650715165996
6761,44.0,49.50421107293595
7654,37.0,41.01797155980894
13396,31.0,28.540926405473108
15553,33.0,36.142013571589715
19607,35.0,32.61489804423189
16322,19.0,13.155748853979365
7578,36.0,39.389302947469545
2087,21.0,29.08863754598243
10566,34.0,39.97759647850076
5864,53.0,53.37946035881362
18024,16.0,30.72544922010216
2758,37.0,28.51966046098849
11061,35.0,44.90964516010911
2869,40.0,44.00312000013029
2027,26.0,34.44579757710551
9092,30.0,26.052001385908234
19536,28.0,34.16237082560959
22298,21.0,16.000909055252958
7499,11.0,29.394538595651476
19329,46.0,38.1075983849315
19513,46.0,43.62459533644974
11162,26.0,28.787925134572916
16309,47.0,38.28402575942681
14783,60.0,42.582906242873875
904,26.0,32.48211398389502
10962,77.0,51.807855014175786
18513,53.0,41.690991505159815
12209,49.0,39.869224679343105
6524,47.0,46.742693995704215
15379,30.0,27.013623926618326
2052,41.0,40.16410128935844
21287,39.0,36.44232928864578
21683,28.0,28.933130969775917
14965,39.0,32.411720578831286
14713,75.0,53.385719166398694
9072,33.0,30.684250870089773
11701,34.0,27.81523430696233
3877,32.0,30.678561140258896
1234,41.0,38.0052257790185
21244,33.0,39.830956103630655
13413,31.0,28.008493302796854
10709,36.0,37.56179587585474
10574,38.0,34.97609198426369
5312,45.0,42.2912817603637
1075,25.0,37.58253114013471
18993,45.0,49.95656805841338
17548,51.0,37.700934953915635
5059,25.0,31.869512951613483
19757,55.0,45.83713795608118
13682,66.0,43.343218650632394
20083,33.0,27.864163011555704
20689,40.0,34.8398705220307
17867,49.0,44.593857580593095
14643,39.0,42.9953544861496
11369,65.0,44.59817275916622
8848,47.0,40.80509160189348
7611,37.0,43.23837595976464
9605,33.0,41.12997345650778
3688,65.0,43.46178509632286
19527,25.0,35.29443369744763
19839,48.0,38.2065393468835
11147,40.0,29.871248777013708
19397,20.0,34.78129789345306
14711,53.0,51.72949147953038
12070,38.0,51.08307313492057
16796,30.0,36.6854718208529
19490,46.0,35.30008563179208
10285,26.0,32.76430488761708
18124,32.0,45.10875122611988
13622,28.0,37.112324125862806
19903,19.5,29.803605267006702
6534,42.0,43.697349731225216
645,36.0,36.80516848145108
9938,30.0,25.88809619351448
15509,38.0,49.27488413326177
18574,28.0,28.485055642243065
22159,38.0,32.785145764266915
1059,32.0,33.338458585158
10373,29.0,32.73313879432356
16447,34.7,34.28840637348728
22362,38.0,36.40744943795632
4060,42.0,35.30999455197863
9016,40.0,39.55712056910034
17383,27.0,28.56230881593998
13473,33.0,37.39946288051555
12549,32.0,39.82754066063425
20240,53.0,44.22364891955924
15312,45.0,38.29290929285077
13744,27.0,28.794423614761914
21751,29.0,39.396148698601934
7807,26.0,32.76077113835639
7289,30.0,33.364439177853455
20833,12.3,7.463105731109522
20241,53.0,44.22364891955924
19592,43.0,31.44055140507804
4707,50.8,32.81021993079398
9508,27.0,34.04122274519307
18671,66.0,45.89388587503743
19999,38.0,37.67761119031661
20039,46.0,40.47184193806676
21388,40.0,39.07552126123434
7465,24.0,36.23067958456433
953,34.0,35.31569985136428
12703,32.0,39.09681911794087
16152,43.0,40.46643504363823
6954,22.0,29.895893312070143
21083,78.0,55.465604757358605
13388,39.0,34.540594667866586
1923,43.0,42.5853772674721
621,34.0,32.12451704657888
12447,28.0,35.17386567619369
19010,49.0,39.41100600177673
13153,44.0,44.60657373805323
