,y_test,prediction
23766,181.0,1244.6608709212326
7844,81.0,1244.6608709212326
22494,73.0,1244.6608709212326
9867,172.0,1244.6608709212326
23575,1036.0,1244.6608709212326
20204,189.0,1244.6608709212326
5771,193.0,158.45600231767258
20306,277.0,1244.6608709212326
6898,1361.0,1244.6608709212326
13488,46.0,168.5013307464746
10794,2828.0,1244.6608709212326
23527,54.0,1244.6608709212326
1681,231.0,1244.6608709212326
1141,85.0,1244.6608709212326
5679,529.0,1244.6608709212326
8548,23.0,1244.6608709212326
17108,175.0,1244.6608709212326
11485,350.0,1244.6608709212326
5685,471.0,1244.6608709212326
17434,75.0,110.834631936768
13236,48.0,1244.6608709212326
8139,243.0,1244.6608709212326
22174,253.0,1244.6608709212326
12631,376.0,1244.6608709212326
23868,62.0,1244.6608709212326
3107,152.0,1244.6608709212326
19936,16.0,1244.6608709212326
5569,20.0,1244.6608709212326
21634,125.0,1244.6608709212326
14265,64.0,1244.6608709212326
2524,18.0,1244.6608709212326
21051,16279.0,1244.6608709212326
16729,239.0,1244.6608709212326
3232,220.0,412.19037308804536
22938,120.0,1244.6608709212326
21991,1020.0,1244.6608709212326
1280,63.0,1244.6608709212326
19780,47.0,120.87223952210582
22622,77.0,1244.6608709212326
23612,182.0,1244.6608709212326
10233,183.0,1244.6608709212326
23498,283.0,1244.6608709212326
23199,1055.0,1244.6608709212326
582,136.0,1244.6608709212326
13426,26.0,1244.6608709212326
23888,56.0,1244.6608709212326
7028,26.0,1244.6608709212326
1132,51.0,1244.6608709212326
16397,68.0,133.27820954949823
23308,88.0,1244.6608709212326
6125,531.0,1244.6608709212326
16668,174.0,1244.6608709212326
2047,204.0,147.84021064358205
1658,12.0,1244.6608709212326
6813,4405.0,1244.6608709212326
12815,1038.0,1244.6608709212326
1988,137.0,1244.6608709212326
23920,155.0,1244.6608709212326
16865,6.0,1244.6608709212326
13059,50.0,1244.6608709212326
6532,767.0,1244.6608709212326
5359,804.0,1244.6608709212326
12533,60.0,1244.6608709212326
6334,25.0,1244.6608709212326
22784,105.0,1244.6608709212326
21853,444.0,1244.6608709212326
22907,339.0,1244.6608709212326
14618,58.0,1244.6608709212326
11621,876.0,1244.6608709212326
23181,38.0,1244.6608709212326
23471,235.0,1244.6608709212326
16294,10223.0,1244.6608709212326
20385,147.0,1244.6608709212326
901,740.0,1244.6608709212326
1869,104.0,1244.6608709212326
23929,296.0,1244.6608709212326
16055,30.0,169.4704268122578
13950,87.0,1244.6608709212326
10263,467.0,1244.6608709212326
8657,29.0,1244.6608709212326
5985,132.0,1244.6608709212326
8641,238.0,1244.6608709212326
9048,130.0,1244.6608709212326
21845,153.0,192.62809529757988
22555,1785.0,1244.6608709212326
16648,1637.0,1244.6608709212326
23734,1134.0,1244.6608709212326
14452,78.0,1244.6608709212326
20942,207.0,1244.6608709212326
23772,498.0,1244.6608709212326
10661,3786.0,1244.6608709212326
10975,2155.0,1244.6608709212326
10544,1355.0,1244.6608709212326
5301,173.0,1244.6608709212326
17420,168.0,1244.6608709212326
6218,406.0,1244.6608709212326
1510,158.0,127.79738028352529
23531,31.0,1244.6608709212326
11908,32719.0,1244.6608709212326
19435,310.0,1244.6608709212326
22596,85.0,1244.6608709212326
23184,207.0,1244.6608709212326
5052,48.0,1244.6608709212326
16475,68.0,82.08622861926256
14546,1392.0,1244.6608709212326
1245,108.0,1244.6608709212326
18395,298.0,1244.6608709212326
7324,57.0,318.1246040265363
10303,947.0,1244.6608709212326
2163,375.0,1244.6608709212326
6402,115.0,1244.6608709212326
10119,45.0,1244.6608709212326
4872,1081.0,1244.6608709212326
23524,194.0,1244.6608709212326
5726,165.0,87.23008731475286
20890,1528.0,1244.6608709212326
17909,256.0,1244.6608709212326
22729,51.0,1244.6608709212326
13498,271.0,1244.6608709212326
16482,97.0,1244.6608709212326
8043,825.0,1244.6608709212326
11290,882.0,1244.6608709212326
5283,146.0,1244.6608709212326
21389,73.0,1244.6608709212326
23025,783.0,1244.6608709212326
5026,1510.0,1244.6608709212326
20555,146.0,1244.6608709212326
12827,41.0,1244.6608709212326
19591,103.0,1244.6608709212326
8384,116.0,464.1547210547785
23853,122.0,1244.6608709212326
7249,59.0,1244.6608709212326
23056,27.0,1244.6608709212326
22512,1225.0,1244.6608709212326
20119,98.0,1244.6608709212326
855,2944.0,1244.6608709212326
17184,40.0,1244.6608709212326
22104,10175.0,1244.6608709212326
898,733.0,1244.6608709212326
7238,225.0,1244.6608709212326
22495,1850.0,1244.6608709212326
5532,100.0,1244.6608709212326
4738,231.0,1244.6608709212326
1722,243.0,1244.6608709212326
6101,151.0,1244.6608709212326
10781,97.0,1244.6608709212326
22807,46.0,1244.6608709212326
8093,63.0,1244.6608709212326
21360,288.0,1244.6608709212326
23080,31.0,1244.6608709212326
17987,163.0,1244.6608709212326
22875,103.0,1244.6608709212326
23301,15.0,1244.6608709212326
1217,122.0,1244.6608709212326
2811,1343.0,1244.6608709212326
3967,47.0,1244.6608709212326
23355,63.0,1244.6608709212326
9721,63.0,1244.6608709212326
23152,171.0,1244.6608709212326
22853,71.0,1244.6608709212326
8073,1764.0,1244.6608709212326
23944,24.0,1244.6608709212326
4464,327.0,1244.6608709212326
9534,120.0,1244.6608709212326
2686,60.0,1244.6608709212326
22514,432.0,1244.6608709212326
22629,797.0,1244.6608709212326
16066,254.0,1244.6608709212326
23649,59.0,1244.6608709212326
23491,73.0,1244.6608709212326
11337,477.0,1244.6608709212326
14691,362.0,1244.6608709212326
9043,96.0,1244.6608709212326
6589,184.0,1244.6608709212326
10389,48.0,1244.6608709212326
19579,12.0,1244.6608709212326
9084,30.0,183.34402065899502
4151,69.0,1244.6608709212326
12222,1248.0,1244.6608709212326
15950,115.0,1244.6608709212326
15073,19.0,1244.6608709212326
21038,30007.0,1244.6608709212326
7505,142.0,1244.6608709212326
12782,766.0,1244.6608709212326
4272,33.0,1244.6608709212326
4903,592.0,1244.6608709212326
20384,140.0,1244.6608709212326
8032,58.0,1244.6608709212326
15881,47.0,144.85591673613584
1356,103.0,1244.6608709212326
12551,29.0,1244.6608709212326
19378,38.0,24.29995586948496
23287,21.0,1244.6608709212326
1401,376.0,10.535241671341396
22056,207.0,1244.6608709212326
23267,74.0,1244.6608709212326
2783,187.0,1244.6608709212326
13469,272.0,1244.6608709212326
15639,82.0,285.9034685658915
8843,86.0,1244.6608709212326
23113,142.0,1244.6608709212326
11472,139.0,1244.6608709212326
23885,510.0,1244.6608709212326
5729,69.0,1244.6608709212326
14920,191.0,277.6788547463953
23752,272.0,1244.6608709212326
23707,42.0,1244.6608709212326
20834,204.0,429.0002592302053
16258,216.0,1244.6608709212326
8596,81.0,237.84120584265509
15030,395.0,1244.6608709212326
13715,2676.0,1244.6608709212326
22726,205.0,1244.6608709212326
13012,202.0,1244.6608709212326
19715,583.0,1244.6608709212326
22342,208.0,1244.6608709212326
18278,546.0,1244.6608709212326
21188,55.0,167.52366979622332
17374,548.0,1244.6608709212326
11804,2972.0,1244.6608709212326
20078,15.0,1244.6608709212326
20759,20.0,1244.6608709212326
4176,37.0,1244.6608709212326
23801,154.0,1244.6608709212326
23097,167.0,1244.6608709212326
20138,83.0,1244.6608709212326
21696,67.0,1244.6608709212326
14571,170.0,1244.6608709212326
5046,199.0,1244.6608709212326
15785,2951.0,1244.6608709212326
11260,11.0,1244.6608709212326
3509,188.0,1244.6608709212326
14911,665.0,1244.6608709212326
23254,45.0,1244.6608709212326
22417,44.0,1244.6608709212326
17412,38.0,1244.6608709212326
11265,249.0,1244.6608709212326
13896,31346.0,1244.6608709212326
14389,427.0,1244.6608709212326
4925,97.0,1244.6608709212326
16153,629.0,1244.6608709212326
22745,107.0,1244.6608709212326
14333,415.0,1244.6608709212326
16508,32.0,1244.6608709212326
252,6.0,1244.6608709212326
3603,177.0,1244.6608709212326
23121,65.0,1244.6608709212326
22676,284.0,1244.6608709212326
12656,34.0,1244.6608709212326
22789,148.0,1244.6608709212326
11047,151.0,1244.6608709212326
4097,39.0,1244.6608709212326
14745,121.0,1244.6608709212326
18985,21.0,1244.6608709212326
7915,50.0,1244.6608709212326
22428,376.0,1244.6608709212326
16222,39.0,82.22748673651918
