,y_test,prediction
23766,181.0,1234.6092579608007
7844,81.0,1234.6092579608007
22494,73.0,1234.6092579608007
9867,172.0,1234.6092579608007
23575,1036.0,1234.6092579608007
20204,189.0,1234.6092579608007
5771,193.0,105.69
20306,277.0,1234.6092579608007
6898,1361.0,1234.6092579608007
13488,46.0,727.8379182726682
10794,2828.0,1234.6092579608007
23527,54.0,1234.6092579608007
1681,231.0,1234.6092579608007
1141,85.0,1234.6092579608007
5679,529.0,1234.6092579608007
8548,23.0,1234.6092579608007
17108,175.0,1234.6092579608007
11485,350.0,1234.6092579608007
5685,471.0,1234.6092579608007
17434,75.0,54.94
13236,48.0,1234.6092579608007
8139,243.0,1234.6092579608007
22174,253.0,1234.6092579608007
12631,376.0,1234.6092579608007
23868,62.0,1234.6092579608007
3107,152.0,1234.6092579608007
19936,16.0,1234.6092579608007
5569,20.0,1234.6092579608007
21634,125.0,1234.6092579608007
14265,64.0,1234.6092579608007
2524,18.0,1234.6092579608007
21051,16279.0,1234.6092579608007
16729,239.0,1234.6092579608007
3232,220.0,185.07
22938,120.0,1234.6092579608007
21991,1020.0,1234.6092579608007
1280,63.0,1234.6092579608007
19780,47.0,215.15
22622,77.0,1234.6092579608007
23612,182.0,1234.6092579608007
10233,183.0,1234.6092579608007
23498,283.0,1234.6092579608007
23199,1055.0,1234.6092579608007
582,136.0,1234.6092579608007
13426,26.0,1234.6092579608007
23888,56.0,1234.6092579608007
7028,26.0,1234.6092579608007
1132,51.0,1234.6092579608007
16397,68.0,84.26
23308,88.0,1234.6092579608007
6125,531.0,1234.6092579608007
16668,174.0,1234.6092579608007
2047,204.0,83.1
1658,12.0,1234.6092579608007
6813,4405.0,1234.6092579608007
12815,1038.0,1234.6092579608007
1988,137.0,1234.6092579608007
23920,155.0,1234.6092579608007
16865,6.0,1234.6092579608007
13059,50.0,1234.6092579608007
6532,767.0,1234.6092579608007
5359,804.0,1234.6092579608007
12533,60.0,1234.6092579608007
6334,25.0,1234.6092579608007
22784,105.0,1234.6092579608007
21853,444.0,1234.6092579608007
22907,339.0,1234.6092579608007
14618,58.0,1234.6092579608007
11621,876.0,1234.6092579608007
23181,38.0,1234.6092579608007
23471,235.0,1234.6092579608007
16294,10223.0,1234.6092579608007
20385,147.0,1234.6092579608007
901,740.0,1234.6092579608007
1869,104.0,1234.6092579608007
23929,296.0,1234.6092579608007
16055,30.0,512.9846979589724
13950,87.0,1234.6092579608007
10263,467.0,1234.6092579608007
8657,29.0,1234.6092579608007
5985,132.0,1234.6092579608007
8641,238.0,1234.6092579608007
9048,130.0,1234.6092579608007
21845,153.0,82.25
22555,1785.0,1234.6092579608007
16648,1637.0,1234.6092579608007
23734,1134.0,1234.6092579608007
14452,78.0,1234.6092579608007
20942,207.0,1234.6092579608007
23772,498.0,1234.6092579608007
10661,3786.0,1234.6092579608007
10975,2155.0,1234.6092579608007
10544,1355.0,1234.6092579608007
5301,173.0,1234.6092579608007
17420,168.0,1234.6092579608007
6218,406.0,1234.6092579608007
1510,158.0,211.71
23531,31.0,1234.6092579608007
11908,32719.0,1234.6092579608007
19435,310.0,1234.6092579608007
22596,85.0,1234.6092579608007
23184,207.0,1234.6092579608007
5052,48.0,1234.6092579608007
16475,68.0,259.59
14546,1392.0,1234.6092579608007
1245,108.0,1234.6092579608007
18395,298.0,1234.6092579608007
7324,57.0,177.24
10303,947.0,1234.6092579608007
2163,375.0,1234.6092579608007
6402,115.0,1234.6092579608007
10119,45.0,1234.6092579608007
4872,1081.0,1234.6092579608007
23524,194.0,1234.6092579608007
5726,165.0,99.04
20890,1528.0,1234.6092579608007
17909,256.0,1234.6092579608007
22729,51.0,1234.6092579608007
13498,271.0,1234.6092579608007
16482,97.0,1234.6092579608007
8043,825.0,1234.6092579608007
11290,882.0,1234.6092579608007
5283,146.0,1234.6092579608007
21389,73.0,1234.6092579608007
23025,783.0,1234.6092579608007
5026,1510.0,1234.6092579608007
20555,146.0,1234.6092579608007
12827,41.0,1234.6092579608007
19591,103.0,1234.6092579608007
8384,116.0,110.5
23853,122.0,1234.6092579608007
7249,59.0,1234.6092579608007
23056,27.0,1234.6092579608007
22512,1225.0,1234.6092579608007
20119,98.0,1234.6092579608007
855,2944.0,1234.6092579608007
17184,40.0,1234.6092579608007
22104,10175.0,1234.6092579608007
898,733.0,1234.6092579608007
7238,225.0,1234.6092579608007
22495,1850.0,1234.6092579608007
5532,100.0,1234.6092579608007
4738,231.0,1234.6092579608007
1722,243.0,1234.6092579608007
6101,151.0,1234.6092579608007
10781,97.0,1234.6092579608007
22807,46.0,1234.6092579608007
8093,63.0,1234.6092579608007
21360,288.0,1234.6092579608007
23080,31.0,1234.6092579608007
17987,163.0,1234.6092579608007
22875,103.0,1234.6092579608007
23301,15.0,1234.6092579608007
1217,122.0,1234.6092579608007
2811,1343.0,1234.6092579608007
3967,47.0,1234.6092579608007
23355,63.0,1234.6092579608007
9721,63.0,1234.6092579608007
23152,171.0,1234.6092579608007
22853,71.0,1234.6092579608007
8073,1764.0,1234.6092579608007
23944,24.0,1234.6092579608007
4464,327.0,1234.6092579608007
9534,120.0,1234.6092579608007
2686,60.0,1234.6092579608007
22514,432.0,1234.6092579608007
22629,797.0,1234.6092579608007
16066,254.0,1234.6092579608007
23649,59.0,1234.6092579608007
23491,73.0,1234.6092579608007
11337,477.0,1234.6092579608007
14691,362.0,1234.6092579608007
9043,96.0,1234.6092579608007
6589,184.0,1234.6092579608007
10389,48.0,1234.6092579608007
19579,12.0,1234.6092579608007
9084,30.0,633.1554449021004
4151,69.0,1234.6092579608007
12222,1248.0,1234.6092579608007
15950,115.0,1234.6092579608007
15073,19.0,1234.6092579608007
21038,30007.0,1234.6092579608007
7505,142.0,1234.6092579608007
12782,766.0,1234.6092579608007
4272,33.0,1234.6092579608007
4903,592.0,1234.6092579608007
20384,140.0,1234.6092579608007
8032,58.0,1234.6092579608007
15881,47.0,196.55
1356,103.0,1234.6092579608007
12551,29.0,1234.6092579608007
19378,38.0,229.79
23287,21.0,1234.6092579608007
1401,376.0,100.23
22056,207.0,1234.6092579608007
23267,74.0,1234.6092579608007
2783,187.0,1234.6092579608007
13469,272.0,1234.6092579608007
15639,82.0,613.770498487312
8843,86.0,1234.6092579608007
23113,142.0,1234.6092579608007
11472,139.0,1234.6092579608007
23885,510.0,1234.6092579608007
5729,69.0,1234.6092579608007
14920,191.0,176.41
23752,272.0,1234.6092579608007
23707,42.0,1234.6092579608007
20834,204.0,1522.7107510922392
16258,216.0,1234.6092579608007
8596,81.0,72.01
15030,395.0,1234.6092579608007
13715,2676.0,1234.6092579608007
22726,205.0,1234.6092579608007
13012,202.0,1234.6092579608007
19715,583.0,1234.6092579608007
22342,208.0,1234.6092579608007
18278,546.0,1234.6092579608007
21188,55.0,319.88673210611336
17374,548.0,1234.6092579608007
11804,2972.0,1234.6092579608007
20078,15.0,1234.6092579608007
20759,20.0,1234.6092579608007
4176,37.0,1234.6092579608007
23801,154.0,1234.6092579608007
23097,167.0,1234.6092579608007
20138,83.0,1234.6092579608007
21696,67.0,1234.6092579608007
14571,170.0,1234.6092579608007
5046,199.0,1234.6092579608007
15785,2951.0,1234.6092579608007
11260,11.0,1234.6092579608007
3509,188.0,1234.6092579608007
14911,665.0,1234.6092579608007
23254,45.0,1234.6092579608007
22417,44.0,1234.6092579608007
17412,38.0,1234.6092579608007
11265,249.0,1234.6092579608007
13896,31346.0,1234.6092579608007
14389,427.0,1234.6092579608007
4925,97.0,1234.6092579608007
16153,629.0,1234.6092579608007
22745,107.0,1234.6092579608007
14333,415.0,1234.6092579608007
16508,32.0,1234.6092579608007
252,6.0,1234.6092579608007
3603,177.0,1234.6092579608007
23121,65.0,1234.6092579608007
22676,284.0,1234.6092579608007
12656,34.0,1234.6092579608007
22789,148.0,1234.6092579608007
11047,151.0,1234.6092579608007
4097,39.0,1234.6092579608007
14745,121.0,1234.6092579608007
18985,21.0,1234.6092579608007
7915,50.0,1234.6092579608007
22428,376.0,1234.6092579608007
16222,39.0,256.4
