,y_test,prediction
953,89.1,88.5804
3178,71.0,71.029
2088,65.0,64.951
1216,76.0,76.2735
2562,94.0,93.54700000000001
722,87.0,87.49699999999997
1117,82.0,82.09900000000002
3583,88.0,86.74600000000001
212,78.0,77.92599999999999
3541,79.0,79.124
197,87.0,87.14050000000002
2903,90.0,89.63100000000003
185,84.0,83.65199999999999
873,75.0,74.638
3657,86.0,86.36200000000001
3217,110.0,109.81700000000001
71,82.0,82.257
1068,103.0,104.14099999999996
309,115.0,116.602
1996,89.0,88.74399999999997
167,70.0,70.123
412,80.0,79.99700000000001
1599,62.0,62.04200000000001
315,55.5,55.3965
1088,82.0,82.104
1628,70.0,70.0
1539,75.0,75.13699999999999
3125,68.0,68.09799999999998
982,78.45,77.86599999999997
1759,80.0,80.06949999999998
2887,94.0,93.31499999999997
1075,73.0,73.283
3672,90.0,90.09199999999998
1944,61.0,61.34600000000001
3409,75.0,75.0545
3883,55.0,54.6815
1870,77.0,76.05200000000002
1516,83.0,82.76100000000002
2673,76.0,76.8705
3639,146.0,141.312
1328,104.0,102.825
557,82.0,82.086
669,51.9,53.00600000000002
1468,78.0,78.03400000000002
1351,170.0,99.22100000000002
180,105.0,105.368
1696,59.5,59.675499999999985
4120,132.1,130.89800000000002
416,115.0,115.271
2240,77.0,77.001
842,66.4,66.7515
326,73.0,73.10900000000001
440,74.0,73.807
1504,81.5,81.571
3937,75.0,74.89099999999999
1487,125.0,124.34500000000001
2193,70.0,70.02999999999999
1038,82.0,82.03850000000003
1061,147.2,146.732
497,130.0,130.627
2999,76.0,75.638
206,45.0,41.1285
1753,71.0,70.741
748,63.0,63.09700000000001
1645,75.0,75.21
2761,70.0,70.02599999999998
3686,65.0,65.45149999999998
3398,59.0,58.96200000000001
8,100.0,100.242
2664,87.0,87.236
2126,88.0,88.42500000000001
2874,89.0,88.77549999999995
3309,103.0,101.67199999999998
150,136.0,133.25099999999998
110,116.0,117.023
3184,93.0,93.45299999999999
319,94.0,94.87800000000003
33,75.0,74.818
2152,83.0,83.30400000000002
3110,83.0,82.88799999999998
609,73.0,73.317
97,85.0,84.72
2738,100.0,100.28099999999999
2031,67.0,66.8335
3465,104.0,102.847
802,72.0,72.34
4019,77.1,77.30600000000003
4118,85.9,85.89999999999998
1607,84.0,83.985
2139,174.0,70.817
17,54.0,53.9635
2105,98.0,98.197
3307,50.0,50.09400000000001
1010,81.0,76.94900000000003
239,78.0,78.031
2033,118.0,116.72100000000006
3091,92.0,92.484
3998,120.0,119.10599999999998
297,79.6,80.6945
513,60.0,59.885
4060,68.0,67.91900000000001
473,70.0,69.97650000000002
3796,73.0,72.84100000000001
2714,94.0,94.072
70,114.0,112.556
2296,61.0,60.99
1881,60.0,60.146
2310,75.0,75.19200000000002
3560,78.0,77.90500000000002
1210,68.0,68.07400000000001
2338,61.0,61.12100000000002
2214,76.0,75.986
1142,63.0,62.84399999999999
2303,125.0,124.03900000000002
3882,92.0,91.96300000000002
1777,92.0,91.66799999999999
2889,70.45,70.445
503,54.0,53.91349999999999
2259,75.0,77.54500000000002
1431,75.0,74.918
4041,57.0,56.981
1899,55.0,54.948499999999974
271,56.0,56.042
737,95.0,94.60549999999999
151,69.0,68.85650000000003
1059,50.0,50.8315
230,74.0,74.115
1621,61.0,61.178999999999995
1226,68.0,68.09600000000002
2050,60.6,60.63399999999999
2440,57.0,56.89
2042,77.2,77.74849999999999
434,70.0,69.996
2492,58.0,58.188
1262,74.0,73.947
2831,81.4,80.26050000000001
14,70.0,70.043
2451,80.0,79.779
3877,68.0,66.74000000000001
367,79.0,78.656
1363,76.0,76.27699999999999
3607,100.0,102.57600000000004
1026,71.0,70.39999999999998
2644,60.0,59.52240000000002
3629,78.0,78.041
1168,69.4,69.306
1413,84.0,84.58
1424,73.0,72.67200000000003
2408,88.0,88.45999999999998
3238,71.0,70.557
1617,88.0,87.9645
1823,62.3,62.34800000000001
2234,62.0,62.063
467,88.0,88.19649999999997
1961,73.0,73.442
1178,60.3,60.463
3198,69.0,69.435
3199,67.0,66.95200000000001
1045,63.1,62.86250000000001
1886,64.1,64.193
570,75.0,74.99
299,58.0,58.31799999999999
3673,67.0,66.808
1198,53.0,60.334999999999994
2486,101.0,100.665
372,94.0,94.13500000000003
952,69.0,71.85700000000001
2779,91.0,91.068
2877,93.0,93.61
316,82.0,81.915
133,54.0,53.331499999999984
1576,45.0,44.802
724,85.7,85.72450000000002
1033,62.3,62.29800000000002
2878,65.0,64.883
2983,65.0,65.07499999999999
646,60.0,60.01099999999999
2352,54.0,54.596
3496,83.0,82.87
3258,116.0,114.92800000000001
2526,72.0,72.87200000000001
2894,65.1,64.883
2496,80.0,79.81100000000002
2706,93.8,94.113
807,67.0,66.94500000000001
2473,69.0,68.739
2780,99.0,98.637
2374,57.0,56.817
2467,56.0,59.17340000000002
1048,60.0,60.06199999999999
4112,96.0,95.93749999999999
1072,85.0,85.59200000000001
3284,86.0,86.06099999999996
3994,70.0,69.95250000000003
2466,83.0,82.95500000000001
3826,33.0,37.9925
1666,90.0,95.597
3240,67.0,67.11850000000001
4109,102.0,99.66199999999999
2235,51.0,47.61199999999999
2669,65.0,64.43499999999999
941,84.0,83.72400000000002
32,65.0,64.96300000000001
2328,85.0,85.943
1337,58.0,57.580999999999996
3250,103.0,103.29799999999999
1981,91.4,91.25049999999999
2298,48.0,48.074499999999986
2282,85.0,85.4605
2606,101.0,100.75900000000001
2290,65.0,64.942
3695,84.0,84.04799999999999
2583,71.5,71.48300000000002
1622,55.0,54.88849999999999
994,69.0,68.93599999999999
4110,81.0,80.57700000000001
822,58.6,58.944
1398,57.0,57.03049999999998
310,55.0,55.0415
3270,85.0,84.979
331,52.0,51.93299999999999
1036,84.5,84.52499999999998
686,90.0,90.11
536,87.0,86.55699999999999
1879,53.0,53.441999999999986
1213,100.0,99.865
1792,127.0,125.53700000000002
2615,77.0,77.27
1552,43.7,42.837999999999994
2735,80.0,79.702
2115,92.0,93.25699999999999
4044,76.4,76.61999999999998
3175,67.0,66.696
3111,65.0,64.752
1306,61.0,61.31000000000001
3913,89.0,89.00299999999999
3191,61.0,61.3
1634,51.0,51.126000000000005
1874,64.0,64.00199999999998
4010,81.0,81.27499999999999
1139,64.0,64.04
3187,81.0,80.642
794,65.0,64.97200000000001
1521,79.0,78.18750000000001
709,88.0,88.03
2489,82.0,81.80700000000003
1882,95.9,96.11999999999996
2639,65.0,65.1
1852,55.3,54.9965
1593,79.0,79.27
598,70.0,69.821
45,65.0,66.5795
4026,71.0,71.185
2746,57.0,56.89099999999999
3738,76.0,76.542
43,69.2,69.08000000000003
602,80.0,79.891
1219,83.0,82.99
1270,44.0,43.992
2923,75.0,74.96899999999998
2822,90.0,90.376
492,96.0,97.14699999999998
4117,70.0,69.75400000000002
404,50.0,50.32599999999999
252,92.3,92.11750000000002
2429,69.0,68.553
3375,98.0,98.4275
1228,76.0,76.48100000000001
1369,75.0,75.305
680,70.0,69.994
2437,99.0,99.6
1558,87.0,87.33800000000001
4137,45.9,48.02750000000001
2238,88.0,87.915
2671,84.0,82.92399999999999
3766,52.0,52.184000000000005
3606,134.0,131.988
3892,61.9,61.65150000000003
3365,63.0,62.84699999999999
3230,62.0,62.05700000000001
869,79.5,79.2565
3154,74.0,73.956
2252,90.0,89.66839999999998
553,84.0,84.63799999999999
2991,61.4,61.306
1329,92.0,92.24199999999999
3723,52.0,52.032
2162,65.0,64.82900000000002
3466,72.0,71.928
3140,92.0,91.88900000000001
2961,88.0,87.51199999999999
2250,91.0,91.20549999999999
1239,80.0,80.047
4086,80.1,79.071
2480,72.0,71.872
1926,75.0,75.07599999999998
1056,70.0,69.921
1540,81.0,81.258
1590,71.0,71.004
94,83.0,82.92599999999999
1343,60.0,59.912
3825,83.0,82.58699999999999
2465,115.0,116.77600000000001
23,73.0,72.87400000000001
1455,92.0,92.13650000000001
2750,77.0,76.57200000000002
2825,64.3,63.42549999999999
684,53.6,53.887499999999974
2886,63.0,62.355
175,96.0,95.85
1701,58.0,57.89
3810,110.0,111.90900000000002
1005,52.0,51.63149999999999
2143,70.0,70.008
1801,62.0,70.61199999999998
3071,49.0,50.32350000000001
2531,78.0,78.211
3890,79.0,79.012
3702,64.0,64.129
566,90.0,90.383
1819,102.1,101.09899999999999
2460,80.0,80.001
100,53.0,53.28200000000001
410,86.0,85.94850000000001
3370,62.0,62.160999999999994
1630,71.0,70.52
659,92.0,93.02
806,68.0,68.31
121,130.0,126.63300000000001
3678,118.0,117.56900000000002
1880,82.4,82.574
157,86.0,86.62199999999999
1400,55.0,54.935500000000005
496,85.0,84.384
3625,51.0,51.28799999999999
306,80.0,79.76500000000001
2202,61.0,60.88500000000003
2507,73.0,72.96
1924,59.0,58.76649999999999
1195,60.0,59.870999999999995
3963,125.0,123.20899999999996
2257,80.0,79.94000000000001
907,73.6,73.722
241,65.0,64.764
3761,90.0,89.855
789,70.0,70.151
1917,49.7,49.90999999999999
901,57.0,56.85449999999999
3651,86.0,85.742
1955,90.0,90.34899999999998
2415,85.0,84.855
694,117.0,116.76200000000003
2633,71.0,71.09
1648,92.0,92.3995
463,71.0,71.051
2431,63.0,63.15700000000001
1180,85.0,85.18199999999997
914,59.0,59.26650000000001
1427,64.0,64.21
459,66.0,65.54899999999999
3679,52.0,54.92170000000001
2542,83.0,83.47
2922,75.0,74.98399999999998
178,40.0,40.755
2125,92.0,91.65099999999998
1399,150.0,148.386
3999,93.0,92.90450000000001
51,59.0,59.2155
833,52.0,53.25750000000002
1840,81.0,81.356
74,188.0,173.48
1114,90.0,89.939
2698,70.0,69.333
3837,63.9,63.57149999999999
2786,49.0,50.102999999999994
1132,44.0,44.123999999999995
2843,53.0,52.86900000000001
911,82.0,82.586
1495,72.5,72.889
3562,58.0,58.07450000000001
2367,92.0,91.7575
1162,63.0,63.10800000000002
3921,78.0,76.83400000000002
158,60.4,60.56100000000003
1267,61.0,61.29600000000001
2829,64.0,63.70600000000001
1543,57.0,57.236000000000004
52,106.0,105.096
1380,111.0,110.44100000000002
221,69.0,68.664
2023,82.0,82.295
26,61.0,60.989000000000004
1709,120.0,110.70000000000002
3131,97.0,96.285
885,66.0,65.486
215,70.0,69.94399999999997
4034,73.0,72.884
2146,104.0,103.82400000000001
861,79.2,79.40900000000002
2180,65.0,65.24599999999998
1902,70.0,69.84550000000004
3276,58.7,58.59749999999999
322,84.0,83.7475
1098,51.0,50.986
1746,65.0,64.991
3414,57.0,57.1405
1560,63.0,63.115
600,70.0,69.92349999999999
4088,57.7,57.8755
3295,101.0,100.59899999999999
145,76.0,75.402
1625,87.0,86.18299999999999
3501,93.0,93.82
1682,59.0,58.78979999999999
3857,93.0,93.55850000000001
1268,81.0,80.221
3021,70.0,69.898
44,75.0,73.80799999999999
2773,83.0,83.10399999999998
897,84.0,84.05199999999996
3023,76.7,76.32900000000001
1559,58.0,57.358999999999995
4077,60.0,60.318000000000005
2258,75.0,75.063
355,107.0,105.352
3260,67.0,67.88300000000002
3286,82.0,81.947
3809,74.0,73.95200000000001
1051,54.0,54.02450000000001
3576,70.0,69.982
603,58.0,57.542
3441,106.0,106.025
3243,75.0,74.973
3945,92.0,92.00700000000002
546,88.0,88.17739999999998
3610,80.0,80.01400000000002
3007,68.0,67.78800000000003
3668,33.5,35.76399999999998
540,75.0,75.2895
257,98.6,97.65699999999997
3349,158.0,145.292
2186,55.0,55.154999999999994
1595,89.0,88.835
968,77.0,76.305
3532,90.0,89.5201
1867,85.0,85.212
814,69.8,69.67400000000002
3802,88.0,86.348
2694,57.0,57.13450000000001
3220,60.0,60.1795
735,92.0,91.6455
2404,85.0,84.573
3522,88.7,88.7675
292,66.0,65.87299999999999
2538,65.0,65.10749999999999
1739,70.0,69.972
135,114.0,115.33800000000001
1046,47.0,45.6065
1953,80.0,80.58850000000002
2850,74.0,74.09799999999998
2642,78.0,79.78399999999999
264,95.0,94.47899999999998
1405,60.0,60.085
2337,66.0,65.20000000000003
3569,93.0,93.74699999999999
4025,74.0,73.223
868,81.6,81.42600000000002
56,88.0,87.86399999999998
3700,84.0,84.005
529,62.3,62.301000000000016
3502,76.0,76.04200000000002
3739,68.0,67.857
3707,74.0,74.34299999999999
798,81.1,80.889
2311,74.0,73.26800000000001
465,68.0,68.05300000000001
866,60.6,60.263000000000005
755,61.0,60.754000000000005
2024,80.0,79.89599999999997
3089,53.0,53.29849999999998
395,77.0,79.566
2448,95.0,95.07600000000001
1565,145.0,145.46
171,97.8,98.265
1279,45.0,45.599
2278,95.0,97.01199999999999
4113,106.0,107.1300000000001
3489,83.0,82.97599999999998
3735,80.0,79.86200000000001
3867,59.0,59.37999999999998
1677,108.0,109.014
189,88.0,88.11350000000002
2709,77.0,77.0065
12,74.0,73.96
3533,78.0,77.895
3292,102.0,100.78899999999997
323,39.0,38.12149999999999
892,110.0,110.03400000000002
2965,60.0,60.25399999999999
3650,92.0,92.0495
1192,76.0,75.818
352,170.0,92.81549999999999
2959,74.0,73.68099999999998
1179,51.0,51.00499999999999
507,60.0,59.8405
4075,82.0,81.82600000000004
3577,85.0,82.883
1725,79.0,78.97399999999999
1945,68.8,68.84000000000003
1418,85.0,83.08650000000002
3224,58.0,58.176000000000016
3084,69.0,69.374
3235,50.0,50.157
2297,83.0,84.45
2677,71.0,70.53699999999999
3763,69.0,68.733
2601,99.0,98.91
1227,62.0,62.171499999999995
4111,66.7,66.33200000000001
2386,62.0,62.137
1003,65.2,63.73699999999999
1958,85.0,85.377
228,62.0,61.72
1623,88.0,86.414
3373,89.0,89.02799999999999
3101,70.0,70.068
3644,66.0,65.613
184,92.0,91.60599999999998
2301,71.0,71.41350000000001
2392,102.0,102.49
488,75.3,75.194
4076,62.0,62.47700000000003
1960,56.0,56.296500000000016
140,57.0,57.019
267,70.0,69.8575
2289,65.0,65.06099999999999
3346,76.0,76.21600000000001
64,80.0,79.976
1077,58.0,57.90600000000002
1747,70.0,69.90100000000002
3281,62.0,62.07500000000001
4050,72.2,72.86050000000002
1679,75.0,74.908
1108,80.0,80.10600000000004
3774,89.0,93.12700000000001
3768,84.0,84.09
1724,72.0,71.77600000000002
1991,80.0,80.111
2867,86.0,87.01600000000002
3242,43.0,41.16
3239,76.0,76.11399999999999
973,57.9,58.054
280,79.0,78.887
3223,106.0,106.11500000000002
1436,78.0,77.74600000000001
359,73.3,73.14
2947,87.7,87.88639999999998
300,55.0,54.992
813,75.0,74.822
1110,80.0,79.865
2953,89.0,88.97399999999999
1373,71.0,71.96799999999999
2689,64.0,63.84699999999999
579,74.0,74.03399999999999
417,63.0,63.87450000000002
1305,67.0,67.026
1972,60.0,59.94790000000002
1763,90.0,90.03799999999997
2081,77.4,77.35900000000001
2593,69.0,69.458
1481,114.0,121.02700000000003
2769,85.0,85.22099999999999
1164,53.0,52.95799999999999
3136,53.0,52.756000000000014
3780,73.0,73.01299999999996
1345,72.0,71.769
1327,73.0,73.20500000000001
3323,65.0,64.9525
1970,77.35,77.34250000000002
58,51.0,51.05899999999999
77,76.0,76.39500000000001
369,120.0,120.05699999999997
3633,61.0,60.84
1474,72.0,72.111
2140,80.0,79.98399999999998
3990,78.3,78.71050000000001
2420,69.2,69.094
750,60.0,59.99799999999999
1341,140.0,133.33199999999997
3582,75.0,75.06800000000003
919,66.4,66.34899999999999
916,64.0,63.886999999999986
3515,70.0,69.904
125,116.0,116.14900000000002
1100,93.0,93.20649999999999
2018,66.2,66.61300000000001
1698,45.0,44.94200000000001
2356,49.0,49.195
2204,60.0,59.887200000000014
431,65.0,65.15799999999999
3648,96.0,96.439
3391,80.0,80.096
3378,133.0,127.5
4022,69.0,69.06599999999997
1681,81.0,81.81049999999999
2497,45.0,45.14
2908,97.55,97.34200000000001
435,60.0,60.09299999999999
389,68.0,67.50250000000001
30,65.0,64.91550000000001
1060,70.5,70.40299999999998
204,92.0,92.29199999999999
1181,69.0,69.18699999999998
4018,66.0,65.224
2121,63.0,62.91199999999998
847,76.2,76.61300000000001
1234,70.0,70.11500000000001
2359,70.0,69.45450000000001
2781,79.0,79.131
480,75.0,74.991
4101,85.1,84.76749999999998
674,92.5,92.436
445,74.0,74.18300000000002
3549,84.8,84.83900000000001
3811,73.6,73.14699999999999
820,90.0,89.6714
193,90.0,90.15700000000001
569,85.0,85.0055
1344,72.0,71.97500000000002
3094,59.5,59.669
6,90.0,90.12950000000001
441,102.0,101.345
290,89.8,89.353
780,54.0,53.77400000000001
2935,104.0,103.0205
3683,52.0,47.816999999999986
3565,76.0,75.57849999999998
3649,59.9,59.697999999999986
1420,44.0,45.230999999999995
3417,60.0,59.7845
1850,83.0,82.917
697,54.0,53.70949999999999
2573,69.0,68.68
3062,89.0,88.81399999999998
195,59.0,58.842000000000006
452,96.0,95.18400000000001
1797,82.0,81.85399999999998
1194,64.0,63.454999999999984
29,102.0,102.33799999999995
4124,83.0,83.555
893,106.2,105.51099999999998
1848,68.0,67.98199999999999
3210,93.0,93.1735
1118,99.0,99.09900000000002
2678,88.0,87.95200000000001
3086,68.0,67.855
875,85.0,84.926
1920,93.0,93.4505
3854,73.3,73.403
2468,86.0,85.80299999999995
2167,63.0,62.875
3103,71.0,71.14149999999997
223,60.0,60.073999999999984
738,91.0,91.61099999999999
765,72.0,71.989
576,102.0,101.75400000000002
1791,76.8,75.94200000000001
3525,47.0,46.83999999999999
1658,111.0,110.06800000000001
1357,80.0,79.977
1799,81.0,80.665
2345,45.0,46.3605
81,63.0,63.05000000000001
258,100.0,104.68800000000003
296,85.0,84.59200000000001
4017,64.0,63.58100000000001
1065,60.0,60.10800000000001
816,55.0,54.96949999999998
3511,69.0,69.19
1169,81.9,81.603
3116,50.0,49.53099999999999
1600,51.0,51.56700000000001
3928,75.0,74.966
2026,122.2,122.20299999999999
3581,79.0,78.6495
3964,102.0,101.68900000000002
2980,62.3,63.03099999999999
2840,84.0,85.33
936,95.0,95.04450000000001
1986,61.8,62.08000000000001
1022,49.8,50.2635
1285,93.0,92.884
3389,83.8,85.307
3729,69.0,68.66
658,92.0,93.149
1409,45.0,45.626000000000005
883,74.1,71.113
3392,63.0,62.967000000000006
3554,94.1,94.22
413,50.0,50.022
980,55.0,54.952
3797,85.0,85.19399999999996
3906,80.0,79.624
1545,77.0,76.571
3296,79.0,79.30699999999999
1322,71.0,71.3255
835,92.5,91.823
661,90.0,89.89550000000003
1811,107.0,107.494
768,121.1,120.16499999999996
2688,78.0,78.00600000000003
2030,51.0,50.867
3321,78.5,75.90500000000002
821,55.8,55.39999999999999
153,84.0,83.98
1428,51.0,51.09000000000001
3624,57.0,56.993500000000004
1176,97.0,97.09049999999998
103,112.0,112.69
759,97.15,97.51000000000002
3397,95.0,95.25349999999999
240,81.0,81.26899999999999
1872,82.0,81.52100000000002
3765,89.0,89.405
109,75.5,75.28400000000002
3377,40.0,41.845
1756,80.0,80.09100000000001
3374,60.0,59.96500000000002
1248,59.0,59.134000000000015
1579,69.0,68.689
3403,111.0,113.81300000000002
2241,50.0,50.14499999999999
2375,90.0,90.12299999999999
3382,81.0,81.187
2502,75.5,75.749
333,46.0,46.06949999999999
2904,69.0,68.815
846,61.4,61.69399999999998
3339,69.0,69.69199999999996
1490,78.0,77.9515
3420,77.0,76.89
3968,87.9,87.435
2027,63.0,64.1675
3973,65.0,64.34500000000001
1949,63.0,63.00200000000001
3992,57.4,57.41450000000002
2174,86.0,85.169
1120,104.0,104.319
3031,62.0,61.845
1573,61.0,61.349
2410,97.0,97.13100000000003
1999,85.0,84.89899999999997
3531,115.0,116.00300000000001
1206,60.0,60.081500000000005
2249,62.0,61.869000000000014
3601,85.7,86.0635
2156,85.0,85.035
556,111.0,110.571
2184,70.0,69.69100000000002
1099,67.0,67.06
1815,75.0,74.558
2579,88.0,87.85699999999999
1948,61.0,60.879000000000005
3340,119.0,117.92800000000001
2753,55.0,55.4115
1979,67.2,67.32699999999998
3887,84.0,84.22099999999999
3344,95.0,94.87
2989,70.0,69.9
1288,89.0,89.04350000000001
756,70.5,70.51400000000001
2663,80.0,79.882
3115,74.0,73.773
3621,85.5,85.197
2890,86.5,86.10999999999999
1932,55.0,54.70899999999997
4037,72.3,72.27900000000001
1461,100.0,100.243
3704,63.0,63.0025
3045,75.5,74.318
733,90.75,90.36599999999997
811,60.4,60.29649999999999
3361,69.0,69.06
4127,80.0,79.99799999999999
725,110.0,109.545
3848,78.0,78.20500000000001
1557,74.0,74.64399999999999
1657,72.0,72.03
1451,67.0,67.181
1834,55.0,55.16700000000001
2730,132.0,133.38100000000003
1669,48.0,47.607
347,76.0,77.14349999999999
1265,60.0,59.84699999999999
2736,82.0,82.31900000000002
4021,131.5,126.25099999999999
2414,83.0,83.84999999999997
3422,96.0,96.26599999999995
815,54.5,54.611999999999995
2461,101.0,103.525
1975,81.5,81.39300000000001
2362,60.0,60.04249999999998
3004,66.0,64.913
1295,63.0,62.403
179,82.0,82.03599999999999
4119,59.0,59.11849999999998
3948,87.0,86.62400000000001
791,55.0,54.838499999999996
2798,85.0,84.594
2721,89.0,89.39
1443,53.0,52.978500000000004
3912,85.0,85.10500000000002
1965,87.0,87.45849999999999
25,65.0,65.013
2406,68.0,67.845
3915,90.0,88.73199999999999
3705,86.0,85.96600000000001
174,66.0,65.69300000000003
2157,84.0,84.09699999999997
3186,80.0,80.143
332,64.0,64.016
2321,67.0,67.20400000000001
432,65.0,65.216
3750,117.0,117.43900000000002
2112,49.2,49.36199999999999
2790,72.0,72.175
