,y_test,prediction
953,89.1,82.91005468537745
3178,71.0,66.17648610770992
2088,65.0,60.98557084080447
1216,76.0,79.69168931627222
2562,94.0,77.26085698053924
722,87.0,80.00098227432467
1117,82.0,77.68450479678634
3583,88.0,79.56664625223932
212,78.0,81.00940073703683
3541,79.0,79.39767493270048
197,87.0,78.60261937648454
2903,90.0,80.92066196672273
185,84.0,64.09651949510969
873,75.0,84.0770782489114
3657,86.0,83.64520087414957
3217,110.0,96.74998128826647
71,82.0,83.87840925657524
1068,103.0,103.95564866928032
309,115.0,100.26580766058339
1996,89.0,84.38191037637924
167,70.0,74.273055353739
412,80.0,84.97065839857589
1599,62.0,92.80664854999057
315,55.5,59.9455223467631
1088,82.0,81.51283656560686
1628,70.0,70.0250067325816
1539,75.0,65.50814388600692
3125,68.0,75.96972963326871
982,78.45,86.19368134517508
1759,80.0,77.59851678251144
2887,94.0,84.40509730203128
1075,73.0,74.16191205435489
3672,90.0,85.92303525835084
1944,61.0,63.133716380998465
3409,75.0,78.0175869985462
3883,55.0,57.98036660434934
1870,77.0,86.83028753491155
1516,83.0,82.2238438238145
2673,76.0,71.72183279900544
3639,146.0,115.41487916299727
1328,104.0,98.1892585145616
557,82.0,75.38798924276972
669,51.9,59.77464881675438
1468,78.0,82.63919914928604
1351,170.0,38.526104349893046
180,105.0,98.81403316338671
1696,59.5,68.0827360249724
4120,132.1,105.85936253647955
416,115.0,115.64808014939322
2240,77.0,78.24289267765599
842,66.4,70.78852443318544
326,73.0,76.54565291665304
440,74.0,70.4258364096127
1504,81.5,88.94885213539801
3937,75.0,73.08923739294997
1487,125.0,113.06925419718004
2193,70.0,79.93664160218471
1038,82.0,77.27906724125856
1061,147.2,96.19590193658539
497,130.0,102.31797702388155
2999,76.0,82.3654074864952
206,45.0,53.95732473697693
1753,71.0,80.25817555453087
748,63.0,63.047457449305824
1645,75.0,71.86686769107754
2761,70.0,67.534876725759
3686,65.0,62.75336554727093
3398,59.0,68.0961742957779
8,100.0,89.73861520424438
2664,87.0,88.4497824208314
2126,88.0,88.77174952692798
2874,89.0,87.71368970007245
3309,103.0,93.7796719971096
150,136.0,113.69210442135804
110,116.0,112.52038416436801
3184,93.0,97.44089904715972
319,94.0,81.8154663965332
33,75.0,72.90863944333637
2152,83.0,80.05452215483548
3110,83.0,76.21272946763828
609,73.0,73.4790365545234
97,85.0,85.0813934735186
2738,100.0,91.5667294136667
2031,67.0,69.00063426886473
3465,104.0,110.97304148662991
802,72.0,70.41714409334384
4019,77.1,65.27097647516315
4118,85.9,85.39426879143635
1607,84.0,84.368050291165
2139,174.0,58.184892459985775
17,54.0,61.32769767117402
2105,98.0,97.67653795088623
3307,50.0,57.3230550369512
1010,81.0,89.05083123051708
239,78.0,77.75004178053624
2033,118.0,98.9683592104104
3091,92.0,84.22835853247437
3998,120.0,103.36132271073794
297,79.6,75.34445396639886
513,60.0,62.739948246326975
4060,68.0,74.39041552956577
473,70.0,65.8616723101789
3796,73.0,81.21185932352901
2714,94.0,90.48893029693333
70,114.0,95.57143663605038
2296,61.0,66.70019390802554
1881,60.0,60.42456189594151
2310,75.0,102.56959358568841
3560,78.0,125.41407635374995
1210,68.0,69.26068154907422
2338,61.0,61.58677546878113
2214,76.0,77.69244509132992
1142,63.0,66.36456074107294
2303,125.0,107.35889531584235
3882,92.0,98.26371310995748
1777,92.0,81.39202905144361
2889,70.45,70.28175370032913
503,54.0,58.39749251689017
2259,75.0,69.13976331466753
1431,75.0,78.61503544497961
4041,57.0,64.29882932217559
1899,55.0,53.58368993066057
271,56.0,90.81072989698558
737,95.0,85.81677272979678
151,69.0,64.40242743565837
1059,50.0,56.117736083949296
230,74.0,76.92577935211395
1621,61.0,60.770145770140786
1226,68.0,77.00489521385074
2050,60.6,63.85609658900201
2440,57.0,56.644884041065765
2042,77.2,68.90771375336602
434,70.0,80.0712262910317
2492,58.0,63.55518397103424
1262,74.0,72.6195533177431
2831,81.4,77.21157040030396
14,70.0,70.76534111370178
2451,80.0,86.42615114404703
3877,68.0,76.54444823269935
367,79.0,83.98772326448079
1363,76.0,98.0612926608421
3607,100.0,79.60574565384715
1026,71.0,74.67933826080096
2644,60.0,51.62026995286651
3629,78.0,80.81610292099006
1168,69.4,69.44922460365707
1413,84.0,84.2787419019269
1424,73.0,76.47250411242423
2408,88.0,86.45661677167874
3238,71.0,75.18093570707968
1617,88.0,126.45530375522611
1823,62.3,60.5480782447534
2234,62.0,66.83050469995999
467,88.0,88.50410027513558
1961,73.0,80.35737882638654
1178,60.3,66.41128244139176
3198,69.0,77.15958897147624
3199,67.0,77.28952128561635
1045,63.1,71.38498710617444
1886,64.1,73.3386090370583
570,75.0,79.97217794182913
299,58.0,54.64082161564127
3673,67.0,66.66476608036984
1198,53.0,57.280142090238044
2486,101.0,100.40757490171924
372,94.0,89.40107376601
952,69.0,72.25295441975314
2779,91.0,84.39433586589143
2877,93.0,84.21974810373005
316,82.0,90.96902087467652
133,54.0,61.394368172069775
1576,45.0,53.83920886578737
724,85.7,78.55127132270825
1033,62.3,90.90918751390917
2878,65.0,64.51443084817157
2983,65.0,67.29058075680022
646,60.0,61.12687254999601
2352,54.0,54.38244777263097
3496,83.0,86.91255518734839
3258,116.0,101.81110369536961
2526,72.0,68.03718740951443
2894,65.1,62.82718437987147
2496,80.0,76.68162829097918
2706,93.8,81.69529637706667
807,67.0,70.46846377376833
2473,69.0,73.5531714547659
2780,99.0,95.63241384988132
2374,57.0,63.26187624940734
2467,56.0,46.888000928095494
1048,60.0,66.2251246444108
4112,96.0,103.4891804072956
1072,85.0,86.47209550756605
3284,86.0,83.23198513356449
3994,70.0,69.31137980245572
2466,83.0,86.3708083123768
3826,33.0,26.58988605043207
1666,90.0,80.46002051999163
3240,67.0,65.70937753414992
4109,102.0,85.88291495647238
2235,51.0,62.73646814966058
2669,65.0,64.05348082647933
941,84.0,73.36339164607325
32,65.0,68.18788832688853
2328,85.0,79.79752411751002
1337,58.0,95.3372372705023
3250,103.0,83.23150573792128
1981,91.4,72.33395401797199
2298,48.0,56.5264475391225
2282,85.0,74.4796153334909
2606,101.0,95.01721372956652
2290,65.0,69.06375312284618
3695,84.0,83.10943067654415
2583,71.5,78.38960291196949
1622,55.0,58.34077690794574
994,69.0,70.39415710555029
4110,81.0,79.01931832747387
822,58.6,63.28436711131258
1398,57.0,57.15812463996724
310,55.0,59.546147769843316
3270,85.0,85.7491676259234
331,52.0,60.056355624713504
1036,84.5,84.67965276052688
686,90.0,155.71995507430054
536,87.0,90.30236887936157
1879,53.0,55.37068754326344
1213,100.0,97.24382518541177
1792,127.0,92.04822943994617
2615,77.0,90.33845759552229
1552,43.7,55.25364318516617
2735,80.0,84.26456990529675
2115,92.0,99.02042514999877
4044,76.4,81.98272608793417
3175,67.0,68.8707560877228
3111,65.0,67.89601231939419
1306,61.0,56.06613232967966
3913,89.0,90.73770451204577
3191,61.0,65.4101787912794
1634,51.0,53.15852085663197
1874,64.0,67.59971625419007
4010,81.0,84.17651461845834
1139,64.0,66.00121070344416
3187,81.0,85.53727860837809
794,65.0,66.9336811667686
1521,79.0,71.18448976847331
709,88.0,94.26684431575114
2489,82.0,82.79477921591291
1882,95.9,92.32416113957967
2639,65.0,62.87607634326798
1852,55.3,58.88885913791334
1593,79.0,80.44077988942409
598,70.0,73.79504306774584
45,65.0,58.61929036186794
4026,71.0,70.5383191714461
2746,57.0,61.20217907828712
3738,76.0,77.6997686842516
43,69.2,66.99111557337598
602,80.0,85.19093075490301
1219,83.0,81.23547944463483
1270,44.0,43.17816856173391
2923,75.0,75.94689579205206
2822,90.0,79.59917864528741
492,96.0,83.80363788565005
4117,70.0,74.18822607385937
404,50.0,49.185301431046355
252,92.3,88.17084231649594
2429,69.0,84.94919056113221
3375,98.0,90.6269138160716
1228,76.0,79.10093285291067
1369,75.0,69.98687752316376
680,70.0,73.66612066216295
2437,99.0,85.27907959180531
1558,87.0,81.08793384435283
4137,45.9,49.53902572924338
2238,88.0,99.22154550765069
2671,84.0,90.0022892006844
3766,52.0,49.40132145896345
3606,134.0,110.19948639362124
3892,61.9,60.68758921021457
3365,63.0,64.46507072532914
3230,62.0,67.56588069744066
869,79.5,89.44718340862852
3154,74.0,71.72629202638122
2252,90.0,84.45329995420818
553,84.0,87.81952165411487
2991,61.4,71.70761597901777
1329,92.0,89.45745664867796
3723,52.0,55.60693558974984
2162,65.0,63.124118329247096
3466,72.0,77.25739039245255
3140,92.0,97.01972108812825
2961,88.0,91.95272872086022
2250,91.0,78.91601560532743
1239,80.0,79.85286108509862
4086,80.1,81.84800861970527
2480,72.0,58.37719580185902
1926,75.0,93.19062515540969
1056,70.0,47.366028322836314
1540,81.0,80.29591831680281
1590,71.0,74.19661899218858
94,83.0,125.9715605360172
1343,60.0,61.667315791105196
3825,83.0,71.43125367786477
2465,115.0,107.21137316787866
23,73.0,76.53943494168095
1455,92.0,86.99788968454516
2750,77.0,105.4401385721645
2825,64.3,66.37474779360771
684,53.6,57.31641313749083
2886,63.0,60.993496092667115
175,96.0,101.04407401496317
1701,58.0,69.29800985234719
3810,110.0,79.75874464763554
1005,52.0,60.2860465335515
2143,70.0,70.96506005996133
1801,62.0,54.799154447946904
3071,49.0,44.68349774525538
2531,78.0,78.98259208588487
3890,79.0,75.31832443510731
3702,64.0,61.49320533832524
566,90.0,93.68549770918949
1819,102.1,83.60004370073955
2460,80.0,79.59623830556751
100,53.0,56.80844708903686
410,86.0,82.49693222885286
3370,62.0,66.33418351953414
1630,71.0,71.65992172438919
659,92.0,82.94932011495109
806,68.0,66.14238891500459
121,130.0,104.57828950110328
3678,118.0,93.35583734923406
1880,82.4,85.95136137686816
157,86.0,88.57946349265244
1400,55.0,55.12503877033909
496,85.0,90.72403811007636
3625,51.0,55.249344341355666
306,80.0,83.25896146222158
2202,61.0,63.55697746848385
2507,73.0,72.47485025888247
1924,59.0,63.33479681826634
1195,60.0,97.23396130694917
3963,125.0,104.60742241854862
2257,80.0,77.4557141209866
907,73.6,72.83885801547157
241,65.0,64.17911786758891
3761,90.0,88.34040402989457
789,70.0,80.41156489180578
1917,49.7,47.247140304837316
901,57.0,62.46507739735897
3651,86.0,84.83621784686304
1955,90.0,88.5615128521119
2415,85.0,86.93811654141513
694,117.0,89.09518618257498
2633,71.0,99.51998870683619
1648,92.0,86.11178773861205
463,71.0,48.57822856369748
2431,63.0,62.15033027204022
1180,85.0,77.40503706667478
914,59.0,62.45736173486
1427,64.0,109.260525156385
459,66.0,64.95255299975214
3679,52.0,59.17156151569445
2542,83.0,100.04667909285885
2922,75.0,80.826192426326
178,40.0,43.7346029908841
2125,92.0,89.81904447499232
1399,150.0,125.13921240670948
3999,93.0,88.53399063840274
51,59.0,65.95365105181364
833,52.0,62.2063750246476
1840,81.0,76.38810009043218
74,188.0,133.91876147457802
1114,90.0,88.9250605992785
2698,70.0,79.69821198762125
3837,63.9,79.28853994698369
2786,49.0,49.79080421278847
1132,44.0,-23.906139169260285
2843,53.0,56.099861437069706
911,82.0,77.54510698047575
1495,72.5,72.10575143710568
3562,58.0,66.88518138391154
2367,92.0,89.89932391851394
1162,63.0,64.44779244489368
3921,78.0,75.17896230469584
158,60.4,73.7919142279131
1267,61.0,63.88918040717273
2829,64.0,66.64529856271379
1543,57.0,57.606741336848046
52,106.0,92.86990405357759
1380,111.0,87.36540243951704
221,69.0,71.1426172410873
2023,82.0,98.85611422284745
26,61.0,61.56457841567267
1709,120.0,115.31046744421565
3131,97.0,90.74355623291234
885,66.0,68.94891688527169
215,70.0,69.38621952845766
4034,73.0,78.46225595115273
2146,104.0,96.71131217573983
861,79.2,77.7027740344019
2180,65.0,76.95928546246112
1902,70.0,65.38746448332738
3276,58.7,68.48125055140359
322,84.0,81.86621811540229
1098,51.0,60.14380266562135
1746,65.0,69.68798878110545
3414,57.0,54.42990616118654
1560,63.0,73.12989350480719
600,70.0,76.7337529238694
4088,57.7,60.07568015837988
3295,101.0,97.14458318535938
145,76.0,79.68632720927869
1625,87.0,92.89053288214919
3501,93.0,90.80486872558912
1682,59.0,64.2468922800038
3857,93.0,77.15715349243888
1268,81.0,72.77719611673767
3021,70.0,69.17566408863908
44,75.0,82.30755577206304
2773,83.0,76.80876921526286
897,84.0,87.50651061819556
3023,76.7,80.72557364216394
1559,58.0,60.851136866978806
4077,60.0,71.07489282214037
2258,75.0,64.53924333839349
355,107.0,97.40258447931157
3260,67.0,68.26052268774127
3286,82.0,88.24007941713761
3809,74.0,72.62804548990093
1051,54.0,62.109416927021016
3576,70.0,71.51749342798148
603,58.0,59.53666991192816
3441,106.0,98.61194290973395
3243,75.0,76.47247969933748
3945,92.0,81.52266788117183
546,88.0,82.49967774717199
3610,80.0,77.27939650500535
3007,68.0,63.62945513592034
3668,33.5,41.907602622731815
540,75.0,72.67536808855208
257,98.6,82.43361260919649
3349,158.0,107.86091552441314
2186,55.0,51.38717853179163
1595,89.0,84.667031997859
968,77.0,82.20096621652121
3532,90.0,92.88985778298249
1867,85.0,98.01222523109243
814,69.8,78.47675399420876
3802,88.0,87.78751898289732
2694,57.0,64.0683551478549
3220,60.0,64.89832650161784
735,92.0,87.28765739283962
2404,85.0,77.90831213517805
3522,88.7,88.47231274854879
292,66.0,73.25114474629918
2538,65.0,64.02690911810456
1739,70.0,64.44027056195529
135,114.0,112.63714985326996
1046,47.0,51.30415337202945
1953,80.0,73.0320085649179
2850,74.0,68.16974192577796
2642,78.0,69.6821700700468
264,95.0,96.61013117784196
1405,60.0,64.21202335377937
2337,66.0,72.88165881033704
3569,93.0,90.18056947518771
4025,74.0,77.02688903866043
868,81.6,78.6902928251221
56,88.0,83.28414843935391
3700,84.0,88.01122225171227
529,62.3,62.5131916525842
3502,76.0,80.034045963886
3739,68.0,73.34059987175118
3707,74.0,76.94392832967998
798,81.1,76.30726332550046
2311,74.0,80.77863270404188
465,68.0,72.17271004442709
866,60.6,64.40347075939782
755,61.0,65.17774045909725
2024,80.0,86.32259856092162
3089,53.0,38.69069837665313
395,77.0,72.38174519261648
2448,95.0,95.39729551236283
1565,145.0,207.3727861956804
171,97.8,143.5245733354
1279,45.0,23.75660853373627
2278,95.0,83.31069627925076
4113,106.0,87.97128301277229
3489,83.0,82.4961714078684
3735,80.0,78.43891814473007
3867,59.0,56.950942849575426
1677,108.0,95.7988379288989
189,88.0,75.80923663120399
2709,77.0,85.97685668497857
12,74.0,82.70095462843284
3533,78.0,75.65712073966532
3292,102.0,130.6759501909784
323,39.0,38.48473240418471
892,110.0,113.05876238733691
2965,60.0,66.36372438600326
3650,92.0,96.224751276534
1192,76.0,79.44980601679421
352,170.0,75.82107545779897
2959,74.0,80.52368457145357
1179,51.0,50.14274860667905
507,60.0,59.5026249517108
4075,82.0,83.76626299006028
3577,85.0,94.77548739206878
1725,79.0,70.1944435186198
1945,68.8,66.87522573932614
1418,85.0,87.63774211993328
3224,58.0,60.22844757356246
3084,69.0,77.78070076840896
3235,50.0,55.822335060856716
2297,83.0,75.17391137349395
2677,71.0,77.59007175228484
3763,69.0,74.65800608313914
2601,99.0,91.55775025569224
1227,62.0,66.59235853490453
4111,66.7,60.76981419001187
2386,62.0,64.61649154889017
1003,65.2,68.1410019060733
1958,85.0,82.66500394448177
228,62.0,63.63277602510573
1623,88.0,102.18323184317535
3373,89.0,78.37410619620641
3101,70.0,78.05764234381265
3644,66.0,81.64280202170026
184,92.0,90.6536792105394
2301,71.0,63.51323944988499
2392,102.0,93.28942364798573
488,75.3,70.7307457391007
4076,62.0,59.95274022097807
1960,56.0,68.95040352022042
140,57.0,52.82986056760964
267,70.0,77.81378148051178
2289,65.0,71.44709358491266
3346,76.0,80.76582063108918
64,80.0,84.4900258747465
1077,58.0,58.08104876573596
1747,70.0,69.3046356435793
3281,62.0,66.84317170574968
4050,72.2,73.10304631943686
1679,75.0,73.06402429322972
1108,80.0,81.98248820076984
3774,89.0,70.40272147868541
3768,84.0,93.22143027443349
1724,72.0,76.422871446194
1991,80.0,73.7361295422585
2867,86.0,84.41250435954876
3242,43.0,56.63480820645849
3239,76.0,78.80039066495655
973,57.9,57.49232534490879
280,79.0,75.85120948684015
3223,106.0,85.52730924044064
1436,78.0,79.15240384340582
359,73.3,75.0565143685408
2947,87.7,92.8792718445828
300,55.0,55.51625509060494
813,75.0,71.9498282386084
1110,80.0,83.65726729156337
2953,89.0,93.61569113159712
1373,71.0,62.890367840445464
2689,64.0,68.09006622805654
579,74.0,67.33261380916235
417,63.0,59.25050284884554
1305,67.0,76.1813158799624
1972,60.0,61.23339876553287
1763,90.0,91.48565515571164
2081,77.4,78.31946517830872
2593,69.0,78.51841446018905
1481,114.0,89.28471417985087
2769,85.0,83.6441041328167
1164,53.0,58.33285485726644
3136,53.0,59.06120132167801
3780,73.0,72.27857619598613
1345,72.0,73.31874398905741
1327,73.0,72.94270974940346
3323,65.0,58.03139056304255
1970,77.35,77.68307716535277
58,51.0,56.719108133652156
77,76.0,67.92477679969437
369,120.0,110.42021862812413
3633,61.0,65.76959750348418
1474,72.0,73.37819316447144
2140,80.0,83.1914691956581
3990,78.3,75.74689645908664
2420,69.2,73.89003994768393
750,60.0,70.70945573537115
1341,140.0,103.96292732110032
3582,75.0,69.41035560046521
919,66.4,76.98492438830203
916,64.0,68.58975959131755
3515,70.0,72.76445780674884
125,116.0,96.18172722150084
1100,93.0,130.1231691421331
2018,66.2,66.56920126908084
1698,45.0,46.41622528250228
2356,49.0,51.64884350204122
2204,60.0,60.20863264483489
431,65.0,63.79885297279945
3648,96.0,90.63526475383091
3391,80.0,85.634888522343
3378,133.0,128.44859800243282
4022,69.0,67.25300820996836
1681,81.0,73.88901232369723
2497,45.0,52.37624977067699
2908,97.55,99.1440632110315
435,60.0,59.30236158746999
389,68.0,66.27189157273304
30,65.0,67.72665677294196
1060,70.5,71.11346366629331
204,92.0,89.93631845062231
1181,69.0,75.45620831536907
4018,66.0,71.09144739895918
2121,63.0,67.15474736965706
847,76.2,82.49897125964964
1234,70.0,67.7777962833023
2359,70.0,76.14032645416447
2781,79.0,82.4313625895812
480,75.0,69.8440350364219
4101,85.1,81.20472967093205
674,92.5,89.42750644406726
445,74.0,73.99725937084243
3549,84.8,86.0178061423184
3811,73.6,76.58006839154008
820,90.0,82.47188176104378
193,90.0,87.96963463960537
569,85.0,81.97015457321379
1344,72.0,75.82043666401752
3094,59.5,65.63685723626324
6,90.0,84.17969135902294
441,102.0,87.54047725667787
290,89.8,79.93420270790972
780,54.0,66.16549126491682
2935,104.0,113.12688324621905
3683,52.0,62.75566809830332
3565,76.0,98.27459232098275
3649,59.9,53.677376141432916
1420,44.0,50.61135086178993
3417,60.0,70.1488040658997
1850,83.0,88.89880754380779
697,54.0,52.79234529329304
2573,69.0,66.40933781840945
3062,89.0,98.13907290507706
195,59.0,59.868975891800744
452,96.0,100.17410298169423
1797,82.0,105.29985178257647
1194,64.0,67.71447616998344
29,102.0,90.24555702499588
4124,83.0,84.29470586784163
893,106.2,97.10720388511581
1848,68.0,72.98784573077178
3210,93.0,91.1533799723599
1118,99.0,86.44936105916761
2678,88.0,80.90866929850144
3086,68.0,73.01863471942995
875,85.0,95.69591018549787
1920,93.0,82.7935678925995
3854,73.3,71.2612151094568
2468,86.0,86.17807724459016
2167,63.0,63.67390875694946
3103,71.0,69.202934203756
223,60.0,65.43155023835607
738,91.0,79.7104245630874
765,72.0,66.32702288943275
576,102.0,106.83126198004436
1791,76.8,61.86944413442892
3525,47.0,49.15616097854952
1658,111.0,108.30205548803264
1357,80.0,79.32955453258712
1799,81.0,77.41535196430756
2345,45.0,46.29201354146424
81,63.0,68.10010800902344
258,100.0,84.22806237995825
296,85.0,96.89397923796591
4017,64.0,64.27613516431187
1065,60.0,70.11804680947262
816,55.0,59.09485094951064
3511,69.0,62.83886700144171
1169,81.9,94.63697782209206
3116,50.0,62.029761997539495
1600,51.0,48.84119170362972
3928,75.0,80.51787688746347
2026,122.2,114.20997776405054
3581,79.0,96.66390917573815
3964,102.0,101.82723431587144
2980,62.3,76.93733101107833
2840,84.0,77.49580117474353
936,95.0,98.06059934699047
1986,61.8,75.60371450866502
1022,49.8,57.043552583700375
1285,93.0,91.56860660562266
3389,83.8,78.33645804719804
3729,69.0,66.41463296703185
658,92.0,89.30275911985979
1409,45.0,41.456509353260245
883,74.1,78.63209780153818
3392,63.0,63.16451769642114
3554,94.1,93.17172927509247
413,50.0,55.99491927087344
980,55.0,59.76960460972023
3797,85.0,85.84727224617025
3906,80.0,82.41067482388587
1545,77.0,76.94985621560276
3296,79.0,83.52085257976914
1322,71.0,70.57200862428314
835,92.5,84.04246506762827
661,90.0,101.90918545560137
1811,107.0,98.48869562005243
768,121.1,87.48899363982454
2688,78.0,77.25878727366052
2030,51.0,51.455123327336665
3321,78.5,70.38254057513066
821,55.8,70.46590725052377
153,84.0,84.1431352872704
1428,51.0,54.435162688638485
3624,57.0,62.501654949022054
1176,97.0,98.63008573056743
103,112.0,102.68765271032146
759,97.15,78.74898209718765
3397,95.0,97.50431597646252
240,81.0,90.67303856184584
1872,82.0,80.70252624649017
3765,89.0,92.60891183942684
109,75.5,69.60521355046303
3377,40.0,45.21245617850043
1756,80.0,77.77477008356485
3374,60.0,63.258765337032386
1248,59.0,60.42358524621757
1579,69.0,71.5569079928138
3403,111.0,96.84441173887981
2241,50.0,54.75287966535383
2375,90.0,93.3849403811598
3382,81.0,84.29175284449744
2502,75.5,80.91715580091572
333,46.0,51.79318464366979
2904,69.0,74.44260680255776
846,61.4,73.09017477034963
3339,69.0,67.88418819824228
1490,78.0,68.2525887837466
3420,77.0,80.09241863143109
3968,87.9,83.31709464954191
2027,63.0,64.88121247987195
3973,65.0,63.697044141368806
1949,63.0,62.644428541301636
3992,57.4,67.99912632567299
2174,86.0,96.21841530637468
1120,104.0,94.8325341087517
3031,62.0,72.10505473867352
1573,61.0,59.221798228739644
2410,97.0,98.67831809434014
1999,85.0,86.27579405800884
3531,115.0,102.19450080109775
1206,60.0,60.27344252842765
2249,62.0,60.95840815126796
3601,85.7,79.64884552382956
2156,85.0,90.85252081600704
556,111.0,85.94903054602635
2184,70.0,70.02419047884173
1099,67.0,67.3336802250892
1815,75.0,60.67298756255025
2579,88.0,87.58981609142953
1948,61.0,67.2467619192551
3340,119.0,102.66176333669361
2753,55.0,55.13530474564112
1979,67.2,67.58976100441997
3887,84.0,80.87840236046962
3344,95.0,95.74063721004299
2989,70.0,73.29024514109145
1288,89.0,87.27258630424876
756,70.5,77.48924476659906
2663,80.0,77.56938597247279
3115,74.0,76.84957980888538
3621,85.5,87.69961530080732
2890,86.5,137.81560597967749
1932,55.0,56.65966020621394
4037,72.3,67.9028924713421
1461,100.0,91.29728587543967
3704,63.0,68.77971496239948
3045,75.5,34.59289315433949
733,90.75,93.46589778425229
811,60.4,71.60239675381709
3361,69.0,72.7663044914706
4127,80.0,86.13219308686436
725,110.0,87.47957631278213
3848,78.0,72.86427500929355
1557,74.0,67.69582805631198
1657,72.0,78.17224669816409
1451,67.0,69.28801766646042
1834,55.0,62.869556450869965
2730,132.0,96.59726630744865
1669,48.0,53.419402158365145
347,76.0,64.60839902641784
1265,60.0,64.74928776193732
2736,82.0,86.84602803223618
4021,131.5,103.56341542250917
2414,83.0,79.41343129979943
3422,96.0,93.60514416089131
815,54.5,56.83429968708981
2461,101.0,82.83846972971644
1975,81.5,73.05642231781334
2362,60.0,66.72708174530769
3004,66.0,72.60503713767712
1295,63.0,65.82614678405146
179,82.0,95.17854748504843
4119,59.0,58.840530709929936
3948,87.0,82.11492467792552
791,55.0,62.99904213018755
2798,85.0,94.20332786794427
2721,89.0,92.93864202620884
1443,53.0,54.85107008562511
3912,85.0,83.84116236409513
1965,87.0,95.20690837326404
25,65.0,65.87639805170326
2406,68.0,71.76513588472278
3915,90.0,86.47660734862896
3705,86.0,85.03323026779411
174,66.0,70.95795866447628
2157,84.0,99.76706942235009
3186,80.0,82.31947053436147
332,64.0,65.23682888740707
2321,67.0,60.02107484429881
432,65.0,61.980731848879756
3750,117.0,94.9503784486129
2112,49.2,56.84765166678028
2790,72.0,69.70635002325253
