,y_test,prediction
15745,87.3,90.24833359451765
20263,60.0,64.5754565403906
14711,96.4,91.96090510213116
5822,73.0,84.80375422219504
20754,67.0,64.39208330493076
7581,53.0,37.72811002522357
4093,69.0,65.61583001002643
19743,215.0,121.69853719287204
16015,60.0,66.84488238755415
6599,76.0,78.62069262996431
13415,113.0,83.95237732520582
2598,114.0,90.17347018628374
9160,81.0,73.79872200194112
10454,82.0,88.69076414777089
14620,70.0,81.71642169103663
15729,56.1,58.08611989920581
20938,80.0,100.4638907542328
18866,94.0,88.45832233396146
19027,61.1,57.14775202440481
3643,113.0,89.22583011734855
482,90.0,89.88365208638237
5152,98.5,97.71949331871542
19614,88.0,84.61386360696147
17397,100.0,93.40218859656403
787,88.0,88.10072863240612
10747,75.0,78.60937917201164
13695,44.0,56.312243727945656
9293,59.0,65.08483248652462
13747,92.0,84.69055921377648
13344,70.0,76.92991423382372
8257,61.0,60.911430118477426
8592,70.0,70.70886077051065
1316,66.0,69.2485747146703
12693,75.0,84.18120016138738
14704,96.0,95.73849034335785
19146,82.0,86.47465783608476
10677,60.0,73.69474665667076
11160,57.0,52.52735900679883
18067,58.0,97.5665061549899
14235,72.0,72.77114706428318
6034,84.6,82.22974961892587
4149,61.0,65.94826660190617
18450,80.0,77.15920595966364
8682,71.0,75.47403287342442
5397,67.0,52.43525365127471
19797,59.9,42.35941721411004
13630,72.0,72.02800017226372
12560,78.0,80.42816875703522
2025,72.0,70.06894115898601
8292,92.0,94.28080714801973
13949,98.0,93.6472913716396
3182,108.0,99.08233310555272
16793,70.0,72.66403702192855
12541,80.0,62.77614287385444
19943,78.0,84.16268480010118
12498,72.0,85.09704655596119
9957,72.0,73.40164412805976
345,80.0,74.8021881146991
10344,92.5,80.82840937140489
20324,60.0,75.56466638726215
18253,158.0,112.2992134136689
1561,53.0,60.64067904022349
9848,68.0,67.81337130184738
4593,73.0,69.9599856782246
14266,76.0,74.91527804693106
916,70.0,74.84341004343167
17415,99.0,89.54300636250827
20554,110.0,90.59508042263616
7547,57.0,55.95260585460605
10057,90.8,81.68392224253049
12644,95.0,89.08924810227074
4587,83.0,88.33996353369196
3873,47.0,44.87755967201349
9320,120.0,108.86392307294267
5580,92.65,182.81816341674119
15919,72.0,79.20562114404692
15413,74.0,71.3326710788917
5932,89.0,88.63922740240685
17664,67.0,67.40812886835886
10614,50.0,57.40540269288812
8642,77.0,85.25575681293697
17567,103.0,94.05400581924272
17181,76.0,70.06107169182815
7300,97.0,142.84344407592272
8241,81.5,89.20858122232517
15261,46.4,41.6444628885113
14058,51.0,48.78734847450926
786,88.0,88.10072863240612
10527,70.0,94.23456337198917
17616,114.0,91.1136424056051
3728,70.0,74.23556282158782
7662,83.0,76.82501788377056
1508,104.0,90.22385381054198
18391,154.0,110.12011405548981
4044,92.2,87.16702508398839
89,55.0,64.13363352726506
13410,101.0,99.9246896470612
13017,77.0,75.47637753721267
10622,73.0,82.06036764436777
4308,64.0,68.65957364601584
1288,104.0,88.44312544445495
3170,92.0,91.56171389896826
1968,69.0,71.5653031551208
5830,74.0,67.94402978229974
16193,127.0,118.1774994229529
7365,77.8,85.589967825575
350,61.5,67.58390754095046
648,130.0,102.9109300779495
1733,73.0,79.51786842649284
5794,74.4,76.54702275083628
2002,78.0,67.7726466885614
1592,123.0,124.09838055083804
19408,45.0,33.411064238395255
8471,80.0,85.99800052274799
5977,75.0,82.18028374067498
14175,56.0,63.83085337595193
22068,68.0,73.95480494506964
17764,58.7,63.989502381176294
8650,57.0,57.954616228590965
16247,66.0,71.21632900152261
18643,77.0,81.84465009469511
11007,68.5,92.08286802401466
5889,103.0,102.51292644254733
7057,67.0,77.41060857903284
822,52.0,49.11280295462973
12419,75.0,99.62088428138884
11128,59.0,62.7277838251247
22144,49.5,61.00036122985253
4649,67.0,70.02798695581774
15607,94.0,86.04782735537819
250,86.0,70.38474662173789
14323,59.0,66.33607572121014
14275,81.0,75.62608696490938
4556,84.0,90.87610497763109
11070,53.85,65.52161121201044
10438,81.9,80.11942605149048
18993,85.0,81.29959480319329
20814,83.0,78.76403142801229
17343,64.0,88.695842691216
6870,90.0,87.40725673660174
17661,65.0,68.86614693457662
12885,72.0,71.54010160484918
13580,80.0,63.89471553225641
17779,68.0,77.98779008508833
1535,65.0,72.48918725004137
4784,85.0,93.26652488998423
10712,75.0,83.36360967997851
4348,81.3,78.38935701418598
9033,65.0,69.63711162928655
9571,69.0,68.96405785431872
4112,99.0,86.73125543417393
1604,80.0,78.16413997426739
7977,55.0,54.95013119344583
12070,100.0,95.76884140576624
18808,99.0,93.15684765753667
2942,56.0,56.07925227157807
34,90.0,78.0797285151408
16659,70.0,73.5323585679977
13651,47.0,29.16947752862211
9552,45.0,60.86386750180782
14781,112.0,92.92208023172952
3667,70.0,70.43223703266045
17326,69.0,60.563427596841336
15443,97.0,92.77145751321376
8116,89.0,83.57334121008077
19183,70.0,80.65726038135236
4318,65.0,71.76895638226424
17435,60.0,65.29765530310854
21003,100.0,99.19756623448433
18927,81.0,84.75661627972787
5804,103.0,100.79853886089444
121,65.0,68.55262095125528
2164,60.0,65.03329292614842
1375,100.0,85.84342379674624
16788,68.0,73.05591450180708
14477,72.0,84.77987649346937
13490,54.0,72.06930133357619
60,73.0,66.61200394395456
15225,91.0,84.94263705282512
21767,81.0,88.77983741684346
14675,117.0,88.75651374241909
4061,91.0,82.32379910808905
2665,67.0,69.03409699251137
20446,69.0,75.83537616582578
6188,60.0,62.37814883538013
17196,93.0,93.91392249706001
18340,61.0,67.06175608975443
15880,61.0,71.93739759030126
9238,59.5,66.54853462374464
11546,70.0,70.52431147416462
19902,67.0,70.7742212207261
1261,68.8,69.27100503064574
4336,62.0,71.34389858229437
20862,65.1,70.94730886770313
5591,78.0,82.55706503070937
11793,61.0,66.54810458512105
11534,80.0,83.48906875221508
2027,72.0,70.06894115898601
19378,78.0,129.85946984034268
4292,54.0,63.38280474795738
15848,67.5,71.19810746791111
14643,93.0,91.83063473847295
19248,43.0,51.43990889826949
12346,52.0,56.118831861912525
2187,76.0,74.11534123982565
8484,43.7,53.61359883410262
8960,130.0,105.79193381729391
17140,80.0,85.91961786766274
757,85.0,79.11340682742971
9182,53.2,52.84444110195261
11507,120.0,104.78257360905621
6914,89.5,97.46472106398744
6608,75.0,82.88792335020389
5469,65.2,69.05706939854426
17433,65.0,64.47792503235084
3618,94.0,90.03497593931223
8744,80.0,76.8569562995269
8820,78.0,82.24859894799323
15700,56.0,54.81678850593056
4094,69.0,65.61583001002643
8530,58.0,62.080206977071356
18698,54.0,60.698516353023365
5169,62.0,69.05150378112856
16512,67.0,73.63053567445309
21543,82.9,70.18755370954963
8609,74.0,75.72505577752568
11590,85.0,93.04226084637685
1473,87.0,78.91882383549884
13668,73.0,74.74423684603798
14562,65.0,70.43049850036545
4740,60.6,62.86451617047726
9907,55.0,62.70274987028594
2189,74.0,70.14483371302134
1952,52.2,51.87226142794242
21383,96.0,98.81777209429919
20221,52.0,55.13148989308323
11736,104.0,94.26292131299971
15059,64.0,65.68257948999297
4143,68.0,72.6417786447955
3498,73.0,84.84143466528033
7381,89.0,84.48980450506178
19484,88.0,86.47518188182198
13631,72.0,72.02800017226372
992,92.0,85.8747430353697
4595,73.0,69.9599856782246
8420,58.0,64.13245014255327
22353,65.0,67.64512206937832
10199,64.0,69.95207048904393
4623,61.4,70.12481197013489
19403,93.0,91.16020337200825
20580,73.0,81.26101435353698
21576,65.0,67.07579385674933
21165,56.62,47.50244886630276
10632,72.1,72.38546498241774
2736,95.0,93.00497029764779
9993,64.0,68.19697725327057
4140,68.0,74.61144595988864
4113,99.0,86.73125543417393
1215,65.0,62.10118555759004
19279,78.0,80.30191844068557
17986,103.0,91.96514398192244
8638,56.0,59.18896306863812
5163,90.1,106.09349152402297
5744,54.0,65.92093879201298
21039,104.0,82.94552096623664
7651,85.0,88.4379390573664
17536,50.0,55.94001722699224
2316,88.0,84.93545730613658
367,76.0,68.7323135844131
13797,71.4,72.01588943253006
2900,53.0,50.25672317993693
13606,78.0,62.32171681649376
8442,57.0,61.42850096086113
2889,75.0,73.65241110344633
10026,81.0,85.2147211575552
15851,66.0,52.6516741598127
7003,74.0,159.22936870541588
7449,85.0,89.88907498762154
14974,82.0,62.519626932771814
3985,62.0,62.98934898630145
17119,92.0,91.73053798164995
9083,90.0,82.88066422813776
14068,78.0,79.09257432208437
10465,75.0,88.57290824980282
6667,63.0,74.66535446714445
3480,89.0,90.30151858541927
3476,66.0,65.91811239284948
17657,116.0,101.33599023274985
17694,83.0,88.56247628337047
1698,84.0,84.48550853211239
17467,106.0,90.46128935584147
4411,63.2,66.4774847518926
1270,78.0,77.13073341377324
5272,65.0,64.06827221867348
19866,45.6,42.695670425036155
14849,99.2,92.77554885517651
17256,85.0,84.83839897126796
2874,68.0,74.09661419454065
17434,60.0,65.29765530310854
5470,68.0,74.49891136144726
20440,55.0,73.25879750445421
4049,61.75,69.95231471877617
8894,71.0,74.65951292580795
4676,54.5,50.729317345416405
6524,100.0,93.29867994538523
1780,60.0,65.92951833852152
9858,86.0,83.16257200228307
4383,119.0,104.27033187596152
16571,95.0,93.03379741521422
1204,52.0,54.700499683675275
16380,70.0,77.9053203425959
1214,65.0,62.10118555759004
5863,83.0,91.51056961112272
4335,62.0,71.34389858229437
2257,96.0,94.40475841203522
1286,77.0,77.69490028665055
19520,58.0,54.093454479086546
15463,68.0,67.2712812918152
7079,60.0,57.512637882906574
5866,58.0,64.32585903526495
11230,72.5,74.79832390362091
19870,149.0,117.67737357598963
7578,82.0,76.00609755580282
9304,60.0,63.96575454064009
5288,100.0,94.96022243318004
1481,67.0,73.255275145229
1639,55.0,59.08510747782671
21611,58.0,58.13078589644192
19253,83.0,75.77706300954833
7713,91.0,88.76279492664332
17525,75.0,85.90684961399162
5478,69.0,79.54156845469257
18568,76.0,83.26302391589334
20617,72.0,69.13147826962955
8388,70.0,65.30954031409948
18923,98.0,92.57721039198464
5999,99.0,89.77752537454597
11405,78.0,69.06755908735752
4657,61.95,70.7561752891331
9066,79.0,80.63670077028044
15294,53.0,49.469056941757145
8363,135.0,103.43421192722468
15025,92.0,85.08496154561428
7116,113.0,93.6780541703398
9976,72.7,68.95023166093699
3416,65.0,74.2182594682821
8379,88.5,86.95696015479666
20304,76.0,76.8406748635222
9281,58.0,67.41000715581742
22374,69.1,77.93053884967793
10191,63.2,74.31434734143784
1187,42.0,45.566330741772504
656,157.0,149.0799154062624
5733,95.5,99.80056829001796
15943,89.0,94.87619564144859
17534,50.0,55.94001722699224
4669,93.0,96.25277541494461
1865,73.3,74.75066092436302
1402,62.0,62.54342267462172
5773,50.0,55.20409891709056
18694,69.0,70.21618709407011
12831,85.0,76.45502880074687
15094,72.0,72.5059385996388
12085,82.0,80.71940147802263
10091,61.7,69.6181639413397
5876,74.0,78.77116710083317
14907,94.0,82.25167872715181
19753,81.0,83.05177682062373
1983,73.4,73.23620644054395
17216,91.0,78.02751176329227
6064,90.0,81.10722671125015
14436,65.0,59.15465754847847
13043,70.0,79.50291816800683
7148,80.0,81.58032068605732
2689,53.0,60.57340915234528
3034,90.0,88.69532277536649
5575,92.65,182.81816341674119
4802,69.8,75.70866302053818
20912,99.0,103.64540670634159
7047,82.0,85.57564103455681
20656,47.0,53.7285051069407
9685,86.5,82.19068757692025
5612,62.0,77.84338081873517
2939,103.0,99.2686399716045
587,116.0,106.98676939111556
19536,49.0,53.41905621216384
12949,85.0,136.96351390438633
7172,48.0,21.165526562919155
13313,63.0,70.09471815443274
10988,63.0,58.67634262903215
13180,133.0,123.18378321713084
11509,77.0,76.21147342039907
15755,95.0,100.14913480167797
8963,95.0,90.72486460817737
9400,123.0,108.41604945695224
7358,112.0,93.80912723374433
1666,103.0,91.05252332295692
14699,96.0,88.25853456862092
11261,57.0,63.04905554829341
16506,74.0,77.59669629018461
14360,74.0,81.52131320709432
17432,65.0,64.47792503235084
17825,82.0,87.14323217417524
8636,69.0,71.7681755648255
15143,85.0,93.74980915031733
21494,81.8,72.31437352057628
3764,90.0,152.18762824064942
12520,104.0,91.16715274840533
13650,78.0,77.17135520707592
13865,43.0,40.763459508832796
2314,88.0,84.93545730613658
11529,65.0,74.43350346332176
19415,74.0,76.62994847882487
9861,50.0,52.19872296965434
14905,46.0,48.423668169964714
17002,65.0,63.54100502357957
8598,81.0,86.4431578233567
10040,85.0,89.75815568755212
15879,61.0,71.93739759030126
1033,63.0,63.88411037685353
16500,67.0,62.17177128636584
21654,60.0,58.72102963210975
22345,83.0,84.21526291878513
4688,58.0,60.751337941680646
19317,86.5,74.3538840253527
6100,65.0,73.38806046411798
18517,66.0,63.43692530302633
15613,70.45,74.82136157559472
7176,82.0,87.65412392899026
13917,104.0,101.10978094250322
13653,47.0,29.16947752862211
13754,128.0,106.70666026393263
20031,60.0,65.85232589865328
12575,61.0,66.83597386924993
5200,89.1,85.02828466263202
4777,81.0,85.79414620812977
19447,76.0,77.82709928377813
9169,50.0,46.48326075608853
21750,73.4,82.93643766451524
4786,64.0,73.97174778637628
20937,80.0,100.4638907542328
10637,76.0,81.18181186888577
15403,74.0,72.13704376227687
10856,73.5,85.09560858167066
19076,83.0,84.77786467105591
19798,59.9,42.35941721411004
936,75.0,76.5322587985466
20947,81.0,77.97269741799195
21261,80.0,85.83418503092122
1665,103.0,91.05252332295692
6493,60.0,69.80685667959375
6089,83.0,81.07956991363977
1053,101.0,90.06581450763667
4871,67.0,63.63426781854906
8106,114.0,91.70773344214462
20455,54.0,47.79607376283744
15164,68.0,64.8299686777128
17125,90.0,92.94003378633778
8163,66.0,62.551901603202424
17437,60.0,65.29765530310854
19832,98.0,96.2587667533063
2719,63.0,67.36321918757093
22298,44.0,11.937744270155179
5070,126.4,111.52895941508785
10548,140.0,103.07403007363484
2154,63.0,61.13265111394705
15609,64.0,55.97698850848937
19955,114.0,101.92077016449412
21190,65.0,61.46652300983172
11431,77.0,111.4515424032827
486,73.0,81.72913951998075
16148,61.4,68.53862828384851
12395,91.0,98.56572315412598
15830,50.3,54.538518930097354
2808,75.0,77.29595588931932
4261,84.0,93.4735986812592
15762,98.6,86.63498552914041
10569,76.0,75.28817783528893
1726,96.0,89.99664784590829
2134,72.0,70.06582470978782
18161,105.0,85.48295937536543
5533,88.3,94.26081070610365
4753,79.5,87.47941228268402
17947,70.0,66.24175459372373
1649,88.1,77.60127220503873
12934,68.0,71.11015804525582
506,85.0,86.59913097577905
11147,59.0,64.46063988623328
19167,113.0,80.01555932974483
106,61.0,62.10337154506752
8335,55.0,60.23152359041072
2854,61.0,59.1650130934955
19996,52.0,61.95709132379031
16961,60.0,63.14678346694669
10827,89.0,88.51917428145896
1032,63.0,63.88411037685353
11285,61.3,71.47164545330713
3896,61.0,67.42620335365208
18888,78.0,86.29411301675691
19278,75.0,81.59958143468168
16626,62.0,65.18673772882613
22002,45.8,42.131011894048584
6616,119.0,111.10939978800832
17059,84.0,102.88811037243528
17130,89.0,86.36087679095442
19394,83.2,82.84703231712552
10274,105.0,96.3393695722836
13578,80.0,63.89471553225641
19651,98.0,98.52789205552006
16009,110.0,98.4006198337758
17369,93.0,93.421248734659
11186,46.7,60.57249465630241
9992,64.0,68.19697725327057
12058,50.0,55.40010078917092
8690,87.0,86.55497729049802
11394,104.0,95.69753839720892
16107,66.7,72.43480772349824
14420,80.0,79.15311243826449
20498,51.0,44.921551416550784
411,57.0,64.63837289933596
13971,71.5,72.73441421292904
20687,82.0,89.44929146702634
12578,50.0,56.61142446245378
3071,75.0,81.78223866507795
286,80.0,82.04503526127843
6764,63.0,70.73111145544317
9168,59.0,62.61136933047385
5218,84.5,78.18198294909797
17325,69.0,60.563427596841336
1209,60.0,66.13028237063506
2323,62.0,63.43011775644493
19117,71.0,72.64407356673686
1783,69.0,73.25747220534262
11470,76.0,78.40495166507543
10703,93.0,101.49223918604008
16289,116.0,95.12239458083843
1047,92.0,91.11458175333684
7351,80.0,80.43114445187118
1466,58.0,60.63741937540195
14792,54.0,68.25125466221093
15348,88.64,84.76259561513072
13731,77.0,74.4910732162389
8170,69.0,72.02565904860072
8499,80.0,79.83363916487272
3641,71.0,73.9569655467605
15811,75.0,83.38859149356753
14650,101.0,94.73375340037478
5769,79.0,69.78935229332998
3898,75.0,78.03052548836976
2132,50.0,51.974901389011706
9075,78.0,85.42150925531507
9629,90.0,93.22737148159268
21080,75.0,80.5237846415184
6050,85.0,78.74879128653609
5105,83.7,81.03379495268342
4360,65.0,67.77089420698573
19327,73.0,74.50991107324359
736,55.0,64.24880990000176
6531,82.0,81.64932451572693
6576,75.0,79.55322154559332
15600,70.4,75.56936812463022
7147,80.0,81.58032068605732
13249,80.0,78.75799399059369
13257,101.0,85.07283652262885
17218,69.0,73.17859663635045
16966,101.0,93.923888150766
4006,110.0,89.26594815759631
3133,72.9,72.44498322337009
21453,87.0,80.88600991565195
12073,78.0,70.40444815122643
6761,118.0,102.81272961662125
8469,80.0,85.99800052274799
8542,81.0,75.6544502766107
1851,65.0,63.28174017719974
13438,128.0,111.26087941959355
1797,65.0,69.16737012295428
10554,68.0,82.62131020590076
2909,69.2,48.651007285520905
7923,71.5,83.79025365205223
19906,61.0,55.4142183930758
1075,93.0,95.85830257217452
21384,96.0,98.81777209429919
10911,61.8,66.26289910482825
9051,72.0,80.61282754581339
14720,121.0,95.17220453727748
984,61.0,67.4902823738864
17332,36.0,43.14757846125269
3856,85.8,84.15423161917596
7813,99.7,88.93242036805049
9505,72.6,76.10366986646011
22024,83.0,89.93644062560202
3990,76.0,73.37525388200015
10559,68.8,71.42909553772066
17508,65.0,70.79650003083759
19598,134.0,108.63059279728736
14151,44.0,45.505136078629846
21328,59.0,63.50549959212165
19745,94.0,95.00337719762388
1208,60.0,66.13028237063506
8371,79.0,80.63901301555936
2017,82.0,74.78837996706034
15710,31.35,28.145040092349774
3002,99.0,79.89368572210503
12729,72.0,75.13480884041667
8726,89.0,90.08417268636111
2434,88.0,83.34813119208721
7749,47.0,55.39141388749448
18549,65.0,71.95865579214268
15575,65.0,67.67591974470534
4869,73.5,76.72411734160224
16690,66.0,67.84187483847745
17593,76.0,82.56293910806224
5232,65.0,69.57012139011721
16126,65.0,79.66418963785148
20085,64.0,64.51204116963882
9440,85.0,87.26803646258978
3104,102.0,102.50734145369205
11275,65.0,60.434712351617065
2282,70.0,80.2273445580856
15602,63.0,59.97280029510907
7369,90.0,92.72765714305456
18327,45.0,49.554704354321814
18653,95.0,94.07012274048162
20359,120.0,103.89628595057764
1877,102.0,91.27797001506775
14029,52.0,60.37618817144815
4177,59.0,65.54737356132586
2642,56.0,62.69477342947329
17953,80.0,89.02311182899888
4600,66.4,71.95178198858068
13664,67.0,68.48373252719787
12743,57.0,63.26203832378445
505,85.0,86.59913097577905
19148,52.0,58.43614357808124
9710,80.0,78.80085823130261
10923,62.6,59.08983029817864
8573,75.0,76.82094482283875
16207,68.0,73.66653844110735
11954,65.0,119.89019157865891
6996,107.0,93.23027444811657
10392,70.0,76.11037987840234
3333,95.0,90.25072516526342
6351,74.0,83.52800141317806
17020,63.0,64.62711329419673
7638,81.0,86.68760868609903
7942,65.0,75.77565913941709
1630,55.0,59.08510747782671
4302,174.0,114.3587115444825
21278,85.0,86.73142849795789
2064,86.0,83.0037538325206
1809,76.0,69.5536381236326
19232,78.0,75.84032796338104
825,84.0,85.11026715640679
10414,73.0,70.0610378674692
678,62.0,63.17275730314023
3534,52.0,60.489471318117154
22368,73.0,80.97068500573482
11140,72.6,78.75227279651693
12976,83.0,82.45211838140571
2215,65.0,58.86715171552825
6086,107.0,90.16996621301945
16188,70.0,77.56763376349843
12622,91.0,73.96909649669703
3581,86.0,89.89961457597406
1858,80.0,97.70884379325639
4620,55.0,61.44285968533009
21283,76.0,81.77241697010322
18131,83.0,86.48453851904594
14776,70.0,75.08871046638481
14626,79.0,84.64069592706525
22181,57.7,60.749709576690464
1799,116.0,107.51299055085713
15417,72.0,81.79317751879222
13019,77.0,75.47637753721267
21697,67.2,75.13755643503586
16216,62.6,67.00802910701029
1801,116.0,107.51299055085713
16115,88.0,91.12127905513444
2619,75.0,81.12955265944456
6923,112.0,101.35796398960213
5042,66.4,78.80757823434413
18323,57.0,62.2936718642043
14055,98.0,94.36748088937912
1162,60.0,59.75985764367684
13197,78.0,78.12500700630449
1325,65.6,63.54290798391423
18416,133.0,111.79080559705619
21228,53.0,52.85914287557384
2318,74.0,80.83207485932073
12328,64.0,67.75852849000444
5130,95.0,96.91331154192636
2944,84.0,93.05269506309719
4431,82.4,69.74506699410202
4433,60.4,73.65554187645122
10319,78.0,86.94642966778807
1835,170.0,75.73055409437126
15111,50.0,61.18658916081188
1200,69.0,73.40943049961405
20699,68.0,55.1064105829042
21005,47.0,41.578677847295324
15305,90.0,84.58842827753375
21345,60.3,68.22059778991144
1085,100.0,167.4851472258208
13153,80.0,81.37174459629625
11220,65.0,61.26815000274016
5001,59.0,67.57740943728217
20372,117.0,99.03885441230017
5387,77.3,82.01384969818761
18671,88.0,87.81183325398484
5067,63.0,74.8360252920896
8867,58.0,66.8015500164937
19260,115.0,99.28032102050776
5712,63.1,70.62534075472195
14780,112.0,92.92208023172952
21265,72.0,82.43197253851596
2732,74.0,69.88318805175814
5979,90.0,91.80596260670535
21901,68.7,75.1974400239504
17608,103.0,86.21313995656325
13887,81.0,86.5097159156717
19178,72.0,62.96657157757414
14019,81.0,82.59248665973902
10785,89.0,89.74313627461112
10782,52.0,51.32001374743592
17936,84.0,77.8707796381504
21379,93.5,90.43598611456582
7998,95.0,96.4736105248503
10662,77.35,82.66358566985554
3184,50.0,40.12113097251262
10398,61.0,61.36939512736643
6166,69.0,76.03696135335767
297,75.0,72.42340243370862
20720,110.0,81.40241732719375
8964,95.0,90.72486460817737
12649,92.0,87.66315857298474
6342,75.0,69.8721994410765
20274,111.0,84.24316510012977
8929,124.0,110.97094961123491
14500,88.0,82.65550867971166
19377,78.0,129.85946984034268
986,61.0,67.4902823738864
10576,50.0,47.83104200834012
19855,80.0,72.84169774457865
15166,96.6,92.43972166650286
7503,56.0,59.435075385963415
14117,63.0,69.67170197620865
15847,67.5,71.19810746791111
68,129.0,98.5565056879642
20460,116.0,98.82993557161808
11036,95.0,91.68740028604975
7121,84.0,81.26564256879075
1716,64.2,64.68046501439505
16597,51.0,48.69720513679627
136,70.0,80.85057938301625
7471,110.0,98.25039407765576
11040,81.0,86.38622085108838
8961,130.0,105.79193381729391
16252,77.3,87.52002077848144
13628,66.0,74.29272449260992
2838,73.0,80.53511223097917
13247,72.0,74.06156923996221
3557,85.0,88.55415746117637
4477,66.0,57.71057411648212
8222,145.0,113.03408386149408
15318,55.0,55.084613893075044
11277,125.5,109.58831003973074
9617,115.2,82.66223125951441
21998,91.0,84.41020661219892
7010,70.0,70.00470201595815
18132,83.0,86.48453851904594
9111,70.0,59.02160935418513
14667,93.8,84.10235584075386
19712,91.0,88.49231109306356
4146,62.0,69.47851986141083
394,63.0,72.02951475458963
21303,82.0,83.09690816824974
3610,92.0,92.31097115807097
16229,62.0,61.49149853096557
14644,93.0,91.83063473847295
19368,65.0,70.92985481646025
10107,89.0,82.77963737269513
2845,60.0,61.80964396600214
5230,100.0,116.81853312463682
6361,85.0,82.6417072637955
689,107.0,90.92075058252493
15240,108.0,86.2257783141273
14121,60.0,64.43059495820194
4406,98.0,89.45257231785075
21805,62.5,74.19648322061994
13559,100.0,98.90684763713858
18716,94.0,91.41432621523893
10460,82.0,92.23153035039246
18641,77.0,81.84465009469511
1832,170.0,75.73055409437126
6287,45.0,52.993631648360775
7950,92.0,88.88988228669683
19332,84.8,87.63065516512154
18623,57.0,54.47533198958405
12450,45.0,47.82143570743099
17383,53.0,50.368346987995665
7036,56.0,56.13979925953848
108,86.0,87.59104265127604
13396,57.0,59.575347083182635
7411,95.0,91.65854436914441
14111,74.0,73.79064698221586
17431,65.0,64.47792503235084
4255,63.0,68.78118865582783
17710,85.0,85.18597247798314
5418,91.5,79.27392164932473
20981,57.8,66.14025395742189
20946,81.0,77.97269741799195
7493,56.0,62.18525775734835
4672,90.0,92.84546675835043
475,90.0,89.88365208638237
14163,80.0,90.85364715632693
9279,99.0,99.50544502221175
11174,101.0,87.46582745512424
12685,60.0,66.69862281784773
9735,62.0,64.57870152672785
19397,85.3,87.46594755674991
5483,71.0,76.01820702455024
4339,55.0,61.24738165741303
11892,59.0,61.941568271271365
19956,84.0,81.30254351070963
18160,105.0,85.48295937536543
6364,69.0,77.13035505075084
521,84.0,77.5051132941351
19516,63.0,58.695265206074424
4168,97.15,82.95825250314707
19088,45.0,52.89081339580625
3551,60.0,75.1031937917015
15909,69.0,71.87149163022903
3172,81.0,75.59796237507288
17902,84.0,87.25562429975355
11383,88.6,88.19569950680534
13177,93.0,75.33458509067316
19321,55.0,54.80440810265338
12516,102.0,102.35292414950925
22339,73.0,74.54009558548839
6266,88.0,89.49538101519221
8889,53.0,56.8567571201589
6771,72.0,73.13867058319539
9969,78.0,74.8737674568738
11209,82.5,82.70342303658043
16375,66.0,68.78587049523259
21177,64.2,61.76168031946435
13856,65.0,74.28213298068235
11778,82.0,71.25768696396861
5821,73.0,84.80375422219504
8600,81.0,86.4431578233567
5870,74.0,71.19139564032653
14612,85.0,103.04885234255005
3176,95.0,142.70757444611598
11988,64.0,68.4712453220898
6548,77.0,84.67764914450689
12556,86.0,82.41944210154043
4269,84.0,86.48357462706983
1248,95.0,92.91300729412052
2862,87.0,90.98452855885813
22136,62.0,58.041088244635915
21615,56.0,58.60971423936013
13855,65.0,74.28213298068235
7499,56.0,62.85604034130168
22367,73.0,80.97068500573482
10586,80.0,74.18109962163058
1138,79.0,68.03834567859198
4532,70.0,76.2070028299982
19284,61.0,63.81587319668509
9731,71.0,87.80293290614247
4573,80.0,81.31979193164881
19837,86.0,84.30852199161592
997,84.0,68.29040553946174
9231,72.0,76.21025217724875
17813,86.0,85.95205119696612
14112,74.0,73.79064698221586
18186,119.0,102.78888720936857
21258,80.0,74.27026040867088
17897,79.0,84.79182407334247
19692,79.0,84.66020935031906
17618,72.0,74.56873852001411
13621,70.0,90.96594844690037
7258,78.0,82.63589537750445
13439,128.0,111.26087941959355
174,90.0,94.83890509371133
22189,68.0,70.52145234588602
2870,87.0,93.71783811945306
3256,70.0,77.35728433898814
20340,72.0,61.614420761438254
1695,93.0,92.51859619979632
6929,112.0,101.35796398960213
4948,38.2,42.737928210584215
4733,60.8,63.77555526978324
15286,90.0,82.33099891364978
21083,74.0,82.32823753757538
16753,79.8,78.6400496601062
16224,59.95,67.50909625959292
8782,80.0,77.56391176396261
717,71.0,79.36983686445461
3179,108.0,163.92352035078477
18793,74.0,72.17006431172973
2158,48.0,55.034350572040296
21118,80.0,76.6702293926374
1693,83.0,75.12745122186047
7297,103.0,100.06443088425141
3596,80.0,89.44311600721147
5274,54.7,53.56374200566714
21358,75.0,76.83605911820908
19959,84.0,81.30254351070963
52,85.0,82.78562769413935
430,68.0,92.26521434198668
16286,82.0,89.2934602003819
859,86.0,88.1087272445734
19757,146.0,111.29055315418975
2380,102.0,99.4322847132749
19834,100.0,81.19426730582015
977,105.0,100.18699017393828
4815,74.1,81.25833964781887
15670,96.2,96.72761698643575
12405,63.0,68.00805104665292
22293,83.8,85.94469196382443
12345,87.0,84.92196152905325
21334,60.0,69.34697082754082
17026,60.0,62.03301676881563
6084,84.0,89.59719471014773
7042,80.0,83.44774273730107
17271,61.0,70.07056898061123
20479,67.0,69.01696979103713
12035,84.0,88.16400010046459
2430,100.0,86.42911416160504
1682,73.0,78.15971382093974
6514,78.6,73.52042596909433
9120,74.0,74.78726017937083
10368,70.0,65.92612104491522
22283,66.7,60.774283461140186
12423,75.0,79.9316571180641
12594,77.0,93.17463385951584
2432,88.0,83.34813119208721
5063,78.0,81.44029421375114
1115,45.0,51.538192173952126
3295,93.0,91.8566700565184
246,87.0,83.16727185448141
10078,101.0,93.79175684038648
15509,100.0,103.20628461522892
5770,79.0,69.78935229332998
21181,93.0,82.03439124643202
844,58.0,63.21648617252961
3372,63.0,67.30794867380325
21502,99.0,80.19046625688208
21768,70.8,83.7709023980045
13772,77.0,94.51087026780601
10228,61.0,64.10274591683589
18726,79.0,81.02435639847647
11226,72.5,74.79832390362091
21262,80.0,85.83418503092122
16074,53.3,54.71536659820376
5519,48.7,52.23445541935709
7497,65.0,64.3151844881904
2793,69.0,71.29591470901221
2668,85.0,93.6698455150497
5557,80.0,86.44707353705448
21143,54.0,66.45178588580185
15897,75.3,70.85658989921271
6985,72.0,94.90767862899571
14119,92.0,85.56374071526082
1201,69.0,73.40943049961405
16235,104.0,106.5254018649942
15759,91.0,94.31464709355953
18136,44.0,50.75233016544718
14115,86.0,84.02178411487105
10932,66.2,72.77545869863624
12859,83.0,76.1568159420479
8463,55.0,63.95067641668342
4775,75.0,84.8050640766896
16199,66.0,72.41833157806892
2050,128.0,121.47800574437599
12209,73.0,80.34387969274161
13904,46.0,47.73001025666832
6526,100.0,93.29867994538523
15101,99.0,113.89866668663461
12164,75.0,71.23256490822851
21212,75.0,83.632039738038
5160,59.0,54.35077390985364
10555,61.0,63.93622135047329
13004,84.0,82.97512330486097
6285,58.0,59.74843829664647
17867,82.0,85.14975158773453
22202,100.0,105.26864734611956
19287,81.8,93.37737525622646
939,66.0,67.52307426429357
190,75.0,82.81864701354766
15379,53.0,52.90262829053455
8358,142.0,120.39630727115292
17393,93.0,92.89625717726562
15020,83.0,84.7811054586868
18799,120.0,102.27132482732173
13089,73.0,75.6407405077174
11304,89.0,84.89948372671239
11327,63.9,75.14117516574152
17735,105.0,100.60783925389154
20641,55.0,57.07953978966549
4914,85.9,92.31072466108242
9370,61.0,68.81530156892723
6732,76.0,70.79046562501799
20265,72.0,72.52894754475295
11653,90.0,86.78452146097146
10198,64.0,69.95207048904393
5295,72.0,77.95315027656886
8059,65.0,70.54822979928824
8747,101.0,76.00222175868578
19288,81.8,93.37737525622646
1412,88.0,87.48498783613215
10574,63.0,62.96170749591707
22204,62.0,68.1675405565824
21897,72.3,64.78940204383215
21979,59.1,66.58927216017526
9123,59.0,69.41319519283522
14353,70.0,70.57628716479036
15856,104.0,109.12067428719104
18185,119.0,102.78888720936857
21709,93.0,91.02136499900581
14451,84.0,87.71403672104623
19261,115.0,99.28032102050776
12951,85.0,136.96351390438633
1617,78.0,80.44432629940704
5797,97.5,92.32246492631725
11061,83.0,86.6815265050684
9114,60.0,69.26871638841524
14422,95.0,94.37699393092004
17552,67.0,64.90432443309533
5780,147.2,103.05753420832366
8933,68.0,68.9869261770207
22132,82.0,85.23633543903253
8008,75.0,80.71624746897453
12071,100.0,95.76884140576624
18223,95.0,96.94471510123128
12555,86.0,82.41944210154043
1078,114.0,102.89720093683883
1401,72.6,78.74051026291386
9908,55.2,63.66568323346664
11607,80.0,85.2667538000234
1759,85.0,78.34584252992971
15151,97.0,81.54797341955336
1811,95.0,94.17335858931642
3131,72.9,72.44498322337009
15491,49.9,55.47655548666515
7786,73.0,75.98874856884197
99,73.0,75.21879343890876
10868,91.2,90.82368908678097
10966,80.0,85.44896743165046
11340,57.0,88.78940494379242
5786,60.0,69.19278205765517
9407,72.0,74.9764917625613
15760,91.0,94.31464709355953
13587,57.0,50.187525335173575
12737,62.0,63.93640682898163
19430,70.0,72.59499215474582
5983,78.0,75.77645779521592
12161,75.0,62.75110890124972
18675,74.0,73.7363229954353
8193,75.0,82.90048142717364
7110,107.0,98.01448497275652
17220,93.0,90.82625044993256
9670,58.0,57.21613427103165
21352,90.0,80.06226098290671
18392,154.0,110.12011405548981
22090,67.0,71.95274177566253
11819,68.0,73.15956251972918
923,72.0,58.03717614986667
1344,99.6,90.91959605296847
15736,107.6,93.42541281902976
22366,103.0,103.11676388782433
1520,90.1,83.46531195893868
17148,70.0,119.54980581439156
9235,61.0,69.93826116113033
10105,89.0,82.77963737269513
10685,46.0,47.47364223529735
12180,95.0,83.962476640414
10604,85.0,77.36490003590717
14853,98.0,89.25352945912482
9625,68.0,56.917429685397536
16398,63.0,65.22528221567322
2601,81.0,76.60238696568726
10371,70.0,65.92612104491522
13907,69.0,68.55162835379528
5403,65.5,71.79200456117172
238,61.0,49.61283811733796
11766,61.0,63.133467033688135
7980,70.0,71.76943023736013
13579,80.0,63.89471553225641
13809,68.0,65.9198232043594
22355,80.0,88.58685637039804
11274,65.0,60.434712351617065
20370,136.0,105.08565036871619
21675,56.0,56.75948399695295
20033,60.0,65.85232589865328
19456,75.0,72.39325171427333
14862,78.0,77.38854879772015
21751,73.4,82.93643766451524
8568,145.0,202.25149027625753
2844,60.0,61.80964396600214
18309,69.0,68.53818086845291
18388,98.0,94.79105571824556
19276,75.0,81.59958143468168
17777,133.0,96.54050042509994
18456,64.0,54.97986886877001
1927,77.0,74.98664001276418
16479,99.0,96.2288359697352
16357,63.0,73.29838457145203
18393,154.0,110.12011405548981
12230,70.0,79.11629292788544
7293,72.0,73.81526487072477
3168,92.0,91.56171389896826
3374,58.0,70.74601438210325
4602,66.4,71.95178198858068
19776,91.0,92.98837924313835
9901,46.0,46.28815997738363
17640,82.0,95.39839611800909
16477,57.0,63.13622592778901
974,82.0,100.90731382452668
4986,59.4,64.49172716276732
4404,98.0,89.45257231785075
2152,115.0,131.33082074958236
19137,93.0,93.99593775113044
172,56.0,48.56420630628699
7797,91.0,86.60944846943869
17190,64.0,68.93285009842265
15861,67.0,72.2743665805277
19780,66.0,81.61792756461142
4246,65.0,69.22357254760402
2777,99.0,95.39710812389984
16256,90.0,84.89088967933179
2564,75.0,73.47787343700205
