,y_test,prediction
953,89.1,89.1095014427376
3178,71.0,72.35376281693725
2088,65.0,64.60656089502764
1216,76.0,75.76741951171596
2562,94.0,94.40027430912531
722,87.0,89.93817239343218
1117,82.0,82.33454685549145
3583,88.0,90.03363967360283
212,78.0,77.44152901126641
3541,79.0,78.4925360796366
197,87.0,87.3781752018015
2903,90.0,91.36377920496562
185,84.0,83.26973930745235
873,75.0,73.86007153653426
3657,86.0,86.32742177655763
3217,110.0,108.65256379630586
71,82.0,81.9275715200707
1068,103.0,102.649104311151
309,115.0,113.86490338077539
1996,89.0,89.65069307148134
167,70.0,70.05278238037953
412,80.0,80.25429492824156
1599,62.0,62.14017919456762
315,55.5,55.32579188985859
1088,82.0,81.46191744267094
1628,70.0,69.53490850817136
1539,75.0,77.24775297207792
3125,68.0,67.72009996236635
982,78.45,77.75881402201315
1759,80.0,80.6322629005482
2887,94.0,94.2024540861033
1075,73.0,72.80000035263156
3672,90.0,90.64128191049758
1944,61.0,60.32372112002054
3409,75.0,74.5946417553505
3883,55.0,54.45237946123436
1870,77.0,77.91535631189616
1516,83.0,83.04837326347344
2673,76.0,77.99557909251992
3639,146.0,143.57475976878112
1328,104.0,102.21802702947875
557,82.0,81.40910782188459
669,51.9,51.98281913884925
1468,78.0,77.79656045970981
1351,170.0,52.56261506933397
180,105.0,103.34543967510623
1696,59.5,58.317552351281236
4120,132.1,130.15922540230156
416,115.0,114.7568376202268
2240,77.0,78.06261477181683
842,66.4,66.70754877246354
326,73.0,72.55703606140452
440,74.0,73.9917188125907
1504,81.5,81.20725072458588
3937,75.0,74.27799290613129
1487,125.0,122.33632245716001
2193,70.0,69.70390787647801
1038,82.0,82.84825057681749
1061,147.2,147.72162762204172
497,130.0,127.6683023487742
2999,76.0,75.56744255323437
206,45.0,44.49175971826385
1753,71.0,71.35631054919283
748,63.0,62.795544810307746
1645,75.0,75.16247998056039
2761,70.0,69.55212710031017
3686,65.0,65.06863501159553
3398,59.0,58.52225840198659
8,100.0,99.93997726232493
2664,87.0,86.91294755466365
2126,88.0,86.999607683022
2874,89.0,88.5341615616986
3309,103.0,102.9136713128168
150,136.0,133.899864237883
110,116.0,117.95382070164516
3184,93.0,92.03474199044187
319,94.0,94.91001784499687
33,75.0,74.39697125480873
2152,83.0,82.85978803009071
3110,83.0,83.32748326811868
609,73.0,73.90881956024666
97,85.0,84.45165659801168
2738,100.0,99.47552662494172
2031,67.0,66.9640472920142
3465,104.0,102.15771124400561
802,72.0,71.60036690888188
4019,77.1,78.0027432322337
4118,85.9,84.42608841126562
1607,84.0,83.51397939541971
2139,174.0,57.77074437775069
17,54.0,53.66465380268859
2105,98.0,96.11776242853466
3307,50.0,49.00030382891606
1010,81.0,84.3515283213315
239,78.0,80.1199432615055
2033,118.0,117.12128990688473
3091,92.0,91.2808669517319
3998,120.0,116.31199141693341
297,79.6,82.06484770344271
513,60.0,59.025709941231455
4060,68.0,67.86378033807097
473,70.0,71.2966351847986
3796,73.0,73.3186583698886
2714,94.0,93.78940639009076
70,114.0,112.17983786324945
2296,61.0,62.19109969206933
1881,60.0,58.34480197591947
2310,75.0,75.47219954540047
3560,78.0,78.89868729513805
1210,68.0,67.86430765602746
2338,61.0,60.58369990698952
2214,76.0,75.90025789770658
1142,63.0,62.5078314690673
2303,125.0,124.3092547839139
3882,92.0,94.04811239962635
1777,92.0,92.2595538090726
2889,70.45,72.4333720116627
503,54.0,52.83823001845782
2259,75.0,78.65394092916483
1431,75.0,74.950449579766
4041,57.0,56.61614299999458
1899,55.0,56.98398800041804
271,56.0,56.195531965921745
737,95.0,95.18042055637744
151,69.0,69.65922746732207
1059,50.0,48.7861418023613
230,74.0,73.33257820746311
1621,61.0,60.49809095796304
1226,68.0,68.23630659194384
2050,60.6,59.83206350312773
2440,57.0,55.665850578086534
2042,77.2,77.60781110757475
434,70.0,70.12408225124037
2492,58.0,58.462538183524
1262,74.0,74.32196799597806
2831,81.4,82.59090217122159
14,70.0,71.220272850347
2451,80.0,79.89341477682163
3877,68.0,68.52259756476607
367,79.0,78.24670983068724
1363,76.0,75.67497152756364
3607,100.0,101.79528564394494
1026,71.0,73.17183657777544
2644,60.0,59.676451499026484
3629,78.0,78.51981973705607
1168,69.4,69.96436546656832
1413,84.0,85.52836349688799
1424,73.0,73.39908294930655
2408,88.0,88.18901724280613
3238,71.0,71.54322542728275
1617,88.0,88.85647676404898
1823,62.3,63.15288608161822
2234,62.0,63.423355408894366
467,88.0,88.30517678661609
1961,73.0,72.15202497429053
1178,60.3,59.97087507107966
3198,69.0,69.50978284074817
3199,67.0,66.84010259902519
1045,63.1,62.60574228596002
1886,64.1,63.62539017416047
570,75.0,75.11407435344677
299,58.0,57.00717306994747
3673,67.0,67.78212740341158
1198,53.0,53.76941282146339
2486,101.0,99.32602404306499
372,94.0,93.8019095046107
952,69.0,70.68016719520568
2779,91.0,90.57077075700131
2877,93.0,92.80167465686077
316,82.0,81.89373580590087
133,54.0,54.33454502315699
1576,45.0,42.6898047170765
724,85.7,88.7824674906806
1033,62.3,62.88002090752576
2878,65.0,64.55308300408326
2983,65.0,64.86617876936853
646,60.0,59.11727069186894
2352,54.0,52.455803725540164
3496,83.0,83.32406248809174
3258,116.0,115.89398614080667
2526,72.0,75.429980001408
2894,65.1,64.92021015523545
2496,80.0,79.69187729145364
2706,93.8,93.6856252494873
807,67.0,66.8139504568868
2473,69.0,69.61213004340809
2780,99.0,100.78089646511592
2374,57.0,56.7036411044061
2467,56.0,60.2742121401069
1048,60.0,58.97042051790872
4112,96.0,96.12446849797277
1072,85.0,83.97489525535917
3284,86.0,86.64955628591386
3994,70.0,70.6332888826956
2466,83.0,82.3552299296482
3826,33.0,32.20189790096701
1666,90.0,92.81515836600491
3240,67.0,68.075684285355
4109,102.0,103.28636718620527
2235,51.0,52.64876642890303
2669,65.0,64.87450980805306
941,84.0,82.45335601429724
32,65.0,65.00518112179444
2328,85.0,85.78558367682679
1337,58.0,58.22202234822183
3250,103.0,102.86358250093818
1981,91.4,91.71088190195786
2298,48.0,47.2902693408861
2282,85.0,85.42977668281645
2606,101.0,100.99734668210502
2290,65.0,64.84427203881896
3695,84.0,83.90185936293642
2583,71.5,71.5018437624581
1622,55.0,54.02910973136288
994,69.0,68.78989692180956
4110,81.0,81.39868685272107
822,58.6,58.16336733857317
1398,57.0,56.914804980257415
310,55.0,54.015432249582545
3270,85.0,85.53169727534154
331,52.0,51.44389305679887
1036,84.5,85.26692881609584
686,90.0,90.07461044816483
536,87.0,86.76263317043939
1879,53.0,51.77156360851569
1213,100.0,98.86430646227336
1792,127.0,129.48957712833123
2615,77.0,77.68542754413326
1552,43.7,42.47983658133059
2735,80.0,80.17811674617798
2115,92.0,91.0042618463151
4044,76.4,76.30691926957479
3175,67.0,67.39135814584162
3111,65.0,64.53442914753172
1306,61.0,60.78150923842024
3913,89.0,87.65484841616718
3191,61.0,60.71341011047534
1634,51.0,50.46396718382309
1874,64.0,63.55960008927306
4010,81.0,79.92493870463755
1139,64.0,63.95863527955612
3187,81.0,82.73958067656221
794,65.0,64.5997903749245
1521,79.0,79.63410606816954
709,88.0,87.41058431320356
2489,82.0,82.1146629490999
1882,95.9,94.65156018581857
2639,65.0,65.23628434632442
1852,55.3,55.84428927370817
1593,79.0,79.4768786528671
598,70.0,69.99346463756419
45,65.0,66.36694034519874
4026,71.0,71.4372934371402
2746,57.0,56.57864763441759
3738,76.0,76.08321359030079
43,69.2,69.84350166423653
602,80.0,80.77858175085025
1219,83.0,83.36550404997041
1270,44.0,42.607946652636514
2923,75.0,74.87305113326683
2822,90.0,91.09324733435133
492,96.0,96.98238945017286
4117,70.0,70.11609334262751
404,50.0,48.99826135713462
252,92.3,91.70705718539136
2429,69.0,69.47317456561944
3375,98.0,96.98747292991831
1228,76.0,76.03544808255195
1369,75.0,75.20768878939396
680,70.0,69.89842745547224
2437,99.0,99.3861235125296
1558,87.0,87.02069427923043
4137,45.9,45.898225101655086
2238,88.0,87.30331648780785
2671,84.0,83.55023072121547
3766,52.0,50.42430455270977
3606,134.0,131.27772165491814
3892,61.9,59.02424648598668
3365,63.0,62.51477406196368
3230,62.0,62.98929167846262
869,79.5,79.52041181118757
3154,74.0,74.17150971239968
2252,90.0,89.95826256944609
553,84.0,84.5299688056037
2991,61.4,61.94487852959574
1329,92.0,91.07157300536079
3723,52.0,51.272765459751525
2162,65.0,65.27046935817484
3466,72.0,75.71492497453752
3140,92.0,91.29953140316059
2961,88.0,87.23261132976047
2250,91.0,90.92189838746586
1239,80.0,80.29262424120894
4086,80.1,83.2973952788875
2480,72.0,72.04162201269435
1926,75.0,74.7582599951692
1056,70.0,68.50590235549643
1540,81.0,80.41651293104167
1590,71.0,70.59023616184854
94,83.0,83.72652062643118
1343,60.0,59.46460661971672
3825,83.0,84.66161541427367
2465,115.0,112.4093652227736
23,73.0,72.9830788019867
1455,92.0,91.38309709734762
2750,77.0,78.8866941959765
2825,64.3,65.12936958918188
684,53.6,52.90397970730379
2886,63.0,63.14255540510845
175,96.0,96.03185479245101
1701,58.0,57.80734662048859
3810,110.0,112.94418198756529
1005,52.0,50.21406765967458
2143,70.0,69.52025884215354
1801,62.0,67.29131909602557
3071,49.0,50.23830151003156
2531,78.0,77.99862209417326
3890,79.0,78.86499539204047
3702,64.0,64.80647309608963
566,90.0,91.28182405451041
1819,102.1,100.58536834587045
2460,80.0,79.45249158327263
100,53.0,52.32511281877599
410,86.0,86.8295845554995
3370,62.0,61.67882372943241
1630,71.0,71.6322488135882
659,92.0,91.40154372484638
806,68.0,67.52442950845267
121,130.0,129.25987667573463
3678,118.0,118.84649162749452
1880,82.4,82.32691803542639
157,86.0,85.59035423216693
1400,55.0,53.7633760874737
496,85.0,86.96343759908103
3625,51.0,50.31480022966926
306,80.0,79.4602940680961
2202,61.0,60.75290696145673
2507,73.0,72.6105876469633
1924,59.0,59.16826725418957
1195,60.0,60.91797605582781
3963,125.0,123.59598289185595
2257,80.0,80.10560617029317
907,73.6,76.74968203053407
241,65.0,64.89419639172155
3761,90.0,89.6093633874143
789,70.0,71.7388742785282
1917,49.7,47.38691826513599
901,57.0,56.02390478630747
3651,86.0,89.4632747832872
1955,90.0,89.34984993920705
2415,85.0,84.30302454322272
694,117.0,116.60756759954381
2633,71.0,71.89105456419509
1648,92.0,93.97412784245898
463,71.0,73.93197328916835
2431,63.0,62.60322658883882
1180,85.0,85.04780088753753
914,59.0,59.90508382184632
1427,64.0,64.27498373230691
459,66.0,65.30111256864434
3679,52.0,58.043957782307075
2542,83.0,83.11366809513692
2922,75.0,74.75220663210496
178,40.0,38.681420831764015
2125,92.0,90.7534940842421
1399,150.0,144.3241944126106
3999,93.0,92.98280954312975
51,59.0,59.420185014058774
833,52.0,51.71592003366412
1840,81.0,80.56805804430527
74,188.0,181.85005349387703
1114,90.0,91.8000883755637
2698,70.0,72.37225416301519
3837,63.9,63.77805456977502
2786,49.0,47.22423125994665
1132,44.0,40.40173754266459
2843,53.0,51.54876630306623
911,82.0,85.86289270880741
1495,72.5,72.1987084563744
3562,58.0,59.67934350187154
2367,92.0,91.85169672464554
1162,63.0,62.47712742082109
3921,78.0,77.00491949518897
158,60.4,60.244250961868914
1267,61.0,61.36215263933238
2829,64.0,63.471364779466654
1543,57.0,57.63931182182884
52,106.0,104.7756920527305
1380,111.0,111.57155790219326
221,69.0,68.98249378483294
2023,82.0,83.63552304959958
26,61.0,61.14882533676
1709,120.0,118.47306979188761
3131,97.0,99.63846203288495
885,66.0,65.4017531628894
215,70.0,69.7911406760377
4034,73.0,71.67621743324003
2146,104.0,103.4188593069145
861,79.2,78.61625188836396
2180,65.0,65.38087275034579
1902,70.0,69.33391029444923
3276,58.7,59.32132304148736
322,84.0,84.22880287477963
1098,51.0,50.62494476769622
1746,65.0,64.9174831791371
3414,57.0,56.66329978916205
1560,63.0,63.01824205349112
600,70.0,70.23090375579245
4088,57.7,56.689794967930084
3295,101.0,99.97508553939088
145,76.0,76.17981210425705
1625,87.0,87.80669796501984
3501,93.0,92.99984886684607
1682,59.0,60.52736728888004
3857,93.0,93.63560673951807
1268,81.0,82.32155480294239
3021,70.0,69.75051571760467
44,75.0,75.7235598392726
2773,83.0,83.47504427416409
897,84.0,85.87583765166461
3023,76.7,75.5082974784247
1559,58.0,57.308318080131926
4077,60.0,59.633861441868504
2258,75.0,75.04518597918094
355,107.0,106.07147083068566
3260,67.0,68.19339571072214
3286,82.0,81.73690913100137
3809,74.0,74.8717574694837
1051,54.0,54.205733127232435
3576,70.0,70.20722818867677
603,58.0,57.37379124653839
3441,106.0,104.94031492591995
3243,75.0,75.04630049298915
3945,92.0,93.13625737235978
546,88.0,87.99225623889538
3610,80.0,80.00013457123569
3007,68.0,67.2913734641879
3668,33.5,29.937691795658466
540,75.0,75.69900089860857
257,98.6,98.4066313953195
3349,158.0,154.46722348498895
2186,55.0,55.42065637166249
1595,89.0,87.19850338935552
968,77.0,78.78292845765716
3532,90.0,89.34060502684942
1867,85.0,85.80511499648279
814,69.8,72.44220973819219
3802,88.0,90.26511615559033
2694,57.0,56.80952753756688
3220,60.0,59.76577612468138
735,92.0,91.40282630978402
2404,85.0,86.30605552737373
3522,88.7,89.09793196883224
292,66.0,65.77275432327114
2538,65.0,66.38857041682284
1739,70.0,69.86275709542505
135,114.0,113.42485480091455
1046,47.0,47.46067862583455
1953,80.0,78.90027626062718
2850,74.0,73.24377023938732
2642,78.0,79.48944122231035
264,95.0,93.26533161605056
1405,60.0,59.75440623923582
2337,66.0,66.48998597697614
3569,93.0,91.79949887476235
4025,74.0,74.39403026625617
868,81.6,81.51089618707022
56,88.0,87.19703473054466
3700,84.0,83.49038331420677
529,62.3,61.91336718449668
3502,76.0,75.91546176061459
3739,68.0,67.61079706922355
3707,74.0,73.98465080270594
798,81.1,81.85165474016856
2311,74.0,74.19466110877242
465,68.0,67.89443255247116
866,60.6,61.03786549413623
755,61.0,60.356960554352696
2024,80.0,81.31730706065991
3089,53.0,56.399947404997704
395,77.0,80.54054358302744
2448,95.0,94.1760217849205
1565,145.0,143.63425784475083
171,97.8,98.65931274228572
1279,45.0,45.010097283471396
2278,95.0,98.25614948455316
4113,106.0,108.22396190122498
3489,83.0,82.28000245305438
3735,80.0,79.65528025200366
3867,59.0,57.76767016331769
1677,108.0,106.29497849491145
189,88.0,88.21687047054444
2709,77.0,76.12532715845207
12,74.0,73.6979758010714
3533,78.0,78.55649956997881
3292,102.0,102.72717546260517
323,39.0,37.38435558709098
892,110.0,108.28527446120614
2965,60.0,59.264817655823606
3650,92.0,92.36336426193606
1192,76.0,76.05068568063585
352,170.0,55.7670856405673
2959,74.0,72.78690572748255
1179,51.0,50.89025421797642
507,60.0,59.98671645533264
4075,82.0,81.6223946773878
3577,85.0,84.45425208728437
1725,79.0,79.07708110449504
1945,68.8,70.51241210080687
1418,85.0,85.45758556127008
3224,58.0,57.920995827721214
3084,69.0,69.00158894269569
3235,50.0,49.109254253962916
2297,83.0,85.22799877088586
2677,71.0,70.98225033008211
3763,69.0,68.78422947558937
2601,99.0,98.0774390132454
1227,62.0,62.223930441275414
4111,66.7,67.00491511906941
2386,62.0,61.593527101278994
1003,65.2,66.67084595708786
1958,85.0,85.59898959504336
228,62.0,61.59335855828475
1623,88.0,90.25595354017484
3373,89.0,90.0574697135491
3101,70.0,70.1526761403681
3644,66.0,66.43658427553342
184,92.0,91.15496969167859
2301,71.0,70.61933752034724
2392,102.0,102.02566974947331
488,75.3,75.42180148952639
4076,62.0,61.378639109043405
1960,56.0,55.79659425979435
140,57.0,57.658791372908254
267,70.0,70.00726241424431
2289,65.0,64.5188176652226
3346,76.0,76.8942704467278
64,80.0,80.03499706908075
1077,58.0,56.574559072255724
1747,70.0,69.78631845845081
3281,62.0,61.87940547186196
4050,72.2,71.55924191019098
1679,75.0,74.82384599726815
1108,80.0,80.60577580393705
3774,89.0,92.53458825527535
3768,84.0,83.51080373370641
1724,72.0,70.80891090244319
1991,80.0,80.6205204769567
2867,86.0,93.18021478413849
3242,43.0,43.31542947362223
3239,76.0,75.94964112963211
973,57.9,56.49432430708424
280,79.0,78.80786571371557
3223,106.0,107.95256991245822
1436,78.0,78.79567269272827
359,73.3,73.22183142900067
2947,87.7,91.33187799283635
300,55.0,54.0384474908533
813,75.0,74.57864873992918
1110,80.0,80.95579687220243
2953,89.0,87.98498235530485
1373,71.0,72.0325988887183
2689,64.0,63.36858864312239
579,74.0,74.87884487656467
417,63.0,63.655668785914216
1305,67.0,66.92898986484741
1972,60.0,59.97255024946
1763,90.0,89.5011154974055
2081,77.4,77.18622861116717
2593,69.0,70.03401897934877
1481,114.0,116.58480004912263
2769,85.0,87.59299254241493
1164,53.0,51.856610408448944
3136,53.0,52.652409343446664
3780,73.0,74.10623751666864
1345,72.0,71.61231122437252
1327,73.0,73.91459014771294
3323,65.0,64.91933635013407
1970,77.35,79.3442842014258
58,51.0,50.79365316571884
77,76.0,76.81486045483507
369,120.0,118.55004554610494
3633,61.0,61.1075807495359
1474,72.0,72.23216057377032
2140,80.0,80.19565499960589
3990,78.3,77.73184793254168
2420,69.2,68.89429858429824
750,60.0,59.18057895649508
1341,140.0,136.5127742517108
3582,75.0,80.34606953413461
919,66.4,66.50648553389976
916,64.0,63.809562319036445
3515,70.0,70.52551414140447
125,116.0,116.06587185172259
1100,93.0,94.9538145168026
2018,66.2,69.07925818572828
1698,45.0,43.15209136801863
2356,49.0,47.99378544250014
2204,60.0,60.10145084369614
431,65.0,65.42690955168831
3648,96.0,95.46063605396668
3391,80.0,79.80276306439394
3378,133.0,127.95653268430144
4022,69.0,68.25347234535958
1681,81.0,82.3074311368718
2497,45.0,43.6701324091255
2908,97.55,96.31622817393725
435,60.0,59.03877149825324
389,68.0,67.77591599400193
30,65.0,66.33228702501275
1060,70.5,71.10892855876968
204,92.0,90.54174382161608
1181,69.0,69.6561106888611
4018,66.0,66.43530238990976
2121,63.0,62.833033199718116
847,76.2,77.22733930923582
1234,70.0,69.50950495457656
2359,70.0,69.85785174318525
2781,79.0,79.71167220455803
480,75.0,75.22502797725261
4101,85.1,87.25003181221899
674,92.5,93.130760175425
445,74.0,76.80703896289569
3549,84.8,85.04170106530931
3811,73.6,76.09008052959842
820,90.0,90.72838388113244
193,90.0,90.04470470653257
569,85.0,84.90211720592961
1344,72.0,71.42167214823914
3094,59.5,58.883882388600355
6,90.0,95.33037300085962
441,102.0,101.85200467480979
290,89.8,89.83399170319329
780,54.0,54.99645111098688
2935,104.0,102.31393079136308
3683,52.0,53.261747540216305
3565,76.0,75.85713331332094
3649,59.9,60.93764965579359
1420,44.0,44.16825743730807
3417,60.0,59.819996987844675
1850,83.0,82.60744403755511
697,54.0,53.431278268266325
2573,69.0,68.85734423245643
3062,89.0,88.91729705641708
195,59.0,58.95992289184727
452,96.0,95.11630286229385
1797,82.0,82.4225413668141
1194,64.0,63.716600035288465
29,102.0,102.3117693278634
4124,83.0,82.5736541915476
893,106.2,104.91765727248904
1848,68.0,67.9145336220589
3210,93.0,92.39587732394713
1118,99.0,98.76462178469052
2678,88.0,87.54311036357103
3086,68.0,67.55775251744633
875,85.0,84.4657794716289
1920,93.0,95.24340413105392
3854,73.3,73.31149424297772
2468,86.0,85.27385268497919
2167,63.0,62.438802109116295
3103,71.0,72.3591332371156
223,60.0,60.21923116830233
738,91.0,91.71466016104449
765,72.0,71.77859624237313
576,102.0,100.76370194241773
1791,76.8,78.70680202812781
3525,47.0,46.656249986508925
1658,111.0,108.77613276411941
1357,80.0,79.99200143316884
1799,81.0,81.10311694874636
2345,45.0,43.260410813912316
81,63.0,63.63430311006965
258,100.0,103.47305447127775
296,85.0,84.77133279744564
4017,64.0,63.84289472142453
1065,60.0,60.094245248317776
816,55.0,56.337077728092595
3511,69.0,68.51029235056977
1169,81.9,81.77001413968192
3116,50.0,49.540849265650735
1600,51.0,49.82155467945701
3928,75.0,75.19587113303987
2026,122.2,118.33981842067038
3581,79.0,78.21933354051606
3964,102.0,99.56438269407812
2980,62.3,63.65872305437043
2840,84.0,86.32038720105496
936,95.0,93.67713110383204
1986,61.8,60.02273482153211
1022,49.8,50.29863509137921
1285,93.0,92.42659295721353
3389,83.8,86.01324050864241
3729,69.0,71.51372950358532
658,92.0,91.62866963826451
1409,45.0,44.99818073819941
883,74.1,81.12450054400605
3392,63.0,63.956359139729585
3554,94.1,93.91159381723952
413,50.0,48.91258898546661
980,55.0,54.00939782590115
3797,85.0,85.63550187544294
3906,80.0,81.35898052823745
1545,77.0,77.0717502223485
3296,79.0,80.35607580414083
1322,71.0,71.7430217959085
835,92.5,93.21543154594755
661,90.0,88.63427180181407
1811,107.0,106.05049999329373
768,121.1,123.60855597285948
2688,78.0,78.00399570483532
2030,51.0,49.1251100831978
3321,78.5,80.75848162332316
821,55.8,56.258964435347735
153,84.0,83.67040238596289
1428,51.0,50.491144915767336
3624,57.0,55.79154401775885
1176,97.0,95.34268814476383
103,112.0,110.04544959438039
759,97.15,97.89520213557907
3397,95.0,94.11485432704279
240,81.0,80.99226555029007
1872,82.0,81.92284162788292
3765,89.0,88.30330399012337
109,75.5,76.1667782990576
3377,40.0,36.76293273064944
1756,80.0,79.16236015281073
3374,60.0,59.80852321685255
1248,59.0,58.540698756653796
1579,69.0,69.11625388474042
3403,111.0,114.70528239530933
2241,50.0,49.042521013676705
2375,90.0,89.42484713552963
3382,81.0,81.91508503679253
2502,75.5,75.48275350702237
333,46.0,43.90124806819401
2904,69.0,68.40644060465853
846,61.4,62.00048243667574
3339,69.0,69.40509655863488
1490,78.0,79.59064854298882
3420,77.0,77.04219675828463
3968,87.9,88.68489636504707
2027,63.0,63.02089912643203
3973,65.0,64.28652711296532
1949,63.0,62.3832341960229
3992,57.4,59.09486316600211
2174,86.0,86.46056307406081
1120,104.0,104.18853310202749
3031,62.0,62.554914256145494
1573,61.0,60.904726057066
2410,97.0,97.70865680105734
1999,85.0,84.92942452353691
3531,115.0,113.4196201451511
1206,60.0,59.27743864757767
2249,62.0,61.608629354624156
3601,85.7,87.256494150453
2156,85.0,85.26092586994875
556,111.0,110.32554884856302
2184,70.0,71.9250019110414
1099,67.0,66.96187866324033
1815,75.0,76.61128901739137
2579,88.0,88.03180440592246
1948,61.0,61.321953253040036
3340,119.0,117.11279074969633
2753,55.0,54.1025968027994
1979,67.2,66.64889732926989
3887,84.0,82.62397550104495
3344,95.0,94.97909666525857
2989,70.0,69.20225974545329
1288,89.0,88.5412678185669
756,70.5,71.09026363851439
2663,80.0,82.26868634284003
3115,74.0,73.5158109595005
3621,85.5,84.63814335842288
2890,86.5,91.33966354346228
1932,55.0,55.03516838485538
4037,72.3,73.0926645436573
1461,100.0,99.71888999541946
3704,63.0,62.63175911227307
3045,75.5,78.26776685448934
733,90.75,89.3646521268679
811,60.4,59.491497194647536
3361,69.0,68.45758319093751
4127,80.0,79.7096455097157
725,110.0,108.55691045975192
3848,78.0,77.19496749669725
1557,74.0,74.24158661847221
1657,72.0,73.46917049360741
1451,67.0,66.76629030052266
1834,55.0,54.55110434445628
2730,132.0,132.06938263947387
1669,48.0,47.41674649245914
347,76.0,77.94416923533998
1265,60.0,59.69043663276496
2736,82.0,81.53580958045697
4021,131.5,130.0110748844864
2414,83.0,83.46284635312685
3422,96.0,94.65411812880376
815,54.5,53.65438372079021
2461,101.0,102.95055444853435
1975,81.5,81.38631778207875
2362,60.0,59.31785281237737
3004,66.0,67.01503209461119
1295,63.0,63.4274703156175
179,82.0,82.52954509755557
4119,59.0,60.08807017667695
3948,87.0,87.5056209255384
791,55.0,54.127526579379165
2798,85.0,85.23131050700928
2721,89.0,88.95811913198727
1443,53.0,51.924090234794434
3912,85.0,85.11814469789019
1965,87.0,86.60503420288336
25,65.0,64.73033736255574
2406,68.0,67.46257307495952
3915,90.0,92.18709887806506
3705,86.0,85.20883401370224
174,66.0,66.81471702399674
2157,84.0,83.96426883725356
3186,80.0,79.99834124697054
332,64.0,63.82999392677809
2321,67.0,66.91795496277265
432,65.0,64.63981910836333
3750,117.0,116.37597689296493
2112,49.2,49.51543475765098
2790,72.0,71.92861359615746
