,y_test,prediction
4067,67.4,77.04412566109562
22278,110.9,77.04412566109562
15779,158.8,77.04412566109562
13543,98.8,99.79367110674124
16617,66.1,77.04412566109562
18426,67.95,77.04412566109562
10161,83.4,77.04412566109562
15247,119.7,77.04412566109562
20646,62.6,77.04412566109562
21406,131.3,77.04412566109562
5299,57.9,77.04412566109562
10140,77.1,69.97614535064413
10866,80.2,77.04412566109562
18047,63.1,77.04412566109562
13409,101.0,77.04412566109562
4579,92.3,77.04412566109562
1943,102.7,77.04412566109562
7315,61.5,77.04412566109562
19401,51.9,77.04412566109562
11583,81.7,77.04412566109562
12092,73.0,82.55345908159302
2637,71.05,77.04412566109562
11749,83.3,77.04412566109562
11934,91.3,77.04412566109562
7242,96.8,77.04412566109562
20178,49.4,77.04412566109562
5461,58.15,77.04412566109562
13931,110.2,77.04412566109562
8742,126.9,77.04412566109562
608,64.8,77.04412566109562
20542,137.8,77.04412566109562
14273,130.8,77.04412566109562
23404,87.0,77.04412566109562
5017,63.8,77.04412566109562
5110,83.9,77.04412566109562
6867,57.1,77.04412566109562
21959,81.3,77.04412566109562
1798,65.0,77.04412566109562
7814,99.4,77.04412566109562
17815,88.0,85.49010349682104
6489,123.6,77.04412566109562
22532,80.4,77.04412566109562
1395,66.4,77.04412566109562
4719,78.9,77.04412566109562
13076,58.2,77.04412566109562
19051,55.0,57.99707452679876
21883,73.8,77.04412566109562
15116,51.9,77.04412566109562
22322,132.1,77.04412566109562
17705,78.5,77.04412566109562
8027,75.4,77.04412566109562
2898,60.5,61.1155841574502
8204,80.5,77.04412566109562
22584,66.5,77.04412566109562
15679,96.15,77.04412566109562
118,104.6,77.04412566109562
7513,67.0,77.04412566109562
23520,70.5,77.04412566109562
463,67.6,77.04412566109562
15168,100.0,77.04412566109562
7178,83.0,77.04412566109562
1573,54.2,77.04412566109562
15606,94.0,77.04412566109562
14486,71.0,77.04412566109562
12951,85.0,87.12725517641718
8286,72.4,77.04412566109562
22332,135.0,77.04412566109562
1263,68.8,71.23158629774633
22356,79.9,77.04412566109562
21838,62.2,77.04412566109562
21588,85.0,77.04412566109562
867,60.4,77.04412566109562
3964,141.0,77.04412566109562
18709,121.0,77.04412566109562
21597,85.0,77.04412566109562
22849,64.5,77.04412566109562
1534,64.1,77.04412566109562
2699,55.6,77.04412566109562
3824,120.0,77.04412566109562
10286,59.0,77.04412566109562
19963,84.6,77.04412566109562
23204,58.0,77.04412566109562
18231,56.55,77.04412566109562
14785,130.5,77.04412566109562
16305,56.0,77.04412566109562
19807,71.0,67.76856890405402
11412,48.3,77.04412566109562
8917,70.8,77.04412566109562
1330,90.1,77.04412566109562
5228,63.0,77.04412566109562
16619,66.8,77.04412566109562
12437,105.3,107.26733349225672
4658,61.95,77.04412566109562
8912,68.4,77.04412566109562
20197,65.4,71.99326299708517
11175,98.25,77.04412566109562
4675,54.5,57.070893243781555
20547,134.6,77.04412566109562
14770,85.1,77.04412566109562
15686,80.8,77.04412566109562
14537,51.5,56.20965491025833
14383,81.8,77.04412566109562
9776,97.35,77.04412566109562
5747,63.0,77.04412566109562
4207,71.8,77.04412566109562
15022,55.0,77.04412566109562
21698,67.2,77.04412566109562
2738,97.8,77.04412566109562
20999,93.0,77.04412566109562
12594,77.0,78.50876063848354
6557,78.15,77.04412566109562
18804,119.6,77.04412566109562
19639,83.65,77.04412566109562
16846,49.9,77.04412566109562
15554,61.0,77.04412566109562
7205,56.3,77.04412566109562
386,58.4,77.04412566109562
21050,101.2,77.04412566109562
1891,54.35,77.04412566109562
17759,79.0,77.04412566109562
23332,58.0,77.04412566109562
9698,79.5,77.04412566109562
13532,82.2,77.04412566109562
3545,53.0,77.04412566109562
3079,78.0,77.04412566109562
20322,82.8,77.04412566109562
13521,77.6,77.04412566109562
2154,63.0,65.44774800265544
1692,94.0,97.01095423524951
2077,66.7,77.04412566109562
12002,86.6,77.04412566109562
20210,88.95,77.04412566109562
10592,75.0,74.1850640125172
5921,90.0,77.04412566109562
1815,78.0,62.30517607253354
22544,80.0,77.04412566109562
4645,73.05,77.04412566109562
21148,50.9,77.04412566109562
10968,106.0,77.04412566109562
17397,101.0,100.37290963952395
837,70.8,77.04412566109562
2035,90.0,77.04412566109562
4025,95.5,96.16119362301765
9131,109.6,77.04412566109562
17228,68.0,77.04412566109562
14761,57.25,77.04412566109562
7044,78.3,77.04412566109562
11558,96.3,77.04412566109562
5154,101.0,77.04412566109562
693,60.1,77.04412566109562
5998,99.8,77.04412566109562
2373,60.5,77.04412566109562
13023,66.55,77.04412566109562
11864,76.8,77.04412566109562
7886,91.0,77.04412566109562
22402,44.0,77.04412566109562
10913,62.3,77.04412566109562
17083,60.3,77.04412566109562
420,96.7,77.04412566109562
12000,84.9,84.09548925813074
5814,88.0,77.04412566109562
21065,68.0,77.04412566109562
23022,86.7,77.04412566109562
2911,69.2,75.83319451438925
16745,66.6,77.04412566109562
5015,62.2,77.04412566109562
22504,64.3,77.04412566109562
21460,64.0,77.04412566109562
11037,95.0,77.04412566109562
1056,85.0,77.04412566109562
18499,65.4,77.04412566109562
7201,61.45,77.04412566109562
18016,50.8,77.04412566109562
4140,66.0,68.52551278751082
19042,52.8,77.04412566109562
1209,60.0,62.87401370289521
10892,63.75,77.04412566109562
17651,71.3,77.04412566109562
229,104.4,77.04412566109562
8697,77.5,77.04412566109562
21061,56.0,77.04412566109562
20855,108.6,77.04412566109562
21975,72.1,77.04412566109562
4742,61.5,77.04412566109562
7413,56.3,77.04412566109562
15944,89.0,91.27636717463504
16925,76.6,77.04412566109562
20985,89.5,77.04412566109562
19731,154.0,77.04412566109562
23561,48.05,77.04412566109562
19380,57.1,77.04412566109562
1410,56.7,77.04412566109562
18790,62.2,77.04412566109562
18048,62.7,77.04412566109562
8430,92.1,77.04412566109562
2358,73.5,77.04412566109562
11168,52.9,77.04412566109562
8639,56.0,77.04412566109562
14744,79.1,77.04412566109562
12295,110.0,77.04412566109562
11572,74.0,77.04412566109562
14359,72.3,77.04412566109562
2364,66.4,65.15285195745841
19291,62.7,77.04412566109562
17033,108.0,77.04412566109562
8933,64.0,68.91828706393686
9129,108.0,77.04412566109562
11868,79.2,77.04412566109562
6647,76.0,77.04412566109562
23931,78.0,77.04412566109562
13814,66.3,77.04412566109562
4482,90.0,77.04412566109562
20357,97.0,98.84159096260404
11799,67.0,77.04412566109562
2733,74.0,77.04412566109562
18041,60.1,77.04412566109562
13233,52.6,77.04412566109562
19031,60.1,77.04412566109562
10502,79.0,77.04412566109562
4496,56.5,77.04412566109562
947,68.6,77.04412566109562
4063,67.3,77.04412566109562
13156,84.0,77.04412566109562
20826,88.7,77.04412566109562
9323,120.0,77.04412566109562
959,88.0,91.39600995183417
19835,100.4,97.61983985586852
2045,75.0,77.04412566109562
1808,75.2,75.15310064744438
15369,78.0,77.04412566109562
9560,73.8,77.04412566109562
6379,71.0,77.04412566109562
21830,57.4,77.04412566109562
15931,58.5,77.04412566109562
23883,67.8,77.04412566109562
7754,47.25,77.04412566109562
9073,53.5,77.04412566109562
4319,64.0,77.04412566109562
8767,50.25,77.04412566109562
21849,71.0,77.04412566109562
8898,70.5,77.04412566109562
8602,61.0,77.04412566109562
7132,172.0,77.04412566109562
6240,85.3,77.04412566109562
10955,54.7,77.04412566109562
2949,84.5,77.04412566109562
20717,76.0,74.60159158168122
15183,80.0,77.04412566109562
4235,48.6,77.04412566109562
18364,81.8,77.04412566109562
5596,101.6,77.04412566109562
4032,71.3,77.04412566109562
19097,50.5,77.04412566109562
10417,96.3,77.04412566109562
978,106.0,106.34699978515538
17681,96.0,96.18777568033858
12504,112.8,77.04412566109562
18775,59.7,77.04412566109562
19326,73.0,77.04412566109562
384,57.6,77.04412566109562
738,54.7,77.04412566109562
19893,68.9,77.04412566109562
7241,97.5,77.04412566109562
19192,74.9,77.04412566109562
20367,118.6,77.04412566109562
4805,93.5,77.04412566109562
10783,52.0,77.04412566109562
3770,80.4,77.04412566109562
19958,83.7,77.04412566109562
17216,91.0,90.71667154004136
14469,77.5,77.04412566109562
1827,68.25,77.04412566109562
9067,85.5,87.53956298063005
8216,73.5,77.04412566109562
20169,47.4,77.04412566109562
287,91.8,77.04412566109562
16695,65.6,77.04412566109562
8684,76.3,77.04412566109562
21970,75.0,77.04412566109562
10681,60.3,77.04412566109562
23141,71.0,77.04412566109562
5063,77.9,80.80059426580496
22989,77.3,77.04412566109562
13079,51.0,52.143000379252285
20224,51.8,77.04412566109562
7949,89.2,77.04412566109562
8312,80.0,77.04412566109562
9842,78.0,77.04412566109562
16315,61.2,77.04412566109562
13897,80.5,77.04412566109562
4400,69.9,77.04412566109562
23875,62.0,77.04412566109562
19062,84.0,77.04412566109562
20180,49.45,77.04412566109562
1309,76.1,74.15658564064908
17237,66.05,77.04412566109562
5087,125.4,77.04412566109562
451,57.75,77.04412566109562
22183,57.7,77.04412566109562
2905,159.0,77.04412566109562
19123,70.2,77.04412566109562
14697,96.0,77.04412566109562
21528,80.1,77.04412566109562
7282,62.5,77.04412566109562
20443,55.0,77.04412566109562
23030,72.0,77.04412566109562
21960,80.9,77.04412566109562
9953,68.0,77.04412566109562
4219,67.0,77.04412566109562
17599,59.7,77.04412566109562
8761,124.0,77.04412566109562
439,67.0,77.04412566109562
9759,68.7,77.04412566109562
14197,95.0,77.04412566109562
2288,71.6,77.04412566109562
19975,85.7,77.04412566109562
11559,94.3,77.04412566109562
5184,64.0,77.04412566109562
11688,92.0,77.04412566109562
23149,77.8,77.04412566109562
10881,80.0,77.04412566109562
9065,79.0,77.04412566109562
11610,78.0,77.04412566109562
14018,69.0,68.35167116537818
14959,65.0,77.04412566109562
6479,96.0,77.04412566109562
4589,53.4,77.04412566109562
14789,129.5,77.04412566109562
9910,101.4,77.04412566109562
22662,65.5,77.04412566109562
16673,70.0,77.04412566109562
3925,93.0,94.20433147398484
1805,75.7,77.04412566109562
14847,100.0,77.04412566109562
12743,61.7,57.86832059924179
13793,64.55,77.04412566109562
78,53.1,77.04412566109562
10010,48.7,54.45748332451478
15423,99.2,77.04412566109562
1877,102.0,101.07212932776443
7465,76.0,76.81239207296112
22158,68.2,77.04412566109562
20515,120.6,77.04412566109562
5673,82.0,81.80645942986956
1866,71.5,76.2073928073949
12280,92.15,77.04412566109562
21620,66.35,77.04412566109562
12867,56.5,77.04412566109562
6014,94.95,77.04412566109562
21223,75.8,77.04412566109562
15586,88.0,77.04412566109562
4226,180.0,77.04412566109562
17355,79.0,77.04412566109562
17360,81.2,77.04412566109562
16163,125.7,77.04412566109562
8004,101.0,101.10987371784837
12861,87.0,83.20207319637271
2276,58.1,77.04412566109562
18015,52.0,77.04412566109562
4538,70.0,77.04412566109562
4005,82.9,77.04412566109562
23745,84.0,77.04412566109562
17742,102.3,77.04412566109562
4365,108.3,77.04412566109562
1067,55.1,77.04412566109562
18647,79.0,77.04412566109562
17616,143.2,111.71823778692286
22496,64.5,77.04412566109562
13505,72.5,77.04412566109562
17380,78.0,77.04412566109562
17484,78.8,74.75011776952678
2834,78.0,77.04412566109562
5279,77.0,76.52841270353943
18844,65.7,77.04412566109562
828,83.1,77.04412566109562
10669,78.8,77.04412566109562
11018,117.5,77.04412566109562
12661,60.0,77.04412566109562
9947,60.1,77.04412566109562
5780,146.0,142.28329233454934
15016,83.4,83.98755339948076
3394,67.45,77.04412566109562
19341,69.0,77.04412566109562
5126,63.0,77.04412566109562
6957,49.6,77.04412566109562
9847,69.0,77.04412566109562
19471,66.3,77.04412566109562
408,67.7,77.04412566109562
2884,68.2,77.04412566109562
14271,132.4,77.04412566109562
21749,73.4,77.04412566109562
6026,112.3,77.04412566109562
18509,72.5,77.04412566109562
22886,84.0,77.04412566109562
2055,98.7,77.04412566109562
13534,83.3,77.04412566109562
4410,63.15,77.04412566109562
10157,100.0,99.76902794715295
6298,70.3,77.04412566109562
1520,90.1,91.77583787248071
6210,99.4,77.04412566109562
9826,82.0,80.62484133636104
15135,82.1,81.29723988639603
3756,53.7,77.04412566109562
7151,71.0,73.02898562414907
807,66.8,77.04412566109562
15599,70.4,77.04412566109562
9771,127.0,77.04412566109562
2314,88.1,86.78011180469048
18432,69.5,77.04412566109562
17052,75.0,77.04412566109562
9248,61.6,77.04412566109562
18962,48.9,77.04412566109562
16496,157.0,77.04412566109562
11129,105.0,105.76960365533324
11800,66.0,77.04412566109562
4661,62.3,59.966630948683516
17793,85.5,77.04412566109562
20140,76.0,77.04412566109562
13118,69.1,77.04412566109562
10231,54.15,77.04412566109562
10167,75.0,77.04412566109562
14794,53.2,77.04412566109562
16197,99.0,99.4375168703551
22054,83.6,77.04412566109562
10235,53.45,77.04412566109562
9509,78.0,77.04412566109562
3108,101.1,77.04412566109562
5808,69.0,77.04412566109562
10976,122.2,77.04412566109562
18324,57.0,77.04412566109562
9277,66.8,77.04412566109562
943,65.4,77.04412566109562
9878,76.4,76.09054199268965
1670,56.1,77.04412566109562
1011,92.4,77.04412566109562
6349,97.0,77.04412566109562
12969,73.9,77.04412566109562
8914,69.7,77.04412566109562
20909,64.0,77.04412566109562
1588,94.75,77.04412566109562
23857,68.0,77.04412566109562
4193,85.0,77.04412566109562
16511,68.2,77.04412566109562
4667,85.0,88.05791158128406
21856,55.95,77.04412566109562
4167,97.4,77.04412566109562
21599,84.9,77.04412566109562
10832,94.0,94.15784869362913
21527,79.2,77.04412566109562
13894,81.5,77.04412566109562
7224,95.7,77.04412566109562
19953,120.2,77.04412566109562
12749,90.0,77.04412566109562
5180,57.5,77.04412566109562
10697,81.5,81.49960461023373
9760,68.65,77.04412566109562
10835,63.85,77.04412566109562
1030,87.3,77.04412566109562
2885,67.2,77.04412566109562
20245,94.6,77.04412566109562
82,67.05,77.04412566109562
23302,59.0,77.04412566109562
920,58.4,77.04412566109562
13663,64.3,69.54349095803313
14514,47.6,77.04412566109562
328,114.3,77.04412566109562
23827,78.0,77.04412566109562
2753,55.8,77.04412566109562
697,60.9,77.04412566109562
2943,83.65,77.04412566109562
12206,71.0,77.04412566109562
20524,85.7,77.04412566109562
7136,78.15,77.04412566109562
6091,84.6,77.04412566109562
13437,64.0,77.04412566109562
14791,53.7,77.04412566109562
12179,94.4,77.04412566109562
19933,94.5,77.04412566109562
18651,95.0,77.04412566109562
14905,45.9,50.8980866510373
14670,56.4,77.04412566109562
3249,69.0,77.04412566109562
15119,51.5,77.04412566109562
17654,71.25,77.04412566109562
9755,62.8,77.04412566109562
12792,80.2,77.04412566109562
19202,77.9,77.04412566109562
21926,85.3,77.04412566109562
22893,74.9,77.04412566109562
1509,104.0,102.83743184445481
2074,66.35,77.04412566109562
180,70.0,77.04412566109562
15593,90.1,77.04412566109562
11678,90.2,77.04412566109562
6189,61.0,77.04412566109562
14564,64.0,77.04412566109562
4641,76.2,77.04412566109562
9218,56.8,77.04412566109562
16472,94.2,77.04412566109562
5484,70.5,77.04412566109562
11874,97.4,77.04412566109562
12153,77.6,77.04412566109562
11360,74.8,77.04412566109562
20164,70.5,77.04412566109562
10310,90.1,77.04412566109562
776,66.8,77.04412566109562
21020,40.4,77.04412566109562
4519,87.0,77.04412566109562
11867,78.8,77.04412566109562
5672,70.0,77.04412566109562
906,54.2,77.04412566109562
1915,68.0,77.04412566109562
10574,65.0,65.30851287487444
16907,75.0,77.04412566109562
22248,63.3,77.04412566109562
10376,69.7,77.04412566109562
5623,89.5,77.04412566109562
10217,66.5,68.88158127546353
18809,99.0,77.04412566109562
18206,71.9,77.04412566109562
21160,105.0,77.04412566109562
741,54.8,77.04412566109562
19425,74.6,77.04412566109562
14554,66.1,77.04412566109562
6554,77.8,77.04412566109562
18798,120.3,77.04412566109562
16952,80.7,77.04412566109562
1312,78.9,79.27679859172515
22339,68.0,74.04299749795219
11193,47.5,77.04412566109562
16861,67.4,77.04412566109562
4183,74.5,76.17321503174219
5924,79.6,77.04412566109562
1928,77.0,77.04412566109562
10653,64.0,67.01551730931942
15140,85.0,77.04412566109562
15437,95.8,77.04412566109562
20292,78.45,77.04412566109562
13628,66.3,66.3193943545796
19448,74.5,77.04412566109562
17318,66.8,77.04412566109562
18826,200.0,77.04412566109562
3787,64.95,77.04412566109562
6485,123.8,77.04412566109562
23951,76.0,77.04412566109562
7454,85.0,77.04412566109562
19577,70.0,77.04412566109562
22486,85.0,77.04412566109562
17155,67.4,77.04412566109562
22581,76.0,77.04412566109562
19888,36.6,77.04412566109562
20704,68.0,77.04412566109562
11831,63.2,77.04412566109562
20250,69.6,77.04412566109562
1714,94.4,95.04491562774407
3056,83.3,77.04412566109562
13879,54.8,77.04412566109562
4279,77.4,77.04412566109562
21354,60.0,77.04412566109562
8485,39.7,77.04412566109562
2643,53.5,57.39000566010026
14199,88.3,77.04412566109562
1045,86.3,77.04412566109562
15042,101.5,77.04412566109562
11137,68.5,77.04412566109562
12109,90.05,77.04412566109562
17820,69.4,77.04412566109562
20153,99.0,80.46231539022196
267,86.8,77.04412566109562
20510,61.5,77.04412566109562
11679,86.0,77.04412566109562
1328,65.6,77.04412566109562
2608,75.85,77.04412566109562
12615,85.45,77.04412566109562
6863,57.4,77.04412566109562
4007,110.3,110.82376453115063
7130,82.0,77.04412566109562
5619,90.35,77.04412566109562
4428,72.2,77.04412566109562
21368,65.6,77.04412566109562
15455,67.5,77.04412566109562
2211,82.0,77.04412566109562
20959,73.7,77.04412566109562
19450,75.0,77.04412566109562
21624,63.25,77.04412566109562
18161,98.0,103.44684916708667
13393,64.0,77.04412566109562
22633,78.0,77.04412566109562
1620,121.1,77.04412566109562
240,62.6,77.04412566109562
16349,61.5,77.04412566109562
22645,68.0,77.04412566109562
12853,83.2,77.04412566109562
12684,60.0,77.04412566109562
21803,77.5,77.04412566109562
11081,53.7,77.04412566109562
91,50.5,77.04412566109562
10924,62.6,66.88732571865543
6448,59.6,77.04412566109562
11021,73.0,77.04412566109562
5652,62.1,77.04412566109562
839,72.45,77.04412566109562
6156,83.7,77.04412566109562
14339,64.0,77.04412566109562
8221,149.4,77.04412566109562
290,91.2,77.04412566109562
23116,50.0,77.04412566109562
9349,61.7,77.04412566109562
20766,79.5,77.04412566109562
2355,73.0,77.04412566109562
19405,93.6,94.61386562032271
480,99.8,77.04412566109562
20501,76.5,73.02613499776456
16723,92.6,77.04412566109562
22537,77.0,77.04412566109562
5777,70.5,70.57048214447937
6564,98.5,77.04412566109562
5043,54.0,56.02234806257907
17888,78.9,77.04412566109562
5322,68.9,77.04412566109562
18738,55.4,77.04412566109562
13358,58.75,77.04412566109562
17998,41.0,77.04412566109562
22710,87.8,77.04412566109562
10722,66.2,77.04412566109562
11170,52.4,77.04412566109562
22601,118.7,77.04412566109562
10561,68.8,77.04412566109562
19068,85.2,77.04412566109562
3952,76.7,77.04412566109562
13795,64.25,77.04412566109562
14474,70.0,77.04412566109562
14067,81.55,77.04412566109562
6855,44.0,47.391410618884706
20189,90.0,77.04412566109562
16736,60.0,77.04412566109562
2169,60.0,77.04412566109562
7521,81.7,77.04412566109562
11448,46.4,77.04412566109562
12152,79.2,77.04412566109562
21684,70.0,77.04412566109562
19684,51.1,77.04412566109562
22524,72.5,77.04412566109562
12065,77.75,77.04412566109562
1612,74.7,77.04412566109562
21176,64.2,77.04412566109562
1332,91.2,77.04412566109562
14295,79.5,77.04412566109562
7981,70.4,70.39789343687377
5259,94.0,77.04412566109562
6031,111.6,77.04412566109562
12919,105.8,77.04412566109562
19423,74.3,77.04412566109562
23163,64.0,77.04412566109562
17912,74.3,77.04412566109562
16266,54.3,77.04412566109562
5195,69.0,77.04412566109562
14415,87.0,77.04412566109562
14656,53.3,77.04412566109562
20771,81.8,77.04412566109562
6002,99.0,77.04412566109562
1497,78.7,77.04412566109562
20494,86.5,77.04412566109562
8327,88.75,77.04412566109562
13236,59.0,77.04412566109562
12135,77.7,77.04412566109562
19349,96.0,77.04412566109562
20803,98.2,77.04412566109562
7608,75.5,77.04412566109562
3873,47.0,49.39828905125957
17776,133.4,77.04412566109562
22001,45.8,77.04412566109562
16746,66.8,77.04412566109562
3906,75.0,75.11965096616146
5159,52.0,77.04412566109562
13395,57.0,59.509654849817444
15992,59.1,77.04412566109562
4832,66.0,77.04412566109562
15148,97.0,77.04412566109562
8552,80.3,77.04412566109562
4391,72.2,77.04412566109562
567,71.5,77.04412566109562
19310,90.5,77.04412566109562
22058,83.8,77.04412566109562
20824,87.4,77.04412566109562
4582,67.6,72.18992346995061
5836,65.3,77.04412566109562
22983,76.2,77.04412566109562
3397,68.4,77.04412566109562
10826,89.0,88.75698666430645
1723,87.2,89.3113170616034
10037,83.0,77.04412566109562
13072,85.2,77.04412566109562
7195,90.2,77.04412566109562
11870,78.3,77.04412566109562
22769,61.0,77.04412566109562
7640,80.0,77.04412566109562
12123,91.1,77.04412566109562
23711,64.5,77.04412566109562
22828,88.05,77.04412566109562
23961,29.0,77.04412566109562
11364,76.0,77.04412566109562
9158,51.7,77.04412566109562
7156,98.6,77.04412566109562
19857,73.4,77.04412566109562
18727,72.0,72.96338224473885
1144,95.0,77.04412566109562
3865,46.9,77.04412566109562
5853,200.0,77.04412566109562
11789,75.0,77.04412566109562
22199,87.0,77.04412566109562
20822,87.6,77.04412566109562
12251,72.4,77.04412566109562
9228,97.0,102.63775740587803
9642,55.0,58.981897703701065
18914,81.2,77.04412566109562
12500,72.0,77.04412566109562
20057,62.0,77.04412566109562
23325,59.5,77.04412566109562
16803,72.8,77.04412566109562
23161,78.0,77.04412566109562
22314,63.1,77.04412566109562
7299,109.0,77.04412566109562
14313,78.8,78.25789270098706
2218,64.2,77.04412566109562
14380,82.7,77.04412566109562
13790,66.5,77.04412566109562
7061,61.0,77.04412566109562
6704,81.9,77.04412566109562
16405,73.6,77.04412566109562
22353,52.0,64.96552335541844
12945,65.8,77.04412566109562
18260,56.3,77.04412566109562
14735,99.8,77.04412566109562
10595,83.0,77.04412566109562
1323,72.0,73.59257675879454
14481,73.0,77.04412566109562
8509,73.6,77.04412566109562
10511,50.4,77.04412566109562
16461,75.0,77.04412566109562
20073,44.4,77.04412566109562
21694,101.3,77.04412566109562
15039,100.8,77.04412566109562
5140,60.0,77.04412566109562
13231,54.3,77.04412566109562
16729,71.1,77.04412566109562
13558,91.5,103.01964386808089
20115,65.4,77.04412566109562
3619,90.0,77.04412566109562
1003,92.15,77.04412566109562
1657,87.8,77.04412566109562
16920,79.5,77.04412566109562
2110,78.45,77.04412566109562
1501,64.0,60.42706528941851
11491,65.6,77.04412566109562
2848,80.0,77.04412566109562
9539,80.0,77.04412566109562
15513,83.0,77.04412566109562
9472,75.5,77.04412566109562
5561,73.0,77.04412566109562
15811,77.0,78.44659311376815
19358,67.3,77.04412566109562
5625,85.6,77.04412566109562
4656,62.0,77.04412566109562
3140,65.35,77.04412566109562
8361,103.0,105.25698104240789
792,64.0,77.04412566109562
6443,151.8,152.37362248986537
5947,57.5,77.04412566109562
14583,68.55,77.04412566109562
4931,51.1,77.04412566109562
20407,83.7,77.04412566109562
16451,84.8,87.4978815671567
4036,107.0,104.7892961782399
20258,68.7,77.04412566109562
10247,82.4,77.04412566109562
2012,95.0,95.13832536094623
21647,47.0,47.71572142958096
13721,69.8,77.04412566109562
10951,69.1,77.04412566109562
19147,51.0,77.04412566109562
2750,56.9,77.04412566109562
7008,78.4,77.04412566109562
3162,93.2,77.04412566109562
13260,99.9,77.04412566109562
22118,72.8,77.04412566109562
7127,86.3,77.04412566109562
16910,68.4,77.04412566109562
5821,73.5,72.70032115214016
3165,90.35,77.04412566109562
17964,86.0,77.04412566109562
17545,71.0,71.79107669073758
9261,45.0,46.022502394452516
20463,53.0,77.04412566109562
11158,55.0,56.007643653154474
6027,110.9,77.04412566109562
5800,97.0,77.04412566109562
20904,106.1,77.04412566109562
23348,79.3,77.04412566109562
4042,91.0,90.86457672505912
14915,86.8,77.04412566109562
79,52.1,77.04412566109562
21700,62.0,77.04412566109562
15709,31.85,77.04412566109562
19201,78.1,77.04412566109562
15611,60.0,64.4460984811194
17234,66.25,77.04412566109562
4470,72.0,77.04412566109562
6052,73.8,77.04412566109562
8647,117.0,113.73455126107328
18958,48.2,77.04412566109562
21055,97.2,77.04412566109562
22263,85.0,67.85625724853112
12022,51.6,77.04412566109562
6094,44.9,77.04412566109562
7158,98.6,77.04412566109562
15498,56.75,77.04412566109562
5305,72.3,77.04412566109562
9373,61.0,77.04412566109562
20111,62.2,64.89526405742792
3816,56.8,77.04412566109562
11522,98.0,77.04412566109562
23081,79.0,77.04412566109562
8011,49.0,50.59443590428217
5750,62.0,77.04412566109562
22384,86.4,77.04412566109562
4990,58.85,77.04412566109562
4557,84.0,77.04412566109562
18150,70.2,77.04412566109562
23317,52.0,77.04412566109562
6798,79.5,77.04412566109562
11424,92.0,77.04412566109562
2621,75.0,77.04412566109562
2238,86.9,77.04412566109562
20365,118.8,77.04412566109562
16529,63.6,77.04412566109562
11883,74.2,77.04412566109562
22280,80.6,77.04412566109562
6106,81.9,77.04412566109562
35,90.0,77.04412566109562
15319,55.0,77.04412566109562
17319,67.0,77.04412566109562
12568,78.2,77.04412566109562
3644,112.9,77.04412566109562
4746,60.6,77.04412566109562
14600,72.7,77.04412566109562
2087,53.0,53.93395558895353
2870,81.6,88.66853013623631
9565,71.0,77.04412566109562
16465,75.6,77.04412566109562
2671,95.8,77.04412566109562
7770,63.0,77.04412566109562
21036,75.3,77.04412566109562
5348,55.9,77.04412566109562
1671,56.5,77.04412566109562
2455,66.1,77.04412566109562
217,56.0,77.04412566109562
18757,79.0,77.04412566109562
15901,120.0,77.04412566109562
266,88.7,77.04412566109562
18934,81.7,77.04412566109562
16263,54.1,77.04412566109562
13051,71.6,77.04412566109562
5350,54.0,77.04412566109562
15630,73.8,77.04412566109562
17903,91.0,77.04412566109562
12554,61.0,77.04412566109562
16832,95.3,77.04412566109562
10643,88.0,77.04412566109562
18013,51.6,77.04412566109562
9294,59.4,61.51020467769429
6481,95.0,77.04412566109562
11076,54.1,77.04412566109562
326,114.0,77.04412566109562
16551,113.6,77.04412566109562
21299,106.0,77.04412566109562
10870,91.2,77.04412566109562
12485,89.45,77.04412566109562
15284,94.0,89.48049710724726
12465,60.7,77.04412566109562
938,65.9,77.04412566109562
15174,91.0,77.04412566109562
22364,67.0,66.55109315943618
4811,96.45,77.04412566109562
17962,82.5,77.04412566109562
11255,57.3,77.04412566109562
784,77.4,77.04412566109562
10900,66.1,77.04412566109562
13422,82.3,77.04412566109562
16206,68.0,77.04412566109562
20253,67.9,77.04412566109562
13139,56.8,77.04412566109562
14054,98.0,77.04412566109562
22808,124.0,77.04412566109562
15558,55.4,77.04412566109562
17010,83.1,77.04412566109562
17147,74.4,77.04412566109562
17772,58.75,77.04412566109562
23547,82.0,77.04412566109562
16301,56.5,77.04412566109562
14185,81.0,77.04412566109562
14801,53.5,77.04412566109562
22559,63.0,77.04412566109562
3991,97.0,77.04412566109562
21617,66.5,77.04412566109562
6330,84.8,77.04412566109562
9868,107.0,107.52246088476461
7538,68.0,77.04412566109562
12032,69.9,77.04412566109562
8143,48.3,77.04412566109562
8947,51.0,53.02049984094292
16598,51.1,77.04412566109562
10179,80.7,77.04412566109562
8307,73.0,74.31142650502898
10445,95.6,94.1662292620552
23638,96.0,77.04412566109562
14767,84.3,77.04412566109562
22979,42.6,77.04412566109562
20293,78.2,77.04412566109562
17845,71.3,77.04412566109562
12124,89.5,77.04412566109562
9547,71.35,77.04412566109562
1820,72.7,77.04412566109562
2423,81.0,77.04412566109562
7164,80.0,77.04412566109562
10557,61.0,61.00581822381872
7236,90.3,77.04412566109562
14416,86.6,77.04412566109562
9164,82.3,77.04412566109562
1212,76.7,76.19924220150708
1244,76.8,69.65892178823898
7932,66.0,77.04412566109562
20596,90.0,77.04412566109562
18469,125.2,77.04412566109562
18794,73.9,77.04412566109562
8801,78.0,84.6526437975578
2499,62.0,77.04412566109562
22653,58.5,77.04412566109562
20773,63.0,77.04412566109562
12833,94.0,77.04412566109562
3895,127.4,126.18176046015171
17407,74.3,77.04412566109562
980,84.0,77.04412566109562
3047,74.2,77.04412566109562
7320,54.6,77.04412566109562
16189,106.5,108.11663096856
9675,61.0,77.04412566109562
10662,77.35,76.96193654880634
4775,71.0,75.55040572575678
1039,48.1,77.04412566109562
15433,95.85,77.04412566109562
3495,80.5,77.04412566109562
1744,52.4,77.04412566109562
9526,70.5,77.04412566109562
19107,65.7,77.04412566109562
23099,68.0,77.04412566109562
6672,69.4,77.04412566109562
17729,90.0,93.7745163398114
4500,58.65,59.39804065144466
23151,70.0,77.04412566109562
20312,75.65,77.04412566109562
22991,78.0,77.04412566109562
22851,97.0,77.04412566109562
8483,40.0,77.04412566109562
5269,65.0,77.04412566109562
5378,61.0,77.04412566109562
7256,64.0,77.04412566109562
4157,70.1,77.04412566109562
1349,103.3,77.04412566109562
7352,80.5,80.10506281554325
18475,83.8,77.04412566109562
22976,42.8,77.04412566109562
12215,72.8,77.04412566109562
4378,67.0,77.04412566109562
12203,68.0,68.68577207201757
4019,119.2,77.04412566109562
17483,64.0,65.48921124063428
15831,50.3,77.04412566109562
2235,88.3,77.04412566109562
7434,52.75,77.04412566109562
17621,75.0,77.04412566109562
14312,78.25,77.04412566109562
1007,91.65,77.04412566109562
5823,73.0,77.04412566109562
22731,77.0,77.04412566109562
23388,77.05,77.04412566109562
23963,73.0,77.04412566109562
23271,92.0,77.04412566109562
8012,65.0,68.24635975855057
11655,84.0,77.04412566109562
22373,70.25,77.04412566109562
7960,87.1,77.04412566109562
12310,84.0,77.04412566109562
572,72.7,77.04412566109562
20268,66.0,77.04412566109562
5020,119.8,126.38242071214154
19675,83.1,77.04412566109562
13853,58.5,77.04412566109562
11110,61.0,77.04412566109562
19992,84.1,77.04412566109562
12637,57.4,77.04412566109562
19377,75.0,81.75433681068512
20498,51.0,52.27178616721708
12839,80.8,77.04412566109562
2275,58.5,77.04412566109562
369,74.5,77.04412566109562
1293,104.4,77.04412566109562
23082,57.8,77.04412566109562
6234,84.8,77.04412566109562
17339,37.7,77.04412566109562
10197,77.0,78.29877302767498
9107,55.95,77.04412566109562
17855,68.0,77.04412566109562
13681,68.7,77.04412566109562
4142,66.0,77.04412566109562
670,83.0,77.04412566109562
9257,136.0,136.32247781404752
13049,71.2,77.04412566109562
6528,93.05,77.04412566109562
1192,42.25,45.894145233787626
1755,46.4,77.04412566109562
1921,100.0,95.74480053885574
10845,62.5,77.04412566109562
7324,85.0,89.81252285869263
15271,91.5,77.04412566109562
3153,90.2,77.04412566109562
13966,72.0,74.1633043985888
15332,61.8,54.94914230205083
3159,92.0,77.04412566109562
3280,59.0,58.36307393601227
5593,71.0,77.04412566109562
19717,91.3,77.04412566109562
22974,42.5,77.04412566109562
4825,90.95,77.04412566109562
6218,102.3,77.04412566109562
21655,59.8,58.99353986841429
13590,58.1,77.04412566109562
19564,86.9,77.04412566109562
19604,60.1,77.04412566109562
3974,78.3,77.04412566109562
23858,71.6,77.04412566109562
22569,96.0,77.04412566109562
1402,68.0,64.68751758884956
10351,87.9,77.04412566109562
14888,62.4,77.04412566109562
752,66.9,77.04412566109562
14478,72.0,77.04412566109562
15508,100.0,77.04412566109562
1661,87.5,77.04412566109562
18374,89.3,77.04412566109562
3453,102.4,77.04412566109562
8250,73.05,77.04412566109562
21240,66.6,77.04412566109562
5825,73.0,77.04412566109562
10775,73.3,77.04412566109562
482,98.6,91.92263577273918
6745,94.2,77.04412566109562
5907,90.0,77.04412566109562
6988,88.0,77.04412566109562
8707,75.6,77.04412566109562
5411,63.0,77.04412566109562
9667,58.55,77.04412566109562
9028,104.0,77.04412566109562
17870,81.6,77.04412566109562
614,65.6,77.04412566109562
17265,47.1,77.04412566109562
11663,64.0,77.04412566109562
15986,58.85,77.04412566109562
15159,70.2,77.04412566109562
21844,74.3,73.22558986401994
5196,67.7,77.04412566109562
5543,104.5,77.04412566109562
3143,65.3,77.04412566109562
15310,78.2,77.78890662650724
3439,78.6,77.04412566109562
9989,99.6,77.04412566109562
18183,119.0,77.04412566109562
3105,103.1,77.04412566109562
1424,77.0,77.04412566109562
4132,70.0,77.04412566109562
15880,61.0,61.127162018909154
648,130.4,129.42029938434916
1529,66.2,67.28055762876942
11437,79.3,77.04412566109562
14782,129.7,77.04412566109562
562,91.9,77.04412566109562
16976,60.9,77.04412566109562
1644,86.3,87.68281754949535
15082,66.5,77.04412566109562
10757,61.1,77.04412566109562
6549,75.0,77.04412566109562
8897,71.6,77.04412566109562
5089,122.6,77.04412566109562
2115,77.1,77.04412566109562
5648,60.0,77.04412566109562
20276,111.1,77.04412566109562
20937,88.0,85.34626330227428
14437,64.9,77.04412566109562
22501,64.4,77.04412566109562
19676,57.7,77.04412566109562
21919,84.4,77.04412566109562
6044,84.2,77.04412566109562
18861,94.0,77.04412566109562
4979,81.0,77.04412566109562
5896,74.9,77.04412566109562
12302,55.6,77.04412566109562
16092,84.8,77.04412566109562
8846,109.0,77.04412566109562
5703,78.9,77.04412566109562
12954,65.0,77.04412566109562
23789,92.0,77.04412566109562
11624,68.3,77.04412566109562
20131,50.0,77.04412566109562
21236,66.3,77.04412566109562
1632,55.75,77.04412566109562
13066,67.15,77.04412566109562
2483,65.0,77.04412566109562
18796,76.0,77.04412566109562
10028,82.0,77.04412566109562
10874,90.3,77.04412566109562
14599,73.5,77.04412566109562
7332,92.0,77.04412566109562
2250,60.0,77.04412566109562
22120,88.0,77.04412566109562
20994,66.0,77.04412566109562
5587,92.5,77.04412566109562
11053,82.0,77.04412566109562
12027,72.15,77.04412566109562
12805,66.0,76.02300088341224
2721,63.0,77.04412566109562
9397,68.0,77.04412566109562
18957,49.0,77.04412566109562
6699,77.0,77.04412566109562
9342,81.9,77.04412566109562
6504,34.6,77.04412566109562
13171,73.0,76.62625598902584
5971,68.2,77.04412566109562
21175,84.0,77.04412566109562
518,72.9,77.04412566109562
9141,64.8,77.04412566109562
23577,104.0,77.04412566109562
19057,72.0,77.04412566109562
6038,86.8,77.04412566109562
15778,158.0,77.04412566109562
23567,65.2,77.04412566109562
14559,72.1,77.04412566109562
10843,62.25,77.04412566109562
12901,79.5,77.04412566109562
8794,83.0,77.04412566109562
13200,76.45,77.04412566109562
9230,72.0,77.04412566109562
13487,77.5,77.04412566109562
12223,73.9,77.04412566109562
10814,80.0,79.18070488563106
18457,127.5,77.04412566109562
510,70.3,77.04412566109562
151,74.5,77.04412566109562
23715,74.3,77.04412566109562
23165,47.0,77.04412566109562
2894,75.1,77.04412566109562
2234,86.75,77.04412566109562
13430,62.8,77.04412566109562
8920,70.5,77.04412566109562
18968,47.9,77.04412566109562
2083,66.3,77.04412566109562
23361,73.0,77.04412566109562
22351,77.0,77.04412566109562
4479,66.0,77.04412566109562
6180,62.4,77.04412566109562
23132,63.7,77.04412566109562
23472,75.8,77.04412566109562
18586,119.0,77.04412566109562
5354,100.0,77.04412566109562
6217,100.6,77.04412566109562
20790,161.0,77.04412566109562
9318,48.0,77.04412566109562
8558,81.3,77.04412566109562
15418,80.0,71.93758381294147
5048,80.0,80.61906368438204
5476,52.0,77.04412566109562
432,68.0,77.04412566109562
15574,65.0,77.04412566109562
5527,48.2,77.04412566109562
9540,86.8,77.04412566109562
2362,75.3,77.04412566109562
349,61.5,77.04412566109562
3485,88.6,77.04412566109562
21513,81.0,77.04412566109562
18334,60.0,77.04412566109562
16970,99.2,101.45662102699258
19680,59.7,77.04412566109562
6594,59.3,77.04412566109562
3696,109.5,77.04412566109562
3435,79.7,77.04412566109562
7412,91.0,97.42115386903251
22430,122.0,77.04412566109562
1199,87.3,86.68160256143784
9974,72.5,73.08655236157162
1742,50.7,77.04412566109562
23921,140.1,77.04412566109562
18430,67.6,77.04412566109562
21712,86.0,77.04412566109562
18964,48.6,77.04412566109562
21464,75.6,79.16036865128021
16890,94.4,77.04412566109562
1480,67.0,77.04412566109562
10530,70.0,77.04412566109562
9859,85.0,86.07878827808061
16390,66.0,64.79323686372778
13503,115.3,117.3686851076075
22490,83.6,77.04412566109562
8267,71.4,77.04412566109562
13489,54.0,77.04412566109562
10100,77.2,77.04412566109562
9202,69.3,77.04412566109562
13955,99.05,77.04412566109562
4516,87.75,77.04412566109562
18267,93.0,77.04412566109562
7994,95.7,77.04412566109562
17192,64.5,77.04412566109562
22202,100.0,100.83984532407533
23473,73.0,77.04412566109562
677,61.6,77.04412566109562
3993,97.0,96.55447866814224
3586,48.1,77.04412566109562
19879,98.4,77.04412566109562
19997,52.3,51.75742353012421
14593,75.0,77.04412566109562
1939,100.4,77.04412566109562
19427,74.5,77.04412566109562
19434,63.05,70.03195588165352
23345,106.0,77.04412566109562
2887,67.4,77.04412566109562
19481,87.9,77.04412566109562
18229,94.7,77.04412566109562
17492,80.0,77.04412566109562
6333,58.0,77.04412566109562
8236,142.4,77.04412566109562
12164,75.0,75.77358136642843
23982,72.0,77.04412566109562
17557,58.0,77.04412566109562
22945,122.0,77.04412566109562
1812,95.5,77.04412566109562
15019,78.7,84.48988032262143
17947,69.8,69.73644353747106
18294,74.2,77.04412566109562
17404,74.4,77.04412566109562
22692,75.0,77.04412566109562
19460,74.4,77.04412566109562
3507,101.4,77.04412566109562
18291,105.7,77.04412566109562
1019,125.0,77.04412566109562
4630,60.0,77.04412566109562
13031,67.7,77.04412566109562
9762,68.6,77.04412566109562
10927,91.5,94.54969472632988
4316,79.0,76.38899231205824
19311,91.7,77.04412566109562
16009,106.0,108.72359128969681
303,70.1,77.04412566109562
13595,62.0,77.04412566109562
20043,77.95,77.04412566109562
1194,42.65,77.04412566109562
4357,56.3,77.04412566109562
17708,101.0,97.89511776181455
