,y_test,prediction
4067,67.4,77.08480554146857
22278,110.9,77.08480554146857
15779,158.8,77.08480554146857
13543,98.8,100.30700000000004
16617,66.1,77.08480554146857
18426,67.95,77.08480554146857
10161,83.4,77.08480554146857
15247,119.7,77.08480554146857
20646,62.6,77.08480554146857
21406,131.3,77.08480554146857
5299,57.9,77.08480554146857
10140,77.1,72.96499999999999
10866,80.2,77.08480554146857
18047,63.1,77.08480554146857
13409,101.0,77.08480554146857
4579,92.3,77.08480554146857
1943,102.7,77.08480554146857
7315,61.5,77.08480554146857
19401,51.9,77.08480554146857
11583,81.7,77.08480554146857
12092,73.0,83.53
2637,71.05,77.08480554146857
11749,83.3,77.08480554146857
11934,91.3,77.08480554146857
7242,96.8,77.08480554146857
20178,49.4,77.08480554146857
5461,58.15,77.08480554146857
13931,110.2,77.08480554146857
8742,126.9,77.08480554146857
608,64.8,77.08480554146857
20542,137.8,77.08480554146857
14273,130.8,77.08480554146857
23404,87.0,77.08480554146857
5017,63.8,77.08480554146857
5110,83.9,77.08480554146857
6867,57.1,77.08480554146857
21959,81.3,77.08480554146857
1798,65.0,77.08480554146857
7814,99.4,77.08480554146857
17815,88.0,86.20200000000001
6489,123.6,77.08480554146857
22532,80.4,77.08480554146857
1395,66.4,77.08480554146857
4719,78.9,77.08480554146857
13076,58.2,77.08480554146857
19051,55.0,61.12250000000001
21883,73.8,77.08480554146857
15116,51.9,77.08480554146857
22322,132.1,77.08480554146857
17705,78.5,77.08480554146857
8027,75.4,77.08480554146857
2898,60.5,60.63199999999999
8204,80.5,77.08480554146857
22584,66.5,77.08480554146857
15679,96.15,77.08480554146857
118,104.6,77.08480554146857
7513,67.0,77.08480554146857
23520,70.5,77.08480554146857
463,67.6,77.08480554146857
15168,100.0,77.08480554146857
7178,83.0,77.08480554146857
1573,54.2,77.08480554146857
15606,94.0,77.08480554146857
14486,71.0,77.08480554146857
12951,85.0,83.9270860829493
8286,72.4,77.08480554146857
22332,135.0,77.08480554146857
1263,68.8,70.61700000000002
22356,79.9,77.08480554146857
21838,62.2,77.08480554146857
21588,85.0,77.08480554146857
867,60.4,77.08480554146857
3964,141.0,77.08480554146857
18709,121.0,77.08480554146857
21597,85.0,77.08480554146857
22849,64.5,77.08480554146857
1534,64.1,77.08480554146857
2699,55.6,77.08480554146857
3824,120.0,77.08480554146857
10286,59.0,77.08480554146857
19963,84.6,77.08480554146857
23204,58.0,77.08480554146857
18231,56.55,77.08480554146857
14785,130.5,77.08480554146857
16305,56.0,77.08480554146857
19807,71.0,65.13399999999999
11412,48.3,77.08480554146857
8917,70.8,77.08480554146857
1330,90.1,77.08480554146857
5228,63.0,77.08480554146857
16619,66.8,77.08480554146857
12437,105.3,107.40699999999998
4658,61.95,77.08480554146857
8912,68.4,77.08480554146857
20197,65.4,95.92199999999998
11175,98.25,77.08480554146857
4675,54.5,54.17350000000001
20547,134.6,77.08480554146857
14770,85.1,77.08480554146857
15686,80.8,77.08480554146857
14537,51.5,53.90299999999999
14383,81.8,77.08480554146857
9776,97.35,77.08480554146857
5747,63.0,77.08480554146857
4207,71.8,77.08480554146857
15022,55.0,77.08480554146857
21698,67.2,77.08480554146857
2738,97.8,77.08480554146857
20999,93.0,77.08480554146857
12594,77.0,78.91299999999997
6557,78.15,77.08480554146857
18804,119.6,77.08480554146857
19639,83.65,77.08480554146857
16846,49.9,77.08480554146857
15554,61.0,77.08480554146857
7205,56.3,77.08480554146857
386,58.4,77.08480554146857
21050,101.2,77.08480554146857
1891,54.35,77.08480554146857
17759,79.0,77.08480554146857
23332,58.0,77.08480554146857
9698,79.5,77.08480554146857
13532,82.2,77.08480554146857
3545,53.0,77.08480554146857
3079,78.0,77.08480554146857
20322,82.8,77.08480554146857
13521,77.6,77.08480554146857
2154,63.0,62.43050000000002
1692,94.0,96.69900000000001
2077,66.7,77.08480554146857
12002,86.6,77.08480554146857
20210,88.95,77.08480554146857
10592,75.0,76.88950000000001
5921,90.0,77.08480554146857
1815,78.0,61.72199999999999
22544,80.0,77.08480554146857
4645,73.05,77.08480554146857
21148,50.9,77.08480554146857
10968,106.0,77.08480554146857
17397,101.0,102.01399999999998
837,70.8,77.08480554146857
2035,90.0,77.08480554146857
4025,95.5,94.04600000000002
9131,109.6,77.08480554146857
17228,68.0,77.08480554146857
14761,57.25,77.08480554146857
7044,78.3,77.08480554146857
11558,96.3,77.08480554146857
5154,101.0,77.08480554146857
693,60.1,77.08480554146857
5998,99.8,77.08480554146857
2373,60.5,77.08480554146857
13023,66.55,77.08480554146857
11864,76.8,77.08480554146857
7886,91.0,77.08480554146857
22402,44.0,77.08480554146857
10913,62.3,77.08480554146857
17083,60.3,77.08480554146857
420,96.7,77.08480554146857
12000,84.9,84.53099999999999
5814,88.0,77.08480554146857
21065,68.0,77.08480554146857
23022,86.7,77.08480554146857
2911,69.2,88.0275
16745,66.6,77.08480554146857
5015,62.2,77.08480554146857
22504,64.3,77.08480554146857
21460,64.0,77.08480554146857
11037,95.0,77.08480554146857
1056,85.0,77.08480554146857
18499,65.4,77.08480554146857
7201,61.45,77.08480554146857
18016,50.8,77.08480554146857
4140,66.0,67.848
19042,52.8,77.08480554146857
1209,60.0,61.39999999999999
10892,63.75,77.08480554146857
17651,71.3,77.08480554146857
229,104.4,77.08480554146857
8697,77.5,77.08480554146857
21061,56.0,77.08480554146857
20855,108.6,77.08480554146857
21975,72.1,77.08480554146857
4742,61.5,77.08480554146857
7413,56.3,77.08480554146857
15944,89.0,87.361
16925,76.6,77.08480554146857
20985,89.5,77.08480554146857
19731,154.0,77.08480554146857
23561,48.05,77.08480554146857
19380,57.1,77.08480554146857
1410,56.7,77.08480554146857
18790,62.2,77.08480554146857
18048,62.7,77.08480554146857
8430,92.1,77.08480554146857
2358,73.5,77.08480554146857
11168,52.9,77.08480554146857
8639,56.0,77.08480554146857
14744,79.1,77.08480554146857
12295,110.0,77.08480554146857
11572,74.0,77.08480554146857
14359,72.3,77.08480554146857
2364,66.4,65.8575
19291,62.7,77.08480554146857
17033,108.0,77.08480554146857
8933,64.0,68.09900000000002
9129,108.0,77.08480554146857
11868,79.2,77.08480554146857
6647,76.0,77.08480554146857
23931,78.0,77.08480554146857
13814,66.3,77.08480554146857
4482,90.0,77.08480554146857
20357,97.0,97.42300000000002
11799,67.0,77.08480554146857
2733,74.0,77.08480554146857
18041,60.1,77.08480554146857
13233,52.6,77.08480554146857
19031,60.1,77.08480554146857
10502,79.0,77.08480554146857
4496,56.5,77.08480554146857
947,68.6,77.08480554146857
4063,67.3,77.08480554146857
13156,84.0,77.08480554146857
20826,88.7,77.08480554146857
9323,120.0,77.08480554146857
959,88.0,95.87899999999999
19835,100.4,102.44800000000001
2045,75.0,77.08480554146857
1808,75.2,76.91600000000001
15369,78.0,77.08480554146857
9560,73.8,77.08480554146857
6379,71.0,77.08480554146857
21830,57.4,77.08480554146857
15931,58.5,77.08480554146857
23883,67.8,77.08480554146857
7754,47.25,77.08480554146857
9073,53.5,77.08480554146857
4319,64.0,77.08480554146857
8767,50.25,77.08480554146857
21849,71.0,77.08480554146857
8898,70.5,77.08480554146857
8602,61.0,77.08480554146857
7132,172.0,77.08480554146857
6240,85.3,77.08480554146857
10955,54.7,77.08480554146857
2949,84.5,77.08480554146857
20717,76.0,71.91649999999998
15183,80.0,77.08480554146857
4235,48.6,77.08480554146857
18364,81.8,77.08480554146857
5596,101.6,77.08480554146857
4032,71.3,77.08480554146857
19097,50.5,77.08480554146857
10417,96.3,77.08480554146857
978,106.0,106.44699999999995
17681,96.0,95.51899999999999
12504,112.8,77.08480554146857
18775,59.7,77.08480554146857
19326,73.0,77.08480554146857
384,57.6,77.08480554146857
738,54.7,77.08480554146857
19893,68.9,77.08480554146857
7241,97.5,77.08480554146857
19192,74.9,77.08480554146857
20367,118.6,77.08480554146857
4805,93.5,77.08480554146857
10783,52.0,77.08480554146857
3770,80.4,77.08480554146857
19958,83.7,77.08480554146857
17216,91.0,91.30999999999999
14469,77.5,77.08480554146857
1827,68.25,77.08480554146857
9067,85.5,87.10799999999998
8216,73.5,77.08480554146857
20169,47.4,77.08480554146857
287,91.8,77.08480554146857
16695,65.6,77.08480554146857
8684,76.3,77.08480554146857
21970,75.0,77.08480554146857
10681,60.3,77.08480554146857
23141,71.0,77.08480554146857
5063,77.9,76.95596121968451
22989,77.3,77.08480554146857
13079,51.0,51.028
20224,51.8,77.08480554146857
7949,89.2,77.08480554146857
8312,80.0,77.08480554146857
9842,78.0,77.08480554146857
16315,61.2,77.08480554146857
13897,80.5,77.08480554146857
4400,69.9,77.08480554146857
23875,62.0,77.08480554146857
19062,84.0,77.08480554146857
20180,49.45,77.08480554146857
1309,76.1,76.5355
17237,66.05,77.08480554146857
5087,125.4,77.08480554146857
451,57.75,77.08480554146857
22183,57.7,77.08480554146857
2905,159.0,77.08480554146857
19123,70.2,77.08480554146857
14697,96.0,77.08480554146857
21528,80.1,77.08480554146857
7282,62.5,77.08480554146857
20443,55.0,77.08480554146857
23030,72.0,77.08480554146857
21960,80.9,77.08480554146857
9953,68.0,77.08480554146857
4219,67.0,77.08480554146857
17599,59.7,77.08480554146857
8761,124.0,77.08480554146857
439,67.0,77.08480554146857
9759,68.7,77.08480554146857
14197,95.0,77.08480554146857
2288,71.6,77.08480554146857
19975,85.7,77.08480554146857
11559,94.3,77.08480554146857
5184,64.0,77.08480554146857
11688,92.0,77.08480554146857
23149,77.8,77.08480554146857
10881,80.0,77.08480554146857
9065,79.0,77.08480554146857
11610,78.0,77.08480554146857
14018,69.0,68.958
14959,65.0,77.08480554146857
6479,96.0,77.08480554146857
4589,53.4,77.08480554146857
14789,129.5,77.08480554146857
9910,101.4,77.08480554146857
22662,65.5,77.08480554146857
16673,70.0,77.08480554146857
3925,93.0,90.73849999999997
1805,75.7,77.08480554146857
14847,100.0,77.08480554146857
12743,61.7,56.72750000000002
13793,64.55,77.08480554146857
78,53.1,77.08480554146857
10010,48.7,49.40333333333332
15423,99.2,77.08480554146857
1877,102.0,102.51299999999999
7465,76.0,80.10350000000001
22158,68.2,77.08480554146857
20515,120.6,77.08480554146857
5673,82.0,81.36199999999997
1866,71.5,73.8455
12280,92.15,77.08480554146857
21620,66.35,77.08480554146857
12867,56.5,77.08480554146857
6014,94.95,77.08480554146857
21223,75.8,77.08480554146857
15586,88.0,77.08480554146857
4226,180.0,77.08480554146857
17355,79.0,77.08480554146857
17360,81.2,77.08480554146857
16163,125.7,77.08480554146857
8004,101.0,102.404
12861,87.0,85.91499999999995
2276,58.1,77.08480554146857
18015,52.0,77.08480554146857
4538,70.0,77.08480554146857
4005,82.9,77.08480554146857
23745,84.0,77.08480554146857
17742,102.3,77.08480554146857
4365,108.3,77.08480554146857
1067,55.1,77.08480554146857
18647,79.0,77.08480554146857
17616,143.2,111.973
22496,64.5,77.08480554146857
13505,72.5,77.08480554146857
17380,78.0,77.08480554146857
17484,78.8,74.09299999999999
2834,78.0,77.08480554146857
5279,77.0,75.3775
18844,65.7,77.08480554146857
828,83.1,77.08480554146857
10669,78.8,77.08480554146857
11018,117.5,77.08480554146857
12661,60.0,77.08480554146857
9947,60.1,77.08480554146857
5780,146.0,146.57999999999998
15016,83.4,85.80599999999997
3394,67.45,77.08480554146857
19341,69.0,77.08480554146857
5126,63.0,77.08480554146857
6957,49.6,77.08480554146857
9847,69.0,77.08480554146857
19471,66.3,77.08480554146857
408,67.7,77.08480554146857
2884,68.2,77.08480554146857
14271,132.4,77.08480554146857
21749,73.4,77.08480554146857
6026,112.3,77.08480554146857
18509,72.5,77.08480554146857
22886,84.0,77.08480554146857
2055,98.7,77.08480554146857
13534,83.3,77.08480554146857
4410,63.15,77.08480554146857
10157,100.0,91.61450000000005
6298,70.3,77.08480554146857
1520,90.1,99.26299999999996
6210,99.4,77.08480554146857
9826,82.0,80.14200000000001
15135,82.1,80.68700000000001
3756,53.7,77.08480554146857
7151,71.0,73.80679924917878
807,66.8,77.08480554146857
15599,70.4,77.08480554146857
9771,127.0,77.08480554146857
2314,88.1,88.12550000000002
18432,69.5,77.08480554146857
17052,75.0,77.08480554146857
9248,61.6,77.08480554146857
18962,48.9,77.08480554146857
16496,157.0,77.08480554146857
11129,105.0,106.83899999999998
11800,66.0,77.08480554146857
4661,62.3,61.82200000000001
17793,85.5,77.08480554146857
20140,76.0,77.08480554146857
13118,69.1,77.08480554146857
10231,54.15,77.08480554146857
10167,75.0,77.08480554146857
14794,53.2,77.08480554146857
16197,99.0,102.55150000000002
22054,83.6,77.08480554146857
10235,53.45,77.08480554146857
9509,78.0,77.08480554146857
3108,101.1,77.08480554146857
5808,69.0,77.08480554146857
10976,122.2,77.08480554146857
18324,57.0,77.08480554146857
9277,66.8,77.08480554146857
943,65.4,77.08480554146857
9878,76.4,74.85124978510052
1670,56.1,77.08480554146857
1011,92.4,77.08480554146857
6349,97.0,77.08480554146857
12969,73.9,77.08480554146857
8914,69.7,77.08480554146857
20909,64.0,77.08480554146857
1588,94.75,77.08480554146857
23857,68.0,77.08480554146857
4193,85.0,77.08480554146857
16511,68.2,77.08480554146857
4667,85.0,84.03000000000002
21856,55.95,77.08480554146857
4167,97.4,77.08480554146857
21599,84.9,77.08480554146857
10832,94.0,95.8695
21527,79.2,77.08480554146857
13894,81.5,77.08480554146857
7224,95.7,77.08480554146857
19953,120.2,77.08480554146857
12749,90.0,77.08480554146857
5180,57.5,77.08480554146857
10697,81.5,79.157
9760,68.65,77.08480554146857
10835,63.85,77.08480554146857
1030,87.3,77.08480554146857
2885,67.2,77.08480554146857
20245,94.6,77.08480554146857
82,67.05,77.08480554146857
23302,59.0,77.08480554146857
920,58.4,77.08480554146857
13663,64.3,68.56099999999998
14514,47.6,77.08480554146857
328,114.3,77.08480554146857
23827,78.0,77.08480554146857
2753,55.8,77.08480554146857
697,60.9,77.08480554146857
2943,83.65,77.08480554146857
12206,71.0,77.08480554146857
20524,85.7,77.08480554146857
7136,78.15,77.08480554146857
6091,84.6,77.08480554146857
13437,64.0,77.08480554146857
14791,53.7,77.08480554146857
12179,94.4,77.08480554146857
19933,94.5,77.08480554146857
18651,95.0,77.08480554146857
14905,45.9,44.733999999999995
14670,56.4,77.08480554146857
3249,69.0,77.08480554146857
15119,51.5,77.08480554146857
17654,71.25,77.08480554146857
9755,62.8,77.08480554146857
12792,80.2,77.08480554146857
19202,77.9,77.08480554146857
21926,85.3,77.08480554146857
22893,74.9,77.08480554146857
1509,104.0,103.887
2074,66.35,77.08480554146857
180,70.0,77.08480554146857
15593,90.1,77.08480554146857
11678,90.2,77.08480554146857
6189,61.0,77.08480554146857
14564,64.0,77.08480554146857
4641,76.2,77.08480554146857
9218,56.8,77.08480554146857
16472,94.2,77.08480554146857
5484,70.5,77.08480554146857
11874,97.4,77.08480554146857
12153,77.6,77.08480554146857
11360,74.8,77.08480554146857
20164,70.5,77.08480554146857
10310,90.1,77.08480554146857
776,66.8,77.08480554146857
21020,40.4,77.08480554146857
4519,87.0,77.08480554146857
11867,78.8,77.08480554146857
5672,70.0,77.08480554146857
906,54.2,77.08480554146857
1915,68.0,77.08480554146857
10574,65.0,62.41900000000001
16907,75.0,77.08480554146857
22248,63.3,77.08480554146857
10376,69.7,77.08480554146857
5623,89.5,77.08480554146857
10217,66.5,68.577
18809,99.0,77.08480554146857
18206,71.9,77.08480554146857
21160,105.0,77.08480554146857
741,54.8,77.08480554146857
19425,74.6,77.08480554146857
14554,66.1,77.08480554146857
6554,77.8,77.08480554146857
18798,120.3,77.08480554146857
16952,80.7,77.08480554146857
1312,78.9,78.40299999999999
22339,68.0,72.63200000000002
11193,47.5,77.08480554146857
16861,67.4,77.08480554146857
4183,74.5,75.92651558411215
5924,79.6,77.08480554146857
1928,77.0,77.08480554146857
10653,64.0,67.24750000000002
15140,85.0,77.08480554146857
15437,95.8,77.08480554146857
20292,78.45,77.08480554146857
13628,66.3,70.55549999999995
19448,74.5,77.08480554146857
17318,66.8,77.08480554146857
18826,200.0,77.08480554146857
3787,64.95,77.08480554146857
6485,123.8,77.08480554146857
23951,76.0,77.08480554146857
7454,85.0,77.08480554146857
19577,70.0,77.08480554146857
22486,85.0,77.08480554146857
17155,67.4,77.08480554146857
22581,76.0,77.08480554146857
19888,36.6,77.08480554146857
20704,68.0,77.08480554146857
11831,63.2,77.08480554146857
20250,69.6,77.08480554146857
1714,94.4,92.76899999999999
3056,83.3,77.08480554146857
13879,54.8,77.08480554146857
4279,77.4,77.08480554146857
21354,60.0,77.08480554146857
8485,39.7,77.08480554146857
2643,53.5,59.84749999999999
14199,88.3,77.08480554146857
1045,86.3,77.08480554146857
15042,101.5,77.08480554146857
11137,68.5,77.08480554146857
12109,90.05,77.08480554146857
17820,69.4,77.08480554146857
20153,99.0,79.1035
267,86.8,77.08480554146857
20510,61.5,77.08480554146857
11679,86.0,77.08480554146857
1328,65.6,77.08480554146857
2608,75.85,77.08480554146857
12615,85.45,77.08480554146857
6863,57.4,77.08480554146857
4007,110.3,112.885
7130,82.0,77.08480554146857
5619,90.35,77.08480554146857
4428,72.2,77.08480554146857
21368,65.6,77.08480554146857
15455,67.5,77.08480554146857
2211,82.0,77.08480554146857
20959,73.7,77.08480554146857
19450,75.0,77.08480554146857
21624,63.25,77.08480554146857
18161,98.0,107.03699999999999
13393,64.0,77.08480554146857
22633,78.0,77.08480554146857
1620,121.1,77.08480554146857
240,62.6,77.08480554146857
16349,61.5,77.08480554146857
22645,68.0,77.08480554146857
12853,83.2,77.08480554146857
12684,60.0,77.08480554146857
21803,77.5,77.08480554146857
11081,53.7,77.08480554146857
91,50.5,77.08480554146857
10924,62.6,60.827
6448,59.6,77.08480554146857
11021,73.0,77.08480554146857
5652,62.1,77.08480554146857
839,72.45,77.08480554146857
6156,83.7,77.08480554146857
14339,64.0,77.08480554146857
8221,149.4,77.08480554146857
290,91.2,77.08480554146857
23116,50.0,77.08480554146857
9349,61.7,77.08480554146857
20766,79.5,77.08480554146857
2355,73.0,77.08480554146857
19405,93.6,92.95000000000002
480,99.8,77.08480554146857
20501,76.5,72.47400000000002
16723,92.6,77.08480554146857
22537,77.0,77.08480554146857
5777,70.5,71.6465
6564,98.5,77.08480554146857
5043,54.0,53.75149999999999
17888,78.9,77.08480554146857
5322,68.9,77.08480554146857
18738,55.4,77.08480554146857
13358,58.75,77.08480554146857
17998,41.0,77.08480554146857
22710,87.8,77.08480554146857
10722,66.2,77.08480554146857
11170,52.4,77.08480554146857
22601,118.7,77.08480554146857
10561,68.8,77.08480554146857
19068,85.2,77.08480554146857
3952,76.7,77.08480554146857
13795,64.25,77.08480554146857
14474,70.0,77.08480554146857
14067,81.55,77.08480554146857
6855,44.0,44.227
20189,90.0,77.08480554146857
16736,60.0,77.08480554146857
2169,60.0,77.08480554146857
7521,81.7,77.08480554146857
11448,46.4,77.08480554146857
12152,79.2,77.08480554146857
21684,70.0,77.08480554146857
19684,51.1,77.08480554146857
22524,72.5,77.08480554146857
12065,77.75,77.08480554146857
1612,74.7,77.08480554146857
21176,64.2,77.08480554146857
1332,91.2,77.08480554146857
14295,79.5,77.08480554146857
7981,70.4,70.3714218059111
5259,94.0,77.08480554146857
6031,111.6,77.08480554146857
12919,105.8,77.08480554146857
19423,74.3,77.08480554146857
23163,64.0,77.08480554146857
17912,74.3,77.08480554146857
16266,54.3,77.08480554146857
5195,69.0,77.08480554146857
14415,87.0,77.08480554146857
14656,53.3,77.08480554146857
20771,81.8,77.08480554146857
6002,99.0,77.08480554146857
1497,78.7,77.08480554146857
20494,86.5,77.08480554146857
8327,88.75,77.08480554146857
13236,59.0,77.08480554146857
12135,77.7,77.08480554146857
19349,96.0,77.08480554146857
20803,98.2,77.08480554146857
7608,75.5,77.08480554146857
3873,47.0,49.03816666666664
17776,133.4,77.08480554146857
22001,45.8,77.08480554146857
16746,66.8,77.08480554146857
3906,75.0,75.69699999999997
5159,52.0,77.08480554146857
13395,57.0,57.537499999999994
15992,59.1,77.08480554146857
4832,66.0,77.08480554146857
15148,97.0,77.08480554146857
8552,80.3,77.08480554146857
4391,72.2,77.08480554146857
567,71.5,77.08480554146857
19310,90.5,77.08480554146857
22058,83.8,77.08480554146857
20824,87.4,77.08480554146857
4582,67.6,69.73999999999997
5836,65.3,77.08480554146857
22983,76.2,77.08480554146857
3397,68.4,77.08480554146857
10826,89.0,85.66149999999998
1723,87.2,87.54499999999999
10037,83.0,77.08480554146857
13072,85.2,77.08480554146857
7195,90.2,77.08480554146857
11870,78.3,77.08480554146857
22769,61.0,77.08480554146857
7640,80.0,77.08480554146857
12123,91.1,77.08480554146857
23711,64.5,77.08480554146857
22828,88.05,77.08480554146857
23961,29.0,77.08480554146857
11364,76.0,77.08480554146857
9158,51.7,77.08480554146857
7156,98.6,77.08480554146857
19857,73.4,77.08480554146857
18727,72.0,74.07971905871388
1144,95.0,77.08480554146857
3865,46.9,77.08480554146857
5853,200.0,77.08480554146857
11789,75.0,77.08480554146857
22199,87.0,77.08480554146857
20822,87.6,77.08480554146857
12251,72.4,77.08480554146857
9228,97.0,98.84900000000003
9642,55.0,56.53300000000002
18914,81.2,77.08480554146857
12500,72.0,77.08480554146857
20057,62.0,77.08480554146857
23325,59.5,77.08480554146857
16803,72.8,77.08480554146857
23161,78.0,77.08480554146857
22314,63.1,77.08480554146857
7299,109.0,77.08480554146857
14313,78.8,76.6995
2218,64.2,77.08480554146857
14380,82.7,77.08480554146857
13790,66.5,77.08480554146857
7061,61.0,77.08480554146857
6704,81.9,77.08480554146857
16405,73.6,77.08480554146857
22353,52.0,62.41200000000001
12945,65.8,77.08480554146857
18260,56.3,77.08480554146857
14735,99.8,77.08480554146857
10595,83.0,77.08480554146857
1323,72.0,75.06500000000001
14481,73.0,77.08480554146857
8509,73.6,77.08480554146857
10511,50.4,77.08480554146857
16461,75.0,77.08480554146857
20073,44.4,77.08480554146857
21694,101.3,77.08480554146857
15039,100.8,77.08480554146857
5140,60.0,77.08480554146857
13231,54.3,77.08480554146857
16729,71.1,77.08480554146857
13558,91.5,100.14349999999995
20115,65.4,77.08480554146857
3619,90.0,77.08480554146857
1003,92.15,77.08480554146857
1657,87.8,77.08480554146857
16920,79.5,77.08480554146857
2110,78.45,77.08480554146857
1501,64.0,61.82849999999999
11491,65.6,77.08480554146857
2848,80.0,77.08480554146857
9539,80.0,77.08480554146857
15513,83.0,77.08480554146857
9472,75.5,77.08480554146857
5561,73.0,77.08480554146857
15811,77.0,75.26007290559673
19358,67.3,77.08480554146857
5625,85.6,77.08480554146857
4656,62.0,77.08480554146857
3140,65.35,77.08480554146857
8361,103.0,101.81949999999992
792,64.0,77.08480554146857
6443,151.8,150.97099999999998
5947,57.5,77.08480554146857
14583,68.55,77.08480554146857
4931,51.1,77.08480554146857
20407,83.7,77.08480554146857
16451,84.8,87.166
4036,107.0,106.78149999999997
20258,68.7,77.08480554146857
10247,82.4,77.08480554146857
2012,95.0,94.69600000000003
21647,47.0,49.91049999999996
13721,69.8,77.08480554146857
10951,69.1,77.08480554146857
19147,51.0,77.08480554146857
2750,56.9,77.08480554146857
7008,78.4,77.08480554146857
3162,93.2,77.08480554146857
13260,99.9,77.08480554146857
22118,72.8,77.08480554146857
7127,86.3,77.08480554146857
16910,68.4,77.08480554146857
5821,73.5,73.57550000000002
3165,90.35,77.08480554146857
17964,86.0,77.08480554146857
17545,71.0,72.49199999999999
9261,45.0,44.33599999999999
20463,53.0,77.08480554146857
11158,55.0,58.505500000000005
6027,110.9,77.08480554146857
5800,97.0,77.08480554146857
20904,106.1,77.08480554146857
23348,79.3,77.08480554146857
4042,91.0,90.22049999999999
14915,86.8,77.08480554146857
79,52.1,77.08480554146857
21700,62.0,77.08480554146857
15709,31.85,77.08480554146857
19201,78.1,77.08480554146857
15611,60.0,62.666
17234,66.25,77.08480554146857
4470,72.0,77.08480554146857
6052,73.8,77.08480554146857
8647,117.0,114.62299999999999
18958,48.2,77.08480554146857
21055,97.2,77.08480554146857
22263,85.0,68.45
12022,51.6,77.08480554146857
6094,44.9,77.08480554146857
7158,98.6,77.08480554146857
15498,56.75,77.08480554146857
5305,72.3,77.08480554146857
9373,61.0,77.08480554146857
20111,62.2,63.428000000000004
3816,56.8,77.08480554146857
11522,98.0,77.08480554146857
23081,79.0,77.08480554146857
8011,49.0,50.57799999999998
5750,62.0,77.08480554146857
22384,86.4,77.08480554146857
4990,58.85,77.08480554146857
4557,84.0,77.08480554146857
18150,70.2,77.08480554146857
23317,52.0,77.08480554146857
6798,79.5,77.08480554146857
11424,92.0,77.08480554146857
2621,75.0,77.08480554146857
2238,86.9,77.08480554146857
20365,118.8,77.08480554146857
16529,63.6,77.08480554146857
11883,74.2,77.08480554146857
22280,80.6,77.08480554146857
6106,81.9,77.08480554146857
35,90.0,77.08480554146857
15319,55.0,77.08480554146857
17319,67.0,77.08480554146857
12568,78.2,77.08480554146857
3644,112.9,77.08480554146857
4746,60.6,77.08480554146857
14600,72.7,77.08480554146857
2087,53.0,54.09450000000002
2870,81.6,87.68699999999998
9565,71.0,77.08480554146857
16465,75.6,77.08480554146857
2671,95.8,77.08480554146857
7770,63.0,77.08480554146857
21036,75.3,77.08480554146857
5348,55.9,77.08480554146857
1671,56.5,77.08480554146857
2455,66.1,77.08480554146857
217,56.0,77.08480554146857
18757,79.0,77.08480554146857
15901,120.0,77.08480554146857
266,88.7,77.08480554146857
18934,81.7,77.08480554146857
16263,54.1,77.08480554146857
13051,71.6,77.08480554146857
5350,54.0,77.08480554146857
15630,73.8,77.08480554146857
17903,91.0,77.08480554146857
12554,61.0,77.08480554146857
16832,95.3,77.08480554146857
10643,88.0,77.08480554146857
18013,51.6,77.08480554146857
9294,59.4,60.407
6481,95.0,77.08480554146857
11076,54.1,77.08480554146857
326,114.0,77.08480554146857
16551,113.6,77.08480554146857
21299,106.0,77.08480554146857
10870,91.2,77.08480554146857
12485,89.45,77.08480554146857
15284,94.0,91.76350000000002
12465,60.7,77.08480554146857
938,65.9,77.08480554146857
15174,91.0,77.08480554146857
22364,67.0,67.3665
4811,96.45,77.08480554146857
17962,82.5,77.08480554146857
11255,57.3,77.08480554146857
784,77.4,77.08480554146857
10900,66.1,77.08480554146857
13422,82.3,77.08480554146857
16206,68.0,77.08480554146857
20253,67.9,77.08480554146857
13139,56.8,77.08480554146857
14054,98.0,77.08480554146857
22808,124.0,77.08480554146857
15558,55.4,77.08480554146857
17010,83.1,77.08480554146857
17147,74.4,77.08480554146857
17772,58.75,77.08480554146857
23547,82.0,77.08480554146857
16301,56.5,77.08480554146857
14185,81.0,77.08480554146857
14801,53.5,77.08480554146857
22559,63.0,77.08480554146857
3991,97.0,77.08480554146857
21617,66.5,77.08480554146857
6330,84.8,77.08480554146857
9868,107.0,108.26799999999996
7538,68.0,77.08480554146857
12032,69.9,77.08480554146857
8143,48.3,77.08480554146857
8947,51.0,53.15899999999998
16598,51.1,77.08480554146857
10179,80.7,77.08480554146857
8307,73.0,74.52303599814084
10445,95.6,95.58650000000002
23638,96.0,77.08480554146857
14767,84.3,77.08480554146857
22979,42.6,77.08480554146857
20293,78.2,77.08480554146857
17845,71.3,77.08480554146857
12124,89.5,77.08480554146857
9547,71.35,77.08480554146857
1820,72.7,77.08480554146857
2423,81.0,77.08480554146857
7164,80.0,77.08480554146857
10557,61.0,60.818999999999996
7236,90.3,77.08480554146857
14416,86.6,77.08480554146857
9164,82.3,77.08480554146857
1212,76.7,76.51300000000002
1244,76.8,79.5115
7932,66.0,77.08480554146857
20596,90.0,77.08480554146857
18469,125.2,77.08480554146857
18794,73.9,77.08480554146857
8801,78.0,80.17600000000003
2499,62.0,77.08480554146857
22653,58.5,77.08480554146857
20773,63.0,77.08480554146857
12833,94.0,77.08480554146857
3895,127.4,127.4489999999999
17407,74.3,77.08480554146857
980,84.0,77.08480554146857
3047,74.2,77.08480554146857
7320,54.6,77.08480554146857
16189,106.5,107.95399999999998
9675,61.0,77.08480554146857
10662,77.35,73.60650000000001
4775,71.0,75.95550000000001
1039,48.1,77.08480554146857
15433,95.85,77.08480554146857
3495,80.5,77.08480554146857
1744,52.4,77.08480554146857
9526,70.5,77.08480554146857
19107,65.7,77.08480554146857
23099,68.0,77.08480554146857
6672,69.4,77.08480554146857
17729,90.0,88.44049999999997
4500,58.65,59.04600000000001
23151,70.0,77.08480554146857
20312,75.65,77.08480554146857
22991,78.0,77.08480554146857
22851,97.0,77.08480554146857
8483,40.0,77.08480554146857
5269,65.0,77.08480554146857
5378,61.0,77.08480554146857
7256,64.0,77.08480554146857
4157,70.1,77.08480554146857
1349,103.3,77.08480554146857
7352,80.5,80.16850000000002
18475,83.8,77.08480554146857
22976,42.8,77.08480554146857
12215,72.8,77.08480554146857
4378,67.0,77.08480554146857
12203,68.0,68.26
4019,119.2,77.08480554146857
17483,64.0,65.22800000000002
15831,50.3,77.08480554146857
2235,88.3,77.08480554146857
7434,52.75,77.08480554146857
17621,75.0,77.08480554146857
14312,78.25,77.08480554146857
1007,91.65,77.08480554146857
5823,73.0,77.08480554146857
22731,77.0,77.08480554146857
23388,77.05,77.08480554146857
23963,73.0,77.08480554146857
23271,92.0,77.08480554146857
8012,65.0,102.46400000000001
11655,84.0,77.08480554146857
22373,70.25,77.08480554146857
7960,87.1,77.08480554146857
12310,84.0,77.08480554146857
572,72.7,77.08480554146857
20268,66.0,77.08480554146857
5020,119.8,130.08199999999997
19675,83.1,77.08480554146857
13853,58.5,77.08480554146857
11110,61.0,77.08480554146857
19992,84.1,77.08480554146857
12637,57.4,77.08480554146857
19377,75.0,80.70649999999999
20498,51.0,52.15049999999997
12839,80.8,77.08480554146857
2275,58.5,77.08480554146857
369,74.5,77.08480554146857
1293,104.4,77.08480554146857
23082,57.8,77.08480554146857
6234,84.8,77.08480554146857
17339,37.7,77.08480554146857
10197,77.0,84.70526562209841
9107,55.95,77.08480554146857
17855,68.0,77.08480554146857
13681,68.7,77.08480554146857
4142,66.0,77.08480554146857
670,83.0,77.08480554146857
9257,136.0,138.7349999999999
13049,71.2,77.08480554146857
6528,93.05,77.08480554146857
1192,42.25,44.16299999999999
1755,46.4,77.08480554146857
1921,100.0,108.19999999999999
10845,62.5,77.08480554146857
7324,85.0,94.07899999999994
15271,91.5,77.08480554146857
3153,90.2,77.08480554146857
13966,72.0,75.65350000000001
15332,61.8,55.853500000000004
3159,92.0,77.08480554146857
3280,59.0,58.79199999999999
5593,71.0,77.08480554146857
19717,91.3,77.08480554146857
22974,42.5,77.08480554146857
4825,90.95,77.08480554146857
6218,102.3,77.08480554146857
21655,59.8,59.11349999999999
13590,58.1,77.08480554146857
19564,86.9,77.08480554146857
19604,60.1,77.08480554146857
3974,78.3,77.08480554146857
23858,71.6,77.08480554146857
22569,96.0,77.08480554146857
1402,68.0,61.92749999999999
10351,87.9,77.08480554146857
14888,62.4,77.08480554146857
752,66.9,77.08480554146857
14478,72.0,77.08480554146857
15508,100.0,77.08480554146857
1661,87.5,77.08480554146857
18374,89.3,77.08480554146857
3453,102.4,77.08480554146857
8250,73.05,77.08480554146857
21240,66.6,77.08480554146857
5825,73.0,77.08480554146857
10775,73.3,77.08480554146857
482,98.6,91.28199999999995
6745,94.2,77.08480554146857
5907,90.0,77.08480554146857
6988,88.0,77.08480554146857
8707,75.6,77.08480554146857
5411,63.0,77.08480554146857
9667,58.55,77.08480554146857
9028,104.0,77.08480554146857
17870,81.6,77.08480554146857
614,65.6,77.08480554146857
17265,47.1,77.08480554146857
11663,64.0,77.08480554146857
15986,58.85,77.08480554146857
15159,70.2,77.08480554146857
21844,74.3,73.515
5196,67.7,77.08480554146857
5543,104.5,77.08480554146857
3143,65.3,77.08480554146857
15310,78.2,79.81600000000002
3439,78.6,77.08480554146857
9989,99.6,77.08480554146857
18183,119.0,77.08480554146857
3105,103.1,77.08480554146857
1424,77.0,77.08480554146857
4132,70.0,77.08480554146857
15880,61.0,60.77500000000002
648,130.4,133.83999999999992
1529,66.2,70.42649999999996
11437,79.3,77.08480554146857
14782,129.7,77.08480554146857
562,91.9,77.08480554146857
16976,60.9,77.08480554146857
1644,86.3,89.37499999999999
15082,66.5,77.08480554146857
10757,61.1,77.08480554146857
6549,75.0,77.08480554146857
8897,71.6,77.08480554146857
5089,122.6,77.08480554146857
2115,77.1,77.08480554146857
5648,60.0,77.08480554146857
20276,111.1,77.08480554146857
20937,88.0,85.31900000000002
14437,64.9,77.08480554146857
22501,64.4,77.08480554146857
19676,57.7,77.08480554146857
21919,84.4,77.08480554146857
6044,84.2,77.08480554146857
18861,94.0,77.08480554146857
4979,81.0,77.08480554146857
5896,74.9,77.08480554146857
12302,55.6,77.08480554146857
16092,84.8,77.08480554146857
8846,109.0,77.08480554146857
5703,78.9,77.08480554146857
12954,65.0,77.08480554146857
23789,92.0,77.08480554146857
11624,68.3,77.08480554146857
20131,50.0,77.08480554146857
21236,66.3,77.08480554146857
1632,55.75,77.08480554146857
13066,67.15,77.08480554146857
2483,65.0,77.08480554146857
18796,76.0,77.08480554146857
10028,82.0,77.08480554146857
10874,90.3,77.08480554146857
14599,73.5,77.08480554146857
7332,92.0,77.08480554146857
2250,60.0,77.08480554146857
22120,88.0,77.08480554146857
20994,66.0,77.08480554146857
5587,92.5,77.08480554146857
11053,82.0,77.08480554146857
12027,72.15,77.08480554146857
12805,66.0,75.90349999999998
2721,63.0,77.08480554146857
9397,68.0,77.08480554146857
18957,49.0,77.08480554146857
6699,77.0,77.08480554146857
9342,81.9,77.08480554146857
6504,34.6,77.08480554146857
13171,73.0,74.05662848527025
5971,68.2,77.08480554146857
21175,84.0,77.08480554146857
518,72.9,77.08480554146857
9141,64.8,77.08480554146857
23577,104.0,77.08480554146857
19057,72.0,77.08480554146857
6038,86.8,77.08480554146857
15778,158.0,77.08480554146857
23567,65.2,77.08480554146857
14559,72.1,77.08480554146857
10843,62.25,77.08480554146857
12901,79.5,77.08480554146857
8794,83.0,77.08480554146857
13200,76.45,77.08480554146857
9230,72.0,77.08480554146857
13487,77.5,77.08480554146857
12223,73.9,77.08480554146857
10814,80.0,79.24600000000002
18457,127.5,77.08480554146857
510,70.3,77.08480554146857
151,74.5,77.08480554146857
23715,74.3,77.08480554146857
23165,47.0,77.08480554146857
2894,75.1,77.08480554146857
2234,86.75,77.08480554146857
13430,62.8,77.08480554146857
8920,70.5,77.08480554146857
18968,47.9,77.08480554146857
2083,66.3,77.08480554146857
23361,73.0,77.08480554146857
22351,77.0,77.08480554146857
4479,66.0,77.08480554146857
6180,62.4,77.08480554146857
23132,63.7,77.08480554146857
23472,75.8,77.08480554146857
18586,119.0,77.08480554146857
5354,100.0,77.08480554146857
6217,100.6,77.08480554146857
20790,161.0,77.08480554146857
9318,48.0,77.08480554146857
8558,81.3,77.08480554146857
15418,80.0,72.5385
5048,80.0,80.292
5476,52.0,77.08480554146857
432,68.0,77.08480554146857
15574,65.0,77.08480554146857
5527,48.2,77.08480554146857
9540,86.8,77.08480554146857
2362,75.3,77.08480554146857
349,61.5,77.08480554146857
3485,88.6,77.08480554146857
21513,81.0,77.08480554146857
18334,60.0,77.08480554146857
16970,99.2,103.22800000000001
19680,59.7,77.08480554146857
6594,59.3,77.08480554146857
3696,109.5,77.08480554146857
3435,79.7,77.08480554146857
7412,91.0,95.00749999999996
22430,122.0,77.08480554146857
1199,87.3,87.13750000000002
9974,72.5,72.90599999999999
1742,50.7,77.08480554146857
23921,140.1,77.08480554146857
18430,67.6,77.08480554146857
21712,86.0,77.08480554146857
18964,48.6,77.08480554146857
21464,75.6,81.02150000000002
16890,94.4,77.08480554146857
1480,67.0,77.08480554146857
10530,70.0,77.08480554146857
9859,85.0,86.14899999999997
16390,66.0,65.38550000000002
13503,115.3,116.95399999999997
22490,83.6,77.08480554146857
8267,71.4,77.08480554146857
13489,54.0,77.08480554146857
10100,77.2,77.08480554146857
9202,69.3,77.08480554146857
13955,99.05,77.08480554146857
4516,87.75,77.08480554146857
18267,93.0,77.08480554146857
7994,95.7,77.08480554146857
17192,64.5,77.08480554146857
22202,100.0,99.90450000000003
23473,73.0,77.08480554146857
677,61.6,77.08480554146857
3993,97.0,95.29850000000005
3586,48.1,77.08480554146857
19879,98.4,77.08480554146857
19997,52.3,53.1295
14593,75.0,77.08480554146857
1939,100.4,77.08480554146857
19427,74.5,77.08480554146857
19434,63.05,70.49100000000001
23345,106.0,77.08480554146857
2887,67.4,77.08480554146857
19481,87.9,77.08480554146857
18229,94.7,77.08480554146857
17492,80.0,77.08480554146857
6333,58.0,77.08480554146857
8236,142.4,77.08480554146857
12164,75.0,76.73500000000001
23982,72.0,77.08480554146857
17557,58.0,77.08480554146857
22945,122.0,77.08480554146857
1812,95.5,77.08480554146857
15019,78.7,83.279
17947,69.8,72.36500000000001
18294,74.2,77.08480554146857
17404,74.4,77.08480554146857
22692,75.0,77.08480554146857
19460,74.4,77.08480554146857
3507,101.4,77.08480554146857
18291,105.7,77.08480554146857
1019,125.0,77.08480554146857
4630,60.0,77.08480554146857
13031,67.7,77.08480554146857
9762,68.6,77.08480554146857
10927,91.5,90.15799999999999
4316,79.0,77.85850000000002
19311,91.7,77.08480554146857
16009,106.0,111.91999999999999
303,70.1,77.08480554146857
13595,62.0,77.08480554146857
20043,77.95,77.08480554146857
1194,42.65,77.08480554146857
4357,56.3,77.08480554146857
17708,101.0,96.31300000000002
