,y_test,prediction
4067,67.4,77.08480554146855
22278,110.9,77.08480554146855
15779,158.8,77.08480554146855
13543,98.8,100.53200000000002
16617,66.1,77.08480554146855
18426,67.95,77.08480554146855
10161,83.4,77.08480554146855
15247,119.7,77.08480554146855
20646,62.6,77.08480554146855
21406,131.3,77.08480554146855
5299,57.9,77.08480554146855
10140,77.1,71.78700000000002
10866,80.2,77.08480554146855
18047,63.1,77.08480554146855
13409,101.0,77.08480554146855
4579,92.3,77.08480554146855
1943,102.7,77.08480554146855
7315,61.5,77.08480554146855
19401,51.9,77.08480554146855
11583,81.7,77.08480554146855
12092,73.0,80.87200000000003
2637,71.05,77.08480554146855
11749,83.3,77.08480554146855
11934,91.3,77.08480554146855
7242,96.8,77.08480554146855
20178,49.4,77.08480554146855
5461,58.15,77.08480554146855
13931,110.2,77.08480554146855
8742,126.9,77.08480554146855
608,64.8,77.08480554146855
20542,137.8,77.08480554146855
14273,130.8,77.08480554146855
23404,87.0,77.08480554146855
5017,63.8,77.08480554146855
5110,83.9,77.08480554146855
6867,57.1,77.08480554146855
21959,81.3,77.08480554146855
1798,65.0,77.08480554146855
7814,99.4,77.08480554146855
17815,88.0,85.91099999999999
6489,123.6,77.08480554146855
22532,80.4,77.08480554146855
1395,66.4,77.08480554146855
4719,78.9,77.08480554146855
13076,58.2,77.08480554146855
19051,55.0,57.06400000000001
21883,73.8,77.08480554146855
15116,51.9,77.08480554146855
22322,132.1,77.08480554146855
17705,78.5,77.08480554146855
8027,75.4,77.08480554146855
2898,60.5,60.476000000000006
8204,80.5,77.08480554146855
22584,66.5,77.08480554146855
15679,96.15,77.08480554146855
118,104.6,77.08480554146855
7513,67.0,77.08480554146855
23520,70.5,77.08480554146855
463,67.6,77.08480554146855
15168,100.0,77.08480554146855
7178,83.0,77.08480554146855
1573,54.2,77.08480554146855
15606,94.0,77.08480554146855
14486,71.0,77.08480554146855
12951,85.0,84.57
8286,72.4,77.08480554146855
22332,135.0,77.08480554146855
1263,68.8,69.65450000000004
22356,79.9,77.08480554146855
21838,62.2,77.08480554146855
21588,85.0,77.08480554146855
867,60.4,77.08480554146855
3964,141.0,77.08480554146855
18709,121.0,77.08480554146855
21597,85.0,77.08480554146855
22849,64.5,77.08480554146855
1534,64.1,77.08480554146855
2699,55.6,77.08480554146855
3824,120.0,77.08480554146855
10286,59.0,77.08480554146855
19963,84.6,77.08480554146855
23204,58.0,77.08480554146855
18231,56.55,77.08480554146855
14785,130.5,77.08480554146855
16305,56.0,77.08480554146855
19807,71.0,65.55900000000001
11412,48.3,77.08480554146855
8917,70.8,77.08480554146855
1330,90.1,77.08480554146855
5228,63.0,77.08480554146855
16619,66.8,77.08480554146855
12437,105.3,107.29199999999997
4658,61.95,77.08480554146855
8912,68.4,77.08480554146855
20197,65.4,109.90499999999999
11175,98.25,77.08480554146855
4675,54.5,54.7345
20547,134.6,77.08480554146855
14770,85.1,77.08480554146855
15686,80.8,77.08480554146855
14537,51.5,52.163000000000004
14383,81.8,77.08480554146855
9776,97.35,77.08480554146855
5747,63.0,77.08480554146855
4207,71.8,77.08480554146855
15022,55.0,77.08480554146855
21698,67.2,77.08480554146855
2738,97.8,77.08480554146855
20999,93.0,77.08480554146855
12594,77.0,77.48899999999999
6557,78.15,77.08480554146855
18804,119.6,77.08480554146855
19639,83.65,77.08480554146855
16846,49.9,77.08480554146855
15554,61.0,77.08480554146855
7205,56.3,77.08480554146855
386,58.4,77.08480554146855
21050,101.2,77.08480554146855
1891,54.35,77.08480554146855
17759,79.0,77.08480554146855
23332,58.0,77.08480554146855
9698,79.5,77.08480554146855
13532,82.2,77.08480554146855
3545,53.0,77.08480554146855
3079,78.0,77.08480554146855
20322,82.8,77.08480554146855
13521,77.6,77.08480554146855
2154,63.0,65.4695
1692,94.0,95.69999999999999
2077,66.7,77.08480554146855
12002,86.6,77.08480554146855
20210,88.95,77.08480554146855
10592,75.0,78.94500000000001
5921,90.0,77.08480554146855
1815,78.0,61.7315
22544,80.0,77.08480554146855
4645,73.05,77.08480554146855
21148,50.9,77.08480554146855
10968,106.0,77.08480554146855
17397,101.0,101.58349999999999
837,70.8,77.08480554146855
2035,90.0,77.08480554146855
4025,95.5,93.61900000000003
9131,109.6,77.08480554146855
17228,68.0,77.08480554146855
14761,57.25,77.08480554146855
7044,78.3,77.08480554146855
11558,96.3,77.08480554146855
5154,101.0,77.08480554146855
693,60.1,77.08480554146855
5998,99.8,77.08480554146855
2373,60.5,77.08480554146855
13023,66.55,77.08480554146855
11864,76.8,77.08480554146855
7886,91.0,77.08480554146855
22402,44.0,77.08480554146855
10913,62.3,77.08480554146855
17083,60.3,77.08480554146855
420,96.7,77.08480554146855
12000,84.9,84.63999999999996
5814,88.0,77.08480554146855
21065,68.0,77.08480554146855
23022,86.7,77.08480554146855
2911,69.2,75.643
16745,66.6,77.08480554146855
5015,62.2,77.08480554146855
22504,64.3,77.08480554146855
21460,64.0,77.08480554146855
11037,95.0,77.08480554146855
1056,85.0,77.08480554146855
18499,65.4,77.08480554146855
7201,61.45,77.08480554146855
18016,50.8,77.08480554146855
4140,66.0,67.677
19042,52.8,77.08480554146855
1209,60.0,60.924999999999976
10892,63.75,77.08480554146855
17651,71.3,77.08480554146855
229,104.4,77.08480554146855
8697,77.5,77.08480554146855
21061,56.0,77.08480554146855
20855,108.6,77.08480554146855
21975,72.1,77.08480554146855
4742,61.5,77.08480554146855
7413,56.3,77.08480554146855
15944,89.0,87.21
16925,76.6,77.08480554146855
20985,89.5,77.08480554146855
19731,154.0,77.08480554146855
23561,48.05,77.08480554146855
19380,57.1,77.08480554146855
1410,56.7,77.08480554146855
18790,62.2,77.08480554146855
18048,62.7,77.08480554146855
8430,92.1,77.08480554146855
2358,73.5,77.08480554146855
11168,52.9,77.08480554146855
8639,56.0,77.08480554146855
14744,79.1,77.08480554146855
12295,110.0,77.08480554146855
11572,74.0,77.08480554146855
14359,72.3,77.08480554146855
2364,66.4,67.14
19291,62.7,77.08480554146855
17033,108.0,77.08480554146855
8933,64.0,67.66999999999999
9129,108.0,77.08480554146855
11868,79.2,77.08480554146855
6647,76.0,77.08480554146855
23931,78.0,77.08480554146855
13814,66.3,77.08480554146855
4482,90.0,77.08480554146855
20357,97.0,96.053
11799,67.0,77.08480554146855
2733,74.0,77.08480554146855
18041,60.1,77.08480554146855
13233,52.6,77.08480554146855
19031,60.1,77.08480554146855
10502,79.0,77.08480554146855
4496,56.5,77.08480554146855
947,68.6,77.08480554146855
4063,67.3,77.08480554146855
13156,84.0,77.08480554146855
20826,88.7,77.08480554146855
9323,120.0,77.08480554146855
959,88.0,92.971
19835,100.4,103.691
2045,75.0,77.08480554146855
1808,75.2,77.07700000000001
15369,78.0,77.08480554146855
9560,73.8,77.08480554146855
6379,71.0,77.08480554146855
21830,57.4,77.08480554146855
15931,58.5,77.08480554146855
23883,67.8,77.08480554146855
7754,47.25,77.08480554146855
9073,53.5,77.08480554146855
4319,64.0,77.08480554146855
8767,50.25,77.08480554146855
21849,71.0,77.08480554146855
8898,70.5,77.08480554146855
8602,61.0,77.08480554146855
7132,172.0,77.08480554146855
6240,85.3,77.08480554146855
10955,54.7,77.08480554146855
2949,84.5,77.08480554146855
20717,76.0,72.72139300961763
15183,80.0,77.08480554146855
4235,48.6,77.08480554146855
18364,81.8,77.08480554146855
5596,101.6,77.08480554146855
4032,71.3,77.08480554146855
19097,50.5,77.08480554146855
10417,96.3,77.08480554146855
978,106.0,106.69099999999997
17681,96.0,95.26949999999997
12504,112.8,77.08480554146855
18775,59.7,77.08480554146855
19326,73.0,77.08480554146855
384,57.6,77.08480554146855
738,54.7,77.08480554146855
19893,68.9,77.08480554146855
7241,97.5,77.08480554146855
19192,74.9,77.08480554146855
20367,118.6,77.08480554146855
4805,93.5,77.08480554146855
10783,52.0,77.08480554146855
3770,80.4,77.08480554146855
19958,83.7,77.08480554146855
17216,91.0,90.36949999999996
14469,77.5,77.08480554146855
1827,68.25,77.08480554146855
9067,85.5,85.54099999999998
8216,73.5,77.08480554146855
20169,47.4,77.08480554146855
287,91.8,77.08480554146855
16695,65.6,77.08480554146855
8684,76.3,77.08480554146855
21970,75.0,77.08480554146855
10681,60.3,77.08480554146855
23141,71.0,77.08480554146855
5063,77.9,78.01790874125874
22989,77.3,77.08480554146855
13079,51.0,51.149999999999984
20224,51.8,77.08480554146855
7949,89.2,77.08480554146855
8312,80.0,77.08480554146855
9842,78.0,77.08480554146855
16315,61.2,77.08480554146855
13897,80.5,77.08480554146855
4400,69.9,77.08480554146855
23875,62.0,77.08480554146855
19062,84.0,77.08480554146855
20180,49.45,77.08480554146855
1309,76.1,76.7625
17237,66.05,77.08480554146855
5087,125.4,77.08480554146855
451,57.75,77.08480554146855
22183,57.7,77.08480554146855
2905,159.0,77.08480554146855
19123,70.2,77.08480554146855
14697,96.0,77.08480554146855
21528,80.1,77.08480554146855
7282,62.5,77.08480554146855
20443,55.0,77.08480554146855
23030,72.0,77.08480554146855
21960,80.9,77.08480554146855
9953,68.0,77.08480554146855
4219,67.0,77.08480554146855
17599,59.7,77.08480554146855
8761,124.0,77.08480554146855
439,67.0,77.08480554146855
9759,68.7,77.08480554146855
14197,95.0,77.08480554146855
2288,71.6,77.08480554146855
19975,85.7,77.08480554146855
11559,94.3,77.08480554146855
5184,64.0,77.08480554146855
11688,92.0,77.08480554146855
23149,77.8,77.08480554146855
10881,80.0,77.08480554146855
9065,79.0,77.08480554146855
11610,78.0,77.08480554146855
14018,69.0,68.44000000000001
14959,65.0,77.08480554146855
6479,96.0,77.08480554146855
4589,53.4,77.08480554146855
14789,129.5,77.08480554146855
9910,101.4,77.08480554146855
22662,65.5,77.08480554146855
16673,70.0,77.08480554146855
3925,93.0,93.11999999999996
1805,75.7,77.08480554146855
14847,100.0,77.08480554146855
12743,61.7,56.97750000000002
13793,64.55,77.08480554146855
78,53.1,77.08480554146855
10010,48.7,48.452999999999996
15423,99.2,77.08480554146855
1877,102.0,102.98000000000003
7465,76.0,78.57400000000001
22158,68.2,77.08480554146855
20515,120.6,77.08480554146855
5673,82.0,81.34199999999998
1866,71.5,74.21450000000004
12280,92.15,77.08480554146855
21620,66.35,77.08480554146855
12867,56.5,77.08480554146855
6014,94.95,77.08480554146855
21223,75.8,77.08480554146855
15586,88.0,77.08480554146855
4226,180.0,77.08480554146855
17355,79.0,77.08480554146855
17360,81.2,77.08480554146855
16163,125.7,77.08480554146855
8004,101.0,101.52400000000002
12861,87.0,85.20399999999997
2276,58.1,77.08480554146855
18015,52.0,77.08480554146855
4538,70.0,77.08480554146855
4005,82.9,77.08480554146855
23745,84.0,77.08480554146855
17742,102.3,77.08480554146855
4365,108.3,77.08480554146855
1067,55.1,77.08480554146855
18647,79.0,77.08480554146855
17616,143.2,113.78099999999999
22496,64.5,77.08480554146855
13505,72.5,77.08480554146855
17380,78.0,77.08480554146855
17484,78.8,73.81849999999999
2834,78.0,77.08480554146855
5279,77.0,76.0075
18844,65.7,77.08480554146855
828,83.1,77.08480554146855
10669,78.8,77.08480554146855
11018,117.5,77.08480554146855
12661,60.0,77.08480554146855
9947,60.1,77.08480554146855
5780,146.0,149.99499999999992
15016,83.4,86.38799999999996
3394,67.45,77.08480554146855
19341,69.0,77.08480554146855
5126,63.0,77.08480554146855
6957,49.6,77.08480554146855
9847,69.0,77.08480554146855
19471,66.3,77.08480554146855
408,67.7,77.08480554146855
2884,68.2,77.08480554146855
14271,132.4,77.08480554146855
21749,73.4,77.08480554146855
6026,112.3,77.08480554146855
18509,72.5,77.08480554146855
22886,84.0,77.08480554146855
2055,98.7,77.08480554146855
13534,83.3,77.08480554146855
4410,63.15,77.08480554146855
10157,100.0,93.46199999999999
6298,70.3,77.08480554146855
1520,90.1,93.9575
6210,99.4,77.08480554146855
9826,82.0,80.458
15135,82.1,80.08950000000003
3756,53.7,77.08480554146855
7151,71.0,72.77573735526205
807,66.8,77.08480554146855
15599,70.4,77.08480554146855
9771,127.0,77.08480554146855
2314,88.1,88.25400000000002
18432,69.5,77.08480554146855
17052,75.0,77.08480554146855
9248,61.6,77.08480554146855
18962,48.9,77.08480554146855
16496,157.0,77.08480554146855
11129,105.0,107.91199999999995
11800,66.0,77.08480554146855
4661,62.3,62.54900000000002
17793,85.5,77.08480554146855
20140,76.0,77.08480554146855
13118,69.1,77.08480554146855
10231,54.15,77.08480554146855
10167,75.0,77.08480554146855
14794,53.2,77.08480554146855
16197,99.0,102.91199999999998
22054,83.6,77.08480554146855
10235,53.45,77.08480554146855
9509,78.0,77.08480554146855
3108,101.1,77.08480554146855
5808,69.0,77.08480554146855
10976,122.2,77.08480554146855
18324,57.0,77.08480554146855
9277,66.8,77.08480554146855
943,65.4,77.08480554146855
9878,76.4,75.659
1670,56.1,77.08480554146855
1011,92.4,77.08480554146855
6349,97.0,77.08480554146855
12969,73.9,77.08480554146855
8914,69.7,77.08480554146855
20909,64.0,77.08480554146855
1588,94.75,77.08480554146855
23857,68.0,77.08480554146855
4193,85.0,77.08480554146855
16511,68.2,77.08480554146855
4667,85.0,83.1585
21856,55.95,77.08480554146855
4167,97.4,77.08480554146855
21599,84.9,77.08480554146855
10832,94.0,92.251
21527,79.2,77.08480554146855
13894,81.5,77.08480554146855
7224,95.7,77.08480554146855
19953,120.2,77.08480554146855
12749,90.0,77.08480554146855
5180,57.5,77.08480554146855
10697,81.5,80.58999999999999
9760,68.65,77.08480554146855
10835,63.85,77.08480554146855
1030,87.3,77.08480554146855
2885,67.2,77.08480554146855
20245,94.6,77.08480554146855
82,67.05,77.08480554146855
23302,59.0,77.08480554146855
920,58.4,77.08480554146855
13663,64.3,70.14
14514,47.6,77.08480554146855
328,114.3,77.08480554146855
23827,78.0,77.08480554146855
2753,55.8,77.08480554146855
697,60.9,77.08480554146855
2943,83.65,77.08480554146855
12206,71.0,77.08480554146855
20524,85.7,77.08480554146855
7136,78.15,77.08480554146855
6091,84.6,77.08480554146855
13437,64.0,77.08480554146855
14791,53.7,77.08480554146855
12179,94.4,77.08480554146855
19933,94.5,77.08480554146855
18651,95.0,77.08480554146855
14905,45.9,45.361
14670,56.4,77.08480554146855
3249,69.0,77.08480554146855
15119,51.5,77.08480554146855
17654,71.25,77.08480554146855
9755,62.8,77.08480554146855
12792,80.2,77.08480554146855
19202,77.9,77.08480554146855
21926,85.3,77.08480554146855
22893,74.9,77.08480554146855
1509,104.0,103.93500000000002
2074,66.35,77.08480554146855
180,70.0,77.08480554146855
15593,90.1,77.08480554146855
11678,90.2,77.08480554146855
6189,61.0,77.08480554146855
14564,64.0,77.08480554146855
4641,76.2,77.08480554146855
9218,56.8,77.08480554146855
16472,94.2,77.08480554146855
5484,70.5,77.08480554146855
11874,97.4,77.08480554146855
12153,77.6,77.08480554146855
11360,74.8,77.08480554146855
20164,70.5,77.08480554146855
10310,90.1,77.08480554146855
776,66.8,77.08480554146855
21020,40.4,77.08480554146855
4519,87.0,77.08480554146855
11867,78.8,77.08480554146855
5672,70.0,77.08480554146855
906,54.2,77.08480554146855
1915,68.0,77.08480554146855
10574,65.0,62.316999999999986
16907,75.0,77.08480554146855
22248,63.3,77.08480554146855
10376,69.7,77.08480554146855
5623,89.5,77.08480554146855
10217,66.5,68.132
18809,99.0,77.08480554146855
18206,71.9,77.08480554146855
21160,105.0,77.08480554146855
741,54.8,77.08480554146855
19425,74.6,77.08480554146855
14554,66.1,77.08480554146855
6554,77.8,77.08480554146855
18798,120.3,77.08480554146855
16952,80.7,77.08480554146855
1312,78.9,79.527
22339,68.0,73.23500000000004
11193,47.5,77.08480554146855
16861,67.4,77.08480554146855
4183,74.5,75.77000000000001
5924,79.6,77.08480554146855
1928,77.0,77.08480554146855
10653,64.0,67.81249999999996
15140,85.0,77.08480554146855
15437,95.8,77.08480554146855
20292,78.45,77.08480554146855
13628,66.3,71.51499999999993
19448,74.5,77.08480554146855
17318,66.8,77.08480554146855
18826,200.0,77.08480554146855
3787,64.95,77.08480554146855
6485,123.8,77.08480554146855
23951,76.0,77.08480554146855
7454,85.0,77.08480554146855
19577,70.0,77.08480554146855
22486,85.0,77.08480554146855
17155,67.4,77.08480554146855
22581,76.0,77.08480554146855
19888,36.6,77.08480554146855
20704,68.0,77.08480554146855
11831,63.2,77.08480554146855
20250,69.6,77.08480554146855
1714,94.4,93.1755
3056,83.3,77.08480554146855
13879,54.8,77.08480554146855
4279,77.4,77.08480554146855
21354,60.0,77.08480554146855
8485,39.7,77.08480554146855
2643,53.5,56.87550000000002
14199,88.3,77.08480554146855
1045,86.3,77.08480554146855
15042,101.5,77.08480554146855
11137,68.5,77.08480554146855
12109,90.05,77.08480554146855
17820,69.4,77.08480554146855
20153,99.0,80.01600000000002
267,86.8,77.08480554146855
20510,61.5,77.08480554146855
11679,86.0,77.08480554146855
1328,65.6,77.08480554146855
2608,75.85,77.08480554146855
12615,85.45,77.08480554146855
6863,57.4,77.08480554146855
4007,110.3,113.16799999999999
7130,82.0,77.08480554146855
5619,90.35,77.08480554146855
4428,72.2,77.08480554146855
21368,65.6,77.08480554146855
15455,67.5,77.08480554146855
2211,82.0,77.08480554146855
20959,73.7,77.08480554146855
19450,75.0,77.08480554146855
21624,63.25,77.08480554146855
18161,98.0,107.071
13393,64.0,77.08480554146855
22633,78.0,77.08480554146855
1620,121.1,77.08480554146855
240,62.6,77.08480554146855
16349,61.5,77.08480554146855
22645,68.0,77.08480554146855
12853,83.2,77.08480554146855
12684,60.0,77.08480554146855
21803,77.5,77.08480554146855
11081,53.7,77.08480554146855
91,50.5,77.08480554146855
10924,62.6,61.39199999999999
6448,59.6,77.08480554146855
11021,73.0,77.08480554146855
5652,62.1,77.08480554146855
839,72.45,77.08480554146855
6156,83.7,77.08480554146855
14339,64.0,77.08480554146855
8221,149.4,77.08480554146855
290,91.2,77.08480554146855
23116,50.0,77.08480554146855
9349,61.7,77.08480554146855
20766,79.5,77.08480554146855
2355,73.0,77.08480554146855
19405,93.6,93.22800000000002
480,99.8,77.08480554146855
20501,76.5,72.73750000000003
16723,92.6,77.08480554146855
22537,77.0,77.08480554146855
5777,70.5,71.87499999999999
6564,98.5,77.08480554146855
5043,54.0,55.15299999999999
17888,78.9,77.08480554146855
5322,68.9,77.08480554146855
18738,55.4,77.08480554146855
13358,58.75,77.08480554146855
17998,41.0,77.08480554146855
22710,87.8,77.08480554146855
10722,66.2,77.08480554146855
11170,52.4,77.08480554146855
22601,118.7,77.08480554146855
10561,68.8,77.08480554146855
19068,85.2,77.08480554146855
3952,76.7,77.08480554146855
13795,64.25,77.08480554146855
14474,70.0,77.08480554146855
14067,81.55,77.08480554146855
6855,44.0,43.941
20189,90.0,77.08480554146855
16736,60.0,77.08480554146855
2169,60.0,77.08480554146855
7521,81.7,77.08480554146855
11448,46.4,77.08480554146855
12152,79.2,77.08480554146855
21684,70.0,77.08480554146855
19684,51.1,77.08480554146855
22524,72.5,77.08480554146855
12065,77.75,77.08480554146855
1612,74.7,77.08480554146855
21176,64.2,77.08480554146855
1332,91.2,77.08480554146855
14295,79.5,77.08480554146855
7981,70.4,70.165
5259,94.0,77.08480554146855
6031,111.6,77.08480554146855
12919,105.8,77.08480554146855
19423,74.3,77.08480554146855
23163,64.0,77.08480554146855
17912,74.3,77.08480554146855
16266,54.3,77.08480554146855
5195,69.0,77.08480554146855
14415,87.0,77.08480554146855
14656,53.3,77.08480554146855
20771,81.8,77.08480554146855
6002,99.0,77.08480554146855
1497,78.7,77.08480554146855
20494,86.5,77.08480554146855
8327,88.75,77.08480554146855
13236,59.0,77.08480554146855
12135,77.7,77.08480554146855
19349,96.0,77.08480554146855
20803,98.2,77.08480554146855
7608,75.5,77.08480554146855
3873,47.0,45.78099999999999
17776,133.4,77.08480554146855
22001,45.8,77.08480554146855
16746,66.8,77.08480554146855
3906,75.0,76.95499999999998
5159,52.0,77.08480554146855
13395,57.0,58.52000000000001
15992,59.1,77.08480554146855
4832,66.0,77.08480554146855
15148,97.0,77.08480554146855
8552,80.3,77.08480554146855
4391,72.2,77.08480554146855
567,71.5,77.08480554146855
19310,90.5,77.08480554146855
22058,83.8,77.08480554146855
20824,87.4,77.08480554146855
4582,67.6,69.03399999999999
5836,65.3,77.08480554146855
22983,76.2,77.08480554146855
3397,68.4,77.08480554146855
10826,89.0,85.912
1723,87.2,87.63199999999999
10037,83.0,77.08480554146855
13072,85.2,77.08480554146855
7195,90.2,77.08480554146855
11870,78.3,77.08480554146855
22769,61.0,77.08480554146855
7640,80.0,77.08480554146855
12123,91.1,77.08480554146855
23711,64.5,77.08480554146855
22828,88.05,77.08480554146855
23961,29.0,77.08480554146855
11364,76.0,77.08480554146855
9158,51.7,77.08480554146855
7156,98.6,77.08480554146855
19857,73.4,77.08480554146855
18727,72.0,73.09299999999999
1144,95.0,77.08480554146855
3865,46.9,77.08480554146855
5853,200.0,77.08480554146855
11789,75.0,77.08480554146855
22199,87.0,77.08480554146855
20822,87.6,77.08480554146855
12251,72.4,77.08480554146855
9228,97.0,98.49300000000001
9642,55.0,56.45300000000002
18914,81.2,77.08480554146855
12500,72.0,77.08480554146855
20057,62.0,77.08480554146855
23325,59.5,77.08480554146855
16803,72.8,77.08480554146855
23161,78.0,77.08480554146855
22314,63.1,77.08480554146855
7299,109.0,77.08480554146855
14313,78.8,75.74300000000002
2218,64.2,77.08480554146855
14380,82.7,77.08480554146855
13790,66.5,77.08480554146855
7061,61.0,77.08480554146855
6704,81.9,77.08480554146855
16405,73.6,77.08480554146855
22353,52.0,63.29499999999998
12945,65.8,77.08480554146855
18260,56.3,77.08480554146855
14735,99.8,77.08480554146855
10595,83.0,77.08480554146855
1323,72.0,74.34850000000002
14481,73.0,77.08480554146855
8509,73.6,77.08480554146855
10511,50.4,77.08480554146855
16461,75.0,77.08480554146855
20073,44.4,77.08480554146855
21694,101.3,77.08480554146855
15039,100.8,77.08480554146855
5140,60.0,77.08480554146855
13231,54.3,77.08480554146855
16729,71.1,77.08480554146855
13558,91.5,99.34150000000001
20115,65.4,77.08480554146855
3619,90.0,77.08480554146855
1003,92.15,77.08480554146855
1657,87.8,77.08480554146855
16920,79.5,77.08480554146855
2110,78.45,77.08480554146855
1501,64.0,62.03700000000001
11491,65.6,77.08480554146855
2848,80.0,77.08480554146855
9539,80.0,77.08480554146855
15513,83.0,77.08480554146855
9472,75.5,77.08480554146855
5561,73.0,77.08480554146855
15811,77.0,76.83864875097879
19358,67.3,77.08480554146855
5625,85.6,77.08480554146855
4656,62.0,77.08480554146855
3140,65.35,77.08480554146855
8361,103.0,102.78949999999995
792,64.0,77.08480554146855
6443,151.8,153.70899999999997
5947,57.5,77.08480554146855
14583,68.55,77.08480554146855
4931,51.1,77.08480554146855
20407,83.7,77.08480554146855
16451,84.8,84.61600000000003
4036,107.0,108.35499999999995
20258,68.7,77.08480554146855
10247,82.4,77.08480554146855
2012,95.0,94.60699999999999
21647,47.0,46.458999999999975
13721,69.8,77.08480554146855
10951,69.1,77.08480554146855
19147,51.0,77.08480554146855
2750,56.9,77.08480554146855
7008,78.4,77.08480554146855
3162,93.2,77.08480554146855
13260,99.9,77.08480554146855
22118,72.8,77.08480554146855
7127,86.3,77.08480554146855
16910,68.4,77.08480554146855
5821,73.5,73.42800000000003
3165,90.35,77.08480554146855
17964,86.0,77.08480554146855
17545,71.0,72.04345966347277
9261,45.0,45.335
20463,53.0,77.08480554146855
11158,55.0,58.43650000000002
6027,110.9,77.08480554146855
5800,97.0,77.08480554146855
20904,106.1,77.08480554146855
23348,79.3,77.08480554146855
4042,91.0,90.88599999999998
14915,86.8,77.08480554146855
79,52.1,77.08480554146855
21700,62.0,77.08480554146855
15709,31.85,77.08480554146855
19201,78.1,77.08480554146855
15611,60.0,63.91700000000001
17234,66.25,77.08480554146855
4470,72.0,77.08480554146855
6052,73.8,77.08480554146855
8647,117.0,114.81000000000003
18958,48.2,77.08480554146855
21055,97.2,77.08480554146855
22263,85.0,68.36200000000002
12022,51.6,77.08480554146855
6094,44.9,77.08480554146855
7158,98.6,77.08480554146855
15498,56.75,77.08480554146855
5305,72.3,77.08480554146855
9373,61.0,77.08480554146855
20111,62.2,63.03700000000003
3816,56.8,77.08480554146855
11522,98.0,77.08480554146855
23081,79.0,77.08480554146855
8011,49.0,53.67399999999998
5750,62.0,77.08480554146855
22384,86.4,77.08480554146855
4990,58.85,77.08480554146855
4557,84.0,77.08480554146855
18150,70.2,77.08480554146855
23317,52.0,77.08480554146855
6798,79.5,77.08480554146855
11424,92.0,77.08480554146855
2621,75.0,77.08480554146855
2238,86.9,77.08480554146855
20365,118.8,77.08480554146855
16529,63.6,77.08480554146855
11883,74.2,77.08480554146855
22280,80.6,77.08480554146855
6106,81.9,77.08480554146855
35,90.0,77.08480554146855
15319,55.0,77.08480554146855
17319,67.0,77.08480554146855
12568,78.2,77.08480554146855
3644,112.9,77.08480554146855
4746,60.6,77.08480554146855
14600,72.7,77.08480554146855
2087,53.0,55.0285
2870,81.6,88.18899999999996
9565,71.0,77.08480554146855
16465,75.6,77.08480554146855
2671,95.8,77.08480554146855
7770,63.0,77.08480554146855
21036,75.3,77.08480554146855
5348,55.9,77.08480554146855
1671,56.5,77.08480554146855
2455,66.1,77.08480554146855
217,56.0,77.08480554146855
18757,79.0,77.08480554146855
15901,120.0,77.08480554146855
266,88.7,77.08480554146855
18934,81.7,77.08480554146855
16263,54.1,77.08480554146855
13051,71.6,77.08480554146855
5350,54.0,77.08480554146855
15630,73.8,77.08480554146855
17903,91.0,77.08480554146855
12554,61.0,77.08480554146855
16832,95.3,77.08480554146855
10643,88.0,77.08480554146855
18013,51.6,77.08480554146855
9294,59.4,59.76000000000002
6481,95.0,77.08480554146855
11076,54.1,77.08480554146855
326,114.0,77.08480554146855
16551,113.6,77.08480554146855
21299,106.0,77.08480554146855
10870,91.2,77.08480554146855
12485,89.45,77.08480554146855
15284,94.0,93.31000000000002
12465,60.7,77.08480554146855
938,65.9,77.08480554146855
15174,91.0,77.08480554146855
22364,67.0,67.2145
4811,96.45,77.08480554146855
17962,82.5,77.08480554146855
11255,57.3,77.08480554146855
784,77.4,77.08480554146855
10900,66.1,77.08480554146855
13422,82.3,77.08480554146855
16206,68.0,77.08480554146855
20253,67.9,77.08480554146855
13139,56.8,77.08480554146855
14054,98.0,77.08480554146855
22808,124.0,77.08480554146855
15558,55.4,77.08480554146855
17010,83.1,77.08480554146855
17147,74.4,77.08480554146855
17772,58.75,77.08480554146855
23547,82.0,77.08480554146855
16301,56.5,77.08480554146855
14185,81.0,77.08480554146855
14801,53.5,77.08480554146855
22559,63.0,77.08480554146855
3991,97.0,77.08480554146855
21617,66.5,77.08480554146855
6330,84.8,77.08480554146855
9868,107.0,108.13999999999999
7538,68.0,77.08480554146855
12032,69.9,77.08480554146855
8143,48.3,77.08480554146855
8947,51.0,52.21899999999998
16598,51.1,77.08480554146855
10179,80.7,77.08480554146855
8307,73.0,73.27175086610485
10445,95.6,94.61699999999998
23638,96.0,77.08480554146855
14767,84.3,77.08480554146855
22979,42.6,77.08480554146855
20293,78.2,77.08480554146855
17845,71.3,77.08480554146855
12124,89.5,77.08480554146855
9547,71.35,77.08480554146855
1820,72.7,77.08480554146855
2423,81.0,77.08480554146855
7164,80.0,77.08480554146855
10557,61.0,61.14999999999999
7236,90.3,77.08480554146855
14416,86.6,77.08480554146855
9164,82.3,77.08480554146855
1212,76.7,76.03272869357845
1244,76.8,75.96225086610488
7932,66.0,77.08480554146855
20596,90.0,77.08480554146855
18469,125.2,77.08480554146855
18794,73.9,77.08480554146855
8801,78.0,81.63500000000008
2499,62.0,77.08480554146855
22653,58.5,77.08480554146855
20773,63.0,77.08480554146855
12833,94.0,77.08480554146855
3895,127.4,127.85499999999996
17407,74.3,77.08480554146855
980,84.0,77.08480554146855
3047,74.2,77.08480554146855
7320,54.6,77.08480554146855
16189,106.5,108.40199999999996
9675,61.0,77.08480554146855
10662,77.35,75.072
4775,71.0,75.8472190587139
1039,48.1,77.08480554146855
15433,95.85,77.08480554146855
3495,80.5,77.08480554146855
1744,52.4,77.08480554146855
9526,70.5,77.08480554146855
19107,65.7,77.08480554146855
23099,68.0,77.08480554146855
6672,69.4,77.08480554146855
17729,90.0,89.36850000000003
4500,58.65,59.444
23151,70.0,77.08480554146855
20312,75.65,77.08480554146855
22991,78.0,77.08480554146855
22851,97.0,77.08480554146855
8483,40.0,77.08480554146855
5269,65.0,77.08480554146855
5378,61.0,77.08480554146855
7256,64.0,77.08480554146855
4157,70.1,77.08480554146855
1349,103.3,77.08480554146855
7352,80.5,79.89300000000003
18475,83.8,77.08480554146855
22976,42.8,77.08480554146855
12215,72.8,77.08480554146855
4378,67.0,77.08480554146855
12203,68.0,67.917
4019,119.2,77.08480554146855
17483,64.0,64.786
15831,50.3,77.08480554146855
2235,88.3,77.08480554146855
7434,52.75,77.08480554146855
17621,75.0,77.08480554146855
14312,78.25,77.08480554146855
1007,91.65,77.08480554146855
5823,73.0,77.08480554146855
22731,77.0,77.08480554146855
23388,77.05,77.08480554146855
23963,73.0,77.08480554146855
23271,92.0,77.08480554146855
8012,65.0,121.63099999999999
11655,84.0,77.08480554146855
22373,70.25,77.08480554146855
7960,87.1,77.08480554146855
12310,84.0,77.08480554146855
572,72.7,77.08480554146855
20268,66.0,77.08480554146855
5020,119.8,128.80699999999993
19675,83.1,77.08480554146855
13853,58.5,77.08480554146855
11110,61.0,77.08480554146855
19992,84.1,77.08480554146855
12637,57.4,77.08480554146855
19377,75.0,78.91400963486454
20498,51.0,50.78899999999998
12839,80.8,77.08480554146855
2275,58.5,77.08480554146855
369,74.5,77.08480554146855
1293,104.4,77.08480554146855
23082,57.8,77.08480554146855
6234,84.8,77.08480554146855
17339,37.7,77.08480554146855
10197,77.0,78.27086849974175
9107,55.95,77.08480554146855
17855,68.0,77.08480554146855
13681,68.7,77.08480554146855
4142,66.0,77.08480554146855
670,83.0,77.08480554146855
9257,136.0,136.6159999999999
13049,71.2,77.08480554146855
6528,93.05,77.08480554146855
1192,42.25,44.047
1755,46.4,77.08480554146855
1921,100.0,97.01599999999995
10845,62.5,77.08480554146855
7324,85.0,89.30599999999997
15271,91.5,77.08480554146855
3153,90.2,77.08480554146855
13966,72.0,76.0155
15332,61.8,56.115
3159,92.0,77.08480554146855
3280,59.0,57.75100000000001
5593,71.0,77.08480554146855
19717,91.3,77.08480554146855
22974,42.5,77.08480554146855
4825,90.95,77.08480554146855
6218,102.3,77.08480554146855
21655,59.8,59.386999999999986
13590,58.1,77.08480554146855
19564,86.9,77.08480554146855
19604,60.1,77.08480554146855
3974,78.3,77.08480554146855
23858,71.6,77.08480554146855
22569,96.0,77.08480554146855
1402,68.0,61.74300000000001
10351,87.9,77.08480554146855
14888,62.4,77.08480554146855
752,66.9,77.08480554146855
14478,72.0,77.08480554146855
15508,100.0,77.08480554146855
1661,87.5,77.08480554146855
18374,89.3,77.08480554146855
3453,102.4,77.08480554146855
8250,73.05,77.08480554146855
21240,66.6,77.08480554146855
5825,73.0,77.08480554146855
10775,73.3,77.08480554146855
482,98.6,90.49199999999999
6745,94.2,77.08480554146855
5907,90.0,77.08480554146855
6988,88.0,77.08480554146855
8707,75.6,77.08480554146855
5411,63.0,77.08480554146855
9667,58.55,77.08480554146855
9028,104.0,77.08480554146855
17870,81.6,77.08480554146855
614,65.6,77.08480554146855
17265,47.1,77.08480554146855
11663,64.0,77.08480554146855
15986,58.85,77.08480554146855
15159,70.2,77.08480554146855
21844,74.3,73.34800000000003
5196,67.7,77.08480554146855
5543,104.5,77.08480554146855
3143,65.3,77.08480554146855
15310,78.2,80.50127970274038
3439,78.6,77.08480554146855
9989,99.6,77.08480554146855
18183,119.0,77.08480554146855
3105,103.1,77.08480554146855
1424,77.0,77.08480554146855
4132,70.0,77.08480554146855
15880,61.0,60.55800000000002
648,130.4,139.33599999999993
1529,66.2,71.29799999999994
11437,79.3,77.08480554146855
14782,129.7,77.08480554146855
562,91.9,77.08480554146855
16976,60.9,77.08480554146855
1644,86.3,84.75299999999999
15082,66.5,77.08480554146855
10757,61.1,77.08480554146855
6549,75.0,77.08480554146855
8897,71.6,77.08480554146855
5089,122.6,77.08480554146855
2115,77.1,77.08480554146855
5648,60.0,77.08480554146855
20276,111.1,77.08480554146855
20937,88.0,83.53200000000001
14437,64.9,77.08480554146855
22501,64.4,77.08480554146855
19676,57.7,77.08480554146855
21919,84.4,77.08480554146855
6044,84.2,77.08480554146855
18861,94.0,77.08480554146855
4979,81.0,77.08480554146855
5896,74.9,77.08480554146855
12302,55.6,77.08480554146855
16092,84.8,77.08480554146855
8846,109.0,77.08480554146855
5703,78.9,77.08480554146855
12954,65.0,77.08480554146855
23789,92.0,77.08480554146855
11624,68.3,77.08480554146855
20131,50.0,77.08480554146855
21236,66.3,77.08480554146855
1632,55.75,77.08480554146855
13066,67.15,77.08480554146855
2483,65.0,77.08480554146855
18796,76.0,77.08480554146855
10028,82.0,77.08480554146855
10874,90.3,77.08480554146855
14599,73.5,77.08480554146855
7332,92.0,77.08480554146855
2250,60.0,77.08480554146855
22120,88.0,77.08480554146855
20994,66.0,77.08480554146855
5587,92.5,77.08480554146855
11053,82.0,77.08480554146855
12027,72.15,77.08480554146855
12805,66.0,75.042
2721,63.0,77.08480554146855
9397,68.0,77.08480554146855
18957,49.0,77.08480554146855
6699,77.0,77.08480554146855
9342,81.9,77.08480554146855
6504,34.6,77.08480554146855
13171,73.0,73.57921905871389
5971,68.2,77.08480554146855
21175,84.0,77.08480554146855
518,72.9,77.08480554146855
9141,64.8,77.08480554146855
23577,104.0,77.08480554146855
19057,72.0,77.08480554146855
6038,86.8,77.08480554146855
15778,158.0,77.08480554146855
23567,65.2,77.08480554146855
14559,72.1,77.08480554146855
10843,62.25,77.08480554146855
12901,79.5,77.08480554146855
8794,83.0,77.08480554146855
13200,76.45,77.08480554146855
9230,72.0,77.08480554146855
13487,77.5,77.08480554146855
12223,73.9,77.08480554146855
10814,80.0,79.32499999999999
18457,127.5,77.08480554146855
510,70.3,77.08480554146855
151,74.5,77.08480554146855
23715,74.3,77.08480554146855
23165,47.0,77.08480554146855
2894,75.1,77.08480554146855
2234,86.75,77.08480554146855
13430,62.8,77.08480554146855
8920,70.5,77.08480554146855
18968,47.9,77.08480554146855
2083,66.3,77.08480554146855
23361,73.0,77.08480554146855
22351,77.0,77.08480554146855
4479,66.0,77.08480554146855
6180,62.4,77.08480554146855
23132,63.7,77.08480554146855
23472,75.8,77.08480554146855
18586,119.0,77.08480554146855
5354,100.0,77.08480554146855
6217,100.6,77.08480554146855
20790,161.0,77.08480554146855
9318,48.0,77.08480554146855
8558,81.3,77.08480554146855
15418,80.0,71.18800000000002
5048,80.0,79.852
5476,52.0,77.08480554146855
432,68.0,77.08480554146855
15574,65.0,77.08480554146855
5527,48.2,77.08480554146855
9540,86.8,77.08480554146855
2362,75.3,77.08480554146855
349,61.5,77.08480554146855
3485,88.6,77.08480554146855
21513,81.0,77.08480554146855
18334,60.0,77.08480554146855
16970,99.2,102.24300000000001
19680,59.7,77.08480554146855
6594,59.3,77.08480554146855
3696,109.5,77.08480554146855
3435,79.7,77.08480554146855
7412,91.0,95.15699999999997
22430,122.0,77.08480554146855
1199,87.3,87.2175
9974,72.5,72.84750000000001
1742,50.7,77.08480554146855
23921,140.1,77.08480554146855
18430,67.6,77.08480554146855
21712,86.0,77.08480554146855
18964,48.6,77.08480554146855
21464,75.6,81.42350000000002
16890,94.4,77.08480554146855
1480,67.0,77.08480554146855
10530,70.0,77.08480554146855
9859,85.0,86.31699999999995
16390,66.0,63.480500000000035
13503,115.3,117.23799999999994
22490,83.6,77.08480554146855
8267,71.4,77.08480554146855
13489,54.0,77.08480554146855
10100,77.2,77.08480554146855
9202,69.3,77.08480554146855
13955,99.05,77.08480554146855
4516,87.75,77.08480554146855
18267,93.0,77.08480554146855
7994,95.7,77.08480554146855
17192,64.5,77.08480554146855
22202,100.0,100.54550000000003
23473,73.0,77.08480554146855
677,61.6,77.08480554146855
3993,97.0,94.93249999999998
3586,48.1,77.08480554146855
19879,98.4,77.08480554146855
19997,52.3,52.00549999999999
14593,75.0,77.08480554146855
1939,100.4,77.08480554146855
19427,74.5,77.08480554146855
19434,63.05,71.63600000000001
23345,106.0,77.08480554146855
2887,67.4,77.08480554146855
19481,87.9,77.08480554146855
18229,94.7,77.08480554146855
17492,80.0,77.08480554146855
6333,58.0,77.08480554146855
8236,142.4,77.08480554146855
12164,75.0,74.80500000000002
23982,72.0,77.08480554146855
17557,58.0,77.08480554146855
22945,122.0,77.08480554146855
1812,95.5,77.08480554146855
15019,78.7,83.956
17947,69.8,70.47977613557761
18294,74.2,77.08480554146855
17404,74.4,77.08480554146855
22692,75.0,77.08480554146855
19460,74.4,77.08480554146855
3507,101.4,77.08480554146855
18291,105.7,77.08480554146855
1019,125.0,77.08480554146855
4630,60.0,77.08480554146855
13031,67.7,77.08480554146855
9762,68.6,77.08480554146855
10927,91.5,90.168
4316,79.0,79.3195
19311,91.7,77.08480554146855
16009,106.0,112.30899999999995
303,70.1,77.08480554146855
13595,62.0,77.08480554146855
20043,77.95,77.08480554146855
1194,42.65,77.08480554146855
4357,56.3,77.08480554146855
17708,101.0,94.96550000000005
