,y_test,prediction
4067,67.4,77.019631705682
22278,110.9,77.019631705682
15779,158.8,77.019631705682
13543,98.8,99.49738543963575
16617,66.1,77.019631705682
18426,67.95,77.019631705682
10161,83.4,77.019631705682
15247,119.7,77.019631705682
20646,62.6,77.019631705682
21406,131.3,77.019631705682
5299,57.9,77.019631705682
10140,77.1,71.92328949130511
10866,80.2,77.019631705682
18047,63.1,77.019631705682
13409,101.0,77.019631705682
4579,92.3,77.019631705682
1943,102.7,77.019631705682
7315,61.5,77.019631705682
19401,51.9,77.019631705682
11583,81.7,77.019631705682
12092,73.0,83.1224357371167
2637,71.05,77.019631705682
11749,83.3,77.019631705682
11934,91.3,77.019631705682
7242,96.8,77.019631705682
20178,49.4,77.019631705682
5461,58.15,77.019631705682
13931,110.2,77.019631705682
8742,126.9,77.019631705682
608,64.8,77.019631705682
20542,137.8,77.019631705682
14273,130.8,77.019631705682
23404,87.0,77.019631705682
5017,63.8,77.019631705682
5110,83.9,77.019631705682
6867,57.1,77.019631705682
21959,81.3,77.019631705682
1798,65.0,77.019631705682
7814,99.4,77.019631705682
17815,88.0,86.27927472339401
6489,123.6,77.019631705682
22532,80.4,77.019631705682
1395,66.4,77.019631705682
4719,78.9,77.019631705682
13076,58.2,77.019631705682
19051,55.0,56.86598225209558
21883,73.8,77.019631705682
15116,51.9,77.019631705682
22322,132.1,77.019631705682
17705,78.5,77.019631705682
8027,75.4,77.019631705682
2898,60.5,61.66312710205146
8204,80.5,77.019631705682
22584,66.5,77.019631705682
15679,96.15,77.019631705682
118,104.6,77.019631705682
7513,67.0,77.019631705682
23520,70.5,77.019631705682
463,67.6,77.019631705682
15168,100.0,77.019631705682
7178,83.0,77.019631705682
1573,54.2,77.019631705682
15606,94.0,77.019631705682
14486,71.0,77.019631705682
12951,85.0,85.55808826877232
8286,72.4,77.019631705682
22332,135.0,77.019631705682
1263,68.8,70.71633777385551
22356,79.9,77.019631705682
21838,62.2,77.019631705682
21588,85.0,77.019631705682
867,60.4,77.019631705682
3964,141.0,77.019631705682
18709,121.0,77.019631705682
21597,85.0,77.019631705682
22849,64.5,77.019631705682
1534,64.1,77.019631705682
2699,55.6,77.019631705682
3824,120.0,77.019631705682
10286,59.0,77.019631705682
19963,84.6,77.019631705682
23204,58.0,77.019631705682
18231,56.55,77.019631705682
14785,130.5,77.019631705682
16305,56.0,77.019631705682
19807,71.0,69.5187951076062
11412,48.3,77.019631705682
8917,70.8,77.019631705682
1330,90.1,77.019631705682
5228,63.0,77.019631705682
16619,66.8,77.019631705682
12437,105.3,106.7119788929982
4658,61.95,77.019631705682
8912,68.4,77.019631705682
20197,65.4,71.67845825917881
11175,98.25,77.019631705682
4675,54.5,56.21936245104886
20547,134.6,77.019631705682
14770,85.1,77.019631705682
15686,80.8,77.019631705682
14537,51.5,55.35750750014726
14383,81.8,77.019631705682
9776,97.35,77.019631705682
5747,63.0,77.019631705682
4207,71.8,77.019631705682
15022,55.0,77.019631705682
21698,67.2,77.019631705682
2738,97.8,77.019631705682
20999,93.0,77.019631705682
12594,77.0,79.3836770026032
6557,78.15,77.019631705682
18804,119.6,77.019631705682
19639,83.65,77.019631705682
16846,49.9,77.019631705682
15554,61.0,77.019631705682
7205,56.3,77.019631705682
386,58.4,77.019631705682
21050,101.2,77.019631705682
1891,54.35,77.019631705682
17759,79.0,77.019631705682
23332,58.0,77.019631705682
9698,79.5,77.019631705682
13532,82.2,77.019631705682
3545,53.0,77.019631705682
3079,78.0,77.019631705682
20322,82.8,77.019631705682
13521,77.6,77.019631705682
2154,63.0,64.4313125222603
1692,94.0,97.17015776798604
2077,66.7,77.019631705682
12002,86.6,77.019631705682
20210,88.95,77.019631705682
10592,75.0,76.29953855208126
5921,90.0,77.019631705682
1815,78.0,63.14833315872265
22544,80.0,77.019631705682
4645,73.05,77.019631705682
21148,50.9,77.019631705682
10968,106.0,77.019631705682
17397,101.0,101.62601682307707
837,70.8,77.019631705682
2035,90.0,77.019631705682
4025,95.5,96.29458336266737
9131,109.6,77.019631705682
17228,68.0,77.019631705682
14761,57.25,77.019631705682
7044,78.3,77.019631705682
11558,96.3,77.019631705682
5154,101.0,77.019631705682
693,60.1,77.019631705682
5998,99.8,77.019631705682
2373,60.5,77.019631705682
13023,66.55,77.019631705682
11864,76.8,77.019631705682
7886,91.0,77.019631705682
22402,44.0,77.019631705682
10913,62.3,77.019631705682
17083,60.3,77.019631705682
420,96.7,77.019631705682
12000,84.9,85.15241284130555
5814,88.0,77.019631705682
21065,68.0,77.019631705682
23022,86.7,77.019631705682
2911,69.2,72.63536281809954
16745,66.6,77.019631705682
5015,62.2,77.019631705682
22504,64.3,77.019631705682
21460,64.0,77.019631705682
11037,95.0,77.019631705682
1056,85.0,77.019631705682
18499,65.4,77.019631705682
7201,61.45,77.019631705682
18016,50.8,77.019631705682
4140,66.0,69.36971518496345
19042,52.8,77.019631705682
1209,60.0,62.490369195676436
10892,63.75,77.019631705682
17651,71.3,77.019631705682
229,104.4,77.019631705682
8697,77.5,77.019631705682
21061,56.0,77.019631705682
20855,108.6,77.019631705682
21975,72.1,77.019631705682
4742,61.5,77.019631705682
7413,56.3,77.019631705682
15944,89.0,91.61180783154072
16925,76.6,77.019631705682
20985,89.5,77.019631705682
19731,154.0,77.019631705682
23561,48.05,77.019631705682
19380,57.1,77.019631705682
1410,56.7,77.019631705682
18790,62.2,77.019631705682
18048,62.7,77.019631705682
8430,92.1,77.019631705682
2358,73.5,77.019631705682
11168,52.9,77.019631705682
8639,56.0,77.019631705682
14744,79.1,77.019631705682
12295,110.0,77.019631705682
11572,74.0,77.019631705682
14359,72.3,77.019631705682
2364,66.4,65.99912120784305
19291,62.7,77.019631705682
17033,108.0,77.019631705682
8933,64.0,68.48870468206599
9129,108.0,77.019631705682
11868,79.2,77.019631705682
6647,76.0,77.019631705682
23931,78.0,77.019631705682
13814,66.3,77.019631705682
4482,90.0,77.019631705682
20357,97.0,98.72566127602622
11799,67.0,77.019631705682
2733,74.0,77.019631705682
18041,60.1,77.019631705682
13233,52.6,77.019631705682
19031,60.1,77.019631705682
10502,79.0,77.019631705682
4496,56.5,77.019631705682
947,68.6,77.019631705682
4063,67.3,77.019631705682
13156,84.0,77.019631705682
20826,88.7,77.019631705682
9323,120.0,77.019631705682
959,88.0,91.24333854685153
19835,100.4,98.91174658066686
2045,75.0,77.019631705682
1808,75.2,75.75574690972928
15369,78.0,77.019631705682
9560,73.8,77.019631705682
6379,71.0,77.019631705682
21830,57.4,77.019631705682
15931,58.5,77.019631705682
23883,67.8,77.019631705682
7754,47.25,77.019631705682
9073,53.5,77.019631705682
4319,64.0,77.019631705682
8767,50.25,77.019631705682
21849,71.0,77.019631705682
8898,70.5,77.019631705682
8602,61.0,77.019631705682
7132,172.0,77.019631705682
6240,85.3,77.019631705682
10955,54.7,77.019631705682
2949,84.5,77.019631705682
20717,76.0,74.40715780737094
15183,80.0,77.019631705682
4235,48.6,77.019631705682
18364,81.8,77.019631705682
5596,101.6,77.019631705682
4032,71.3,77.019631705682
19097,50.5,77.019631705682
10417,96.3,77.019631705682
978,106.0,105.83463934040067
17681,96.0,95.84658335739002
12504,112.8,77.019631705682
18775,59.7,77.019631705682
19326,73.0,77.019631705682
384,57.6,77.019631705682
738,54.7,77.019631705682
19893,68.9,77.019631705682
7241,97.5,77.019631705682
19192,74.9,77.019631705682
20367,118.6,77.019631705682
4805,93.5,77.019631705682
10783,52.0,77.019631705682
3770,80.4,77.019631705682
19958,83.7,77.019631705682
17216,91.0,91.09188055527116
14469,77.5,77.019631705682
1827,68.25,77.019631705682
9067,85.5,87.79056348309616
8216,73.5,77.019631705682
20169,47.4,77.019631705682
287,91.8,77.019631705682
16695,65.6,77.019631705682
8684,76.3,77.019631705682
21970,75.0,77.019631705682
10681,60.3,77.019631705682
23141,71.0,77.019631705682
5063,77.9,82.05342993537307
22989,77.3,77.019631705682
13079,51.0,51.6776618057361
20224,51.8,77.019631705682
7949,89.2,77.019631705682
8312,80.0,77.019631705682
9842,78.0,77.019631705682
16315,61.2,77.019631705682
13897,80.5,77.019631705682
4400,69.9,77.019631705682
23875,62.0,77.019631705682
19062,84.0,77.019631705682
20180,49.45,77.019631705682
1309,76.1,75.63591694134716
17237,66.05,77.019631705682
5087,125.4,77.019631705682
451,57.75,77.019631705682
22183,57.7,77.019631705682
2905,159.0,77.019631705682
19123,70.2,77.019631705682
14697,96.0,77.019631705682
21528,80.1,77.019631705682
7282,62.5,77.019631705682
20443,55.0,77.019631705682
23030,72.0,77.019631705682
21960,80.9,77.019631705682
9953,68.0,77.019631705682
4219,67.0,77.019631705682
17599,59.7,77.019631705682
8761,124.0,77.019631705682
439,67.0,77.019631705682
9759,68.7,77.019631705682
14197,95.0,77.019631705682
2288,71.6,77.019631705682
19975,85.7,77.019631705682
11559,94.3,77.019631705682
5184,64.0,77.019631705682
11688,92.0,77.019631705682
23149,77.8,77.019631705682
10881,80.0,77.019631705682
9065,79.0,77.019631705682
11610,78.0,77.019631705682
14018,69.0,69.22682258405992
14959,65.0,77.019631705682
6479,96.0,77.019631705682
4589,53.4,77.019631705682
14789,129.5,77.019631705682
9910,101.4,77.019631705682
22662,65.5,77.019631705682
16673,70.0,77.019631705682
3925,93.0,94.1190755730553
1805,75.7,77.019631705682
14847,100.0,77.019631705682
12743,61.7,58.32068989345206
13793,64.55,77.019631705682
78,53.1,77.019631705682
10010,48.7,50.730809314700494
15423,99.2,77.019631705682
1877,102.0,101.49423660681431
7465,76.0,77.4026961505956
22158,68.2,77.019631705682
20515,120.6,77.019631705682
5673,82.0,81.9750047998198
1866,71.5,75.68520548341647
12280,92.15,77.019631705682
21620,66.35,77.019631705682
12867,56.5,77.019631705682
6014,94.95,77.019631705682
21223,75.8,77.019631705682
15586,88.0,77.019631705682
4226,180.0,77.019631705682
17355,79.0,77.019631705682
17360,81.2,77.019631705682
16163,125.7,77.019631705682
8004,101.0,101.39674990749805
12861,87.0,83.71099834690543
2276,58.1,77.019631705682
18015,52.0,77.019631705682
4538,70.0,77.019631705682
4005,82.9,77.019631705682
23745,84.0,77.019631705682
17742,102.3,77.019631705682
4365,108.3,77.019631705682
1067,55.1,77.019631705682
18647,79.0,77.019631705682
17616,143.2,113.24238779025859
22496,64.5,77.019631705682
13505,72.5,77.019631705682
17380,78.0,77.019631705682
17484,78.8,75.4633225096542
2834,78.0,77.019631705682
5279,77.0,78.25059420194617
18844,65.7,77.019631705682
828,83.1,77.019631705682
10669,78.8,77.019631705682
11018,117.5,77.019631705682
12661,60.0,77.019631705682
9947,60.1,77.019631705682
5780,146.0,144.0738023343331
15016,83.4,84.12399032158851
3394,67.45,77.019631705682
19341,69.0,77.019631705682
5126,63.0,77.019631705682
6957,49.6,77.019631705682
9847,69.0,77.019631705682
19471,66.3,77.019631705682
408,67.7,77.019631705682
2884,68.2,77.019631705682
14271,132.4,77.019631705682
21749,73.4,77.019631705682
6026,112.3,77.019631705682
18509,72.5,77.019631705682
22886,84.0,77.019631705682
2055,98.7,77.019631705682
13534,83.3,77.019631705682
4410,63.15,77.019631705682
10157,100.0,99.63003706002962
6298,70.3,77.019631705682
1520,90.1,91.75277101409159
6210,99.4,77.019631705682
9826,82.0,81.22238535017627
15135,82.1,81.9521022891082
3756,53.7,77.019631705682
7151,71.0,72.63619227197073
807,66.8,77.019631705682
15599,70.4,77.019631705682
9771,127.0,77.019631705682
2314,88.1,87.65607567891217
18432,69.5,77.019631705682
17052,75.0,77.019631705682
9248,61.6,77.019631705682
18962,48.9,77.019631705682
16496,157.0,77.019631705682
11129,105.0,105.45130739343355
11800,66.0,77.019631705682
4661,62.3,62.158385047702886
17793,85.5,77.019631705682
20140,76.0,77.019631705682
13118,69.1,77.019631705682
10231,54.15,77.019631705682
10167,75.0,77.019631705682
14794,53.2,77.019631705682
16197,99.0,100.24082020079459
22054,83.6,77.019631705682
10235,53.45,77.019631705682
9509,78.0,77.019631705682
3108,101.1,77.019631705682
5808,69.0,77.019631705682
10976,122.2,77.019631705682
18324,57.0,77.019631705682
9277,66.8,77.019631705682
943,65.4,77.019631705682
9878,76.4,76.42897295886159
1670,56.1,77.019631705682
1011,92.4,77.019631705682
6349,97.0,77.019631705682
12969,73.9,77.019631705682
8914,69.7,77.019631705682
20909,64.0,77.019631705682
1588,94.75,77.019631705682
23857,68.0,77.019631705682
4193,85.0,77.019631705682
16511,68.2,77.019631705682
4667,85.0,89.2255301541405
21856,55.95,77.019631705682
4167,97.4,77.019631705682
21599,84.9,77.019631705682
10832,94.0,94.41089783479626
21527,79.2,77.019631705682
13894,81.5,77.019631705682
7224,95.7,77.019631705682
19953,120.2,77.019631705682
12749,90.0,77.019631705682
5180,57.5,77.019631705682
10697,81.5,82.12181701695336
9760,68.65,77.019631705682
10835,63.85,77.019631705682
1030,87.3,77.019631705682
2885,67.2,77.019631705682
20245,94.6,77.019631705682
82,67.05,77.019631705682
23302,59.0,77.019631705682
920,58.4,77.019631705682
13663,64.3,69.70244457329635
14514,47.6,77.019631705682
328,114.3,77.019631705682
23827,78.0,77.019631705682
2753,55.8,77.019631705682
697,60.9,77.019631705682
2943,83.65,77.019631705682
12206,71.0,77.019631705682
20524,85.7,77.019631705682
7136,78.15,77.019631705682
6091,84.6,77.019631705682
13437,64.0,77.019631705682
14791,53.7,77.019631705682
12179,94.4,77.019631705682
19933,94.5,77.019631705682
18651,95.0,77.019631705682
14905,45.9,47.904422356671006
14670,56.4,77.019631705682
3249,69.0,77.019631705682
15119,51.5,77.019631705682
17654,71.25,77.019631705682
9755,62.8,77.019631705682
12792,80.2,77.019631705682
19202,77.9,77.019631705682
21926,85.3,77.019631705682
22893,74.9,77.019631705682
1509,104.0,104.14278285765738
2074,66.35,77.019631705682
180,70.0,77.019631705682
15593,90.1,77.019631705682
11678,90.2,77.019631705682
6189,61.0,77.019631705682
14564,64.0,77.019631705682
4641,76.2,77.019631705682
9218,56.8,77.019631705682
16472,94.2,77.019631705682
5484,70.5,77.019631705682
11874,97.4,77.019631705682
12153,77.6,77.019631705682
11360,74.8,77.019631705682
20164,70.5,77.019631705682
10310,90.1,77.019631705682
776,66.8,77.019631705682
21020,40.4,77.019631705682
4519,87.0,77.019631705682
11867,78.8,77.019631705682
5672,70.0,77.019631705682
906,54.2,77.019631705682
1915,68.0,77.019631705682
10574,65.0,64.6781166071012
16907,75.0,77.019631705682
22248,63.3,77.019631705682
10376,69.7,77.019631705682
5623,89.5,77.019631705682
10217,66.5,70.89008983037013
18809,99.0,77.019631705682
18206,71.9,77.019631705682
21160,105.0,77.019631705682
741,54.8,77.019631705682
19425,74.6,77.019631705682
14554,66.1,77.019631705682
6554,77.8,77.019631705682
18798,120.3,77.019631705682
16952,80.7,77.019631705682
1312,78.9,79.21865016830792
22339,68.0,75.07847680874825
11193,47.5,77.019631705682
16861,67.4,77.019631705682
4183,74.5,75.90626206789192
5924,79.6,77.019631705682
1928,77.0,77.019631705682
10653,64.0,67.21671691727175
15140,85.0,77.019631705682
15437,95.8,77.019631705682
20292,78.45,77.019631705682
13628,66.3,66.64100027705015
19448,74.5,77.019631705682
17318,66.8,77.019631705682
18826,200.0,77.019631705682
3787,64.95,77.019631705682
6485,123.8,77.019631705682
23951,76.0,77.019631705682
7454,85.0,77.019631705682
19577,70.0,77.019631705682
22486,85.0,77.019631705682
17155,67.4,77.019631705682
22581,76.0,77.019631705682
19888,36.6,77.019631705682
20704,68.0,77.019631705682
11831,63.2,77.019631705682
20250,69.6,77.019631705682
1714,94.4,95.21778668928343
3056,83.3,77.019631705682
13879,54.8,77.019631705682
4279,77.4,77.019631705682
21354,60.0,77.019631705682
8485,39.7,77.019631705682
2643,53.5,56.56148748050113
14199,88.3,77.019631705682
1045,86.3,77.019631705682
15042,101.5,77.019631705682
11137,68.5,77.019631705682
12109,90.05,77.019631705682
17820,69.4,77.019631705682
20153,99.0,80.17045077340447
267,86.8,77.019631705682
20510,61.5,77.019631705682
11679,86.0,77.019631705682
1328,65.6,77.019631705682
2608,75.85,77.019631705682
12615,85.45,77.019631705682
6863,57.4,77.019631705682
4007,110.3,109.92343533643351
7130,82.0,77.019631705682
5619,90.35,77.019631705682
4428,72.2,77.019631705682
21368,65.6,77.019631705682
15455,67.5,77.019631705682
2211,82.0,77.019631705682
20959,73.7,77.019631705682
19450,75.0,77.019631705682
21624,63.25,77.019631705682
18161,98.0,104.56384649160348
13393,64.0,77.019631705682
22633,78.0,77.019631705682
1620,121.1,77.019631705682
240,62.6,77.019631705682
16349,61.5,77.019631705682
22645,68.0,77.019631705682
12853,83.2,77.019631705682
12684,60.0,77.019631705682
21803,77.5,77.019631705682
11081,53.7,77.019631705682
91,50.5,77.019631705682
10924,62.6,65.77611555409221
6448,59.6,77.019631705682
11021,73.0,77.019631705682
5652,62.1,77.019631705682
839,72.45,77.019631705682
6156,83.7,77.019631705682
14339,64.0,77.019631705682
8221,149.4,77.019631705682
290,91.2,77.019631705682
23116,50.0,77.019631705682
9349,61.7,77.019631705682
20766,79.5,77.019631705682
2355,73.0,77.019631705682
19405,93.6,94.48674654498517
480,99.8,77.019631705682
20501,76.5,74.05944242106042
16723,92.6,77.019631705682
22537,77.0,77.019631705682
5777,70.5,70.83892335275512
6564,98.5,77.019631705682
5043,54.0,55.474461376754995
17888,78.9,77.019631705682
5322,68.9,77.019631705682
18738,55.4,77.019631705682
13358,58.75,77.019631705682
17998,41.0,77.019631705682
22710,87.8,77.019631705682
10722,66.2,77.019631705682
11170,52.4,77.019631705682
22601,118.7,77.019631705682
10561,68.8,77.019631705682
19068,85.2,77.019631705682
3952,76.7,77.019631705682
13795,64.25,77.019631705682
14474,70.0,77.019631705682
14067,81.55,77.019631705682
6855,44.0,45.631052529422234
20189,90.0,77.019631705682
16736,60.0,77.019631705682
2169,60.0,77.019631705682
7521,81.7,77.019631705682
11448,46.4,77.019631705682
12152,79.2,77.019631705682
21684,70.0,77.019631705682
19684,51.1,77.019631705682
22524,72.5,77.019631705682
12065,77.75,77.019631705682
1612,74.7,77.019631705682
21176,64.2,77.019631705682
1332,91.2,77.019631705682
14295,79.5,77.019631705682
7981,70.4,70.70093558611993
5259,94.0,77.019631705682
6031,111.6,77.019631705682
12919,105.8,77.019631705682
19423,74.3,77.019631705682
23163,64.0,77.019631705682
17912,74.3,77.019631705682
16266,54.3,77.019631705682
5195,69.0,77.019631705682
14415,87.0,77.019631705682
14656,53.3,77.019631705682
20771,81.8,77.019631705682
6002,99.0,77.019631705682
1497,78.7,77.019631705682
20494,86.5,77.019631705682
8327,88.75,77.019631705682
13236,59.0,77.019631705682
12135,77.7,77.019631705682
19349,96.0,77.019631705682
20803,98.2,77.019631705682
7608,75.5,77.019631705682
3873,47.0,49.18971480391028
17776,133.4,77.019631705682
22001,45.8,77.019631705682
16746,66.8,77.019631705682
3906,75.0,75.81978015889031
5159,52.0,77.019631705682
13395,57.0,58.842116395621794
15992,59.1,77.019631705682
4832,66.0,77.019631705682
15148,97.0,77.019631705682
8552,80.3,77.019631705682
4391,72.2,77.019631705682
567,71.5,77.019631705682
19310,90.5,77.019631705682
22058,83.8,77.019631705682
20824,87.4,77.019631705682
4582,67.6,71.5497638871265
5836,65.3,77.019631705682
22983,76.2,77.019631705682
3397,68.4,77.019631705682
10826,89.0,88.3304081372698
1723,87.2,89.48556238835577
10037,83.0,77.019631705682
13072,85.2,77.019631705682
7195,90.2,77.019631705682
11870,78.3,77.019631705682
22769,61.0,77.019631705682
7640,80.0,77.019631705682
12123,91.1,77.019631705682
23711,64.5,77.019631705682
22828,88.05,77.019631705682
23961,29.0,77.019631705682
11364,76.0,77.019631705682
9158,51.7,77.019631705682
7156,98.6,77.019631705682
19857,73.4,77.019631705682
18727,72.0,73.67470783774027
1144,95.0,77.019631705682
3865,46.9,77.019631705682
5853,200.0,77.019631705682
11789,75.0,77.019631705682
22199,87.0,77.019631705682
20822,87.6,77.019631705682
12251,72.4,77.019631705682
9228,97.0,100.60358629571553
9642,55.0,58.44906711705804
18914,81.2,77.019631705682
12500,72.0,77.019631705682
20057,62.0,77.019631705682
23325,59.5,77.019631705682
16803,72.8,77.019631705682
23161,78.0,77.019631705682
22314,63.1,77.019631705682
7299,109.0,77.019631705682
14313,78.8,77.83658479200155
2218,64.2,77.019631705682
14380,82.7,77.019631705682
13790,66.5,77.019631705682
7061,61.0,77.019631705682
6704,81.9,77.019631705682
16405,73.6,77.019631705682
22353,52.0,65.17816003017737
12945,65.8,77.019631705682
18260,56.3,77.019631705682
14735,99.8,77.019631705682
10595,83.0,77.019631705682
1323,72.0,73.9311520155231
14481,73.0,77.019631705682
8509,73.6,77.019631705682
10511,50.4,77.019631705682
16461,75.0,77.019631705682
20073,44.4,77.019631705682
21694,101.3,77.019631705682
15039,100.8,77.019631705682
5140,60.0,77.019631705682
13231,54.3,77.019631705682
16729,71.1,77.019631705682
13558,91.5,102.06529727190522
20115,65.4,77.019631705682
3619,90.0,77.019631705682
1003,92.15,77.019631705682
1657,87.8,77.019631705682
16920,79.5,77.019631705682
2110,78.45,77.019631705682
1501,64.0,61.56479373564585
11491,65.6,77.019631705682
2848,80.0,77.019631705682
9539,80.0,77.019631705682
15513,83.0,77.019631705682
9472,75.5,77.019631705682
5561,73.0,77.019631705682
15811,77.0,78.72264386050566
19358,67.3,77.019631705682
5625,85.6,77.019631705682
4656,62.0,77.019631705682
3140,65.35,77.019631705682
8361,103.0,103.93207321370855
792,64.0,77.019631705682
6443,151.8,150.04220341787658
5947,57.5,77.019631705682
14583,68.55,77.019631705682
4931,51.1,77.019631705682
20407,83.7,77.019631705682
16451,84.8,88.36782801927602
4036,107.0,106.62422535856167
20258,68.7,77.019631705682
10247,82.4,77.019631705682
2012,95.0,95.66909057835498
21647,47.0,48.21587015132554
13721,69.8,77.019631705682
10951,69.1,77.019631705682
19147,51.0,77.019631705682
2750,56.9,77.019631705682
7008,78.4,77.019631705682
3162,93.2,77.019631705682
13260,99.9,77.019631705682
22118,72.8,77.019631705682
7127,86.3,77.019631705682
16910,68.4,77.019631705682
5821,73.5,73.34837084054868
3165,90.35,77.019631705682
17964,86.0,77.019631705682
17545,71.0,72.26909736934769
9261,45.0,44.47916751392137
20463,53.0,77.019631705682
11158,55.0,56.72166704012333
6027,110.9,77.019631705682
5800,97.0,77.019631705682
20904,106.1,77.019631705682
23348,79.3,77.019631705682
4042,91.0,91.59208467806056
14915,86.8,77.019631705682
79,52.1,77.019631705682
21700,62.0,77.019631705682
15709,31.85,77.019631705682
19201,78.1,77.019631705682
15611,60.0,64.10592176462063
17234,66.25,77.019631705682
4470,72.0,77.019631705682
6052,73.8,77.019631705682
8647,117.0,114.2782212442741
18958,48.2,77.019631705682
21055,97.2,77.019631705682
22263,85.0,69.0801018882041
12022,51.6,77.019631705682
6094,44.9,77.019631705682
7158,98.6,77.019631705682
15498,56.75,77.019631705682
5305,72.3,77.019631705682
9373,61.0,77.019631705682
20111,62.2,65.1092845542084
3816,56.8,77.019631705682
11522,98.0,77.019631705682
23081,79.0,77.019631705682
8011,49.0,50.27502364844274
5750,62.0,77.019631705682
22384,86.4,77.019631705682
4990,58.85,77.019631705682
4557,84.0,77.019631705682
18150,70.2,77.019631705682
23317,52.0,77.019631705682
6798,79.5,77.019631705682
11424,92.0,77.019631705682
2621,75.0,77.019631705682
2238,86.9,77.019631705682
20365,118.8,77.019631705682
16529,63.6,77.019631705682
11883,74.2,77.019631705682
22280,80.6,77.019631705682
6106,81.9,77.019631705682
35,90.0,77.019631705682
15319,55.0,77.019631705682
17319,67.0,77.019631705682
12568,78.2,77.019631705682
3644,112.9,77.019631705682
4746,60.6,77.019631705682
14600,72.7,77.019631705682
2087,53.0,54.419628340179166
2870,81.6,88.89952529440617
9565,71.0,77.019631705682
16465,75.6,77.019631705682
2671,95.8,77.019631705682
7770,63.0,77.019631705682
21036,75.3,77.019631705682
5348,55.9,77.019631705682
1671,56.5,77.019631705682
2455,66.1,77.019631705682
217,56.0,77.019631705682
18757,79.0,77.019631705682
15901,120.0,77.019631705682
266,88.7,77.019631705682
18934,81.7,77.019631705682
16263,54.1,77.019631705682
13051,71.6,77.019631705682
5350,54.0,77.019631705682
15630,73.8,77.019631705682
17903,91.0,77.019631705682
12554,61.0,77.019631705682
16832,95.3,77.019631705682
10643,88.0,77.019631705682
18013,51.6,77.019631705682
9294,59.4,61.66513561254957
6481,95.0,77.019631705682
11076,54.1,77.019631705682
326,114.0,77.019631705682
16551,113.6,77.019631705682
21299,106.0,77.019631705682
10870,91.2,77.019631705682
12485,89.45,77.019631705682
15284,94.0,89.67193226032148
12465,60.7,77.019631705682
938,65.9,77.019631705682
15174,91.0,77.019631705682
22364,67.0,68.29680177689924
4811,96.45,77.019631705682
17962,82.5,77.019631705682
11255,57.3,77.019631705682
784,77.4,77.019631705682
10900,66.1,77.019631705682
13422,82.3,77.019631705682
16206,68.0,77.019631705682
20253,67.9,77.019631705682
13139,56.8,77.019631705682
14054,98.0,77.019631705682
22808,124.0,77.019631705682
15558,55.4,77.019631705682
17010,83.1,77.019631705682
17147,74.4,77.019631705682
17772,58.75,77.019631705682
23547,82.0,77.019631705682
16301,56.5,77.019631705682
14185,81.0,77.019631705682
14801,53.5,77.019631705682
22559,63.0,77.019631705682
3991,97.0,77.019631705682
21617,66.5,77.019631705682
6330,84.8,77.019631705682
9868,107.0,106.60393357410433
7538,68.0,77.019631705682
12032,69.9,77.019631705682
8143,48.3,77.019631705682
8947,51.0,53.25126578894856
16598,51.1,77.019631705682
10179,80.7,77.019631705682
8307,73.0,74.93702611302082
10445,95.6,93.94024773950233
23638,96.0,77.019631705682
14767,84.3,77.019631705682
22979,42.6,77.019631705682
20293,78.2,77.019631705682
17845,71.3,77.019631705682
12124,89.5,77.019631705682
9547,71.35,77.019631705682
1820,72.7,77.019631705682
2423,81.0,77.019631705682
7164,80.0,77.019631705682
10557,61.0,60.850033207568984
7236,90.3,77.019631705682
14416,86.6,77.019631705682
9164,82.3,77.019631705682
1212,76.7,77.06348513818175
1244,76.8,70.17693371840389
7932,66.0,77.019631705682
20596,90.0,77.019631705682
18469,125.2,77.019631705682
18794,73.9,77.019631705682
8801,78.0,84.66513859142046
2499,62.0,77.019631705682
22653,58.5,77.019631705682
20773,63.0,77.019631705682
12833,94.0,77.019631705682
3895,127.4,124.6579090822453
17407,74.3,77.019631705682
980,84.0,77.019631705682
3047,74.2,77.019631705682
7320,54.6,77.019631705682
16189,106.5,107.8666904614045
9675,61.0,77.019631705682
10662,77.35,77.73937711027266
4775,71.0,76.83538402838387
1039,48.1,77.019631705682
15433,95.85,77.019631705682
3495,80.5,77.019631705682
1744,52.4,77.019631705682
9526,70.5,77.019631705682
19107,65.7,77.019631705682
23099,68.0,77.019631705682
6672,69.4,77.019631705682
17729,90.0,94.3155751992958
4500,58.65,58.738563991162565
23151,70.0,77.019631705682
20312,75.65,77.019631705682
22991,78.0,77.019631705682
22851,97.0,77.019631705682
8483,40.0,77.019631705682
5269,65.0,77.019631705682
5378,61.0,77.019631705682
7256,64.0,77.019631705682
4157,70.1,77.019631705682
1349,103.3,77.019631705682
7352,80.5,80.64481326877302
18475,83.8,77.019631705682
22976,42.8,77.019631705682
12215,72.8,77.019631705682
4378,67.0,77.019631705682
12203,68.0,68.88859575663975
4019,119.2,77.019631705682
17483,64.0,66.10306169642462
15831,50.3,77.019631705682
2235,88.3,77.019631705682
7434,52.75,77.019631705682
17621,75.0,77.019631705682
14312,78.25,77.019631705682
1007,91.65,77.019631705682
5823,73.0,77.019631705682
22731,77.0,77.019631705682
23388,77.05,77.019631705682
23963,73.0,77.019631705682
23271,92.0,77.019631705682
8012,65.0,68.1704955798991
11655,84.0,77.019631705682
22373,70.25,77.019631705682
7960,87.1,77.019631705682
12310,84.0,77.019631705682
572,72.7,77.019631705682
20268,66.0,77.019631705682
5020,119.8,126.39547964817329
19675,83.1,77.019631705682
13853,58.5,77.019631705682
11110,61.0,77.019631705682
19992,84.1,77.019631705682
12637,57.4,77.019631705682
19377,75.0,79.70799550658256
20498,51.0,50.377221690828726
12839,80.8,77.019631705682
2275,58.5,77.019631705682
369,74.5,77.019631705682
1293,104.4,77.019631705682
23082,57.8,77.019631705682
6234,84.8,77.019631705682
17339,37.7,77.019631705682
10197,77.0,78.84046252518785
9107,55.95,77.019631705682
17855,68.0,77.019631705682
13681,68.7,77.019631705682
4142,66.0,77.019631705682
670,83.0,77.019631705682
9257,136.0,135.80118830448896
13049,71.2,77.019631705682
6528,93.05,77.019631705682
1192,42.25,45.82529048987146
1755,46.4,77.019631705682
1921,100.0,95.4122078468551
10845,62.5,77.019631705682
7324,85.0,87.31362116647917
15271,91.5,77.019631705682
3153,90.2,77.019631705682
13966,72.0,76.00184506368058
15332,61.8,55.68988022042216
3159,92.0,77.019631705682
3280,59.0,59.24035391238325
5593,71.0,77.019631705682
19717,91.3,77.019631705682
22974,42.5,77.019631705682
4825,90.95,77.019631705682
6218,102.3,77.019631705682
21655,59.8,58.89134434031776
13590,58.1,77.019631705682
19564,86.9,77.019631705682
19604,60.1,77.019631705682
3974,78.3,77.019631705682
23858,71.6,77.019631705682
22569,96.0,77.019631705682
1402,68.0,64.38970220808214
10351,87.9,77.019631705682
14888,62.4,77.019631705682
752,66.9,77.019631705682
14478,72.0,77.019631705682
15508,100.0,77.019631705682
1661,87.5,77.019631705682
18374,89.3,77.019631705682
3453,102.4,77.019631705682
8250,73.05,77.019631705682
21240,66.6,77.019631705682
5825,73.0,77.019631705682
10775,73.3,77.019631705682
482,98.6,91.2075244641639
6745,94.2,77.019631705682
5907,90.0,77.019631705682
6988,88.0,77.019631705682
8707,75.6,77.019631705682
5411,63.0,77.019631705682
9667,58.55,77.019631705682
9028,104.0,77.019631705682
17870,81.6,77.019631705682
614,65.6,77.019631705682
17265,47.1,77.019631705682
11663,64.0,77.019631705682
15986,58.85,77.019631705682
15159,70.2,77.019631705682
21844,74.3,74.41963309778976
5196,67.7,77.019631705682
5543,104.5,77.019631705682
3143,65.3,77.019631705682
15310,78.2,78.71943348208129
3439,78.6,77.019631705682
9989,99.6,77.019631705682
18183,119.0,77.019631705682
3105,103.1,77.019631705682
1424,77.0,77.019631705682
4132,70.0,77.019631705682
15880,61.0,63.23355595944999
648,130.4,129.5695592704307
1529,66.2,68.5914629136521
11437,79.3,77.019631705682
14782,129.7,77.019631705682
562,91.9,77.019631705682
16976,60.9,77.019631705682
1644,86.3,87.23157593595967
15082,66.5,77.019631705682
10757,61.1,77.019631705682
6549,75.0,77.019631705682
8897,71.6,77.019631705682
5089,122.6,77.019631705682
2115,77.1,77.019631705682
5648,60.0,77.019631705682
20276,111.1,77.019631705682
20937,88.0,86.04519233081957
14437,64.9,77.019631705682
22501,64.4,77.019631705682
19676,57.7,77.019631705682
21919,84.4,77.019631705682
6044,84.2,77.019631705682
18861,94.0,77.019631705682
4979,81.0,77.019631705682
5896,74.9,77.019631705682
12302,55.6,77.019631705682
16092,84.8,77.019631705682
8846,109.0,77.019631705682
5703,78.9,77.019631705682
12954,65.0,77.019631705682
23789,92.0,77.019631705682
11624,68.3,77.019631705682
20131,50.0,77.019631705682
21236,66.3,77.019631705682
1632,55.75,77.019631705682
13066,67.15,77.019631705682
2483,65.0,77.019631705682
18796,76.0,77.019631705682
10028,82.0,77.019631705682
10874,90.3,77.019631705682
14599,73.5,77.019631705682
7332,92.0,77.019631705682
2250,60.0,77.019631705682
22120,88.0,77.019631705682
20994,66.0,77.019631705682
5587,92.5,77.019631705682
11053,82.0,77.019631705682
12027,72.15,77.019631705682
12805,66.0,75.29195099107275
2721,63.0,77.019631705682
9397,68.0,77.019631705682
18957,49.0,77.019631705682
6699,77.0,77.019631705682
9342,81.9,77.019631705682
6504,34.6,77.019631705682
13171,73.0,76.85042599823771
5971,68.2,77.019631705682
21175,84.0,77.019631705682
518,72.9,77.019631705682
9141,64.8,77.019631705682
23577,104.0,77.019631705682
19057,72.0,77.019631705682
6038,86.8,77.019631705682
15778,158.0,77.019631705682
23567,65.2,77.019631705682
14559,72.1,77.019631705682
10843,62.25,77.019631705682
12901,79.5,77.019631705682
8794,83.0,77.019631705682
13200,76.45,77.019631705682
9230,72.0,77.019631705682
13487,77.5,77.019631705682
12223,73.9,77.019631705682
10814,80.0,79.49593510614922
18457,127.5,77.019631705682
510,70.3,77.019631705682
151,74.5,77.019631705682
23715,74.3,77.019631705682
23165,47.0,77.019631705682
2894,75.1,77.019631705682
2234,86.75,77.019631705682
13430,62.8,77.019631705682
8920,70.5,77.019631705682
18968,47.9,77.019631705682
2083,66.3,77.019631705682
23361,73.0,77.019631705682
22351,77.0,77.019631705682
4479,66.0,77.019631705682
6180,62.4,77.019631705682
23132,63.7,77.019631705682
23472,75.8,77.019631705682
18586,119.0,77.019631705682
5354,100.0,77.019631705682
6217,100.6,77.019631705682
20790,161.0,77.019631705682
9318,48.0,77.019631705682
8558,81.3,77.019631705682
15418,80.0,73.06704442682873
5048,80.0,81.40241472609007
5476,52.0,77.019631705682
432,68.0,77.019631705682
15574,65.0,77.019631705682
5527,48.2,77.019631705682
9540,86.8,77.019631705682
2362,75.3,77.019631705682
349,61.5,77.019631705682
3485,88.6,77.019631705682
21513,81.0,77.019631705682
18334,60.0,77.019631705682
16970,99.2,101.93141316300938
19680,59.7,77.019631705682
6594,59.3,77.019631705682
3696,109.5,77.019631705682
3435,79.7,77.019631705682
7412,91.0,96.71875541854033
22430,122.0,77.019631705682
1199,87.3,86.99118221512865
9974,72.5,72.41249231111104
1742,50.7,77.019631705682
23921,140.1,77.019631705682
18430,67.6,77.019631705682
21712,86.0,77.019631705682
18964,48.6,77.019631705682
21464,75.6,80.24226826134591
16890,94.4,77.019631705682
1480,67.0,77.019631705682
10530,70.0,77.019631705682
9859,85.0,86.32928946377392
16390,66.0,64.6492715502607
13503,115.3,116.4117961113007
22490,83.6,77.019631705682
8267,71.4,77.019631705682
13489,54.0,77.019631705682
10100,77.2,77.019631705682
9202,69.3,77.019631705682
13955,99.05,77.019631705682
4516,87.75,77.019631705682
18267,93.0,77.019631705682
7994,95.7,77.019631705682
17192,64.5,77.019631705682
22202,100.0,100.88764849460749
23473,73.0,77.019631705682
677,61.6,77.019631705682
3993,97.0,98.23041994308234
3586,48.1,77.019631705682
19879,98.4,77.019631705682
19997,52.3,54.367621429105256
14593,75.0,77.019631705682
1939,100.4,77.019631705682
19427,74.5,77.019631705682
19434,63.05,71.468187311931
23345,106.0,77.019631705682
2887,67.4,77.019631705682
19481,87.9,77.019631705682
18229,94.7,77.019631705682
17492,80.0,77.019631705682
6333,58.0,77.019631705682
8236,142.4,77.019631705682
12164,75.0,75.35794938592053
23982,72.0,77.019631705682
17557,58.0,77.019631705682
22945,122.0,77.019631705682
1812,95.5,77.019631705682
15019,78.7,85.27750951470485
17947,69.8,69.71452846529965
18294,74.2,77.019631705682
17404,74.4,77.019631705682
22692,75.0,77.019631705682
19460,74.4,77.019631705682
3507,101.4,77.019631705682
18291,105.7,77.019631705682
1019,125.0,77.019631705682
4630,60.0,77.019631705682
13031,67.7,77.019631705682
9762,68.6,77.019631705682
10927,91.5,95.08497875357698
4316,79.0,77.98936317619003
19311,91.7,77.019631705682
16009,106.0,109.53743031271246
303,70.1,77.019631705682
13595,62.0,77.019631705682
20043,77.95,77.019631705682
1194,42.65,77.019631705682
4357,56.3,77.019631705682
17708,101.0,97.66623571809316
