,y_test,prediction
953,89.1,83.09775639009655
3178,71.0,66.25361652066636
2088,65.0,60.15885077506866
1216,76.0,79.02674789957214
2562,94.0,76.93756002070629
722,87.0,76.86202150149566
1117,82.0,76.89434819313058
3583,88.0,86.07877920873469
212,78.0,79.34523506868874
3541,79.0,78.74910615131529
197,87.0,79.52172819473085
2903,90.0,79.9657016531443
185,84.0,68.25451934455793
873,75.0,84.72207258808288
3657,86.0,83.72459402463417
3217,110.0,91.88386126815254
71,82.0,81.87912355097367
1068,103.0,96.29156636899282
309,115.0,96.86067947254236
1996,89.0,88.63723417272342
167,70.0,73.1553619051584
412,80.0,84.88495470112053
1599,62.0,91.77284854449053
315,55.5,64.90422394620145
1088,82.0,81.823087601384
1628,70.0,70.05203259556455
1539,75.0,69.9183951516477
3125,68.0,83.90669753527095
982,78.45,87.64153261046522
1759,80.0,76.77845107286333
2887,94.0,85.44438840055341
1075,73.0,64.59316812831611
3672,90.0,87.00421282281548
1944,61.0,63.246473717980905
3409,75.0,80.4725031832696
3883,55.0,59.2652285610111
1870,77.0,87.38570117652114
1516,83.0,83.33246471384598
2673,76.0,74.24724779038351
3639,146.0,109.34057345451339
1328,104.0,96.06418931666025
557,82.0,75.42201183270214
669,51.9,60.0585005567618
1468,78.0,84.10348807889676
1351,170.0,35.27261663687247
180,105.0,97.25112510133141
1696,59.5,67.63468867785426
4120,132.1,101.08651109751472
416,115.0,116.88816456847525
2240,77.0,77.7747302473918
842,66.4,71.20710160154633
326,73.0,74.64780079430909
440,74.0,76.41085233967164
1504,81.5,87.55005394144408
3937,75.0,73.46849418568135
1487,125.0,99.30460259365225
2193,70.0,85.0337164796853
1038,82.0,76.94794704197994
1061,147.2,99.79955838222833
497,130.0,101.91662147531906
2999,76.0,82.90762227192243
206,45.0,54.81074270073577
1753,71.0,80.54944884809944
748,63.0,63.497753733899884
1645,75.0,73.51884814412156
2761,70.0,66.96582241534156
3686,65.0,63.973119156705025
3398,59.0,69.68100338795375
8,100.0,88.13418949890314
2664,87.0,88.59423436741835
2126,88.0,80.99980103004324
2874,89.0,88.67657713896122
3309,103.0,90.84813368590235
150,136.0,106.5330044548503
110,116.0,105.55774839281571
3184,93.0,89.82242665009343
319,94.0,97.0312428377394
33,75.0,73.85515530288194
2152,83.0,78.75964079695225
3110,83.0,76.44908356678687
609,73.0,74.76358312879091
97,85.0,84.32864033789
2738,100.0,90.26513810464272
2031,67.0,69.92330475447332
3465,104.0,105.13872455811256
802,72.0,73.90799706862825
4019,77.1,65.82400567577136
4118,85.9,89.72978243662118
1607,84.0,84.29070058237761
2139,174.0,60.31086685062442
17,54.0,64.05748668876902
2105,98.0,98.81593125122563
3307,50.0,59.92870629954757
1010,81.0,87.23875531703317
239,78.0,77.04920532993685
2033,118.0,99.74175880728652
3091,92.0,84.01629561388154
3998,120.0,100.74902270833317
297,79.6,75.96414113539177
513,60.0,62.53965251520799
4060,68.0,73.44971259385346
473,70.0,61.64332409528956
3796,73.0,81.77778633865134
2714,94.0,92.64600430879048
70,114.0,96.99553231603869
2296,61.0,64.66458644461198
1881,60.0,62.84710805820785
2310,75.0,103.83713037929815
3560,78.0,128.7162725819877
1210,68.0,71.05113869030086
2338,61.0,61.451115056768856
2214,76.0,78.94650458722188
1142,63.0,66.83938769330936
2303,125.0,102.43150975766474
3882,92.0,95.88323633607254
1777,92.0,83.8657080053658
2889,70.45,72.68149004283174
503,54.0,56.52171253295978
2259,75.0,72.14738311041941
1431,75.0,79.95392164692933
4041,57.0,64.96220775949948
1899,55.0,61.58101227986012
271,56.0,91.39294603480494
737,95.0,85.75608567299767
151,69.0,67.33653354685654
1059,50.0,55.867501340473325
230,74.0,75.01052859290323
1621,61.0,61.005575664434105
1226,68.0,77.2454938716289
2050,60.6,62.99956583440408
2440,57.0,55.029857982025845
2042,77.2,66.19248666146504
434,70.0,76.75951087573085
2492,58.0,59.79272125616296
1262,74.0,72.92045751975294
2831,81.4,76.01986578960924
14,70.0,72.02321916525355
2451,80.0,78.62837299208681
3877,68.0,79.9970579842327
367,79.0,77.66602654509484
1363,76.0,99.15105171769935
3607,100.0,81.59993527442435
1026,71.0,75.01547979751331
2644,60.0,59.071528319201434
3629,78.0,79.35263852161589
1168,69.4,70.58817021415814
1413,84.0,80.9896841606529
1424,73.0,76.22691408528433
2408,88.0,87.57183544840217
3238,71.0,74.32540730234427
1617,88.0,127.14681041856943
1823,62.3,53.890723980684555
2234,62.0,70.15849219262279
467,88.0,83.18858836894265
1961,73.0,81.77334629007126
1178,60.3,66.82124035322951
3198,69.0,81.855995949457
3199,67.0,77.6631145279637
1045,63.1,70.85322077934487
1886,64.1,73.53766280481614
570,75.0,80.71527205117323
299,58.0,52.625387536436534
3673,67.0,69.95107545710593
1198,53.0,61.02003936065162
2486,101.0,98.39934577635313
372,94.0,88.80004835809297
952,69.0,71.17507497233603
2779,91.0,85.71619562660436
2877,93.0,84.55974849650434
316,82.0,88.91857535455776
133,54.0,63.47225204496456
1576,45.0,53.41575174462167
724,85.7,78.05333093077215
1033,62.3,91.45259437581521
2878,65.0,59.692765308583944
2983,65.0,67.46004582868926
646,60.0,61.84639368534786
2352,54.0,54.335674314166766
3496,83.0,83.26267342722969
3258,116.0,98.21581162981425
2526,72.0,73.08257712983584
2894,65.1,62.930736810525815
2496,80.0,77.14282535570229
2706,93.8,81.71893194516306
807,67.0,69.97797143465672
2473,69.0,70.28691869110571
2780,99.0,95.71599845447238
2374,57.0,63.017963793799936
2467,56.0,51.34557737803635
1048,60.0,63.51979597586873
4112,96.0,100.24808980690983
1072,85.0,89.59117907382361
3284,86.0,83.80941609037689
3994,70.0,75.72074033249538
2466,83.0,88.00437135910451
3826,33.0,34.181456309982735
1666,90.0,82.01307043332716
3240,67.0,67.35122105287806
4109,102.0,86.57813643725822
2235,51.0,61.015829932677235
2669,65.0,64.9287661097126
941,84.0,77.33543119564769
32,65.0,69.05601909489181
2328,85.0,75.7831565831124
1337,58.0,95.92197228886323
3250,103.0,91.71668213847016
1981,91.4,72.46934751814823
2298,48.0,60.225126985237495
2282,85.0,75.41991248023712
2606,101.0,90.50853941616995
2290,65.0,71.62454807718467
3695,84.0,83.16978189074456
2583,71.5,78.04095257962703
1622,55.0,59.34144102965146
994,69.0,70.07395514426551
4110,81.0,78.58536636608312
822,58.6,66.26707935998229
1398,57.0,56.9265197089384
310,55.0,59.56953871094515
3270,85.0,82.56805968292429
331,52.0,59.35939448438444
1036,84.5,83.18003431182481
686,90.0,142.73508066862894
536,87.0,88.90848275045451
1879,53.0,52.42562357968782
1213,100.0,95.3222978011811
1792,127.0,88.59636170097963
2615,77.0,91.6877758164691
1552,43.7,55.457709331374076
2735,80.0,82.3596378793336
2115,92.0,86.39386117013711
4044,76.4,80.20728491720615
3175,67.0,67.72179974843667
3111,65.0,71.16783204530816
1306,61.0,56.18831998827159
3913,89.0,89.81578347994994
3191,61.0,69.4679648142077
1634,51.0,58.25325563151574
1874,64.0,62.65802798186982
4010,81.0,88.71259555391936
1139,64.0,66.61234204576488
3187,81.0,85.67976044844067
794,65.0,67.86371070972228
1521,79.0,69.25415693569664
709,88.0,92.82884705110402
2489,82.0,83.57042913564487
1882,95.9,88.47437978828154
2639,65.0,58.74220073117999
1852,55.3,61.19623863596564
1593,79.0,80.26334461049467
598,70.0,75.48573855850708
45,65.0,58.91578345728212
4026,71.0,70.96471182616514
2746,57.0,61.159069606834805
3738,76.0,76.89030510436564
43,69.2,69.08805728840636
602,80.0,81.13115837324955
1219,83.0,80.87345014586893
1270,44.0,45.95321390427108
2923,75.0,73.96635115948064
2822,90.0,82.20964687356764
492,96.0,83.68664149965562
4117,70.0,73.5062001398392
404,50.0,46.654549117165175
252,92.3,86.73099444292569
2429,69.0,84.45927373457712
3375,98.0,92.65784765836827
1228,76.0,78.34033006559639
1369,75.0,72.95581227691471
680,70.0,73.89491481469437
2437,99.0,85.796904713181
1558,87.0,81.2235568671266
4137,45.9,51.11127321017557
2238,88.0,100.57559180572304
2671,84.0,89.1206423370397
3766,52.0,47.74717860993107
3606,134.0,105.30714222400445
3892,61.9,63.369161822376526
3365,63.0,65.27497654627948
3230,62.0,69.7946176176662
869,79.5,88.61345790141411
3154,74.0,71.94739922125322
2252,90.0,82.69955109286911
553,84.0,90.39473524576803
2991,61.4,69.85591427022248
1329,92.0,85.67472869622506
3723,52.0,54.57350131740361
2162,65.0,67.22620074166835
3466,72.0,77.89104340759064
3140,92.0,94.92209527680984
2961,88.0,91.37027614653803
2250,91.0,79.6486382103513
1239,80.0,80.05516153307701
4086,80.1,84.92609833266445
2480,72.0,55.2622136147464
1926,75.0,89.42517876339045
1056,70.0,52.30879185294452
1540,81.0,81.55656331489914
1590,71.0,73.75202246036031
94,83.0,126.09696049485001
1343,60.0,65.1138023113285
3825,83.0,76.63034727989097
2465,115.0,96.13457183397716
23,73.0,75.7911193580405
1455,92.0,86.62703680478509
2750,77.0,103.06581977421581
2825,64.3,66.73235280205557
684,53.6,58.929008596953395
2886,63.0,61.267779506986244
175,96.0,97.82947744088793
1701,58.0,67.90797412026993
3810,110.0,79.7682369068319
1005,52.0,62.9942261327555
2143,70.0,70.89738155602112
1801,62.0,54.75290774920404
3071,49.0,49.9330638863602
2531,78.0,76.4942353992991
3890,79.0,75.19377074730696
3702,64.0,64.48755817458024
566,90.0,85.23241397753492
1819,102.1,84.955748853382
2460,80.0,78.47421851656182
100,53.0,56.407214710125004
410,86.0,79.11717614293178
3370,62.0,67.59855444143537
1630,71.0,73.31245332774944
659,92.0,83.96583199200325
806,68.0,65.82190437062397
121,130.0,102.6143082991137
3678,118.0,92.85826415353418
1880,82.4,84.90620238878259
157,86.0,87.70602849309168
1400,55.0,58.109021905961555
496,85.0,91.20257591487535
3625,51.0,54.05680879744483
306,80.0,78.14537555900074
2202,61.0,67.07926667222657
2507,73.0,77.46832604907817
1924,59.0,66.0752905335502
1195,60.0,95.72538143166875
3963,125.0,104.25410935710553
2257,80.0,77.09062797833016
907,73.6,77.86179266787701
241,65.0,61.21188087717417
3761,90.0,90.76467966867693
789,70.0,76.18148614147395
1917,49.7,41.963317604716565
901,57.0,60.54928576554428
3651,86.0,82.12078301588963
1955,90.0,88.44572778494071
2415,85.0,84.7214854383451
694,117.0,91.1299754684753
2633,71.0,96.85697618032003
1648,92.0,85.19975497420259
463,71.0,46.48765676656271
2431,63.0,62.56399625214692
1180,85.0,80.22554526810808
914,59.0,67.86235787220298
1427,64.0,110.47698354713515
459,66.0,62.26584080182289
3679,52.0,57.95138315581039
2542,83.0,90.5885412680719
2922,75.0,83.09567522220124
178,40.0,50.100035058203275
2125,92.0,84.7250081014447
1399,150.0,112.24922972452265
3999,93.0,91.7642760340452
51,59.0,68.12006895220193
833,52.0,62.39724476165921
1840,81.0,83.21762309886506
74,188.0,126.79303897696565
1114,90.0,90.13255115040383
2698,70.0,79.37647964374534
3837,63.9,79.46859710484802
2786,49.0,46.00766100349563
1132,44.0,6.609905867449214
2843,53.0,55.169783848435515
911,82.0,82.10389051544593
1495,72.5,73.62164924569353
3562,58.0,67.86372438962138
2367,92.0,90.76819705060328
1162,63.0,68.98912344129002
3921,78.0,77.04981558552285
158,60.4,74.62206124699674
1267,61.0,64.93690814156409
2829,64.0,64.33037723590778
1543,57.0,62.6284840928935
52,106.0,90.74944361837447
1380,111.0,86.47182930018991
221,69.0,72.41827924079197
2023,82.0,96.65971580522674
26,61.0,62.97952426270905
1709,120.0,106.97272026317961
3131,97.0,94.17675317255942
885,66.0,71.42468632984622
215,70.0,67.20255640857795
4034,73.0,82.47777699684084
2146,104.0,94.51100289330702
861,79.2,77.20376952906332
2180,65.0,74.9947600861075
1902,70.0,64.35361967366057
3276,58.7,64.7904401236595
322,84.0,82.836110983553
1098,51.0,62.143168483223064
1746,65.0,71.04004084821989
3414,57.0,53.84110349912544
1560,63.0,73.45157904368227
600,70.0,78.73677220541222
4088,57.7,60.66209597058236
3295,101.0,93.37474936350196
145,76.0,80.25603763031543
1625,87.0,93.02953219966321
3501,93.0,91.51797066541204
1682,59.0,64.61171435766747
3857,93.0,77.14603061643967
1268,81.0,73.94393047585464
3021,70.0,70.97247116359878
44,75.0,85.89026028457133
2773,83.0,80.15646649110613
897,84.0,86.85897266490261
3023,76.7,81.52216733088818
1559,58.0,60.357034969916924
4077,60.0,73.58920442430303
2258,75.0,62.3056549506542
355,107.0,94.95605419162993
3260,67.0,67.67733010369602
3286,82.0,86.0341246119967
3809,74.0,75.16860551619905
1051,54.0,66.44894713410784
3576,70.0,70.81744830039486
603,58.0,58.98963045886717
3441,106.0,97.68899743222894
3243,75.0,77.17851581091637
3945,92.0,85.02211215731384
546,88.0,80.60371817196886
3610,80.0,79.76349308242604
3007,68.0,69.75867208426905
3668,33.5,38.0782721697482
540,75.0,72.85688620568214
257,98.6,82.39187790210408
3349,158.0,107.19255273885321
2186,55.0,56.222860018078535
1595,89.0,86.78873971168417
968,77.0,82.49911599380678
3532,90.0,92.72025369184351
1867,85.0,89.80850505619478
814,69.8,84.76343123320808
3802,88.0,88.22720737555397
2694,57.0,61.08885229641217
3220,60.0,64.41861742911357
735,92.0,86.72714605939268
2404,85.0,79.13479646314354
3522,88.7,88.44137621078823
292,66.0,75.63565653333706
2538,65.0,65.84547982218231
1739,70.0,64.16895729116337
135,114.0,114.37480573863928
1046,47.0,50.43583171806699
1953,80.0,73.60199839653157
2850,74.0,70.92471216003221
2642,78.0,69.80918974711471
264,95.0,91.64158585538945
1405,60.0,65.448601797245
2337,66.0,72.42859198936179
3569,93.0,90.07047079287773
4025,74.0,76.34153951539975
868,81.6,77.31878818519971
56,88.0,81.2528669555775
3700,84.0,87.8582017823905
529,62.3,63.58784417402333
3502,76.0,82.65026680793187
3739,68.0,74.25521185765794
3707,74.0,76.18250459547912
798,81.1,78.39129644027048
2311,74.0,81.71853259205568
465,68.0,72.77500075293176
866,60.6,64.59131766873301
755,61.0,66.03692599764554
2024,80.0,85.15706941499943
3089,53.0,64.98351349074144
395,77.0,72.62657716253227
2448,95.0,94.33270343642394
1565,145.0,195.1248818423611
171,97.8,146.42611731977746
1279,45.0,35.23110190721394
2278,95.0,85.31794852767052
4113,106.0,87.07531346330939
3489,83.0,82.70565377850946
3735,80.0,79.91377819410667
3867,59.0,55.7365463687519
1677,108.0,93.39967175653544
189,88.0,74.75825832004762
2709,77.0,86.41078102138232
12,74.0,84.54637080743436
3533,78.0,77.65566498101953
3292,102.0,131.64083984785117
323,39.0,44.26353112499683
892,110.0,99.1290193776615
2965,60.0,66.58873381179114
3650,92.0,90.86517147820831
1192,76.0,88.5837923126054
352,170.0,76.49049358940127
2959,74.0,78.4591284118234
1179,51.0,51.57110544225745
507,60.0,57.378863922385506
4075,82.0,85.04165466305525
3577,85.0,90.93982719841745
1725,79.0,68.95330531510066
1945,68.8,70.45400084575101
1418,85.0,81.16090997801842
3224,58.0,62.67943725537373
3084,69.0,75.80675316183456
3235,50.0,56.25083335163515
2297,83.0,78.1705051055387
2677,71.0,78.98261264335815
3763,69.0,74.79655605276335
2601,99.0,87.61926968622876
1227,62.0,65.83888238203679
4111,66.7,59.57775138958462
2386,62.0,71.71345976368087
1003,65.2,66.59108087819385
1958,85.0,74.16380642566114
228,62.0,63.35844482870135
1623,88.0,103.69032065278918
3373,89.0,80.06025743985964
3101,70.0,76.03099452663304
3644,66.0,83.11393432240757
184,92.0,88.09180152375762
2301,71.0,64.03734476253118
2392,102.0,91.7285298045228
488,75.3,70.37526951280489
4076,62.0,58.71530831979899
1960,56.0,59.272978691383656
140,57.0,53.435724856401265
267,70.0,79.01285884526183
2289,65.0,72.46884004629405
3346,76.0,78.24063359632112
64,80.0,83.10990945036761
1077,58.0,52.1460060047516
1747,70.0,73.26572228379015
3281,62.0,66.10374982054938
4050,72.2,75.93546592937088
1679,75.0,70.96945046737801
1108,80.0,74.85813597266284
3774,89.0,69.34077117324244
3768,84.0,90.26584599912547
1724,72.0,75.06906263539483
1991,80.0,72.6140639169499
2867,86.0,85.1667127202243
3242,43.0,55.747808320834565
3239,76.0,80.00412609611581
973,57.9,50.735115791662366
280,79.0,75.908928147969
3223,106.0,87.89054857349834
1436,78.0,78.09811723369921
359,73.3,74.42068539100032
2947,87.7,90.21535662006596
300,55.0,57.30868026268621
813,75.0,72.69718826749116
1110,80.0,84.29469309040118
2953,89.0,92.85101056868172
1373,71.0,60.1393680784756
2689,64.0,70.62995705045478
579,74.0,68.07455055307335
417,63.0,60.18862555887725
1305,67.0,78.4538453793759
1972,60.0,74.81302450207329
1763,90.0,91.80277635702936
2081,77.4,77.19324112492603
2593,69.0,75.25473051218478
1481,114.0,88.66911602933013
2769,85.0,81.85922293425642
1164,53.0,58.21369456029362
3136,53.0,60.371528900429865
3780,73.0,77.72045104420681
1345,72.0,72.90046511166452
1327,73.0,78.06554378752114
3323,65.0,55.86343240753982
1970,77.35,82.31927283635423
58,51.0,58.746825231241075
77,76.0,67.4921988403841
369,120.0,113.35732794996284
3633,61.0,64.17024399307854
1474,72.0,73.82498295587348
2140,80.0,81.13265720892551
3990,78.3,76.33247493196856
2420,69.2,75.45286227390977
750,60.0,67.68953988809858
1341,140.0,103.89420780181956
3582,75.0,69.60249276025297
919,66.4,80.73720850250606
916,64.0,68.39523692268833
3515,70.0,73.04766977986117
125,116.0,94.2387592052896
1100,93.0,134.7388609424093
2018,66.2,73.34147510939101
1698,45.0,40.181344074772056
2356,49.0,50.07457580664328
2204,60.0,62.806504031256594
431,65.0,59.413893881410445
3648,96.0,81.42841679817931
3391,80.0,84.98885667372258
3378,133.0,117.95380461996405
4022,69.0,68.74025010185156
1681,81.0,73.77895805494754
2497,45.0,49.354142273024564
2908,97.55,100.645370268677
435,60.0,58.98207688207768
389,68.0,67.55993108971455
30,65.0,68.82384740322078
1060,70.5,70.59703733649965
204,92.0,90.33296854357147
1181,69.0,80.24124661099302
4018,66.0,67.44784006331025
2121,63.0,69.8582625915351
847,76.2,83.12354300800698
1234,70.0,72.28160203404198
2359,70.0,77.54241513491982
2781,79.0,80.32427350746624
480,75.0,72.23758952514629
4101,85.1,87.89993014181414
674,92.5,84.65132866811803
445,74.0,81.30959858225046
3549,84.8,86.97881276473535
3811,73.6,77.21202877817836
820,90.0,82.5176395885336
193,90.0,88.3178321170422
569,85.0,82.9691104307148
1344,72.0,76.33835597481831
3094,59.5,61.69154411028015
6,90.0,81.5755688528512
441,102.0,85.37936924243618
290,89.8,78.05519335644388
780,54.0,66.0189394395147
2935,104.0,106.37646743448767
3683,52.0,62.16150747451661
3565,76.0,94.00710768344467
3649,59.9,53.130768394108856
1420,44.0,53.17931365329795
3417,60.0,72.37664767673354
1850,83.0,89.76056872386116
697,54.0,50.260970892522664
2573,69.0,67.70817776606827
3062,89.0,94.99048235834488
195,59.0,59.85738402753546
452,96.0,100.17205584292222
1797,82.0,102.34196026475871
1194,64.0,67.16178236271833
29,102.0,89.57243332177237
4124,83.0,84.92645968596108
893,106.2,96.74811451869175
1848,68.0,71.99974596554131
3210,93.0,91.35383014220872
1118,99.0,87.38404841725026
2678,88.0,81.20250976704054
3086,68.0,73.71448163329529
875,85.0,93.18233149931078
1920,93.0,76.27627371299317
3854,73.3,70.7766952175304
2468,86.0,82.65649136045019
2167,63.0,66.38268458724752
3103,71.0,68.00584002675944
223,60.0,67.52068160371257
738,91.0,80.9946543572218
765,72.0,65.13332211458143
576,102.0,100.5447290311806
1791,76.8,67.93224052627582
3525,47.0,50.31276542556151
1658,111.0,100.21336498596324
1357,80.0,79.14400237697816
1799,81.0,76.97999489503678
2345,45.0,42.56770004027396
81,63.0,71.7989252764392
258,100.0,84.6389228851844
296,85.0,94.1260204110485
4017,64.0,64.3223750873851
1065,60.0,70.05315264246127
816,55.0,63.43623710326361
3511,69.0,62.088133182746446
1169,81.9,90.43546638254062
3116,50.0,64.73958433204712
1600,51.0,60.62530357690889
3928,75.0,74.1989266755709
2026,122.2,111.76099584750861
3581,79.0,93.31612034484519
3964,102.0,99.64606852751663
2980,62.3,76.49448901498926
2840,84.0,79.88569352101428
936,95.0,94.22809031249216
1986,61.8,68.77745008674142
1022,49.8,53.442815411288734
1285,93.0,89.8947890686861
3389,83.8,78.1190404147068
3729,69.0,66.1302279905299
658,92.0,91.04355014757144
1409,45.0,44.8854153639536
883,74.1,77.8767163808111
3392,63.0,69.56181039832947
3554,94.1,95.44032956323099
413,50.0,52.86673763714941
980,55.0,61.217397294714885
3797,85.0,86.4554163577289
3906,80.0,86.5900504919671
1545,77.0,76.93425596402625
3296,79.0,83.07721913571689
1322,71.0,72.49340383942149
835,92.5,87.54070261456533
661,90.0,102.98841107717189
1811,107.0,97.7843428070635
768,121.1,95.23681688687608
2688,78.0,75.25249249243424
2030,51.0,50.95095394824415
3321,78.5,82.49056215004006
821,55.8,70.6555829122754
153,84.0,84.25774233421765
1428,51.0,58.3715102991313
3624,57.0,61.89406552528058
1176,97.0,88.64588164060623
103,112.0,97.05505359296205
759,97.15,80.32174964237319
3397,95.0,93.53343986315085
240,81.0,86.74607979458557
1872,82.0,82.1479012901136
3765,89.0,91.21272627223797
109,75.5,67.86465252694762
3377,40.0,45.48931696771865
1756,80.0,78.1481729017691
3374,60.0,66.07276667864531
1248,59.0,61.182369561162744
1579,69.0,70.08672325494572
3403,111.0,95.15845863972885
2241,50.0,56.67688005898336
2375,90.0,90.60166479554005
3382,81.0,85.00154554185607
2502,75.5,80.72163435653033
333,46.0,53.137198700897926
2904,69.0,74.0336373748282
846,61.4,71.68219528166148
3339,69.0,69.55574202564557
1490,78.0,67.78318163494703
3420,77.0,79.85194020435702
3968,87.9,82.71828658295826
2027,63.0,60.67465295399151
3973,65.0,67.61441879037926
1949,63.0,61.66769218138407
3992,57.4,64.34415257180731
2174,86.0,95.8311515437884
1120,104.0,93.24618585440999
3031,62.0,78.21372293386122
1573,61.0,60.7218791074427
2410,97.0,98.28696275333215
1999,85.0,89.667768796805
3531,115.0,97.21478021328528
1206,60.0,68.75301452440522
2249,62.0,60.48678894939974
3601,85.7,79.31346711510767
2156,85.0,91.91065311716028
556,111.0,80.13755708078065
2184,70.0,70.74078420320191
1099,67.0,66.17487920578176
1815,75.0,71.11512970916289
2579,88.0,87.70410882950705
1948,61.0,64.38698032799027
3340,119.0,99.39677246785493
2753,55.0,53.950315987834585
1979,67.2,69.76862134426963
3887,84.0,79.40415017260344
3344,95.0,95.48056284409316
2989,70.0,68.28644031217053
1288,89.0,86.2971991027467
756,70.5,78.92351108028171
2663,80.0,77.62286479761525
3115,74.0,76.0941179372339
3621,85.5,88.16208324344962
2890,86.5,149.14037807734644
1932,55.0,55.98544799012137
4037,72.3,65.04175585099642
1461,100.0,90.14995743721079
3704,63.0,72.22472895303326
3045,75.5,86.3369274216999
733,90.75,90.95824329403098
811,60.4,72.778213704438
3361,69.0,68.8051040704292
4127,80.0,87.87671201891084
725,110.0,86.91590975686259
3848,78.0,75.18104880859417
1557,74.0,66.96483308678333
1657,72.0,82.20507757503049
1451,67.0,69.83532187642166
1834,55.0,57.43470935317663
2730,132.0,95.85766066733567
1669,48.0,47.54026708383384
347,76.0,68.08305857181912
1265,60.0,70.31483216285176
2736,82.0,87.44499864715067
4021,131.5,105.01201110056479
2414,83.0,81.53311757946167
3422,96.0,92.24144325004409
815,54.5,56.50636801626078
2461,101.0,82.42520355415925
1975,81.5,69.84398987995078
2362,60.0,66.88447953129517
3004,66.0,72.21587488906175
1295,63.0,64.68985074475512
179,82.0,104.06028445842287
4119,59.0,71.61917982157624
3948,87.0,82.04666051999374
791,55.0,62.453889818560754
2798,85.0,95.02185133121819
2721,89.0,94.63873340426599
1443,53.0,55.21500188133811
3912,85.0,86.75441960761901
1965,87.0,94.96431421378941
25,65.0,65.35952349111727
2406,68.0,71.3509399480914
3915,90.0,89.84553762379781
3705,86.0,84.48907842214189
174,66.0,69.23517217263876
2157,84.0,99.95396870159996
3186,80.0,80.82413034916311
332,64.0,63.680360894023664
2321,67.0,59.294013535995816
432,65.0,61.67225945020644
3750,117.0,96.45314821369269
2112,49.2,60.53057833455367
2790,72.0,71.53308292262554
