,y_test,prediction
953,89.1,86.28464346351765
3178,71.0,69.74659435920205
2088,65.0,62.8930707473979
1216,76.0,77.53707716423031
2562,94.0,89.35692663543969
722,87.0,83.71562375207546
1117,82.0,80.6553499844573
3583,88.0,89.42954552670514
212,78.0,78.87920497939419
3541,79.0,78.92746528669028
197,87.0,85.16661418957005
2903,90.0,86.71842071472841
185,84.0,79.24078490006332
873,75.0,78.03011334191706
3657,86.0,85.64477904351722
3217,110.0,101.77888514118331
71,82.0,83.10858516472061
1068,103.0,99.81343847538912
309,115.0,106.37570400217925
1996,89.0,88.96853100580873
167,70.0,72.56914649983605
412,80.0,82.36289327997332
1599,62.0,71.67408408515826
315,55.5,57.04187083872401
1088,82.0,82.17975939298012
1628,70.0,70.20695279135666
1539,75.0,74.61493138711671
3125,68.0,77.0277585524621
982,78.45,81.50927388624791
1759,80.0,79.70050822481974
2887,94.0,91.28225490512693
1075,73.0,70.0028653041116
3672,90.0,88.96658714548519
1944,61.0,59.561942961731404
3409,75.0,76.67013275486065
3883,55.0,55.82321175074364
1870,77.0,80.65249152207306
1516,83.0,83.34632008960912
2673,76.0,76.57746156535612
3639,146.0,132.21307906507894
1328,104.0,99.83142874301348
557,82.0,79.60238859171082
669,51.9,55.54198777526503
1468,78.0,80.10531601417617
1351,170.0,-12.770270125339152
180,105.0,100.55949945306605
1696,59.5,61.328333794798255
4120,132.1,119.8259930507441
416,115.0,113.82772072781552
2240,77.0,77.79116143047614
842,66.4,66.64137230504264
326,73.0,75.07938765598496
440,74.0,75.02013112384614
1504,81.5,83.12028365118516
3937,75.0,74.4328108634493
1487,125.0,114.03734822584784
2193,70.0,74.62599262716532
1038,82.0,80.9244939105347
1061,147.2,133.30884335168258
497,130.0,117.96352657142444
2999,76.0,79.14995128187971
206,45.0,50.42906658734853
1753,71.0,74.5101455742948
748,63.0,62.88805925159534
1645,75.0,76.30090697085083
2761,70.0,69.41204689328629
3686,65.0,64.4538455057961
3398,59.0,63.09413093067718
8,100.0,96.38017915602475
2664,87.0,87.49345817135341
2126,88.0,85.59200966182664
2874,89.0,88.43881881522685
3309,103.0,97.53041261083416
150,136.0,122.7628869345096
110,116.0,114.62890390393903
3184,93.0,91.55382111778786
319,94.0,94.22621353541768
33,75.0,75.88862045307465
2152,83.0,81.81744059879074
3110,83.0,81.3879034054354
609,73.0,73.896552879538
97,85.0,84.73895166429728
2738,100.0,96.93842047944685
2031,67.0,67.87237737696128
3465,104.0,102.30579221950453
802,72.0,71.3059349291994
4019,77.1,74.52052764682068
4118,85.9,86.69992210560551
1607,84.0,84.75373312198826
2139,174.0,12.71187730646787
17,54.0,57.19604268794697
2105,98.0,97.81062992324911
3307,50.0,53.23466061028358
1010,81.0,86.05815978992786
239,78.0,78.5217361091664
2033,118.0,111.88179042910411
3091,92.0,88.84660774357735
3998,120.0,110.53918227550096
297,79.6,80.17996349017932
513,60.0,60.510171194361845
4060,68.0,68.96524258693353
473,70.0,65.9079712897688
3796,73.0,75.4449916325847
2714,94.0,93.00370272382901
70,114.0,105.63838724214435
2296,61.0,63.93689932090098
1881,60.0,59.67176009469634
2310,75.0,84.372098223342
3560,78.0,93.50573838730293
1210,68.0,69.06678838321179
2338,61.0,60.27583900962537
2214,76.0,77.01913761546646
1142,63.0,64.40105271364982
2303,125.0,117.18230163254105
3882,92.0,93.32162391042564
1777,92.0,88.38397082597729
2889,70.45,72.37240632502889
503,54.0,54.0222125456626
2259,75.0,76.4135275336539
1431,75.0,77.85157237795352
4041,57.0,59.565549675747434
1899,55.0,55.165089467782764
271,56.0,67.14803583157641
737,95.0,92.02883632513468
151,69.0,68.73767643831445
1059,50.0,51.24933061224843
230,74.0,74.07006345566325
1621,61.0,60.73950397762664
1226,68.0,72.31976705302574
2050,60.6,60.734043817222926
2440,57.0,54.86669997354602
2042,77.2,73.82823623210422
434,70.0,73.41689572402831
2492,58.0,61.01966899266347
1262,74.0,73.97993478414836
2831,81.4,81.05330964176878
14,70.0,70.81529651777169
2451,80.0,80.83881971876255
3877,68.0,72.89955207180347
367,79.0,79.22552678218017
1363,76.0,83.58697064499466
3607,100.0,96.69974671940409
1026,71.0,74.1232906394888
2644,60.0,58.77325974115985
3629,78.0,78.48795356079569
1168,69.4,69.96136713750698
1413,84.0,83.43876338447703
1424,73.0,74.90119104545676
2408,88.0,87.9626828604355
3238,71.0,73.97002271146792
1617,88.0,99.79114528122466
1823,62.3,60.40861364560382
2234,62.0,65.36964953044597
467,88.0,86.42106299918433
1961,73.0,74.84459679913695
1178,60.3,62.607857743216954
3198,69.0,74.4741303775287
3199,67.0,71.45373249753882
1045,63.1,68.02909005456937
1886,64.1,67.1282111871042
570,75.0,76.75340706392336
299,58.0,54.90927383228953
3673,67.0,67.8222696927725
1198,53.0,55.150318428289836
2486,101.0,98.71583955754369
372,94.0,92.70714578255027
952,69.0,70.79558832294197
2779,91.0,88.82174212958378
2877,93.0,89.62380627478896
316,82.0,84.94150446430996
133,54.0,56.92122405247747
1576,45.0,45.663646679301394
724,85.7,85.35660916466995
1033,62.3,73.1098036047236
2878,65.0,62.433964296341856
2983,65.0,67.25457855304634
646,60.0,59.57487254631397
2352,54.0,52.65884194147523
3496,83.0,82.93801778202726
3258,116.0,110.19863136704288
2526,72.0,73.42740735781368
2894,65.1,64.43707388255655
2496,80.0,79.39079744050221
2706,93.8,89.73913510895983
807,67.0,68.47149516904352
2473,69.0,70.50113732127818
2780,99.0,96.73396277481567
2374,57.0,58.73017827042719
2467,56.0,53.80983876794318
1048,60.0,60.421825021579764
4112,96.0,97.24957146938803
1072,85.0,85.2543412171012
3284,86.0,85.39476058564642
3994,70.0,70.03664753766992
2466,83.0,83.9204553470849
3826,33.0,26.17059121789842
1666,90.0,91.233901207108
3240,67.0,66.86216966808652
4109,102.0,96.01637737590579
2235,51.0,56.96971144989749
2669,65.0,63.4109027165473
941,84.0,80.75507414116092
32,65.0,67.3400364089344
2328,85.0,82.37519311559615
1337,58.0,71.49663403510098
3250,103.0,97.85724635966741
1981,91.4,84.34542903809296
2298,48.0,51.9563779214952
2282,85.0,82.56781501731035
2606,101.0,97.22443661694177
2290,65.0,66.78680400370249
3695,84.0,83.7099853914861
2583,71.5,75.10987125019233
1622,55.0,55.19405094692533
994,69.0,69.93201842719495
4110,81.0,79.8741904618652
822,58.6,59.82249278153694
1398,57.0,55.93029697804465
310,55.0,56.16993556364221
3270,85.0,84.73958447466012
331,52.0,53.31868444680077
1036,84.5,84.3753217840167
686,90.0,105.67049063190606
536,87.0,87.83961852933194
1879,53.0,50.228464865575404
1213,100.0,97.01627713731935
1792,127.0,116.64349387338348
2615,77.0,82.24036459460555
1552,43.7,47.02709289753298
2735,80.0,82.67523945547256
2115,92.0,89.84589153451805
4044,76.4,78.48320800597716
3175,67.0,66.80825433813044
3111,65.0,66.37499593794348
1306,61.0,58.3340453888201
3913,89.0,88.25615397829529
3191,61.0,62.32205081550799
1634,51.0,53.28021353882829
1874,64.0,63.83400139715022
4010,81.0,83.28263659647388
1139,64.0,64.68258580233734
3187,81.0,83.40907354406386
794,65.0,66.28618052414743
1521,79.0,76.4701037731177
709,88.0,90.25454610410114
2489,82.0,82.65023806853858
1882,95.9,92.76080637272378
2639,65.0,63.01168785499658
1852,55.3,54.87480670854353
1593,79.0,80.6474368808829
598,70.0,72.04851158691673
45,65.0,63.14952560092297
4026,71.0,70.99749077860884
2746,57.0,59.881775037921585
3738,76.0,77.33502397298162
43,69.2,68.92703999207637
602,80.0,80.24950938890197
1219,83.0,82.57568628892662
1270,44.0,42.28422325373077
2923,75.0,75.74870022573867
2822,90.0,88.44570284646127
492,96.0,93.65391143018581
4117,70.0,71.83298647098428
404,50.0,47.442313537227875
252,92.3,90.3525136176873
2429,69.0,74.74485552514392
3375,98.0,95.40655888615589
1228,76.0,77.85879765864996
1369,75.0,74.50169204715141
680,70.0,71.69920389240536
2437,99.0,94.81660872700118
1558,87.0,85.29184315746309
4137,45.9,44.14265139096355
2238,88.0,92.34477514106493
2671,84.0,85.63807470937098
3766,52.0,48.17730342169614
3606,134.0,122.25207096264444
3892,61.9,62.91996797666599
3365,63.0,63.92692618714685
3230,62.0,64.8077559603424
869,79.5,83.88796011182501
3154,74.0,73.6892546026209
2252,90.0,87.50882222124838
553,84.0,86.15775547963892
2991,61.4,63.007646985085444
1329,92.0,89.39443241672436
3723,52.0,50.98414458355808
2162,65.0,65.38444807060802
3466,72.0,76.56723636574108
3140,92.0,92.2990405154442
2961,88.0,89.16025724813426
2250,91.0,87.37444911609487
1239,80.0,81.27761662844048
4086,80.1,82.58593923535557
2480,72.0,66.46114981109531
1926,75.0,79.50706087195567
1056,70.0,64.37764709165285
1540,81.0,80.99255121217948
1590,71.0,72.15656296540669
94,83.0,96.50543139093162
1343,60.0,61.239709784660334
3825,83.0,81.76331969018173
2465,115.0,106.30563860100781
23,73.0,74.30050066525948
1455,92.0,90.2825631428525
2750,77.0,84.9443565119779
2825,64.3,66.40831923166616
684,53.6,53.82635805739014
2886,63.0,61.9481542027965
175,96.0,95.69655999996166
1701,58.0,63.01982641812745
3810,110.0,103.66330079962518
1005,52.0,53.9927423643021
2143,70.0,70.94848561534889
1801,62.0,61.424199149935646
3071,49.0,46.549609199665554
2531,78.0,78.29369349503065
3890,79.0,78.59264288671858
3702,64.0,64.79077110707419
566,90.0,87.30615493960227
1819,102.1,94.66897805392853
2460,80.0,79.7003675221788
100,53.0,55.30038174488064
410,86.0,84.68226867547179
3370,62.0,63.7894963696821
1630,71.0,72.5024848002443
659,92.0,89.35840493520581
806,68.0,66.47460191185769
121,130.0,120.4722266662177
3678,118.0,111.1164852138385
1880,82.4,84.11621714426249
157,86.0,86.49524835645971
1400,55.0,54.33184265722497
496,85.0,87.98510622811759
3625,51.0,49.82317714170435
306,80.0,79.61651988394533
2202,61.0,62.19267857514711
2507,73.0,74.04859688650873
1924,59.0,61.34728164637653
1195,60.0,71.16093429236648
3963,125.0,115.12931910056847
2257,80.0,79.32227398461427
907,73.6,75.32554630237667
241,65.0,63.0819588951461
3761,90.0,89.85823158855388
789,70.0,74.48007287969568
1917,49.7,44.58361678163493
901,57.0,57.636658930652175
3651,86.0,85.10041596082505
1955,90.0,86.9724918173329
2415,85.0,84.87645052352926
694,117.0,108.31558864668546
2633,71.0,79.58194007765889
1648,92.0,90.81255033626076
463,71.0,64.68563848784495
2431,63.0,62.469914769411076
1180,85.0,83.28583080408245
914,59.0,62.84184159585388
1427,64.0,77.8415978579936
459,66.0,64.49877333350383
3679,52.0,52.260247165029796
2542,83.0,86.25503388576337
2922,75.0,78.65952774523089
178,40.0,41.463029170629056
2125,92.0,88.95454394454484
1399,150.0,131.46767912747913
3999,93.0,92.39522314684572
51,59.0,63.087202443405374
833,52.0,55.211915731539136
1840,81.0,81.89559462906243
74,188.0,163.0568282917552
1114,90.0,90.02490210997692
2698,70.0,75.59647558504082
3837,63.9,70.0649769515731
2786,49.0,45.061497948642824
1132,44.0,30.973671269217363
2843,53.0,52.05814742215196
911,82.0,82.32593844294826
1495,72.5,72.85081279669373
3562,58.0,61.934855589266704
2367,92.0,91.40389251803396
1162,63.0,64.33717653171192
3921,78.0,78.63441762409013
158,60.4,66.20967636243333
1267,61.0,61.49617359045928
2829,64.0,62.78076764147278
1543,57.0,58.16961023318922
52,106.0,100.00866493336281
1380,111.0,104.4781833068127
221,69.0,70.89264232803774
2023,82.0,87.88886398254735
26,61.0,61.249314459174485
1709,120.0,112.10642450643908
3131,97.0,94.57713229205942
885,66.0,67.11696966117171
215,70.0,69.56228838195008
4034,73.0,74.13033620064726
2146,104.0,100.3855254507335
861,79.2,77.53629016536624
2180,65.0,67.66034848872852
1902,70.0,67.07177846801525
3276,58.7,63.34136060766994
322,84.0,83.94051137517883
1098,51.0,55.27851080364212
1746,65.0,67.66976115028885
3414,57.0,56.058706398606915
1560,63.0,65.7614771666407
600,70.0,73.25148215301118
4088,57.7,57.70109679298159
3295,101.0,97.18497521623615
145,76.0,77.93528573011042
1625,87.0,89.58465733876022
3501,93.0,91.81936548266887
1682,59.0,60.25291802358734
3857,93.0,88.74515101273508
1268,81.0,79.90375072646378
3021,70.0,69.28701552850825
44,75.0,78.87060613070759
2773,83.0,81.72786684034267
897,84.0,85.03702308323406
3023,76.7,77.82423756264569
1559,58.0,60.586032124974
4077,60.0,65.74246546095102
2258,75.0,71.19695062948017
355,107.0,102.40615578159981
3260,67.0,67.40416111599714
3286,82.0,83.60914799920076
3809,74.0,75.10985881026815
1051,54.0,57.877963086765675
3576,70.0,69.86341646314611
603,58.0,59.43912554468827
3441,106.0,102.18529283895987
3243,75.0,75.61918476997738
3945,92.0,89.13766365638159
546,88.0,85.69688399869736
3610,80.0,80.66612284857334
3007,68.0,65.76546603643985
3668,33.5,30.089728718147114
540,75.0,74.40970679371387
257,98.6,92.24425775585115
3349,158.0,135.52510630217802
2186,55.0,53.93393188484387
1595,89.0,88.03413782726153
968,77.0,81.0703298776294
3532,90.0,90.76829489462082
1867,85.0,88.06864939066585
814,69.8,74.37403319465605
3802,88.0,89.14198460426431
2694,57.0,59.54539061785786
3220,60.0,62.22036252554139
735,92.0,89.88989190910848
2404,85.0,84.25138204034315
3522,88.7,88.25284527235874
292,66.0,70.28146703284173
2538,65.0,64.99478668134105
1739,70.0,68.4374777585146
135,114.0,111.24025512450714
1046,47.0,49.8136150464492
1953,80.0,76.92579505048027
2850,74.0,72.89684307836018
2642,78.0,77.01201814216824
264,95.0,92.97439496568325
1405,60.0,61.22039041040901
2337,66.0,70.43102702691155
3569,93.0,91.86044926434852
4025,74.0,75.84913884227612
868,81.6,80.94571732757322
56,88.0,85.92709138107492
3700,84.0,85.18657524741207
529,62.3,62.301433728798486
3502,76.0,78.71858768267882
3739,68.0,70.63215452944567
3707,74.0,74.67785794741212
798,81.1,80.35329108939237
2311,74.0,77.26173500305816
465,68.0,69.77561821516466
866,60.6,62.15971225308459
755,61.0,62.97083175619662
2024,80.0,83.35133733302197
3089,53.0,55.32030950552928
395,77.0,78.07728464215336
2448,95.0,94.32609406772548
1565,145.0,157.08907919793683
171,97.8,112.2278303772525
1279,45.0,40.039091469324205
2278,95.0,94.88764120387194
4113,106.0,103.26675043512526
3489,83.0,83.43701314400954
3735,80.0,80.1792780935109
3867,59.0,56.981842757809574
1677,108.0,102.64836782522053
189,88.0,83.8846162212653
2709,77.0,80.39492995948876
12,74.0,77.90225373247651
3533,78.0,78.56211503094471
3292,102.0,109.37709384401327
323,39.0,40.167322971930105
892,110.0,100.23039095690538
2965,60.0,61.75319479946654
3650,92.0,91.50367568138117
1192,76.0,81.44190447451902
352,170.0,27.883878379049634
2959,74.0,74.39023891473505
1179,51.0,49.85874041990451
507,60.0,59.5075911662866
4075,82.0,82.70981178639909
3577,85.0,89.83838307463401
1725,79.0,75.84359256854654
1945,68.8,68.48142496372697
1418,85.0,86.03036107934051
3224,58.0,58.51068559859101
3084,69.0,72.44837317710545
3235,50.0,51.576192594916535
2297,83.0,83.49318142291196
2677,71.0,75.16854429586863
3763,69.0,71.8783850204226
2601,99.0,94.8141453018456
1227,62.0,64.64189886585874
4111,66.7,64.40092939543678
2386,62.0,65.5940237233209
1003,65.2,68.87603710905083
1958,85.0,79.19915613979438
228,62.0,62.425109188686775
1623,88.0,94.52465361288316
3373,89.0,85.99238214189307
3101,70.0,73.32742170341635
3644,66.0,73.04936511345247
184,92.0,89.9677334517892
2301,71.0,68.64071383746062
2392,102.0,98.55513118338013
488,75.3,73.7638020420396
4076,62.0,60.124730706705094
1960,56.0,55.61977535609188
140,57.0,54.850787667669636
267,70.0,72.62570453494922
2289,65.0,66.90794094111266
3346,76.0,77.58497612480517
64,80.0,81.13914172418114
1077,58.0,55.83500087784972
1747,70.0,71.80361783641987
3281,62.0,64.12121409905751
4050,72.2,72.7609799502792
1679,75.0,74.08623743253955
1108,80.0,78.90436979441142
3774,89.0,87.03658344542501
3768,84.0,85.93358748107156
1724,72.0,72.3877523290675
1991,80.0,77.80757793914285
2867,86.0,88.0769325991808
3242,43.0,49.61735700591521
3239,76.0,77.76005439060296
973,57.9,53.443120713015105
280,79.0,77.10664842749986
3223,106.0,103.19169805256743
1436,78.0,78.38417898591996
359,73.3,73.84455188085315
2947,87.7,90.1070036185381
300,55.0,55.05600518249253
813,75.0,74.48917588195215
1110,80.0,82.24828421162087
2953,89.0,91.27388926070128
1373,71.0,68.18269557994205
2689,64.0,66.23329541102754
579,74.0,72.52886613249999
417,63.0,61.691283185537344
1305,67.0,70.7984442256379
1972,60.0,64.19183882751034
1763,90.0,90.22192664543758
2081,77.4,77.37707740577412
2593,69.0,71.87896964892747
1481,114.0,111.63699342243655
2769,85.0,84.19462210698373
1164,53.0,53.504791484869116
3136,53.0,55.255705496278324
3780,73.0,74.97010268875087
1345,72.0,72.66646047839558
1327,73.0,75.3371790926744
3323,65.0,61.795756518193
1970,77.35,77.97159055423847
58,51.0,52.112312973597454
77,76.0,73.98440860164652
369,120.0,114.17731196595281
3633,61.0,62.27542966892665
1474,72.0,72.63354255814619
2140,80.0,81.54192527542446
3990,78.3,78.79610939868815
2420,69.2,71.28180082999634
750,60.0,61.157586176395455
1341,140.0,122.74318369984945
3582,75.0,72.98346167542738
919,66.4,71.52794302828352
916,64.0,65.21210706866759
3515,70.0,71.49378599912419
125,116.0,109.48035052398254
1100,93.0,106.76376020160606
2018,66.2,68.64598620184663
1698,45.0,40.936838836468525
2356,49.0,48.15204492501388
2204,60.0,60.19449170637478
431,65.0,62.782626655803284
3648,96.0,90.80829419061271
3391,80.0,82.29591516739313
3378,133.0,121.6018133577731
4022,69.0,68.26673820290011
1681,81.0,79.77363083327461
2497,45.0,45.12963992669029
2908,97.55,97.52949012406131
435,60.0,59.52559093129628
389,68.0,67.6276805925333
30,65.0,66.17007845016977
1060,70.5,70.48323334605035
204,92.0,91.22783924356014
1181,69.0,73.03677969262952
4018,66.0,65.03219363751569
2121,63.0,65.54295690253528
847,76.2,80.60009481633577
1234,70.0,70.27051434355738
2359,70.0,72.55080894654492
2781,79.0,79.97768227852322
480,75.0,74.31180004311526
4101,85.1,87.18505736131934
674,92.5,89.91206569665906
445,74.0,77.29626833869892
3549,84.8,85.5198958236972
3811,73.6,75.91254947234651
820,90.0,88.542840439803
193,90.0,89.00642649432044
569,85.0,84.38289605753454
1344,72.0,73.6909180084231
3094,59.5,60.860250122016794
6,90.0,89.16417141183533
441,102.0,96.3501200465715
290,89.8,85.8588411794706
780,54.0,57.03018042748795
2935,104.0,102.69561983133335
3683,52.0,58.99477819095557
3565,76.0,82.38598430035617
3649,59.9,58.715946039389195
1420,44.0,44.403813065583506
3417,60.0,64.78488062927343
1850,83.0,85.46807866592457
697,54.0,52.67650792202184
2573,69.0,69.43655197281936
3062,89.0,91.22859775464053
195,59.0,58.77684465893313
452,96.0,96.33745806953723
1797,82.0,88.2220593545666
1194,64.0,65.47950655729608
29,102.0,96.63651027255617
4124,83.0,84.13060918350067
893,106.2,101.12712585304863
1848,68.0,69.07608740902896
3210,93.0,91.46033703483948
1118,99.0,95.25249810511221
2678,88.0,84.98793460053929
3086,68.0,70.56461756773223
875,85.0,87.7225683650392
1920,93.0,89.991446587534
3854,73.3,72.55738573339647
2468,86.0,84.75776204435363
2167,63.0,64.34967695209866
3103,71.0,70.3577185530728
223,60.0,62.18059560531722
738,91.0,88.04926835070006
765,72.0,69.67251495143924
576,102.0,100.20906532890183
1791,76.8,76.33832318274662
3525,47.0,47.82993797588878
1658,111.0,105.2527815732908
1357,80.0,80.31609208178199
1799,81.0,79.48345800985433
2345,45.0,42.9926055693052
81,63.0,65.89434389849657
258,100.0,99.43293124954519
296,85.0,88.64004360894404
4017,64.0,65.05877684466788
1065,60.0,62.775055765385844
816,55.0,56.51563832206
3511,69.0,66.2994135371832
1169,81.9,85.87480427056946
3116,50.0,55.52970316800389
1600,51.0,51.37257720226492
3928,75.0,74.86035703266293
2026,122.2,111.89949275793563
3581,79.0,83.74450848196821
3964,102.0,100.12464724727812
2980,62.3,68.67947250262839
2840,84.0,84.69755272019589
936,95.0,95.09884341096893
1986,61.8,62.78550264911817
1022,49.8,48.86973435624634
1285,93.0,91.62951459953874
3389,83.8,84.30781883089918
3729,69.0,68.07226956512974
658,92.0,91.03306939607339
1409,45.0,42.88957256854886
883,74.1,79.0866825424003
3392,63.0,65.55823888758215
3554,94.1,93.73489653027033
413,50.0,49.75072663137328
980,55.0,55.08427193823542
3797,85.0,86.31836818491527
3906,80.0,83.95971213352519
1545,77.0,76.36668906903924
3296,79.0,81.55117028076543
1322,71.0,71.80916992612782
835,92.5,89.22173005905651
661,90.0,93.81738002993421
1811,107.0,102.3043942568496
768,121.1,109.62765974563627
2688,78.0,76.55282414684501
2030,51.0,50.28981437447294
3321,78.5,83.40551025580294
821,55.8,62.45851609188537
153,84.0,84.27993559274665
1428,51.0,52.23032243429043
3624,57.0,58.24678254444916
1176,97.0,93.41971171046211
103,112.0,105.78877893772676
759,97.15,90.76168288351994
3397,95.0,93.28058499088488
240,81.0,83.5449740155176
1872,82.0,81.77001638391138
3765,89.0,89.47349056897497
109,75.5,74.23284592561492
3377,40.0,38.169296780708805
1756,80.0,79.06741382660081
3374,60.0,61.977246502124444
1248,59.0,59.965453074058075
1579,69.0,70.11689642564352
3403,111.0,109.39565976109165
2241,50.0,50.87548216215683
2375,90.0,89.82179733049173
3382,81.0,82.256512187147
2502,75.5,78.09463206184853
333,46.0,45.062871473545925
2904,69.0,71.3022344990259
846,61.4,64.8587068434139
3339,69.0,69.14164324804372
1490,78.0,75.8711760779695
3420,77.0,77.38555499760918
3968,87.9,86.67383525228698
2027,63.0,62.26799422247251
3973,65.0,63.97434532286823
1949,63.0,62.64120664113122
3992,57.4,57.19113355039303
2174,86.0,89.54526434782775
1120,104.0,99.68732821977866
3031,62.0,68.21734470314354
1573,61.0,60.02199426519087
2410,97.0,96.72728597322751
1999,85.0,87.15918085372257
3531,115.0,107.62499838861214
1206,60.0,62.9607369577387
2249,62.0,61.15656164801865
3601,85.7,84.82180774892242
2156,85.0,87.26528637774592
556,111.0,100.5761548395254
2184,70.0,70.4986418777114
1099,67.0,66.91338909487109
1815,75.0,73.8627672056837
2579,88.0,88.12433432064375
1948,61.0,62.21205429403145
3340,119.0,109.79789148009516
2753,55.0,54.33078015237075
1979,67.2,67.11805456115619
3887,84.0,82.46033231173834
3344,95.0,95.3345415288635
2989,70.0,69.49001560183473
1288,89.0,88.27663339063619
756,70.5,72.61543531867704
2663,80.0,78.85337675242468
3115,74.0,74.85653138805216
3621,85.5,86.51925498301142
2890,86.5,107.38887161622517
1932,55.0,54.3908715449395
4037,72.3,71.01296656236084
1461,100.0,96.88791829644546
3704,63.0,66.7182105691382
3045,75.5,81.18170940265068
733,90.75,89.41027639648888
811,60.4,65.46119739990851
3361,69.0,67.88635590110871
4127,80.0,82.98516538358385
725,110.0,100.78319130494936
3848,78.0,77.27976214280062
1557,74.0,71.78161493963105
1657,72.0,76.183061503744
1451,67.0,67.90936617688521
1834,55.0,54.83972680063579
2730,132.0,119.94718239996217
1669,48.0,46.46826983595642
347,76.0,75.35053271182119
1265,60.0,65.85154046688822
2736,82.0,83.66992604954143
4021,131.5,118.64990281424616
2414,83.0,82.89316749771467
3422,96.0,94.20045992164063
815,54.5,54.72371542429477
2461,101.0,98.32698941397928
1975,81.5,76.84680748169205
2362,60.0,62.08277433449942
3004,66.0,71.25413376695607
1295,63.0,64.84498321656395
179,82.0,88.59026029280963
4119,59.0,61.493925365285435
3948,87.0,86.0905277500544
791,55.0,56.751539823709834
2798,85.0,88.90561159534025
2721,89.0,90.06765217955024
1443,53.0,53.785392412813366
3912,85.0,85.73976218546107
1965,87.0,89.66659731611765
25,65.0,65.07685266227878
2406,68.0,69.93707551613568
3915,90.0,90.63840416046403
3705,86.0,85.48006490944013
174,66.0,67.49810106253719
2157,84.0,88.92894017789749
3186,80.0,80.52082369208202
332,64.0,63.66241620837181
2321,67.0,64.41923689167757
432,65.0,63.5438490941159
3750,117.0,107.0377347850137
2112,49.2,51.44851288027991
2790,72.0,71.74109948476195
