,y_test,prediction
953,174.0,175.135
3178,159.0,171.74
2088,163.0,163.35
1216,174.0,172.02
2562,164.0,169.19
722,185.0,174.68
1117,168.0,175.62
3583,157.0,168.02
212,178.0,178.71
3541,173.0,178.28
197,163.0,172.78
2903,163.0,167.43
185,165.0,166.845
873,180.0,171.5
3657,168.0,169.62
3217,180.0,174.28
71,185.0,179.77
1068,180.0,175.545
309,182.0,183.36
1996,176.0,184.47
167,180.0,170.81
412,186.0,177.92
1599,170.0,170.115
315,155.0,160.645
1088,174.0,172.27
1628,170.0,169.675
1539,156.0,163.545
3125,185.0,170.94
982,181.0,170.28
1759,182.0,173.11
2887,168.0,172.265
1075,164.0,165.095
3672,187.0,176.72799999999998
1944,159.0,162.995
3409,170.0,170.86
3883,164.0,172.21
1870,171.0,179.44
1516,172.0,177.39
2673,153.0,167.02
3639,173.0,176.41
1328,185.0,172.845
557,172.0,154.37
669,164.0,167.8
1468,169.0,171.75
1351,53.0,161.19
180,180.0,174.06
1696,166.0,168.03
4120,174.0,177.084
416,175.0,177.363
2240,180.0,172.1
842,164.0,162.12
326,180.0,174.33
440,165.0,163.78
1504,176.0,169.655
3937,169.0,164.86
1487,176.0,178.46
2193,170.0,171.05
1038,160.0,165.06
1061,166.0,175.55
497,175.0,180.14
2999,184.0,177.925
206,176.0,170.14
1753,179.0,170.375
748,163.0,165.48
1645,185.0,182.29
2761,173.0,172.968
3686,159.0,163.97
3398,173.0,167.555
8,167.0,169.63
2664,182.0,179.12
2126,179.0,173.33
2874,180.0,175.81799999999998
3309,186.0,173.62
150,180.0,187.91
110,163.0,176.76
3184,179.0,174.85
319,171.0,177.51
33,180.0,175.91
2152,168.0,168.125
3110,165.0,166.53
609,162.0,168.91
97,176.0,172.12
2738,178.0,178.315
2031,160.0,168.34
3465,187.0,180.19
802,168.0,179.06
4019,158.0,165.905
4118,187.0,182.75
1607,180.0,175.765
2139,86.0,159.62
17,167.0,166.66
2105,180.0,173.13
3307,167.0,166.895
1010,195.0,181.365
239,166.0,167.97
2033,168.0,173.26
3091,170.0,171.17
3998,186.0,176.143
297,154.0,171.415
513,167.0,170.02
4060,164.0,167.61
473,165.0,152.11
3796,172.0,167.04
2714,183.0,178.155
70,185.0,178.29
2296,178.0,162.84
1881,162.0,173.62
2310,175.0,174.76
3560,169.0,175.95
1210,167.0,167.04
2338,161.0,169.65
2214,170.0,172.46
1142,168.0,164.08
2303,171.0,174.61
3882,176.0,177.2
1777,180.0,174.13400000000001
2889,179.0,171.315
503,163.0,162.96
2259,147.0,168.645
1431,180.0,177.98
4041,168.0,168.59
1899,155.0,160.795
271,165.0,173.385
737,166.0,172.9
151,162.0,168.01
1059,168.0,165.47
230,170.0,167.23
1621,167.0,169.195
1226,179.0,167.81
2050,164.0,167.76
2440,159.0,162.76
2042,160.0,167.91
434,173.0,178.20699999999997
2492,180.0,172.025
1262,168.0,175.7
2831,160.0,173.09400000000002
14,162.0,170.26
2451,185.0,181.72
3877,173.0,175.635
367,178.0,172.62
1363,174.0,178.31
3607,158.0,171.39
1026,182.0,169.735
2644,158.0,159.44
3629,167.0,173.56
1168,165.0,170.58
1413,170.0,177.65
1424,178.0,172.805
2408,175.0,179.68
3238,183.0,179.54
1617,178.0,179.46
1823,170.0,169.555
2234,170.0,176.5
467,176.0,178.44
1961,173.0,169.67
1178,168.0,171.59
3198,178.0,178.265
3199,176.0,166.45
1045,176.0,167.555
1886,166.0,169.785
570,175.0,168.59
299,160.0,165.995
3673,155.0,160.34
1198,163.0,167.35
2486,183.0,166.67
372,172.0,173.71
952,150.0,164.265
2779,180.0,180.785
2877,180.0,172.074
316,184.0,171.77
133,165.0,161.28
1576,160.0,162.17
724,159.0,175.076
1033,170.0,173.97
2878,162.0,159.22
2983,174.0,169.465
646,160.0,166.24
2352,162.0,166.21
3496,170.0,175.03
3258,169.0,174.59
2526,154.0,167.95
2894,165.0,170.015
2496,176.0,170.56
2706,170.0,171.085
807,170.0,170.325
2473,176.0,174.98
2780,186.0,181.55
2374,168.0,161.42
2467,144.0,159.44
1048,167.0,165.895
4112,178.0,179.1
1072,178.0,180.925
3284,182.0,172.91
3994,165.0,166.88
2466,170.0,162.16
3826,147.0,147.97
1666,150.0,170.655
3240,160.0,171.69
4109,193.0,178.204
2235,180.0,170.06
2669,157.0,158.28
941,172.0,178.855
32,175.0,166.8
2328,166.0,174.42
1337,175.0,180.375
3250,181.0,181.97
1981,165.0,160.405
2298,168.0,161.13
2282,166.0,170.68
2606,172.0,179.37
2290,162.0,163.19
3695,167.0,168.77
2583,178.0,173.31
1622,163.0,160.96
994,169.0,167.915
4110,171.0,173.77
822,160.0,163.83
1398,158.0,165.77
310,169.0,170.87400000000002
3270,186.0,175.62
331,165.0,164.565
1036,164.0,170.99
686,180.0,178.39
536,186.0,174.15
1879,154.0,162.83
1213,183.0,178.46
1792,165.0,180.37
2615,163.0,170.95
1552,167.0,163.12
2735,185.0,179.78
2115,183.0,174.87
4044,174.0,172.643
3175,169.0,164.44
3111,163.0,165.205
1306,154.0,160.43
3913,177.0,177.28
3191,158.0,164.82
1634,170.0,160.92
1874,168.0,162.985
4010,181.0,179.66
1139,163.0,164.9
3187,185.0,169.69
794,170.0,166.21
1521,156.0,164.69
709,187.0,181.57
2489,164.0,172.41
1882,179.0,178.075
2639,160.0,167.945
1852,159.0,160.74
1593,186.0,177.51
598,170.0,170.21
45,150.0,170.72
4026,162.0,171.97
2746,174.0,167.62
3738,180.0,174.668
43,161.0,172.3
602,180.0,176.29
1219,181.0,171.785
1270,156.0,162.15
2923,175.0,168.265
2822,164.0,176.92
492,160.0,167.6
4117,175.0,167.725
404,159.0,159.69
252,176.0,178.21
2429,176.0,171.74
3375,183.0,179.54
1228,180.0,180.79
1369,160.0,167.2
680,170.0,171.515
2437,168.0,176.19299999999998
1558,163.0,171.088
4137,146.0,159.02
2238,176.0,180.87
2671,182.0,183.08
3766,152.0,162.355
3606,175.0,178.81
3892,157.0,160.905
3365,170.0,172.855
3230,165.0,175.22
869,185.0,179.71
3154,166.0,169.2
2252,170.0,178.97
553,170.0,175.045
2991,159.0,158.27
1329,178.0,177.62
3723,155.0,160.67
2162,156.0,160.01
3466,189.0,173.35
3140,182.0,174.48
2961,189.0,183.355
2250,167.0,168.105
1239,180.0,177.22
4086,159.0,168.93
2480,165.0,163.31
1926,175.0,172.78
1056,170.0,166.78
1540,174.0,176.36
1590,171.0,163.65
94,175.0,180.665
1343,163.0,157.95
3825,189.0,179.55
2465,180.0,180.53
23,171.0,170.9
1455,169.0,172.77
2750,178.0,174.61
2825,177.0,171.91
684,161.0,158.12
2886,158.0,167.26
175,168.0,171.6
1701,176.0,173.525
3810,159.0,180.935
1005,165.0,169.405
2143,172.0,168.28
1801,136.0,164.225
3071,147.0,162.2
2531,179.0,174.73
3890,177.0,177.08
3702,165.0,169.115
566,186.0,169.82
1819,172.0,175.76699999999997
2460,178.0,176.39
100,174.0,170.84
410,163.0,169.57
3370,168.0,162.35
1630,178.0,170.77
659,183.0,180.95
806,160.0,165.545
121,171.0,178.75
3678,165.0,182.03
1880,175.0,180.335
157,176.0,176.47
1400,163.0,167.54
496,191.0,174.01399999999998
3625,153.0,162.51
306,180.0,181.325
2202,160.0,165.78
2507,165.0,165.81
1924,164.0,168.09
1195,165.0,175.37
3963,183.0,184.41
2257,168.0,169.82
907,168.0,171.485
241,161.0,163.5
3761,180.0,177.75
789,183.0,166.7
1917,160.0,166.245
901,165.0,168.275
3651,189.0,167.15
1955,185.0,169.705
2415,181.0,173.69
694,169.0,173.575
2633,169.0,176.95
1648,165.0,174.53
463,175.0,178.28
2431,162.0,162.22
1180,168.0,164.27
914,169.0,170.75
1427,165.0,176.08
459,166.0,169.94
3679,145.0,162.58
2542,186.0,182.37
2922,175.0,171.35
178,160.0,160.695
2125,179.0,171.46
1399,183.0,181.63
3999,175.0,180.4
51,175.0,166.78
833,164.0,166.59
1840,170.0,175.5
74,175.0,184.11
1114,190.0,174.25
2698,187.0,167.9
3837,176.0,176.44
2786,151.0,163.09
1132,161.0,154.785
2843,162.0,164.41
911,156.0,165.025
1495,168.0,174.75
3562,165.0,169.40400000000002
2367,180.0,183.68
1162,164.0,169.625
3921,185.5,175.93
158,175.0,173.59
1267,156.0,168.47
2829,174.0,167.955
1543,160.0,165.32
52,174.0,173.71
1380,165.0,172.39
221,176.0,170.67
2023,181.0,184.6
26,160.0,169.795
1709,205.0,186.29
3131,189.0,185.11
885,168.0,166.775
215,172.0,172.97
4034,171.0,166.285
2146,174.0,178.88
861,170.0,171.71
2180,159.0,169.13
1902,165.0,167.115
3276,182.0,169.83
322,185.0,179.235
1098,170.0,163.34
1746,175.0,171.19
3414,169.0,163.6
1560,166.0,166.325
600,167.0,170.88
4088,169.0,166.455
3295,183.0,174.11
145,178.0,171.23
1625,191.0,182.51
3501,183.0,172.16
1682,156.0,171.47
3857,165.0,174.105
1268,159.0,166.66
3021,160.0,165.18
44,170.0,179.15
2773,176.0,173.05
897,167.0,172.81
3023,180.0,169.955
1559,175.0,159.46
4077,180.0,174.53
2258,168.0,171.26
355,175.0,179.93
3260,154.0,159.575
3286,180.0,177.56
3809,165.0,176.43
1051,167.0,166.195
3576,170.0,165.755
603,172.0,161.99
3441,175.0,179.485
3243,168.0,171.95
3945,166.0,178.68
546,174.0,180.32
3610,170.0,174.23
3007,161.0,149.705
3668,153.0,159.52
540,158.0,168.99
257,179.0,168.93
3349,180.0,176.1
2186,154.0,159.73
1595,180.0,174.26
968,186.0,180.72299999999998
3532,173.0,172.76
1867,182.0,184.76
814,170.0,168.945
3802,195.0,180.095
2694,175.0,168.07
3220,172.0,165.28
735,180.0,177.8
2404,160.0,169.95
3522,176.0,180.81
292,176.0,173.34
2538,160.0,169.09
1739,172.0,170.58
135,178.0,183.4
1046,172.0,156.19
1953,163.0,170.545
2850,167.0,172.51
2642,150.0,167.785
264,181.0,174.65
1405,162.0,166.42
2337,182.0,170.77
3569,170.0,172.52
4025,179.0,174.92
868,176.0,176.38299999999998
56,169.0,172.17
3700,178.0,177.925
529,161.0,169.085
3502,177.0,180.865
3739,170.0,169.225
3707,167.0,171.555
798,179.0,172.264
2311,179.0,172.0
465,168.0,161.82
866,162.0,171.125
755,170.0,173.98
2024,182.0,178.87
3089,153.0,164.21
395,150.0,162.06
2448,173.0,175.66
1565,174.0,179.61
171,173.0,181.26
1279,157.0,160.44
2278,157.0,172.66
4113,158.0,173.52
3489,176.0,170.21
3735,178.0,178.49
3867,165.0,169.72
1677,172.0,170.94
189,163.0,168.325
2709,175.0,171.36
12,178.0,169.31
3533,156.0,166.82
3292,186.0,174.4
323,164.0,163.01
892,183.0,150.765
2965,172.0,166.685
3650,178.0,177.37
1192,185.0,173.8
352,97.0,171.51
2959,174.0,167.875
1179,159.0,164.5
507,171.0,164.45
4075,171.0,172.5
3577,194.0,179.575
1725,166.0,176.558
1945,159.0,161.04
1418,192.0,183.16
3224,158.0,162.46
3084,179.0,165.88
3235,165.0,163.075
2297,154.0,168.08
2677,182.0,170.29
3763,177.0,170.99
2601,172.0,175.94
1227,174.0,170.26
4111,170.0,163.665
2386,168.0,164.95
1003,182.5,169.81
1958,178.0,172.145
228,166.0,164.68
1623,196.0,180.92
3373,186.0,176.84
3101,180.0,171.18
3644,179.0,172.415
184,179.0,179.28
2301,164.0,171.86
2392,170.0,173.96
488,171.0,165.96
4076,162.0,162.59
1960,166.0,165.77
140,159.0,165.19
267,165.0,172.98
2289,165.0,169.53
3346,174.0,178.77
64,173.0,179.32
1077,162.0,168.4
1747,175.0,174.01
3281,170.0,170.24
4050,168.0,170.945
1679,169.0,169.53
1108,175.0,181.49
3774,150.0,167.31
3768,175.0,171.66
1724,170.0,175.23
1991,161.0,165.66
2867,159.0,172.93
3242,177.0,165.715
3239,173.0,178.27
973,158.0,166.77
280,167.0,170.36
3223,158.0,169.58
1436,181.0,170.39
359,165.0,169.945
2947,174.0,183.49
300,163.0,163.46
813,169.0,165.32
1110,182.0,169.12
2953,184.0,177.94299999999998
1373,153.0,167.705
2689,169.0,167.14
579,161.0,164.96
417,151.0,160.0
1305,170.0,172.4
1972,152.0,165.285
1763,181.0,181.195
2081,172.0,172.55
2593,178.0,175.75400000000002
1481,154.0,169.11
2769,186.0,171.46
1164,161.0,165.01
3136,168.0,161.72
3780,161.0,165.22
1345,171.0,171.05
1327,168.0,174.68
3323,162.0,164.94
1970,173.0,176.145
58,158.0,163.07
77,160.0,168.63
369,186.0,177.06
3633,171.0,169.39
1474,174.0,170.57
2140,185.0,173.6
3990,176.0,169.71
2420,169.0,173.95
750,164.0,164.185
1341,184.0,179.93
3582,178.0,168.15
919,175.0,170.71
916,160.0,171.665
3515,176.0,165.69
125,167.0,175.68
1100,164.0,179.23
2018,156.0,161.82
1698,159.0,165.25
2356,160.0,168.47
2204,158.0,165.24
431,160.0,170.16
3648,176.0,180.29
3391,180.0,178.53
3378,200.0,184.88
4022,170.0,164.64
1681,155.0,169.995
2497,162.0,158.52
2908,175.0,172.465
435,167.0,169.745
389,162.0,165.765
30,156.0,167.62
1060,159.0,165.74
204,182.0,182.24
1181,169.0,180.13
4018,163.0,160.09
2121,170.0,169.925
847,188.0,173.391
1234,163.0,160.27
2359,170.0,170.37
2781,174.0,179.0
480,158.0,163.57
4101,188.0,182.33
674,193.0,179.75
445,156.0,168.49
3549,181.0,177.55
3811,178.0,168.75
820,171.0,180.63
193,179.0,176.06
569,165.0,173.62
1344,172.0,167.825
3094,170.0,163.06
6,160.0,180.14
441,167.0,170.36
290,177.0,170.415
780,160.0,163.41
2935,190.0,172.1
3683,183.0,169.78
3565,172.0,179.08
3649,175.0,162.26
1420,154.0,162.975
3417,174.0,169.75
1850,183.0,175.37
697,164.0,163.71
2573,176.0,172.44
3062,183.0,178.75
195,161.0,160.42
452,185.0,180.9
1797,176.0,173.87
1194,171.0,166.09
29,190.0,173.13299999999998
4124,186.0,183.02
893,182.0,178.26
1848,174.0,165.735
3210,178.0,174.79
1118,168.0,173.23
2678,169.0,177.74
3086,173.0,174.3
875,185.0,172.39
1920,160.0,171.61
3854,167.0,164.58
2468,186.0,178.64
2167,167.0,163.46
3103,166.0,176.86
223,163.0,164.195
738,166.0,179.04
765,168.0,166.46
576,182.0,175.95
1791,183.0,175.36
3525,169.0,163.07
1658,192.0,186.24
1357,180.0,176.37
1799,167.0,165.91
2345,163.0,162.265
81,164.0,166.82
258,154.0,174.885
296,188.0,179.59
4017,175.0,170.66299999999998
1065,162.0,167.15
816,155.0,162.73
3511,167.0,164.96
1169,185.0,181.45
3116,172.0,165.96
1600,153.0,161.11
3928,172.0,166.185
2026,191.0,182.31
3581,176.0,167.17
3964,177.0,172.82
2980,179.0,170.48
2840,154.0,170.01
936,173.0,174.57
1986,168.0,163.42
1022,156.0,161.255
1285,178.0,181.83
3389,153.0,170.475
3729,176.0,167.59
658,183.0,182.12
1409,157.0,163.19
883,195.0,172.99
3392,166.0,170.32
3554,175.0,173.11
413,163.0,164.295
980,165.0,163.55
3797,186.0,173.65
3906,185.0,177.25
1545,172.0,169.075
3296,186.0,173.63
1322,164.0,173.924
835,180.0,175.6
661,172.0,172.61
1811,180.0,181.72
768,180.0,174.21400000000003
2688,168.0,160.83
2030,165.0,167.52
3321,198.0,182.86
821,176.0,165.52
153,178.0,174.475
1428,160.0,160.9
3624,167.0,162.59
1176,182.0,179.28
103,174.0,173.75
759,168.0,169.25
3397,183.0,180.43
240,181.0,170.5
1872,165.0,173.38
3765,178.0,175.95
109,181.0,177.015
3377,154.0,164.98
1756,170.0,176.05
3374,171.0,167.71
1248,166.0,165.21
1579,176.0,167.43
3403,160.0,176.81
2241,161.0,160.26
2375,180.0,176.37
3382,181.0,173.43
2502,175.0,175.493
333,155.0,162.29
2904,172.0,162.37
846,166.0,168.785
3339,155.0,163.71
1490,157.0,168.94
3420,170.0,167.63
3968,177.0,174.38299999999998
2027,152.0,162.705
3973,158.0,169.065
1949,160.0,168.705
3992,158.0,159.59
2174,188.0,174.83
1120,173.0,184.06
3031,176.0,170.28
1573,156.0,162.08
2410,193.0,174.62
1999,185.0,184.97
3531,175.0,175.75400000000002
1206,165.0,158.56
2249,163.0,166.925
3601,160.0,169.47
2156,171.0,181.85
556,170.0,170.055
2184,161.0,173.33
1099,168.0,172.94
1815,165.0,168.6
2579,188.0,180.445
1948,169.0,165.8
3340,179.0,174.34
2753,165.0,166.145
1979,166.0,167.29
3887,176.0,166.88
3344,170.0,176.17
2989,178.0,166.635
1288,184.0,179.85
756,169.0,168.375
2663,180.0,168.71
3115,173.0,166.165
3621,183.0,172.865
2890,186.0,178.17
1932,164.0,162.88
4037,175.0,166.71
1461,168.0,171.52
3704,174.0,170.18
3045,164.0,170.93
733,181.0,171.225
811,174.0,171.85
3361,158.0,171.39
4127,185.0,180.79
725,180.0,178.503
3848,175.0,176.21
1557,163.0,162.05
1657,170.0,171.43
1451,171.0,171.31
1834,160.0,163.0
2730,170.0,179.155
1669,164.0,167.42
347,150.0,157.71
1265,179.0,169.85
2736,176.0,179.885
4021,185.0,185.27
2414,162.0,169.385
3422,179.0,170.09
815,166.0,165.09
2461,156.0,167.12
1975,170.0,165.83
2362,168.0,170.18
3004,186.0,172.733
1295,175.0,172.62400000000002
179,176.0,173.73
4119,170.0,169.525
3948,176.0,175.18
791,168.0,164.79
2798,185.0,182.1
2721,175.0,172.39
1443,168.0,167.8
3912,177.0,181.013
1965,180.0,177.15
25,165.0,169.72
2406,173.0,174.06
3915,194.0,181.68
3705,178.0,176.25
174,170.0,177.24
2157,176.0,176.87
3186,174.0,179.4
332,163.0,165.12
2321,158.0,164.03
432,160.0,163.955
3750,182.0,180.21
2112,160.0,165.445
2790,162.0,165.72
