,y_test,prediction
953,174.0,176.26563402398676
3178,159.0,170.38752749585765
2088,163.0,164.44864495044055
1216,174.0,171.6162202605965
2562,164.0,169.51240326537055
722,185.0,172.06015281874568
1117,168.0,173.61732872208415
3583,157.0,168.7433861809654
212,178.0,173.14561502030944
3541,173.0,176.65592195000016
197,163.0,170.562264753521
2903,163.0,170.37411736313527
185,165.0,165.43468140418628
873,180.0,174.5105311073957
3657,168.0,172.4414451083926
3217,180.0,177.00459739592176
71,185.0,179.5957589863871
1068,180.0,178.2207380128783
309,182.0,183.79366174895497
1996,176.0,183.35168493463664
167,180.0,171.95431829383222
412,186.0,176.46557501416316
1599,170.0,173.94115138701477
315,155.0,160.42063431404412
1088,174.0,172.10195346437726
1628,170.0,170.65792049904442
1539,156.0,164.63868269477453
3125,185.0,174.71540777041525
982,181.0,170.36954282236724
1759,182.0,172.6404341843246
2887,168.0,172.54641387469246
1075,164.0,163.51496263919233
3672,187.0,177.54034012274457
1944,159.0,162.6708168866443
3409,170.0,171.4086498453335
3883,164.0,171.309055816245
1870,171.0,175.8111194984242
1516,172.0,175.22985125722766
2673,153.0,167.2067475379996
3639,173.0,182.20906959599102
1328,185.0,176.8690176480928
557,172.0,169.10014828687477
669,164.0,164.8745981743308
1468,169.0,169.84694370558913
1351,53.0,157.45406516541868
180,180.0,175.14290836077845
1696,166.0,169.02421955747116
4120,174.0,175.96883190965843
416,175.0,184.78958935622913
2240,180.0,171.68582244326754
842,164.0,161.90537961125506
326,180.0,170.4841597883791
440,165.0,167.686382487313
1504,176.0,170.05136810158908
3937,169.0,163.93715482769105
1487,176.0,175.4626789738487
2193,170.0,167.65192389815678
1038,160.0,169.54401901491644
1061,166.0,181.38787723746637
497,175.0,182.04836668896104
2999,184.0,176.3390521607551
206,176.0,165.98763005766912
1753,179.0,172.2669829623727
748,163.0,167.90971700823977
1645,185.0,180.83998786232098
2761,173.0,170.21434589561227
3686,159.0,164.42112202163156
3398,173.0,168.73317596017165
8,167.0,170.06329053596065
2664,182.0,176.90998094948935
2126,179.0,175.35343052860065
2874,180.0,176.9125148641927
3309,186.0,175.74897994137964
150,180.0,188.76982640593815
110,163.0,180.01151028020007
3184,179.0,174.02735312148621
319,171.0,181.44161636821056
33,180.0,174.531583725002
2152,168.0,166.76713780733297
3110,165.0,169.86944739323997
609,162.0,168.34175621235556
97,176.0,171.05729380706563
2738,178.0,180.8638269894634
2031,160.0,167.52918661129843
3465,187.0,178.07491014929457
802,168.0,175.66708315740476
4019,158.0,164.14349126308403
4118,187.0,180.88720385950757
1607,180.0,176.6615224619691
2139,86.0,161.44431039126226
17,167.0,166.61600869357574
2105,180.0,174.40580949227376
3307,167.0,164.8800025171849
1010,195.0,181.46901157136404
239,166.0,170.47921474570376
2033,168.0,172.06672185348907
3091,170.0,171.74559545929677
3998,186.0,176.86156865029415
297,154.0,167.7851833665918
513,167.0,168.20638805298648
4060,164.0,166.4934080648525
473,165.0,164.85207623537391
3796,172.0,167.38106369441542
2714,183.0,179.40238980670756
70,185.0,180.48262327076927
2296,178.0,164.69196755432984
1881,162.0,170.22044360717447
2310,175.0,175.03562546035297
3560,169.0,182.06105102670253
1210,167.0,168.20020835117285
2338,161.0,168.26590723936437
2214,170.0,173.5436133581008
1142,168.0,168.0367350570479
2303,171.0,178.39832502390976
3882,176.0,178.366396858749
1777,180.0,177.19490647663548
2889,179.0,167.87896318303427
503,163.0,163.3979906615818
2259,147.0,166.87994831607028
1431,180.0,177.85393738781323
4041,168.0,169.61372476715536
1899,155.0,161.97288871751826
271,165.0,175.61597114923583
737,166.0,172.17906279824967
151,162.0,168.68323658272237
1059,168.0,164.62725034090244
230,170.0,171.15094474023812
1621,167.0,168.98453665705222
1226,179.0,168.95241464251706
2050,164.0,166.4916211875477
2440,159.0,163.8687509416339
2042,160.0,165.55065570399648
434,173.0,172.36478426697695
2492,180.0,172.92279752703865
1262,168.0,174.03955003970438
2831,160.0,170.08146895322122
14,162.0,169.07781636522367
2451,185.0,171.2502446220437
3877,173.0,174.48849215486922
367,178.0,175.43672862145917
1363,174.0,181.89749312618773
3607,158.0,172.40169393727246
1026,182.0,172.8043855618352
2644,158.0,160.36892291959498
3629,167.0,171.78005715378998
1168,165.0,171.9910515090088
1413,170.0,176.7242836604152
1424,178.0,174.3281132701805
2408,175.0,178.2601261801654
3238,183.0,176.87358005746216
1617,178.0,194.72105399827512
1823,170.0,162.27599909863434
2234,170.0,174.31060973228168
467,176.0,178.20438930524017
1961,173.0,169.90333490231697
1178,168.0,169.8678428706616
3198,178.0,177.657576283475
3199,176.0,169.39695953534766
1045,176.0,165.13053274052328
1886,166.0,170.72644703429478
570,175.0,172.16454589603185
299,160.0,165.84379347199385
3673,155.0,163.32587320940783
1198,163.0,166.58613074421652
2486,183.0,178.60105447471935
372,172.0,174.96311064494728
952,150.0,163.11655771630979
2779,180.0,181.20056554722413
2877,180.0,173.57353911500212
316,184.0,173.53423995725583
133,165.0,166.12651963641983
1576,160.0,163.852952809445
724,159.0,172.58080562946145
1033,170.0,176.0046028639901
2878,162.0,161.43164859763118
2983,174.0,170.64065793493438
646,160.0,166.43627162991615
2352,162.0,167.23073641639343
3496,170.0,169.60887166906957
3258,169.0,175.9889947931427
2526,154.0,166.71387276477174
2894,165.0,170.35708976268157
2496,176.0,172.57362170018519
2706,170.0,170.90956575990626
807,170.0,168.61060918911153
2473,176.0,171.54535333233213
2780,186.0,181.16844305666126
2374,168.0,163.003740438848
2467,144.0,161.89925150326252
1048,167.0,164.391461586484
4112,178.0,179.44040356718773
1072,178.0,177.44230836558125
3284,182.0,172.8602746204307
3994,165.0,167.76412839769952
2466,170.0,175.90906875870866
3826,147.0,150.54566337468722
1666,150.0,169.221126864836
3240,160.0,167.3032415495078
4109,193.0,178.57176774990458
2235,180.0,167.0241824828513
2669,157.0,162.66280693925918
941,172.0,178.69747677966797
32,175.0,167.70239334561347
2328,166.0,172.72473542215266
1337,175.0,182.09630219798888
3250,181.0,190.61711728698828
1981,165.0,163.16515421731714
2298,168.0,162.6978174570829
2282,166.0,171.22729235648418
2606,172.0,176.8276336508357
2290,162.0,164.92685078838463
3695,167.0,170.47847666395853
2583,178.0,174.21446398967686
1622,163.0,163.92100947793836
994,169.0,167.83721253598392
4110,171.0,171.63960796959236
822,160.0,164.64275594245143
1398,158.0,166.4240819388437
310,169.0,170.20329837582807
3270,186.0,174.81129952551254
331,165.0,166.00775352323424
1036,164.0,172.2335774928762
686,180.0,188.3914962052371
536,186.0,175.5416790069098
1879,154.0,162.85048405998856
1213,183.0,180.0186195718041
1792,165.0,184.74608091761104
2615,163.0,175.4312944909018
1552,167.0,163.18179377663114
2735,185.0,179.04982561687717
2115,183.0,173.1541375408409
4044,174.0,174.12544655542365
3175,169.0,165.28318582790095
3111,163.0,166.3239611300536
1306,154.0,164.95384257576765
3913,177.0,176.99021436502886
3191,158.0,164.90359672334458
1634,170.0,163.94481672412104
1874,168.0,160.9198556378692
4010,181.0,179.61854550517137
1139,163.0,168.4369717329194
3187,185.0,171.54645301911367
794,170.0,165.76993269086353
1521,156.0,167.07572570890642
709,187.0,178.68509941376223
2489,164.0,170.26001872832478
1882,179.0,179.16015584500082
2639,160.0,165.6708771456075
1852,159.0,162.2257778931576
1593,186.0,176.21742814280685
598,170.0,170.1098847898015
45,150.0,166.36578857185
4026,162.0,169.14294308335903
2746,174.0,167.92924979789944
3738,180.0,176.60526733669585
43,161.0,171.98271481045697
602,180.0,172.23253500849043
1219,181.0,172.2341641743357
1270,156.0,160.52882917228982
2923,175.0,171.28071984525113
2822,164.0,176.3978295104627
492,160.0,168.35379403319297
4117,175.0,166.4018838195037
404,159.0,159.9208512508485
252,176.0,176.63710259161277
2429,176.0,172.53716593201167
3375,183.0,181.43870153247093
1228,180.0,176.4174975103205
1369,160.0,165.94994961542605
680,170.0,171.95917948349484
2437,168.0,173.68336670696416
1558,163.0,171.60383832570682
4137,146.0,154.67041605284254
2238,176.0,174.40247156701219
2671,182.0,180.01374660356544
3766,152.0,162.34339863365219
3606,175.0,180.99964815385545
3892,157.0,157.7686705169491
3365,170.0,171.5824744243921
3230,165.0,173.17462699632125
869,185.0,180.97446515092747
3154,166.0,169.61495464593136
2252,170.0,177.14454249881555
553,170.0,178.41344804171877
2991,159.0,160.7981566347852
1329,178.0,174.46620979198394
3723,155.0,161.73736429684402
2162,156.0,162.31140258798376
3466,189.0,172.37503571252554
3140,182.0,177.20927176195522
2961,189.0,182.92441706572734
2250,167.0,169.9115495525229
1239,180.0,175.14399020094595
4086,159.0,170.82168884619585
2480,165.0,165.54079429911803
1926,175.0,170.64505056408262
1056,170.0,157.8906671632589
1540,174.0,175.48271386677317
1590,171.0,165.3764374870346
94,175.0,190.19904973760447
1343,163.0,162.53298961477668
3825,189.0,181.8342739061229
2465,180.0,179.92577026523998
23,171.0,170.47876041707934
1455,169.0,170.92816673486155
2750,178.0,176.02685886030486
2825,177.0,168.197213223331
684,161.0,158.88707200199667
2886,158.0,168.81742497068322
175,168.0,172.74554310274152
1701,176.0,170.04208619622415
3810,159.0,178.99976238875252
1005,165.0,168.39289344660952
2143,172.0,170.03462332817628
1801,136.0,161.81471701534184
3071,147.0,163.10103930781764
2531,179.0,174.91356227713658
3890,177.0,176.61765145164523
3702,165.0,169.41683233327103
566,186.0,172.63342345266
1819,172.0,176.74727830951633
2460,178.0,176.5005938223831
100,174.0,170.43851435252117
410,163.0,171.8053105885947
3370,168.0,166.31066727295405
1630,178.0,171.30629874930298
659,183.0,180.2417396217704
806,160.0,166.45323346515764
121,171.0,182.84003297908504
3678,165.0,178.5461620464137
1880,175.0,176.97414561769185
157,176.0,173.04513791392117
1400,163.0,165.921766671869
496,191.0,174.2822185737216
3625,153.0,161.6538149375213
306,180.0,176.87907069235342
2202,160.0,165.85023190877203
2507,165.0,166.16301688172626
1924,164.0,167.76488726225466
1195,165.0,177.69428660027677
3963,183.0,185.97014311881958
2257,168.0,171.70075874996633
907,168.0,171.68271864684726
241,161.0,163.24831500617
3761,180.0,176.63905019823383
789,183.0,167.01026133640582
1917,160.0,161.63193002966176
901,165.0,166.82600164648463
3651,189.0,171.36665047983846
1955,185.0,170.68632613102653
2415,181.0,175.9901170290629
694,169.0,173.7721013282112
2633,169.0,176.97297494511216
1648,165.0,174.94401284256622
463,175.0,163.01395827825388
2431,162.0,164.48189804084552
1180,168.0,165.81069225407708
914,169.0,169.16052519020474
1427,165.0,179.54179478680896
459,166.0,169.84547595981655
3679,145.0,162.16216842174316
2542,186.0,183.5614245624448
2922,175.0,170.46683683805307
178,160.0,161.47488580714833
2125,179.0,173.70370668938565
1399,183.0,186.16797139278697
3999,175.0,181.08897075818362
51,175.0,168.74281229775315
833,164.0,166.6774039138871
1840,170.0,175.86822334840537
74,175.0,185.38302627484083
1114,190.0,175.5774041246798
2698,187.0,169.41824647040548
3837,176.0,173.11824546116776
2786,151.0,160.9367384066153
1132,161.0,142.93069150180935
2843,162.0,163.95591569098755
911,156.0,166.78224229589495
1495,168.0,173.56608509489075
3562,165.0,166.83770734692408
2367,180.0,180.63488233804628
1162,164.0,167.14443070324668
3921,185.5,176.31170107197843
158,175.0,173.84922237144752
1267,156.0,167.15167759116017
2829,174.0,166.98476671131425
1543,160.0,164.42677868883334
52,174.0,174.82467648102593
1380,165.0,172.04814257661252
221,176.0,171.53313807412067
2023,181.0,183.5534642784533
26,160.0,168.7662967382214
1709,205.0,192.15989858889577
3131,189.0,181.55156259114764
885,168.0,166.5305592485336
215,172.0,172.47910676653316
4034,171.0,166.44257398908
2146,174.0,175.11901142514552
861,170.0,170.3284263310032
2180,159.0,171.34523166831184
1902,165.0,167.064053572143
3276,182.0,171.96740249386116
322,185.0,177.495198580213
1098,170.0,166.5796280154284
1746,175.0,172.07604280558877
3414,169.0,165.60695489013114
1560,166.0,164.31170575268044
600,167.0,171.36606844395084
4088,169.0,167.06723753793182
3295,183.0,176.69407042671867
145,178.0,170.22342770512094
1625,191.0,182.2253030295537
3501,183.0,172.9616671257251
1682,156.0,166.32262921794933
3857,165.0,170.60734773575706
1268,159.0,167.55130484581755
3021,160.0,167.28911769086864
44,170.0,175.4705318463124
2773,176.0,174.35331043956785
897,167.0,175.71807406902698
3023,180.0,169.85021368211181
1559,175.0,162.22632992757326
4077,180.0,173.25447765337458
2258,168.0,169.8445075622711
355,175.0,177.16282349418927
3260,154.0,163.7201894480993
3286,180.0,175.3563073879627
3809,165.0,176.88390842194394
1051,167.0,165.67417607426066
3576,170.0,168.87460802406508
603,172.0,165.8361380613531
3441,175.0,177.35051031260275
3243,168.0,172.31471872725132
3945,166.0,178.48959760691656
546,174.0,177.87645203272658
3610,170.0,173.55826823548512
3007,161.0,162.3532485545294
3668,153.0,155.0471722528231
540,158.0,168.73541969694415
257,179.0,171.3928732512318
3349,180.0,178.0289358936941
2186,154.0,162.42345657551235
1595,180.0,173.76356219576226
968,186.0,176.59821882390773
3532,173.0,172.29862320351663
1867,182.0,182.91980686325027
814,170.0,174.9894250041106
3802,195.0,178.22205491425632
2694,175.0,167.83979171233003
3220,172.0,167.66899215285656
735,180.0,177.0858089870506
2404,160.0,169.0843646279583
3522,176.0,181.94713034696247
292,176.0,172.0377810969323
2538,160.0,167.56070695486875
1739,172.0,169.96941628225034
135,178.0,187.82655677392648
1046,172.0,160.58977090097378
1953,163.0,171.84898262902794
2850,167.0,170.13185076809523
2642,150.0,165.40454314736536
264,181.0,177.35063823834727
1405,162.0,165.70344903476916
2337,182.0,174.76315843478818
3569,170.0,171.3295751291542
4025,179.0,175.34824390210008
868,176.0,177.69162474991094
56,169.0,174.18709293217339
3700,178.0,175.9773621151173
529,161.0,167.44233007516607
3502,177.0,178.87319751217365
3739,170.0,169.31334490757752
3707,167.0,172.16942682927254
798,179.0,174.40143948106748
2311,179.0,170.58747289047088
465,168.0,164.9848305515422
866,162.0,170.97272536789376
755,170.0,171.2229809443662
2024,182.0,178.28164323113833
3089,153.0,159.33917854937144
395,150.0,163.80010017479339
2448,173.0,170.9353825482106
1565,174.0,209.77048533769323
171,173.0,195.07465724499002
1279,157.0,155.56929757654356
2278,157.0,172.29634856107788
4113,158.0,174.85186302698466
3489,176.0,172.1102264902164
3735,178.0,175.43773030999859
3867,165.0,167.7368170777357
1677,172.0,171.2346166656223
189,163.0,168.90042054259519
2709,175.0,171.59311612230846
12,178.0,167.15476774244758
3533,156.0,165.673165445648
3292,186.0,189.09413635976148
323,164.0,158.91702475672926
892,183.0,167.3009739203884
2965,172.0,167.61792979560732
3650,178.0,178.04711579916943
1192,185.0,171.96280094853222
352,97.0,171.30364394868343
2959,174.0,169.0014969313348
1179,159.0,164.97025203698385
507,171.0,166.01099802652246
4075,171.0,173.26569340313193
3577,194.0,179.85231031848573
1725,166.0,174.07072895006493
1945,159.0,163.0960590087386
1418,192.0,184.69878163583107
3224,158.0,163.887827451611
3084,179.0,170.20737545178923
3235,165.0,163.37254851613724
2297,154.0,167.2645657461647
2677,182.0,173.7783741200302
3763,177.0,170.46181776207584
2601,172.0,173.43310900656348
1227,174.0,171.19849610870665
4111,170.0,166.62197333067382
2386,168.0,166.01194780291377
1003,182.5,170.9699035301211
1958,178.0,168.383337574358
228,166.0,167.5411323865897
1623,196.0,183.8216707400365
3373,186.0,176.12814724040595
3101,180.0,170.6341724670031
3644,179.0,172.68820041417348
184,179.0,177.25411956600018
2301,164.0,170.6256443184725
2392,170.0,177.03472103562297
488,171.0,169.21795705744037
4076,162.0,165.65694147795205
1960,166.0,162.98381415681354
140,159.0,164.03529960745487
267,165.0,171.02565144713776
2289,165.0,168.93934683439292
3346,174.0,175.87119969115156
64,173.0,174.6878850305224
1077,162.0,164.8424613027461
1747,175.0,175.36039104281411
3281,170.0,168.1377213669369
4050,168.0,170.96271512514056
1679,169.0,166.44393301865978
1108,175.0,177.96585079103426
3774,150.0,165.21878320079455
3768,175.0,178.55823124045855
1724,170.0,174.22607009176318
1991,161.0,168.63305611736322
2867,159.0,172.89747263457326
3242,177.0,165.04013434334368
3239,173.0,175.9507361437692
973,158.0,162.2600311364348
280,167.0,173.02975201439216
3223,158.0,169.71384412543182
1436,181.0,172.13596472723134
359,165.0,169.3891646659685
2947,174.0,182.4754692644173
300,163.0,163.8107809851577
813,169.0,167.66866861631547
1110,182.0,171.10245067544957
2953,184.0,178.78350500938467
1373,153.0,164.738126887906
2689,169.0,170.93677320050898
579,161.0,169.30458800385063
417,151.0,160.86474506163893
1305,170.0,170.9198251695056
1972,152.0,160.00993038387213
1763,181.0,181.1187754551204
2081,172.0,171.54755436782602
2593,178.0,173.99732618471214
1481,154.0,170.22073279810624
2769,186.0,174.99126805945548
1164,161.0,162.88011858384525
3136,168.0,164.5686894790902
3780,161.0,166.15250945639156
1345,171.0,171.73542608335086
1327,168.0,171.78540119241472
3323,162.0,165.06356555988208
1970,173.0,175.18956700267796
58,158.0,164.16596770732946
77,160.0,166.95721625945353
369,186.0,186.6541602588131
3633,171.0,167.3262904301699
1474,174.0,170.2820306252314
2140,185.0,174.70711627516926
3990,176.0,170.15459365239863
2420,169.0,171.06692796088473
750,164.0,164.2787245389731
1341,184.0,180.92347197722518
3582,178.0,165.9897340381657
919,175.0,169.64196265088083
916,160.0,167.36325142561645
3515,176.0,167.30745240590056
125,167.0,175.95104798850747
1100,164.0,190.2373283131765
2018,156.0,165.3244526975225
1698,159.0,160.87782404250504
2356,160.0,166.14819826040824
2204,158.0,164.97781749831086
431,160.0,168.24012936467622
3648,176.0,178.2092990313331
3391,180.0,176.3757295261366
3378,200.0,186.1166727202264
4022,170.0,167.49437546519607
1681,155.0,167.84035597479658
2497,162.0,162.54680302089287
2908,175.0,169.64061529224793
435,167.0,168.29978098332967
389,162.0,167.65205723796765
30,156.0,166.18634025747005
1060,159.0,169.62518964792753
204,182.0,177.9259059066002
1181,169.0,178.04226547771222
4018,163.0,160.5698861044049
2121,170.0,170.02740835576472
847,188.0,175.6657189496374
1234,163.0,166.5787676434677
2359,170.0,171.24978904482228
2781,174.0,175.54834394001946
480,158.0,167.320743220836
4101,188.0,180.89868529075818
674,193.0,180.79052677120407
445,156.0,165.56514833783842
3549,181.0,173.83705453267254
3811,178.0,168.78459572524332
820,171.0,179.10293115431523
193,179.0,176.83722103539915
569,165.0,172.22104936245796
1344,172.0,169.3272627525072
3094,170.0,164.65399011329734
6,160.0,176.4755037399421
441,167.0,171.7128456503496
290,177.0,169.406855852271
780,160.0,163.7024582767385
2935,190.0,175.74737382620827
3683,183.0,168.37947106920308
3565,172.0,174.70105437572107
3649,175.0,162.3750039268475
1420,154.0,163.29592689031335
3417,174.0,169.61670466228634
1850,183.0,174.45069673801095
697,164.0,163.2368520669028
2573,176.0,174.03395848218634
3062,183.0,176.01690639100002
195,161.0,163.69310949425423
452,185.0,178.22805621699337
1797,176.0,174.73415308679887
1194,171.0,166.54288711867954
29,190.0,175.9636565987676
4124,186.0,180.2905814555119
893,182.0,180.80357971639717
1848,174.0,167.13606356878336
3210,178.0,171.87425413283972
1118,168.0,172.89735104501946
2678,169.0,176.08720266107025
3086,173.0,170.3739020195516
875,185.0,177.08244234002018
1920,160.0,169.22191322232618
3854,167.0,165.31301576423851
2468,186.0,178.6587901252158
2167,167.0,166.74846590317435
3103,166.0,174.53892114740398
223,163.0,166.09386758085589
738,166.0,175.31318389484144
765,168.0,166.98988410141362
576,182.0,179.93210840734915
1791,183.0,177.21291898157992
3525,169.0,164.41334557825866
1658,192.0,186.29072075953906
1357,180.0,174.45538000385477
1799,167.0,169.0051711885678
2345,163.0,163.1732850927794
81,164.0,167.35549936599918
258,154.0,171.97814428889637
296,188.0,177.54109254133158
4017,175.0,170.37364044074616
1065,162.0,167.38886030139054
816,155.0,162.04421107962548
3511,167.0,165.28101796748797
1169,185.0,179.39922779970732
3116,172.0,167.09754856093664
1600,153.0,160.4054959391923
3928,172.0,169.95335036582418
2026,191.0,183.43264895262968
3581,176.0,166.7440908680279
3964,177.0,170.70237626725503
2980,179.0,172.58645509728092
2840,154.0,166.4178104256094
936,173.0,172.21450311444136
1986,168.0,164.88685586631263
1022,156.0,157.27749396268263
1285,178.0,176.53187715458103
3389,153.0,168.83364064058478
3729,176.0,168.40700398496475
658,183.0,181.8681123582462
1409,157.0,158.9242856962693
883,195.0,172.04282958097542
3392,166.0,169.43778400748994
3554,175.0,176.5675791729853
413,163.0,164.142859522262
980,165.0,159.58240412376352
3797,186.0,171.75602562976383
3906,185.0,180.63357533610258
1545,172.0,169.94203244493963
3296,186.0,172.0048437506269
1322,164.0,172.76897308258532
835,180.0,176.33175719943438
661,172.0,169.96351242301654
1811,180.0,183.06022516659817
768,180.0,176.85242577027714
2688,168.0,165.0398449797968
2030,165.0,165.01942117354676
3321,198.0,188.43903709905624
821,176.0,165.9295943334917
153,178.0,176.220936984245
1428,160.0,162.76838209682492
3624,167.0,164.82728696182807
1176,182.0,173.75275712324753
103,174.0,175.49031323733112
759,168.0,170.75293764119328
3397,183.0,176.85112900580222
240,181.0,171.09204104788904
1872,165.0,171.62677622924133
3765,178.0,174.44382444444307
109,181.0,177.2876328036482
3377,154.0,161.17627264557188
1756,170.0,174.94027809669433
3374,171.0,167.70279648735192
1248,166.0,167.1321843725883
1579,176.0,170.39024827328586
3403,160.0,176.3550317580051
2241,161.0,163.44216060793866
2375,180.0,178.24281573863806
3382,181.0,174.85613864751957
2502,175.0,174.59070277184975
333,155.0,160.66502516536457
2904,172.0,164.47985290412157
846,166.0,167.41014428806062
3339,155.0,162.66155618161008
1490,157.0,170.13050418276492
3420,170.0,166.65621186278875
3968,177.0,172.39835415811035
2027,152.0,162.22499222332917
3973,158.0,164.81570490982244
1949,160.0,165.61765751696157
3992,158.0,162.5309896249754
2174,188.0,176.0682384986295
1120,173.0,181.446705933274
3031,176.0,169.7402339367352
1573,156.0,163.8893632578072
2410,193.0,176.51264991195882
1999,185.0,183.96356864230674
3531,175.0,175.29985342849122
1206,165.0,161.44153438455686
2249,163.0,167.29722925968377
3601,160.0,168.77783281952986
2156,171.0,179.78805696061482
556,170.0,170.0711688522315
2184,161.0,172.1580318388769
1099,168.0,172.00017004360956
1815,165.0,172.28922492966194
2579,188.0,179.86616368937297
1948,169.0,168.95503509180094
3340,179.0,175.5946091261191
2753,165.0,165.74011695923616
1979,166.0,167.95101414084334
3887,176.0,169.87601372090688
3344,170.0,174.21284786236316
2989,178.0,167.50514672918828
1288,184.0,179.29612123599162
756,169.0,167.6955675663647
2663,180.0,171.4998023192462
3115,173.0,168.04519516703897
3621,183.0,172.14492513491493
2890,186.0,193.88425064224464
1932,164.0,163.23066550256732
4037,175.0,167.35448940528354
1461,168.0,171.7482811511621
3704,174.0,169.36842639611092
3045,164.0,175.4909760493503
733,181.0,172.36377204329912
811,174.0,169.96861146242597
3361,158.0,168.00906409099767
4127,185.0,178.54498169171518
725,180.0,179.11068244500365
3848,175.0,175.72598487161278
1557,163.0,164.98422447123303
1657,170.0,170.710367618438
1451,171.0,172.07494816649424
1834,160.0,161.2672162302137
2730,170.0,180.58363296206838
1669,164.0,160.7025287561574
347,150.0,162.8977258547793
1265,179.0,169.91380275187316
2736,176.0,176.5516275881726
4021,185.0,190.87728298172584
2414,162.0,170.167194377908
3422,179.0,170.90134164834524
815,166.0,165.05892852665164
2461,156.0,166.49649767639943
1975,170.0,165.62506869044418
2362,168.0,168.31274366676527
3004,186.0,171.6054889266868
1295,175.0,173.72909193656938
179,176.0,181.10986014796538
4119,170.0,165.2619769246366
3948,176.0,177.60754940347982
791,168.0,164.92454227145456
2798,185.0,183.68108954113484
2721,175.0,172.0016010036759
1443,168.0,167.26348777467354
3912,177.0,178.81007686599887
1965,180.0,176.9858450869302
25,165.0,169.38144034308652
2406,173.0,172.7674637775569
3915,194.0,183.10947293147854
3705,178.0,176.84364471898547
174,170.0,172.89139812479226
2157,176.0,174.1949914276309
3186,174.0,174.34501691957314
332,163.0,164.96694218388285
2321,158.0,164.33063501615385
432,160.0,163.69532662140668
3750,182.0,181.56763564271904
2112,160.0,164.7013027508053
2790,162.0,165.3501554817935
