,y_test,prediction
953,174.0,175.238
3178,159.0,172.32
2088,163.0,162.83
1216,174.0,171.32
2562,164.0,167.215
722,185.0,174.13
1117,168.0,177.51
3583,157.0,165.58
212,178.0,177.81
3541,173.0,175.35
197,163.0,173.39
2903,163.0,165.42
185,165.0,169.48
873,180.0,173.015
3657,168.0,172.05
3217,180.0,173.53
71,185.0,181.025
1068,180.0,174.52
309,182.0,186.11
1996,176.0,187.44
167,180.0,169.26
412,186.0,179.57
1599,170.0,169.93
315,155.0,160.85
1088,174.0,172.15
1628,170.0,168.92
1539,156.0,164.61
3125,185.0,173.74
982,181.0,170.94
1759,182.0,171.38
2887,168.0,170.915
1075,164.0,167.48
3672,187.0,176.7
1944,159.0,162.595
3409,170.0,172.035
3883,164.0,171.86
1870,171.0,180.6
1516,172.0,176.915
2673,153.0,167.14
3639,173.0,174.59
1328,185.0,174.34
557,172.0,165.45
669,164.0,170.315
1468,169.0,171.23
1351,53.0,163.64
180,180.0,172.59
1696,166.0,168.25
4120,174.0,173.02
416,175.0,176.0
2240,180.0,169.77
842,164.0,162.245
326,180.0,171.82
440,165.0,164.135
1504,176.0,171.18
3937,169.0,163.15
1487,176.0,182.76
2193,170.0,167.31
1038,160.0,166.04
1061,166.0,174.735
497,175.0,177.23
2999,184.0,176.82
206,176.0,171.785
1753,179.0,170.46
748,163.0,168.24
1645,185.0,179.67
2761,173.0,170.955
3686,159.0,164.34
3398,173.0,168.46
8,167.0,167.525
2664,182.0,179.15
2126,179.0,171.84
2874,180.0,172.82
3309,186.0,173.16
150,180.0,187.88
110,163.0,171.63
3184,179.0,172.385
319,171.0,176.6
33,180.0,173.985
2152,168.0,167.76
3110,165.0,166.15
609,162.0,165.495
97,176.0,170.355
2738,178.0,178.0
2031,160.0,167.315
3465,187.0,176.75
802,168.0,178.875
4019,158.0,164.67
4118,187.0,184.13
1607,180.0,177.56
2139,86.0,165.61
17,167.0,167.495
2105,180.0,174.74
3307,167.0,166.56
1010,195.0,181.45
239,166.0,168.54
2033,168.0,172.445
3091,170.0,167.33
3998,186.0,175.09
297,154.0,173.265
513,167.0,169.505
4060,164.0,166.83
473,165.0,167.04
3796,172.0,168.17
2714,183.0,178.17
70,185.0,177.78
2296,178.0,164.88
1881,162.0,170.78
2310,175.0,176.34
3560,169.0,172.89
1210,167.0,167.09
2338,161.0,171.715
2214,170.0,172.67
1142,168.0,165.7
2303,171.0,176.28
3882,176.0,177.87
1777,180.0,173.9
2889,179.0,172.755
503,163.0,163.0
2259,147.0,167.89
1431,180.0,182.69
4041,168.0,169.225
1899,155.0,162.2
271,165.0,171.385
737,166.0,174.44
151,162.0,169.36
1059,168.0,165.53
230,170.0,168.36
1621,167.0,169.09
1226,179.0,171.3
2050,164.0,168.46
2440,159.0,162.04
2042,160.0,166.47
434,173.0,174.61
2492,180.0,175.44
1262,168.0,175.52
2831,160.0,172.87099999999998
14,162.0,174.1
2451,185.0,177.65
3877,173.0,174.4
367,178.0,172.34
1363,174.0,171.5
3607,158.0,171.22
1026,182.0,170.03
2644,158.0,160.89
3629,167.0,173.91
1168,165.0,171.65
1413,170.0,178.75
1424,178.0,174.315
2408,175.0,179.13
3238,183.0,178.4
1617,178.0,178.88
1823,170.0,165.75
2234,170.0,176.37
467,176.0,178.21
1961,173.0,170.99
1178,168.0,173.015
3198,178.0,180.565
3199,176.0,165.405
1045,176.0,172.18
1886,166.0,171.605
570,175.0,171.625
299,160.0,167.81
3673,155.0,162.44
1198,163.0,166.96
2486,183.0,172.47
372,172.0,172.7
952,150.0,167.3
2779,180.0,179.855
2877,180.0,173.455
316,184.0,173.87
133,165.0,157.74
1576,160.0,163.31
724,159.0,175.296
1033,170.0,172.263
2878,162.0,160.16
2983,174.0,168.01
646,160.0,167.02
2352,162.0,168.51
3496,170.0,175.31
3258,169.0,173.23
2526,154.0,167.2
2894,165.0,172.085
2496,176.0,171.01
2706,170.0,172.89
807,170.0,170.32
2473,176.0,174.85
2780,186.0,183.275
2374,168.0,163.57
2467,144.0,159.94
1048,167.0,166.91
4112,178.0,182.34
1072,178.0,179.76
3284,182.0,171.19
3994,165.0,167.75
2466,170.0,165.61
3826,147.0,146.42
1666,150.0,169.44
3240,160.0,170.27
4109,193.0,179.44
2235,180.0,166.92
2669,157.0,154.47
941,172.0,179.44
32,175.0,165.51
2328,166.0,177.19
1337,175.0,180.08599999999998
3250,181.0,186.63
1981,165.0,156.17
2298,168.0,164.76
2282,166.0,170.0
2606,172.0,176.65
2290,162.0,162.71
3695,167.0,166.575
2583,178.0,174.22
1622,163.0,163.65
994,169.0,163.255
4110,171.0,173.53
822,160.0,162.58
1398,158.0,168.76
310,169.0,172.729
3270,186.0,172.62
331,165.0,162.53
1036,164.0,172.74
686,180.0,176.91
536,186.0,174.43
1879,154.0,162.005
1213,183.0,177.83
1792,165.0,178.685
2615,163.0,172.04
1552,167.0,164.835
2735,185.0,179.55
2115,183.0,176.2
4044,174.0,175.99
3175,169.0,165.02
3111,163.0,165.465
1306,154.0,161.125
3913,177.0,178.89
3191,158.0,163.57
1634,170.0,163.77
1874,168.0,164.445
4010,181.0,181.51
1139,163.0,166.4
3187,185.0,171.22
794,170.0,163.97
1521,156.0,164.73
709,187.0,180.75
2489,164.0,173.19
1882,179.0,177.47
2639,160.0,170.035
1852,159.0,161.41
1593,186.0,176.9
598,170.0,171.23
45,150.0,170.58
4026,162.0,171.75
2746,174.0,167.43
3738,180.0,174.845
43,161.0,173.35
602,180.0,172.99
1219,181.0,169.31
1270,156.0,163.5
2923,175.0,163.5
2822,164.0,176.79
492,160.0,164.99
4117,175.0,166.33
404,159.0,158.56
252,176.0,177.67
2429,176.0,170.97
3375,183.0,178.05
1228,180.0,179.24
1369,160.0,169.785
680,170.0,173.12
2437,168.0,177.292
1558,163.0,173.21
4137,146.0,158.61
2238,176.0,181.53
2671,182.0,180.18
3766,152.0,163.11
3606,175.0,182.38
3892,157.0,156.52
3365,170.0,173.09
3230,165.0,174.26
869,185.0,179.31
3154,166.0,172.81
2252,170.0,178.035
553,170.0,175.615
2991,159.0,160.63
1329,178.0,176.64
3723,155.0,159.26
2162,156.0,159.68
3466,189.0,174.28
3140,182.0,174.58
2961,189.0,184.98
2250,167.0,166.355
1239,180.0,179.35
4086,159.0,170.63
2480,165.0,165.015
1926,175.0,175.87
1056,170.0,169.265
1540,174.0,176.17
1590,171.0,161.69
94,175.0,181.51
1343,163.0,158.12
3825,189.0,179.82
2465,180.0,178.22
23,171.0,171.26
1455,169.0,169.22
2750,178.0,174.34
2825,177.0,170.9
684,161.0,159.46
2886,158.0,168.72
175,168.0,169.7
1701,176.0,171.04
3810,159.0,181.21
1005,165.0,171.08
2143,172.0,165.93
1801,136.0,166.375
3071,147.0,161.93
2531,179.0,173.25799999999998
3890,177.0,173.4
3702,165.0,168.02
566,186.0,168.21
1819,172.0,174.298
2460,178.0,175.79
100,174.0,170.06
410,163.0,169.635
3370,168.0,162.17
1630,178.0,169.36
659,183.0,180.94
806,160.0,167.15
121,171.0,177.73
3678,165.0,181.64
1880,175.0,178.22
157,176.0,177.65
1400,163.0,167.36
496,191.0,174.36599999999999
3625,153.0,162.8
306,180.0,179.37
2202,160.0,167.03
2507,165.0,163.455
1924,164.0,169.81
1195,165.0,175.735
3963,183.0,185.95
2257,168.0,170.43
907,168.0,174.29
241,161.0,162.53
3761,180.0,177.01
789,183.0,166.85
1917,160.0,164.82
901,165.0,168.774
3651,189.0,165.835
1955,185.0,167.145
2415,181.0,172.94
694,169.0,174.015
2633,169.0,177.19
1648,165.0,174.89
463,175.0,175.97
2431,162.0,163.635
1180,168.0,163.43
914,169.0,169.35
1427,165.0,175.29
459,166.0,167.505
3679,145.0,162.07
2542,186.0,185.22
2922,175.0,169.59
178,160.0,160.535
2125,179.0,168.04
1399,183.0,180.66
3999,175.0,182.77
51,175.0,165.65
833,164.0,165.07
1840,170.0,177.35
74,175.0,185.05
1114,190.0,175.39
2698,187.0,169.21
3837,176.0,174.73
2786,151.0,165.71
1132,161.0,155.2
2843,162.0,164.97
911,156.0,166.53
1495,168.0,175.05
3562,165.0,170.21
2367,180.0,183.07
1162,164.0,170.86
3921,185.5,174.39
158,175.0,173.365
1267,156.0,170.64
2829,174.0,167.165
1543,160.0,165.19
52,174.0,172.49
1380,165.0,171.46
221,176.0,170.955
2023,181.0,185.72
26,160.0,170.085
1709,205.0,184.07
3131,189.0,184.74
885,168.0,165.995
215,172.0,171.55
4034,171.0,167.875
2146,174.0,181.46
861,170.0,171.57
2180,159.0,170.29
1902,165.0,164.38
3276,182.0,171.41
322,185.0,176.88
1098,170.0,165.37
1746,175.0,171.675
3414,169.0,161.685
1560,166.0,166.37
600,167.0,170.82
4088,169.0,166.275
3295,183.0,177.42
145,178.0,168.54
1625,191.0,179.93
3501,183.0,171.15
1682,156.0,172.95
3857,165.0,168.81
1268,159.0,168.25
3021,160.0,165.99
44,170.0,176.65
2773,176.0,172.963
897,167.0,173.25
3023,180.0,169.69
1559,175.0,158.06
4077,180.0,174.035
2258,168.0,171.895
355,175.0,176.87
3260,154.0,164.99
3286,180.0,179.19
3809,165.0,179.3
1051,167.0,168.34
3576,170.0,167.41
603,172.0,162.84
3441,175.0,177.56
3243,168.0,170.24
3945,166.0,180.07
546,174.0,179.795
3610,170.0,174.12
3007,161.0,156.65
3668,153.0,158.24
540,158.0,167.46
257,179.0,169.345
3349,180.0,176.97
2186,154.0,160.39
1595,180.0,172.17
968,186.0,179.95
3532,173.0,171.41
1867,182.0,185.9
814,170.0,171.635
3802,195.0,176.76
2694,175.0,170.32
3220,172.0,166.08
735,180.0,176.6
2404,160.0,169.85
3522,176.0,184.9
292,176.0,172.14
2538,160.0,168.09
1739,172.0,170.28
135,178.0,182.785
1046,172.0,155.96
1953,163.0,169.924
2850,167.0,173.31
2642,150.0,167.88
264,181.0,178.39
1405,162.0,165.58
2337,182.0,169.54
3569,170.0,172.54
4025,179.0,173.26
868,176.0,177.46099999999998
56,169.0,170.105
3700,178.0,177.16
529,161.0,172.1
3502,177.0,182.89
3739,170.0,171.1
3707,167.0,170.905
798,179.0,172.799
2311,179.0,172.65
465,168.0,163.23
866,162.0,172.97
755,170.0,172.99
2024,182.0,177.49
3089,153.0,161.71
395,150.0,162.92
2448,173.0,175.785
1565,174.0,178.49
171,173.0,179.38
1279,157.0,160.16
2278,157.0,173.71
4113,158.0,174.54
3489,176.0,171.3
3735,178.0,177.15
3867,165.0,169.49
1677,172.0,168.95
189,163.0,167.01
2709,175.0,171.2
12,178.0,169.34
3533,156.0,166.86
3292,186.0,174.52
323,164.0,168.62
892,183.0,164.855
2965,172.0,167.055
3650,178.0,178.925
1192,185.0,175.7
352,97.0,171.99
2959,174.0,167.625
1179,159.0,162.73
507,171.0,167.52
4075,171.0,174.715
3577,194.0,179.36
1725,166.0,177.015
1945,159.0,159.165
1418,192.0,185.32
3224,158.0,162.755
3084,179.0,164.88
3235,165.0,165.05
2297,154.0,166.14
2677,182.0,173.33
3763,177.0,172.195
2601,172.0,175.83
1227,174.0,171.14
4111,170.0,164.48
2386,168.0,164.6
1003,182.5,166.43
1958,178.0,172.58
228,166.0,167.47
1623,196.0,179.49
3373,186.0,179.48
3101,180.0,170.29
3644,179.0,170.94
184,179.0,177.64
2301,164.0,170.864
2392,170.0,178.4
488,171.0,165.37
4076,162.0,165.48
1960,166.0,162.3
140,159.0,166.69
267,165.0,173.27
2289,165.0,169.73
3346,174.0,175.86
64,173.0,177.79
1077,162.0,173.225
1747,175.0,175.97
3281,170.0,170.61
4050,168.0,168.76
1679,169.0,170.08
1108,175.0,182.48
3774,150.0,167.0
3768,175.0,169.85
1724,170.0,176.38
1991,161.0,165.77
2867,159.0,174.04
3242,177.0,168.71
3239,173.0,179.54
973,158.0,167.54
280,167.0,170.28
3223,158.0,168.125
1436,181.0,168.08
359,165.0,173.12
2947,174.0,184.28
300,163.0,163.67
813,169.0,166.375
1110,182.0,167.9
2953,184.0,180.543
1373,153.0,167.81
2689,169.0,170.43
579,161.0,166.36
417,151.0,161.35
1305,170.0,173.105
1972,152.0,165.69
1763,181.0,182.395
2081,172.0,169.99699999999996
2593,178.0,178.12
1481,154.0,169.14
2769,186.0,171.646
1164,161.0,165.95
3136,168.0,161.78
3780,161.0,167.19
1345,171.0,171.54
1327,168.0,175.45
3323,162.0,166.79
1970,173.0,176.26
58,158.0,165.595
77,160.0,169.445
369,186.0,177.403
3633,171.0,166.395
1474,174.0,171.1
2140,185.0,171.06
3990,176.0,169.095
2420,169.0,172.74
750,164.0,164.53
1341,184.0,181.25599999999997
3582,178.0,169.045
919,175.0,170.315
916,160.0,172.03599999999997
3515,176.0,164.85
125,167.0,175.12
1100,164.0,178.65
2018,156.0,163.12
1698,159.0,161.72
2356,160.0,168.875
2204,158.0,164.24
431,160.0,168.925
3648,176.0,181.56
3391,180.0,179.065
3378,200.0,178.82
4022,170.0,165.625
1681,155.0,169.91
2497,162.0,164.39
2908,175.0,168.27
435,167.0,168.53
389,162.0,167.39
30,156.0,169.925
1060,159.0,165.13
204,182.0,178.15
1181,169.0,180.57
4018,163.0,158.4
2121,170.0,169.06
847,188.0,177.10799999999995
1234,163.0,157.94
2359,170.0,170.12
2781,174.0,178.12
480,158.0,165.64
4101,188.0,183.26
674,193.0,180.98
445,156.0,167.66
3549,181.0,177.35
3811,178.0,170.445
820,171.0,181.77
193,179.0,179.4
569,165.0,172.72
1344,172.0,165.75
3094,170.0,163.2
6,160.0,180.55
441,167.0,169.14
290,177.0,169.1
780,160.0,164.075
2935,190.0,171.05
3683,183.0,168.97
3565,172.0,174.825
3649,175.0,162.85
1420,154.0,164.86
3417,174.0,169.59
1850,183.0,175.08
697,164.0,164.71
2573,176.0,173.31
3062,183.0,180.36
195,161.0,162.98
452,185.0,183.13
1797,176.0,172.535
1194,171.0,167.835
29,190.0,171.765
4124,186.0,180.43
893,182.0,177.18
1848,174.0,161.82
3210,178.0,170.4
1118,168.0,172.2
2678,169.0,178.06
3086,173.0,174.86
875,185.0,174.86
1920,160.0,171.49
3854,167.0,164.22
2468,186.0,179.31
2167,167.0,165.92
3103,166.0,177.97
223,163.0,167.26
738,166.0,178.955
765,168.0,165.82
576,182.0,172.37
1791,183.0,175.16
3525,169.0,164.305
1658,192.0,187.51
1357,180.0,174.433
1799,167.0,166.055
2345,163.0,162.15
81,164.0,167.53
258,154.0,172.1
296,188.0,179.57
4017,175.0,171.86
1065,162.0,166.615
816,155.0,163.495
3511,167.0,164.295
1169,185.0,184.68
3116,172.0,166.36
1600,153.0,160.47
3928,172.0,167.39
2026,191.0,184.13
3581,176.0,165.56
3964,177.0,171.89
2980,179.0,170.96
2840,154.0,171.57
936,173.0,173.78
1986,168.0,164.48
1022,156.0,159.555
1285,178.0,182.5
3389,153.0,172.03
3729,176.0,165.44
658,183.0,182.735
1409,157.0,163.48
883,195.0,170.91
3392,166.0,171.47
3554,175.0,168.67
413,163.0,166.57
980,165.0,157.95
3797,186.0,170.94
3906,185.0,180.34
1545,172.0,167.825
3296,186.0,170.7
1322,164.0,177.02
835,180.0,176.14
661,172.0,173.32
1811,180.0,182.0
768,180.0,171.354
2688,168.0,159.85
2030,165.0,167.46
3321,198.0,185.36
821,176.0,165.265
153,178.0,175.78
1428,160.0,161.22
3624,167.0,163.945
1176,182.0,173.93
103,174.0,171.58
759,168.0,170.435
3397,183.0,178.27
240,181.0,174.98
1872,165.0,172.67
3765,178.0,175.84
109,181.0,176.23
3377,154.0,166.18
1756,170.0,176.45
3374,171.0,167.155
1248,166.0,166.85
1579,176.0,168.56
3403,160.0,175.8
2241,161.0,160.61
2375,180.0,178.59
3382,181.0,175.06
2502,175.0,173.55
333,155.0,162.95
2904,172.0,160.24
846,166.0,168.78
3339,155.0,164.73
1490,157.0,170.42
3420,170.0,169.01
3968,177.0,174.14
2027,152.0,163.41
3973,158.0,167.485
1949,160.0,169.01
3992,158.0,160.8
2174,188.0,176.43
1120,173.0,182.69
3031,176.0,171.51
1573,156.0,162.7
2410,193.0,177.58
1999,185.0,184.17
3531,175.0,175.99
1206,165.0,158.33
2249,163.0,167.495
3601,160.0,168.04
2156,171.0,182.04
556,170.0,168.295
2184,161.0,174.89
1099,168.0,176.08
1815,165.0,170.46
2579,188.0,180.38
1948,169.0,167.85
3340,179.0,170.4
2753,165.0,166.54
1979,166.0,169.24
3887,176.0,165.97
3344,170.0,174.99
2989,178.0,166.675
1288,184.0,179.24
756,169.0,168.59
2663,180.0,167.89
3115,173.0,166.36
3621,183.0,170.645
2890,186.0,177.23
1932,164.0,163.16
4037,175.0,167.41
1461,168.0,174.56
3704,174.0,166.95
3045,164.0,171.169
733,181.0,172.81
811,174.0,172.44
3361,158.0,171.14
4127,185.0,179.06
725,180.0,179.463
3848,175.0,174.165
1557,163.0,164.38
1657,170.0,171.05
1451,171.0,172.635
1834,160.0,164.145
2730,170.0,178.2
1669,164.0,165.73
347,150.0,157.48
1265,179.0,166.83
2736,176.0,181.23
4021,185.0,186.25
2414,162.0,170.755
3422,179.0,167.27
815,166.0,166.38
2461,156.0,168.32
1975,170.0,165.64
2362,168.0,172.005
3004,186.0,172.25199999999998
1295,175.0,174.85
179,176.0,173.88
4119,170.0,170.82
3948,176.0,177.2
791,168.0,163.21
2798,185.0,182.63
2721,175.0,173.545
1443,168.0,168.26
3912,177.0,180.93
1965,180.0,176.05
25,165.0,169.56
2406,173.0,174.24
3915,194.0,181.45
3705,178.0,177.15
174,170.0,176.19
2157,176.0,174.855
3186,174.0,177.74
332,163.0,169.92
2321,158.0,163.68
432,160.0,166.76
3750,182.0,181.27
2112,160.0,163.64
2790,162.0,166.605
