,y_test,prediction
953,174.0,176.359864705091
3178,159.0,169.8298023549791
2088,163.0,164.9527568246359
1216,174.0,171.46777352856043
2562,164.0,169.38750481472263
722,185.0,173.44362391755735
1117,168.0,175.62465984399458
3583,157.0,167.7689328869738
212,178.0,174.6645933400365
3541,173.0,177.64452332974605
197,163.0,170.23325800988383
2903,163.0,169.7397250152768
185,165.0,163.5550948073122
873,180.0,174.47501531108753
3657,168.0,172.49617742910888
3217,180.0,180.0121636786698
71,185.0,180.00947138662593
1068,180.0,181.58770579421366
309,182.0,183.34846196321348
1996,176.0,181.4612277601662
167,180.0,171.75477235569238
412,186.0,178.4754517609956
1599,170.0,173.85181877236198
315,155.0,158.0219492869863
1088,174.0,172.05649129937618
1628,170.0,170.56057233272696
1539,156.0,165.0211061640895
3125,185.0,170.92371049006877
982,181.0,169.10900783401016
1759,182.0,172.66541534954334
2887,168.0,172.15486833035007
1075,164.0,168.0255408443702
3672,187.0,177.43664260319923
1944,159.0,161.15677520336203
3409,170.0,170.66906494549238
3883,164.0,168.25775869684418
1870,171.0,174.75186071068794
1516,172.0,174.49077209288765
2673,153.0,166.3165615626224
3639,173.0,183.20438579901875
1328,185.0,177.50233139010444
557,172.0,167.424645134529
669,164.0,164.84991395693459
1468,169.0,169.4806787508602
1351,53.0,156.938126254138
180,180.0,176.1799381845849
1696,166.0,168.96895834625218
4120,174.0,178.28867904727588
416,175.0,184.0575181916173
2240,180.0,171.82485977852014
842,164.0,161.65791619545564
326,180.0,172.19044067572946
440,165.0,166.04772029181936
1504,176.0,170.03192996643116
3937,169.0,163.51549965565317
1487,176.0,184.5126097955112
2193,170.0,166.04532682307334
1038,160.0,169.43523994441415
1061,166.0,180.55544054385823
497,175.0,179.98597504475518
2999,184.0,176.34048753269582
206,176.0,163.30558969660672
1753,179.0,172.28726271331453
748,163.0,167.8407627842194
1645,185.0,180.81900092504003
2761,173.0,171.12033325063067
3686,159.0,164.92101366515965
3398,173.0,167.4512110921836
8,167.0,169.9823558144872
2664,182.0,177.3063319442335
2126,179.0,178.13474853714962
2874,180.0,176.9246782851243
3309,186.0,176.51300540279502
150,180.0,189.3323190007508
110,163.0,181.82673427932662
3184,179.0,177.2849282308926
319,171.0,176.5383855668399
33,180.0,175.09952668047418
2152,168.0,166.82792994542095
3110,165.0,169.30660495240977
609,162.0,167.93544471816773
97,176.0,171.20518139671714
2738,178.0,181.33698615831088
2031,160.0,167.8242193283088
3465,187.0,180.55243098308677
802,168.0,175.55728892557934
4019,158.0,164.09200941085865
4118,187.0,181.38209444552507
1607,180.0,177.00514662181504
2139,86.0,158.89162815106
17,167.0,165.38639929524592
2105,180.0,174.09785073549332
3307,167.0,164.7978698922361
1010,195.0,183.28671672187522
239,166.0,170.32474276043405
2033,168.0,171.58284780382456
3091,170.0,172.226130101389
3998,186.0,177.53165817962775
297,154.0,167.51866836992812
513,167.0,167.58385089253954
4060,164.0,166.61210350251667
473,165.0,165.4674817844803
3796,172.0,166.67440386123494
2714,183.0,179.05124291040602
70,185.0,179.92127893468006
2296,178.0,164.4908829472725
1881,162.0,170.7803503425834
2310,175.0,174.08480001206212
3560,169.0,181.2206508327272
1210,167.0,167.44459837148668
2338,161.0,167.31188359696904
2214,170.0,172.23564500789425
1142,168.0,167.37496199148336
2303,171.0,179.88161392331585
3882,176.0,178.7785081123184
1777,180.0,176.90760265544517
2889,179.0,169.03170796537006
503,163.0,164.01279465563053
2259,147.0,165.3145710293531
1431,180.0,176.19986824633668
4041,168.0,169.55710488282807
1899,155.0,156.89913105278882
271,165.0,176.79668631422163
737,166.0,172.0019357486909
151,162.0,168.58364881052105
1059,168.0,164.72504306237772
230,170.0,171.74680467180391
1621,167.0,168.5563737421682
1226,179.0,168.48744307268245
2050,164.0,167.04405313885945
2440,159.0,163.82365406709403
2042,160.0,166.97909251440973
434,173.0,176.1861509400349
2492,180.0,171.85003466986285
1262,168.0,173.78949726485146
2831,160.0,170.7280015357162
14,162.0,169.0499472655379
2451,185.0,178.68437028154995
3877,173.0,173.3706890623533
367,178.0,177.29026232845436
1363,174.0,182.9115948720913
3607,158.0,172.75811796604756
1026,182.0,173.01835439433125
2644,158.0,157.418253052391
3629,167.0,172.66673265434457
1168,165.0,170.53448703912625
1413,170.0,176.54479887256764
1424,178.0,175.2788571942088
2408,175.0,178.10324677314634
3238,183.0,177.35541353267053
1617,178.0,195.3737308081629
1823,170.0,165.77423821586675
2234,170.0,172.24813481792444
467,176.0,180.63590256234366
1961,173.0,169.02570732882506
1178,168.0,169.11989092004865
3198,178.0,174.78830546917683
3199,176.0,168.78458603885872
1045,176.0,166.87261634503773
1886,166.0,170.57111895995203
570,175.0,171.84035326268165
299,160.0,165.09719096255512
3673,155.0,161.0327984370035
1198,163.0,163.81605865606684
2486,183.0,179.42102211937444
372,172.0,175.77656186234972
952,150.0,162.875659396966
2779,180.0,181.13825412998742
2877,180.0,173.45134498466302
316,184.0,174.73168745222932
133,165.0,164.60835321002867
1576,160.0,164.19757360716994
724,159.0,173.04787369891278
1033,170.0,175.78052803947293
2878,162.0,162.2463952160552
2983,174.0,171.55679290712106
646,160.0,165.60597265574074
2352,162.0,166.86578445028965
3496,170.0,171.2137715185169
3258,169.0,178.01401398998664
2526,154.0,164.69091398373772
2894,165.0,169.97237874219155
2496,176.0,171.99834292955376
2706,170.0,170.54515828224808
807,170.0,168.60239703919018
2473,176.0,173.412541090424
2780,186.0,181.59683050599784
2374,168.0,162.53305952026585
2467,144.0,159.2649569879938
1048,167.0,165.64759849321936
4112,178.0,180.01557580662094
1072,178.0,176.85641168844757
3284,182.0,172.75921480080117
3994,165.0,163.78614897893914
2466,170.0,176.30305371090824
3826,147.0,147.3153259288773
1666,150.0,168.73662315569044
3240,160.0,167.44440222481023
4109,193.0,178.4141873778819
2235,180.0,168.28156156215118
2669,157.0,160.9908711461378
941,172.0,179.2852740614939
32,175.0,166.77606152419835
2328,166.0,174.41162491926792
1337,175.0,181.94274701633765
3250,181.0,188.1597517172195
1981,165.0,161.19449750461806
2298,168.0,160.3746371647864
2282,166.0,171.77078929687116
2606,172.0,178.1120757666724
2290,162.0,163.7094440132026
3695,167.0,170.28682376489326
2583,178.0,173.41688811955916
1622,163.0,163.74792678696198
994,169.0,168.4418158415134
4110,171.0,171.93955411825036
822,160.0,162.43769553957915
1398,158.0,166.11811960721496
310,169.0,169.91322130944192
3270,186.0,176.51190819821295
331,165.0,164.6285024130321
1036,164.0,172.82133348120806
686,180.0,187.17837982567949
536,186.0,176.12712297905168
1879,154.0,163.65291463098484
1213,183.0,181.22397551207104
1792,165.0,185.6281744931136
2615,163.0,174.86165626614036
1552,167.0,162.5551763741571
2735,185.0,179.36722522617362
2115,183.0,178.55397895885005
4044,174.0,174.72824878516718
3175,169.0,164.70876764192406
3111,163.0,165.30317078141707
1306,154.0,163.6847903335447
3913,177.0,176.88700466976596
3191,158.0,164.78169707584186
1634,170.0,162.02725221401533
1874,168.0,163.85248586553587
4010,181.0,178.9484182344928
1139,163.0,167.95639500483267
3187,185.0,170.8498548471315
794,170.0,165.4741306075815
1521,156.0,166.84777755493278
709,187.0,178.97711274006681
2489,164.0,169.5333679687817
1882,179.0,181.60773107495555
2639,160.0,167.91481185500788
1852,159.0,159.33020962425357
1593,186.0,176.93435678577072
598,170.0,170.66841057112813
45,150.0,166.47619446952453
4026,162.0,169.68015898535361
2746,174.0,168.27319555280917
3738,180.0,176.23695361352657
43,161.0,170.85664432438477
602,180.0,172.69614564188527
1219,181.0,171.96791763099898
1270,156.0,159.0707760329175
2923,175.0,172.2758611031036
2822,164.0,175.00709515946048
492,160.0,167.50966575504776
4117,175.0,166.63599158435548
404,159.0,159.99385066423594
252,176.0,177.2979277709247
2429,176.0,172.2779800412008
3375,183.0,182.1436097508562
1228,180.0,176.38149820244064
1369,160.0,165.45969553269157
680,170.0,172.66870323893562
2437,168.0,173.31794611222608
1558,163.0,172.03650545729238
4137,146.0,154.94727708312342
2238,176.0,176.67241245550485
2671,182.0,181.6704853663814
3766,152.0,162.0219500305815
3606,175.0,182.63982941904598
3892,157.0,158.5078110180724
3365,170.0,170.97380312451986
3230,165.0,172.5333291253535
869,185.0,181.27326347665226
3154,166.0,169.3528181015469
2252,170.0,177.78064595114768
553,170.0,178.7009575289253
2991,159.0,160.0398972194144
1329,178.0,176.3797056243002
3723,155.0,162.80593535379302
2162,156.0,160.27694234784556
3466,189.0,172.19598826636647
3140,182.0,177.26966989862342
2961,189.0,183.79898711074765
2250,167.0,169.8669593490683
1239,180.0,175.6703790458031
4086,159.0,169.0970167796227
2480,165.0,167.31783455891753
1926,175.0,170.6715138165311
1056,170.0,156.19370605092456
1540,174.0,175.57624353802208
1590,171.0,166.31773840953127
94,175.0,189.2780806928684
1343,163.0,160.82692985177925
3825,189.0,181.56672535186618
2465,180.0,185.80109547225172
23,171.0,170.8807639720139
1455,169.0,171.96976844254428
2750,178.0,175.63737454802512
2825,177.0,168.62684810115613
684,161.0,158.18798090935806
2886,158.0,168.52834843706307
175,168.0,172.5456005298954
1701,176.0,170.79648207713768
3810,159.0,179.1679332734114
1005,165.0,168.29353463163068
2143,172.0,169.40344814514486
1801,136.0,161.49595143490387
3071,147.0,159.6519882842156
2531,179.0,175.60690498949847
3890,177.0,177.85318779576983
3702,165.0,168.14240289456228
566,186.0,175.16793179418764
1819,172.0,177.44413565145962
2460,178.0,177.8422735730602
100,174.0,169.77770413140533
410,163.0,173.1947781643145
3370,168.0,164.7247844113504
1630,178.0,171.80255232712037
659,183.0,180.50873673871166
806,160.0,166.5805364287403
121,171.0,182.11865663603635
3678,165.0,178.10443341271508
1880,175.0,176.76814220828433
157,176.0,174.0173525208794
1400,163.0,165.13864664867913
496,191.0,174.10178551129235
3625,153.0,161.80008890103485
306,180.0,178.91028639192174
2202,160.0,164.3354258345022
2507,165.0,164.8784234121323
1924,164.0,167.95116581564065
1195,165.0,177.22439011692484
3963,183.0,185.39735359833662
2257,168.0,171.4209649107549
907,168.0,169.95110499009658
241,161.0,163.5811822740701
3761,180.0,175.44475390161153
789,183.0,168.20343365053498
1917,160.0,163.73830114229094
901,165.0,168.38181828253275
3651,189.0,172.20369670190794
1955,185.0,168.7657160302337
2415,181.0,177.52458818332326
694,169.0,173.5289553549381
2633,169.0,177.89333114020997
1648,165.0,175.36291507465796
463,175.0,162.51331275463752
2431,162.0,164.2030540421885
1180,168.0,165.39888017862592
914,169.0,168.1559440274123
1427,165.0,180.54357032234304
459,166.0,170.3601740917664
3679,145.0,160.95965531860935
2542,186.0,185.12306878307328
2922,175.0,171.33062938063287
178,160.0,161.00006340668205
2125,179.0,175.55850448232667
1399,183.0,192.98145646325517
3999,175.0,181.19950856821376
51,175.0,169.3328409840757
833,164.0,166.76771043465266
1840,170.0,174.10085852658082
74,175.0,188.58607718631035
1114,190.0,175.06564098938244
2698,187.0,169.4204572404451
3837,176.0,172.7989386823014
2786,151.0,162.04888646573573
1132,161.0,127.53055459786059
2843,162.0,164.27369405441445
911,156.0,163.54241056837196
1495,168.0,173.51047688321685
3562,165.0,167.72723765407227
2367,180.0,180.5555515466341
1162,164.0,167.5199109510734
3921,185.5,176.83294245731787
158,175.0,172.45602660916737
1267,156.0,166.50969975442413
2829,174.0,166.21585458437931
1543,160.0,161.40934111548947
52,174.0,175.69798053186122
1380,165.0,171.90998291062348
221,176.0,171.4905874651977
2023,181.0,180.810611744046
26,160.0,167.89384237949827
1709,205.0,194.39555427399623
3131,189.0,181.18892516470933
885,168.0,166.17072825162356
215,172.0,172.36374151925634
4034,171.0,164.27135439905516
2146,174.0,176.82603406772816
861,170.0,170.83725313070948
2180,159.0,170.82362297842053
1902,165.0,166.2156614578504
3276,182.0,171.10965707637024
322,185.0,178.49722540616656
1098,170.0,165.33919905541185
1746,175.0,172.0333665460892
3414,169.0,164.74136484155517
1560,166.0,163.20569125639796
600,167.0,170.4364136311242
4088,169.0,165.66484497989535
3295,183.0,178.30779056728875
145,178.0,169.8922966271192
1625,191.0,182.282993621663
3501,183.0,172.8947412633306
1682,156.0,167.89936011850267
3857,165.0,170.7334834449308
1268,159.0,166.52577187573408
3021,160.0,165.88122048474048
44,170.0,173.37461831409308
2773,176.0,173.2964381435363
897,167.0,175.72497226988867
3023,180.0,169.76663473894632
1559,175.0,164.48448066746775
4077,180.0,173.82176609771352
2258,168.0,171.58772528343957
355,175.0,178.44115836205452
3260,154.0,163.7685412276484
3286,180.0,176.42788166961415
3809,165.0,175.8314374321705
1051,167.0,163.98576436388834
3576,170.0,168.35694295513116
603,172.0,166.5291810904994
3441,175.0,177.38767388510905
3243,168.0,171.72046715050288
3945,166.0,178.44649460323552
546,174.0,178.05054249687373
3610,170.0,172.80229863187571
3007,161.0,155.81189541498208
3668,153.0,156.9926579062211
540,158.0,168.2945594513838
257,179.0,171.0060006273523
3349,180.0,177.52812863877614
2186,154.0,159.17341031283706
1595,180.0,175.45022388158856
968,186.0,175.6058478242331
3532,173.0,171.68786893587384
1867,182.0,185.03007392584198
814,170.0,173.09560470400726
3802,195.0,178.02435519165135
2694,175.0,167.33301032117652
3220,172.0,167.37349790757523
735,180.0,177.196862797066
2404,160.0,168.17076478953555
3522,176.0,181.25158669675704
292,176.0,171.5159308134019
2538,160.0,166.7766716229991
1739,172.0,170.22891875888013
135,178.0,186.9300022953176
1046,172.0,161.44576528836393
1953,163.0,171.81792325386505
2850,167.0,170.1726372479563
2642,150.0,165.2918285918165
264,181.0,179.83567980398732
1405,162.0,164.8996491908354
2337,182.0,174.3751631731633
3569,170.0,170.76843098022226
4025,179.0,175.82284903401438
868,176.0,178.46524263108518
56,169.0,174.52518370817066
3700,178.0,176.66794522361755
529,161.0,166.26439275775954
3502,177.0,179.01758517646124
3739,170.0,169.1547572628644
3707,167.0,171.94924479257242
798,179.0,173.30786558247772
2311,179.0,169.8694569353696
465,168.0,164.73207717930876
866,162.0,170.85867580023128
755,170.0,170.97904130918272
2024,182.0,179.35049984556167
3089,153.0,151.65294865228583
395,150.0,163.6396643588226
2448,173.0,172.2545643130445
1565,174.0,209.37136612485733
171,173.0,193.78354171451343
1279,157.0,148.7252562602054
2278,157.0,171.645644914412
4113,158.0,175.2432781161117
3489,176.0,172.16819061084618
3735,178.0,176.09212931605975
3867,165.0,168.21115598261582
1677,172.0,171.6742061619613
189,163.0,168.34880352028986
2709,175.0,170.81188665228441
12,178.0,167.18007792260354
3533,156.0,164.32282274464686
3292,186.0,188.35314514461103
323,164.0,159.6901859575382
892,183.0,168.78966912321334
2965,172.0,166.8752415887472
3650,178.0,177.811870759103
1192,185.0,169.12098920661748
352,97.0,170.40699302098437
2959,174.0,168.97676802719928
1179,159.0,162.643542099223
507,171.0,165.55715670252783
4075,171.0,173.50714119482834
3577,194.0,179.5952976882504
1725,166.0,174.7414839721363
1945,159.0,161.19151284146116
1418,192.0,185.6943006257611
3224,158.0,162.01600277780489
3084,179.0,170.24785613455748
3235,165.0,162.25763667964213
2297,154.0,165.79907549265135
2677,182.0,173.07480944135494
3763,177.0,171.354375387344
2601,172.0,175.97899122954541
1227,174.0,170.33349741051148
4111,170.0,166.61240842951207
2386,168.0,164.02370477257847
1003,182.5,171.1763178567669
1958,178.0,171.8426306247245
228,166.0,167.19107021963833
1623,196.0,184.1200405877081
3373,186.0,176.43758464304088
3101,180.0,171.11778488468045
3644,179.0,171.1239278865308
184,179.0,179.21124072399104
2301,164.0,170.2694712609163
2392,170.0,177.37348459697404
488,171.0,168.8988418749413
4076,162.0,165.66462536756336
1960,166.0,168.556488632278
140,159.0,162.81021099185725
267,165.0,170.0524191233026
2289,165.0,168.49056644042923
3346,174.0,175.6543284580556
64,173.0,175.20852480877926
1077,162.0,169.27761133355435
1747,175.0,174.71429529177496
3281,170.0,169.17260554349068
4050,168.0,170.47478214863483
1679,169.0,167.29137991224684
1108,175.0,179.80145281878657
3774,150.0,165.59624699621813
3768,175.0,179.359800750099
1724,170.0,175.6731134090237
1991,161.0,168.0445735751801
2867,159.0,172.32083197533456
3242,177.0,164.674262998467
3239,173.0,175.1843209055869
973,158.0,165.21138666031874
280,167.0,173.15638668637885
3223,158.0,168.49038447550308
1436,181.0,172.2349521590665
359,165.0,169.82834876896803
2947,174.0,181.6170198595947
300,163.0,161.99935078271497
813,169.0,167.11705402207335
1110,182.0,170.47349731526526
2953,184.0,180.53170071001452
1373,153.0,166.55077655892003
2689,169.0,169.96846696815487
579,161.0,168.60852891851422
417,151.0,160.6959797299064
1305,170.0,170.46070281144733
1972,152.0,154.44538549658807
1763,181.0,180.74175869604196
2081,172.0,172.37833170469952
2593,178.0,174.72511547421584
1481,154.0,170.69903934520005
2769,186.0,175.33487329155724
1164,161.0,162.7633996733024
3136,168.0,162.93525781267158
3780,161.0,166.57010354179025
1345,171.0,171.2098225644095
1327,168.0,172.20158976746035
3323,162.0,166.89718723274683
1970,173.0,173.59449283989318
58,158.0,162.99521605246835
77,160.0,167.7564560981685
369,186.0,185.78766589696602
3633,171.0,168.0596465052459
1474,174.0,170.04617938271218
2140,185.0,174.8254827726929
3990,176.0,170.36931733501552
2420,169.0,170.2724242477845
750,164.0,164.76010208976754
1341,184.0,180.7593166678057
3582,178.0,166.14766774760614
919,175.0,168.64392925927166
916,160.0,167.01290219537984
3515,176.0,166.96277184335582
125,167.0,176.6145852996517
1100,164.0,188.9154945314566
2018,156.0,163.78434564396736
1698,159.0,162.5677413465078
2356,160.0,167.2603199673906
2204,158.0,163.66760715247577
431,160.0,167.83414674380396
3648,176.0,182.7044178328457
3391,180.0,176.17556459316577
3378,200.0,192.5380482520835
4022,170.0,165.89645676704885
1681,155.0,167.64512204974372
2497,162.0,161.9713887075705
2908,175.0,168.8635752188018
435,167.0,169.17490223383442
389,162.0,166.810781673506
30,156.0,167.4686143219936
1060,159.0,169.54899142902454
204,182.0,179.59664109012024
1181,169.0,175.80322495066912
4018,163.0,161.26480144222583
2121,170.0,169.6497920219418
847,188.0,175.50602050989522
1234,163.0,164.49030485875159
2359,170.0,171.8821727911888
2781,174.0,175.19935118405257
480,158.0,166.3486032402893
4101,188.0,178.60421910281138
674,193.0,183.5755647640574
445,156.0,163.0952847065591
3549,181.0,173.57565521661633
3811,178.0,168.73263352425568
820,171.0,178.40597718577902
193,179.0,176.92419209572705
569,165.0,172.30707916819432
1344,172.0,169.23054363943203
3094,170.0,167.07546762663827
6,160.0,176.78711829656055
441,167.0,172.545179569335
290,177.0,172.14815835318086
780,160.0,164.3885644978341
2935,190.0,177.78774738338853
3683,183.0,167.5349210038579
3565,172.0,175.90672602452736
3649,175.0,161.92876978348968
1420,154.0,161.79553198314565
3417,174.0,169.66518675983554
1850,183.0,173.80115976042487
697,164.0,165.1795020895727
2573,176.0,174.37985512606906
3062,183.0,177.16929578712117
195,161.0,162.48094129595952
452,185.0,177.40767458491456
1797,176.0,174.22848221084843
1194,171.0,166.34976835317246
29,190.0,175.75588240141565
4124,186.0,181.2502653799387
893,182.0,181.43013703085447
1848,174.0,167.24187821701094
3210,178.0,172.7827547858251
1118,168.0,172.81119812242773
2678,169.0,176.35372765772348
3086,173.0,169.92106151764392
875,185.0,177.73371796833658
1920,160.0,171.9147451805739
3854,167.0,165.46032365084582
2468,186.0,182.76911771563022
2167,167.0,167.35273776509206
3103,166.0,175.40031202382593
223,163.0,164.57047213194568
738,166.0,174.90443688717284
765,168.0,167.16346906929058
576,182.0,183.12951871827437
1791,183.0,175.40378931180155
3525,169.0,162.9950991924979
1658,192.0,189.15619809049844
1357,180.0,174.47008197833438
1799,167.0,168.95112484782317
2345,163.0,164.39576408264176
81,164.0,165.75538882897627
258,154.0,171.53902496187055
296,188.0,178.01130795110078
4017,175.0,170.30529589187182
1065,162.0,167.49598477072155
816,155.0,160.64373404935395
3511,167.0,165.424918552095
1169,185.0,179.21271045280236
3116,172.0,165.35894996775173
1600,153.0,156.62482496266415
3928,172.0,171.50803087211415
2026,191.0,184.06988056626255
3581,176.0,166.66873019522188
3964,177.0,169.81204487412987
2980,179.0,172.79295838464432
2840,154.0,165.5691413601293
936,173.0,173.7070943514854
1986,168.0,167.7400374383165
1022,156.0,161.53274718762856
1285,178.0,177.7730276432869
3389,153.0,167.9531126307449
3729,176.0,167.87926803461716
658,183.0,181.24424461000388
1409,157.0,154.94095321650738
883,195.0,172.15148478137615
3392,166.0,170.16838205254342
3554,175.0,174.74464355845367
413,163.0,165.76910685254012
980,165.0,156.92615038250113
3797,186.0,173.15301506775552
3906,185.0,177.98161233614883
1545,172.0,169.95713421341446
3296,186.0,171.9072649164811
1322,164.0,172.17089019069962
835,180.0,175.96183237835595
661,172.0,168.4282750465357
1811,180.0,184.05828931577986
768,180.0,174.30133122633242
2688,168.0,165.24000847802176
2030,165.0,165.95814027748398
3321,198.0,184.2529399224776
821,176.0,166.5347207635037
153,178.0,175.9858678278827
1428,160.0,161.75016949920914
3624,167.0,164.8339979662179
1176,182.0,179.5619108003085
103,174.0,178.26747486012295
759,168.0,170.00019217668574
3397,183.0,181.20304812046518
240,181.0,172.71551283230446
1872,165.0,171.14650275587348
3765,178.0,175.07625211604835
109,181.0,178.82479464837218
3377,154.0,160.91967701796153
1756,170.0,175.51891403389192
3374,171.0,166.00412450949017
1248,166.0,166.71883627860754
1579,176.0,170.19966802562016
3403,160.0,176.3219246093554
2241,161.0,161.79177581321005
2375,180.0,178.6009148634004
3382,181.0,173.8174632670203
2502,175.0,174.69830489442916
333,155.0,158.86065612228188
2904,172.0,164.4371149451708
846,166.0,168.26415372916665
3339,155.0,161.78133534296478
1490,157.0,170.34664814697163
3420,170.0,166.16294644238934
3968,177.0,171.9756922739869
2027,152.0,163.29365009368632
3973,158.0,162.99058509273786
1949,160.0,166.3483555186606
3992,158.0,162.46990994122567
2174,188.0,176.77815629350448
1120,173.0,184.12580732956326
3031,176.0,167.2657734220212
1573,156.0,162.39886753909272
2410,193.0,177.3720213340654
1999,185.0,183.09922813607216
3531,175.0,175.30692709255402
1206,165.0,162.07145863678352
2249,163.0,166.76384578320193
3601,160.0,168.40496097449477
2156,171.0,179.49507316819881
556,170.0,172.59376509767148
2184,161.0,171.44301676863049
1099,168.0,171.94520193937265
1815,165.0,170.12459292384332
2579,188.0,180.52539139171924
1948,169.0,170.16280431958074
3340,179.0,176.97771207909898
2753,165.0,165.12352674506997
1979,166.0,167.4122452195145
3887,176.0,169.50845105144413
3344,170.0,174.23851632319648
2989,178.0,169.98366096592818
1288,184.0,179.31346886915696
756,169.0,166.6259797666179
2663,180.0,170.70269542553743
3115,173.0,168.13876578796152
3621,183.0,172.20988359825472
2890,186.0,181.3255999164761
1932,164.0,162.74475879252256
4037,175.0,168.82007242954234
1461,168.0,172.10883467884798
3704,174.0,168.612770496397
3045,164.0,190.38112167756677
733,181.0,173.0149281797592
811,174.0,169.2140940183995
3361,158.0,168.61042446014991
4127,185.0,179.3409249309804
725,180.0,179.82660970987405
3848,175.0,175.02708876636498
1557,163.0,164.27784606281236
1657,170.0,168.7014748110378
1451,171.0,172.02078375701925
1834,160.0,163.53562716633354
2730,170.0,180.61040284280537
1669,164.0,163.2823261663008
347,150.0,160.2732287243325
1265,179.0,170.47505286435995
2736,176.0,176.0427650344744
4021,185.0,187.6797907303665
2414,162.0,169.9809263916011
3422,179.0,170.68673957946638
815,166.0,164.03679476637893
2461,156.0,166.23524021177016
1975,170.0,166.12977546565463
2362,168.0,168.51498455824395
3004,186.0,172.8235142842948
1295,175.0,174.48135933406414
179,176.0,179.5284721926364
4119,170.0,158.87188053205654
3948,176.0,176.0155854316347
791,168.0,165.11020543229716
2798,185.0,184.19586288055174
2721,175.0,171.0271909833919
1443,168.0,165.8860434972912
3912,177.0,176.6794023222759
1965,180.0,176.26888700083362
25,165.0,169.38041529335987
2406,173.0,172.5770349013921
3915,194.0,183.79216487991172
3705,178.0,177.24347431123323
174,170.0,172.17286851833194
2157,176.0,173.43933018703103
3186,174.0,175.49984318836124
332,163.0,165.86077353914044
2321,158.0,164.31690738883205
432,160.0,164.47317640595844
3750,182.0,181.1356139947961
2112,160.0,161.9626500813683
2790,162.0,164.79784157389096
