,y_test,prediction
953,174.0,174.2
3178,159.0,159.85
2088,163.0,164.19
1216,174.0,173.85
2562,164.0,164.5
722,185.0,183.87
1117,168.0,168.45
3583,157.0,158.6
212,178.0,178.24
3541,173.0,174.15
197,163.0,162.84
2903,163.0,163.185
185,165.0,164.63
873,180.0,179.41400000000002
3657,168.0,167.11
3217,180.0,179.59
71,185.0,184.17
1068,180.0,179.29
309,182.0,182.19
1996,176.0,176.14
167,180.0,179.515
412,186.0,186.4
1599,170.0,169.57
315,155.0,155.82
1088,174.0,174.31
1628,170.0,170.01
1539,156.0,158.08
3125,185.0,182.89
982,181.0,180.1
1759,182.0,181.4
2887,168.0,167.85
1075,164.0,164.115
3672,187.0,187.35
1944,159.0,160.21
3409,170.0,170.09
3883,164.0,164.56
1870,171.0,172.335
1516,172.0,172.71
2673,153.0,154.815
3639,173.0,175.39
1328,185.0,180.23
557,172.0,171.755
669,164.0,165.22
1468,169.0,168.96
1351,53.0,143.25
180,180.0,178.37
1696,166.0,166.12
4120,174.0,167.546
416,175.0,173.37
2240,180.0,179.48
842,164.0,163.77
326,180.0,179.28199999999998
440,165.0,165.0
1504,176.0,175.65
3937,169.0,167.82
1487,176.0,177.49
2193,170.0,170.39
1038,160.0,160.5
1061,166.0,169.73
497,175.0,175.38
2999,184.0,183.44
206,176.0,170.13
1753,179.0,178.28400000000002
748,163.0,163.21
1645,185.0,184.345
2761,173.0,172.774
3686,159.0,160.7
3398,173.0,173.71
8,167.0,167.21
2664,182.0,181.91
2126,179.0,179.05
2874,180.0,179.89
3309,186.0,184.47
150,180.0,180.16
110,163.0,166.47
3184,179.0,179.15
319,171.0,174.11
33,180.0,179.768
2152,168.0,168.55
3110,165.0,163.85
609,162.0,162.72
97,176.0,176.58
2738,178.0,177.43
2031,160.0,160.87
3465,187.0,185.92
802,168.0,168.965
4019,158.0,157.28
4118,187.0,185.46
1607,180.0,180.16
2139,86.0,146.38
17,167.0,167.39
2105,180.0,179.61
3307,167.0,165.88
1010,195.0,189.61
239,166.0,165.985
2033,168.0,167.67
3091,170.0,169.18
3998,186.0,180.32
297,154.0,155.77
513,167.0,167.16
4060,164.0,163.84
473,165.0,165.53
3796,172.0,172.18
2714,183.0,182.53
70,185.0,182.27
2296,178.0,172.94
1881,162.0,165.645
2310,175.0,175.45
3560,169.0,169.47
1210,167.0,167.5
2338,161.0,161.75
2214,170.0,169.98
1142,168.0,168.62
2303,171.0,168.59
3882,176.0,176.3
1777,180.0,179.62
2889,179.0,178.39
503,163.0,162.78
2259,147.0,153.11
1431,180.0,180.815
4041,168.0,168.45
1899,155.0,155.21
271,165.0,164.99
737,166.0,166.1
151,162.0,162.27
1059,168.0,168.065
230,170.0,170.175
1621,167.0,167.56
1226,179.0,178.7
2050,164.0,163.7
2440,159.0,159.26
2042,160.0,161.145
434,173.0,172.7
2492,180.0,179.14
1262,168.0,168.3
2831,160.0,161.255
14,162.0,163.2
2451,185.0,184.55
3877,173.0,173.08
367,178.0,177.78
1363,174.0,174.14
3607,158.0,160.22
1026,182.0,181.22
2644,158.0,158.42
3629,167.0,167.1
1168,165.0,164.92
1413,170.0,170.89
1424,178.0,178.2
2408,175.0,174.85
3238,183.0,182.72
1617,178.0,178.15
1823,170.0,169.5
2234,170.0,170.24
467,176.0,176.23
1961,173.0,173.57
1178,168.0,167.55
3198,178.0,178.36
3199,176.0,175.08
1045,176.0,174.235
1886,166.0,166.45
570,175.0,175.04
299,160.0,160.15
3673,155.0,158.56
1198,163.0,163.82
2486,183.0,182.19
372,172.0,171.45
952,150.0,154.4
2779,180.0,180.2
2877,180.0,180.21
316,184.0,183.22
133,165.0,164.68
1576,160.0,161.93
724,159.0,157.81
1033,170.0,169.71
2878,162.0,161.75
2983,174.0,174.39
646,160.0,161.41
2352,162.0,162.7
3496,170.0,170.59
3258,169.0,168.13
2526,154.0,155.69
2894,165.0,164.3
2496,176.0,176.115
2706,170.0,169.99
807,170.0,169.66
2473,176.0,176.00400000000002
2780,186.0,185.48
2374,168.0,166.54
2467,144.0,151.12
1048,167.0,166.855
4112,178.0,178.37
1072,178.0,177.74
3284,182.0,181.42
3994,165.0,164.755
2466,170.0,170.78
3826,147.0,159.24
1666,150.0,158.82
3240,160.0,160.45
4109,193.0,189.75
2235,180.0,173.24
2669,157.0,159.53
941,172.0,172.84
32,175.0,176.09
2328,166.0,166.05
1337,175.0,175.94
3250,181.0,182.39
1981,165.0,164.77
2298,168.0,165.97
2282,166.0,165.6
2606,172.0,174.09
2290,162.0,162.37
3695,167.0,167.26
2583,178.0,177.908
1622,163.0,163.46
994,169.0,169.85
4110,171.0,171.27
822,160.0,160.04
1398,158.0,159.74
310,169.0,173.515
3270,186.0,185.09
331,165.0,164.0
1036,164.0,163.95
686,180.0,180.03
536,186.0,186.05
1879,154.0,154.74
1213,183.0,183.36
1792,165.0,173.266
2615,163.0,162.72
1552,167.0,163.81
2735,185.0,185.18
2115,183.0,182.64
4044,174.0,174.27
3175,169.0,168.15
3111,163.0,164.02
1306,154.0,155.55
3913,177.0,176.75
3191,158.0,158.99
1634,170.0,167.93
1874,168.0,166.445
4010,181.0,181.33
1139,163.0,163.44
3187,185.0,185.14
794,170.0,170.015
1521,156.0,157.19
709,187.0,186.87
2489,164.0,163.775
1882,179.0,179.52
2639,160.0,159.775
1852,159.0,158.51
1593,186.0,185.69
598,170.0,170.11
45,150.0,156.25
4026,162.0,162.045
2746,174.0,174.07
3738,180.0,179.61
43,161.0,161.025
602,180.0,179.64
1219,181.0,180.49
1270,156.0,159.21
2923,175.0,175.28
2822,164.0,164.54
492,160.0,161.27
4117,175.0,174.175
404,159.0,160.15
252,176.0,176.35
2429,176.0,175.88
3375,183.0,182.98
1228,180.0,179.68
1369,160.0,159.3
680,170.0,169.95
2437,168.0,167.19299999999998
1558,163.0,162.8
4137,146.0,153.3
2238,176.0,176.23
2671,182.0,182.06
3766,152.0,154.25
3606,175.0,174.2
3892,157.0,158.03
3365,170.0,171.695
3230,165.0,166.99
869,185.0,185.04
3154,166.0,165.73
2252,170.0,171.59
553,170.0,170.22
2991,159.0,159.295
1329,178.0,178.73
3723,155.0,156.44
2162,156.0,158.24
3466,189.0,184.32
3140,182.0,181.69
2961,189.0,187.07
2250,167.0,166.37
1239,180.0,179.93
4086,159.0,160.51
2480,165.0,165.89
1926,175.0,175.2
1056,170.0,169.72
1540,174.0,174.42
1590,171.0,168.72
94,175.0,175.68
1343,163.0,161.48
3825,189.0,186.36
2465,180.0,179.59
23,171.0,171.52
1455,169.0,168.59
2750,178.0,177.7
2825,177.0,176.82
684,161.0,160.055
2886,158.0,159.26
175,168.0,168.21
1701,176.0,176.17
3810,159.0,164.963
1005,165.0,165.62
2143,172.0,171.21
1801,136.0,150.0
3071,147.0,151.385
2531,179.0,178.984
3890,177.0,178.58
3702,165.0,165.52
566,186.0,184.37
1819,172.0,171.2
2460,178.0,178.7
100,174.0,174.155
410,163.0,162.61
3370,168.0,167.09
1630,178.0,178.359
659,183.0,183.14
806,160.0,159.73
121,171.0,174.47
3678,165.0,166.813
1880,175.0,176.485
157,176.0,176.57
1400,163.0,163.35
496,191.0,189.0
3625,153.0,154.765
306,180.0,181.46
2202,160.0,160.425
2507,165.0,165.37
1924,164.0,163.94
1195,165.0,166.91
3963,183.0,181.44
2257,168.0,168.18
907,168.0,168.435
241,161.0,160.67
3761,180.0,180.64
789,183.0,174.74
1917,160.0,160.925
901,165.0,165.03
3651,189.0,181.29
1955,185.0,182.53
2415,181.0,180.68
694,169.0,165.51
2633,169.0,169.13
1648,165.0,166.64
463,175.0,175.27
2431,162.0,162.5
1180,168.0,166.61
914,169.0,168.805
1427,165.0,164.8
459,166.0,166.185
3679,145.0,152.045
2542,186.0,186.08
2922,175.0,175.27
178,160.0,160.14
2125,179.0,179.42
1399,183.0,178.38
3999,175.0,176.02
51,175.0,174.745
833,164.0,164.88
1840,170.0,170.5
74,175.0,177.44
1114,190.0,189.29
2698,187.0,181.765
3837,176.0,176.61
2786,151.0,154.44
1132,161.0,159.84
2843,162.0,161.89
911,156.0,159.855
1495,168.0,168.285
3562,165.0,165.0
2367,180.0,180.22
1162,164.0,164.26
3921,185.5,182.87900000000002
158,175.0,176.05
1267,156.0,156.23
2829,174.0,173.71
1543,160.0,161.125
52,174.0,175.14
1380,165.0,167.57
221,176.0,175.93900000000002
2023,181.0,181.3
26,160.0,160.85
1709,205.0,191.44
3131,189.0,188.31
885,168.0,168.22
215,172.0,171.3
4034,171.0,170.52
2146,174.0,174.23
861,170.0,170.26
2180,159.0,162.68
1902,165.0,165.62
3276,182.0,180.79
322,185.0,184.73
1098,170.0,170.13
1746,175.0,174.74
3414,169.0,169.215
1560,166.0,165.66
600,167.0,167.545
4088,169.0,168.495
3295,183.0,182.58
145,178.0,177.95
1625,191.0,187.94
3501,183.0,182.23
1682,156.0,158.57
3857,165.0,165.15
1268,159.0,159.365
3021,160.0,160.42
44,170.0,171.61
2773,176.0,175.82
897,167.0,168.28
3023,180.0,179.095
1559,175.0,169.19
4077,180.0,180.455
2258,168.0,168.095
355,175.0,175.69
3260,154.0,155.13
3286,180.0,179.88
3809,165.0,165.84
1051,167.0,166.37
3576,170.0,170.205
603,172.0,171.25
3441,175.0,175.18
3243,168.0,168.57
3945,166.0,168.67
546,174.0,173.97
3610,170.0,170.27
3007,161.0,159.865
3668,153.0,159.87
540,158.0,158.63
257,179.0,178.14
3349,180.0,172.2
2186,154.0,155.81
1595,180.0,180.0
968,186.0,184.99900000000002
3532,173.0,173.2
1867,182.0,182.96
814,170.0,170.65
3802,195.0,189.65
2694,175.0,173.92
3220,172.0,171.14
735,180.0,180.37
2404,160.0,159.425
3522,176.0,175.67
292,176.0,174.74400000000003
2538,160.0,160.305
1739,172.0,171.67
135,178.0,176.91
1046,172.0,161.57
1953,163.0,163.94
2850,167.0,167.22
2642,150.0,152.61
264,181.0,181.35
1405,162.0,161.78
2337,182.0,181.465
3569,170.0,170.16
4025,179.0,179.07199999999997
868,176.0,176.35
56,169.0,169.2
3700,178.0,177.82
529,161.0,160.81
3502,177.0,177.51
3739,170.0,170.24
3707,167.0,167.18
798,179.0,178.55
2311,179.0,179.13
465,168.0,167.07
866,162.0,161.92
755,170.0,169.215
2024,182.0,182.085
3089,153.0,154.82
395,150.0,152.795
2448,173.0,173.82
1565,174.0,176.8
171,173.0,174.12
1279,157.0,157.82
2278,157.0,161.73
4113,158.0,162.203
3489,176.0,175.9
3735,178.0,178.95
3867,165.0,165.04
1677,172.0,168.7
189,163.0,163.15
2709,175.0,174.79
12,178.0,175.75
3533,156.0,156.025
3292,186.0,185.66
323,164.0,162.11
892,183.0,174.67
2965,172.0,171.695
3650,178.0,179.23
1192,185.0,185.37400000000002
352,97.0,141.82
2959,174.0,173.24
1179,159.0,159.84
507,171.0,170.98
4075,171.0,171.37
3577,194.0,188.84
1725,166.0,169.02
1945,159.0,158.86
1418,192.0,188.13
3224,158.0,158.34
3084,179.0,178.69
3235,165.0,163.84
2297,154.0,156.26
2677,182.0,181.65
3763,177.0,176.72
2601,172.0,173.16
1227,174.0,173.7
4111,170.0,169.8
2386,168.0,167.61
1003,182.5,180.03
1958,178.0,177.36
228,166.0,166.275
1623,196.0,189.41
3373,186.0,185.4
3101,180.0,178.1
3644,179.0,178.655
184,179.0,179.42
2301,164.0,163.74
2392,170.0,169.88
488,171.0,170.21
4076,162.0,162.12
1960,166.0,165.865
140,159.0,159.56
267,165.0,165.76
2289,165.0,165.875
3346,174.0,174.69
64,173.0,173.64
1077,162.0,162.87
1747,175.0,174.695
3281,170.0,170.23
4050,168.0,168.055
1679,169.0,169.32
1108,175.0,175.61
3774,150.0,152.08
3768,175.0,174.51
1724,170.0,169.66
1991,161.0,160.84
2867,159.0,158.45
3242,177.0,165.94
3239,173.0,173.31
973,158.0,158.36
280,167.0,167.04
3223,158.0,160.74
1436,181.0,180.64
359,165.0,165.1
2947,174.0,174.9
300,163.0,162.76
813,169.0,168.065
1110,182.0,181.7
2953,184.0,182.3
1373,153.0,156.33
2689,169.0,170.32
579,161.0,162.1
417,151.0,154.915
1305,170.0,170.13
1972,152.0,152.525
1763,181.0,180.2
2081,172.0,171.905
2593,178.0,179.07
1481,154.0,161.58
2769,186.0,185.44
1164,161.0,160.815
3136,168.0,166.2
3780,161.0,160.83
1345,171.0,170.41
1327,168.0,168.285
3323,162.0,162.045
1970,173.0,173.825
58,158.0,158.725
77,160.0,160.34
369,186.0,182.64
3633,171.0,171.01
1474,174.0,174.09
2140,185.0,185.91
3990,176.0,175.97
2420,169.0,169.285
750,164.0,164.58
1341,184.0,175.49599999999998
3582,178.0,176.915
919,175.0,175.29
916,160.0,162.71
3515,176.0,175.05
125,167.0,166.77900000000002
1100,164.0,167.43
2018,156.0,156.78
1698,159.0,161.89
2356,160.0,160.65
2204,158.0,157.86
431,160.0,160.75
3648,176.0,176.34
3391,180.0,179.945
3378,200.0,189.42
4022,170.0,169.86
1681,155.0,155.98
2497,162.0,160.91
2908,175.0,174.15
435,167.0,167.06
389,162.0,162.06
30,156.0,156.915
1060,159.0,159.78
204,182.0,181.75
1181,169.0,169.83
4018,163.0,161.74
2121,170.0,171.34
847,188.0,187.21
1234,163.0,162.26
2359,170.0,169.35
2781,174.0,174.795
480,158.0,158.595
4101,188.0,185.9
674,193.0,191.11
445,156.0,155.825
3549,181.0,180.71
3811,178.0,177.68
820,171.0,171.94
193,179.0,179.01
569,165.0,163.93
1344,172.0,172.615
3094,170.0,170.04
6,160.0,163.04
441,167.0,167.16
290,177.0,177.26
780,160.0,159.74
2935,190.0,187.31
3683,183.0,177.31
3565,172.0,172.4
3649,175.0,174.87
1420,154.0,157.71
3417,174.0,175.135
1850,183.0,182.79
697,164.0,163.48
2573,176.0,175.915
3062,183.0,182.58
195,161.0,160.58
452,185.0,184.22
1797,176.0,175.75
1194,171.0,170.595
29,190.0,187.92
4124,186.0,185.64
893,182.0,179.8
1848,174.0,174.77
3210,178.0,178.95
1118,168.0,167.6
2678,169.0,169.67
3086,173.0,173.1
875,185.0,184.82
1920,160.0,163.13
3854,167.0,166.31
2468,186.0,184.76
2167,167.0,167.54
3103,166.0,167.8
223,163.0,162.98
738,166.0,166.3
765,168.0,168.505
576,182.0,180.81
1791,183.0,182.615
3525,169.0,165.19
1658,192.0,188.51
1357,180.0,179.85
1799,167.0,166.53
2345,163.0,160.67
81,164.0,164.25
258,154.0,159.38
296,188.0,187.12
4017,175.0,175.14
1065,162.0,161.68
816,155.0,155.675
3511,167.0,166.51
1169,185.0,185.55
3116,172.0,169.93
1600,153.0,155.47
3928,172.0,171.06
2026,191.0,186.53
3581,176.0,177.28
3964,177.0,176.95
2980,179.0,178.31
2840,154.0,155.9
936,173.0,173.09
1986,168.0,167.645
1022,156.0,157.565
1285,178.0,178.01
3389,153.0,155.89
3729,176.0,174.45
658,183.0,183.85
1409,157.0,158.37
883,195.0,187.56
3392,166.0,166.07
3554,175.0,175.76
413,163.0,163.46
980,165.0,163.89
3797,186.0,185.64
3906,185.0,185.425
1545,172.0,171.6
3296,186.0,185.45
1322,164.0,165.175
835,180.0,180.22
661,172.0,172.32
1811,180.0,178.29
768,180.0,177.243
2688,168.0,166.6
2030,165.0,165.4
3321,198.0,188.575
821,176.0,173.32
153,178.0,178.23
1428,160.0,159.8
3624,167.0,167.21
1176,182.0,181.57
103,174.0,174.48
759,168.0,166.86
3397,183.0,182.76
240,181.0,180.41
1872,165.0,165.31
3765,178.0,177.51
109,181.0,181.9
3377,154.0,159.31
1756,170.0,171.1
3374,171.0,170.83
1248,166.0,165.73
1579,176.0,175.6
3403,160.0,164.3
2241,161.0,160.715
2375,180.0,180.55
3382,181.0,180.43
2502,175.0,174.92
333,155.0,157.62
2904,172.0,168.08
846,166.0,166.0
3339,155.0,157.3
1490,157.0,157.67
3420,170.0,169.31
3968,177.0,176.44
2027,152.0,155.38
3973,158.0,159.215
1949,160.0,159.87
3992,158.0,157.765
2174,188.0,187.04
1120,173.0,177.31
3031,176.0,177.365
1573,156.0,156.58
2410,193.0,190.5
1999,185.0,184.77
3531,175.0,172.583
1206,165.0,164.32
2249,163.0,162.895
3601,160.0,160.22
2156,171.0,171.52
556,170.0,165.953
2184,161.0,163.89
1099,168.0,168.44
1815,165.0,165.41
2579,188.0,187.35
1948,169.0,167.905
3340,179.0,176.14
2753,165.0,164.84
1979,166.0,166.615
3887,176.0,173.865
3344,170.0,170.98
2989,178.0,177.6
1288,184.0,183.26
756,169.0,169.315
2663,180.0,179.49
3115,173.0,172.285
3621,183.0,182.56
2890,186.0,184.49
1932,164.0,163.49
4037,175.0,173.845
1461,168.0,168.08
3704,174.0,174.57
3045,164.0,163.31
733,181.0,180.67
811,174.0,173.82
3361,158.0,159.7
4127,185.0,185.07
725,180.0,179.75
3848,175.0,175.1
1557,163.0,163.015
1657,170.0,170.19
1451,171.0,171.62
1834,160.0,159.5
2730,170.0,173.653
1669,164.0,164.47
347,150.0,158.92
1265,179.0,179.6
2736,176.0,176.75
4021,185.0,182.13
2414,162.0,161.12
3422,179.0,177.99
815,166.0,165.47
2461,156.0,156.63
1975,170.0,169.265
2362,168.0,168.795
3004,186.0,182.13
1295,175.0,175.845
179,176.0,175.27
4119,170.0,169.035
3948,176.0,176.665
791,168.0,167.44
2798,185.0,184.27
2721,175.0,174.67
1443,168.0,167.89
3912,177.0,177.77
1965,180.0,179.54
25,165.0,165.18
2406,173.0,173.49
3915,194.0,191.06
3705,178.0,178.72
174,170.0,170.91
2157,176.0,175.39
3186,174.0,175.02
332,163.0,163.18
2321,158.0,159.55
432,160.0,161.015
3750,182.0,181.58
2112,160.0,161.52
2790,162.0,161.67
