,y_test,prediction
953,174.0,174.36
3178,159.0,159.38
2088,163.0,163.17
1216,174.0,173.92
2562,164.0,165.01
722,185.0,184.17
1117,168.0,168.76
3583,157.0,159.98
212,178.0,178.01
3541,173.0,173.24
197,163.0,161.85
2903,163.0,163.62
185,165.0,165.15
873,180.0,179.875
3657,168.0,167.35
3217,180.0,174.96
71,185.0,185.65
1068,180.0,178.84
309,182.0,182.38
1996,176.0,176.92
167,180.0,180.1
412,186.0,186.19
1599,170.0,170.09
315,155.0,155.13
1088,174.0,174.14
1628,170.0,169.99
1539,156.0,157.27
3125,185.0,182.245
982,181.0,180.83
1759,182.0,180.78
2887,168.0,167.84
1075,164.0,164.22
3672,187.0,186.74
1944,159.0,159.24
3409,170.0,170.045
3883,164.0,164.83
1870,171.0,171.59
1516,172.0,172.25
2673,153.0,153.965
3639,173.0,175.08
1328,185.0,183.17
557,172.0,172.34
669,164.0,163.78
1468,169.0,169.01
1351,53.0,134.16
180,180.0,178.28
1696,166.0,166.565
4120,174.0,169.71
416,175.0,174.09
2240,180.0,180.23
842,164.0,163.81
326,180.0,179.53
440,165.0,165.32
1504,176.0,175.67
3937,169.0,168.955
1487,176.0,175.36
2193,170.0,170.22
1038,160.0,160.635
1061,166.0,170.47299999999998
497,175.0,176.32
2999,184.0,184.19
206,176.0,165.29
1753,179.0,178.6
748,163.0,162.86
1645,185.0,184.98
2761,173.0,172.89
3686,159.0,160.11
3398,173.0,174.0
8,167.0,166.62
2664,182.0,181.84
2126,179.0,178.87
2874,180.0,179.99
3309,186.0,184.96
150,180.0,180.72
110,163.0,164.3
3184,179.0,179.1
319,171.0,172.91
33,180.0,180.05
2152,168.0,167.79
3110,165.0,163.9
609,162.0,162.31
97,176.0,176.11
2738,178.0,177.11
2031,160.0,160.57
3465,187.0,186.52
802,168.0,169.84
4019,158.0,158.18
4118,187.0,186.32
1607,180.0,180.19
2139,86.0,126.53
17,167.0,167.75
2105,180.0,179.7
3307,167.0,165.1
1010,195.0,191.37
239,166.0,165.93
2033,168.0,167.793
3091,170.0,170.0
3998,186.0,177.83
297,154.0,155.89
513,167.0,167.82
4060,164.0,164.5
473,165.0,164.95
3796,172.0,171.92
2714,183.0,182.19
70,185.0,183.32
2296,178.0,176.06
1881,162.0,165.21
2310,175.0,175.11
3560,169.0,169.03
1210,167.0,167.36
2338,161.0,160.46
2214,170.0,170.405
1142,168.0,168.365
2303,171.0,170.919
3882,176.0,175.98
1777,180.0,179.96
2889,179.0,178.795
503,163.0,163.25
2259,147.0,150.79
1431,180.0,179.845
4041,168.0,167.09
1899,155.0,155.77
271,165.0,164.62
737,166.0,166.21
151,162.0,161.61
1059,168.0,167.14
230,170.0,169.8
1621,167.0,166.58
1226,179.0,177.85
2050,164.0,164.455
2440,159.0,158.68
2042,160.0,159.615
434,173.0,172.85
2492,180.0,177.83
1262,168.0,168.87
2831,160.0,160.705
14,162.0,162.73
2451,185.0,185.77
3877,173.0,172.94
367,178.0,178.47
1363,174.0,173.95
3607,158.0,160.18
1026,182.0,181.45
2644,158.0,158.91
3629,167.0,167.03
1168,165.0,165.425
1413,170.0,170.22
1424,178.0,177.99199999999996
2408,175.0,175.63
3238,183.0,182.98
1617,178.0,178.71
1823,170.0,169.81
2234,170.0,171.175
467,176.0,176.83
1961,173.0,173.2
1178,168.0,167.92
3198,178.0,178.335
3199,176.0,175.96
1045,176.0,175.11
1886,166.0,165.27
570,175.0,175.05
299,160.0,159.03
3673,155.0,155.94
1198,163.0,163.495
2486,183.0,182.6
372,172.0,171.65
952,150.0,153.92
2779,180.0,181.1
2877,180.0,180.61
316,184.0,183.36
133,165.0,164.61
1576,160.0,163.7
724,159.0,159.65
1033,170.0,169.2
2878,162.0,162.3
2983,174.0,174.265
646,160.0,160.14
2352,162.0,162.72
3496,170.0,170.57
3258,169.0,167.486
2526,154.0,155.75
2894,165.0,164.87
2496,176.0,175.92
2706,170.0,170.23
807,170.0,169.96
2473,176.0,176.43
2780,186.0,185.88
2374,168.0,167.67
2467,144.0,149.81
1048,167.0,168.055
4112,178.0,177.77
1072,178.0,178.24
3284,182.0,182.12
3994,165.0,164.89
2466,170.0,170.97
3826,147.0,158.06
1666,150.0,158.73
3240,160.0,160.18
4109,193.0,191.44
2235,180.0,172.7
2669,157.0,157.88
941,172.0,172.99
32,175.0,174.93
2328,166.0,166.83
1337,175.0,174.945
3250,181.0,182.35
1981,165.0,162.33
2298,168.0,168.71
2282,166.0,166.5
2606,172.0,172.77
2290,162.0,161.99
3695,167.0,167.23
2583,178.0,177.753
1622,163.0,162.895
994,169.0,169.06
4110,171.0,171.27
822,160.0,159.91
1398,158.0,158.39
310,169.0,171.7
3270,186.0,185.65
331,165.0,164.65
1036,164.0,163.91
686,180.0,180.15
536,186.0,185.66
1879,154.0,154.115
1213,183.0,183.0
1792,165.0,172.74
2615,163.0,162.82
1552,167.0,162.35
2735,185.0,185.42
2115,183.0,182.45
4044,174.0,173.71
3175,169.0,169.25
3111,163.0,163.0
1306,154.0,154.745
3913,177.0,178.14
3191,158.0,158.13
1634,170.0,170.25
1874,168.0,167.38
4010,181.0,180.76
1139,163.0,162.83
3187,185.0,184.28
794,170.0,170.035
1521,156.0,155.03
709,187.0,187.08
2489,164.0,163.77
1882,179.0,178.64
2639,160.0,160.29
1852,159.0,159.19
1593,186.0,185.92
598,170.0,169.98
45,150.0,155.36
4026,162.0,161.925
2746,174.0,174.73
3738,180.0,179.96
43,161.0,162.685
602,180.0,179.88
1219,181.0,180.59
1270,156.0,158.14
2923,175.0,175.4
2822,164.0,165.72
492,160.0,162.68
4117,175.0,175.0
404,159.0,158.91
252,176.0,176.04
2429,176.0,174.72
3375,183.0,181.54
1228,180.0,179.68
1369,160.0,160.45
680,170.0,170.07
2437,168.0,167.88
1558,163.0,162.85
4137,146.0,150.08
2238,176.0,177.14
2671,182.0,181.5
3766,152.0,152.495
3606,175.0,173.45
3892,157.0,156.49
3365,170.0,170.4
3230,165.0,167.135
869,185.0,184.95
3154,166.0,166.1
2252,170.0,172.31
553,170.0,169.88
2991,159.0,158.97
1329,178.0,178.45
3723,155.0,155.27
2162,156.0,156.74
3466,189.0,186.98
3140,182.0,181.24
2961,189.0,187.84
2250,167.0,166.24
1239,180.0,179.99
4086,159.0,159.87
2480,165.0,165.095
1926,175.0,175.08
1056,170.0,170.03
1540,174.0,174.44
1590,171.0,170.98
94,175.0,174.83
1343,163.0,162.94
3825,189.0,187.61
2465,180.0,179.35
23,171.0,171.2
1455,169.0,168.32
2750,178.0,178.35
2825,177.0,176.915
684,161.0,160.55
2886,158.0,159.12
175,168.0,167.29
1701,176.0,175.305
3810,159.0,165.6
1005,165.0,167.68
2143,172.0,172.41
1801,136.0,149.035
3071,147.0,149.745
2531,179.0,178.75
3890,177.0,178.06
3702,165.0,164.95
566,186.0,184.41
1819,172.0,170.97
2460,178.0,178.69
100,174.0,171.595
410,163.0,163.13
3370,168.0,167.98
1630,178.0,178.394
659,183.0,182.6
806,160.0,160.44
121,171.0,172.79
3678,165.0,167.58
1880,175.0,175.68
157,176.0,176.71
1400,163.0,163.18
496,191.0,189.3
3625,153.0,153.38
306,180.0,179.88
2202,160.0,159.86
2507,165.0,165.455
1924,164.0,164.88
1195,165.0,165.395
3963,183.0,180.78
2257,168.0,168.39
907,168.0,168.72
241,161.0,161.16
3761,180.0,180.2
789,183.0,183.08
1917,160.0,160.81
901,165.0,164.62
3651,189.0,187.64
1955,185.0,184.0
2415,181.0,180.73
694,169.0,168.06
2633,169.0,169.38
1648,165.0,165.16
463,175.0,174.84
2431,162.0,162.18
1180,168.0,167.02
914,169.0,169.375
1427,165.0,164.53
459,166.0,165.42
3679,145.0,150.05
2542,186.0,186.33
2922,175.0,175.37
178,160.0,160.35
2125,179.0,179.07
1399,183.0,179.51
3999,175.0,175.3
51,175.0,175.23
833,164.0,166.42
1840,170.0,171.01
74,175.0,176.07
1114,190.0,189.03
2698,187.0,185.55
3837,176.0,176.945
2786,151.0,153.055
1132,161.0,160.59
2843,162.0,161.81
911,156.0,156.27
1495,168.0,168.27
3562,165.0,165.28
2367,180.0,180.13
1162,164.0,164.24
3921,185.5,184.23
158,175.0,176.065
1267,156.0,155.93
2829,174.0,173.39
1543,160.0,159.64
52,174.0,173.58
1380,165.0,165.61
221,176.0,176.06
2023,181.0,181.72
26,160.0,160.36
1709,205.0,191.77
3131,189.0,188.7
885,168.0,167.63
215,172.0,172.38
4034,171.0,171.16
2146,174.0,172.87
861,170.0,170.15
2180,159.0,161.56
1902,165.0,165.0
3276,182.0,180.97
322,185.0,185.4
1098,170.0,170.38
1746,175.0,175.135
3414,169.0,169.76
1560,166.0,165.28
600,167.0,167.43
4088,169.0,168.295
3295,183.0,181.97
145,178.0,177.87
1625,191.0,188.6
3501,183.0,182.17
1682,156.0,158.79
3857,165.0,165.52
1268,159.0,160.04
3021,160.0,160.19
44,170.0,170.43
2773,176.0,175.84
897,167.0,167.42
3023,180.0,180.0
1559,175.0,175.28
4077,180.0,179.685
2258,168.0,167.765
355,175.0,174.04
3260,154.0,155.44
3286,180.0,179.93
3809,165.0,166.62
1051,167.0,168.3
3576,170.0,169.98
603,172.0,172.48
3441,175.0,174.67
3243,168.0,167.84
3945,166.0,167.95
546,174.0,174.39
3610,170.0,170.08
3007,161.0,160.44
3668,153.0,160.75
540,158.0,158.12
257,179.0,178.72
3349,180.0,174.24
2186,154.0,154.29
1595,180.0,180.01
968,186.0,184.855
3532,173.0,172.63
1867,182.0,182.58
814,170.0,170.06
3802,195.0,190.6
2694,175.0,175.0
3220,172.0,171.75
735,180.0,180.26
2404,160.0,160.19
3522,176.0,177.75
292,176.0,175.785
2538,160.0,160.29
1739,172.0,172.34
135,178.0,178.62
1046,172.0,162.27
1953,163.0,163.62
2850,167.0,167.345
2642,150.0,151.26
264,181.0,181.4
1405,162.0,161.96
2337,182.0,180.48
3569,170.0,170.15
4025,179.0,179.095
868,176.0,176.155
56,169.0,169.21
3700,178.0,177.91
529,161.0,161.48
3502,177.0,177.01
3739,170.0,170.16
3707,167.0,167.55
798,179.0,178.51
2311,179.0,178.69
465,168.0,167.7
866,162.0,162.225
755,170.0,169.26
2024,182.0,181.8
3089,153.0,152.97
395,150.0,151.53
2448,173.0,173.99
1565,174.0,177.27
171,173.0,174.08
1279,157.0,156.58
2278,157.0,160.85
4113,158.0,160.403
3489,176.0,176.35
3735,178.0,178.71
3867,165.0,165.71
1677,172.0,170.0
189,163.0,163.01
2709,175.0,174.45
12,178.0,177.04
3533,156.0,156.5
3292,186.0,186.34
323,164.0,160.62
892,183.0,176.44
2965,172.0,171.78
3650,178.0,178.68
1192,185.0,184.81
352,97.0,178.84
2959,174.0,173.71
1179,159.0,159.41
507,171.0,171.11
4075,171.0,171.6
3577,194.0,188.92
1725,166.0,167.19
1945,159.0,158.78
1418,192.0,188.17
3224,158.0,157.45
3084,179.0,177.8
3235,165.0,164.67
2297,154.0,155.5
2677,182.0,181.25
3763,177.0,176.4
2601,172.0,172.19
1227,174.0,173.49
4111,170.0,169.745
2386,168.0,167.91
1003,182.5,181.35
1958,178.0,178.4
228,166.0,166.44
1623,196.0,190.82
3373,186.0,185.44
3101,180.0,179.86
3644,179.0,178.195
184,179.0,179.69
2301,164.0,164.555
2392,170.0,170.78
488,171.0,171.02
4076,162.0,161.9
1960,166.0,165.25
140,159.0,159.18
267,165.0,165.79
2289,165.0,165.06
3346,174.0,173.29
64,173.0,173.78
1077,162.0,163.04
1747,175.0,175.53
3281,170.0,169.12
4050,168.0,167.865
1679,169.0,169.09
1108,175.0,174.93
3774,150.0,157.37
3768,175.0,175.01
1724,170.0,170.745
1991,161.0,161.325
2867,159.0,159.4
3242,177.0,168.01
3239,173.0,172.6
973,158.0,156.955
280,167.0,167.33
3223,158.0,161.29
1436,181.0,181.23
359,165.0,165.13
2947,174.0,175.13
300,163.0,162.92
813,169.0,169.01
1110,182.0,180.68
2953,184.0,183.55
1373,153.0,155.72
2689,169.0,169.97
579,161.0,161.27
417,151.0,151.59
1305,170.0,169.66
1972,152.0,153.685
1763,181.0,180.82
2081,172.0,172.045
2593,178.0,178.44
1481,154.0,160.18
2769,186.0,185.54
1164,161.0,160.74
3136,168.0,168.26
3780,161.0,160.5
1345,171.0,170.8
1327,168.0,168.15
3323,162.0,162.2
1970,173.0,173.2
58,158.0,158.74
77,160.0,160.07
369,186.0,182.85
3633,171.0,170.69
1474,174.0,174.05
2140,185.0,184.57
3990,176.0,175.68
2420,169.0,169.8
750,164.0,164.44
1341,184.0,178.61
3582,178.0,177.92
919,175.0,175.085
916,160.0,161.24
3515,176.0,175.77
125,167.0,166.99599999999998
1100,164.0,163.53
2018,156.0,156.46
1698,159.0,161.92
2356,160.0,163.59
2204,158.0,158.82
431,160.0,160.6
3648,176.0,176.3
3391,180.0,179.91
3378,200.0,194.32
4022,170.0,169.65
1681,155.0,154.34
2497,162.0,162.85
2908,175.0,177.01
435,167.0,167.41
389,162.0,161.6
30,156.0,157.13
1060,159.0,158.49
204,182.0,181.64
1181,169.0,170.03
4018,163.0,163.03
2121,170.0,170.34
847,188.0,187.56
1234,163.0,163.05
2359,170.0,169.96
2781,174.0,174.125
480,158.0,157.6
4101,188.0,187.01
674,193.0,192.61
445,156.0,156.48
3549,181.0,180.79
3811,178.0,177.64
820,171.0,172.88
193,179.0,179.62
569,165.0,164.17
1344,172.0,171.92
3094,170.0,169.825
6,160.0,163.83
441,167.0,166.17
290,177.0,177.35
780,160.0,160.525
2935,190.0,185.1
3683,183.0,172.91
3565,172.0,171.81
3649,175.0,174.4
1420,154.0,161.39
3417,174.0,174.86
1850,183.0,183.34
697,164.0,164.0
2573,176.0,176.355
3062,183.0,182.0
195,161.0,160.81
452,185.0,185.66
1797,176.0,176.63
1194,171.0,170.01
29,190.0,185.77
4124,186.0,186.3
893,182.0,181.47
1848,174.0,173.81
3210,178.0,177.83
1118,168.0,167.01
2678,169.0,169.72
3086,173.0,173.11
875,185.0,185.32
1920,160.0,161.08
3854,167.0,167.17
2468,186.0,185.99
2167,167.0,166.675
3103,166.0,168.34
223,163.0,162.79
738,166.0,166.36
765,168.0,167.96
576,182.0,182.4
1791,183.0,182.77
3525,169.0,164.69
1658,192.0,188.88
1357,180.0,179.78
1799,167.0,167.2
2345,163.0,163.29
81,164.0,164.27
258,154.0,157.98
296,188.0,187.75
4017,175.0,175.0
1065,162.0,162.02
816,155.0,155.86
3511,167.0,167.11
1169,185.0,185.37
3116,172.0,167.99
1600,153.0,153.78
3928,172.0,172.36
2026,191.0,189.66
3581,176.0,175.7
3964,177.0,174.66
2980,179.0,178.12
2840,154.0,155.1
936,173.0,173.83
1986,168.0,167.89
1022,156.0,155.88
1285,178.0,177.97
3389,153.0,154.92
3729,176.0,174.655
658,183.0,182.65
1409,157.0,157.64
883,195.0,187.61
3392,166.0,166.435
3554,175.0,175.13
413,163.0,162.91
980,165.0,164.75
3797,186.0,185.0
3906,185.0,185.56
1545,172.0,172.18
3296,186.0,185.67
1322,164.0,164.995
835,180.0,180.53
661,172.0,172.1
1811,180.0,179.64
768,180.0,178.27
2688,168.0,167.96
2030,165.0,166.13
3321,198.0,191.12
821,176.0,175.885
153,178.0,177.94
1428,160.0,160.03
3624,167.0,167.3
1176,182.0,181.61
103,174.0,172.44
759,168.0,166.95
3397,183.0,183.16
240,181.0,180.59
1872,165.0,165.18
3765,178.0,177.41
109,181.0,181.015
3377,154.0,159.29
1756,170.0,170.61
3374,171.0,171.18
1248,166.0,166.54
1579,176.0,174.545
3403,160.0,161.77
2241,161.0,161.25
2375,180.0,180.46
3382,181.0,181.06
2502,175.0,174.23
333,155.0,156.23
2904,172.0,171.59
846,166.0,166.39
3339,155.0,156.12
1490,157.0,157.995
3420,170.0,169.4
3968,177.0,175.93
2027,152.0,153.325
3973,158.0,158.74
1949,160.0,159.96
3992,158.0,157.4
2174,188.0,186.66
1120,173.0,174.75
3031,176.0,176.22
1573,156.0,155.895
2410,193.0,190.42
1999,185.0,185.35
3531,175.0,174.66
1206,165.0,164.92
2249,163.0,163.67
3601,160.0,159.07
2156,171.0,169.84
556,170.0,167.98
2184,161.0,164.1
1099,168.0,168.32
1815,165.0,165.3
2579,188.0,187.63
1948,169.0,169.08
3340,179.0,177.49
2753,165.0,164.65
1979,166.0,166.62
3887,176.0,175.95
3344,170.0,170.45
2989,178.0,178.2
1288,184.0,183.62
756,169.0,168.75
2663,180.0,179.87
3115,173.0,172.6
3621,183.0,181.99
2890,186.0,185.37
1932,164.0,163.82
4037,175.0,175.61
1461,168.0,167.85
3704,174.0,174.93
3045,164.0,163.47
733,181.0,181.32
811,174.0,174.62
3361,158.0,159.15
4127,185.0,185.65
725,180.0,180.12
3848,175.0,175.2
1557,163.0,163.31
1657,170.0,169.95
1451,171.0,171.06
1834,160.0,159.85
2730,170.0,174.75
1669,164.0,165.44
347,150.0,151.15
1265,179.0,178.24
2736,176.0,176.06
4021,185.0,183.47
2414,162.0,161.43
3422,179.0,180.73
815,166.0,165.04
2461,156.0,157.98
1975,170.0,169.15
2362,168.0,167.8
3004,186.0,182.38
1295,175.0,175.0
179,176.0,176.04
4119,170.0,170.06
3948,176.0,177.19
791,168.0,168.08
2798,185.0,185.15
2721,175.0,175.12
1443,168.0,168.17
3912,177.0,177.21
1965,180.0,179.62
25,165.0,164.81
2406,173.0,173.05
3915,194.0,191.38
3705,178.0,178.54
174,170.0,170.52
2157,176.0,175.71
3186,174.0,174.525
332,163.0,162.63
2321,158.0,158.6
432,160.0,160.92
3750,182.0,181.61
2112,160.0,164.78
2790,162.0,161.87
