,y_test,prediction
953,174.0,174.43553278942164
3178,159.0,158.46817692515037
2088,163.0,163.11866408667927
1216,174.0,174.1130563439795
2562,164.0,164.70704711571386
722,185.0,183.03686088001535
1117,168.0,167.91030267601948
3583,157.0,154.81804734427587
212,178.0,177.66666303087743
3541,173.0,173.1437772970641
197,163.0,163.45327259302533
2903,163.0,162.62918339989227
185,165.0,164.78032857268866
873,180.0,181.35323811535602
3657,168.0,168.07780183430356
3217,180.0,177.8941418551796
71,185.0,184.50139204597582
1068,180.0,178.4537170510077
309,182.0,183.42327332656677
1996,176.0,175.92875739705644
167,180.0,178.52828016535514
412,186.0,187.73256135079464
1599,170.0,170.22219058681404
315,155.0,156.19856726193782
1088,174.0,174.0204636655753
1628,170.0,170.2152806221066
1539,156.0,156.7543179748201
3125,185.0,188.07518199011068
982,181.0,183.04156487667143
1759,182.0,180.06074609336767
2887,168.0,168.5327757470238
1075,164.0,163.92592046262723
3672,187.0,186.64345121552023
1944,159.0,160.15287617695677
3409,170.0,170.1118685835068
3883,164.0,164.84159053746188
1870,171.0,170.73282155573273
1516,172.0,171.91750001152568
2673,153.0,151.45484113281952
3639,173.0,173.53034852860512
1328,185.0,183.99276704896997
557,172.0,172.04828807255825
669,164.0,164.52312494727974
1468,169.0,169.42923643396495
1351,53.0,164.88190500424648
180,180.0,179.0281859873307
1696,166.0,166.62948509887244
4120,174.0,176.9061818805636
416,175.0,177.44622800628844
2240,180.0,178.35630992982817
842,164.0,163.65276991301178
326,180.0,179.4968539387221
440,165.0,164.36760786077105
1504,176.0,176.36876962139266
3937,169.0,168.78790923842206
1487,176.0,174.55547294307212
2193,170.0,170.19426926573811
1038,160.0,161.9992380634996
1061,166.0,169.57028409340003
497,175.0,175.84506671725106
2999,184.0,184.145024487617
206,176.0,174.39836626274806
1753,179.0,177.82968991163153
748,163.0,163.5440302909701
1645,185.0,184.73641475643632
2761,173.0,172.9502448561895
3686,159.0,159.92036793914687
3398,173.0,172.4375639906725
8,167.0,167.9436188887368
2664,182.0,182.16706025238668
2126,179.0,178.62216370959655
2874,180.0,181.0191526345678
3309,186.0,187.1939581795275
150,180.0,180.56525446827925
110,163.0,163.0907957877984
3184,179.0,178.50979090419438
319,171.0,171.29845359044108
33,180.0,179.2645290875522
2152,168.0,168.4193096318235
3110,165.0,165.36590232649976
609,162.0,162.19332547657325
97,176.0,176.06230774272154
2738,178.0,179.04245252238587
2031,160.0,160.4658555695404
3465,187.0,189.20189136364147
802,168.0,167.51166393836283
4019,158.0,159.20600703651945
4118,187.0,188.8930260501375
1607,180.0,181.60593105971674
2139,86.0,141.28467639586464
17,167.0,167.34518064773494
2105,180.0,184.93115440347708
3307,167.0,167.25020543221746
1010,195.0,192.95479793168255
239,166.0,165.8113182254728
2033,168.0,168.9637835678538
3091,170.0,170.23900084992246
3998,186.0,183.91399272682514
297,154.0,152.57966226428033
513,167.0,167.50310924286006
4060,164.0,165.40516339921126
473,165.0,165.30977870858425
3796,172.0,172.3980674890822
2714,183.0,182.29333971300073
70,185.0,183.96308761585738
2296,178.0,174.5930415172265
1881,162.0,161.47254186493507
2310,175.0,175.11837882942137
3560,169.0,170.3011770175091
1210,167.0,167.19717934727484
2338,161.0,162.03691562770794
2214,170.0,170.36332544322784
1142,168.0,168.19345204246338
2303,171.0,171.79064139142378
3882,176.0,178.3154266007384
1777,180.0,179.48475043559355
2889,179.0,175.7573995723522
503,163.0,163.97154609114529
2259,147.0,142.4984074336147
1431,180.0,180.1809067086577
4041,168.0,168.47807069509471
1899,155.0,155.60750641559036
271,165.0,165.57087592839494
737,166.0,166.18903395367357
151,162.0,161.95750177441442
1059,168.0,168.11462457848106
230,170.0,170.46847006035162
1621,167.0,167.49346448569855
1226,179.0,177.31016052229532
2050,164.0,164.76992853382308
2440,159.0,161.11184461751503
2042,160.0,158.5533458172302
434,173.0,172.64591537926862
2492,180.0,178.44535624616904
1262,168.0,168.08479516009177
2831,160.0,157.74748805689387
14,162.0,161.9840607885433
2451,185.0,183.66826331187536
3877,173.0,172.5655634570893
367,178.0,178.88398481331612
1363,174.0,174.8424291193777
3607,158.0,157.53034913021128
1026,182.0,180.2123214466253
2644,158.0,158.05764507286685
3629,167.0,167.0025621431596
1168,165.0,165.05735186131704
1413,170.0,169.94173075818222
1424,178.0,177.65208799479646
2408,175.0,175.60095969942415
3238,183.0,182.72211767161716
1617,178.0,179.76679947441647
1823,170.0,169.1836781691785
2234,170.0,169.9826120404063
467,176.0,176.32733119303094
1961,173.0,173.53020145400123
1178,168.0,168.0490717120358
3198,178.0,177.55812079926793
3199,176.0,175.0759292000161
1045,176.0,174.89059770771425
1886,166.0,166.54861657368335
570,175.0,175.04238145337212
299,160.0,161.5450533888642
3673,155.0,155.16285679815655
1198,163.0,163.65442525607688
2486,183.0,184.4479255976819
372,172.0,172.3668190923093
952,150.0,148.35386454871824
2779,180.0,180.59763242847802
2877,180.0,179.0194654102354
316,184.0,183.87727636796365
133,165.0,165.80376687026677
1576,160.0,161.97867886536818
724,159.0,155.8628521072098
1033,170.0,170.11774244029354
2878,162.0,162.82798814100136
2983,174.0,173.7587609126566
646,160.0,161.62480310503128
2352,162.0,163.55036506859688
3496,170.0,170.67956892663034
3258,169.0,169.84878014360888
2526,154.0,150.2325135695445
2894,165.0,165.26623215836588
2496,176.0,174.83874140558413
2706,170.0,170.36443488728855
807,170.0,169.86474217345935
2473,176.0,175.17947049665491
2780,186.0,183.9559690093568
2374,168.0,167.91669511798875
2467,144.0,142.4130243267791
1048,167.0,167.43966375903506
4112,178.0,178.68055510909176
1072,178.0,180.27091917882296
3284,182.0,180.99479295327862
3994,165.0,164.5374685617579
2466,170.0,170.3587218499769
3826,147.0,152.2065190060415
1666,150.0,148.09707420214872
3240,160.0,160.08224735744776
4109,193.0,189.99530612769297
2235,180.0,176.47465346266944
2669,157.0,158.08474160094062
941,172.0,173.4127534458222
32,175.0,173.86951717513224
2328,166.0,165.98322388055573
1337,175.0,174.93848136588193
3250,181.0,181.2888788835883
1981,165.0,164.5984094005234
2298,168.0,167.32823435400792
2282,166.0,166.2911767530881
2606,172.0,172.47470407322726
2290,162.0,162.3959225647616
3695,167.0,167.15928852885585
2583,178.0,177.96066826417587
1622,163.0,164.436015943156
994,169.0,168.97159542531506
4110,171.0,171.59931587964647
822,160.0,160.98217131698317
1398,158.0,159.28915892753568
310,169.0,169.4503757693342
3270,186.0,183.59652168274425
331,165.0,165.7978045659604
1036,164.0,163.865527343615
686,180.0,185.25530215677563
536,186.0,185.6151962449217
1879,154.0,155.41441778014237
1213,183.0,183.14626517307732
1792,165.0,160.88048290534408
2615,163.0,163.81886102653723
1552,167.0,167.13553235507192
2735,185.0,185.6671900808272
2115,183.0,181.50097547035767
4044,174.0,173.6856738162807
3175,169.0,168.92536763691976
3111,163.0,163.43183707057293
1306,154.0,155.2903816253451
3913,177.0,178.94334572557523
3191,158.0,158.98951018870292
1634,170.0,170.27728265390292
1874,168.0,167.85267864449008
4010,181.0,182.36913197048173
1139,163.0,163.36018342582304
3187,185.0,182.54571685828995
794,170.0,169.90277061425007
1521,156.0,156.7003495948444
709,187.0,189.14949177079535
2489,164.0,163.6666739544089
1882,179.0,179.38048289147804
2639,160.0,160.06727982132878
1852,159.0,160.06708051194133
1593,186.0,184.43109087755326
598,170.0,170.23792485835372
45,150.0,148.91261953633034
4026,162.0,160.65741149648198
2746,174.0,172.7690602432121
3738,180.0,179.6543239868118
43,161.0,160.6351574634522
602,180.0,181.08447035066922
1219,181.0,180.41665420713363
1270,156.0,158.20122828095333
2923,175.0,174.94010663881275
2822,164.0,163.52618500906976
492,160.0,160.83544047280645
4117,175.0,174.26238481114547
404,159.0,160.3029512537162
252,176.0,176.8057726736636
2429,176.0,175.48831297026834
3375,183.0,184.27396641134146
1228,180.0,179.91989079118957
1369,160.0,160.58013866554407
680,170.0,169.88584974667546
2437,168.0,168.64503833321834
1558,163.0,163.3459142546066
4137,146.0,147.44916180283815
2238,176.0,176.5714667559528
2671,182.0,182.73765072015246
3766,152.0,155.4853214559774
3606,175.0,175.9496564458732
3892,157.0,157.14999040807342
3365,170.0,170.2460638009355
3230,165.0,164.41114307707343
869,185.0,186.90560914573433
3154,166.0,166.33094718448072
2252,170.0,170.21039682374575
553,170.0,170.6955065116705
2991,159.0,159.14324779305036
1329,178.0,177.77291672484955
3723,155.0,156.0268223096537
2162,156.0,156.5683311055716
3466,189.0,185.1400235713003
3140,182.0,181.94898688623994
2961,189.0,191.63276614231702
2250,167.0,167.75547383884765
1239,180.0,181.34618705087254
4086,159.0,155.43515942284498
2480,165.0,165.4385432087394
1926,175.0,177.06529499025672
1056,170.0,169.09646398170798
1540,174.0,173.86248257783177
1590,171.0,170.740021945389
94,175.0,176.14352427489789
1343,163.0,163.034049080717
3825,189.0,187.07826337423722
2465,180.0,178.67962689907708
23,171.0,171.03652317264883
1455,169.0,170.06215047116794
2750,178.0,178.61118782074948
2825,177.0,175.760617673946
684,161.0,161.80335673568413
2886,158.0,158.46055959387652
175,168.0,169.50008545740275
1701,176.0,175.1013412986964
3810,159.0,156.8466845241144
1005,165.0,166.10855379310806
2143,172.0,171.6747643221173
1801,136.0,131.07311361489928
3071,147.0,147.911057376016
2531,179.0,179.09049106241963
3890,177.0,176.821832185962
3702,165.0,164.728635964786
566,186.0,184.82468275403807
1819,172.0,173.98226489542682
2460,178.0,178.11073652893083
100,174.0,173.085275393491
410,163.0,161.74231497971707
3370,168.0,167.59358743631162
1630,178.0,176.85265915826216
659,183.0,183.76176766508584
806,160.0,159.10353935630215
121,171.0,171.35338582714684
3678,165.0,164.5713954086615
1880,175.0,175.0275758003732
157,176.0,176.06787451261846
1400,163.0,162.33965004650557
496,191.0,187.7022425381144
3625,153.0,153.33139780952578
306,180.0,179.86590433487675
2202,160.0,160.4538206517853
2507,165.0,165.08911670650895
1924,164.0,164.57352634583856
1195,165.0,165.20982544074883
3963,183.0,182.9437801371618
2257,168.0,168.3914559952417
907,168.0,167.6893692340966
241,161.0,160.7215926368809
3761,180.0,179.78009541265732
789,183.0,179.37108139196204
1917,160.0,162.53311267843998
901,165.0,165.463135839526
3651,189.0,185.7505264986239
1955,185.0,185.0102674473606
2415,181.0,180.7964290373272
694,169.0,170.00057118519754
2633,169.0,169.71370355500724
1648,165.0,164.50974041877396
463,175.0,175.11207681837533
2431,162.0,162.38761343764187
1180,168.0,168.51571860419864
914,169.0,168.864258860437
1427,165.0,165.48190833486711
459,166.0,166.80934505715928
3679,145.0,145.71255299125914
2542,186.0,187.0187973411429
2922,175.0,175.32943374671527
178,160.0,162.17210628714884
2125,179.0,177.6575321922813
1399,183.0,179.7263225553167
3999,175.0,175.7997705435642
51,175.0,173.9643728648042
833,164.0,165.2088122077089
1840,170.0,170.6304431323795
74,175.0,171.82678586166034
1114,190.0,186.8132158635977
2698,187.0,182.9565732266526
3837,176.0,175.62670439155306
2786,151.0,153.11855878696113
1132,161.0,162.62310465441496
2843,162.0,163.399352079521
911,156.0,155.20633599565184
1495,168.0,168.02691522760372
3562,165.0,164.18631013798773
2367,180.0,181.09438587797578
1162,164.0,164.82987849873365
3921,185.5,185.8023047731623
158,175.0,174.56253817483343
1267,156.0,155.9900103013676
2829,174.0,173.19744824197355
1543,160.0,160.71881592302898
52,174.0,173.94430046257412
1380,165.0,166.1569669291673
221,176.0,175.33650597933183
2023,181.0,180.92184382908405
26,160.0,160.39872367003477
1709,205.0,205.1701181091763
3131,189.0,189.3367152487927
885,168.0,168.05492071337295
215,172.0,171.89096552746383
4034,171.0,171.4197510888052
2146,174.0,174.1231053720928
861,170.0,170.89978244066185
2180,159.0,155.87566971294498
1902,165.0,165.7436962811139
3276,182.0,179.45359836299943
322,185.0,184.3031275910574
1098,170.0,169.98809878200828
1746,175.0,174.53725759528734
3414,169.0,168.42390896356383
1560,166.0,165.96164866648394
600,167.0,166.4542664560796
4088,169.0,169.0565380592252
3295,183.0,181.37653004760455
145,178.0,176.95987261252338
1625,191.0,193.40984530297095
3501,183.0,179.6148688592054
1682,156.0,155.09237475233016
3857,165.0,165.59430880905353
1268,159.0,158.73378252314615
3021,160.0,160.7755977951352
44,170.0,169.7692979457225
2773,176.0,175.69675082941524
897,167.0,166.70885034355587
3023,180.0,179.84297202032678
1559,175.0,172.77508995293064
4077,180.0,179.06889185014057
2258,168.0,167.9593657426711
355,175.0,175.2095381939851
3260,154.0,152.91754874177053
3286,180.0,179.8145113080989
3809,165.0,164.93333972495657
1051,167.0,166.82786628441076
3576,170.0,169.95353767742455
603,172.0,170.77640608171686
3441,175.0,176.30392890005305
3243,168.0,168.38701587184792
3945,166.0,166.35228227358564
546,174.0,174.26907730444663
3610,170.0,170.1852759864079
3007,161.0,160.59198814321064
3668,153.0,158.18743241201645
540,158.0,159.44450420226846
257,179.0,177.6819755973969
3349,180.0,176.14591288963527
2186,154.0,155.11531973938975
1595,180.0,180.57277438232876
968,186.0,184.59528657645325
3532,173.0,174.0658231568646
1867,182.0,181.3489388962771
814,170.0,170.971393256728
3802,195.0,191.12833123737104
2694,175.0,173.7195087635875
3220,172.0,171.34783084609472
735,180.0,181.21013529325538
2404,160.0,160.00230941459026
3522,176.0,176.72059545701862
292,176.0,175.5084475377782
2538,160.0,159.77682354691134
1739,172.0,171.69372315918793
135,178.0,179.9028333845354
1046,172.0,169.96449395753748
1953,163.0,163.47555334391794
2850,167.0,166.88553170853206
2642,150.0,150.04642577949218
264,181.0,182.6721355465711
1405,162.0,162.1735007687879
2337,182.0,181.35687620429917
3569,170.0,170.9700172628275
4025,179.0,178.59739274014368
868,176.0,176.32642275237671
56,169.0,169.12663044878153
3700,178.0,178.74630293883405
529,161.0,162.1785102526306
3502,177.0,176.9604240977119
3739,170.0,170.06776011109577
3707,167.0,167.6222765417253
798,179.0,178.43914413788872
2311,179.0,177.92409246903892
465,168.0,167.88781800531765
866,162.0,162.40929939076787
755,170.0,169.94951569557878
2024,182.0,181.41589221232667
3089,153.0,151.18654415349226
395,150.0,146.0807752629498
2448,173.0,173.15886976444764
1565,174.0,179.72880398025467
171,173.0,175.7378416167105
1279,157.0,159.09568697201325
2278,157.0,150.88694216743366
4113,158.0,153.9546034912244
3489,176.0,175.69387180569402
3735,178.0,178.27124277290335
3867,165.0,166.0225010846516
1677,172.0,173.01290266925753
189,163.0,163.54688982200426
2709,175.0,175.4445217970796
12,178.0,175.82993866985296
3533,156.0,153.59707551511687
3292,186.0,185.92873014827143
323,164.0,164.5385011037646
892,183.0,183.5821446338601
2965,172.0,171.6624374459857
3650,178.0,179.25787542721477
1192,185.0,192.74461762573162
352,97.0,181.83866898812377
2959,174.0,174.85042146871487
1179,159.0,160.45183819826906
507,171.0,170.12754706838052
4075,171.0,171.6265012294854
3577,194.0,191.87628964934174
1725,166.0,165.19924089281574
1945,159.0,157.25466273216375
1418,192.0,192.2135611578822
3224,158.0,158.7663087024701
3084,179.0,177.29451617802363
3235,165.0,165.4640430010936
2297,154.0,153.41658130309347
2677,182.0,180.43104387110813
3763,177.0,176.263327041697
2601,172.0,172.06473737268325
1227,174.0,173.51371819352474
4111,170.0,169.7469741485726
2386,168.0,167.353230528825
1003,182.5,178.9138329686532
1958,178.0,179.16504123439563
228,166.0,166.3862507407138
1623,196.0,194.43645766938548
3373,186.0,184.32493692528251
3101,180.0,178.38822594956505
3644,179.0,178.42863314680858
184,179.0,178.88946083337217
2301,164.0,164.82552092296848
2392,170.0,170.56668252408514
488,171.0,170.86664511282237
4076,162.0,164.12661110386483
1960,166.0,166.15792033570185
140,159.0,160.3344892807493
267,165.0,164.05364441659324
2289,165.0,165.27822581400827
3346,174.0,174.27638988248748
64,173.0,173.40461350964858
1077,162.0,162.10750143905878
1747,175.0,174.686028077392
3281,170.0,169.58851601087522
4050,168.0,168.34039033425765
1679,169.0,168.98194588452589
1108,175.0,175.52231421870923
3774,150.0,149.41466711060085
3768,175.0,176.53351026952134
1724,170.0,170.71767214704718
1991,161.0,162.26182323362215
2867,159.0,154.89198977419125
3242,177.0,174.16458901281618
3239,173.0,172.8506169128204
973,158.0,158.67440928071926
280,167.0,167.63959198407431
3223,158.0,159.9662118397937
1436,181.0,179.29840242337727
359,165.0,165.14872147353142
2947,174.0,172.80275353950623
300,163.0,163.90991627592706
813,169.0,168.74499513327163
1110,182.0,180.31433993357055
2953,184.0,184.1161020393231
1373,153.0,153.3359444055634
2689,169.0,169.45395367136797
579,161.0,160.49291364776587
417,151.0,153.42434311456012
1305,170.0,170.21264421518268
1972,152.0,147.28103306248113
1763,181.0,181.71697330108594
2081,172.0,172.47184302493628
2593,178.0,177.34167486634954
1481,154.0,155.7984136603117
2769,186.0,183.64595184815914
1164,161.0,162.2383571919944
3136,168.0,167.98770932537641
3780,161.0,161.27164706503174
1345,171.0,171.2021552323078
1327,168.0,167.85641539656623
3323,162.0,162.17344291921233
1970,173.0,174.38534157043188
58,158.0,159.40746945641416
77,160.0,159.9202983728054
369,186.0,183.8167519260649
3633,171.0,170.56247123141873
1474,174.0,173.8563298528823
2140,185.0,183.1447738226135
3990,176.0,175.76222573412463
2420,169.0,169.3156339504099
750,164.0,164.2874453808827
1341,184.0,180.341298868636
3582,178.0,174.5971049448306
919,175.0,176.17725509897423
916,160.0,159.28365822808547
3515,176.0,174.59869206801386
125,167.0,167.88989815850988
1100,164.0,165.9839693214209
2018,156.0,153.95129946960242
1698,159.0,161.52406303037708
2356,160.0,160.98456557205375
2204,158.0,158.2166840471901
431,160.0,161.8316147298214
3648,176.0,176.43033138913
3391,180.0,179.75978969758023
3378,200.0,198.3719707183349
4022,170.0,169.72836432928773
1681,155.0,153.23221808933454
2497,162.0,163.76137090044097
2908,175.0,175.74808212909682
435,167.0,167.39677797893188
389,162.0,162.51007572857063
30,156.0,155.46167270235637
1060,159.0,160.49385090286813
204,182.0,183.1676393674271
1181,169.0,168.5196534722971
4018,163.0,162.50253854526528
2121,170.0,169.880772077306
847,188.0,186.03262715036914
1234,163.0,163.54242281689474
2359,170.0,170.46425520059967
2781,174.0,174.2058791826824
480,158.0,157.5292059549845
4101,188.0,186.6589454453311
674,193.0,191.29732369138551
445,156.0,153.52075957278208
3549,181.0,180.33931749526155
3811,178.0,176.04274812954242
820,171.0,170.15010140989963
193,179.0,179.92098583324946
569,165.0,164.84810486688428
1344,172.0,171.8069951486157
3094,170.0,169.806654929944
6,160.0,156.44614560031124
441,167.0,168.1206417119718
290,177.0,176.59002513826528
780,160.0,160.1558895108895
2935,190.0,190.57840016899564
3683,183.0,179.20328536872788
3565,172.0,173.04337932283977
3649,175.0,173.07643087231796
1420,154.0,155.78565656545192
3417,174.0,173.65579247909062
1850,183.0,185.8401749327609
697,164.0,163.81196418613436
2573,176.0,175.32713729835694
3062,183.0,184.8044760050134
195,161.0,161.57303504197768
452,185.0,186.24871367757916
1797,176.0,176.11315055041155
1194,171.0,170.5855485373775
29,190.0,186.39078128624436
4124,186.0,187.99520292434767
893,182.0,183.0338615812984
1848,174.0,173.71678199431824
3210,178.0,177.04864960050344
1118,168.0,168.7400339117168
2678,169.0,169.47196762144432
3086,173.0,172.87662824137962
875,185.0,188.48278956867264
1920,160.0,158.5126034983497
3854,167.0,167.37277078743193
2468,186.0,186.37479256068568
2167,167.0,166.82791761918685
3103,166.0,165.53412902371153
223,163.0,163.56501580119559
738,166.0,166.19678343065462
765,168.0,168.3009372832842
576,182.0,182.7288908623422
1791,183.0,181.36249226886156
3525,169.0,168.8917568207873
1658,192.0,193.30220475703317
1357,180.0,179.62775081910877
1799,167.0,167.99045596726125
2345,163.0,164.1834602697785
81,164.0,164.29206453344415
258,154.0,151.94271817424718
296,188.0,187.8287410949517
4017,175.0,174.0864735280313
1065,162.0,162.06191674412713
816,155.0,152.70243286361742
3511,167.0,167.1963757820953
1169,185.0,186.46901210461556
3116,172.0,171.39618985250897
1600,153.0,151.3304371928528
3928,172.0,171.52655326834076
2026,191.0,192.25756681732224
3581,176.0,179.10936089901253
3964,177.0,179.44481919218342
2980,179.0,177.57020024415942
2840,154.0,149.6096126951451
936,173.0,173.38794254508736
1986,168.0,168.25750628776805
1022,156.0,155.93877292444557
1285,178.0,178.3250798399884
3389,153.0,147.75901905674095
3729,176.0,174.44272127170365
658,183.0,183.95742112140772
1409,157.0,159.1757375389738
883,195.0,187.81839927311157
3392,166.0,166.02376844574565
3554,175.0,175.38252988402013
413,163.0,163.6373171498696
980,165.0,164.7781842318855
3797,186.0,185.03938584405043
3906,185.0,184.94458676510675
1545,172.0,172.4237231516013
3296,186.0,184.11940828941167
1322,164.0,163.83775328420427
835,180.0,180.9365595119848
661,172.0,173.42204295803214
1811,180.0,180.99205927704088
768,180.0,177.94095927572815
2688,168.0,168.80723879588652
2030,165.0,165.9686958589502
3321,198.0,196.22429121562536
821,176.0,174.35305788182734
153,178.0,178.47746104896743
1428,160.0,160.79609146405514
3624,167.0,167.27714683205267
1176,182.0,180.6496106481345
103,174.0,173.78093175280193
759,168.0,169.81851628468746
3397,183.0,182.37273204572213
240,181.0,180.7424418254288
1872,165.0,164.53938687688515
3765,178.0,179.13998637926272
109,181.0,180.83112701345814
3377,154.0,157.4150026293124
1756,170.0,170.00395419597402
3374,171.0,170.73815053916408
1248,166.0,165.7386834065671
1579,176.0,174.81323262423203
3403,160.0,157.0349247729181
2241,161.0,162.5981480917067
2375,180.0,180.63913283476015
3382,181.0,180.06359774424317
2502,175.0,174.7060803016327
333,155.0,158.30062636314915
2904,172.0,171.35413263587952
846,166.0,166.2747590261221
3339,155.0,155.88266082546807
1490,157.0,155.7320250647901
3420,170.0,170.38078864666835
3968,177.0,176.48049395827363
2027,152.0,151.894317404393
3973,158.0,159.86930649498512
1949,160.0,160.35051346735335
3992,158.0,157.75589698179502
2174,188.0,187.18057026868325
1120,173.0,173.05081215266995
3031,176.0,176.52672697564128
1573,156.0,157.30716780049687
2410,193.0,189.1412783306327
1999,185.0,186.51373956821098
3531,175.0,177.0497859540978
1206,165.0,164.58160533265303
2249,163.0,163.67914861356866
3601,160.0,160.81580882570574
2156,171.0,171.3623860758141
556,170.0,171.8532577270895
2184,161.0,160.12579346480763
1099,168.0,168.4001594741585
1815,165.0,163.68134953211148
2579,188.0,187.79759084454162
1948,169.0,169.3738701273395
3340,179.0,177.2782041517333
2753,165.0,165.5239509043097
1979,166.0,165.68641394177718
3887,176.0,175.03966662876098
3344,170.0,170.6507332472716
2989,178.0,177.3859905048185
1288,184.0,184.51163631228465
756,169.0,169.00402411415945
2663,180.0,177.8529292744287
3115,173.0,172.29280630969058
3621,183.0,183.4347476529353
2890,186.0,187.8647371098271
1932,164.0,165.53997103733496
4037,175.0,174.59042451139254
1461,168.0,168.6942004908983
3704,174.0,174.05275579009967
3045,164.0,163.26852809368242
733,181.0,182.55251630190992
811,174.0,173.49370854495484
3361,158.0,156.219371411022
4127,185.0,185.21271734429695
725,180.0,180.413052421901
3848,175.0,174.96817051093402
1557,163.0,163.18818879191733
1657,170.0,170.1053149984251
1451,171.0,171.22783910297792
1834,160.0,160.31589509053427
2730,170.0,170.73592557843148
1669,164.0,165.36858072529267
347,150.0,149.9587608250723
1265,179.0,177.3356294182804
2736,176.0,176.38185475004428
4021,185.0,184.10264196066655
2414,162.0,162.3136824968597
3422,179.0,179.5777008273532
815,166.0,166.6176874576126
2461,156.0,159.09102759108487
1975,170.0,170.9541446311216
2362,168.0,167.98080957002665
3004,186.0,184.37605782023243
1295,175.0,174.19745930648148
179,176.0,176.3742620842809
4119,170.0,170.39348160849647
3948,176.0,176.29475732441176
791,168.0,168.41407775195512
2798,185.0,187.23269675977213
2721,175.0,175.14805428750142
1443,168.0,168.2171924441604
3912,177.0,177.3325449043848
1965,180.0,181.78328709282118
25,165.0,165.14796063102696
2406,173.0,173.01682936291002
3915,194.0,192.17364818345638
3705,178.0,179.1603361689899
174,170.0,170.25210227756438
2157,176.0,176.18332815878193
3186,174.0,174.48089645913032
332,163.0,163.11398526306587
2321,158.0,159.02132809943356
432,160.0,160.7873294231217
3750,182.0,181.51758441976858
2112,160.0,161.46992798239248
2790,162.0,162.591505507018
