,y_test,prediction
5650,170.0,170.7907909206111
14648,169.0,170.7907909206111
15194,175.0,170.7907909206111
7863,153.0,170.7907909206111
3376,174.0,170.7907909206111
21311,172.0,170.7907909206111
13965,181.0,183.68
14466,153.5,153.8
1513,178.0,170.7907909206111
23174,167.5,170.7907909206111
22298,141.0,146.98
7752,157.0,170.7907909206111
15369,183.0,170.7907909206111
15513,159.0,170.7907909206111
22748,164.0,170.7907909206111
14731,197.0,170.7907909206111
3514,181.0,170.7907909206111
22570,181.0,170.7907909206111
17732,169.0,170.7907909206111
5972,164.0,170.7907909206111
416,184.0,170.7907909206111
14641,180.0,170.7907909206111
11934,190.0,170.7907909206111
9642,163.0,163.40599999999998
19441,193.0,195.955
1401,176.0,176.235
8006,177.0,170.7907909206111
16143,162.0,170.7907909206111
656,159.0,166.51
784,177.0,170.7907909206111
15713,166.0,170.7907909206111
5043,153.0,153.905
3471,166.0,170.7907909206111
3618,174.0,174.325
12676,180.0,170.7907909206111
6273,164.0,170.7907909206111
5831,181.0,170.7907909206111
12302,161.0,170.7907909206111
19917,86.0,170.7907909206111
5921,184.0,170.7907909206111
21604,171.0,172.63673715124816
2104,162.0,170.7907909206111
13681,176.0,170.7907909206111
23829,180.0,170.7907909206111
1915,169.0,170.7907909206111
10417,185.0,170.7907909206111
1176,174.0,174.326
14160,162.0,155.935
10106,181.0,170.7907909206111
13824,168.0,170.7907909206111
19833,178.0,179.45
12829,164.0,162.885
23490,166.0,170.7907909206111
7615,180.0,170.7907909206111
22742,164.0,170.7907909206111
6997,156.0,170.7907909206111
22795,180.0,170.7907909206111
16649,192.0,170.7907909206111
9503,172.0,171.715
1472,174.0,173.645
15813,175.0,175.04
16586,162.0,170.7907909206111
15418,176.0,174.99800000000002
16499,173.5,171.96
15207,178.0,170.7907909206111
18187,172.0,170.7907909206111
13626,170.0,170.7907909206111
4775,174.0,178.3
13076,162.0,170.7907909206111
12317,170.0,170.7907909206111
21520,177.0,170.7907909206111
22118,156.0,170.7907909206111
20375,182.0,170.7907909206111
23776,170.0,170.7907909206111
664,168.0,170.7907909206111
8737,155.0,170.7907909206111
5592,173.0,174.475
6229,169.0,170.7907909206111
8317,82.5,170.7907909206111
22385,182.0,170.7907909206111
13295,161.0,171.11618280098278
5480,173.0,170.7907909206111
8012,165.0,166.565
12546,174.0,170.7907909206111
22430,182.0,170.7907909206111
23923,174.0,170.7907909206111
12803,184.0,170.7907909206111
5789,168.0,170.7907909206111
189,170.0,170.7907909206111
2978,172.0,170.7907909206111
3420,188.0,170.7907909206111
9101,172.0,170.7907909206111
2378,171.0,170.7907909206111
23225,169.0,170.7907909206111
8343,177.0,170.7907909206111
23951,163.0,170.7907909206111
19800,178.0,170.7907909206111
2322,154.0,170.7907909206111
13364,184.0,182.9
18323,165.0,166.255
23715,164.0,170.7907909206111
1523,177.0,170.7907909206111
5613,182.0,170.7907909206111
23541,170.0,170.7907909206111
12280,167.0,170.7907909206111
346,182.0,170.7907909206111
13414,164.0,170.7907909206111
9041,173.0,170.7907909206111
2396,155.0,154.86
9367,163.0,170.7907909206111
2176,177.0,177.91
8107,154.0,170.7907909206111
7103,156.0,170.7907909206111
10247,175.0,170.7907909206111
23361,179.0,170.7907909206111
2435,160.0,170.7907909206111
23279,155.0,170.7907909206111
14435,167.0,170.7907909206111
11895,192.0,170.7907909206111
379,167.0,170.7907909206111
14446,163.0,170.7907909206111
23458,178.0,170.7907909206111
8349,171.0,170.7907909206111
8305,171.0,171.255
10071,162.0,170.7907909206111
1228,166.0,170.7907909206111
1209,163.0,163.265
3861,164.0,162.18
19216,174.0,170.7907909206111
11647,167.0,170.7907909206111
2373,172.0,170.7907909206111
2091,178.0,170.7907909206111
5228,169.0,170.7907909206111
18183,179.0,170.7907909206111
3345,188.0,170.7907909206111
2329,170.0,170.7907909206111
1768,168.0,170.7907909206111
18731,159.0,170.7907909206111
11752,171.0,170.7907909206111
7280,164.0,170.7907909206111
2867,189.0,188.96
17485,180.0,179.585
10621,173.0,170.7907909206111
21092,175.0,170.7907909206111
18834,172.0,170.7907909206111
18914,173.5,170.7907909206111
21903,183.0,170.7907909206111
1471,180.0,180.015
18482,189.0,170.7907909206111
9546,166.0,170.7907909206111
7579,177.0,178.285
4207,168.0,170.7907909206111
22545,193.0,170.7907909206111
19267,173.0,170.7907909206111
4461,166.0,170.7907909206111
22475,167.0,170.7907909206111
4447,170.0,170.7907909206111
18186,179.0,179.245
22426,181.7,170.7907909206111
23709,167.0,170.7907909206111
18848,172.0,170.7907909206111
3077,177.0,170.7907909206111
19823,168.0,170.7907909206111
20711,166.0,170.7907909206111
9281,173.0,175.08
5773,167.5,168.17
2259,188.0,170.7907909206111
13009,157.0,170.7907909206111
5750,165.5,170.7907909206111
14021,178.0,171.6127886761222
16193,197.0,197.89
4014,185.0,186.055
7540,169.0,170.7907909206111
8631,175.0,170.7907909206111
12885,169.0,168.10242112969013
15833,181.0,170.7907909206111
6709,166.0,170.7907909206111
861,175.5,170.7907909206111
10199,152.0,154.95
17684,174.0,170.7907909206111
926,193.0,170.7907909206111
18757,152.0,170.7907909206111
16044,166.0,170.7907909206111
12332,180.0,179.77
13082,172.0,169.82593796973364
1579,185.0,170.7907909206111
3370,158.0,170.7907909206111
7917,175.0,170.7907909206111
10454,182.0,181.23100000000002
14331,180.0,170.7907909206111
22158,167.0,170.7907909206111
9224,174.0,174.395
21788,150.0,148.05
22134,171.0,170.21556828193832
7563,161.0,170.7907909206111
2019,192.0,170.7907909206111
7376,174.0,175.21
21079,183.0,170.7907909206111
23022,180.0,170.7907909206111
12349,191.0,170.7907909206111
16615,156.0,170.7907909206111
9774,177.0,170.7907909206111
22448,153.0,170.7907909206111
5673,160.0,159.985
1370,178.0,170.7907909206111
23334,162.0,170.7907909206111
16381,180.0,170.7907909206111
17838,175.0,170.7907909206111
5159,157.0,170.7907909206111
23693,156.0,170.7907909206111
18334,171.0,170.7907909206111
22283,170.0,169.645
3342,159.0,170.7907909206111
2154,151.0,149.73
19756,173.0,170.7907909206111
3646,172.5,175.11
4110,163.0,170.7907909206111
1809,148.0,148.12
23302,166.0,170.7907909206111
18478,153.0,170.7907909206111
5130,172.0,171.665
23896,176.0,170.7907909206111
14946,167.0,170.7907909206111
3114,171.0,170.7907909206111
16169,163.0,170.7907909206111
5304,178.4,170.7907909206111
1414,163.0,164.595
23453,53.0,170.7907909206111
8570,178.0,172.105
20227,180.0,170.7907909206111
6360,168.0,170.7907909206111
23145,169.0,170.7907909206111
22714,187.0,170.7907909206111
1535,173.0,175.07
12444,150.0,170.7907909206111
975,177.0,175.365
9894,168.0,170.7907909206111
3075,172.0,170.7907909206111
21086,183.0,182.065
1812,189.0,170.7907909206111
10653,175.0,172.015
11913,169.0,170.7907909206111
22137,163.0,163.069
16485,163.0,170.7907909206111
23312,154.0,170.7907909206111
12810,176.0,170.7907909206111
2177,173.0,170.7907909206111
12171,163.0,170.7907909206111
23482,167.0,170.7907909206111
19379,165.0,165.67
3282,166.0,170.7907909206111
565,169.0,170.7907909206111
17562,168.0,170.7907909206111
22969,169.0,170.7907909206111
808,162.0,170.7907909206111
16189,165.0,163.305
3503,165.0,170.7907909206111
22155,176.0,170.7907909206111
7768,162.0,170.7907909206111
8647,163.0,162.91
17516,176.0,170.7907909206111
708,165.0,170.7907909206111
17483,175.0,174.40599999999998
6457,175.0,170.7907909206111
13307,144.0,170.7907909206111
23099,183.0,170.7907909206111
21392,177.0,177.825
9515,185.0,170.7907909206111
7472,182.0,170.7907909206111
23844,167.0,170.7907909206111
11820,167.0,170.7907909206111
14019,174.0,176.09
4700,179.0,179.155
2911,178.0,178.47
4870,176.0,175.905
17594,183.0,170.7907909206111
9365,161.0,170.7907909206111
18241,174.0,170.7907909206111
14912,180.0,170.7907909206111
21247,171.0,170.7907909206111
1815,163.0,178.175
21825,153.0,170.7907909206111
18909,185.0,170.7907909206111
5727,166.5,170.7907909206111
6117,180.0,170.7907909206111
21609,168.0,170.7907909206111
14329,154.0,170.7907909206111
8755,151.0,170.7907909206111
16214,175.0,174.63099999999997
6588,175.0,170.7907909206111
1268,156.5,170.7907909206111
17064,162.0,170.7907909206111
8472,159.0,170.7907909206111
18556,157.2,170.7907909206111
17546,175.0,170.98536754643206
1914,186.0,185.925
21616,175.0,170.7907909206111
12071,186.0,186.03
17395,178.0,170.7907909206111
15358,180.0,170.7907909206111
9507,170.0,171.965
4361,178.0,174.61599999999999
5426,160.0,170.7907909206111
1449,165.0,170.7907909206111
23484,177.0,170.7907909206111
6526,181.0,183.22
22351,172.0,170.7907909206111
10372,157.0,170.7907909206111
17572,162.0,170.7907909206111
11195,165.0,170.635
11277,177.0,174.835
2715,168.0,169.755
16252,178.0,178.24
23407,163.0,170.7907909206111
162,170.0,170.7907909206111
19380,161.0,170.7907909206111
1410,162.5,170.7907909206111
3619,172.0,170.7907909206111
10854,173.0,172.85
19256,172.0,172.385
19599,157.0,157.765
13279,175.0,170.7907909206111
11154,182.0,170.7907909206111
19690,184.0,182.17
4533,172.0,170.7907909206111
20620,164.0,164.755
22584,170.0,170.7907909206111
10475,158.0,170.7907909206111
17780,179.0,170.7907909206111
13345,168.0,170.7907909206111
10296,165.0,170.7907909206111
22339,177.0,178.015
752,165.0,170.7907909206111
1955,175.0,170.7907909206111
5769,169.0,169.974506911724
5919,160.0,170.7907909206111
1294,165.0,170.7907909206111
14355,161.5,170.7907909206111
19360,163.0,170.7907909206111
23228,169.5,170.7907909206111
1896,148.6,149.47
20746,165.0,170.7907909206111
17549,183.0,170.7907909206111
14277,165.0,170.7907909206111
4088,155.0,170.7907909206111
1100,175.0,174.955
10055,166.0,165.3
1934,177.0,170.7907909206111
4167,168.0,170.7907909206111
10597,183.0,170.7907909206111
22817,172.0,170.7907909206111
23234,170.0,170.7907909206111
16510,170.0,170.7907909206111
23156,160.0,170.7907909206111
11421,157.0,170.7907909206111
14758,164.0,170.7907909206111
10730,175.0,174.94
905,163.3,163.03
7629,189.0,187.54
20112,178.0,170.7907909206111
7318,170.0,170.7907909206111
17330,164.0,170.7907909206111
20305,180.0,180.0
20553,160.0,170.7907909206111
11970,164.0,170.7907909206111
7464,160.5,166.69999999999996
6681,166.0,170.7907909206111
1057,163.0,170.7907909206111
23976,175.0,170.7907909206111
20955,175.0,170.7907909206111
21406,173.0,170.7907909206111
16628,165.0,170.7907909206111
12434,178.0,170.7907909206111
17193,186.5,186.335
19857,175.0,170.7907909206111
18772,165.5,166.99
10991,178.0,170.7907909206111
2000,160.0,162.08
1002,176.0,170.7907909206111
8040,189.0,170.7907909206111
8828,167.0,170.7907909206111
1666,171.0,171.05
19777,168.0,171.44
3802,162.0,170.7907909206111
7127,180.0,170.7907909206111
4244,179.0,170.7907909206111
23601,174.0,170.7907909206111
2775,184.0,170.7907909206111
12735,173.0,172.92
15446,175.5,170.7907909206111
5767,164.0,164.285
16104,168.0,166.995
11281,166.0,167.845
4939,168.0,170.7907909206111
9834,136.0,170.7907909206111
22271,193.0,170.7907909206111
9854,158.0,170.7907909206111
5376,168.0,170.7907909206111
586,163.0,170.7907909206111
16117,183.0,170.7907909206111
4406,165.0,165.395
20197,168.0,174.942
1693,82.5,164.925
11760,167.0,170.7907909206111
3703,158.0,170.7907909206111
23090,177.0,170.7907909206111
19519,156.0,170.7907909206111
8199,157.0,170.7907909206111
23252,161.0,170.7907909206111
2441,176.0,170.7907909206111
1881,180.0,179.0
2691,150.0,170.7907909206111
10935,156.0,170.7907909206111
10752,162.0,172.495
20636,170.0,170.7907909206111
9849,181.0,170.7907909206111
23233,183.0,170.7907909206111
11836,174.0,170.7907909206111
10629,192.0,191.45
20149,162.0,170.7907909206111
9468,159.0,170.7907909206111
17403,171.0,170.7907909206111
8461,173.0,170.7907909206111
8363,169.0,168.97
15735,158.0,170.7907909206111
3039,173.0,170.7907909206111
18514,160.0,170.7907909206111
8863,180.0,170.7907909206111
13652,158.0,157.59099999999998
5744,167.0,166.07
9711,176.0,170.7907909206111
10230,164.0,165.325
24,182.0,170.7907909206111
10550,161.0,163.438
6322,172.0,170.7907909206111
23353,174.0,170.7907909206111
4344,163.0,170.7907909206111
11408,176.0,170.7907909206111
16938,189.0,170.7907909206111
23907,187.0,170.7907909206111
3209,165.0,170.7907909206111
22709,165.0,170.7907909206111
4042,182.0,179.977
14993,168.0,170.7907909206111
4915,174.0,170.7907909206111
1644,179.0,179.987
4832,168.0,170.7907909206111
9100,164.0,170.7907909206111
2617,171.0,171.785
1981,172.0,170.7907909206111
9957,180.0,179.96
18103,163.0,163.45
20077,162.0,170.7907909206111
2387,166.0,170.7907909206111
5349,156.0,170.7907909206111
1255,171.0,169.98
15760,190.0,184.9
1422,177.0,170.7907909206111
2017,157.0,157.695
19377,170.0,168.82
8062,160.0,162.171
5935,195.0,170.7907909206111
8929,178.0,177.17
23758,172.0,170.7907909206111
11356,165.0,170.7907909206111
15854,181.5,170.7907909206111
426,163.0,170.7907909206111
1456,180.0,170.7907909206111
14356,156.5,170.7907909206111
23404,174.0,170.7907909206111
3169,185.0,185.03
6662,180.0,179.459
21720,168.0,170.7907909206111
1865,164.0,164.71
12788,187.0,170.7907909206111
15803,176.0,170.7907909206111
13162,182.0,170.7907909206111
22322,174.0,170.7907909206111
3757,161.0,170.7907909206111
5214,150.0,170.7907909206111
10708,167.0,170.7907909206111
18571,178.0,178.055
18418,150.5,170.7907909206111
13758,170.0,170.7907909206111
4154,169.0,170.7907909206111
8055,171.0,173.43599999999998
12993,163.0,170.7907909206111
4788,174.0,170.7907909206111
3255,167.0,164.88
3417,185.0,170.7907909206111
7640,185.0,170.7907909206111
15521,158.0,170.7907909206111
8878,163.0,170.7907909206111
6280,161.0,170.7907909206111
17290,158.0,170.7907909206111
8389,147.0,170.7907909206111
3289,172.0,170.7907909206111
3970,173.0,170.7907909206111
2793,161.0,163.466
20583,172.0,170.7907909206111
22551,186.0,170.7907909206111
6194,175.0,170.7907909206111
1501,177.0,177.35
4095,163.0,170.7907909206111
10742,146.0,148.64
22849,165.0,170.7907909206111
12684,168.0,170.7907909206111
15559,163.0,170.7907909206111
11237,168.0,170.7907909206111
5763,170.0,170.7907909206111
6165,176.0,170.7907909206111
5791,162.0,162.306
11433,172.0,170.7907909206111
1861,157.0,157.4
14507,159.0,160.19
21163,176.0,174.94
13209,172.0,170.7907909206111
5272,170.0,172.79
21531,169.0,170.7907909206111
22959,171.0,170.7907909206111
21677,172.0,170.7907909206111
15140,185.0,170.7907909206111
10832,164.0,164.68
6352,168.0,170.7907909206111
6953,168.0,170.7907909206111
20357,169.0,168.595
15799,176.0,170.7907909206111
3644,172.2,170.7907909206111
17635,173.0,172.11
16287,181.0,180.79500000000004
14503,169.0,169.885
12526,168.0,170.7907909206111
7797,161.0,164.42
13395,164.0,163.245
9826,168.0,167.135
18319,179.0,170.7907909206111
13139,158.5,170.7907909206111
7610,182.0,170.7907909206111
23081,181.0,170.7907909206111
12355,177.0,170.7907909206111
16575,158.0,170.7907909206111
7683,154.0,170.7907909206111
2157,161.5,170.7907909206111
11655,167.0,170.7907909206111
3824,169.0,170.7907909206111
7236,160.0,170.7907909206111
19372,170.0,170.7907909206111
12960,177.0,170.7907909206111
11389,179.0,170.7907909206111
17658,169.0,170.7907909206111
4424,170.0,170.165
23381,169.0,170.7907909206111
5844,162.0,170.7907909206111
21478,154.0,170.7907909206111
8965,182.0,181.67733333333334
21571,158.0,170.7907909206111
14561,174.0,170.7907909206111
4938,156.0,170.7907909206111
5694,160.0,170.7907909206111
22619,160.0,170.7907909206111
334,185.0,170.7907909206111
15432,180.0,170.7907909206111
5430,155.0,170.7907909206111
23796,196.0,170.7907909206111
21710,174.0,170.7907909206111
23454,167.0,170.7907909206111
12288,157.0,157.69
770,179.0,170.7907909206111
11757,166.0,170.7907909206111
15412,167.0,170.7907909206111
13473,170.0,170.69536754643207
17855,169.0,170.7907909206111
7044,184.0,170.7907909206111
405,163.0,170.7907909206111
23120,158.0,170.7907909206111
18341,164.0,167.735
13717,73.0,170.7907909206111
22773,168.0,170.7907909206111
2584,180.0,170.7907909206111
10314,160.0,170.7907909206111
12736,169.0,170.7907909206111
20861,165.0,170.7907909206111
19227,176.0,175.83599999999998
23110,174.0,170.7907909206111
8580,174.0,170.7907909206111
18312,158.0,170.7907909206111
11648,167.0,170.7907909206111
16080,178.0,170.7907909206111
23263,171.0,170.7907909206111
14943,175.0,175.17
22813,163.0,170.7907909206111
22496,164.0,170.7907909206111
3974,156.0,170.7907909206111
1439,163.0,170.7907909206111
3208,191.0,190.265
15880,177.0,177.44
10924,145.5,147.93
9095,189.0,170.7907909206111
4381,179.0,170.7907909206111
22944,175.0,170.7907909206111
23348,172.0,170.7907909206111
2087,163.0,163.655
22842,186.0,170.7907909206111
16492,181.0,180.52700000000002
21519,183.0,170.7907909206111
1443,162.5,164.38
19050,179.0,178.505
7454,177.0,170.7907909206111
9410,173.0,170.7907909206111
10411,164.0,170.7907909206111
2781,185.0,170.7907909206111
9882,175.0,170.7907909206111
4378,179.0,170.7907909206111
15174,172.0,170.7907909206111
20452,159.0,170.7907909206111
13505,165.0,170.7907909206111
7504,159.0,170.7907909206111
19445,188.0,189.265
10643,194.0,170.7907909206111
16257,168.0,168.25
1216,165.0,163.98
12637,162.0,170.7907909206111
8286,177.0,170.7907909206111
22820,165.0,170.7907909206111
3580,176.0,175.95
14837,176.0,170.7907909206111
18475,153.0,170.7907909206111
5048,174.0,174.185
18123,179.0,178.6
23317,155.0,170.7907909206111
1529,176.0,175.905
3990,165.0,163.085
17597,168.0,170.7907909206111
15284,164.0,164.21
18122,160.0,170.7907909206111
4960,168.0,170.7907909206111
7070,164.5,170.7907909206111
4100,183.0,170.7907909206111
19075,175.0,170.7907909206111
19168,160.0,159.795
11788,172.0,170.7907909206111
22186,160.0,170.7907909206111
15821,170.0,170.7907909206111
4621,187.0,186.12
10814,161.0,166.77699999999996
10434,160.0,170.7907909206111
1326,153.0,170.7907909206111
6880,164.0,170.7907909206111
8455,172.0,170.7907909206111
11320,153.0,170.7907909206111
8744,176.0,176.135
20405,176.0,170.7907909206111
4050,175.0,170.7907909206111
20692,168.0,170.7907909206111
12940,187.0,170.7907909206111
4174,169.0,170.7907909206111
7330,178.0,170.7907909206111
17809,163.0,170.7907909206111
16180,170.0,170.7907909206111
4451,170.0,170.7907909206111
19213,175.0,170.7907909206111
22615,167.0,170.7907909206111
22894,168.0,170.7907909206111
21688,169.0,170.7907909206111
15016,176.0,175.83
10100,179.0,170.7907909206111
4273,172.0,170.7907909206111
13503,179.0,179.975
5917,164.5,170.7907909206111
795,173.0,170.7907909206111
647,180.0,170.7907909206111
21868,174.0,174.15099999999998
22089,170.0,170.7907909206111
15884,179.0,170.7907909206111
22183,169.0,170.7907909206111
17095,183.0,170.7907909206111
15238,163.0,170.7907909206111
17319,176.0,170.7907909206111
13062,185.0,170.7907909206111
7493,172.0,172.22
17728,186.0,185.29
9228,189.0,187.42
17893,183.0,170.7907909206111
4199,174.0,170.7907909206111
11228,173.0,170.7907909206111
