,y_test,prediction
5650,170.0,170.77321023406893
14648,169.0,170.77321023406893
15194,175.0,170.77321023406893
7863,153.0,170.77321023406893
3376,174.0,170.77321023406893
21311,172.0,170.77321023406893
13965,181.0,185.29702957263294
14466,153.5,153.95823632232882
1513,178.0,170.77321023406893
23174,167.5,170.77321023406893
22298,141.0,142.99851207622447
7752,157.0,170.77321023406893
15369,183.0,170.77321023406893
15513,159.0,170.77321023406893
22748,164.0,170.77321023406893
14731,197.0,170.77321023406893
3514,181.0,170.77321023406893
22570,181.0,170.77321023406893
17732,169.0,170.77321023406893
5972,164.0,170.77321023406893
416,184.0,170.77321023406893
14641,180.0,170.77321023406893
11934,190.0,170.77321023406893
9642,163.0,162.96337505033938
19441,193.0,195.49497408666846
1401,176.0,175.78850240520046
8006,177.0,170.77321023406893
16143,162.0,170.77321023406893
656,159.0,166.89527366478973
784,177.0,170.77321023406893
15713,166.0,170.77321023406893
5043,153.0,153.57828297346276
3471,166.0,170.77321023406893
3618,174.0,173.4170435876768
12676,180.0,170.77321023406893
6273,164.0,170.77321023406893
5831,181.0,170.77321023406893
12302,161.0,170.77321023406893
19917,86.0,170.77321023406893
5921,184.0,170.77321023406893
21604,171.0,170.18121895005186
2104,162.0,170.77321023406893
13681,176.0,170.77321023406893
23829,180.0,170.77321023406893
1915,169.0,170.77321023406893
10417,185.0,170.77321023406893
1176,174.0,173.72343829983112
14160,162.0,156.7405706358366
10106,181.0,170.77321023406893
13824,168.0,170.77321023406893
19833,178.0,177.53680666964163
12829,164.0,164.06067546147892
23490,166.0,170.77321023406893
7615,180.0,170.77321023406893
22742,164.0,170.77321023406893
6997,156.0,170.77321023406893
22795,180.0,170.77321023406893
16649,192.0,170.77321023406893
9503,172.0,171.76254291978492
1472,174.0,173.36398883943036
15813,175.0,175.39518718559884
16586,162.0,170.77321023406893
15418,176.0,174.5596591318977
16499,173.5,173.83758063058696
15207,178.0,170.77321023406893
18187,172.0,170.77321023406893
13626,170.0,170.77321023406893
4775,174.0,180.80705397720592
13076,162.0,170.77321023406893
12317,170.0,170.77321023406893
21520,177.0,170.77321023406893
22118,156.0,170.77321023406893
20375,182.0,170.77321023406893
23776,170.0,170.77321023406893
664,168.0,170.77321023406893
8737,155.0,170.77321023406893
5592,173.0,172.89697824184043
6229,169.0,170.77321023406893
8317,82.5,170.77321023406893
22385,182.0,170.77321023406893
13295,161.0,170.2388643045935
5480,173.0,170.77321023406893
8012,165.0,164.794220496285
12546,174.0,170.77321023406893
22430,182.0,170.77321023406893
23923,174.0,170.77321023406893
12803,184.0,170.77321023406893
5789,168.0,170.77321023406893
189,170.0,170.77321023406893
2978,172.0,170.77321023406893
3420,188.0,170.77321023406893
9101,172.0,170.77321023406893
2378,171.0,170.77321023406893
23225,169.0,170.77321023406893
8343,177.0,170.77321023406893
23951,163.0,170.77321023406893
19800,178.0,170.77321023406893
2322,154.0,170.77321023406893
13364,184.0,183.88792513390877
18323,165.0,165.13648776462372
23715,164.0,170.77321023406893
1523,177.0,170.77321023406893
5613,182.0,170.77321023406893
23541,170.0,170.77321023406893
12280,167.0,170.77321023406893
346,182.0,170.77321023406893
13414,164.0,170.77321023406893
9041,173.0,170.77321023406893
2396,155.0,156.5344214208491
9367,163.0,170.77321023406893
2176,177.0,176.8649741221633
8107,154.0,170.77321023406893
7103,156.0,170.77321023406893
10247,175.0,170.77321023406893
23361,179.0,170.77321023406893
2435,160.0,170.77321023406893
23279,155.0,170.77321023406893
14435,167.0,170.77321023406893
11895,192.0,170.77321023406893
379,167.0,170.77321023406893
14446,163.0,170.77321023406893
23458,178.0,170.77321023406893
8349,171.0,170.77321023406893
8305,171.0,170.61380093281187
10071,162.0,170.77321023406893
1228,166.0,170.77321023406893
1209,163.0,163.20474044307923
3861,164.0,163.43330935056736
19216,174.0,170.77321023406893
11647,167.0,170.77321023406893
2373,172.0,170.77321023406893
2091,178.0,170.77321023406893
5228,169.0,170.77321023406893
18183,179.0,170.77321023406893
3345,188.0,170.77321023406893
2329,170.0,170.77321023406893
1768,168.0,170.77321023406893
18731,159.0,170.77321023406893
11752,171.0,170.77321023406893
7280,164.0,170.77321023406893
2867,189.0,190.23295437589036
17485,180.0,180.0047613349036
10621,173.0,170.77321023406893
21092,175.0,170.77321023406893
18834,172.0,170.77321023406893
18914,173.5,170.77321023406893
21903,183.0,170.77321023406893
1471,180.0,179.64953947828263
18482,189.0,170.77321023406893
9546,166.0,170.77321023406893
7579,177.0,177.59902705812627
4207,168.0,170.77321023406893
22545,193.0,170.77321023406893
19267,173.0,170.77321023406893
4461,166.0,170.77321023406893
22475,167.0,170.77321023406893
4447,170.0,170.77321023406893
18186,179.0,178.97578609249055
22426,181.7,170.77321023406893
23709,167.0,170.77321023406893
18848,172.0,170.77321023406893
3077,177.0,170.77321023406893
19823,168.0,170.77321023406893
20711,166.0,170.77321023406893
9281,173.0,175.9681724198723
5773,167.5,167.71783843293665
2259,188.0,170.77321023406893
13009,157.0,170.77321023406893
5750,165.5,170.77321023406893
14021,178.0,169.5053059847687
16193,197.0,196.3002009247274
4014,185.0,185.80869320123497
7540,169.0,170.77321023406893
8631,175.0,170.77321023406893
12885,169.0,169.56342039434145
15833,181.0,170.77321023406893
6709,166.0,170.77321023406893
861,175.5,170.77321023406893
10199,152.0,156.35068746212923
17684,174.0,170.77321023406893
926,193.0,170.77321023406893
18757,152.0,170.77321023406893
16044,166.0,170.77321023406893
12332,180.0,179.6843338542203
13082,172.0,169.72823596278147
1579,185.0,170.77321023406893
3370,158.0,170.77321023406893
7917,175.0,170.77321023406893
10454,182.0,181.98253093103307
14331,180.0,170.77321023406893
22158,167.0,170.77321023406893
9224,174.0,173.46983916843539
21788,150.0,151.70150066653548
22134,171.0,170.8139691657958
7563,161.0,170.77321023406893
2019,192.0,170.77321023406893
7376,174.0,173.3337250946169
21079,183.0,170.77321023406893
23022,180.0,170.77321023406893
12349,191.0,170.77321023406893
16615,156.0,170.77321023406893
9774,177.0,170.77321023406893
22448,153.0,170.77321023406893
5673,160.0,160.44587247039698
1370,178.0,170.77321023406893
23334,162.0,170.77321023406893
16381,180.0,170.77321023406893
17838,175.0,170.77321023406893
5159,157.0,170.77321023406893
23693,156.0,170.77321023406893
18334,171.0,170.77321023406893
22283,170.0,169.5870202512401
3342,159.0,170.77321023406893
2154,151.0,151.63754139841407
19756,173.0,170.77321023406893
3646,172.5,175.80352361673607
4110,163.0,170.77321023406893
1809,148.0,151.87724190353288
23302,166.0,170.77321023406893
18478,153.0,170.77321023406893
5130,172.0,172.58640312496647
23896,176.0,170.77321023406893
14946,167.0,170.77321023406893
3114,171.0,170.77321023406893
16169,163.0,170.77321023406893
5304,178.4,170.77321023406893
1414,163.0,164.5345968244004
23453,53.0,170.77321023406893
8570,178.0,173.41132393609337
20227,180.0,170.77321023406893
6360,168.0,170.77321023406893
23145,169.0,170.77321023406893
22714,187.0,170.77321023406893
1535,173.0,174.70647774912453
12444,150.0,170.77321023406893
975,177.0,176.08525243659727
9894,168.0,170.77321023406893
3075,172.0,170.77321023406893
21086,183.0,183.55455987282676
1812,189.0,170.77321023406893
10653,175.0,172.6264634254147
11913,169.0,170.77321023406893
22137,163.0,162.0516544686555
16485,163.0,170.77321023406893
23312,154.0,170.77321023406893
12810,176.0,170.77321023406893
2177,173.0,170.77321023406893
12171,163.0,170.77321023406893
23482,167.0,170.77321023406893
19379,165.0,165.81809379658833
3282,166.0,170.77321023406893
565,169.0,170.77321023406893
17562,168.0,170.77321023406893
22969,169.0,170.77321023406893
808,162.0,170.77321023406893
16189,165.0,164.4541678628712
3503,165.0,170.77321023406893
22155,176.0,170.77321023406893
7768,162.0,170.77321023406893
8647,163.0,163.41091150295637
17516,176.0,170.77321023406893
708,165.0,170.77321023406893
17483,175.0,175.38468961082845
6457,175.0,170.77321023406893
13307,144.0,170.77321023406893
23099,183.0,170.77321023406893
21392,177.0,177.76089454413125
9515,185.0,170.77321023406893
7472,182.0,170.77321023406893
23844,167.0,170.77321023406893
11820,167.0,170.77321023406893
14019,174.0,175.7695311265541
4700,179.0,178.40548650310717
2911,178.0,178.97404299882982
4870,176.0,175.81774517926345
17594,183.0,170.77321023406893
9365,161.0,170.77321023406893
18241,174.0,170.77321023406893
14912,180.0,170.77321023406893
21247,171.0,170.77321023406893
1815,163.0,176.56461410211477
21825,153.0,170.77321023406893
18909,185.0,170.77321023406893
5727,166.5,170.77321023406893
6117,180.0,170.77321023406893
21609,168.0,170.77321023406893
14329,154.0,170.77321023406893
8755,151.0,170.77321023406893
16214,175.0,175.0555132680953
6588,175.0,170.77321023406893
1268,156.5,170.77321023406893
17064,162.0,170.77321023406893
8472,159.0,170.77321023406893
18556,157.2,170.77321023406893
17546,175.0,169.8406071559184
1914,186.0,185.66990987001088
21616,175.0,170.77321023406893
12071,186.0,186.1247499709992
17395,178.0,170.77321023406893
15358,180.0,170.77321023406893
9507,170.0,171.4460711724101
4361,178.0,174.438333600281
5426,160.0,170.77321023406893
1449,165.0,170.77321023406893
23484,177.0,170.77321023406893
6526,181.0,182.95865682651004
22351,172.0,170.77321023406893
10372,157.0,170.77321023406893
17572,162.0,170.77321023406893
11195,165.0,169.59664624805305
11277,177.0,174.9904079438166
2715,168.0,169.15440951274053
16252,178.0,177.7031338061824
23407,163.0,170.77321023406893
162,170.0,170.77321023406893
19380,161.0,170.77321023406893
1410,162.5,170.77321023406893
3619,172.0,170.77321023406893
10854,173.0,172.46982158758976
19256,172.0,171.77471572197038
19599,157.0,159.89959959796974
13279,175.0,170.77321023406893
11154,182.0,170.77321023406893
19690,184.0,184.24777229130584
4533,172.0,170.77321023406893
20620,164.0,164.65816326660808
22584,170.0,170.77321023406893
10475,158.0,170.77321023406893
17780,179.0,170.77321023406893
13345,168.0,170.77321023406893
10296,165.0,170.77321023406893
22339,177.0,176.48188610221632
752,165.0,170.77321023406893
1955,175.0,170.77321023406893
5769,169.0,170.23585615459444
5919,160.0,170.77321023406893
1294,165.0,170.77321023406893
14355,161.5,170.77321023406893
19360,163.0,170.77321023406893
23228,169.5,170.77321023406893
1896,148.6,151.44283245041476
20746,165.0,170.77321023406893
17549,183.0,170.77321023406893
14277,165.0,170.77321023406893
4088,155.0,170.77321023406893
1100,175.0,174.73012748499764
10055,166.0,166.71794743557797
1934,177.0,170.77321023406893
4167,168.0,170.77321023406893
10597,183.0,170.77321023406893
22817,172.0,170.77321023406893
23234,170.0,170.77321023406893
16510,170.0,170.77321023406893
23156,160.0,170.77321023406893
11421,157.0,170.77321023406893
14758,164.0,170.77321023406893
10730,175.0,175.1280883747433
905,163.3,163.20941250083146
7629,189.0,189.443368107084
20112,178.0,170.77321023406893
7318,170.0,170.77321023406893
17330,164.0,170.77321023406893
20305,180.0,180.04722466636264
20553,160.0,170.77321023406893
11970,164.0,170.77321023406893
7464,160.5,161.57655215387805
6681,166.0,170.77321023406893
1057,163.0,170.77321023406893
23976,175.0,170.77321023406893
20955,175.0,170.77321023406893
21406,173.0,170.77321023406893
16628,165.0,170.77321023406893
12434,178.0,170.77321023406893
17193,186.5,187.34466642747333
19857,175.0,170.77321023406893
18772,165.5,167.09861260102065
10991,178.0,170.77321023406893
2000,160.0,162.06393564249976
1002,176.0,170.77321023406893
8040,189.0,170.77321023406893
8828,167.0,170.77321023406893
1666,171.0,170.2632303399531
19777,168.0,170.41096898278005
3802,162.0,170.77321023406893
7127,180.0,170.77321023406893
4244,179.0,170.77321023406893
23601,174.0,170.77321023406893
2775,184.0,170.77321023406893
12735,173.0,172.7170863932823
15446,175.5,170.77321023406893
5767,164.0,163.90411634993987
16104,168.0,167.49382993671378
11281,166.0,165.52561849172446
4939,168.0,170.77321023406893
9834,136.0,170.77321023406893
22271,193.0,170.77321023406893
9854,158.0,170.77321023406893
5376,168.0,170.77321023406893
586,163.0,170.77321023406893
16117,183.0,170.77321023406893
4406,165.0,164.9858897186598
20197,168.0,175.6462163782706
1693,82.5,163.69060525135487
11760,167.0,170.77321023406893
3703,158.0,170.77321023406893
23090,177.0,170.77321023406893
19519,156.0,170.77321023406893
8199,157.0,170.77321023406893
23252,161.0,170.77321023406893
2441,176.0,170.77321023406893
1881,180.0,179.1182452760608
2691,150.0,170.77321023406893
10935,156.0,170.77321023406893
10752,162.0,162.0559762938176
20636,170.0,170.77321023406893
9849,181.0,170.77321023406893
23233,183.0,170.77321023406893
11836,174.0,170.77321023406893
10629,192.0,190.6261306798475
20149,162.0,170.77321023406893
9468,159.0,170.77321023406893
17403,171.0,170.77321023406893
8461,173.0,170.77321023406893
8363,169.0,170.27486013991316
15735,158.0,170.77321023406893
3039,173.0,170.77321023406893
18514,160.0,170.77321023406893
8863,180.0,170.77321023406893
13652,158.0,156.73343475247708
5744,167.0,166.97263041477163
9711,176.0,170.77321023406893
10230,164.0,164.77737043493897
24,182.0,170.77321023406893
10550,161.0,162.46136165969247
6322,172.0,170.77321023406893
23353,174.0,170.77321023406893
4344,163.0,170.77321023406893
11408,176.0,170.77321023406893
16938,189.0,170.77321023406893
23907,187.0,170.77321023406893
3209,165.0,170.77321023406893
22709,165.0,170.77321023406893
4042,182.0,180.3929099523536
14993,168.0,170.77321023406893
4915,174.0,170.77321023406893
1644,179.0,180.16951363057106
4832,168.0,170.77321023406893
9100,164.0,170.77321023406893
2617,171.0,170.5618186641441
1981,172.0,170.77321023406893
9957,180.0,179.75600763232336
18103,163.0,162.8790156574916
20077,162.0,170.77321023406893
2387,166.0,170.77321023406893
5349,156.0,170.77321023406893
1255,171.0,170.83510142285695
15760,190.0,184.60038353153152
1422,177.0,170.77321023406893
2017,157.0,157.5057618783037
19377,170.0,168.83794268376343
8062,160.0,161.6481982910126
5935,195.0,170.77321023406893
8929,178.0,175.81000122894324
23758,172.0,170.77321023406893
11356,165.0,170.77321023406893
15854,181.5,170.77321023406893
426,163.0,170.77321023406893
1456,180.0,170.77321023406893
14356,156.5,170.77321023406893
23404,174.0,170.77321023406893
3169,185.0,184.58602788007013
6662,180.0,180.2948171821746
21720,168.0,170.77321023406893
1865,164.0,164.67587608900476
12788,187.0,170.77321023406893
15803,176.0,170.77321023406893
13162,182.0,170.77321023406893
22322,174.0,170.77321023406893
3757,161.0,170.77321023406893
5214,150.0,170.77321023406893
10708,167.0,170.77321023406893
18571,178.0,177.02641070759057
18418,150.5,170.77321023406893
13758,170.0,170.77321023406893
4154,169.0,170.77321023406893
8055,171.0,173.5582794363018
12993,163.0,170.77321023406893
4788,174.0,170.77321023406893
3255,167.0,166.78175621397406
3417,185.0,170.77321023406893
7640,185.0,170.77321023406893
15521,158.0,170.77321023406893
8878,163.0,170.77321023406893
6280,161.0,170.77321023406893
17290,158.0,170.77321023406893
8389,147.0,170.77321023406893
3289,172.0,170.77321023406893
3970,173.0,170.77321023406893
2793,161.0,161.01371157888462
20583,172.0,170.77321023406893
22551,186.0,170.77321023406893
6194,175.0,170.77321023406893
1501,177.0,176.7416751394978
4095,163.0,170.77321023406893
10742,146.0,151.16947838612694
22849,165.0,170.77321023406893
12684,168.0,170.77321023406893
15559,163.0,170.77321023406893
11237,168.0,170.77321023406893
5763,170.0,170.77321023406893
6165,176.0,170.77321023406893
5791,162.0,161.93147076155407
11433,172.0,170.77321023406893
1861,157.0,157.43141836783423
14507,159.0,162.19095914699932
21163,176.0,176.0958818412695
13209,172.0,170.77321023406893
5272,170.0,173.25481076736375
21531,169.0,170.77321023406893
22959,171.0,170.77321023406893
21677,172.0,170.77321023406893
15140,185.0,170.77321023406893
10832,164.0,164.3224043815106
6352,168.0,170.77321023406893
6953,168.0,170.77321023406893
20357,169.0,168.3239762671031
15799,176.0,170.77321023406893
3644,172.2,170.77321023406893
17635,173.0,172.02462975760193
16287,181.0,181.18531134079143
14503,169.0,168.58378284085757
12526,168.0,170.77321023406893
7797,161.0,163.96719094522132
13395,164.0,163.91074757559795
9826,168.0,166.91409778629702
18319,179.0,170.77321023406893
13139,158.5,170.77321023406893
7610,182.0,170.77321023406893
23081,181.0,170.77321023406893
12355,177.0,170.77321023406893
16575,158.0,170.77321023406893
7683,154.0,170.77321023406893
2157,161.5,170.77321023406893
11655,167.0,170.77321023406893
3824,169.0,170.77321023406893
7236,160.0,170.77321023406893
19372,170.0,170.77321023406893
12960,177.0,170.77321023406893
11389,179.0,170.77321023406893
17658,169.0,170.77321023406893
4424,170.0,169.658244816381
23381,169.0,170.77321023406893
5844,162.0,170.77321023406893
21478,154.0,170.77321023406893
8965,182.0,181.81213163460055
21571,158.0,170.77321023406893
14561,174.0,170.77321023406893
4938,156.0,170.77321023406893
5694,160.0,170.77321023406893
22619,160.0,170.77321023406893
334,185.0,170.77321023406893
15432,180.0,170.77321023406893
5430,155.0,170.77321023406893
23796,196.0,170.77321023406893
21710,174.0,170.77321023406893
23454,167.0,170.77321023406893
12288,157.0,158.362511358497
770,179.0,170.77321023406893
11757,166.0,170.77321023406893
15412,167.0,170.77321023406893
13473,170.0,169.50511374869203
17855,169.0,170.77321023406893
7044,184.0,170.77321023406893
405,163.0,170.77321023406893
23120,158.0,170.77321023406893
18341,164.0,167.92789705686977
13717,73.0,170.77321023406893
22773,168.0,170.77321023406893
2584,180.0,170.77321023406893
10314,160.0,170.77321023406893
12736,169.0,170.77321023406893
20861,165.0,170.77321023406893
19227,176.0,175.03975056990254
23110,174.0,170.77321023406893
8580,174.0,170.77321023406893
18312,158.0,170.77321023406893
11648,167.0,170.77321023406893
16080,178.0,170.77321023406893
23263,171.0,170.77321023406893
14943,175.0,175.0670019689785
22813,163.0,170.77321023406893
22496,164.0,170.77321023406893
3974,156.0,170.77321023406893
1439,163.0,170.77321023406893
3208,191.0,190.1934949630754
15880,177.0,177.41647076913367
10924,145.5,148.55412522835135
9095,189.0,170.77321023406893
4381,179.0,170.77321023406893
22944,175.0,170.77321023406893
23348,172.0,170.77321023406893
2087,163.0,164.78207745168956
22842,186.0,170.77321023406893
16492,181.0,179.81617577622325
21519,183.0,170.77321023406893
1443,162.5,164.54848053762885
19050,179.0,178.21873879315632
7454,177.0,170.77321023406893
9410,173.0,170.77321023406893
10411,164.0,170.77321023406893
2781,185.0,170.77321023406893
9882,175.0,170.77321023406893
4378,179.0,170.77321023406893
15174,172.0,170.77321023406893
20452,159.0,170.77321023406893
13505,165.0,170.77321023406893
7504,159.0,170.77321023406893
19445,188.0,189.55310871631616
10643,194.0,170.77321023406893
16257,168.0,167.59358481445338
1216,165.0,163.9295000339521
12637,162.0,170.77321023406893
8286,177.0,170.77321023406893
22820,165.0,170.77321023406893
3580,176.0,175.3468894813376
14837,176.0,170.77321023406893
18475,153.0,170.77321023406893
5048,174.0,173.36670830952465
18123,179.0,178.83752316735956
23317,155.0,170.77321023406893
1529,176.0,176.53106176742557
3990,165.0,164.29430799343066
17597,168.0,170.77321023406893
15284,164.0,164.0216467295068
18122,160.0,170.77321023406893
4960,168.0,170.77321023406893
7070,164.5,170.77321023406893
4100,183.0,170.77321023406893
19075,175.0,170.77321023406893
19168,160.0,160.13287767310476
11788,172.0,170.77321023406893
22186,160.0,170.77321023406893
15821,170.0,170.77321023406893
4621,187.0,185.72706921456205
10814,161.0,161.41891794352125
10434,160.0,170.77321023406893
1326,153.0,170.77321023406893
6880,164.0,170.77321023406893
8455,172.0,170.77321023406893
11320,153.0,170.77321023406893
8744,176.0,175.47827714748342
20405,176.0,170.77321023406893
4050,175.0,170.77321023406893
20692,168.0,170.77321023406893
12940,187.0,170.77321023406893
4174,169.0,170.77321023406893
7330,178.0,170.77321023406893
17809,163.0,170.77321023406893
16180,170.0,170.77321023406893
4451,170.0,170.77321023406893
19213,175.0,170.77321023406893
22615,167.0,170.77321023406893
22894,168.0,170.77321023406893
21688,169.0,170.77321023406893
15016,176.0,175.9558186108053
10100,179.0,170.77321023406893
4273,172.0,170.77321023406893
13503,179.0,179.78424204658745
5917,164.5,170.77321023406893
795,173.0,170.77321023406893
647,180.0,170.77321023406893
21868,174.0,174.4153099164301
22089,170.0,170.77321023406893
15884,179.0,170.77321023406893
22183,169.0,170.77321023406893
17095,183.0,170.77321023406893
15238,163.0,170.77321023406893
17319,176.0,170.77321023406893
13062,185.0,170.77321023406893
7493,172.0,171.8917207725944
17728,186.0,186.85252647807656
9228,189.0,190.10764498805108
17893,183.0,170.77321023406893
4199,174.0,170.77321023406893
11228,173.0,170.77321023406893
