,y_test,prediction
5650,170.0,170.7627898578899
14648,169.0,170.7627898578899
15194,175.0,170.7627898578899
7863,153.0,170.7627898578899
3376,174.0,170.7627898578899
21311,172.0,170.7627898578899
13965,181.0,184.72730859777178
14466,153.5,154.27341234329543
1513,178.0,170.7627898578899
23174,167.5,170.7627898578899
22298,141.0,140.68819242939733
7752,157.0,170.7627898578899
15369,183.0,170.7627898578899
15513,159.0,170.7627898578899
22748,164.0,170.7627898578899
14731,197.0,170.7627898578899
3514,181.0,170.7627898578899
22570,181.0,170.7627898578899
17732,169.0,170.7627898578899
5972,164.0,170.7627898578899
416,184.0,170.7627898578899
14641,180.0,170.7627898578899
11934,190.0,170.7627898578899
9642,163.0,162.83996394771677
19441,193.0,193.64451953293857
1401,176.0,175.87724655974438
8006,177.0,170.7627898578899
16143,162.0,170.7627898578899
656,159.0,165.43051414000385
784,177.0,170.7627898578899
15713,166.0,170.7627898578899
5043,153.0,152.98416735640131
3471,166.0,170.7627898578899
3618,174.0,173.88474880539064
12676,180.0,170.7627898578899
6273,164.0,170.7627898578899
5831,181.0,170.7627898578899
12302,161.0,170.7627898578899
19917,86.0,170.7627898578899
5921,184.0,170.7627898578899
21604,171.0,170.61355854325902
2104,162.0,170.7627898578899
13681,176.0,170.7627898578899
23829,180.0,170.7627898578899
1915,169.0,170.7627898578899
10417,185.0,170.7627898578899
1176,174.0,173.78567573578988
14160,162.0,157.010833759262
10106,181.0,170.7627898578899
13824,168.0,170.7627898578899
19833,178.0,177.72264563891082
12829,164.0,164.57739098020375
23490,166.0,170.7627898578899
7615,180.0,170.7627898578899
22742,164.0,170.7627898578899
6997,156.0,170.7627898578899
22795,180.0,170.7627898578899
16649,192.0,170.7627898578899
9503,172.0,172.0162235020655
1472,174.0,173.8697198210127
15813,175.0,175.19675942253673
16586,162.0,170.7627898578899
15418,176.0,174.7437060624356
16499,173.5,173.72972486941504
15207,178.0,170.7627898578899
18187,172.0,170.7627898578899
13626,170.0,170.7627898578899
4775,174.0,180.13908102613976
13076,162.0,170.7627898578899
12317,170.0,170.7627898578899
21520,177.0,170.7627898578899
22118,156.0,170.7627898578899
20375,182.0,170.7627898578899
23776,170.0,170.7627898578899
664,168.0,170.7627898578899
8737,155.0,170.7627898578899
5592,173.0,173.05568807407448
6229,169.0,170.7627898578899
8317,82.5,170.7627898578899
22385,182.0,170.7627898578899
13295,161.0,170.6952745492494
5480,173.0,170.7627898578899
8012,165.0,164.76095388792533
12546,174.0,170.7627898578899
22430,182.0,170.7627898578899
23923,174.0,170.7627898578899
12803,184.0,170.7627898578899
5789,168.0,170.7627898578899
189,170.0,170.7627898578899
2978,172.0,170.7627898578899
3420,188.0,170.7627898578899
9101,172.0,170.7627898578899
2378,171.0,170.7627898578899
23225,169.0,170.7627898578899
8343,177.0,170.7627898578899
23951,163.0,170.7627898578899
19800,178.0,170.7627898578899
2322,154.0,170.7627898578899
13364,184.0,183.58303830247127
18323,165.0,164.62417784349836
23715,164.0,170.7627898578899
1523,177.0,170.7627898578899
5613,182.0,170.7627898578899
23541,170.0,170.7627898578899
12280,167.0,170.7627898578899
346,182.0,170.7627898578899
13414,164.0,170.7627898578899
9041,173.0,170.7627898578899
2396,155.0,155.660343546881
9367,163.0,170.7627898578899
2176,177.0,176.86225306384927
8107,154.0,170.7627898578899
7103,156.0,170.7627898578899
10247,175.0,170.7627898578899
23361,179.0,170.7627898578899
2435,160.0,170.7627898578899
23279,155.0,170.7627898578899
14435,167.0,170.7627898578899
11895,192.0,170.7627898578899
379,167.0,170.7627898578899
14446,163.0,170.7627898578899
23458,178.0,170.7627898578899
8349,171.0,170.7627898578899
8305,171.0,170.55135615182894
10071,162.0,170.7627898578899
1228,166.0,170.7627898578899
1209,163.0,163.12064370873392
3861,164.0,163.05311083921185
19216,174.0,170.7627898578899
11647,167.0,170.7627898578899
2373,172.0,170.7627898578899
2091,178.0,170.7627898578899
5228,169.0,170.7627898578899
18183,179.0,170.7627898578899
3345,188.0,170.7627898578899
2329,170.0,170.7627898578899
1768,168.0,170.7627898578899
18731,159.0,170.7627898578899
11752,171.0,170.7627898578899
7280,164.0,170.7627898578899
2867,189.0,189.3833404117054
17485,180.0,180.09229066829155
10621,173.0,170.7627898578899
21092,175.0,170.7627898578899
18834,172.0,170.7627898578899
18914,173.5,170.7627898578899
21903,183.0,170.7627898578899
1471,180.0,179.6118901879903
18482,189.0,170.7627898578899
9546,166.0,170.7627898578899
7579,177.0,177.77607850156937
4207,168.0,170.7627898578899
22545,193.0,170.7627898578899
19267,173.0,170.7627898578899
4461,166.0,170.7627898578899
22475,167.0,170.7627898578899
4447,170.0,170.7627898578899
18186,179.0,178.83421337103954
22426,181.7,170.7627898578899
23709,167.0,170.7627898578899
18848,172.0,170.7627898578899
3077,177.0,170.7627898578899
19823,168.0,170.7627898578899
20711,166.0,170.7627898578899
9281,173.0,175.58506871805062
5773,167.5,167.54282243436228
2259,188.0,170.7627898578899
13009,157.0,170.7627898578899
5750,165.5,170.7627898578899
14021,178.0,169.98579550392873
16193,197.0,194.80567619732702
4014,185.0,185.39375432927616
7540,169.0,170.7627898578899
8631,175.0,170.7627898578899
12885,169.0,169.91117027453603
15833,181.0,170.7627898578899
6709,166.0,170.7627898578899
861,175.5,170.7627898578899
10199,152.0,156.2342090146392
17684,174.0,170.7627898578899
926,193.0,170.7627898578899
18757,152.0,170.7627898578899
16044,166.0,170.7627898578899
12332,180.0,179.68682551436643
13082,172.0,170.050622246723
1579,185.0,170.7627898578899
3370,158.0,170.7627898578899
7917,175.0,170.7627898578899
10454,182.0,181.8202505231197
14331,180.0,170.7627898578899
22158,167.0,170.7627898578899
9224,174.0,173.79704105809645
21788,150.0,150.52398991894592
22134,171.0,171.198885207074
7563,161.0,170.7627898578899
2019,192.0,170.7627898578899
7376,174.0,173.55017653167954
21079,183.0,170.7627898578899
23022,180.0,170.7627898578899
12349,191.0,170.7627898578899
16615,156.0,170.7627898578899
9774,177.0,170.7627898578899
22448,153.0,170.7627898578899
5673,160.0,160.96821990413957
1370,178.0,170.7627898578899
23334,162.0,170.7627898578899
16381,180.0,170.7627898578899
17838,175.0,170.7627898578899
5159,157.0,170.7627898578899
23693,156.0,170.7627898578899
18334,171.0,170.7627898578899
22283,170.0,169.9516193106388
3342,159.0,170.7627898578899
2154,151.0,151.47558723221744
19756,173.0,170.7627898578899
3646,172.5,176.0063503444968
4110,163.0,170.7627898578899
1809,148.0,151.8222018430812
23302,166.0,170.7627898578899
18478,153.0,170.7627898578899
5130,172.0,172.98017899362642
23896,176.0,170.7627898578899
14946,167.0,170.7627898578899
3114,171.0,170.7627898578899
16169,163.0,170.7627898578899
5304,178.4,170.7627898578899
1414,163.0,164.81200499554484
23453,53.0,170.7627898578899
8570,178.0,173.87634259213067
20227,180.0,170.7627898578899
6360,168.0,170.7627898578899
23145,169.0,170.7627898578899
22714,187.0,170.7627898578899
1535,173.0,174.71485048361131
12444,150.0,170.7627898578899
975,177.0,176.17866089211236
9894,168.0,170.7627898578899
3075,172.0,170.7627898578899
21086,183.0,183.1229356753531
1812,189.0,170.7627898578899
10653,175.0,172.85950335113404
11913,169.0,170.7627898578899
22137,163.0,162.20850367068016
16485,163.0,170.7627898578899
23312,154.0,170.7627898578899
12810,176.0,170.7627898578899
2177,173.0,170.7627898578899
12171,163.0,170.7627898578899
23482,167.0,170.7627898578899
19379,165.0,166.12056059859373
3282,166.0,170.7627898578899
565,169.0,170.7627898578899
17562,168.0,170.7627898578899
22969,169.0,170.7627898578899
808,162.0,170.7627898578899
16189,165.0,165.55480954323772
3503,165.0,170.7627898578899
22155,176.0,170.7627898578899
7768,162.0,170.7627898578899
8647,163.0,164.39955078984283
17516,176.0,170.7627898578899
708,165.0,170.7627898578899
17483,175.0,175.27239645648783
6457,175.0,170.7627898578899
13307,144.0,170.7627898578899
23099,183.0,170.7627898578899
21392,177.0,177.38923165430256
9515,185.0,170.7627898578899
7472,182.0,170.7627898578899
23844,167.0,170.7627898578899
11820,167.0,170.7627898578899
14019,174.0,175.90344293564377
4700,179.0,178.6514892889144
2911,178.0,178.8488393154312
4870,176.0,176.03916873477485
17594,183.0,170.7627898578899
9365,161.0,170.7627898578899
18241,174.0,170.7627898578899
14912,180.0,170.7627898578899
21247,171.0,170.7627898578899
1815,163.0,176.6307857614453
21825,153.0,170.7627898578899
18909,185.0,170.7627898578899
5727,166.5,170.7627898578899
6117,180.0,170.7627898578899
21609,168.0,170.7627898578899
14329,154.0,170.7627898578899
8755,151.0,170.7627898578899
16214,175.0,175.30966597098438
6588,175.0,170.7627898578899
1268,156.5,170.7627898578899
17064,162.0,170.7627898578899
8472,159.0,170.7627898578899
18556,157.2,170.7627898578899
17546,175.0,170.13017123202036
1914,186.0,185.01256595245343
21616,175.0,170.7627898578899
12071,186.0,185.4902146989448
17395,178.0,170.7627898578899
15358,180.0,170.7627898578899
9507,170.0,171.64910235324822
4361,178.0,174.65110238020065
5426,160.0,170.7627898578899
1449,165.0,170.7627898578899
23484,177.0,170.7627898578899
6526,181.0,182.80939549843103
22351,172.0,170.7627898578899
10372,157.0,170.7627898578899
17572,162.0,170.7627898578899
11195,165.0,170.13271328961497
11277,177.0,175.09180787275014
2715,168.0,169.74122757068284
16252,178.0,177.88466434024406
23407,163.0,170.7627898578899
162,170.0,170.7627898578899
19380,161.0,170.7627898578899
1410,162.5,170.7627898578899
3619,172.0,170.7627898578899
10854,173.0,172.79214394485805
19256,172.0,172.403559747644
19599,157.0,160.11059773791283
13279,175.0,170.7627898578899
11154,182.0,170.7627898578899
19690,184.0,183.99650209261438
4533,172.0,170.7627898578899
20620,164.0,164.80659558970345
22584,170.0,170.7627898578899
10475,158.0,170.7627898578899
17780,179.0,170.7627898578899
13345,168.0,170.7627898578899
10296,165.0,170.7627898578899
22339,177.0,176.63314469413268
752,165.0,170.7627898578899
1955,175.0,170.7627898578899
5769,169.0,170.37677949474985
5919,160.0,170.7627898578899
1294,165.0,170.7627898578899
14355,161.5,170.7627898578899
19360,163.0,170.7627898578899
23228,169.5,170.7627898578899
1896,148.6,150.83768933054967
20746,165.0,170.7627898578899
17549,183.0,170.7627898578899
14277,165.0,170.7627898578899
4088,155.0,170.7627898578899
1100,175.0,174.99403749538865
10055,166.0,167.0351683971527
1934,177.0,170.7627898578899
4167,168.0,170.7627898578899
10597,183.0,170.7627898578899
22817,172.0,170.7627898578899
23234,170.0,170.7627898578899
16510,170.0,170.7627898578899
23156,160.0,170.7627898578899
11421,157.0,170.7627898578899
14758,164.0,170.7627898578899
10730,175.0,174.95001142842668
905,163.3,163.43114194072032
7629,189.0,188.6729842818396
20112,178.0,170.7627898578899
7318,170.0,170.7627898578899
17330,164.0,170.7627898578899
20305,180.0,179.96487882175072
20553,160.0,170.7627898578899
11970,164.0,170.7627898578899
7464,160.5,161.8880215750467
6681,166.0,170.7627898578899
1057,163.0,170.7627898578899
23976,175.0,170.7627898578899
20955,175.0,170.7627898578899
21406,173.0,170.7627898578899
16628,165.0,170.7627898578899
12434,178.0,170.7627898578899
17193,186.5,186.73644413901326
19857,175.0,170.7627898578899
18772,165.5,167.5731767111284
10991,178.0,170.7627898578899
2000,160.0,162.3265965807161
1002,176.0,170.7627898578899
8040,189.0,170.7627898578899
8828,167.0,170.7627898578899
1666,171.0,171.14574633297642
19777,168.0,170.88309409322542
3802,162.0,170.7627898578899
7127,180.0,170.7627898578899
4244,179.0,170.7627898578899
23601,174.0,170.7627898578899
2775,184.0,170.7627898578899
12735,173.0,173.4513727120887
15446,175.5,170.7627898578899
5767,164.0,164.1936328440329
16104,168.0,167.63785990556792
11281,166.0,166.0453454749852
4939,168.0,170.7627898578899
9834,136.0,170.7627898578899
22271,193.0,170.7627898578899
9854,158.0,170.7627898578899
5376,168.0,170.7627898578899
586,163.0,170.7627898578899
16117,183.0,170.7627898578899
4406,165.0,165.70262936371003
20197,168.0,175.21411034381742
1693,82.5,164.12850764951875
11760,167.0,170.7627898578899
3703,158.0,170.7627898578899
23090,177.0,170.7627898578899
19519,156.0,170.7627898578899
8199,157.0,170.7627898578899
23252,161.0,170.7627898578899
2441,176.0,170.7627898578899
1881,180.0,179.71592126410465
2691,150.0,170.7627898578899
10935,156.0,170.7627898578899
10752,162.0,162.5619753673321
20636,170.0,170.7627898578899
9849,181.0,170.7627898578899
23233,183.0,170.7627898578899
11836,174.0,170.7627898578899
10629,192.0,189.94949890283775
20149,162.0,170.7627898578899
9468,159.0,170.7627898578899
17403,171.0,170.7627898578899
8461,173.0,170.7627898578899
8363,169.0,170.17935640065744
15735,158.0,170.7627898578899
3039,173.0,170.7627898578899
18514,160.0,170.7627898578899
8863,180.0,170.7627898578899
13652,158.0,156.0461150704551
5744,167.0,166.53759190915298
9711,176.0,170.7627898578899
10230,164.0,164.84491959167076
24,182.0,170.7627898578899
10550,161.0,163.29691527923816
6322,172.0,170.7627898578899
23353,174.0,170.7627898578899
4344,163.0,170.7627898578899
11408,176.0,170.7627898578899
16938,189.0,170.7627898578899
23907,187.0,170.7627898578899
3209,165.0,170.7627898578899
22709,165.0,170.7627898578899
4042,182.0,180.38777997447147
14993,168.0,170.7627898578899
4915,174.0,170.7627898578899
1644,179.0,179.79829462564402
4832,168.0,170.7627898578899
9100,164.0,170.7627898578899
2617,171.0,171.06637592968553
1981,172.0,170.7627898578899
9957,180.0,179.9836618365414
18103,163.0,163.47999425320282
20077,162.0,170.7627898578899
2387,166.0,170.7627898578899
5349,156.0,170.7627898578899
1255,171.0,170.90980183797075
15760,190.0,184.28146971223924
1422,177.0,170.7627898578899
2017,157.0,157.98707061807156
19377,170.0,169.27291852863667
8062,160.0,161.8322104934596
5935,195.0,170.7627898578899
8929,178.0,176.57440783802107
23758,172.0,170.7627898578899
11356,165.0,170.7627898578899
15854,181.5,170.7627898578899
426,163.0,170.7627898578899
1456,180.0,170.7627898578899
14356,156.5,170.7627898578899
23404,174.0,170.7627898578899
3169,185.0,184.38358264026803
6662,180.0,179.9111220701739
21720,168.0,170.7627898578899
1865,164.0,165.00046550347292
12788,187.0,170.7627898578899
15803,176.0,170.7627898578899
13162,182.0,170.7627898578899
22322,174.0,170.7627898578899
3757,161.0,170.7627898578899
5214,150.0,170.7627898578899
10708,167.0,170.7627898578899
18571,178.0,177.6050206892442
18418,150.5,170.7627898578899
13758,170.0,170.7627898578899
4154,169.0,170.7627898578899
8055,171.0,173.9037679365233
12993,163.0,170.7627898578899
4788,174.0,170.7627898578899
3255,167.0,166.88971437234974
3417,185.0,170.7627898578899
7640,185.0,170.7627898578899
15521,158.0,170.7627898578899
8878,163.0,170.7627898578899
6280,161.0,170.7627898578899
17290,158.0,170.7627898578899
8389,147.0,170.7627898578899
3289,172.0,170.7627898578899
3970,173.0,170.7627898578899
2793,161.0,161.23930983477888
20583,172.0,170.7627898578899
22551,186.0,170.7627898578899
6194,175.0,170.7627898578899
1501,177.0,176.76637766257198
4095,163.0,170.7627898578899
10742,146.0,150.96946046327923
22849,165.0,170.7627898578899
12684,168.0,170.7627898578899
15559,163.0,170.7627898578899
11237,168.0,170.7627898578899
5763,170.0,170.7627898578899
6165,176.0,170.7627898578899
5791,162.0,161.8775543164543
11433,172.0,170.7627898578899
1861,157.0,157.6294676696164
14507,159.0,162.4025582944551
21163,176.0,175.7990148614832
13209,172.0,170.7627898578899
5272,170.0,173.23820423657443
21531,169.0,170.7627898578899
22959,171.0,170.7627898578899
21677,172.0,170.7627898578899
15140,185.0,170.7627898578899
10832,164.0,164.77897140676092
6352,168.0,170.7627898578899
6953,168.0,170.7627898578899
20357,169.0,169.26985083869562
15799,176.0,170.7627898578899
3644,172.2,170.7627898578899
17635,173.0,172.3714594991882
16287,181.0,180.7594862300552
14503,169.0,169.41537026396855
12526,168.0,170.7627898578899
7797,161.0,164.76133333287646
13395,164.0,163.6988880243029
9826,168.0,167.35969458810942
18319,179.0,170.7627898578899
13139,158.5,170.7627898578899
7610,182.0,170.7627898578899
23081,181.0,170.7627898578899
12355,177.0,170.7627898578899
16575,158.0,170.7627898578899
7683,154.0,170.7627898578899
2157,161.5,170.7627898578899
11655,167.0,170.7627898578899
3824,169.0,170.7627898578899
7236,160.0,170.7627898578899
19372,170.0,170.7627898578899
12960,177.0,170.7627898578899
11389,179.0,170.7627898578899
17658,169.0,170.7627898578899
4424,170.0,170.40741371336415
23381,169.0,170.7627898578899
5844,162.0,170.7627898578899
21478,154.0,170.7627898578899
8965,182.0,181.1242172789104
21571,158.0,170.7627898578899
14561,174.0,170.7627898578899
4938,156.0,170.7627898578899
5694,160.0,170.7627898578899
22619,160.0,170.7627898578899
334,185.0,170.7627898578899
15432,180.0,170.7627898578899
5430,155.0,170.7627898578899
23796,196.0,170.7627898578899
21710,174.0,170.7627898578899
23454,167.0,170.7627898578899
12288,157.0,158.61506705225602
770,179.0,170.7627898578899
11757,166.0,170.7627898578899
15412,167.0,170.7627898578899
13473,170.0,169.86220994269135
17855,169.0,170.7627898578899
7044,184.0,170.7627898578899
405,163.0,170.7627898578899
23120,158.0,170.7627898578899
18341,164.0,168.0063271348903
13717,73.0,170.7627898578899
22773,168.0,170.7627898578899
2584,180.0,170.7627898578899
10314,160.0,170.7627898578899
12736,169.0,170.7627898578899
20861,165.0,170.7627898578899
19227,176.0,175.67577345086627
23110,174.0,170.7627898578899
8580,174.0,170.7627898578899
18312,158.0,170.7627898578899
11648,167.0,170.7627898578899
16080,178.0,170.7627898578899
23263,171.0,170.7627898578899
14943,175.0,174.89923411759014
22813,163.0,170.7627898578899
22496,164.0,170.7627898578899
3974,156.0,170.7627898578899
1439,163.0,170.7627898578899
3208,191.0,189.3786656391259
15880,177.0,177.31480218117633
10924,145.5,147.19569055563917
9095,189.0,170.7627898578899
4381,179.0,170.7627898578899
22944,175.0,170.7627898578899
23348,172.0,170.7627898578899
2087,163.0,164.91469111929067
22842,186.0,170.7627898578899
16492,181.0,180.03354868129347
21519,183.0,170.7627898578899
1443,162.5,164.74254487510592
19050,179.0,178.55799813391266
7454,177.0,170.7627898578899
9410,173.0,170.7627898578899
10411,164.0,170.7627898578899
2781,185.0,170.7627898578899
9882,175.0,170.7627898578899
4378,179.0,170.7627898578899
15174,172.0,170.7627898578899
20452,159.0,170.7627898578899
13505,165.0,170.7627898578899
7504,159.0,170.7627898578899
19445,188.0,188.74240095447087
10643,194.0,170.7627898578899
16257,168.0,168.2892650020412
1216,165.0,164.09297996393315
12637,162.0,170.7627898578899
8286,177.0,170.7627898578899
22820,165.0,170.7627898578899
3580,176.0,175.66505335478266
14837,176.0,170.7627898578899
18475,153.0,170.7627898578899
5048,174.0,173.65445473058207
18123,179.0,178.94422370898408
23317,155.0,170.7627898578899
1529,176.0,176.2366409470052
3990,165.0,164.94474217653118
17597,168.0,170.7627898578899
15284,164.0,164.75167806653113
18122,160.0,170.7627898578899
4960,168.0,170.7627898578899
7070,164.5,170.7627898578899
4100,183.0,170.7627898578899
19075,175.0,170.7627898578899
19168,160.0,161.60487307150183
11788,172.0,170.7627898578899
22186,160.0,170.7627898578899
15821,170.0,170.7627898578899
4621,187.0,185.66189618879346
10814,161.0,161.90762014677142
10434,160.0,170.7627898578899
1326,153.0,170.7627898578899
6880,164.0,170.7627898578899
8455,172.0,170.7627898578899
11320,153.0,170.7627898578899
8744,176.0,175.83003964274172
20405,176.0,170.7627898578899
4050,175.0,170.7627898578899
20692,168.0,170.7627898578899
12940,187.0,170.7627898578899
4174,169.0,170.7627898578899
7330,178.0,170.7627898578899
17809,163.0,170.7627898578899
16180,170.0,170.7627898578899
4451,170.0,170.7627898578899
19213,175.0,170.7627898578899
22615,167.0,170.7627898578899
22894,168.0,170.7627898578899
21688,169.0,170.7627898578899
15016,176.0,176.15524109366294
10100,179.0,170.7627898578899
4273,172.0,170.7627898578899
13503,179.0,179.64361553922998
5917,164.5,170.7627898578899
795,173.0,170.7627898578899
647,180.0,170.7627898578899
21868,174.0,174.1454240650796
22089,170.0,170.7627898578899
15884,179.0,170.7627898578899
22183,169.0,170.7627898578899
17095,183.0,170.7627898578899
15238,163.0,170.7627898578899
17319,176.0,170.7627898578899
13062,185.0,170.7627898578899
7493,172.0,171.80513971148258
17728,186.0,186.03802466602409
9228,189.0,189.04968232138074
17893,183.0,170.7627898578899
4199,174.0,170.7627898578899
11228,173.0,170.7627898578899
