,y_test,prediction
5650,170.0,170.79079092061107
14648,169.0,170.79079092061107
15194,175.0,170.79079092061107
7863,153.0,170.79079092061107
3376,174.0,170.79079092061107
21311,172.0,170.79079092061107
13965,181.0,184.155
14466,153.5,153.75
1513,178.0,170.79079092061107
23174,167.5,170.79079092061107
22298,141.0,149.44
7752,157.0,170.79079092061107
15369,183.0,170.79079092061107
15513,159.0,170.79079092061107
22748,164.0,170.79079092061107
14731,197.0,170.79079092061107
3514,181.0,170.79079092061107
22570,181.0,170.79079092061107
17732,169.0,170.79079092061107
5972,164.0,170.79079092061107
416,184.0,170.79079092061107
14641,180.0,170.79079092061107
11934,190.0,170.79079092061107
9642,163.0,163.918
19441,193.0,196.06
1401,176.0,175.915
8006,177.0,170.79079092061107
16143,162.0,170.79079092061107
656,159.0,165.36
784,177.0,170.79079092061107
15713,166.0,170.79079092061107
5043,153.0,154.215
3471,166.0,170.79079092061107
3618,174.0,174.37
12676,180.0,170.79079092061107
6273,164.0,170.79079092061107
5831,181.0,170.79079092061107
12302,161.0,170.79079092061107
19917,86.0,170.79079092061107
5921,184.0,170.79079092061107
21604,171.0,171.215
2104,162.0,170.79079092061107
13681,176.0,170.79079092061107
23829,180.0,170.79079092061107
1915,169.0,170.79079092061107
10417,185.0,170.79079092061107
1176,174.0,173.97099999999998
14160,162.0,155.945
10106,181.0,170.79079092061107
13824,168.0,170.79079092061107
19833,178.0,179.19
12829,164.0,163.16
23490,166.0,170.79079092061107
7615,180.0,170.79079092061107
22742,164.0,170.79079092061107
6997,156.0,170.79079092061107
22795,180.0,170.79079092061107
16649,192.0,170.79079092061107
9503,172.0,171.94
1472,174.0,173.865
15813,175.0,174.66300000000004
16586,162.0,170.79079092061107
15418,176.0,174.96
16499,173.5,172.175
15207,178.0,170.79079092061107
18187,172.0,170.79079092061107
13626,170.0,170.79079092061107
4775,174.0,179.775
13076,162.0,170.79079092061107
12317,170.0,170.79079092061107
21520,177.0,170.79079092061107
22118,156.0,170.79079092061107
20375,182.0,170.79079092061107
23776,170.0,170.79079092061107
664,168.0,170.79079092061107
8737,155.0,170.79079092061107
5592,173.0,173.89
6229,169.0,170.79079092061107
8317,82.5,170.79079092061107
22385,182.0,170.79079092061107
13295,161.0,170.88938095238098
5480,173.0,170.79079092061107
8012,165.0,164.745
12546,174.0,170.79079092061107
22430,182.0,170.79079092061107
23923,174.0,170.79079092061107
12803,184.0,170.79079092061107
5789,168.0,170.79079092061107
189,170.0,170.79079092061107
2978,172.0,170.79079092061107
3420,188.0,170.79079092061107
9101,172.0,170.79079092061107
2378,171.0,170.79079092061107
23225,169.0,170.79079092061107
8343,177.0,170.79079092061107
23951,163.0,170.79079092061107
19800,178.0,170.79079092061107
2322,154.0,170.79079092061107
13364,184.0,182.86
18323,165.0,164.655
23715,164.0,170.79079092061107
1523,177.0,170.79079092061107
5613,182.0,170.79079092061107
23541,170.0,170.79079092061107
12280,167.0,170.79079092061107
346,182.0,170.79079092061107
13414,164.0,170.79079092061107
9041,173.0,170.79079092061107
2396,155.0,157.14600000000002
9367,163.0,170.79079092061107
2176,177.0,178.31
8107,154.0,170.79079092061107
7103,156.0,170.79079092061107
10247,175.0,170.79079092061107
23361,179.0,170.79079092061107
2435,160.0,170.79079092061107
23279,155.0,170.79079092061107
14435,167.0,170.79079092061107
11895,192.0,170.79079092061107
379,167.0,170.79079092061107
14446,163.0,170.79079092061107
23458,178.0,170.79079092061107
8349,171.0,170.79079092061107
8305,171.0,170.79505420188963
10071,162.0,170.79079092061107
1228,166.0,170.79079092061107
1209,163.0,163.45
3861,164.0,162.201
19216,174.0,170.79079092061107
11647,167.0,170.79079092061107
2373,172.0,170.79079092061107
2091,178.0,170.79079092061107
5228,169.0,170.79079092061107
18183,179.0,170.79079092061107
3345,188.0,170.79079092061107
2329,170.0,170.79079092061107
1768,168.0,170.79079092061107
18731,159.0,170.79079092061107
11752,171.0,170.79079092061107
7280,164.0,170.79079092061107
2867,189.0,189.07
17485,180.0,179.155
10621,173.0,170.79079092061107
21092,175.0,170.79079092061107
18834,172.0,170.79079092061107
18914,173.5,170.79079092061107
21903,183.0,170.79079092061107
1471,180.0,180.06
18482,189.0,170.79079092061107
9546,166.0,170.79079092061107
7579,177.0,178.41
4207,168.0,170.79079092061107
22545,193.0,170.79079092061107
19267,173.0,170.79079092061107
4461,166.0,170.79079092061107
22475,167.0,170.79079092061107
4447,170.0,170.79079092061107
18186,179.0,178.78
22426,181.7,170.79079092061107
23709,167.0,170.79079092061107
18848,172.0,170.79079092061107
3077,177.0,170.79079092061107
19823,168.0,170.79079092061107
20711,166.0,170.79079092061107
9281,173.0,175.66
5773,167.5,167.98
2259,188.0,170.79079092061107
13009,157.0,170.79079092061107
5750,165.5,170.79079092061107
14021,178.0,171.44
16193,197.0,196.38
4014,185.0,186.08
7540,169.0,170.79079092061107
8631,175.0,170.79079092061107
12885,169.0,169.085
15833,181.0,170.79079092061107
6709,166.0,170.79079092061107
861,175.5,170.79079092061107
10199,152.0,155.28
17684,174.0,170.79079092061107
926,193.0,170.79079092061107
18757,152.0,170.79079092061107
16044,166.0,170.79079092061107
12332,180.0,179.31
13082,172.0,170.565
1579,185.0,170.79079092061107
3370,158.0,170.79079092061107
7917,175.0,170.79079092061107
10454,182.0,181.375
14331,180.0,170.79079092061107
22158,167.0,170.79079092061107
9224,174.0,174.49
21788,150.0,148.07
22134,171.0,170.225
7563,161.0,170.79079092061107
2019,192.0,170.79079092061107
7376,174.0,174.475
21079,183.0,170.79079092061107
23022,180.0,170.79079092061107
12349,191.0,170.79079092061107
16615,156.0,170.79079092061107
9774,177.0,170.79079092061107
22448,153.0,170.79079092061107
5673,160.0,159.425
1370,178.0,170.79079092061107
23334,162.0,170.79079092061107
16381,180.0,170.79079092061107
17838,175.0,170.79079092061107
5159,157.0,170.79079092061107
23693,156.0,170.79079092061107
18334,171.0,170.79079092061107
22283,170.0,170.55568397844195
3342,159.0,170.79079092061107
2154,151.0,149.935
19756,173.0,170.79079092061107
3646,172.5,175.32
4110,163.0,170.79079092061107
1809,148.0,148.76
23302,166.0,170.79079092061107
18478,153.0,170.79079092061107
5130,172.0,172.08700000000002
23896,176.0,170.79079092061107
14946,167.0,170.79079092061107
3114,171.0,170.79079092061107
16169,163.0,170.79079092061107
5304,178.4,170.79079092061107
1414,163.0,164.28
23453,53.0,170.79079092061107
8570,178.0,169.887
20227,180.0,170.79079092061107
6360,168.0,170.79079092061107
23145,169.0,170.79079092061107
22714,187.0,170.79079092061107
1535,173.0,174.47099999999998
12444,150.0,170.79079092061107
975,177.0,175.225
9894,168.0,170.79079092061107
3075,172.0,170.79079092061107
21086,183.0,182.035
1812,189.0,170.79079092061107
10653,175.0,171.995
11913,169.0,170.79079092061107
22137,163.0,162.57399999999998
16485,163.0,170.79079092061107
23312,154.0,170.79079092061107
12810,176.0,170.79079092061107
2177,173.0,170.79079092061107
12171,163.0,170.79079092061107
23482,167.0,170.79079092061107
19379,165.0,165.215
3282,166.0,170.79079092061107
565,169.0,170.79079092061107
17562,168.0,170.79079092061107
22969,169.0,170.79079092061107
808,162.0,170.79079092061107
16189,165.0,165.085
3503,165.0,170.79079092061107
22155,176.0,170.79079092061107
7768,162.0,170.79079092061107
8647,163.0,163.74
17516,176.0,170.79079092061107
708,165.0,170.79079092061107
17483,175.0,174.93599999999998
6457,175.0,170.79079092061107
13307,144.0,170.79079092061107
23099,183.0,170.79079092061107
21392,177.0,178.01
9515,185.0,170.79079092061107
7472,182.0,170.79079092061107
23844,167.0,170.79079092061107
11820,167.0,170.79079092061107
14019,174.0,176.18
4700,179.0,180.02
2911,178.0,179.215
4870,176.0,176.14
17594,183.0,170.79079092061107
9365,161.0,170.79079092061107
18241,174.0,170.79079092061107
14912,180.0,170.79079092061107
21247,171.0,170.79079092061107
1815,163.0,178.37
21825,153.0,170.79079092061107
18909,185.0,170.79079092061107
5727,166.5,170.79079092061107
6117,180.0,170.79079092061107
21609,168.0,170.79079092061107
14329,154.0,170.79079092061107
8755,151.0,170.79079092061107
16214,175.0,174.40099999999998
6588,175.0,170.79079092061107
1268,156.5,170.79079092061107
17064,162.0,170.79079092061107
8472,159.0,170.79079092061107
18556,157.2,170.79079092061107
17546,175.0,170.67
1914,186.0,186.005
21616,175.0,170.79079092061107
12071,186.0,186.165
17395,178.0,170.79079092061107
15358,180.0,170.79079092061107
9507,170.0,171.91
4361,178.0,174.45
5426,160.0,170.79079092061107
1449,165.0,170.79079092061107
23484,177.0,170.79079092061107
6526,181.0,182.65
22351,172.0,170.79079092061107
10372,157.0,170.79079092061107
17572,162.0,170.79079092061107
11195,165.0,170.65
11277,177.0,174.93099999999998
2715,168.0,170.45
16252,178.0,178.78
23407,163.0,170.79079092061107
162,170.0,170.79079092061107
19380,161.0,170.79079092061107
1410,162.5,170.79079092061107
3619,172.0,170.79079092061107
10854,173.0,172.8
19256,172.0,172.65
19599,157.0,157.96
13279,175.0,170.79079092061107
11154,182.0,170.79079092061107
19690,184.0,182.745
4533,172.0,170.79079092061107
20620,164.0,164.495
22584,170.0,170.79079092061107
10475,158.0,170.79079092061107
17780,179.0,170.79079092061107
13345,168.0,170.79079092061107
10296,165.0,170.79079092061107
22339,177.0,178.41
752,165.0,170.79079092061107
1955,175.0,170.79079092061107
5769,169.0,170.52037986749593
5919,160.0,170.79079092061107
1294,165.0,170.79079092061107
14355,161.5,170.79079092061107
19360,163.0,170.79079092061107
23228,169.5,170.79079092061107
1896,148.6,149.565
20746,165.0,170.79079092061107
17549,183.0,170.79079092061107
14277,165.0,170.79079092061107
4088,155.0,170.79079092061107
1100,175.0,174.84
10055,166.0,164.315
1934,177.0,170.79079092061107
4167,168.0,170.79079092061107
10597,183.0,170.79079092061107
22817,172.0,170.79079092061107
23234,170.0,170.79079092061107
16510,170.0,170.79079092061107
23156,160.0,170.79079092061107
11421,157.0,170.79079092061107
14758,164.0,170.79079092061107
10730,175.0,174.83
905,163.3,162.375
7629,189.0,187.51
20112,178.0,170.79079092061107
7318,170.0,170.79079092061107
17330,164.0,170.79079092061107
20305,180.0,180.12
20553,160.0,170.79079092061107
11970,164.0,170.79079092061107
7464,160.5,163.791
6681,166.0,170.79079092061107
1057,163.0,170.79079092061107
23976,175.0,170.79079092061107
20955,175.0,170.79079092061107
21406,173.0,170.79079092061107
16628,165.0,170.79079092061107
12434,178.0,170.79079092061107
17193,186.5,186.255
19857,175.0,170.79079092061107
18772,165.5,167.43
10991,178.0,170.79079092061107
2000,160.0,162.755
1002,176.0,170.79079092061107
8040,189.0,170.79079092061107
8828,167.0,170.79079092061107
1666,171.0,170.62
19777,168.0,171.09
3802,162.0,170.79079092061107
7127,180.0,170.79079092061107
4244,179.0,170.79079092061107
23601,174.0,170.79079092061107
2775,184.0,170.79079092061107
12735,173.0,172.98
15446,175.5,170.79079092061107
5767,164.0,164.175
16104,168.0,166.535
11281,166.0,167.335
4939,168.0,170.79079092061107
9834,136.0,170.79079092061107
22271,193.0,170.79079092061107
9854,158.0,170.79079092061107
5376,168.0,170.79079092061107
586,163.0,170.79079092061107
16117,183.0,170.79079092061107
4406,165.0,165.005
20197,168.0,174.946
1693,82.5,165.54
11760,167.0,170.79079092061107
3703,158.0,170.79079092061107
23090,177.0,170.79079092061107
19519,156.0,170.79079092061107
8199,157.0,170.79079092061107
23252,161.0,170.79079092061107
2441,176.0,170.79079092061107
1881,180.0,178.545
2691,150.0,170.79079092061107
10935,156.0,170.79079092061107
10752,162.0,172.18
20636,170.0,170.79079092061107
9849,181.0,170.79079092061107
23233,183.0,170.79079092061107
11836,174.0,170.79079092061107
10629,192.0,190.55
20149,162.0,170.79079092061107
9468,159.0,170.79079092061107
17403,171.0,170.79079092061107
8461,173.0,170.79079092061107
8363,169.0,169.82
15735,158.0,170.79079092061107
3039,173.0,170.79079092061107
18514,160.0,170.79079092061107
8863,180.0,170.79079092061107
13652,158.0,157.91999999999996
5744,167.0,167.385
9711,176.0,170.79079092061107
10230,164.0,165.655
24,182.0,170.79079092061107
10550,161.0,162.11099999999996
6322,172.0,170.79079092061107
23353,174.0,170.79079092061107
4344,163.0,170.79079092061107
11408,176.0,170.79079092061107
16938,189.0,170.79079092061107
23907,187.0,170.79079092061107
3209,165.0,170.79079092061107
22709,165.0,170.79079092061107
4042,182.0,179.822
14993,168.0,170.79079092061107
4915,174.0,170.79079092061107
1644,179.0,179.525
4832,168.0,170.79079092061107
9100,164.0,170.79079092061107
2617,171.0,171.4885777446597
1981,172.0,170.79079092061107
9957,180.0,179.537
18103,163.0,164.81
20077,162.0,170.79079092061107
2387,166.0,170.79079092061107
5349,156.0,170.79079092061107
1255,171.0,169.2549217687075
15760,190.0,184.97
1422,177.0,170.79079092061107
2017,157.0,157.95
19377,170.0,167.49
8062,160.0,161.839
5935,195.0,170.79079092061107
8929,178.0,177.19
23758,172.0,170.79079092061107
11356,165.0,170.79079092061107
15854,181.5,170.79079092061107
426,163.0,170.79079092061107
1456,180.0,170.79079092061107
14356,156.5,170.79079092061107
23404,174.0,170.79079092061107
3169,185.0,184.985
6662,180.0,179.167
21720,168.0,170.79079092061107
1865,164.0,163.753
12788,187.0,170.79079092061107
15803,176.0,170.79079092061107
13162,182.0,170.79079092061107
22322,174.0,170.79079092061107
3757,161.0,170.79079092061107
5214,150.0,170.79079092061107
10708,167.0,170.79079092061107
18571,178.0,177.915
18418,150.5,170.79079092061107
13758,170.0,170.79079092061107
4154,169.0,170.79079092061107
8055,171.0,174.115
12993,163.0,170.79079092061107
4788,174.0,170.79079092061107
3255,167.0,163.7
3417,185.0,170.79079092061107
7640,185.0,170.79079092061107
15521,158.0,170.79079092061107
8878,163.0,170.79079092061107
6280,161.0,170.79079092061107
17290,158.0,170.79079092061107
8389,147.0,170.79079092061107
3289,172.0,170.79079092061107
3970,173.0,170.79079092061107
2793,161.0,162.19299999999998
20583,172.0,170.79079092061107
22551,186.0,170.79079092061107
6194,175.0,170.79079092061107
1501,177.0,177.595
4095,163.0,170.79079092061107
10742,146.0,150.255
22849,165.0,170.79079092061107
12684,168.0,170.79079092061107
15559,163.0,170.79079092061107
11237,168.0,170.79079092061107
5763,170.0,170.79079092061107
6165,176.0,170.79079092061107
5791,162.0,162.759
11433,172.0,170.79079092061107
1861,157.0,157.701
14507,159.0,164.08
21163,176.0,175.33
13209,172.0,170.79079092061107
5272,170.0,172.985
21531,169.0,170.79079092061107
22959,171.0,170.79079092061107
21677,172.0,170.79079092061107
15140,185.0,170.79079092061107
10832,164.0,165.27
6352,168.0,170.79079092061107
6953,168.0,170.79079092061107
20357,169.0,168.86
15799,176.0,170.79079092061107
3644,172.2,170.79079092061107
17635,173.0,171.945
16287,181.0,180.431
14503,169.0,169.275
12526,168.0,170.79079092061107
7797,161.0,164.5
13395,164.0,164.07
9826,168.0,167.78
18319,179.0,170.79079092061107
13139,158.5,170.79079092061107
7610,182.0,170.79079092061107
23081,181.0,170.79079092061107
12355,177.0,170.79079092061107
16575,158.0,170.79079092061107
7683,154.0,170.79079092061107
2157,161.5,170.79079092061107
11655,167.0,170.79079092061107
3824,169.0,170.79079092061107
7236,160.0,170.79079092061107
19372,170.0,170.79079092061107
12960,177.0,170.79079092061107
11389,179.0,170.79079092061107
17658,169.0,170.79079092061107
4424,170.0,169.675
23381,169.0,170.79079092061107
5844,162.0,170.79079092061107
21478,154.0,170.79079092061107
8965,182.0,181.13500000000005
21571,158.0,170.79079092061107
14561,174.0,170.79079092061107
4938,156.0,170.79079092061107
5694,160.0,170.79079092061107
22619,160.0,170.79079092061107
334,185.0,170.79079092061107
15432,180.0,170.79079092061107
5430,155.0,170.79079092061107
23796,196.0,170.79079092061107
21710,174.0,170.79079092061107
23454,167.0,170.79079092061107
12288,157.0,158.18
770,179.0,170.79079092061107
11757,166.0,170.79079092061107
15412,167.0,170.79079092061107
13473,170.0,170.15
17855,169.0,170.79079092061107
7044,184.0,170.79079092061107
405,163.0,170.79079092061107
23120,158.0,170.79079092061107
18341,164.0,167.535
13717,73.0,170.79079092061107
22773,168.0,170.79079092061107
2584,180.0,170.79079092061107
10314,160.0,170.79079092061107
12736,169.0,170.79079092061107
20861,165.0,170.79079092061107
19227,176.0,176.09099999999998
23110,174.0,170.79079092061107
8580,174.0,170.79079092061107
18312,158.0,170.79079092061107
11648,167.0,170.79079092061107
16080,178.0,170.79079092061107
23263,171.0,170.79079092061107
14943,175.0,174.85
22813,163.0,170.79079092061107
22496,164.0,170.79079092061107
3974,156.0,170.79079092061107
1439,163.0,170.79079092061107
3208,191.0,189.735
15880,177.0,177.375
10924,145.5,150.36
9095,189.0,170.79079092061107
4381,179.0,170.79079092061107
22944,175.0,170.79079092061107
23348,172.0,170.79079092061107
2087,163.0,164.0
22842,186.0,170.79079092061107
16492,181.0,180.12233333333333
21519,183.0,170.79079092061107
1443,162.5,164.5
19050,179.0,178.745
7454,177.0,170.79079092061107
9410,173.0,170.79079092061107
10411,164.0,170.79079092061107
2781,185.0,170.79079092061107
9882,175.0,170.79079092061107
4378,179.0,170.79079092061107
15174,172.0,170.79079092061107
20452,159.0,170.79079092061107
13505,165.0,170.79079092061107
7504,159.0,170.79079092061107
19445,188.0,185.16099999999997
10643,194.0,170.79079092061107
16257,168.0,167.475
1216,165.0,164.003
12637,162.0,170.79079092061107
8286,177.0,170.79079092061107
22820,165.0,170.79079092061107
3580,176.0,176.08
14837,176.0,170.79079092061107
18475,153.0,170.79079092061107
5048,174.0,174.145
18123,179.0,178.985
23317,155.0,170.79079092061107
1529,176.0,176.09
3990,165.0,163.715
17597,168.0,170.79079092061107
15284,164.0,164.52
18122,160.0,170.79079092061107
4960,168.0,170.79079092061107
7070,164.5,170.79079092061107
4100,183.0,170.79079092061107
19075,175.0,170.79079092061107
19168,160.0,159.43
11788,172.0,170.79079092061107
22186,160.0,170.79079092061107
15821,170.0,170.79079092061107
4621,187.0,186.5
10814,161.0,163.90099999999998
10434,160.0,170.79079092061107
1326,153.0,170.79079092061107
6880,164.0,170.79079092061107
8455,172.0,170.79079092061107
11320,153.0,170.79079092061107
8744,176.0,175.89
20405,176.0,170.79079092061107
4050,175.0,170.79079092061107
20692,168.0,170.79079092061107
12940,187.0,170.79079092061107
4174,169.0,170.79079092061107
7330,178.0,170.79079092061107
17809,163.0,170.79079092061107
16180,170.0,170.79079092061107
4451,170.0,170.79079092061107
19213,175.0,170.79079092061107
22615,167.0,170.79079092061107
22894,168.0,170.79079092061107
21688,169.0,170.79079092061107
15016,176.0,175.875
10100,179.0,170.79079092061107
4273,172.0,170.79079092061107
13503,179.0,180.1
5917,164.5,170.79079092061107
795,173.0,170.79079092061107
647,180.0,170.79079092061107
21868,174.0,173.58900000000003
22089,170.0,170.79079092061107
15884,179.0,170.79079092061107
22183,169.0,170.79079092061107
17095,183.0,170.79079092061107
15238,163.0,170.79079092061107
17319,176.0,170.79079092061107
13062,185.0,170.79079092061107
7493,172.0,172.415
17728,186.0,184.67
9228,189.0,187.755
17893,183.0,170.79079092061107
4199,174.0,170.79079092061107
11228,173.0,170.79079092061107
