,y_test,prediction
21691,5.4,5.9496271924800945
8709,6.1,5.9496271924800945
23986,5.3,5.9496271924800945
7887,9.3,5.9496271924800945
13117,4.4,5.9496271924800945
17189,4.9,5.9496271924800945
19641,4.1,5.9496271924800945
6078,4.5,5.9496271924800945
35,8.7,5.9496271924800945
8139,4.2,5.9496271924800945
3272,6.2,5.9496271924800945
16720,5.0,5.9496271924800945
15093,5.6,5.9496271924800945
19709,4.4,5.605729949015038
12130,3.3,5.9496271924800945
19977,2.6,5.9496271924800945
18298,6.6,5.9496271924800945
9618,5.9,5.9496271924800945
4464,4.5,5.9496271924800945
20523,5.2,5.9496271924800945
4768,4.2,5.9496271924800945
17834,2.9,5.9496271924800945
8398,2.2,5.9496271924800945
21795,3.4,5.678443579789442
23457,4.5,5.9496271924800945
6341,4.9,5.9496271924800945
13149,3.6,5.9496271924800945
10516,4.9,5.337706714240989
8938,4.2,5.9496271924800945
173,3.9,5.9496271924800945
7318,4.5,5.9496271924800945
20619,5.6,5.780909242332896
9395,2.9,5.9496271924800945
3124,4.0,5.9496271924800945
9884,5.6,5.9496271924800945
23160,4.9,5.9496271924800945
19940,3.0,5.506116206997529
5871,7.1,5.9496271924800945
17244,1.4,5.9496271924800945
6248,7.3,5.9496271924800945
4417,2.3,5.9496271924800945
15837,3.3,5.9496271924800945
4462,5.2,5.9496271924800945
13675,3.2,5.9496271924800945
9134,4.7,5.9496271924800945
14067,18.2,5.9496271924800945
846,3.6,5.9496271924800945
19404,6.3,5.9496271924800945
535,12.0,5.9496271924800945
6739,5.0,5.9496271924800945
2767,8.6,5.9496271924800945
6387,5.6,5.9496271924800945
16783,8.7,5.9496271924800945
8313,2.7,5.9496271924800945
10229,7.9,5.4716578656622685
2537,5.1,5.9496271924800945
10936,2.4,5.9496271924800945
8945,3.4,5.9496271924800945
23801,7.6,5.9496271924800945
18760,20.8,5.9496271924800945
2390,9.0,5.9496271924800945
18558,3.1,5.9496271924800945
6459,5.0,5.9496271924800945
22977,5.5,5.9496271924800945
11804,5.3,5.9496271924800945
22752,4.7,5.9496271924800945
13627,2.6,5.552139011778711
212,2.5,5.9496271924800945
23021,6.1,5.9496271924800945
21289,4.4,5.9496271924800945
11838,4.5,5.9496271924800945
9838,5.2,5.9635173929114735
15612,4.2,5.9496271924800945
13334,3.9,5.9496271924800945
23604,13.8,5.9496271924800945
9121,4.7,5.9496271924800945
20024,1.6,5.9496271924800945
3568,4.8,5.9496271924800945
20938,4.1,5.897739001032144
3197,8.1,5.9496271924800945
18575,3.8,5.9496271924800945
5841,5.5,5.9496271924800945
17514,5.4,5.9496271924800945
6658,2.3,5.9496271924800945
11318,4.2,5.9496271924800945
8907,4.8,5.9496271924800945
16145,4.5,5.9496271924800945
1233,5.2,5.9496271924800945
10736,4.9,5.9496271924800945
13936,7.6,5.9496271924800945
4444,4.9,5.9496271924800945
6187,5.2,5.9496271924800945
19184,12.8,5.9496271924800945
23586,11.3,5.9496271924800945
21122,3.8,5.9496271924800945
3570,5.3,5.9496271924800945
18742,2.1,5.9496271924800945
455,5.6,5.9496271924800945
21117,5.1,5.533761318100591
14692,5.5,5.9496271924800945
14619,5.6,5.9496271924800945
17468,4.9,5.9496271924800945
20890,3.3,5.9496271924800945
19781,4.6,5.9496271924800945
6271,4.8,5.9496271924800945
2140,5.8,5.9496271924800945
13469,2.4,5.9496271924800945
20789,1.7,5.9496271924800945
1120,5.1,5.9496271924800945
7872,4.2,5.9496271924800945
22975,6.9,5.9496271924800945
3457,3.3,5.9496271924800945
3170,4.9,5.79633167747725
22962,3.5,5.9496271924800945
6049,8.3,5.9496271924800945
2592,16.9,5.9496271924800945
7735,4.6,5.9496271924800945
16729,6.3,5.9496271924800945
19750,6.2,5.9496271924800945
13700,6.4,5.9496271924800945
10072,12.5,5.9496271924800945
4537,4.1,5.9496271924800945
2354,7.0,5.9496271924800945
22382,6.2,5.9496271924800945
382,2.4,5.9496271924800945
20775,3.5,5.9496271924800945
14671,5.4,5.9496271924800945
23789,6.6,5.9496271924800945
19972,3.7,5.9496271924800945
18248,4.3,5.9496271924800945
2666,4.6,5.9496271924800945
5596,11.3,5.9496271924800945
13764,3.0,5.9496271924800945
23753,3.9,5.9496271924800945
20529,2.8,5.9496271924800945
17913,3.0,5.9496271924800945
5161,5.1,6.042793209214301
17848,4.3,5.9496271924800945
1710,2.2,5.9496271924800945
5742,5.1,5.9496271924800945
16201,4.4,5.9496271924800945
12997,5.8,5.9496271924800945
16065,22.3,5.9496271924800945
10008,4.2,5.9496271924800945
12493,4.6,5.9496271924800945
22296,8.2,5.9496271924800945
1756,5.7,5.9496271924800945
3107,4.9,5.9496271924800945
15464,4.1,5.9496271924800945
1376,2.4,5.9496271924800945
1483,2.8,5.9496271924800945
18027,1.9,5.9496271924800945
22354,8.7,6.072411986128248
7733,5.9,5.9496271924800945
19118,3.4,5.9496271924800945
16276,4.0,5.9496271924800945
5976,7.5,5.9496271924800945
3645,6.4,5.9496271924800945
21950,7.4,5.9496271924800945
23690,5.5,5.9496271924800945
3999,4.8,5.9496271924800945
14582,6.2,5.166564731128065
17139,7.2,5.9496271924800945
774,4.2,5.9496271924800945
5394,4.0,5.9496271924800945
23100,6.9,5.9496271924800945
23376,4.1,5.9496271924800945
7324,4.9,6.48952925681151
22954,6.3,5.9496271924800945
12729,3.7,5.9685533430859765
7347,6.4,5.9496271924800945
19717,3.1,5.9496271924800945
23784,4.9,5.9496271924800945
8475,7.4,5.9496271924800945
15599,4.4,5.9496271924800945
16162,6.0,5.9496271924800945
10992,6.3,5.9496271924800945
16946,6.3,5.9496271924800945
19852,10.7,5.9496271924800945
19788,4.8,6.1181073511007416
9669,4.3,5.9496271924800945
11096,3.3,5.9496271924800945
2220,6.2,5.9496271924800945
21943,8.2,5.9496271924800945
9326,3.4,5.9496271924800945
1364,35.8,5.9496271924800945
4218,3.7,5.9496271924800945
2881,3.1,5.9496271924800945
5131,6.4,5.5009442026605715
15142,4.5,5.9496271924800945
22938,5.2,5.9496271924800945
2638,3.0,5.9496271924800945
18934,7.4,5.9496271924800945
23114,6.2,5.9496271924800945
21707,5.5,5.9496271924800945
14640,4.8,5.508760778732945
5301,4.7,5.9496271924800945
9222,9.3,5.9496271924800945
12713,5.3,5.9496271924800945
3449,3.5,5.9496271924800945
16450,5.8,5.9496271924800945
942,5.7,5.9496271924800945
1367,19.7,5.9496271924800945
1506,3.0,5.9496271924800945
7692,12.3,5.9496271924800945
3161,4.6,5.9496271924800945
15313,5.2,5.9496271924800945
18424,4.8,5.9496271924800945
53,3.2,5.9496271924800945
7483,3.0,5.9496271924800945
13920,3.6,5.9496271924800945
4103,4.2,5.9496271924800945
17924,3.2,5.9496271924800945
15152,4.3,5.9496271924800945
21024,4.5,5.9496271924800945
18783,3.2,5.9496271924800945
19016,6.4,5.9496271924800945
13121,2.2,5.9496271924800945
499,28.0,5.9496271924800945
19086,3.8,5.920669151295216
4942,19.9,5.9496271924800945
20574,11.9,5.9496271924800945
17668,6.8,5.9496271924800945
9084,9.3,5.644118903698709
189,3.7,5.9496271924800945
7328,5.3,5.9496271924800945
22438,4.4,5.9496271924800945
11898,3.9,5.9496271924800945
11640,3.6,5.9496271924800945
14218,8.1,5.9496271924800945
8009,4.0,5.136255924332843
7709,3.6,5.9496271924800945
9996,2.7,5.9496271924800945
18074,3.2,5.9496271924800945
23727,7.1,5.9496271924800945
15198,2.7,5.9496271924800945
1719,3.2,5.9496271924800945
21067,4.2,5.9496271924800945
14144,5.0,5.9496271924800945
6290,5.6,5.9496271924800945
4604,1.8,5.9496271924800945
23207,5.4,5.9496271924800945
21408,4.6,5.9496271924800945
12111,3.3,5.9496271924800945
2591,16.9,5.9496271924800945
13512,10.1,5.9496271924800945
4898,3.5,5.9496271924800945
20469,11.7,5.9496271924800945
17719,5.4,5.9496271924800945
2047,6.0,5.947825735242418
20144,5.5,5.9496271924800945
7743,5.8,5.9496271924800945
11629,4.2,5.9496271924800945
11582,5.2,5.9496271924800945
12899,4.4,5.9496271924800945
20242,11.7,5.112245752114679
401,5.6,5.9496271924800945
18955,1.6,5.9496271924800945
19465,14.6,5.9496271924800945
9943,11.0,5.9496271924800945
23579,6.1,5.9496271924800945
12727,4.5,5.8006210475167315
15007,3.6,5.9496271924800945
16599,1.0,5.9496271924800945
2779,4.9,5.9496271924800945
21479,3.4,5.9496271924800945
581,2.8,5.9496271924800945
21454,4.2,4.917904755414828
9155,3.9,5.796659356239598
2823,3.8,5.9496271924800945
10661,4.5,5.9496271924800945
15112,10.8,5.9496271924800945
5327,3.0,5.9496271924800945
5137,5.7,5.9496271924800945
3375,7.6,5.9496271924800945
1760,6.4,5.409951045292731
21244,6.1,5.714259759921005
22160,5.1,5.9496271924800945
1108,4.6,5.9496271924800945
16614,4.4,5.9496271924800945
9191,2.1,5.9496271924800945
6632,2.8,5.9496271924800945
2203,25.6,5.9496271924800945
23000,5.2,5.9496271924800945
8158,4.3,5.6794868021098095
16191,4.0,5.9496271924800945
9209,5.1,5.9496271924800945
3315,6.1,5.9496271924800945
10900,3.6,5.9496271924800945
13131,0.9,5.9496271924800945
23860,5.0,5.9496271924800945
18669,7.3,5.9496271924800945
17768,4.9,5.9496271924800945
3284,1.4,5.9496271924800945
21215,6.0,5.9496271924800945
5317,3.3,5.9496271924800945
6482,4.8,5.9496271924800945
14458,5.2,5.9496271924800945
18997,4.1,5.9496271924800945
21828,1.0,5.9496271924800945
9184,4.4,5.9496271924800945
14239,4.5,5.38633406713684
23027,4.7,5.9496271924800945
22145,5.5,5.9496271924800945
9428,5.4,5.9496271924800945
2980,2.8,5.9496271924800945
4037,6.2,5.445981795768708
22779,5.2,5.9496271924800945
20087,2.6,5.9496271924800945
283,12.6,5.9496271924800945
10345,2.3,5.9496271924800945
14515,3.0,5.9496271924800945
3809,1.5,5.9496271924800945
1884,4.1,5.9496271924800945
20968,6.6,5.9496271924800945
8625,3.4,5.9496271924800945
17995,46.1,5.9496271924800945
2518,30.7,5.9496271924800945
6249,6.2,5.9496271924800945
17389,5.1,5.9496271924800945
12866,3.7,5.9496271924800945
2554,4.8,5.9496271924800945
5548,5.8,5.9496271924800945
5779,6.0,5.4390848824741305
2059,3.2,5.9496271924800945
2948,8.1,5.9496271924800945
7468,4.4,5.9496271924800945
5297,4.3,5.9496271924800945
7304,7.5,5.9496271924800945
561,8.5,5.9496271924800945
4760,2.0,5.9496271924800945
4425,6.3,5.680264036060544
15652,7.2,5.9496271924800945
5331,5.2,5.9496271924800945
18014,3.6,5.9496271924800945
18013,3.6,5.9496271924800945
6756,4.8,5.9496271924800945
2377,4.5,5.9496271924800945
18909,5.1,5.9496271924800945
19045,2.7,5.9496271924800945
20776,3.5,5.9496271924800945
7959,5.2,5.9496271924800945
1911,5.4,5.9496271924800945
9043,0.5,5.9496271924800945
22790,2.8,5.9496271924800945
12432,7.6,5.9496271924800945
22921,4.8,5.9496271924800945
3862,4.3,4.907680138354685
7704,4.1,5.9496271924800945
2616,4.7,5.785444566026353
10073,10.8,5.9496271924800945
23679,3.7,5.9496271924800945
15507,2.2,5.9496271924800945
22329,14.0,5.9496271924800945
11087,5.4,5.9496271924800945
3278,1.4,5.9496271924800945
23647,4.4,5.9496271924800945
1313,3.5,5.9496271924800945
23199,4.4,5.9496271924800945
1722,2.8,5.9496271924800945
10588,7.6,5.9496271924800945
18719,3.2,5.9496271924800945
21450,4.3,5.9496271924800945
17624,5.9,5.9496271924800945
22635,5.2,5.9496271924800945
16324,50.8,5.9496271924800945
802,4.3,5.9496271924800945
21937,6.0,5.9496271924800945
8362,5.1,5.44605340074594
22487,7.1,5.9496271924800945
23535,13.9,5.9496271924800945
12744,2.3,5.9496271924800945
13977,1.4,5.9496271924800945
195,2.9,5.9496271924800945
22649,3.7,5.9496271924800945
5031,11.3,5.9496271924800945
5562,6.2,5.9496271924800945
5852,14.1,5.9496271924800945
14245,10.3,5.9496271924800945
2552,2.9,5.9496271924800945
8669,4.5,5.9496271924800945
13213,3.5,5.9496271924800945
5202,5.5,5.9496271924800945
13500,2.7,5.9496271924800945
12404,10.8,5.9496271924800945
5436,3.8,5.9496271924800945
19974,2.7,5.9496271924800945
23131,6.3,5.9496271924800945
2778,4.7,5.9496271924800945
22847,7.0,5.9496271924800945
3073,5.5,5.9496271924800945
10824,2.1,5.9496271924800945
4622,5.2,5.9496271924800945
3804,2.1,5.9496271924800945
22442,5.4,5.9496271924800945
23744,4.8,5.9496271924800945
21969,3.7,5.9496271924800945
15893,4.6,5.9496271924800945
22428,4.1,5.9496271924800945
18650,9.1,5.9496271924800945
6885,7.1,5.9496271924800945
1501,3.2,5.652307681123576
15538,4.8,5.9496271924800945
11601,5.7,5.9496271924800945
5419,5.1,5.9496271924800945
4868,11.7,5.9496271924800945
351,4.4,5.9496271924800945
1423,14.1,5.9496271924800945
22401,4.5,5.9496271924800945
23884,10.1,5.9496271924800945
15304,5.7,5.9496271924800945
2330,3.9,5.9496271924800945
21503,5.1,5.9496271924800945
9887,8.1,5.9496271924800945
8134,13.8,5.9496271924800945
8704,3.1,5.9496271924800945
3704,4.2,6.176082806135644
10303,3.2,5.9496271924800945
403,5.4,5.9496271924800945
18410,32.5,5.9496271924800945
20532,2.8,5.9496271924800945
10702,5.2,5.9496271924800945
23990,5.0,5.9496271924800945
18300,8.2,5.9496271924800945
8189,17.1,5.9496271924800945
14327,5.6,5.9496271924800945
7154,3.6,5.9496271924800945
19013,7.3,5.9496271924800945
306,3.6,5.9496271924800945
2966,17.9,5.9496271924800945
2653,7.6,5.9496271924800945
13214,4.0,5.9496271924800945
5459,5.4,5.9496271924800945
15974,1.5,5.9496271924800945
6945,11.8,5.9496271924800945
15327,5.6,5.9496271924800945
21105,3.1,5.9496271924800945
14909,4.1,5.9496271924800945
22767,4.3,5.9496271924800945
8042,3.7,5.9496271924800945
10614,3.3,5.105853943309726
9658,4.7,5.9496271924800945
18190,3.9,5.9496271924800945
5998,4.5,5.9496271924800945
19512,5.0,5.9496271924800945
2569,5.2,5.9496271924800945
8113,3.7,5.613192940163464
16034,1.6,5.9496271924800945
4276,5.8,5.9496271924800945
15858,4.2,5.9496271924800945
894,6.3,5.9496271924800945
17457,5.9,5.9496271924800945
9934,11.7,5.9496271924800945
23910,3.1,5.9496271924800945
18936,5.6,5.9496271924800945
9890,8.3,5.9496271924800945
6042,9.4,5.9496271924800945
13816,1.6,5.9496271924800945
3188,3.7,5.9496271924800945
7026,4.8,5.9496271924800945
14976,5.7,5.9496271924800945
12759,9.0,5.9496271924800945
17347,4.1,5.9496271924800945
20093,3.5,5.9496271924800945
1398,7.3,5.9496271924800945
13441,8.7,6.209676272126884
8385,3.9,5.9496271924800945
8018,5.6,5.9496271924800945
22550,4.6,5.9496271924800945
11185,3.1,5.9496271924800945
7911,30.1,5.9496271924800945
10065,14.8,5.9496271924800945
6222,6.0,5.9496271924800945
2342,5.7,5.9496271924800945
23245,4.8,5.9496271924800945
11335,2.7,5.9496271924800945
22970,3.5,5.9496271924800945
13460,4.0,5.9496271924800945
19625,4.6,5.9496271924800945
11093,3.1,5.9496271924800945
882,3.7,5.685509247047575
502,30.0,5.9496271924800945
123,2.6,5.9496271924800945
9455,5.7,5.9496271924800945
3594,6.7,5.9496271924800945
20358,5.0,5.9496271924800945
18897,2.4,5.9496271924800945
20569,7.5,5.9496271924800945
11939,4.7,5.382572023237259
10257,3.2,5.9496271924800945
6397,7.1,5.9496271924800945
14189,4.0,5.9496271924800945
7254,2.8,5.9496271924800945
20828,6.6,5.9496271924800945
19563,4.2,5.9496271924800945
2131,3.8,5.9496271924800945
9774,5.8,5.9496271924800945
16190,4.3,4.870444678059586
3852,9.7,5.9496271924800945
6334,13.0,5.9496271924800945
13860,9.7,5.667827628124505
1419,4.2,5.9496271924800945
16322,52.7,5.469333240153998
20730,12.7,5.9496271924800945
6738,5.6,5.9496271924800945
23630,4.5,5.9496271924800945
11842,6.2,5.9496271924800945
7876,4.1,5.9496271924800945
4040,1.8,5.9496271924800945
4010,6.4,5.9496271924800945
13059,1.8,5.9496271924800945
6562,6.4,5.9496271924800945
6110,4.5,5.9496271924800945
21154,4.4,5.1815682964740395
16616,4.3,5.9496271924800945
14937,3.3,5.9496271924800945
22465,7.1,5.9496271924800945
22729,6.5,5.9496271924800945
23133,5.1,5.9496271924800945
21096,3.9,5.9496271924800945
23247,3.4,5.9496271924800945
20188,4.8,5.9496271924800945
15916,2.5,5.9496271924800945
20979,3.5,5.9496271924800945
20591,12.7,5.9496271924800945
16397,4.6,5.827358089485211
17568,6.0,5.9496271924800945
12933,7.7,5.9496271924800945
8637,24.1,5.9496271924800945
316,3.3,5.9496271924800945
9308,6.1,5.9496271924800945
7712,5.2,5.9496271924800945
12156,3.1,5.9496271924800945
15343,10.1,5.9496271924800945
23772,4.6,5.9496271924800945
2440,2.1,5.9496271924800945
3989,12.4,5.9496271924800945
10214,7.7,5.9496271924800945
3115,1.5,5.9496271924800945
3173,5.5,5.9496271924800945
14527,12.2,5.9496271924800945
16994,5.1,5.9496271924800945
14184,5.0,5.9496271924800945
18954,4.4,5.7381769582658055
8696,3.8,5.9496271924800945
22102,4.8,5.9496271924800945
21905,3.6,5.9496271924800945
706,2.8,5.9496271924800945
13223,4.2,5.9496271924800945
5347,2.4,5.9496271924800945
23633,3.6,5.9496271924800945
23074,3.8,5.9496271924800945
800,2.2,5.553333564849863
5153,5.9,5.9496271924800945
9003,5.1,5.9496271924800945
20488,3.4,5.9496271924800945
4691,3.0,5.9496271924800945
8948,5.6,5.9496271924800945
2690,9.5,5.9496271924800945
19631,5.0,5.9496271924800945
21565,6.5,5.9496271924800945
13075,5.2,5.9496271924800945
22637,4.7,5.9496271924800945
8994,3.7,5.9496271924800945
1489,2.8,5.9496271924800945
22745,4.5,5.9496271924800945
6901,27.8,5.9496271924800945
718,5.2,5.9496271924800945
8358,4.2,5.231258061734101
17996,25.8,5.9496271924800945
23608,3.6,5.9496271924800945
3033,16.9,5.9496271924800945
22363,7.3,5.9496271924800945
9786,4.5,5.9496271924800945
3599,2.3,5.9496271924800945
4135,4.8,5.9496271924800945
23254,3.7,5.9496271924800945
22549,4.7,5.9496271924800945
13349,6.1,5.9496271924800945
12158,3.5,5.9496271924800945
7400,4.5,5.9496271924800945
23310,6.3,5.9496271924800945
1904,9.1,5.9496271924800945
22934,2.4,5.9496271924800945
17931,3.2,5.9496271924800945
1621,2.1,5.9496271924800945
11159,2.4,5.9496271924800945
16865,2.2,5.9496271924800945
20519,4.3,5.9496271924800945
14217,6.3,5.9496271924800945
3761,3.6,5.836309821750639
5384,6.0,5.9496271924800945
16934,2.0,5.9496271924800945
11295,3.9,5.9496271924800945
11627,4.1,5.9496271924800945
19905,3.3,5.9496271924800945
23895,5.5,5.9496271924800945
8413,4.2,5.48440716337822
1762,3.2,5.480577396144491
3951,3.4,5.9496271924800945
10389,4.0,5.9496271924800945
7436,7.9,5.9496271924800945
18205,4.6,5.9496271924800945
5307,3.8,5.9496271924800945
6177,6.2,6.174344426656656
4541,3.6,5.9496271924800945
20040,3.7,4.687442281792252
4237,2.8,5.9496271924800945
11917,6.4,5.9496271924800945
5651,4.9,5.9496271924800945
4790,5.7,5.555865663359499
14363,5.0,5.9496271924800945
17215,5.0,5.9496271924800945
2146,6.2,5.9496271924800945
18729,2.0,5.9496271924800945
20660,3.3,5.9496271924800945
13465,2.9,5.9496271924800945
14180,4.2,5.9496271924800945
14387,5.3,5.9496271924800945
17645,18.4,5.9496271924800945
11107,2.9,5.9496271924800945
19571,4.8,5.9496271924800945
16061,9.7,5.9496271924800945
11818,5.4,5.9496271924800945
5850,3.7,5.9496271924800945
23624,4.5,5.9496271924800945
13381,3.9,5.9496271924800945
23876,16.7,5.9496271924800945
10412,7.1,5.9496271924800945
1101,5.4,5.9496271924800945
10116,16.1,5.9496271924800945
23293,4.3,5.9496271924800945
295,2.9,5.9496271924800945
13515,11.5,5.9496271924800945
16376,5.0,5.9496271924800945
11911,4.2,5.9496271924800945
20526,4.4,5.9496271924800945
23536,4.9,5.9496271924800945
5429,4.0,4.967099137676804
17945,4.1,5.9496271924800945
7815,9.2,5.9496271924800945
23349,5.6,5.9496271924800945
13854,5.3,5.9496271924800945
19193,12.2,5.9496271924800945
22287,3.4,5.4781122621229255
3548,4.3,5.9496271924800945
8592,3.6,5.514574630465408
17170,10.7,5.9496271924800945
11462,3.8,5.9496271924800945
4181,7.6,5.9496271924800945
12344,3.8,5.9496271924800945
21966,4.7,5.9496271924800945
10982,18.2,5.9496271924800945
4026,5.7,5.9496271924800945
4301,5.0,5.9496271924800945
3860,4.3,5.9496271924800945
22536,7.1,5.9496271924800945
8408,5.4,5.9496271924800945
6832,4.9,5.9496271924800945
6083,7.4,5.9496271924800945
11350,5.2,5.9496271924800945
5075,3.7,5.9496271924800945
22268,4.6,5.3269782422767955
21607,4.0,5.9496271924800945
2049,4.6,5.9496271924800945
20048,4.4,5.9496271924800945
4401,5.4,5.9496271924800945
23806,4.4,5.9496271924800945
22711,6.5,5.9496271924800945
1826,2.2,5.9496271924800945
14375,5.7,5.9496271924800945
22397,4.5,5.9496271924800945
16447,4.2,5.465241435105544
9674,4.8,5.9496271924800945
16274,5.9,5.9496271924800945
18251,4.7,5.803731013137175
21493,6.6,5.9496271924800945
5043,3.0,5.629680830763494
137,3.9,5.9496271924800945
6118,5.3,5.9496271924800945
18427,4.8,5.9496271924800945
20044,5.2,5.9496271924800945
9769,3.3,4.733207774805884
18935,7.4,5.394639458215121
2418,11.8,5.9496271924800945
23195,3.3,5.9496271924800945
8445,3.0,5.9496271924800945
18661,4.3,5.9496271924800945
17299,5.9,5.9496271924800945
22852,4.3,5.9496271924800945
14776,7.4,5.481690177973932
13559,8.0,5.655732747136698
14524,13.8,5.9496271924800945
10719,9.3,5.9496271924800945
16683,6.5,5.935766893380778
3101,6.2,5.9496271924800945
1240,9.0,5.9496271924800945
19600,6.3,5.4818110862360445
18337,3.8,5.9496271924800945
21422,6.3,5.9496271924800945
4294,4.1,5.9496271924800945
7331,4.9,5.9496271924800945
11331,3.7,4.600291093343084
3909,13.0,5.9496271924800945
22067,8.8,5.9496271924800945
18899,3.0,5.9496271924800945
22770,4.6,5.9496271924800945
2710,3.1,5.9496271924800945
5404,5.9,5.9496271924800945
13718,5.0,5.9496271924800945
19968,3.0,5.9496271924800945
3540,9.4,5.9496271924800945
21192,5.3,5.135016342615385
15967,1.4,5.9496271924800945
23713,10.7,5.9496271924800945
22492,2.2,5.9496271924800945
23534,7.4,5.9496271924800945
11438,5.4,5.9496271924800945
20141,7.7,5.76852676454906
16292,5.7,5.9496271924800945
5260,4.8,5.9496271924800945
4879,2.9,5.9496271924800945
4266,7.9,5.9496271924800945
8501,4.2,5.9496271924800945
9853,2.6,5.9496271924800945
18362,6.3,5.9496271924800945
1302,18.6,5.9496271924800945
16055,4.4,5.820661496692829
21102,4.6,5.9496271924800945
3652,8.5,5.9496271924800945
12706,3.8,5.9496271924800945
19980,4.3,5.9496271924800945
10206,4.9,5.9496271924800945
6082,9.4,5.864985354669881
19151,5.2,5.9496271924800945
5785,5.5,5.9496271924800945
13609,2.3,5.9496271924800945
1194,9.9,5.9496271924800945
17832,2.3,5.9496271924800945
14175,3.3,5.806071505062503
19613,14.1,5.9496271924800945
5631,2.4,5.9496271924800945
8830,5.4,5.9496271924800945
20886,2.7,5.9496271924800945
7834,2.6,5.9496271924800945
6209,28.4,5.9496271924800945
398,4.5,5.9496271924800945
3036,11.0,5.9496271924800945
18247,4.1,5.9496271924800945
526,2.5,5.9496271924800945
7818,7.2,5.9496271924800945
821,3.5,5.285210090447915
8924,3.1,5.9496271924800945
14543,1.9,5.9496271924800945
21934,4.7,5.9496271924800945
7152,3.8,5.9496271924800945
6068,4.3,5.9496271924800945
18682,6.4,5.9496271924800945
22541,8.5,5.9496271924800945
2515,27.0,5.9496271924800945
11914,4.9,5.9496271924800945
13787,5.1,5.9496271924800945
11881,4.1,5.9496271924800945
3156,4.7,5.9496271924800945
3283,1.6,5.9496271924800945
2480,13.3,5.9496271924800945
12214,5.2,5.9496271924800945
10804,22.3,5.9496271924800945
6074,5.7,5.9496271924800945
4925,6.2,5.9496271924800945
19191,11.6,5.9496271924800945
17510,9.7,5.9496271924800945
17999,21.0,5.9496271924800945
891,3.0,5.9496271924800945
13504,10.0,5.984419415211617
17378,3.0,5.9496271924800945
13215,3.2,5.9496271924800945
14512,2.2,5.9496271924800945
11742,10.9,5.9496271924800945
2500,3.9,5.9496271924800945
22920,6.3,5.9496271924800945
15757,4.8,5.9496271924800945
21658,4.8,5.9496271924800945
9132,4.8,5.9496271924800945
14886,3.3,5.9496271924800945
1420,4.8,5.9496271924800945
22941,2.8,5.9496271924800945
18837,5.7,5.9496271924800945
12351,5.3,5.9496271924800945
9227,4.2,5.9496271924800945
5713,3.2,5.9496271924800945
16712,8.5,5.9496271924800945
18149,5.0,5.9496271924800945
18591,2.5,5.9496271924800945
20987,3.4,5.9496271924800945
10075,3.7,5.9496271924800945
12381,4.0,5.9496271924800945
19174,5.7,5.607983253147175
7781,6.4,5.9496271924800945
9643,4.5,5.50432505814438
4212,3.5,5.9496271924800945
20608,1.8,5.9496271924800945
15552,3.5,5.9496271924800945
9153,6.7,5.9496271924800945
22526,3.4,5.9496271924800945
7851,5.3,5.9496271924800945
19058,3.7,5.9496271924800945
22639,9.2,5.9496271924800945
8394,3.4,5.9496271924800945
534,12.9,5.567055049918413
10685,4.4,6.015005684377935
16339,30.3,5.9496271924800945
23734,6.2,5.9496271924800945
1175,2.9,5.9496271924800945
8423,12.1,5.9496271924800945
10307,2.6,5.9496271924800945
20286,4.1,5.9496271924800945
9069,6.2,5.9496271924800945
15906,5.2,5.9496271924800945
10330,3.8,5.9496271924800945
21425,5.4,5.517164507852804
20677,3.7,5.9496271924800945
17076,5.2,5.9496271924800945
14637,9.2,5.9496271924800945
17571,2.1,5.9496271924800945
17973,1.7,5.9496271924800945
7410,4.3,5.9496271924800945
23891,5.5,5.9496271924800945
8300,4.7,5.9496271924800945
9309,6.6,5.9496271924800945
23879,15.0,5.9496271924800945
11067,6.5,5.9496271924800945
19724,13.9,5.9496271924800945
23068,6.2,5.9496271924800945
19196,3.4,5.9496271924800945
7822,7.1,5.9496271924800945
21221,4.9,5.9496271924800945
1004,3.6,5.9496271924800945
12099,5.9,5.9496271924800945
12999,4.5,5.9496271924800945
7018,1.5,5.9496271924800945
21703,4.2,5.9496271924800945
2369,11.8,5.9496271924800945
511,2.3,5.9496271924800945
13746,6.8,5.9496271924800945
16782,7.4,5.9496271924800945
6944,9.5,5.9496271924800945
12871,11.5,5.9496271924800945
5776,3.4,5.734785299549365
459,2.5,5.9496271924800945
4222,4.3,5.9496271924800945
8478,3.0,5.9496271924800945
10088,15.7,5.9496271924800945
22255,3.8,5.9496271924800945
5480,4.3,5.9496271924800945
4610,3.1,5.9496271924800945
15800,2.9,5.9496271924800945
15588,11.5,5.9496271924800945
919,14.3,5.9496271924800945
6163,2.9,5.9496271924800945
12243,3.6,5.9496271924800945
22092,6.1,5.9496271924800945
10667,4.2,5.9496271924800945
22966,9.2,5.9496271924800945
14272,5.1,5.9496271924800945
23248,3.0,5.9496271924800945
10720,9.3,5.9496271924800945
7190,5.3,5.9496271924800945
15590,13.1,5.9496271924800945
14041,28.1,5.9496271924800945
22950,5.5,5.9496271924800945
23415,4.8,5.9496271924800945
6247,7.0,5.9496271924800945
18498,5.3,5.9496271924800945
197,2.5,5.9496271924800945
8503,1.9,5.9496271924800945
4202,4.7,5.9496271924800945
10679,6.8,5.9496271924800945
6220,20.8,5.9496271924800945
14874,9.9,5.9496271924800945
21775,8.2,5.9496271924800945
1835,3.7,4.2371481788632215
21302,6.5,5.9496271924800945
22107,6.7,5.9496271924800945
15003,3.2,5.9496271924800945
2752,5.7,5.9496271924800945
10718,8.7,5.9496271924800945
5357,3.3,5.9496271924800945
21766,6.1,5.9496271924800945
18023,2.6,5.9496271924800945
2149,9.4,5.9496271924800945
2630,11.4,5.9496271924800945
8813,7.8,5.9496271924800945
1150,5.6,5.9496271924800945
1245,6.5,5.9496271924800945
2303,4.2,5.688551916847863
19615,14.5,5.9496271924800945
19986,8.9,5.9496271924800945
16137,11.9,5.9496271924800945
10833,4.7,5.9496271924800945
8971,5.2,5.9496271924800945
1805,4.7,5.9496271924800945
16646,5.7,5.9496271924800945
21266,5.8,5.9496271924800945
1021,4.7,5.9496271924800945
18406,32.6,5.9496271924800945
8314,2.6,5.9496271924800945
12231,2.8,5.9496271924800945
16930,4.6,5.9496271924800945
4472,5.3,5.9496271924800945
20027,1.8,5.9496271924800945
17229,12.3,5.9496271924800945
17613,3.0,5.9496271924800945
19733,8.7,5.9496271924800945
11694,2.8,5.9496271924800945
1290,6.4,5.9496271924800945
19991,8.6,5.9496271924800945
474,5.6,5.9496271924800945
12216,4.9,5.9496271924800945
17993,47.0,5.9496271924800945
3572,7.0,5.9496271924800945
13813,1.1,5.9496271924800945
12501,5.4,5.9496271924800945
18373,5.1,5.9496271924800945
6233,8.5,5.9496271924800945
3025,21.9,5.9496271924800945
18985,3.1,5.9496271924800945
9832,4.0,5.9496271924800945
7625,4.9,5.9496271924800945
17242,1.6,5.9496271924800945
3582,5.2,5.9496271924800945
4405,2.9,5.107992998451796
8056,4.2,5.75247611764503
13034,4.4,5.9496271924800945
6890,14.1,5.9496271924800945
11717,5.6,5.9496271924800945
13494,3.1,5.9496271924800945
15726,14.6,5.9496271924800945
6814,12.5,5.9496271924800945
22555,6.6,5.9496271924800945
1122,4.8,5.9496271924800945
9461,5.3,5.9496271924800945
2399,4.4,5.9496271924800945
1715,3.7,5.9496271924800945
21485,10.0,4.685275158964056
21081,4.9,6.024902034277935
14080,30.8,5.9496271924800945
2783,7.6,5.9496271924800945
8917,4.4,5.9496271924800945
1166,3.9,5.9496271924800945
23300,5.0,5.9496271924800945
23347,4.5,5.9496271924800945
1681,5.0,5.9496271924800945
2126,3.0,5.9496271924800945
18930,7.8,5.9496271924800945
4713,2.9,5.9496271924800945
13572,17.5,5.9496271924800945
1575,3.7,5.9496271924800945
18706,4.4,5.9496271924800945
7696,5.2,5.9496271924800945
19729,13.4,5.9496271924800945
21227,3.4,5.9496271924800945
14689,4.8,5.9496271924800945
10284,3.5,5.9496271924800945
14200,4.3,5.9496271924800945
