,y_test,prediction
8293,278.0,284.8370811118323
13500,186.0,284.8370811118323
18955,82.0,284.8370811118323
3804,256.0,284.8370811118323
15860,399.0,22.658484602212866
10560,264.0,284.8370811118323
15152,202.0,284.8370811118323
17331,552.0,284.8370811118323
6303,409.0,284.8370811118323
6019,282.0,284.8370811118323
22721,253.0,284.8370811118323
22470,228.0,284.8370811118323
23254,197.0,284.8370811118323
8971,559.0,284.8370811118323
15800,329.0,284.8370811118323
742,147.0,284.8370811118323
6393,214.0,284.8370811118323
2812,198.0,284.8370811118323
18948,692.0,284.8370811118323
22796,269.0,284.8370811118323
21428,251.0,284.8370811118323
22599,208.0,284.8370811118323
18264,418.0,284.8370811118323
12244,193.0,284.8370811118323
18679,429.0,284.8370811118323
22957,430.0,284.8370811118323
17625,337.0,284.8370811118323
22494,180.0,284.8370811118323
19359,242.0,284.8370811118323
8792,90.0,284.8370811118323
6541,321.0,284.8370811118323
5985,503.0,284.8370811118323
9232,182.0,284.8370811118323
6017,317.0,284.8370811118323
23171,293.0,284.8370811118323
6837,266.0,284.8370811118323
15683,225.0,284.8370811118323
23962,634.0,284.8370811118323
8367,409.0,284.8370811118323
4293,204.0,284.8370811118323
22921,165.0,284.8370811118323
23724,244.0,284.8370811118323
23378,241.0,284.8370811118323
1994,460.0,284.8370811118323
381,141.0,284.8370811118323
23493,371.0,284.8370811118323
20346,362.0,284.8370811118323
9902,216.0,284.8370811118323
1367,471.0,284.8370811118323
4574,365.0,284.8370811118323
13548,337.0,284.8370811118323
4803,592.0,284.8370811118323
19730,127.0,284.8370811118323
23753,256.0,284.8370811118323
6551,240.0,284.8370811118323
17438,794.0,284.8370811118323
18758,335.0,284.8370811118323
22593,280.0,284.8370811118323
21928,199.0,284.8370811118323
18776,204.0,284.8370811118323
23498,381.0,284.8370811118323
23448,366.0,284.8370811118323
17954,688.0,284.8370811118323
11107,266.0,284.8370811118323
1715,209.0,284.8370811118323
17730,300.0,284.8370811118323
2686,217.0,284.8370811118323
12655,176.0,284.8370811118323
16130,94.0,284.8370811118323
23384,222.0,284.8370811118323
23011,357.0,284.8370811118323
2797,190.0,284.8370811118323
2292,610.0,284.8370811118323
8888,326.0,284.8370811118323
2554,64.0,284.8370811118323
23274,399.0,284.8370811118323
15841,280.0,284.8370811118323
3698,232.0,679.1688232152835
737,264.0,284.8370811118323
23292,347.0,284.8370811118323
16853,247.0,284.8370811118323
1060,150.0,284.8370811118323
567,194.0,284.8370811118323
22852,280.0,284.8370811118323
18429,157.0,284.8370811118323
14553,151.0,284.8370811118323
115,326.0,284.8370811118323
2360,258.0,284.8370811118323
12689,280.0,284.8370811118323
5083,353.0,284.8370811118323
16151,322.0,284.8370811118323
6083,432.0,284.8370811118323
22559,433.0,284.8370811118323
10663,181.0,284.8370811118323
2520,180.0,284.8370811118323
16433,325.0,284.8370811118323
23876,624.0,284.8370811118323
23766,280.0,284.8370811118323
1547,355.0,284.8370811118323
23360,200.0,284.8370811118323
6847,513.0,284.8370811118323
12656,155.0,284.8370811118323
2552,59.0,284.8370811118323
16038,314.0,284.8370811118323
19984,180.0,284.8370811118323
7817,284.0,284.8370811118323
839,81.0,284.8370811118323
16901,280.0,284.8370811118323
19610,407.0,284.8370811118323
17919,201.0,284.8370811118323
20957,183.0,284.8370811118323
14049,255.0,284.8370811118323
23666,183.0,284.8370811118323
15777,129.0,284.8370811118323
22459,243.0,284.8370811118323
8091,419.0,284.8370811118323
1569,195.0,284.8370811118323
8789,84.0,284.8370811118323
1575,172.0,284.8370811118323
22437,315.0,284.8370811118323
6120,293.0,284.8370811118323
23059,308.0,284.8370811118323
23310,292.0,284.8370811118323
23806,206.0,284.8370811118323
21360,269.0,284.8370811118323
15749,315.0,284.8370811118323
22644,282.0,284.8370811118323
21993,271.0,284.8370811118323
8917,189.0,284.8370811118323
17363,180.0,284.8370811118323
11490,229.0,284.8370811118323
10012,402.0,284.8370811118323
23068,292.0,284.8370811118323
10830,261.0,284.8370811118323
22555,420.0,284.8370811118323
18947,711.0,284.8370811118323
6962,182.0,284.8370811118323
6676,423.0,284.8370811118323
88,200.0,284.8370811118323
15511,279.0,284.8370811118323
21447,521.0,284.8370811118323
8463,421.0,818.7404294299042
22783,150.0,284.8370811118323
13020,397.0,284.8370811118323
23680,193.0,284.8370811118323
22961,211.0,284.8370811118323
18043,237.0,284.8370811118323
22632,251.0,284.8370811118323
9314,119.0,284.8370811118323
20815,307.0,284.8370811118323
23624,319.0,284.8370811118323
8088,213.0,284.8370811118323
22607,241.0,284.8370811118323
5729,296.0,284.8370811118323
8251,263.0,284.8370811118323
15826,144.0,284.8370811118323
23562,298.0,284.8370811118323
8985,215.0,284.8370811118323
23417,431.0,284.8370811118323
23184,277.0,284.8370811118323
23457,345.0,284.8370811118323
2625,601.0,284.8370811118323
16655,218.0,284.8370811118323
1141,236.0,284.8370811118323
3136,202.0,284.8370811118323
23308,222.0,284.8370811118323
590,313.0,284.8370811118323
1844,229.0,284.8370811118323
5161,274.0,651.2426275998682
898,177.0,284.8370811118323
7737,259.0,284.8370811118323
22847,240.0,284.8370811118323
20828,204.0,284.8370811118323
9285,245.0,284.8370811118323
22846,415.0,284.8370811118323
10127,218.0,284.8370811118323
20963,129.0,284.8370811118323
11120,187.0,284.8370811118323
22745,254.0,284.8370811118323
20149,391.0,284.8370811118323
23711,244.0,284.8370811118323
11656,369.0,284.8370811118323
19970,235.0,284.8370811118323
8557,166.0,284.8370811118323
23734,317.0,284.8370811118323
10119,173.0,284.8370811118323
8817,324.0,284.8370811118323
9457,379.0,284.8370811118323
1419,29.0,284.8370811118323
9227,287.0,284.8370811118323
10501,473.0,284.8370811118323
2476,347.0,284.8370811118323
18767,182.0,284.8370811118323
14687,223.0,284.8370811118323
13365,262.0,284.8370811118323
12909,380.0,284.8370811118323
5691,194.0,284.8370811118323
18780,223.0,284.8370811118323
22711,278.0,284.8370811118323
9508,345.0,206.00531631001718
16616,371.0,284.8370811118323
23121,348.0,284.8370811118323
23487,221.0,284.8370811118323
10307,222.0,284.8370811118323
14629,396.0,284.8370811118323
17734,410.0,284.8370811118323
2799,401.0,284.8370811118323
