,y_test,prediction
8293,278.0,284.86019473313456
13500,186.0,284.86019473313456
18955,82.0,284.86019473313456
3804,256.0,284.86019473313456
15860,399.0,-254.03458141179567
10560,264.0,284.86019473313456
15152,202.0,284.86019473313456
17331,552.0,284.86019473313456
6303,409.0,284.86019473313456
6019,282.0,284.86019473313456
22721,253.0,284.86019473313456
22470,228.0,284.86019473313456
23254,197.0,284.86019473313456
8971,559.0,284.86019473313456
15800,329.0,284.86019473313456
742,147.0,284.86019473313456
6393,214.0,284.86019473313456
2812,198.0,284.86019473313456
18948,692.0,284.86019473313456
22796,269.0,284.86019473313456
21428,251.0,284.86019473313456
22599,208.0,284.86019473313456
18264,418.0,284.86019473313456
12244,193.0,284.86019473313456
18679,429.0,284.86019473313456
22957,430.0,284.86019473313456
17625,337.0,284.86019473313456
22494,180.0,284.86019473313456
19359,242.0,284.86019473313456
8792,90.0,284.86019473313456
6541,321.0,284.86019473313456
5985,503.0,284.86019473313456
9232,182.0,284.86019473313456
6017,317.0,284.86019473313456
23171,293.0,284.86019473313456
6837,266.0,284.86019473313456
15683,225.0,284.86019473313456
23962,634.0,284.86019473313456
8367,409.0,284.86019473313456
4293,204.0,284.86019473313456
22921,165.0,284.86019473313456
23724,244.0,284.86019473313456
23378,241.0,284.86019473313456
1994,460.0,284.86019473313456
381,141.0,284.86019473313456
23493,371.0,284.86019473313456
20346,362.0,284.86019473313456
9902,216.0,284.86019473313456
1367,471.0,284.86019473313456
4574,365.0,284.86019473313456
13548,337.0,284.86019473313456
4803,592.0,284.86019473313456
19730,127.0,284.86019473313456
23753,256.0,284.86019473313456
6551,240.0,284.86019473313456
17438,794.0,284.86019473313456
18758,335.0,284.86019473313456
22593,280.0,284.86019473313456
21928,199.0,284.86019473313456
18776,204.0,284.86019473313456
23498,381.0,284.86019473313456
23448,366.0,284.86019473313456
17954,688.0,284.86019473313456
11107,266.0,284.86019473313456
1715,209.0,284.86019473313456
17730,300.0,284.86019473313456
2686,217.0,284.86019473313456
12655,176.0,284.86019473313456
16130,94.0,284.86019473313456
23384,222.0,284.86019473313456
23011,357.0,284.86019473313456
2797,190.0,284.86019473313456
2292,610.0,284.86019473313456
8888,326.0,284.86019473313456
2554,64.0,284.86019473313456
23274,399.0,284.86019473313456
15841,280.0,284.86019473313456
3698,232.0,434.8973276806678
737,264.0,284.86019473313456
23292,347.0,284.86019473313456
16853,247.0,284.86019473313456
1060,150.0,284.86019473313456
567,194.0,284.86019473313456
22852,280.0,284.86019473313456
18429,157.0,284.86019473313456
14553,151.0,284.86019473313456
115,326.0,284.86019473313456
2360,258.0,284.86019473313456
12689,280.0,284.86019473313456
5083,353.0,284.86019473313456
16151,322.0,284.86019473313456
6083,432.0,284.86019473313456
22559,433.0,284.86019473313456
10663,181.0,284.86019473313456
2520,180.0,284.86019473313456
16433,325.0,284.86019473313456
23876,624.0,284.86019473313456
23766,280.0,284.86019473313456
1547,355.0,284.86019473313456
23360,200.0,284.86019473313456
6847,513.0,284.86019473313456
12656,155.0,284.86019473313456
2552,59.0,284.86019473313456
16038,314.0,284.86019473313456
19984,180.0,284.86019473313456
7817,284.0,284.86019473313456
839,81.0,284.86019473313456
16901,280.0,284.86019473313456
19610,407.0,284.86019473313456
17919,201.0,284.86019473313456
20957,183.0,284.86019473313456
14049,255.0,284.86019473313456
23666,183.0,284.86019473313456
15777,129.0,284.86019473313456
22459,243.0,284.86019473313456
8091,419.0,284.86019473313456
1569,195.0,284.86019473313456
8789,84.0,284.86019473313456
1575,172.0,284.86019473313456
22437,315.0,284.86019473313456
6120,293.0,284.86019473313456
23059,308.0,284.86019473313456
23310,292.0,284.86019473313456
23806,206.0,284.86019473313456
21360,269.0,284.86019473313456
15749,315.0,284.86019473313456
22644,282.0,284.86019473313456
21993,271.0,284.86019473313456
8917,189.0,284.86019473313456
17363,180.0,284.86019473313456
11490,229.0,284.86019473313456
10012,402.0,284.86019473313456
23068,292.0,284.86019473313456
10830,261.0,284.86019473313456
22555,420.0,284.86019473313456
18947,711.0,284.86019473313456
6962,182.0,284.86019473313456
6676,423.0,284.86019473313456
88,200.0,284.86019473313456
15511,279.0,284.86019473313456
21447,521.0,284.86019473313456
8463,421.0,535.8421404857775
22783,150.0,284.86019473313456
13020,397.0,284.86019473313456
23680,193.0,284.86019473313456
22961,211.0,284.86019473313456
18043,237.0,284.86019473313456
22632,251.0,284.86019473313456
9314,119.0,284.86019473313456
20815,307.0,284.86019473313456
23624,319.0,284.86019473313456
8088,213.0,284.86019473313456
22607,241.0,284.86019473313456
5729,296.0,284.86019473313456
8251,263.0,284.86019473313456
15826,144.0,284.86019473313456
23562,298.0,284.86019473313456
8985,215.0,284.86019473313456
23417,431.0,284.86019473313456
23184,277.0,284.86019473313456
23457,345.0,284.86019473313456
2625,601.0,284.86019473313456
16655,218.0,284.86019473313456
1141,236.0,284.86019473313456
3136,202.0,284.86019473313456
23308,222.0,284.86019473313456
590,313.0,284.86019473313456
1844,229.0,284.86019473313456
5161,274.0,690.1829599697844
898,177.0,284.86019473313456
7737,259.0,284.86019473313456
22847,240.0,284.86019473313456
20828,204.0,284.86019473313456
9285,245.0,284.86019473313456
22846,415.0,284.86019473313456
10127,218.0,284.86019473313456
20963,129.0,284.86019473313456
11120,187.0,284.86019473313456
22745,254.0,284.86019473313456
20149,391.0,284.86019473313456
23711,244.0,284.86019473313456
11656,369.0,284.86019473313456
19970,235.0,284.86019473313456
8557,166.0,284.86019473313456
23734,317.0,284.86019473313456
10119,173.0,284.86019473313456
8817,324.0,284.86019473313456
9457,379.0,284.86019473313456
1419,29.0,284.86019473313456
9227,287.0,284.86019473313456
10501,473.0,284.86019473313456
2476,347.0,284.86019473313456
18767,182.0,284.86019473313456
14687,223.0,284.86019473313456
13365,262.0,284.86019473313456
12909,380.0,284.86019473313456
5691,194.0,284.86019473313456
18780,223.0,284.86019473313456
22711,278.0,284.86019473313456
9508,345.0,-137.9572408529184
16616,371.0,284.86019473313456
23121,348.0,284.86019473313456
23487,221.0,284.86019473313456
10307,222.0,284.86019473313456
14629,396.0,284.86019473313456
17734,410.0,284.86019473313456
2799,401.0,284.86019473313456
