,y_test,prediction
21691,5.4,5.9653914812862965
8709,6.1,5.9653914812862965
23986,5.3,5.9653914812862965
7887,9.3,5.9653914812862965
13117,4.4,5.9653914812862965
17189,4.9,5.9653914812862965
19641,4.1,5.9653914812862965
6078,4.5,5.9653914812862965
35,8.7,5.9653914812862965
8139,4.2,5.9653914812862965
3272,6.2,5.9653914812862965
16720,5.0,5.9653914812862965
15093,5.6,5.9653914812862965
19709,4.4,5.562875159049422
12130,3.3,5.9653914812862965
19977,2.6,5.9653914812862965
18298,6.6,5.9653914812862965
9618,5.9,5.9653914812862965
4464,4.5,5.9653914812862965
20523,5.2,5.9653914812862965
4768,4.2,5.9653914812862965
17834,2.9,5.9653914812862965
8398,2.2,5.9653914812862965
21795,3.4,5.496283311396906
23457,4.5,5.9653914812862965
6341,4.9,5.9653914812862965
13149,3.6,5.9653914812862965
10516,4.9,5.088550420202679
8938,4.2,5.9653914812862965
173,3.9,5.9653914812862965
7318,4.5,5.9653914812862965
20619,5.6,5.7513384071187295
9395,2.9,5.9653914812862965
3124,4.0,5.9653914812862965
9884,5.6,5.9653914812862965
23160,4.9,5.9653914812862965
19940,3.0,5.4412429708185
5871,7.1,5.9653914812862965
17244,1.4,5.9653914812862965
6248,7.3,5.9653914812862965
4417,2.3,5.9653914812862965
15837,3.3,5.9653914812862965
4462,5.2,5.9653914812862965
13675,3.2,5.9653914812862965
9134,4.7,5.9653914812862965
14067,18.2,5.9653914812862965
846,3.6,5.9653914812862965
19404,6.3,5.9653914812862965
535,12.0,5.9653914812862965
6739,5.0,5.9653914812862965
2767,8.6,5.9653914812862965
6387,5.6,5.9653914812862965
16783,8.7,5.9653914812862965
8313,2.7,5.9653914812862965
10229,7.9,5.258099580933714
2537,5.1,5.9653914812862965
10936,2.4,5.9653914812862965
8945,3.4,5.9653914812862965
23801,7.6,5.9653914812862965
18760,20.8,5.9653914812862965
2390,9.0,5.9653914812862965
18558,3.1,5.9653914812862965
6459,5.0,5.9653914812862965
22977,5.5,5.9653914812862965
11804,5.3,5.9653914812862965
22752,4.7,5.9653914812862965
13627,2.6,5.361963093010964
212,2.5,5.9653914812862965
23021,6.1,5.9653914812862965
21289,4.4,5.9653914812862965
11838,4.5,5.9653914812862965
9838,5.2,5.729270827227447
15612,4.2,5.9653914812862965
13334,3.9,5.9653914812862965
23604,13.8,5.9653914812862965
9121,4.7,5.9653914812862965
20024,1.6,5.9653914812862965
3568,4.8,5.9653914812862965
20938,4.1,6.415788669011021
3197,8.1,5.9653914812862965
18575,3.8,5.9653914812862965
5841,5.5,5.9653914812862965
17514,5.4,5.9653914812862965
6658,2.3,5.9653914812862965
11318,4.2,5.9653914812862965
8907,4.8,5.9653914812862965
16145,4.5,5.9653914812862965
1233,5.2,5.9653914812862965
10736,4.9,5.9653914812862965
13936,7.6,5.9653914812862965
4444,4.9,5.9653914812862965
6187,5.2,5.9653914812862965
19184,12.8,5.9653914812862965
23586,11.3,5.9653914812862965
21122,3.8,5.9653914812862965
3570,5.3,5.9653914812862965
18742,2.1,5.9653914812862965
455,5.6,5.9653914812862965
21117,5.1,5.4751332819187315
14692,5.5,5.9653914812862965
14619,5.6,5.9653914812862965
17468,4.9,5.9653914812862965
20890,3.3,5.9653914812862965
19781,4.6,5.9653914812862965
6271,4.8,5.9653914812862965
2140,5.8,5.9653914812862965
13469,2.4,5.9653914812862965
20789,1.7,5.9653914812862965
1120,5.1,5.9653914812862965
7872,4.2,5.9653914812862965
22975,6.9,5.9653914812862965
3457,3.3,5.9653914812862965
3170,4.9,5.86374525113164
22962,3.5,5.9653914812862965
6049,8.3,5.9653914812862965
2592,16.9,5.9653914812862965
7735,4.6,5.9653914812862965
16729,6.3,5.9653914812862965
19750,6.2,5.9653914812862965
13700,6.4,5.9653914812862965
10072,12.5,5.9653914812862965
4537,4.1,5.9653914812862965
2354,7.0,5.9653914812862965
22382,6.2,5.9653914812862965
382,2.4,5.9653914812862965
20775,3.5,5.9653914812862965
14671,5.4,5.9653914812862965
23789,6.6,5.9653914812862965
19972,3.7,5.9653914812862965
18248,4.3,5.9653914812862965
2666,4.6,5.9653914812862965
5596,11.3,5.9653914812862965
13764,3.0,5.9653914812862965
23753,3.9,5.9653914812862965
20529,2.8,5.9653914812862965
17913,3.0,5.9653914812862965
5161,5.1,5.836539921175734
17848,4.3,5.9653914812862965
1710,2.2,5.9653914812862965
5742,5.1,5.9653914812862965
16201,4.4,5.9653914812862965
12997,5.8,5.9653914812862965
16065,22.3,5.9653914812862965
10008,4.2,5.9653914812862965
12493,4.6,5.9653914812862965
22296,8.2,5.9653914812862965
1756,5.7,5.9653914812862965
3107,4.9,5.9653914812862965
15464,4.1,5.9653914812862965
1376,2.4,5.9653914812862965
1483,2.8,5.9653914812862965
18027,1.9,5.9653914812862965
22354,8.7,5.98037864827076
7733,5.9,5.9653914812862965
19118,3.4,5.9653914812862965
16276,4.0,5.9653914812862965
5976,7.5,5.9653914812862965
3645,6.4,5.9653914812862965
21950,7.4,5.9653914812862965
23690,5.5,5.9653914812862965
3999,4.8,5.9653914812862965
14582,6.2,4.800051261447537
17139,7.2,5.9653914812862965
774,4.2,5.9653914812862965
5394,4.0,5.9653914812862965
23100,6.9,5.9653914812862965
23376,4.1,5.9653914812862965
7324,4.9,6.978204403738131
22954,6.3,5.9653914812862965
12729,3.7,5.644035039257195
7347,6.4,5.9653914812862965
19717,3.1,5.9653914812862965
23784,4.9,5.9653914812862965
8475,7.4,5.9653914812862965
15599,4.4,5.9653914812862965
16162,6.0,5.9653914812862965
10992,6.3,5.9653914812862965
16946,6.3,5.9653914812862965
19852,10.7,5.9653914812862965
19788,4.8,6.053330420714563
9669,4.3,5.9653914812862965
11096,3.3,5.9653914812862965
2220,6.2,5.9653914812862965
21943,8.2,5.9653914812862965
9326,3.4,5.9653914812862965
1364,35.8,5.9653914812862965
4218,3.7,5.9653914812862965
2881,3.1,5.9653914812862965
5131,6.4,5.59966145375982
15142,4.5,5.9653914812862965
22938,5.2,5.9653914812862965
2638,3.0,5.9653914812862965
18934,7.4,5.9653914812862965
23114,6.2,5.9653914812862965
21707,5.5,5.9653914812862965
14640,4.8,5.631274994900991
5301,4.7,5.9653914812862965
9222,9.3,5.9653914812862965
12713,5.3,5.9653914812862965
3449,3.5,5.9653914812862965
16450,5.8,5.9653914812862965
942,5.7,5.9653914812862965
1367,19.7,5.9653914812862965
1506,3.0,5.9653914812862965
7692,12.3,5.9653914812862965
3161,4.6,5.9653914812862965
15313,5.2,5.9653914812862965
18424,4.8,5.9653914812862965
53,3.2,5.9653914812862965
7483,3.0,5.9653914812862965
13920,3.6,5.9653914812862965
4103,4.2,5.9653914812862965
17924,3.2,5.9653914812862965
15152,4.3,5.9653914812862965
21024,4.5,5.9653914812862965
18783,3.2,5.9653914812862965
19016,6.4,5.9653914812862965
13121,2.2,5.9653914812862965
499,28.0,5.9653914812862965
19086,3.8,5.2409075682541255
4942,19.9,5.9653914812862965
20574,11.9,5.9653914812862965
17668,6.8,5.9653914812862965
9084,9.3,5.401299641274997
189,3.7,5.9653914812862965
7328,5.3,5.9653914812862965
22438,4.4,5.9653914812862965
11898,3.9,5.9653914812862965
11640,3.6,5.9653914812862965
14218,8.1,5.9653914812862965
8009,4.0,5.111415443664788
7709,3.6,5.9653914812862965
9996,2.7,5.9653914812862965
18074,3.2,5.9653914812862965
23727,7.1,5.9653914812862965
15198,2.7,5.9653914812862965
1719,3.2,5.9653914812862965
21067,4.2,5.9653914812862965
14144,5.0,5.9653914812862965
6290,5.6,5.9653914812862965
4604,1.8,5.9653914812862965
23207,5.4,5.9653914812862965
21408,4.6,5.9653914812862965
12111,3.3,5.9653914812862965
2591,16.9,5.9653914812862965
13512,10.1,5.9653914812862965
4898,3.5,5.9653914812862965
20469,11.7,5.9653914812862965
17719,5.4,5.9653914812862965
2047,6.0,5.809273136530893
20144,5.5,5.9653914812862965
7743,5.8,5.9653914812862965
11629,4.2,5.9653914812862965
11582,5.2,5.9653914812862965
12899,4.4,5.9653914812862965
20242,11.7,4.955338086030317
401,5.6,5.9653914812862965
18955,1.6,5.9653914812862965
19465,14.6,5.9653914812862965
9943,11.0,5.9653914812862965
23579,6.1,5.9653914812862965
12727,4.5,5.243109029930244
15007,3.6,5.9653914812862965
16599,1.0,5.9653914812862965
2779,4.9,5.9653914812862965
21479,3.4,5.9653914812862965
581,2.8,5.9653914812862965
21454,4.2,4.758890020641752
9155,3.9,5.488211436310321
2823,3.8,5.9653914812862965
10661,4.5,5.9653914812862965
15112,10.8,5.9653914812862965
5327,3.0,5.9653914812862965
5137,5.7,5.9653914812862965
3375,7.6,5.9653914812862965
1760,6.4,4.889987029081636
21244,6.1,5.63572127648715
22160,5.1,5.9653914812862965
1108,4.6,5.9653914812862965
16614,4.4,5.9653914812862965
9191,2.1,5.9653914812862965
6632,2.8,5.9653914812862965
2203,25.6,5.9653914812862965
23000,5.2,5.9653914812862965
8158,4.3,5.652919999076033
16191,4.0,5.9653914812862965
9209,5.1,5.9653914812862965
3315,6.1,5.9653914812862965
10900,3.6,5.9653914812862965
13131,0.9,5.9653914812862965
23860,5.0,5.9653914812862965
18669,7.3,5.9653914812862965
17768,4.9,5.9653914812862965
3284,1.4,5.9653914812862965
21215,6.0,5.9653914812862965
5317,3.3,5.9653914812862965
6482,4.8,5.9653914812862965
14458,5.2,5.9653914812862965
18997,4.1,5.9653914812862965
21828,1.0,5.9653914812862965
9184,4.4,5.9653914812862965
14239,4.5,5.23278748018507
23027,4.7,5.9653914812862965
22145,5.5,5.9653914812862965
9428,5.4,5.9653914812862965
2980,2.8,5.9653914812862965
4037,6.2,5.396111445550842
22779,5.2,5.9653914812862965
20087,2.6,5.9653914812862965
283,12.6,5.9653914812862965
10345,2.3,5.9653914812862965
14515,3.0,5.9653914812862965
3809,1.5,5.9653914812862965
1884,4.1,5.9653914812862965
20968,6.6,5.9653914812862965
8625,3.4,5.9653914812862965
17995,46.1,5.9653914812862965
2518,30.7,5.9653914812862965
6249,6.2,5.9653914812862965
17389,5.1,5.9653914812862965
12866,3.7,5.9653914812862965
2554,4.8,5.9653914812862965
5548,5.8,5.9653914812862965
5779,6.0,4.856770207924473
2059,3.2,5.9653914812862965
2948,8.1,5.9653914812862965
7468,4.4,5.9653914812862965
5297,4.3,5.9653914812862965
7304,7.5,5.9653914812862965
561,8.5,5.9653914812862965
4760,2.0,5.9653914812862965
4425,6.3,5.453412262028171
15652,7.2,5.9653914812862965
5331,5.2,5.9653914812862965
18014,3.6,5.9653914812862965
18013,3.6,5.9653914812862965
6756,4.8,5.9653914812862965
2377,4.5,5.9653914812862965
18909,5.1,5.9653914812862965
19045,2.7,5.9653914812862965
20776,3.5,5.9653914812862965
7959,5.2,5.9653914812862965
1911,5.4,5.9653914812862965
9043,0.5,5.9653914812862965
22790,2.8,5.9653914812862965
12432,7.6,5.9653914812862965
22921,4.8,5.9653914812862965
3862,4.3,4.604854491601747
7704,4.1,5.9653914812862965
2616,4.7,5.565078623748695
10073,10.8,5.9653914812862965
23679,3.7,5.9653914812862965
15507,2.2,5.9653914812862965
22329,14.0,5.9653914812862965
11087,5.4,5.9653914812862965
3278,1.4,5.9653914812862965
23647,4.4,5.9653914812862965
1313,3.5,5.9653914812862965
23199,4.4,5.9653914812862965
1722,2.8,5.9653914812862965
10588,7.6,5.9653914812862965
18719,3.2,5.9653914812862965
21450,4.3,5.9653914812862965
17624,5.9,5.9653914812862965
22635,5.2,5.9653914812862965
16324,50.8,5.9653914812862965
802,4.3,5.9653914812862965
21937,6.0,5.9653914812862965
8362,5.1,5.089108704666017
22487,7.1,5.9653914812862965
23535,13.9,5.9653914812862965
12744,2.3,5.9653914812862965
13977,1.4,5.9653914812862965
195,2.9,5.9653914812862965
22649,3.7,5.9653914812862965
5031,11.3,5.9653914812862965
5562,6.2,5.9653914812862965
5852,14.1,5.9653914812862965
14245,10.3,5.9653914812862965
2552,2.9,5.9653914812862965
8669,4.5,5.9653914812862965
13213,3.5,5.9653914812862965
5202,5.5,5.9653914812862965
13500,2.7,5.9653914812862965
12404,10.8,5.9653914812862965
5436,3.8,5.9653914812862965
19974,2.7,5.9653914812862965
23131,6.3,5.9653914812862965
2778,4.7,5.9653914812862965
22847,7.0,5.9653914812862965
3073,5.5,5.9653914812862965
10824,2.1,5.9653914812862965
4622,5.2,5.9653914812862965
3804,2.1,5.9653914812862965
22442,5.4,5.9653914812862965
23744,4.8,5.9653914812862965
21969,3.7,5.9653914812862965
15893,4.6,5.9653914812862965
22428,4.1,5.9653914812862965
18650,9.1,5.9653914812862965
6885,7.1,5.9653914812862965
1501,3.2,5.3790132023812465
15538,4.8,5.9653914812862965
11601,5.7,5.9653914812862965
5419,5.1,5.9653914812862965
4868,11.7,5.9653914812862965
351,4.4,5.9653914812862965
1423,14.1,5.9653914812862965
22401,4.5,5.9653914812862965
23884,10.1,5.9653914812862965
15304,5.7,5.9653914812862965
2330,3.9,5.9653914812862965
21503,5.1,5.9653914812862965
9887,8.1,5.9653914812862965
8134,13.8,5.9653914812862965
8704,3.1,5.9653914812862965
3704,4.2,6.151731420132604
10303,3.2,5.9653914812862965
403,5.4,5.9653914812862965
18410,32.5,5.9653914812862965
20532,2.8,5.9653914812862965
10702,5.2,5.9653914812862965
23990,5.0,5.9653914812862965
18300,8.2,5.9653914812862965
8189,17.1,5.9653914812862965
14327,5.6,5.9653914812862965
7154,3.6,5.9653914812862965
19013,7.3,5.9653914812862965
306,3.6,5.9653914812862965
2966,17.9,5.9653914812862965
2653,7.6,5.9653914812862965
13214,4.0,5.9653914812862965
5459,5.4,5.9653914812862965
15974,1.5,5.9653914812862965
6945,11.8,5.9653914812862965
15327,5.6,5.9653914812862965
21105,3.1,5.9653914812862965
14909,4.1,5.9653914812862965
22767,4.3,5.9653914812862965
8042,3.7,5.9653914812862965
10614,3.3,4.914185851816759
9658,4.7,5.9653914812862965
18190,3.9,5.9653914812862965
5998,4.5,5.9653914812862965
19512,5.0,5.9653914812862965
2569,5.2,5.9653914812862965
8113,3.7,5.557454670238181
16034,1.6,5.9653914812862965
4276,5.8,5.9653914812862965
15858,4.2,5.9653914812862965
894,6.3,5.9653914812862965
17457,5.9,5.9653914812862965
9934,11.7,5.9653914812862965
23910,3.1,5.9653914812862965
18936,5.6,5.9653914812862965
9890,8.3,5.9653914812862965
6042,9.4,5.9653914812862965
13816,1.6,5.9653914812862965
3188,3.7,5.9653914812862965
7026,4.8,5.9653914812862965
14976,5.7,5.9653914812862965
12759,9.0,5.9653914812862965
17347,4.1,5.9653914812862965
20093,3.5,5.9653914812862965
1398,7.3,5.9653914812862965
13441,8.7,5.838605680772828
8385,3.9,5.9653914812862965
8018,5.6,5.9653914812862965
22550,4.6,5.9653914812862965
11185,3.1,5.9653914812862965
7911,30.1,5.9653914812862965
10065,14.8,5.9653914812862965
6222,6.0,5.9653914812862965
2342,5.7,5.9653914812862965
23245,4.8,5.9653914812862965
11335,2.7,5.9653914812862965
22970,3.5,5.9653914812862965
13460,4.0,5.9653914812862965
19625,4.6,5.9653914812862965
11093,3.1,5.9653914812862965
882,3.7,5.489869250636588
502,30.0,5.9653914812862965
123,2.6,5.9653914812862965
9455,5.7,5.9653914812862965
3594,6.7,5.9653914812862965
20358,5.0,5.9653914812862965
18897,2.4,5.9653914812862965
20569,7.5,5.9653914812862965
11939,4.7,5.267910474887321
10257,3.2,5.9653914812862965
6397,7.1,5.9653914812862965
14189,4.0,5.9653914812862965
7254,2.8,5.9653914812862965
20828,6.6,5.9653914812862965
19563,4.2,5.9653914812862965
2131,3.8,5.9653914812862965
9774,5.8,5.9653914812862965
16190,4.3,4.7224253330087205
3852,9.7,5.9653914812862965
6334,13.0,5.9653914812862965
13860,9.7,5.560082838259504
1419,4.2,5.9653914812862965
16322,52.7,5.038940099587455
20730,12.7,5.9653914812862965
6738,5.6,5.9653914812862965
23630,4.5,5.9653914812862965
11842,6.2,5.9653914812862965
7876,4.1,5.9653914812862965
4040,1.8,5.9653914812862965
4010,6.4,5.9653914812862965
13059,1.8,5.9653914812862965
6562,6.4,5.9653914812862965
6110,4.5,5.9653914812862965
21154,4.4,5.056995224879033
16616,4.3,5.9653914812862965
14937,3.3,5.9653914812862965
22465,7.1,5.9653914812862965
22729,6.5,5.9653914812862965
23133,5.1,5.9653914812862965
21096,3.9,5.9653914812862965
23247,3.4,5.9653914812862965
20188,4.8,5.9653914812862965
15916,2.5,5.9653914812862965
20979,3.5,5.9653914812862965
20591,12.7,5.9653914812862965
16397,4.6,5.720981563623129
17568,6.0,5.9653914812862965
12933,7.7,5.9653914812862965
8637,24.1,5.9653914812862965
316,3.3,5.9653914812862965
9308,6.1,5.9653914812862965
7712,5.2,5.9653914812862965
12156,3.1,5.9653914812862965
15343,10.1,5.9653914812862965
23772,4.6,5.9653914812862965
2440,2.1,5.9653914812862965
3989,12.4,5.9653914812862965
10214,7.7,5.9653914812862965
3115,1.5,5.9653914812862965
3173,5.5,5.9653914812862965
14527,12.2,5.9653914812862965
16994,5.1,5.9653914812862965
14184,5.0,5.9653914812862965
18954,4.4,5.724274490684356
8696,3.8,5.9653914812862965
22102,4.8,5.9653914812862965
21905,3.6,5.9653914812862965
706,2.8,5.9653914812862965
13223,4.2,5.9653914812862965
5347,2.4,5.9653914812862965
23633,3.6,5.9653914812862965
23074,3.8,5.9653914812862965
800,2.2,5.285814000206734
5153,5.9,5.9653914812862965
9003,5.1,5.9653914812862965
20488,3.4,5.9653914812862965
4691,3.0,5.9653914812862965
8948,5.6,5.9653914812862965
2690,9.5,5.9653914812862965
19631,5.0,5.9653914812862965
21565,6.5,5.9653914812862965
13075,5.2,5.9653914812862965
22637,4.7,5.9653914812862965
8994,3.7,5.9653914812862965
1489,2.8,5.9653914812862965
22745,4.5,5.9653914812862965
6901,27.8,5.9653914812862965
718,5.2,5.9653914812862965
8358,4.2,5.366704803804339
17996,25.8,5.9653914812862965
23608,3.6,5.9653914812862965
3033,16.9,5.9653914812862965
22363,7.3,5.9653914812862965
9786,4.5,5.9653914812862965
3599,2.3,5.9653914812862965
4135,4.8,5.9653914812862965
23254,3.7,5.9653914812862965
22549,4.7,5.9653914812862965
13349,6.1,5.9653914812862965
12158,3.5,5.9653914812862965
7400,4.5,5.9653914812862965
23310,6.3,5.9653914812862965
1904,9.1,5.9653914812862965
22934,2.4,5.9653914812862965
17931,3.2,5.9653914812862965
1621,2.1,5.9653914812862965
11159,2.4,5.9653914812862965
16865,2.2,5.9653914812862965
20519,4.3,5.9653914812862965
14217,6.3,5.9653914812862965
3761,3.6,5.5193873704414464
5384,6.0,5.9653914812862965
16934,2.0,5.9653914812862965
11295,3.9,5.9653914812862965
11627,4.1,5.9653914812862965
19905,3.3,5.9653914812862965
23895,5.5,5.9653914812862965
8413,4.2,5.376745902920231
1762,3.2,5.283613685075647
3951,3.4,5.9653914812862965
10389,4.0,5.9653914812862965
7436,7.9,5.9653914812862965
18205,4.6,5.9653914812862965
5307,3.8,5.9653914812862965
6177,6.2,6.4090043034161095
4541,3.6,5.9653914812862965
20040,3.7,4.2460098399783295
4237,2.8,5.9653914812862965
11917,6.4,5.9653914812862965
5651,4.9,5.9653914812862965
4790,5.7,5.172950248071372
14363,5.0,5.9653914812862965
17215,5.0,5.9653914812862965
2146,6.2,5.9653914812862965
18729,2.0,5.9653914812862965
20660,3.3,5.9653914812862965
13465,2.9,5.9653914812862965
14180,4.2,5.9653914812862965
14387,5.3,5.9653914812862965
17645,18.4,5.9653914812862965
11107,2.9,5.9653914812862965
19571,4.8,5.9653914812862965
16061,9.7,5.9653914812862965
11818,5.4,5.9653914812862965
5850,3.7,5.9653914812862965
23624,4.5,5.9653914812862965
13381,3.9,5.9653914812862965
23876,16.7,5.9653914812862965
10412,7.1,5.9653914812862965
1101,5.4,5.9653914812862965
10116,16.1,5.9653914812862965
23293,4.3,5.9653914812862965
295,2.9,5.9653914812862965
13515,11.5,5.9653914812862965
16376,5.0,5.9653914812862965
11911,4.2,5.9653914812862965
20526,4.4,5.9653914812862965
23536,4.9,5.9653914812862965
5429,4.0,4.599940505484912
17945,4.1,5.9653914812862965
7815,9.2,5.9653914812862965
23349,5.6,5.9653914812862965
13854,5.3,5.9653914812862965
19193,12.2,5.9653914812862965
22287,3.4,5.621023167811144
3548,4.3,5.9653914812862965
8592,3.6,5.266972116014266
17170,10.7,5.9653914812862965
11462,3.8,5.9653914812862965
4181,7.6,5.9653914812862965
12344,3.8,5.9653914812862965
21966,4.7,5.9653914812862965
10982,18.2,5.9653914812862965
4026,5.7,5.9653914812862965
4301,5.0,5.9653914812862965
3860,4.3,5.9653914812862965
22536,7.1,5.9653914812862965
8408,5.4,5.9653914812862965
6832,4.9,5.9653914812862965
6083,7.4,5.9653914812862965
11350,5.2,5.9653914812862965
5075,3.7,5.9653914812862965
22268,4.6,5.290555249569058
21607,4.0,5.9653914812862965
2049,4.6,5.9653914812862965
20048,4.4,5.9653914812862965
4401,5.4,5.9653914812862965
23806,4.4,5.9653914812862965
22711,6.5,5.9653914812862965
1826,2.2,5.9653914812862965
14375,5.7,5.9653914812862965
22397,4.5,5.9653914812862965
16447,4.2,5.212750398999576
9674,4.8,5.9653914812862965
16274,5.9,5.9653914812862965
18251,4.7,5.917550428435928
21493,6.6,5.9653914812862965
5043,3.0,5.364410531705264
137,3.9,5.9653914812862965
6118,5.3,5.9653914812862965
18427,4.8,5.9653914812862965
20044,5.2,5.9653914812862965
9769,3.3,3.8843454508350783
18935,7.4,5.3499045227930955
2418,11.8,5.9653914812862965
23195,3.3,5.9653914812862965
8445,3.0,5.9653914812862965
18661,4.3,5.9653914812862965
17299,5.9,5.9653914812862965
22852,4.3,5.9653914812862965
14776,7.4,5.329214107881433
13559,8.0,5.763898917472465
14524,13.8,5.9653914812862965
10719,9.3,5.9653914812862965
16683,6.5,5.864538790261168
3101,6.2,5.9653914812862965
1240,9.0,5.9653914812862965
19600,6.3,5.3013693983575
18337,3.8,5.9653914812862965
21422,6.3,5.9653914812862965
4294,4.1,5.9653914812862965
7331,4.9,5.9653914812862965
11331,3.7,4.435996707477246
3909,13.0,5.9653914812862965
22067,8.8,5.9653914812862965
18899,3.0,5.9653914812862965
22770,4.6,5.9653914812862965
2710,3.1,5.9653914812862965
5404,5.9,5.9653914812862965
13718,5.0,5.9653914812862965
19968,3.0,5.9653914812862965
3540,9.4,5.9653914812862965
21192,5.3,4.864551598003631
15967,1.4,5.9653914812862965
23713,10.7,5.9653914812862965
22492,2.2,5.9653914812862965
23534,7.4,5.9653914812862965
11438,5.4,5.9653914812862965
20141,7.7,5.55402766585776
16292,5.7,5.9653914812862965
5260,4.8,5.9653914812862965
4879,2.9,5.9653914812862965
4266,7.9,5.9653914812862965
8501,4.2,5.9653914812862965
9853,2.6,5.9653914812862965
18362,6.3,5.9653914812862965
1302,18.6,5.9653914812862965
16055,4.4,5.229706554810093
21102,4.6,5.9653914812862965
3652,8.5,5.9653914812862965
12706,3.8,5.9653914812862965
19980,4.3,5.9653914812862965
10206,4.9,5.9653914812862965
6082,9.4,5.720213445526177
19151,5.2,5.9653914812862965
5785,5.5,5.9653914812862965
13609,2.3,5.9653914812862965
1194,9.9,5.9653914812862965
17832,2.3,5.9653914812862965
14175,3.3,5.6679346245987965
19613,14.1,5.9653914812862965
5631,2.4,5.9653914812862965
8830,5.4,5.9653914812862965
20886,2.7,5.9653914812862965
7834,2.6,5.9653914812862965
6209,28.4,5.9653914812862965
398,4.5,5.9653914812862965
3036,11.0,5.9653914812862965
18247,4.1,5.9653914812862965
526,2.5,5.9653914812862965
7818,7.2,5.9653914812862965
821,3.5,4.870842766217856
8924,3.1,5.9653914812862965
14543,1.9,5.9653914812862965
21934,4.7,5.9653914812862965
7152,3.8,5.9653914812862965
6068,4.3,5.9653914812862965
18682,6.4,5.9653914812862965
22541,8.5,5.9653914812862965
2515,27.0,5.9653914812862965
11914,4.9,5.9653914812862965
13787,5.1,5.9653914812862965
11881,4.1,5.9653914812862965
3156,4.7,5.9653914812862965
3283,1.6,5.9653914812862965
2480,13.3,5.9653914812862965
12214,5.2,5.9653914812862965
10804,22.3,5.9653914812862965
6074,5.7,5.9653914812862965
4925,6.2,5.9653914812862965
19191,11.6,5.9653914812862965
17510,9.7,5.9653914812862965
17999,21.0,5.9653914812862965
891,3.0,5.9653914812862965
13504,10.0,5.934373006554328
17378,3.0,5.9653914812862965
13215,3.2,5.9653914812862965
14512,2.2,5.9653914812862965
11742,10.9,5.9653914812862965
2500,3.9,5.9653914812862965
22920,6.3,5.9653914812862965
15757,4.8,5.9653914812862965
21658,4.8,5.9653914812862965
9132,4.8,5.9653914812862965
14886,3.3,5.9653914812862965
1420,4.8,5.9653914812862965
22941,2.8,5.9653914812862965
18837,5.7,5.9653914812862965
12351,5.3,5.9653914812862965
9227,4.2,5.9653914812862965
5713,3.2,5.9653914812862965
16712,8.5,5.9653914812862965
18149,5.0,5.9653914812862965
18591,2.5,5.9653914812862965
20987,3.4,5.9653914812862965
10075,3.7,5.9653914812862965
12381,4.0,5.9653914812862965
19174,5.7,5.548471559418245
7781,6.4,5.9653914812862965
9643,4.5,5.152917288295891
4212,3.5,5.9653914812862965
20608,1.8,5.9653914812862965
15552,3.5,5.9653914812862965
9153,6.7,5.9653914812862965
22526,3.4,5.9653914812862965
7851,5.3,5.9653914812862965
19058,3.7,5.9653914812862965
22639,9.2,5.9653914812862965
8394,3.4,5.9653914812862965
534,12.9,5.761040502065901
10685,4.4,5.505430484278823
16339,30.3,5.9653914812862965
23734,6.2,5.9653914812862965
1175,2.9,5.9653914812862965
8423,12.1,5.9653914812862965
10307,2.6,5.9653914812862965
20286,4.1,5.9653914812862965
9069,6.2,5.9653914812862965
15906,5.2,5.9653914812862965
10330,3.8,5.9653914812862965
21425,5.4,5.46292074994048
20677,3.7,5.9653914812862965
17076,5.2,5.9653914812862965
14637,9.2,5.9653914812862965
17571,2.1,5.9653914812862965
17973,1.7,5.9653914812862965
7410,4.3,5.9653914812862965
23891,5.5,5.9653914812862965
8300,4.7,5.9653914812862965
9309,6.6,5.9653914812862965
23879,15.0,5.9653914812862965
11067,6.5,5.9653914812862965
19724,13.9,5.9653914812862965
23068,6.2,5.9653914812862965
19196,3.4,5.9653914812862965
7822,7.1,5.9653914812862965
21221,4.9,5.9653914812862965
1004,3.6,5.9653914812862965
12099,5.9,5.9653914812862965
12999,4.5,5.9653914812862965
7018,1.5,5.9653914812862965
21703,4.2,5.9653914812862965
2369,11.8,5.9653914812862965
511,2.3,5.9653914812862965
13746,6.8,5.9653914812862965
16782,7.4,5.9653914812862965
6944,9.5,5.9653914812862965
12871,11.5,5.9653914812862965
5776,3.4,5.560672759646465
459,2.5,5.9653914812862965
4222,4.3,5.9653914812862965
8478,3.0,5.9653914812862965
10088,15.7,5.9653914812862965
22255,3.8,5.9653914812862965
5480,4.3,5.9653914812862965
4610,3.1,5.9653914812862965
15800,2.9,5.9653914812862965
15588,11.5,5.9653914812862965
919,14.3,5.9653914812862965
6163,2.9,5.9653914812862965
12243,3.6,5.9653914812862965
22092,6.1,5.9653914812862965
10667,4.2,5.9653914812862965
22966,9.2,5.9653914812862965
14272,5.1,5.9653914812862965
23248,3.0,5.9653914812862965
10720,9.3,5.9653914812862965
7190,5.3,5.9653914812862965
15590,13.1,5.9653914812862965
14041,28.1,5.9653914812862965
22950,5.5,5.9653914812862965
23415,4.8,5.9653914812862965
6247,7.0,5.9653914812862965
18498,5.3,5.9653914812862965
197,2.5,5.9653914812862965
8503,1.9,5.9653914812862965
4202,4.7,5.9653914812862965
10679,6.8,5.9653914812862965
6220,20.8,5.9653914812862965
14874,9.9,5.9653914812862965
21775,8.2,5.9653914812862965
1835,3.7,2.991251201671641
21302,6.5,5.9653914812862965
22107,6.7,5.9653914812862965
15003,3.2,5.9653914812862965
2752,5.7,5.9653914812862965
10718,8.7,5.9653914812862965
5357,3.3,5.9653914812862965
21766,6.1,5.9653914812862965
18023,2.6,5.9653914812862965
2149,9.4,5.9653914812862965
2630,11.4,5.9653914812862965
8813,7.8,5.9653914812862965
1150,5.6,5.9653914812862965
1245,6.5,5.9653914812862965
2303,4.2,5.476701297529127
19615,14.5,5.9653914812862965
19986,8.9,5.9653914812862965
16137,11.9,5.9653914812862965
10833,4.7,5.9653914812862965
8971,5.2,5.9653914812862965
1805,4.7,5.9653914812862965
16646,5.7,5.9653914812862965
21266,5.8,5.9653914812862965
1021,4.7,5.9653914812862965
18406,32.6,5.9653914812862965
8314,2.6,5.9653914812862965
12231,2.8,5.9653914812862965
16930,4.6,5.9653914812862965
4472,5.3,5.9653914812862965
20027,1.8,5.9653914812862965
17229,12.3,5.9653914812862965
17613,3.0,5.9653914812862965
19733,8.7,5.9653914812862965
11694,2.8,5.9653914812862965
1290,6.4,5.9653914812862965
19991,8.6,5.9653914812862965
474,5.6,5.9653914812862965
12216,4.9,5.9653914812862965
17993,47.0,5.9653914812862965
3572,7.0,5.9653914812862965
13813,1.1,5.9653914812862965
12501,5.4,5.9653914812862965
18373,5.1,5.9653914812862965
6233,8.5,5.9653914812862965
3025,21.9,5.9653914812862965
18985,3.1,5.9653914812862965
9832,4.0,5.9653914812862965
7625,4.9,5.9653914812862965
17242,1.6,5.9653914812862965
3582,5.2,5.9653914812862965
4405,2.9,4.897070092222601
8056,4.2,5.549057495554181
13034,4.4,5.9653914812862965
6890,14.1,5.9653914812862965
11717,5.6,5.9653914812862965
13494,3.1,5.9653914812862965
15726,14.6,5.9653914812862965
6814,12.5,5.9653914812862965
22555,6.6,5.9653914812862965
1122,4.8,5.9653914812862965
9461,5.3,5.9653914812862965
2399,4.4,5.9653914812862965
1715,3.7,5.9653914812862965
21485,10.0,4.452619773040837
21081,4.9,5.943410476019329
14080,30.8,5.9653914812862965
2783,7.6,5.9653914812862965
8917,4.4,5.9653914812862965
1166,3.9,5.9653914812862965
23300,5.0,5.9653914812862965
23347,4.5,5.9653914812862965
1681,5.0,5.9653914812862965
2126,3.0,5.9653914812862965
18930,7.8,5.9653914812862965
4713,2.9,5.9653914812862965
13572,17.5,5.9653914812862965
1575,3.7,5.9653914812862965
18706,4.4,5.9653914812862965
7696,5.2,5.9653914812862965
19729,13.4,5.9653914812862965
21227,3.4,5.9653914812862965
14689,4.8,5.9653914812862965
10284,3.5,5.9653914812862965
14200,4.3,5.9653914812862965
