,y_test,prediction
8293,278.0,285.2948275929171
13500,186.0,285.2948275929171
18955,82.0,285.2948275929171
3804,256.0,285.2948275929171
15860,399.0,296.6292465579359
10560,264.0,285.2948275929171
15152,202.0,285.2948275929171
17331,552.0,285.2948275929171
6303,409.0,285.2948275929171
6019,282.0,285.2948275929171
22721,253.0,285.2948275929171
22470,228.0,285.2948275929171
23254,197.0,285.2948275929171
8971,559.0,285.2948275929171
15800,329.0,285.2948275929171
742,147.0,285.2948275929171
6393,214.0,285.2948275929171
2812,198.0,285.2948275929171
18948,692.0,285.2948275929171
22796,269.0,285.2948275929171
21428,251.0,285.2948275929171
22599,208.0,285.2948275929171
18264,418.0,285.2948275929171
12244,193.0,285.2948275929171
18679,429.0,285.2948275929171
22957,430.0,285.2948275929171
17625,337.0,285.2948275929171
22494,180.0,285.2948275929171
19359,242.0,285.2948275929171
8792,90.0,285.2948275929171
6541,321.0,285.2948275929171
5985,503.0,285.2948275929171
9232,182.0,285.2948275929171
6017,317.0,285.2948275929171
23171,293.0,285.2948275929171
6837,266.0,285.2948275929171
15683,225.0,285.2948275929171
23962,634.0,285.2948275929171
8367,409.0,285.2948275929171
4293,204.0,285.2948275929171
22921,165.0,285.2948275929171
23724,244.0,285.2948275929171
23378,241.0,285.2948275929171
1994,460.0,285.2948275929171
381,141.0,285.2948275929171
23493,371.0,285.2948275929171
20346,362.0,285.2948275929171
9902,216.0,285.2948275929171
1367,471.0,285.2948275929171
4574,365.0,285.2948275929171
13548,337.0,285.2948275929171
4803,592.0,285.2948275929171
19730,127.0,285.2948275929171
23753,256.0,285.2948275929171
6551,240.0,285.2948275929171
17438,794.0,285.2948275929171
18758,335.0,285.2948275929171
22593,280.0,285.2948275929171
21928,199.0,285.2948275929171
18776,204.0,285.2948275929171
23498,381.0,285.2948275929171
23448,366.0,285.2948275929171
17954,688.0,285.2948275929171
11107,266.0,285.2948275929171
1715,209.0,285.2948275929171
17730,300.0,285.2948275929171
2686,217.0,285.2948275929171
12655,176.0,285.2948275929171
16130,94.0,285.2948275929171
23384,222.0,285.2948275929171
23011,357.0,285.2948275929171
2797,190.0,285.2948275929171
2292,610.0,285.2948275929171
8888,326.0,285.2948275929171
2554,64.0,285.2948275929171
23274,399.0,285.2948275929171
15841,280.0,285.2948275929171
3698,232.0,395.13424317617864
737,264.0,285.2948275929171
23292,347.0,285.2948275929171
16853,247.0,285.2948275929171
1060,150.0,285.2948275929171
567,194.0,285.2948275929171
22852,280.0,285.2948275929171
18429,157.0,285.2948275929171
14553,151.0,285.2948275929171
115,326.0,285.2948275929171
2360,258.0,285.2948275929171
12689,280.0,285.2948275929171
5083,353.0,285.2948275929171
16151,322.0,285.2948275929171
6083,432.0,285.2948275929171
22559,433.0,285.2948275929171
10663,181.0,285.2948275929171
2520,180.0,285.2948275929171
16433,325.0,285.2948275929171
23876,624.0,285.2948275929171
23766,280.0,285.2948275929171
1547,355.0,285.2948275929171
23360,200.0,285.2948275929171
6847,513.0,285.2948275929171
12656,155.0,285.2948275929171
2552,59.0,285.2948275929171
16038,314.0,285.2948275929171
19984,180.0,285.2948275929171
7817,284.0,285.2948275929171
839,81.0,285.2948275929171
16901,280.0,285.2948275929171
19610,407.0,285.2948275929171
17919,201.0,285.2948275929171
20957,183.0,285.2948275929171
14049,255.0,285.2948275929171
23666,183.0,285.2948275929171
15777,129.0,285.2948275929171
22459,243.0,285.2948275929171
8091,419.0,285.2948275929171
1569,195.0,285.2948275929171
8789,84.0,285.2948275929171
1575,172.0,285.2948275929171
22437,315.0,285.2948275929171
6120,293.0,285.2948275929171
23059,308.0,285.2948275929171
23310,292.0,285.2948275929171
23806,206.0,285.2948275929171
21360,269.0,285.2948275929171
15749,315.0,285.2948275929171
22644,282.0,285.2948275929171
21993,271.0,285.2948275929171
8917,189.0,285.2948275929171
17363,180.0,285.2948275929171
11490,229.0,285.2948275929171
10012,402.0,285.2948275929171
23068,292.0,285.2948275929171
10830,261.0,285.2948275929171
22555,420.0,285.2948275929171
18947,711.0,285.2948275929171
6962,182.0,285.2948275929171
6676,423.0,285.2948275929171
88,200.0,285.2948275929171
15511,279.0,285.2948275929171
21447,521.0,285.2948275929171
8463,421.0,319.582645921544
22783,150.0,285.2948275929171
13020,397.0,285.2948275929171
23680,193.0,285.2948275929171
22961,211.0,285.2948275929171
18043,237.0,285.2948275929171
22632,251.0,285.2948275929171
9314,119.0,285.2948275929171
20815,307.0,285.2948275929171
23624,319.0,285.2948275929171
8088,213.0,285.2948275929171
22607,241.0,285.2948275929171
5729,296.0,285.2948275929171
8251,263.0,285.2948275929171
15826,144.0,285.2948275929171
23562,298.0,285.2948275929171
8985,215.0,285.2948275929171
23417,431.0,285.2948275929171
23184,277.0,285.2948275929171
23457,345.0,285.2948275929171
2625,601.0,285.2948275929171
16655,218.0,285.2948275929171
1141,236.0,285.2948275929171
3136,202.0,285.2948275929171
23308,222.0,285.2948275929171
590,313.0,285.2948275929171
1844,229.0,285.2948275929171
5161,274.0,375.7309139529974
898,177.0,285.2948275929171
7737,259.0,285.2948275929171
22847,240.0,285.2948275929171
20828,204.0,285.2948275929171
9285,245.0,285.2948275929171
22846,415.0,285.2948275929171
10127,218.0,285.2948275929171
20963,129.0,285.2948275929171
11120,187.0,285.2948275929171
22745,254.0,285.2948275929171
20149,391.0,285.2948275929171
23711,244.0,285.2948275929171
11656,369.0,285.2948275929171
19970,235.0,285.2948275929171
8557,166.0,285.2948275929171
23734,317.0,285.2948275929171
10119,173.0,285.2948275929171
8817,324.0,285.2948275929171
9457,379.0,285.2948275929171
1419,29.0,285.2948275929171
9227,287.0,285.2948275929171
10501,473.0,285.2948275929171
2476,347.0,285.2948275929171
18767,182.0,285.2948275929171
14687,223.0,285.2948275929171
13365,262.0,285.2948275929171
12909,380.0,285.2948275929171
5691,194.0,285.2948275929171
18780,223.0,285.2948275929171
22711,278.0,285.2948275929171
9508,345.0,305.7620330764008
16616,371.0,285.2948275929171
23121,348.0,285.2948275929171
23487,221.0,285.2948275929171
10307,222.0,285.2948275929171
14629,396.0,285.2948275929171
17734,410.0,285.2948275929171
2799,401.0,285.2948275929171
