,y_test,prediction
21080,57.0,69.91
5557,89.0,70.4
13887,103.0,71.81
997,70.0,79.23
10732,75.0,85.7
21875,52.0,58.01
13185,115.0,70.69
8615,70.0,72.15
17877,85.0,82.52
1520,80.0,81.08
14500,63.0,64.85
10217,88.0,84.86
8308,72.0,72.53
21163,59.0,70.09
20865,65.0,65.27
6420,95.0,71.39
1721,73.0,72.83
21212,89.0,86.42
19214,57.0,74.58
1505,80.0,78.91
19409,60.0,63.44
2925,90.0,82.29
17681,72.0,73.67
16247,57.0,95.04
2154,98.0,78.81
13372,85.0,80.58
15263,77.0,68.22
18910,60.0,85.29
95,94.0,66.63
10548,95.0,89.06
18727,76.0,76.37
21391,85.0,87.06
4037,83.0,81.36
21265,90.0,87.05
19301,110.0,68.19
12932,69.0,75.35
12190,77.0,72.36
12685,63.0,73.41
9908,66.0,75.02
14281,90.0,84.26
1286,67.0,69.02
7395,79.0,72.11
9070,70.0,75.81
22053,71.0,70.71
14967,68.0,80.14
15642,65.0,67.1
6737,72.0,75.24
7352,73.0,72.96
1677,70.0,70.8
22019,73.0,75.68
15899,83.0,78.67
14056,75.0,75.09
20947,21.0,42.02
19494,89.0,77.01
2006,78.0,79.0
21156,80.0,80.12
10488,55.0,58.56
16295,75.0,72.19
19555,80.0,96.52
18325,69.0,75.54
21111,105.0,77.98
18474,65.0,70.47
20831,126.0,124.2
1230,81.0,78.54
12516,69.0,72.24
34,75.0,70.18
18454,97.0,95.52
18858,55.0,56.92
10651,70.0,68.15
1198,76.0,76.27
7804,65.0,73.08
7849,70.0,75.99
18098,55.0,56.84
9840,78.0,68.26
6061,59.0,65.82
10723,64.0,75.51
4865,78.0,74.09
124,85.0,73.46
11088,66.0,72.67
6527,62.0,69.28
21333,54.0,56.69
18417,124.0,78.23
1797,80.0,74.6
5435,56.0,73.85
8057,66.0,66.26
2306,50.0,100.06
3800,75.0,80.8
13169,65.0,63.43
17596,46.0,47.92
5876,60.0,68.05
9734,76.0,76.02
10010,70.0,70.24
10987,76.0,76.66
13915,63.0,67.71
12095,66.0,71.11
8417,70.0,69.57
2862,73.0,73.97
17857,130.0,96.75
19743,86.0,84.84
1212,60.0,66.86
9079,109.0,77.72
5222,67.0,72.78
5626,80.0,68.95
3546,70.0,72.56
10965,61.0,61.78
9970,91.0,90.45
14371,87.0,79.98
10129,74.0,73.67
1402,74.0,74.38
18269,90.0,70.54
14022,69.0,72.31
2987,108.0,99.22
11405,75.0,74.06
5809,74.0,73.11
15539,89.0,75.08
8021,67.0,67.57
22305,70.0,71.07
4302,75.0,69.96
1998,70.0,72.48
16715,85.0,66.02
17461,77.0,75.21
10911,88.0,76.58
10504,100.0,92.48
354,90.0,78.21
4734,74.0,75.5
11657,45.0,63.02
7611,56.0,72.78
12714,90.0,74.05
8949,52.0,67.64
7738,55.0,72.18
21731,70.0,74.01
8168,60.0,66.05
18495,120.0,69.28
9226,85.0,79.11
9224,65.0,67.21
21561,96.0,94.58
3550,85.0,82.55
16167,95.0,79.51
9400,62.0,75.45
1274,60.0,68.65
12636,53.0,75.77
18927,100.0,90.98
7581,65.0,80.1
13427,79.0,79.31
9861,90.0,86.91
3653,125.0,85.0
5920,90.0,74.57
2156,102.0,76.95
15645,66.0,71.27
19361,72.0,71.21
1559,73.0,72.62
2975,82.0,102.74
1310,63.0,66.89
15704,62.0,78.13
60,60.0,76.31
11617,90.0,69.2
12059,66.0,67.36
16589,60.0,68.62
17214,78.0,76.79
9681,75.0,71.26
15958,57.0,59.18
8357,93.0,88.78
1862,72.0,71.36
4884,67.0,69.58
14122,70.0,73.21
377,90.0,72.28
22207,59.0,66.6
20383,65.0,71.89
4185,76.0,75.21
12010,83.0,80.2
1416,84.0,70.65
9102,63.0,76.32
18574,66.0,72.17
3504,60.0,82.3
798,81.0,79.42
8376,62.0,72.17
17938,83.0,80.91
8061,60.0,61.22
9574,52.0,59.57
11051,84.0,82.14
4243,70.0,72.12
2227,80.0,77.29
8807,89.0,74.75
3213,104.0,71.59
21563,95.0,80.49
9858,60.0,66.88
17663,77.0,74.84
13558,77.0,73.96
2176,60.0,66.72
21445,75.0,72.46
5733,73.0,70.91
8414,58.0,59.14
8383,87.0,81.61
1589,88.0,77.31
10571,54.0,74.81
15172,75.0,73.16
13634,68.0,79.97
18716,57.0,72.64
9904,66.0,80.69
4316,60.0,72.64
12438,69.0,70.01
8336,64.0,78.35
4385,90.0,86.54
10853,79.0,76.19
3207,57.0,61.27
1334,89.0,82.03
15830,93.0,90.06
6382,83.0,72.71
7745,61.0,64.08
653,77.0,76.6
16216,61.0,70.11
10195,67.0,65.38
356,78.0,71.2
14853,68.0,69.21
13949,88.0,84.99
18131,68.0,68.23
13269,111.0,108.03
2229,85.0,74.58
16574,59.0,65.19
11706,77.0,74.76
20800,77.0,70.67
7148,68.0,70.49
6476,54.0,76.41
7629,67.0,67.78
2343,64.0,66.17
1803,66.0,82.67
11000,84.0,71.41
21263,78.0,77.75
16284,62.0,78.55
6345,83.0,69.41
2665,70.0,70.57
18547,75.0,74.8
10267,108.0,98.11
794,75.0,75.01
20548,60.0,63.61
4678,90.0,77.48
12202,78.0,66.3
18338,95.0,72.57
9033,58.0,58.59
5891,80.0,78.76
9881,78.0,76.97
19276,78.0,77.69
17608,58.0,69.32
14112,84.0,81.79
5037,67.0,76.05
13182,52.0,71.98
17640,102.0,91.45
7465,68.0,70.54
15488,70.0,70.59
6126,87.0,71.29
18258,70.0,95.71
16182,86.0,85.06
11061,89.0,80.57
15044,76.0,74.0
17710,57.0,77.89
5910,70.0,67.24
19411,60.0,68.02
16220,81.0,79.76
1226,68.0,71.49
10276,72.0,71.01
13744,69.0,71.29
6618,77.0,66.62
2856,64.0,67.45
4751,81.0,77.33
19609,79.0,79.42
2842,83.0,76.5
17391,65.0,65.83
2789,62.0,71.97
659,72.0,73.6
20974,70.0,70.79
19352,72.0,74.23
4312,60.0,72.68
7785,90.0,89.15
20387,89.0,72.87
21685,73.0,72.79
16072,80.0,72.52
13737,91.0,90.13
5741,59.0,75.38
8599,60.0,61.54
20868,65.0,65.27
20806,63.0,69.81
9083,69.0,70.02
4114,78.0,78.16
19197,86.0,80.02
6992,80.0,64.24
599,52.0,75.73
22181,76.0,71.83
19332,66.0,67.98
4161,111.0,76.91
12339,79.0,75.68
15356,79.0,80.34
3040,69.0,82.54
3372,100.0,79.62
10559,79.0,77.84
3593,49.0,56.84
8760,82.0,78.88
20002,89.0,83.31
21353,100.0,81.65
1686,77.0,74.88
19647,65.0,69.39
11267,93.0,88.72
14444,65.0,84.2
16188,89.0,82.17
6374,82.0,72.82
1881,60.0,62.71
15055,98.0,71.08
9480,73.0,72.96
2782,70.0,75.23
22286,66.0,66.27
4435,77.0,77.17
1038,98.0,90.56
12433,87.0,79.71
18982,80.0,75.81
12056,88.0,73.58
11668,62.0,77.54
11277,65.0,67.41
10266,108.0,98.11
10516,60.0,65.01
13339,85.0,82.09
13388,90.0,74.7
10594,72.0,84.38
21260,57.0,69.9
20462,83.0,77.11
18835,105.0,69.8
11274,67.0,69.04
16205,82.0,75.68
13965,85.0,71.79
7713,60.0,81.88
19232,56.0,75.41
15817,54.0,55.92
15225,76.0,75.81
18886,57.0,64.94
11128,70.0,70.76
5447,101.0,81.67
951,64.0,68.87
19844,80.0,65.61
3223,85.0,81.64
2345,83.0,75.11
1082,71.0,72.62
2023,85.0,84.72
14713,72.0,70.45
12061,88.0,74.74
1761,53.0,54.47
7547,56.0,72.32
6289,60.0,88.86
10063,65.0,72.32
4736,75.0,87.94
14844,75.0,82.75
7183,76.0,76.21
17281,53.0,71.0
3294,79.0,78.93
10250,52.0,71.66
19415,71.0,71.36
493,102.0,71.17
7729,60.0,73.08
21120,60.0,72.37
4438,63.0,76.12
14121,70.0,73.21
18656,60.0,72.43
521,65.0,84.62
15167,90.0,83.09
108,71.0,70.69
15946,71.0,77.69
19117,68.0,74.08
8879,57.0,69.66
22204,65.0,67.06
1037,98.0,90.56
18297,80.0,70.61
7047,79.0,77.18
14306,72.0,71.91
4556,73.0,67.03
10245,70.0,72.91
14264,81.0,77.87
16313,86.0,79.29
17160,58.0,73.77
7147,68.0,70.49
4200,85.0,78.76
21722,90.0,65.14
21352,100.0,81.65
15839,70.0,72.6
17421,67.0,75.65
20754,68.0,66.66
10868,89.0,81.18
922,62.0,63.94
11475,78.0,77.67
21193,86.0,84.31
4798,95.0,92.33
14702,65.0,70.21
19377,64.0,69.04
1983,77.0,79.07
16398,64.0,66.92
5614,78.0,66.35
16111,92.0,82.5
12976,53.0,62.37
1652,80.0,74.74
10927,91.0,75.11
16000,72.0,71.83
11590,64.0,67.52
5932,80.0,74.88
9403,88.0,78.39
6493,130.0,78.12
19088,95.0,79.72
11773,75.0,73.41
19757,91.0,85.49
8241,76.0,72.17
5160,69.0,68.73
8495,80.0,67.04
15045,76.0,74.0
8649,79.0,77.74
10675,69.0,70.24
17393,65.0,76.74
8106,64.0,80.19
9315,80.0,72.5
1216,76.0,71.59
1503,70.0,77.47
18223,108.0,97.78
19051,78.0,78.01
8335,67.0,69.0
6820,120.0,69.91
11425,77.0,75.4
19709,70.0,70.81
764,69.0,69.96
272,80.0,75.43
14151,105.0,81.39
1059,85.0,73.12
10450,111.0,82.57
1481,55.0,67.44
12096,66.0,71.11
12346,89.0,78.35
4665,73.0,77.88
4384,90.0,86.54
2869,55.0,60.22
15094,93.0,76.45
11741,88.0,78.02
21343,57.0,66.5
4471,57.0,73.6
9376,64.0,69.92
2050,87.0,79.92
14057,75.0,75.09
15090,65.0,67.52
8906,73.0,71.33
10580,56.0,64.39
6689,84.0,81.22
4759,75.0,82.44
14233,65.0,66.92
22034,71.0,75.17
12075,54.0,74.38
751,70.0,71.04
13966,85.0,71.79
14724,70.0,70.04
10261,81.0,72.0
6451,88.0,72.14
1733,81.0,80.85
7117,90.0,84.16
18952,78.0,76.78
17635,71.0,69.41
3104,105.0,94.4
12560,62.0,73.36
9502,61.0,65.83
13829,75.0,74.87
19788,70.0,70.7
5001,113.0,99.74
11131,60.0,63.84
10928,91.0,75.11
2704,70.0,68.01
9866,63.0,67.81
18329,57.0,67.53
13445,77.0,73.99
3580,74.0,74.48
2054,80.0,74.68
5414,58.0,63.47
1630,58.0,60.88
20502,87.0,84.51
10924,69.0,73.19
16452,85.0,81.71
18388,65.0,65.95
1808,73.0,73.66
8995,94.0,78.78
17350,70.0,79.05
11797,90.0,62.88
4701,88.0,85.65
7788,75.0,74.04
4210,65.0,72.33
15667,79.0,80.16
1685,77.0,74.88
19834,78.0,75.54
11033,83.0,68.36
11198,67.0,72.63
19799,67.0,68.2
16008,70.0,71.42
8648,84.0,83.09
1100,75.0,73.01
15643,65.0,67.1
20917,76.0,70.89
2898,72.0,76.65
20937,86.0,82.98
22300,68.0,79.62
992,57.0,60.9
6626,72.0,70.2
2911,78.0,93.72
15611,84.0,80.96
17186,63.0,66.24
9973,55.0,59.98
11317,60.0,79.24
2745,101.0,75.92
12831,86.0,68.64
3702,83.0,78.12
9928,75.0,72.48
2521,84.0,74.17
16231,91.0,88.87
3412,90.0,79.94
13503,67.0,73.98
10061,90.0,80.62
1215,76.0,71.59
11134,54.0,72.38
15505,99.0,74.13
12348,67.0,69.91
8138,95.0,76.29
8065,93.0,83.78
13731,66.0,66.3
3904,75.0,74.5
4894,69.0,69.22
5822,72.0,70.57
15011,86.0,81.35
13082,103.0,92.62
22127,78.0,72.31
5049,82.0,80.3
12203,78.0,66.3
7542,66.0,79.13
7699,70.0,81.39
14386,88.0,70.4
17902,78.0,71.0
20612,83.0,79.32
15020,70.0,71.54
5914,65.0,67.64
20805,63.0,69.81
1896,60.0,65.46
15015,56.0,63.93
9777,66.0,77.58
2186,70.0,69.89
15395,70.0,77.16
13485,96.0,72.99
12544,111.0,81.04
508,93.0,66.52
19172,59.0,59.58
11588,58.0,73.2
18155,68.0,77.39
6466,73.0,74.76
18756,69.0,78.72
3752,95.0,75.44
4773,60.0,80.14
19902,85.0,84.7
20559,130.0,112.26
4146,64.0,84.26
9769,80.0,79.98
6608,60.0,76.78
10457,95.0,72.42
1649,72.0,72.58
3978,83.0,73.51
18251,77.0,74.5
1832,80.0,74.6
17556,50.0,76.14
856,70.0,67.79
14115,77.0,77.33
16142,70.0,75.5
22368,73.0,70.55
21763,64.0,68.98
4406,85.0,83.93
8570,73.0,77.44
17789,120.0,71.24
7488,63.0,80.19
1877,77.0,75.8
17433,65.0,67.13
10230,73.0,73.29
22153,87.0,87.74
14401,85.0,81.59
20265,68.0,75.37
1809,74.0,89.61
12337,65.0,66.89
12826,89.0,85.74
13544,105.0,100.0
20635,82.0,69.78
1811,72.0,72.52
8577,97.0,80.8
17849,50.0,55.44
10889,83.0,80.21
22303,58.0,70.37
18336,56.0,61.0
13809,140.0,79.36
1177,100.0,95.61
5373,87.0,75.17
1365,85.0,81.36
21258,69.0,72.47
5806,74.0,74.87
21906,78.0,84.13
12556,66.0,65.48
20274,81.0,83.48
14406,79.0,72.79
2717,60.0,82.45
1853,85.0,80.12
11070,104.0,92.91
1206,68.0,71.74
18678,58.0,58.87
22256,89.0,86.4
20989,79.0,78.07
1115,83.0,79.61
13928,88.0,76.02
17777,80.0,82.57
11184,55.0,72.16
16899,62.0,68.11
6188,78.0,79.59
19982,96.0,88.86
19280,62.0,81.45
21555,61.0,73.15
19171,61.0,76.45
20165,65.0,84.78
2344,83.0,75.11
17618,103.0,75.22
18116,67.0,71.46
19083,66.0,69.91
20928,99.0,94.07
10525,88.0,77.5
8932,66.0,67.6
22013,99.0,79.74
5677,85.0,73.14
21106,105.0,77.98
3326,82.0,73.24
18549,75.0,74.8
9171,68.0,78.92
16309,68.0,69.14
10396,76.0,77.53
12166,43.0,66.68
6116,54.0,71.7
19282,74.0,74.03
12949,67.0,68.46
12599,73.0,76.78
17080,128.0,93.84
4994,85.0,81.61
994,57.0,60.9
7365,75.0,75.36
19856,95.0,89.7
14962,76.0,70.81
10712,65.0,76.42
4619,70.0,70.48
69,75.0,71.77
20319,100.0,72.61
16588,60.0,68.62
6534,87.0,75.76
1729,75.0,74.24
10392,88.0,83.25
145,95.0,68.9
16583,78.0,73.66
12883,67.0,68.12
8757,66.0,77.04
6909,65.0,66.1
19137,78.0,74.45
13621,72.0,72.89
7607,70.0,78.72
6086,75.0,73.22
5779,66.0,70.21
22008,99.0,79.74
16550,66.0,74.14
4163,74.0,74.74
10413,84.0,81.14
20687,57.0,62.42
15637,67.0,69.78
411,76.0,71.4
21287,64.0,73.17
10922,69.0,73.19
17485,51.0,54.33
14410,82.0,72.3
2983,129.0,80.84
5478,104.0,100.86
8869,58.0,67.2
21978,67.0,66.18
692,77.0,76.99
21278,68.0,67.33
14604,73.0,80.99
3149,62.0,74.11
3465,71.0,77.13
21398,73.0,72.64
7881,100.0,68.93
10300,105.0,93.25
13506,56.0,74.66
1852,85.0,80.12
17634,71.0,69.41
9753,78.0,76.66
10566,58.0,60.41
4180,76.0,76.61
11447,73.0,83.89
17397,83.0,80.31
4390,83.0,77.02
8306,60.0,64.67
19890,77.0,71.08
10052,82.0,72.73
17439,55.0,77.27
21025,77.0,71.74
21276,93.0,78.11
5150,52.0,60.34
2909,78.0,93.72
7626,67.0,67.78
15053,96.0,92.44
486,113.0,83.76
13964,85.0,71.79
21358,93.0,76.51
19798,67.0,68.2
7681,66.0,73.57
15789,60.0,66.99
16400,76.0,88.11
18019,75.0,72.16
4017,85.0,81.56
14161,74.0,73.98
15417,83.0,79.93
3174,62.0,66.45
5866,75.0,71.05
529,107.0,98.96
9442,60.0,71.73
6458,59.0,71.96
19127,88.0,73.76
4948,65.0,88.3
15681,84.0,79.41
17426,60.0,81.28
14229,58.0,59.79
15953,72.0,68.51
7461,85.0,81.87
19665,70.0,83.19
5655,85.0,80.84
10399,69.0,71.9
21174,74.0,80.27
19389,63.0,63.72
10042,73.0,72.43
12070,60.0,60.47
8409,112.0,108.14
9072,60.0,80.47
14373,85.0,64.9
13630,75.0,74.14
9571,52.0,59.57
5897,75.0,72.44
1255,60.0,64.97
22139,50.0,52.28
19255,60.0,64.95
21863,70.0,72.0
4023,73.0,73.21
17132,68.0,70.47
15514,90.0,77.34
3643,75.0,84.13
7598,87.0,73.24
9521,60.0,70.8
18568,90.0,88.48
1020,65.0,76.54
15640,75.0,77.01
17661,72.0,72.58
16531,100.0,76.49
3224,85.0,81.64
5756,62.0,96.25
21920,83.0,79.77
5580,59.0,65.04
6327,65.0,80.06
6578,70.0,75.37
17020,92.0,89.22
177,88.0,69.2
17399,75.0,74.94
2906,82.0,80.71
20355,74.0,73.47
1718,96.0,75.38
10852,56.0,66.47
10926,79.0,78.63
7216,75.0,70.43
18641,65.0,68.1
4107,60.0,68.23
16788,59.0,64.7
14651,82.0,78.38
8601,88.0,73.7
736,95.0,75.86
2180,82.0,78.66
21117,75.0,75.14
1716,73.0,73.46
8963,88.0,79.75
52,103.0,80.41
447,70.0,72.4
16152,66.0,71.74
878,78.0,77.09
15149,70.0,70.66
2426,61.0,67.02
13713,70.0,74.35
3924,66.0,67.43
4250,53.0,77.69
22124,72.0,71.55
8860,53.0,58.05
13559,77.0,73.96
16728,64.0,73.28
5145,88.0,81.41
20352,75.0,82.34
5752,78.0,78.54
6469,74.0,76.87
19870,102.0,94.04
5570,105.0,85.15
7577,68.0,69.03
2494,57.0,87.09
1691,61.0,66.11
5927,104.0,73.89
5832,95.0,72.73
15600,65.0,79.89
7556,90.0,72.01
10050,77.0,78.37
14562,41.0,72.43
14463,95.0,85.91
4408,62.0,63.69
1140,61.0,68.77
253,64.0,71.0
3606,77.0,74.61
8726,132.0,78.87
22144,51.0,74.05
17140,102.0,79.09
5263,60.0,64.63
15706,62.0,78.13
5977,77.0,70.01
6859,80.0,74.58
11489,100.0,75.38
6474,54.0,76.41
2837,90.0,84.94
2714,77.0,73.46
16961,72.0,70.65
21140,77.0,75.4
6388,104.0,66.74
1208,71.0,72.11
14275,62.0,68.32
15524,65.0,72.73
21075,84.0,81.6
10751,51.0,58.88
5135,107.0,104.1
11954,67.0,71.51
4445,90.0,68.43
2087,82.0,81.71
13774,85.0,82.52
6114,73.0,73.97
17260,71.0,74.22
11852,88.0,79.57
22390,72.0,75.16
12115,62.0,67.01
16311,68.0,69.14
9756,52.0,73.91
11564,105.0,71.72
10836,94.0,77.82
953,67.0,70.96
200,61.0,81.42
3620,85.0,82.05
14456,75.0,78.85
9971,55.0,59.98
10556,73.0,73.45
14579,66.0,72.15
19779,70.0,69.99
4481,69.0,73.88
9120,58.0,71.89
8573,75.0,70.8
21267,84.0,83.65
9167,110.0,105.24
6176,60.0,62.08
4348,96.0,87.08
14107,72.0,72.69
7110,56.0,71.87
13642,49.0,51.32
15530,97.0,65.59
5469,72.0,73.4
11991,60.0,74.12
1442,89.0,86.54
21253,74.0,68.75
5712,100.0,79.98
3632,62.0,63.87
18327,57.0,67.53
21767,63.0,68.95
19764,105.0,75.0
6367,56.0,68.43
6677,60.0,75.39
17860,70.0,67.45
1644,60.0,65.14
11371,98.0,90.1
13716,70.0,75.72
11142,67.0,70.68
14849,69.0,75.7
19673,73.0,72.75
5343,80.0,75.82
4364,84.0,71.53
20902,85.0,78.62
21177,71.0,75.63
16195,69.0,73.49
9976,80.0,80.26
4346,96.0,87.08
1102,120.0,69.44
13043,105.0,79.97
2507,75.0,80.12
1414,84.0,70.65
4818,75.0,72.78
11085,79.0,71.5
10629,88.0,80.29
5749,70.0,72.66
1769,77.0,70.05
11057,77.0,65.46
3862,95.0,88.8
423,70.0,77.45
3171,56.0,60.12
5092,75.0,75.59
13175,77.0,76.06
21158,72.0,70.83
102,66.0,81.83
3704,57.0,61.84
2036,85.0,74.85
22283,72.0,72.72
17369,55.0,69.28
868,84.0,76.96
5058,97.0,91.62
1157,102.0,101.47
5339,71.0,75.74
9370,86.0,73.68
6186,92.0,76.39
16365,68.0,84.35
5929,80.0,71.38
4792,71.0,72.73
6080,64.0,66.85
19584,72.0,68.4
7408,56.0,76.43
20390,70.0,70.37
22080,63.0,68.72
19447,50.0,75.75
12402,60.0,64.45
7176,83.0,81.57
10691,96.0,92.72
5169,85.0,75.16
14958,76.0,70.81
20927,99.0,94.07
18688,64.0,65.03
5676,85.0,73.14
16504,60.0,74.4
10474,77.0,73.31
21795,74.0,74.51
10930,57.0,72.4
17638,102.0,91.45
297,60.0,62.07
18771,80.0,77.18
10653,73.0,73.45
2643,80.0,82.38
21081,57.0,69.91
22096,68.0,74.35
7549,74.0,75.94
18636,70.0,73.19
932,55.0,71.75
10821,82.0,73.61
16564,65.0,69.75
1372,70.0,74.79
19626,54.0,74.99
18303,57.0,68.93
7731,57.0,72.03
1835,80.0,74.6
1535,99.0,93.5
12675,76.0,78.29
9047,122.0,80.59
14673,85.0,80.94
9599,68.0,72.76
21452,58.0,67.43
5279,78.0,78.3
15613,114.0,84.63
12359,79.0,79.55
20066,65.0,66.66
12400,90.0,74.69
16207,67.0,84.7
10484,61.0,66.03
19287,103.0,94.98
22357,53.0,55.09
13777,108.0,80.41
981,60.0,64.15
17388,65.0,65.83
2644,85.0,83.29
4477,72.0,83.25
5772,63.0,63.75
11819,63.0,70.59
3193,98.0,78.51
248,81.0,74.64
4318,77.0,78.46
6649,94.0,73.07
8407,90.0,86.71
9852,73.0,80.61
19761,109.0,81.79
22370,85.0,76.97
4099,76.0,75.95
11132,60.0,63.84
20388,85.0,73.29
832,130.0,81.76
19444,70.0,73.84
9964,60.0,60.97
13545,105.0,100.0
12875,90.0,74.06
21985,65.0,71.46
16322,86.0,79.29
21845,74.0,73.16
15405,61.0,62.36
17910,54.0,72.35
2861,60.0,65.8
2282,114.0,78.95
21625,84.0,77.35
17188,63.0,66.24
20552,70.0,75.33
14986,87.0,77.23
5815,68.0,67.62
8643,80.0,79.9
11431,88.0,77.97
14700,74.0,76.86
1972,81.0,66.02
21064,82.0,73.32
7496,81.0,81.0
20622,62.0,65.59
14698,84.0,71.27
2663,70.0,70.57
12271,89.0,75.1
9997,110.0,76.1
7510,95.0,75.9
16277,83.0,81.24
22263,72.0,70.81
4148,82.0,79.57
18262,80.0,71.79
3182,65.0,71.98
8007,105.0,92.73
10969,73.0,75.58
12657,56.0,80.61
17567,75.0,73.7
20167,63.0,76.61
18956,82.0,75.46
17660,72.0,72.58
12931,69.0,75.35
978,74.0,74.77
20324,81.0,84.41
2172,115.0,83.28
19808,73.0,72.63
174,70.0,71.89
4600,101.0,93.73
4707,62.0,80.29
14945,80.0,73.97
19785,77.0,75.66
2825,120.0,76.06
16105,74.0,73.66
2604,81.0,71.42
18239,88.0,78.09
10785,100.0,78.79
18986,70.0,69.83
8710,60.0,69.79
458,57.0,75.97
16229,61.0,63.06
3343,65.0,76.1
6661,60.0,65.33
10274,74.0,75.6
18883,92.0,79.21
11862,72.0,69.35
20839,82.0,76.55
21570,76.0,73.54
11422,78.0,85.84
1308,118.0,77.92
16098,66.0,68.2
19286,103.0,94.98
10961,52.0,54.05
1344,116.0,73.3
11939,100.0,94.59
11837,78.0,69.11
3303,92.0,84.26
11479,70.0,78.55
7775,60.0,73.44
4647,107.0,71.98
6715,63.0,70.45
2857,64.0,67.45
1214,76.0,71.59
880,67.0,69.16
9617,68.0,83.87
7268,61.0,66.49
13770,88.0,84.04
1993,73.0,72.94
18710,61.0,80.96
7271,80.0,77.88
6244,77.0,71.07
19831,67.0,67.22
2536,107.0,103.16
8820,65.0,71.56
8808,89.0,74.75
21228,72.0,74.62
9106,78.0,79.83
3610,75.0,74.05
1689,61.0,66.11
14672,85.0,80.94
13478,76.0,73.68
22367,73.0,70.55
11257,93.0,90.6
4667,73.0,77.88
5298,74.0,72.93
20039,80.0,79.44
4669,45.0,66.1
14683,92.0,70.28
14865,98.0,72.8
18768,72.0,73.77
18341,57.0,61.63
9279,78.0,75.64
14278,62.0,68.32
20995,73.0,73.54
22262,72.0,70.81
16010,70.0,71.42
16148,66.0,80.43
11036,68.0,77.11
12735,84.0,80.64
10368,78.0,76.75
5261,67.0,82.77
5262,67.0,82.77
14709,77.0,72.01
298,60.0,62.07
17731,74.0,75.11
