,y_test,prediction
3717,70.0,78.07100887291621
153,66.0,71.04878954213706
2566,53.0,69.99252060806387
2561,75.0,74.72696912046318
3275,94.0,80.51604239752163
1853,77.0,79.12318349132474
2071,82.0,75.2789525643353
2943,74.0,78.89724157623976
969,60.0,70.39948085309112
1061,66.0,78.61564582003747
1062,114.0,70.08834003969058
2370,64.0,70.36433297154578
806,94.0,73.21570536739873
3477,70.0,71.3390351114163
1588,78.0,75.74334819470906
2810,60.0,77.90561126359498
1516,70.0,72.90299905305888
3195,84.0,77.45893119662814
685,66.0,74.27286114395895
1008,89.0,78.31777573661458
1752,69.0,76.78499592933719
2825,57.0,75.38867997007307
2892,59.0,78.26453070045173
3220,68.0,75.79747552883012
2270,95.0,77.33881367603351
1540,58.0,71.42793000276019
4054,73.0,74.18519689112654
3933,85.0,84.99339480847918
748,60.0,74.38453279198173
855,90.0,77.31487485482178
3474,82.0,73.82861793242463
3699,65.0,72.9973090517979
2709,85.0,80.67481068289533
3014,91.0,71.4441733410882
1036,72.0,76.23803453855129
2038,67.0,78.05232807618776
2951,69.0,75.24113659904029
856,87.0,74.41523590255956
2293,89.0,81.42710176245556
1223,78.0,77.5142103543543
3331,56.0,76.34409724181417
1568,73.0,76.45234031377943
2954,71.0,76.24464902415414
4130,82.0,75.11126397836419
1348,55.0,66.96734969479583
1445,70.0,68.37313744309883
1998,65.0,77.87973215835183
34,81.0,73.82455140753456
881,94.0,78.86125710800415
3528,62.0,80.04473033921367
2146,105.0,75.88577835472526
1725,71.0,68.18447221689284
3522,65.0,64.28017081515219
2000,94.0,79.83327872760529
1761,68.0,80.98340549964027
3686,95.0,81.7674479605554
3394,88.0,72.51979584486661
2792,82.0,74.46021864534427
779,60.0,73.24217007376066
3125,90.0,76.61911697099279
4029,70.0,71.86944872425998
170,60.0,77.81615701543731
3615,65.0,73.01196279855931
3596,80.0,82.8544860554622
2721,70.0,79.83069004606621
1496,73.0,75.52525900362377
3592,95.0,79.05503677346957
2034,63.0,73.9821655657632
466,77.0,73.71745256210214
1886,72.0,69.76295476473625
3812,87.0,74.67798305299388
1313,58.0,74.80324792295382
520,70.0,69.5564255779413
2257,83.0,74.54832390174326
3468,80.0,73.9234491179896
2808,90.0,77.79315798708157
1833,74.0,77.18870209472139
1088,96.0,77.58715059520699
311,60.0,76.17926702622273
2534,90.0,79.17734268851139
1283,80.0,69.7640199206532
2458,58.0,73.25861962197433
73,74.0,74.02282297443396
2375,74.0,74.53943897101328
4055,68.0,78.05422567979286
3168,68.0,70.88405968496147
1288,75.0,71.64971460217205
1636,52.0,68.85089752910785
14,63.0,71.64770877047292
2726,48.0,78.9679952407745
3544,110.0,74.48839049386048
3207,69.0,78.64584744287103
2003,82.0,74.24979104321042
2127,70.0,78.52447226960396
8,80.0,78.35612117990934
112,52.0,76.12057058860584
480,108.0,74.21342918325165
924,83.0,75.51139850914912
2164,64.0,75.27415092741359
2728,82.0,78.75636690976806
1104,104.0,68.89956523833972
1700,78.0,75.94620604176697
2532,77.0,84.57870825792372
846,83.0,76.44834606446891
3443,76.0,75.673733852925
2163,90.0,67.63068173521103
1077,73.0,75.62511870044247
188,65.0,77.76578067010095
826,76.0,80.16733768042754
1215,87.0,76.79550346517749
2949,98.0,75.50038639964332
2455,82.0,75.74550464765257
3587,69.0,73.99362855944526
905,76.0,72.03119106686754
2863,79.0,77.76775721824498
2024,61.0,70.11858110009393
201,71.0,71.84247835840323
99,65.0,72.65589342118156
4091,70.0,74.06066825781696
2172,64.0,79.20803227877306
3356,65.0,78.0901710579608
1047,79.0,76.88613983905041
2077,83.0,74.77410344067965
564,67.0,75.01251793340617
993,81.0,73.22769176665908
324,55.0,74.40480007259639
3622,80.0,76.4178885791544
3395,77.0,82.79457968466346
1197,90.0,76.16629855835218
1094,75.0,77.6673191788388
4003,90.0,68.83875210207937
1756,73.0,68.67747199645757
823,80.0,73.8567740290826
2838,84.0,77.35929426297675
1257,95.0,84.08818018184184
3235,72.0,78.25002744747076
33,100.0,75.03785221980438
1577,85.0,80.49771793115524
2419,66.0,70.36534303425472
1042,81.0,78.9782083830642
1075,68.0,78.59199921586605
3252,73.0,74.75372842622218
423,60.0,78.90332218473921
656,60.0,75.08986369165626
234,60.0,76.43774687920728
3678,84.0,73.51158778346061
1814,78.0,79.40517685426312
1822,89.0,74.19070310937624
3519,57.0,75.11946972794378
1018,89.0,73.56382425390194
720,88.0,76.350620170126
1160,80.0,76.68817470642077
1704,70.0,81.304455311779
1903,92.0,77.2195236427554
2944,80.0,84.38276240304076
2233,83.0,76.72210310863015
669,56.0,76.69371575344428
1234,69.0,81.09575030003246
2453,96.0,72.8764020441021
183,58.0,79.34789468085609
801,83.0,78.18217304981836
1817,62.0,75.70752998666202
2349,80.0,70.68228049402852
1846,90.0,81.1582934081329
1582,84.0,74.94042897217241
3679,77.0,76.43346299560538
2637,90.0,74.47156657389502
1440,65.0,74.85233938495418
3690,64.0,76.43156660583043
510,66.0,75.31470078701862
44,70.0,64.55235973588445
304,66.0,76.62715731113428
447,67.0,80.50493427343184
1280,100.0,78.54295377924174
331,64.0,76.90374627531168
4051,69.0,76.9455190630818
2463,86.0,68.92258141818274
1157,77.0,77.76348635199247
910,76.0,80.17049796199605
216,69.0,79.46526609713317
276,66.0,70.67440755188267
2664,60.0,72.92032239827921
2743,77.0,75.92845611819796
1485,79.0,79.20922892630017
1388,86.0,72.84415053117853
2371,60.0,73.44929794385558
1942,95.0,80.17988983793984
1732,96.0,77.69612541590274
2410,63.0,75.46682142200027
18,97.0,85.90882745527054
1696,72.0,72.92335059531084
1227,80.0,72.63004041094595
499,68.0,73.18396258261295
1526,70.0,69.7237445305035
1528,84.0,76.75313836650253
744,95.0,79.98642288015503
1303,75.0,74.79524341696384
1765,74.0,75.79771241259445
417,98.0,76.75654080111566
4087,60.0,71.98044335620489
536,73.0,73.95840797747073
2228,77.0,76.88480192794722
1049,73.0,69.39819976303384
2644,68.0,75.9583779544954
3617,96.0,77.6335597622178
3446,72.0,78.26871917221553
2140,88.0,78.07261025270509
1150,92.0,75.27694604862869
1194,72.0,75.57330651926065
828,63.0,70.92575200057514
1076,95.0,76.350822361123
3066,66.0,72.80234428045583
1530,60.0,77.23284253991845
1929,61.0,67.46009663390019
210,61.0,75.53358985974006
1755,52.0,72.54412856064258
2367,57.0,67.3143332280024
2849,74.0,70.40937300701498
2707,70.0,72.57425528041144
1952,73.0,74.55379964732528
691,75.0,80.52576410069322
3169,69.0,72.44687156563913
616,90.0,76.62474957699305
2511,100.0,66.21304756436672
1583,79.0,74.89608354483029
4068,68.0,76.37478379005094
697,95.0,77.66903480141326
4119,70.0,73.82152505988705
1320,65.0,67.15778578051433
1632,90.0,75.01745709884668
2193,64.0,78.00892469803156
2476,78.0,76.07890480540956
96,102.0,74.54148001257147
1546,92.0,76.64427303492903
906,65.0,78.19699975653681
3669,77.0,76.40364058354953
470,65.0,77.39873583025653
3332,68.0,76.64012350857641
2975,71.0,75.79135022613295
24,66.0,80.0943269839851
1393,71.0,77.790935640742
1460,67.0,75.53145223525485
2515,93.0,77.0435011595515
3654,80.0,77.78546448001214
2850,61.0,75.44537367785165
3021,65.0,76.20815434853625
314,90.0,74.44550119456261
441,58.0,78.20648038248297
1285,67.0,71.43509709208863
2116,88.0,73.31465051504722
2661,82.0,64.84066698626228
1360,90.0,76.27922742552968
4021,71.0,70.20951754147421
3062,75.0,69.75306762422407
2924,54.0,73.98982522556061
320,70.0,74.45305070055105
1644,94.0,79.06782323427042
3609,60.0,79.85617494164609
2278,67.0,77.22589579863093
3038,61.0,78.08892244680045
2843,62.0,74.22613155598395
3672,60.0,74.66692805739079
2083,93.0,82.01681876238958
2393,55.0,66.86128957313849
1575,70.0,73.4689628121246
102,75.0,76.96681939135829
3020,80.0,78.65439431129742
1245,60.0,68.46361885176833
2965,73.0,76.61930782301485
1634,65.0,75.06347324974386
2471,80.0,75.73666005558202
123,77.0,81.25581887741633
3600,98.0,76.12874780606623
605,85.0,74.04932817866194
160,67.0,72.47036628969647
896,76.0,77.4788279674194
2131,64.0,77.74681344217743
1254,77.0,74.89267507401479
2568,68.0,78.05705359931407
3932,59.0,73.94901572725543
2234,72.0,66.79526152420779
3344,108.0,76.36074066805992
245,66.0,75.38743680789067
2006,73.0,68.30558194488833
1022,105.0,77.56890641971569
2642,59.0,75.33333661553556
2883,62.0,74.77783590501912
3465,97.0,72.48250813638626
2431,65.0,76.40335326368275
2764,61.0,74.05505848147405
472,124.0,78.1687401778377
2803,93.0,73.94910953981729
965,72.0,74.15436588371297
1135,73.0,71.6585861353904
3247,46.0,68.19203177856734
888,61.0,78.94865140927277
2744,98.0,72.86297944842863
3939,70.0,72.53145748647403
321,64.0,75.50194525190169
181,60.0,76.68080519902956
2226,72.0,77.99294375495231
3292,70.0,75.45222781807725
586,58.0,75.65705740727533
53,64.0,74.2328033421131
2505,91.0,80.57275527511682
1777,58.0,74.5479921759166
76,94.0,76.64305489280984
1585,78.0,72.21549965574133
3638,53.0,73.64659980799067
2667,91.0,81.50309453713614
3094,86.0,78.11069269652084
3289,65.0,76.20861425783248
848,107.0,75.47163885619571
3937,74.0,81.96065915663762
3789,88.0,73.07126384437561
411,70.0,69.5800800665677
4132,73.0,71.25502210064596
3959,77.0,75.33377229332991
161,69.0,71.48665308819457
1477,70.0,75.77262680742813
2435,60.0,77.68821321352351
4125,79.0,73.99337840989392
54,60.0,73.27252169118614
1782,75.0,83.3001747730405
225,76.0,75.5952139605288
1251,67.0,77.7374826735361
27,71.0,70.23100053491606
1645,73.0,68.54243186802549
2443,65.0,70.13687045486142
219,98.0,74.65472349708426
2708,85.0,76.13179454031969
746,76.0,74.51710523250466
2822,69.0,72.34805317642906
1293,60.0,78.12556933718425
3590,74.0,77.49218598626423
327,73.0,71.56152778329397
1435,90.0,76.55887248336674
3378,101.0,68.00209716604301
560,71.0,82.47723145718024
4123,45.0,70.13757313320542
1345,82.0,74.3816758088865
2531,80.0,73.32001013856427
3464,90.0,79.9085853124068
3872,76.0,72.10424555347637
2428,77.0,69.84607556307992
2555,108.0,75.75823687388188
45,61.0,77.34365060062368
362,77.0,77.46307865116803
1045,100.0,78.9275342197749
374,67.0,71.34857447965561
1453,63.0,74.92966731354747
1598,68.0,78.5684475131541
2161,83.0,75.44841436024612
3785,70.0,79.7404157258785
3422,88.0,83.0007021907522
1914,89.0,78.0067358301262
2685,66.0,80.00017582142934
543,64.0,74.51645730299431
2051,76.0,74.88650557832659
2643,78.0,73.9234077916196
1676,76.0,70.92354002880882
3862,90.0,74.4797676099358
261,85.0,79.4087000577015
1803,65.0,76.70699637579328
1940,105.0,77.88748814833195
1532,62.0,74.3396878274938
609,82.0,73.41861170481937
2470,74.0,74.84282174640134
3337,72.0,78.7294875252515
1785,60.0,73.62880639131569
2715,69.0,71.73376672260584
3526,70.0,72.2662985014189
2380,80.0,76.51410200019986
2550,52.0,71.50613471952073
297,75.0,76.4789363279425
770,70.0,77.08490842054894
1675,58.0,73.9269890815221
137,70.0,75.8518905993325
610,75.0,72.74579352529086
834,75.0,67.10409532223505
2416,65.0,70.38473465375947
2446,77.0,81.65516170479468
268,90.0,72.97107824440295
2011,68.0,79.80061919801433
3278,70.0,81.12685798050624
3746,87.0,70.5352307795712
2960,87.0,75.44124920045998
2074,70.0,72.40072019234972
59,69.0,78.22486439052177
818,73.0,73.09095289446984
2732,75.0,78.07851378014601
3088,65.0,75.786515418843
1778,82.0,73.31004602404164
3028,75.0,79.62459886634468
3929,106.0,75.18781697622379
573,69.0,78.65147062113802
3655,67.0,75.19738213498806
2271,78.0,78.66671078790759
1957,77.0,64.62835175744479
2714,65.0,71.80789146140559
402,80.0,71.75792419416067
2421,68.0,79.24369009842553
3535,48.0,71.61331161663604
174,70.0,68.10822337624165
4015,70.0,65.31483152369863
3674,98.0,81.39921048399921
2865,99.0,79.19847410160185
2260,43.0,73.34076858170721
1650,61.0,72.18952073345747
1564,76.0,65.07948777922616
192,98.0,78.83718210339462
12,69.0,80.56542397106688
2405,69.0,76.29703711325038
328,68.0,70.56357983013285
2320,100.0,75.3413463719946
2080,84.0,71.06255268247781
3995,88.0,78.26697475790351
474,75.0,69.35286789019942
879,95.0,78.28075499754466
2927,75.0,70.19186589289933
547,56.0,73.04571077953744
1093,77.0,74.33217978972742
3051,80.0,77.24076449080465
1661,70.0,78.20377410586673
2204,70.0,76.46821371342168
2181,70.0,77.61848015163002
3052,77.0,79.72256299695258
1139,67.0,73.99859919436575
759,64.0,76.54260034901813
1072,68.0,72.65671739729106
1863,119.0,80.62714954768093
243,67.0,67.55531853461522
178,106.0,76.63838654630689
4071,80.0,78.36148259843425
2650,50.0,76.33214213778602
2216,63.0,74.6299207289433
2389,86.0,76.56608108544314
2124,63.0,74.11575356362934
3646,77.0,74.47390010871919
1433,60.0,73.30588143243256
3407,66.0,78.00241733781776
419,63.0,74.56429140261827
1182,56.0,68.85040690200437
2938,92.0,70.40685385867042
2361,106.0,76.20064733016483
1648,68.0,75.165318869934
3913,74.0,68.81210404924019
1831,92.0,81.24085544636719
2452,115.0,74.63108132395112
232,60.0,78.01668211073856
504,61.0,75.1066721531579
3794,76.0,78.98813541021912
2364,88.0,74.30261414697576
359,80.0,76.84558015307883
1448,100.0,74.5699623606447
1660,78.0,77.62504182621521
1286,95.0,70.28083653091487
2403,89.0,78.1152777825735
3299,55.0,78.22669553754673
3567,80.0,80.44329074783948
2365,78.0,72.50433900343367
3735,51.0,70.32011264512066
72,52.0,70.74710564995952
1824,110.0,78.82062131033425
46,93.0,73.81050924529606
1905,67.0,73.91609786640684
3611,55.0,65.5568493814311
187,60.0,75.00418858505225
819,72.0,79.04443141090132
1982,79.0,77.4800326766427
577,89.0,70.1522818827839
2307,80.0,72.16693877442842
2264,60.0,74.60813852596804
2609,72.0,76.97168818514785
143,85.0,79.9042080175663
2922,111.0,78.34819847028322
835,51.0,71.56285375537848
315,77.0,78.84574116464299
271,116.0,74.11910129464444
825,74.0,74.40080242549712
3774,88.0,82.34490969982173
3313,79.0,81.72313960990367
66,60.0,69.12372697159788
2654,87.0,72.95374358417541
2441,84.0,76.88352089788346
2729,81.0,74.88306577140713
1809,60.0,72.36770386704492
148,75.0,78.38379893562583
3574,81.0,78.87732501125726
3354,90.0,76.0623482135943
2125,78.0,79.17395449473968
670,125.0,83.8210407927359
495,70.0,69.65365731678679
3000,89.0,69.99332444532615
3817,84.0,80.46540760194496
672,60.0,73.49144649419776
1770,65.0,72.76889831059977
3123,62.0,71.94113674143244
733,84.0,76.67863644976191
1025,51.0,75.45723218361434
920,78.0,77.82971536098104
256,82.0,73.78313401447737
3737,72.0,75.19140269956239
3530,60.0,72.18358824585172
1806,59.0,71.14559366160482
3406,85.0,78.69961892239053
3701,89.0,76.30248155259464
2068,100.0,75.84818608962856
2180,90.0,71.05939944712684
3346,88.0,70.50952214509309
2064,84.0,77.28771027336752
553,56.0,74.66112887156675
285,70.0,81.97028278132021
3193,65.0,73.38027022532532
1835,110.0,76.24706393764724
366,60.0,78.0981071949727
3017,67.0,70.8518562472356
305,63.0,77.39518710860399
1779,80.0,73.04751025730309
2018,107.0,77.52984410205924
1323,73.0,66.14325884285644
1306,69.0,76.26304848444552
424,120.0,83.38016586164693
2406,91.0,74.5532267717249
954,83.0,78.31574084043744
3079,115.0,79.6620942562177
3808,57.0,71.85149965606966
1126,45.0,76.79334829431548
2988,77.0,74.66704326434052
3657,80.0,74.98063002778024
3106,95.0,80.19184113755284
1418,87.0,65.44418917842283
1295,64.0,71.0091007615935
833,54.0,74.22376609950122
3996,57.0,64.97417074861357
3015,82.0,79.49907756630803
61,90.0,74.90474165189367
79,90.0,73.21801200831817
376,78.0,75.05300766446476
986,67.0,56.56930342984394
735,68.0,70.72593410515366
929,68.0,70.0960940679232
4012,63.0,72.94099920907584
3176,93.0,74.4586483586851
1613,59.0,72.5625556408169
2968,67.0,75.11857586526989
1314,56.0,69.81338326325614
1601,66.0,74.94080168669404
2767,74.0,75.02721656972777
127,65.0,80.09312561055839
3003,69.0,82.27234232977656
1459,67.0,77.36547474070116
4086,83.0,72.25222832219455
1127,64.0,68.62421937597257
438,110.0,77.09963043565692
1479,64.0,76.24347714583958
1816,76.0,75.94974614020238
1954,60.0,77.67144830045652
2283,89.0,75.84651229756011
814,90.0,68.38007632033614
3357,62.0,73.83181686895
396,89.0,78.84558561129211
31,85.0,74.98570395580776
949,91.0,78.19168302435475
208,56.0,77.56871268903771
3251,85.0,78.06590311675818
3988,69.0,78.5781114013838
2702,67.0,79.16893750855928
2758,74.0,72.28851244328128
2013,88.0,74.836196520307
3910,72.0,77.04167522631799
487,81.0,74.15288127097696
1854,68.0,69.71837045770594
1419,55.0,73.56952897307308
452,59.0,70.7399520906069
3779,75.0,80.60157089830044
3827,66.0,77.42007598529334
3237,70.0,76.53923092858491
197,65.0,76.17108588545324
576,105.0,74.62230582450341
3011,81.0,74.95558382141151
1364,60.0,72.59493921503369
6,75.0,68.82037186508505
448,75.0,72.48261378805906
295,78.0,74.23450194378682
3711,60.0,75.91595371578815
3360,57.0,75.93159649640965
3533,65.0,73.50381379755648
4113,72.0,76.89007926502988
1878,85.0,78.7140269035479
2981,74.0,78.74474890830787
1876,63.0,74.31295465270358
4095,59.0,77.26173430457308
3581,86.0,77.83245603628468
1543,95.0,77.08618025857561
199,106.0,80.93274821026831
459,65.0,68.6710574139468
3228,51.0,71.33928116446553
3573,71.0,68.75716578050252
30,103.0,77.76208528972936
886,86.0,79.87244557053711
827,100.0,80.79032255243095
2706,74.0,79.18039588480407
1171,88.0,78.7794310921234
3054,68.0,80.43543873419918
2217,71.0,75.76929078539867
3131,54.0,72.41260876724131
3823,63.0,73.3915049977136
1915,72.0,76.3661398820892
3517,57.0,75.30696390723244
3835,98.0,75.41255113185511
227,73.0,77.00019210637663
1805,72.0,71.0291256533774
3924,57.0,66.31333862986655
583,91.0,74.58487131568192
1064,76.0,70.93482807447418
3493,95.0,78.83511562891826
1596,53.0,73.47054517234463
1923,72.0,77.12970320594494
3987,60.0,72.63558642993281
1210,71.0,74.88936266503447
83,76.0,79.06935460128298
262,72.0,75.53019067916846
301,99.0,73.06319042698681
1378,85.0,81.50954597757612
3518,78.0,76.12141917666108
3795,60.0,72.12585698047789
803,85.0,74.86597359681764
898,105.0,80.46205085470817
1404,65.0,78.90061963106113
2712,78.0,72.67546307760824
3944,65.0,73.53383862521238
1115,100.0,79.21262946211952
2946,63.0,73.09578351575342
1168,80.0,72.57246269752432
3456,87.0,78.32263163643469
3018,82.0,72.07956013268821
1921,111.0,76.89487126642283
1236,120.0,77.24296826804905
1434,80.0,78.08115628365073
695,84.0,76.09683414393078
3155,82.0,76.15559041186943
3250,58.0,63.922324667903794
1198,88.0,72.865685424328
2277,83.0,77.22934491123183
420,75.0,74.71008666209131
3212,75.0,70.6455238148077
3473,78.0,71.54500943247234
3829,69.0,83.00996758899
1125,50.0,65.6338566545235
1604,49.0,69.73632729468662
766,65.0,71.22615047079623
767,70.0,75.5966173659798
761,80.0,70.66886953350702
156,70.0,68.60696918648595
1003,72.0,76.80555390687034
2138,65.0,75.85038265274923
2213,75.0,76.46697907493642
105,83.0,73.09763011291344
708,75.0,74.48111239088966
3358,80.0,72.2333612592133
244,101.0,73.0051896208185
776,85.0,69.96137071999831
3614,71.0,77.67756022162602
981,90.0,72.85985768050472
1621,60.0,75.96135736473025
736,55.0,69.73404825308275
2162,87.0,80.00200975758618
1503,80.0,77.85708413058896
3786,87.0,80.12968898019724
2600,70.0,76.7620998333466
3732,62.0,75.8247170419558
2350,62.0,77.40544941125404
859,62.0,79.01927576973999
3883,72.0,74.02573478913521
338,80.0,73.03515672691104
3942,75.0,79.44720182996375
2436,55.0,76.0738204064823
1792,80.0,75.47239904318167
874,95.0,73.8440115298921
2060,90.0,71.03186211491865
1199,59.0,76.11013495890502
1095,70.0,77.35302582771203
1091,56.0,71.34654215617027
2110,92.0,81.4922082304446
2628,81.0,72.41172989465964
3922,54.0,68.33453021681046
2997,55.0,73.11398327239428
3128,67.0,75.46609747405861
2358,78.0,75.8252169603189
3750,61.0,74.12733909908191
2372,84.0,73.0366203669597
2346,90.0,65.82733947288811
3754,70.0,79.15134613057243
3218,73.0,72.64877486283383
563,60.0,72.53979008803475
3877,60.0,72.3695208365284
3226,84.0,69.96798298436237
2407,86.0,73.20315924811732
2461,60.0,83.31164781404455
3307,96.0,78.49085516633673
2724,80.0,58.13398588427073
791,58.0,76.37184690769418
2570,78.0,75.20522360425414
4128,92.0,78.24444619631848
3775,73.0,68.67370115064004
1912,89.0,77.55391087308556
3258,95.0,77.56925575923924
1722,62.0,69.15630133150674
2796,74.0,77.93354168849396
3145,70.0,73.61563429445623
4006,75.0,83.92879872343843
2611,77.0,71.32186455962066
2818,77.0,69.55010035561301
1538,90.0,74.90793085493142
1769,83.0,80.05685654509028
3151,76.0,78.33695160220114
1870,67.0,66.79425979590219
1067,64.0,77.70017899546374
1595,132.0,75.59894022957208
1397,66.0,72.03115364672622
2972,63.0,75.87706842915054
1607,68.0,72.88874186009471
353,75.0,77.2443977073873
2348,69.0,77.04994194361572
2699,79.0,76.51564221269936
3057,96.0,78.95241999637493
2877,79.0,78.95997266077569
3387,107.0,77.43565267815781
3548,71.0,75.02266312288043
1383,85.0,73.18556792172194
1635,56.0,74.51824899548814
4094,65.0,72.89250031245886
3246,98.0,78.66911359254725
182,69.0,79.60331538254991
1984,74.0,79.76118445947915
3796,62.0,73.7672323901137
1084,60.0,74.02205164125021
882,75.0,71.74515460181178
3905,57.0,76.85971562133192
1211,46.0,71.605121036458
3329,54.0,81.20112915361221
26,66.0,71.90099872230336
1362,84.0,78.29394418832278
3752,89.0,73.72610053242259
1517,75.0,76.76799706006369
177,94.0,82.43415859167187
2203,90.0,60.66943468510502
3157,61.0,74.43584816552804
337,77.0,73.74591381233024
3276,74.0,74.61331765299379
439,114.0,78.46449458538464
1859,74.0,73.50256626659795
3568,56.0,72.88677708317002
1318,68.0,77.34015771942356
1464,67.0,73.18476824456529
488,70.0,75.88929867757199
3545,72.0,76.28978049016123
1541,70.0,68.50685840221712
1400,75.0,71.08086245904563
1881,52.0,66.21761712675229
1371,72.0,73.56329327600254
2556,53.0,73.09220416273155
3876,75.0,80.65257069695038
2019,71.0,75.55360550035888
1867,87.0,65.75810011779497
330,81.0,72.24866392119465
1317,50.0,77.21734664772262
1356,74.0,78.44616104310505
477,107.0,77.30986622623055
570,68.0,73.54713572887698
3485,78.0,75.74600784879718
2065,71.0,78.97161446634198
3751,65.0,72.31745789823148
2771,67.0,73.64107440836825
1366,60.0,74.39682600066828
1201,73.0,76.18638490723009
64,65.0,70.57498276263851
1338,69.0,74.28019467264001
1888,64.0,68.16045112278834
2158,97.0,77.40060385297323
259,70.0,74.1437579681322
2780,72.0,69.09488769885829
3602,76.0,75.96290966111974
3304,61.0,72.27171112782136
3287,62.0,72.18333704101536
1081,62.0,80.41859943168693
2649,75.0,76.2703209716336
2620,62.0,76.85715590671461
70,77.0,76.10426236704569
1687,105.0,73.24214174975239
1136,54.0,72.98562452357206
226,64.0,68.94431415501009
2041,65.0,73.26372539217523
3842,71.0,72.73121569834572
2468,70.0,64.94366054763339
4135,86.0,78.98507232832866
91,90.0,77.87436841079663
2856,64.0,72.7531837622323
3624,87.0,74.1948703989252
2919,113.0,82.11932174270827
2506,67.0,80.36602531797482
1627,92.0,68.04201965372727
1454,97.0,79.85041776593333
3426,67.0,78.15808407337163
445,96.0,78.0545483203682
3554,75.0,76.94800118475956
3723,100.0,80.66949120231996
3627,58.0,71.00402818293615
3262,75.0,72.52336996173426
