,y_test,prediction
3717,70.0,74.65
153,66.0,76.44
2566,53.0,64.76
2561,75.0,74.46
3275,94.0,80.96
1853,77.0,78.8
2071,82.0,71.32
2943,74.0,87.73
969,60.0,70.32
1061,66.0,78.42
1062,114.0,72.57
2370,64.0,75.42
806,94.0,71.59
3477,70.0,71.72
1588,78.0,72.13
2810,60.0,79.82
1516,70.0,73.42
3195,84.0,77.21
685,66.0,74.62
1008,89.0,80.79
1752,69.0,71.04
2825,57.0,71.89
2892,59.0,82.74
3220,68.0,72.91
2270,95.0,72.98
1540,58.0,70.64
4054,73.0,69.05
3933,85.0,85.65
748,60.0,66.86
855,90.0,83.87
3474,82.0,80.85
3699,65.0,72.02
2709,85.0,76.42
3014,91.0,74.41
1036,72.0,74.76
2038,67.0,74.21
2951,69.0,76.22
856,87.0,73.22
2293,89.0,83.1
1223,78.0,78.0
3331,56.0,75.29
1568,73.0,76.89
2954,71.0,73.4
4130,82.0,70.84
1348,55.0,66.62
1445,70.0,75.17
1998,65.0,80.29
34,81.0,75.18
881,94.0,77.88
3528,62.0,72.07
2146,105.0,72.31
1725,71.0,72.33
3522,65.0,78.49
2000,94.0,75.66
1761,68.0,83.86
3686,95.0,84.84
3394,88.0,66.3
2792,82.0,74.45
779,60.0,75.21
3125,90.0,82.79
4029,70.0,69.69
170,60.0,78.18
3615,65.0,77.22
3596,80.0,96.03
2721,70.0,74.71
1496,73.0,72.85
3592,95.0,76.46
2034,63.0,71.11
466,77.0,75.32
1886,72.0,64.68
3812,87.0,71.8
1313,58.0,72.5
520,70.0,72.68
2257,83.0,70.17
3468,80.0,76.43
2808,90.0,80.73
1833,74.0,75.94
1088,96.0,73.95
311,60.0,73.59
2534,90.0,76.45
1283,80.0,73.61
2458,58.0,74.65
73,74.0,74.74
2375,74.0,69.78
4055,68.0,78.97
3168,68.0,77.83
1288,75.0,67.35
1636,52.0,69.15
14,63.0,71.02
2726,48.0,73.94
3544,110.0,70.9
3207,69.0,75.32
2003,82.0,74.18
2127,70.0,79.34
8,80.0,80.74
112,52.0,73.9
480,108.0,79.6
924,83.0,79.86
2164,64.0,77.47
2728,82.0,82.27
1104,104.0,76.62
1700,78.0,73.93
2532,77.0,88.75
846,83.0,73.45
3443,76.0,74.14
2163,90.0,66.51
1077,73.0,70.58
188,65.0,76.84
826,76.0,76.6
1215,87.0,80.21
2949,98.0,73.07
2455,82.0,75.58
3587,69.0,71.49
905,76.0,73.42
2863,79.0,73.99
2024,61.0,72.66
201,71.0,70.33
99,65.0,82.85
4091,70.0,72.89
2172,64.0,74.21
3356,65.0,72.62
1047,79.0,74.94
2077,83.0,72.26
564,67.0,73.15
993,81.0,75.71
324,55.0,69.76
3622,80.0,74.59
3395,77.0,86.33
1197,90.0,75.56
1094,75.0,73.87
4003,90.0,65.85
1756,73.0,70.94
823,80.0,77.08
2838,84.0,76.68
1257,95.0,80.32
3235,72.0,77.51
33,100.0,78.79
1577,85.0,81.46
2419,66.0,74.6
1042,81.0,91.9
1075,68.0,77.69
3252,73.0,74.24
423,60.0,80.04
656,60.0,79.97
234,60.0,72.19
3678,84.0,72.45
1814,78.0,76.51
1822,89.0,73.59
3519,57.0,71.47
1018,89.0,73.22
720,88.0,85.86
1160,80.0,79.46
1704,70.0,80.97
1903,92.0,72.33
2944,80.0,77.19
2233,83.0,76.8
669,56.0,76.86
1234,69.0,77.64
2453,96.0,69.92
183,58.0,80.05
801,83.0,79.54
1817,62.0,76.16
2349,80.0,69.87
1846,90.0,82.39
1582,84.0,74.71
3679,77.0,84.43
2637,90.0,80.19
1440,65.0,71.79
3690,64.0,74.29
510,66.0,77.1
44,70.0,62.37
304,66.0,88.07
447,67.0,87.26
1280,100.0,80.85
331,64.0,83.36
4051,69.0,76.72
2463,86.0,63.54
1157,77.0,74.42
910,76.0,77.38
216,69.0,79.69
276,66.0,66.72
2664,60.0,70.3
2743,77.0,82.84
1485,79.0,79.49
1388,86.0,74.05
2371,60.0,68.62
1942,95.0,80.32
1732,96.0,75.91
2410,63.0,74.64
18,97.0,79.0
1696,72.0,72.15
1227,80.0,74.21
499,68.0,77.14
1526,70.0,72.21
1528,84.0,77.29
744,95.0,81.95
1303,75.0,79.34
1765,74.0,76.85
417,98.0,79.36
4087,60.0,71.6
536,73.0,72.73
2228,77.0,76.44
1049,73.0,70.79
2644,68.0,74.13
3617,96.0,72.84
3446,72.0,74.77
2140,88.0,81.11
1150,92.0,73.34
1194,72.0,75.37
828,63.0,71.93
1076,95.0,69.38
3066,66.0,76.12
1530,60.0,76.02
1929,61.0,69.27
210,61.0,69.42
1755,52.0,70.81
2367,57.0,64.69
2849,74.0,75.43
2707,70.0,73.14
1952,73.0,78.54
691,75.0,82.69
3169,69.0,71.93
616,90.0,76.02
2511,100.0,71.27
1583,79.0,75.4
4068,68.0,69.6
697,95.0,78.66
4119,70.0,76.51
1320,65.0,65.27
1632,90.0,73.06
2193,64.0,74.91
2476,78.0,80.07
96,102.0,78.89
1546,92.0,72.31
906,65.0,92.27
3669,77.0,69.52
470,65.0,78.12
3332,68.0,73.45
2975,71.0,74.02
24,66.0,84.21
1393,71.0,78.09
1460,67.0,76.3
2515,93.0,80.45
3654,80.0,76.04
2850,61.0,72.88
3021,65.0,76.5
314,90.0,70.85
441,58.0,75.17
1285,67.0,71.01
2116,88.0,75.71
2661,82.0,70.26
1360,90.0,76.17
4021,71.0,76.03
3062,75.0,67.3
2924,54.0,76.67
320,70.0,77.21
1644,94.0,75.97
3609,60.0,78.74
2278,67.0,79.31
3038,61.0,76.19
2843,62.0,72.65
3672,60.0,74.71
2083,93.0,85.12
2393,55.0,62.92
1575,70.0,73.2
102,75.0,71.08
3020,80.0,77.22
1245,60.0,65.99
2965,73.0,76.2
1634,65.0,81.56
2471,80.0,79.42
123,77.0,75.65
3600,98.0,77.46
605,85.0,72.78
160,67.0,70.35
896,76.0,76.08
2131,64.0,74.86
1254,77.0,73.17
2568,68.0,80.81
3932,59.0,68.75
2234,72.0,66.85
3344,108.0,77.91
245,66.0,77.88
2006,73.0,68.13
1022,105.0,84.14
2642,59.0,80.85
2883,62.0,72.33
3465,97.0,73.89
2431,65.0,71.44
2764,61.0,72.55
472,124.0,77.45
2803,93.0,72.54
965,72.0,72.74
1135,73.0,76.86
3247,46.0,66.49
888,61.0,80.95
2744,98.0,71.13
3939,70.0,75.31
321,64.0,70.84
181,60.0,70.58
2226,72.0,79.48
3292,70.0,69.18
586,58.0,75.22
53,64.0,69.35
2505,91.0,81.97
1777,58.0,76.14
76,94.0,74.72
1585,78.0,70.03
3638,53.0,69.86
2667,91.0,76.98
3094,86.0,82.57
3289,65.0,71.64
848,107.0,76.48
3937,74.0,86.56
3789,88.0,63.79
411,70.0,71.84
4132,73.0,70.51
3959,77.0,78.19
161,69.0,71.0
1477,70.0,70.12
2435,60.0,77.91
4125,79.0,74.53
54,60.0,70.23
1782,75.0,89.04
225,76.0,74.05
1251,67.0,75.43
27,71.0,73.64
1645,73.0,63.65
2443,65.0,68.55
219,98.0,73.75
2708,85.0,79.63
746,76.0,79.93
2822,69.0,73.92
1293,60.0,78.01
3590,74.0,76.79
327,73.0,69.36
1435,90.0,76.66
3378,101.0,73.03
560,71.0,95.75
4123,45.0,72.43
1345,82.0,71.86
2531,80.0,71.37
3464,90.0,77.26
3872,76.0,69.87
2428,77.0,75.67
2555,108.0,85.94
45,61.0,86.05
362,77.0,74.83
1045,100.0,79.56
374,67.0,75.76
1453,63.0,77.74
1598,68.0,77.61
2161,83.0,77.29
3785,70.0,78.3
3422,88.0,80.28
1914,89.0,82.28
2685,66.0,77.79
543,64.0,72.55
2051,76.0,76.95
2643,78.0,76.71
1676,76.0,69.97
3862,90.0,77.05
261,85.0,78.99
1803,65.0,78.77
1940,105.0,78.75
1532,62.0,66.08
609,82.0,80.72
2470,74.0,80.22
3337,72.0,76.37
1785,60.0,75.89
2715,69.0,72.4
3526,70.0,69.77
2380,80.0,70.59
2550,52.0,78.14
297,75.0,78.01
770,70.0,75.8
1675,58.0,71.61
137,70.0,76.8
610,75.0,69.56
834,75.0,65.76
2416,65.0,67.64
2446,77.0,82.53
268,90.0,68.82
2011,68.0,83.96
3278,70.0,86.39
3746,87.0,77.08
2960,87.0,71.25
2074,70.0,71.95
59,69.0,86.43
818,73.0,77.29
2732,75.0,77.18
3088,65.0,68.78
1778,82.0,78.24
3028,75.0,77.61
3929,106.0,74.2
573,69.0,72.81
3655,67.0,71.32
2271,78.0,80.2
1957,77.0,66.89
2714,65.0,70.84
402,80.0,76.53
2421,68.0,73.76
3535,48.0,74.41
174,70.0,68.63
4015,70.0,72.41
3674,98.0,79.63
2865,99.0,79.75
2260,43.0,68.16
1650,61.0,73.41
1564,76.0,68.25
192,98.0,75.43
12,69.0,82.67
2405,69.0,72.97
328,68.0,71.0
2320,100.0,77.77
2080,84.0,72.41
3995,88.0,75.86
474,75.0,80.13
879,95.0,77.12
2927,75.0,69.45
547,56.0,72.96
1093,77.0,73.66
3051,80.0,74.82
1661,70.0,78.09
2204,70.0,70.68
2181,70.0,86.35
3052,77.0,87.69
1139,67.0,72.87
759,64.0,73.59
1072,68.0,68.74
1863,119.0,76.07
243,67.0,65.28
178,106.0,96.65
4071,80.0,80.77
2650,50.0,76.77
2216,63.0,74.99
2389,86.0,69.48
2124,63.0,71.55
3646,77.0,76.74
1433,60.0,71.99
3407,66.0,78.14
419,63.0,76.75
1182,56.0,68.81
2938,92.0,78.27
2361,106.0,74.16
1648,68.0,76.33
3913,74.0,68.54
1831,92.0,82.8
2452,115.0,74.63
232,60.0,75.21
504,61.0,77.04
3794,76.0,79.87
2364,88.0,72.81
359,80.0,74.89
1448,100.0,69.53
1660,78.0,74.82
1286,95.0,68.53
2403,89.0,72.86
3299,55.0,78.03
3567,80.0,83.29
2365,78.0,74.32
3735,51.0,73.14
72,52.0,69.35
1824,110.0,70.86
46,93.0,72.01
1905,67.0,71.25
3611,55.0,68.05
187,60.0,71.04
819,72.0,81.38
1982,79.0,76.73
577,89.0,75.81
2307,80.0,72.05
2264,60.0,73.38
2609,72.0,76.11
143,85.0,73.64
2922,111.0,76.0
835,51.0,74.98
315,77.0,77.29
271,116.0,73.43
825,74.0,75.16
3774,88.0,83.15
3313,79.0,89.5
66,60.0,69.52
2654,87.0,70.76
2441,84.0,78.68
2729,81.0,73.44
1809,60.0,84.99
148,75.0,79.78
3574,81.0,81.33
3354,90.0,69.93
2125,78.0,75.07
670,125.0,82.48
495,70.0,70.8
3000,89.0,73.23
3817,84.0,80.3
672,60.0,71.04
1770,65.0,73.31
3123,62.0,70.03
733,84.0,72.1
1025,51.0,78.23
920,78.0,74.98
256,82.0,70.63
3737,72.0,75.5
3530,60.0,76.07
1806,59.0,74.15
3406,85.0,84.29
3701,89.0,80.63
2068,100.0,77.14
2180,90.0,79.56
3346,88.0,66.11
2064,84.0,81.16
553,56.0,67.15
285,70.0,75.41
3193,65.0,67.87
1835,110.0,76.13
366,60.0,79.94
3017,67.0,71.85
305,63.0,75.44
1779,80.0,74.01
2018,107.0,78.43
1323,73.0,68.19
1306,69.0,73.76
424,120.0,94.71
2406,91.0,70.18
954,83.0,79.91
3079,115.0,84.46
3808,57.0,74.59
1126,45.0,77.28
2988,77.0,69.6
3657,80.0,79.36
3106,95.0,78.32
1418,87.0,67.69
1295,64.0,69.58
833,54.0,70.62
3996,57.0,71.68
3015,82.0,71.83
61,90.0,81.04
79,90.0,70.37
376,78.0,79.04
986,67.0,68.05
735,68.0,70.82
929,68.0,70.25
4012,63.0,71.28
3176,93.0,70.46
1613,59.0,77.61
2968,67.0,76.14
1314,56.0,71.1
1601,66.0,76.2
2767,74.0,69.9
127,65.0,76.76
3003,69.0,91.36
1459,67.0,71.39
4086,83.0,70.16
1127,64.0,67.16
438,110.0,75.04
1479,64.0,77.16
1816,76.0,72.55
1954,60.0,77.67
2283,89.0,78.79
814,90.0,66.44
3357,62.0,70.17
396,89.0,77.81
31,85.0,76.34
949,91.0,77.41
208,56.0,90.52
3251,85.0,75.19
3988,69.0,77.45
2702,67.0,74.71
2758,74.0,75.55
2013,88.0,78.4
3910,72.0,74.28
487,81.0,72.23
1854,68.0,68.84
1419,55.0,71.81
452,59.0,66.95
3779,75.0,82.21
3827,66.0,73.7
3237,70.0,73.69
197,65.0,73.8
576,105.0,74.68
3011,81.0,82.43
1364,60.0,77.86
6,75.0,70.33
448,75.0,73.59
295,78.0,74.9
3711,60.0,73.84
3360,57.0,71.3
3533,65.0,75.09
4113,72.0,78.24
1878,85.0,79.35
2981,74.0,76.38
1876,63.0,70.24
4095,59.0,76.16
3581,86.0,85.29
1543,95.0,70.73
199,106.0,85.08
459,65.0,77.55
3228,51.0,70.08
3573,71.0,77.71
30,103.0,74.94
886,86.0,83.55
827,100.0,84.27
2706,74.0,78.01
1171,88.0,75.36
3054,68.0,78.79
2217,71.0,75.7
3131,54.0,72.92
3823,63.0,69.71
1915,72.0,71.7
3517,57.0,79.28
3835,98.0,89.91
227,73.0,70.93
1805,72.0,67.59
3924,57.0,70.73
583,91.0,76.11
1064,76.0,67.02
3493,95.0,82.3
1596,53.0,79.2
1923,72.0,74.55
3987,60.0,71.27
1210,71.0,73.41
83,76.0,80.88
262,72.0,77.16
301,99.0,76.75
1378,85.0,79.92
3518,78.0,74.74
3795,60.0,72.89
803,85.0,73.98
898,105.0,83.48
1404,65.0,79.63
2712,78.0,72.09
3944,65.0,72.7
1115,100.0,81.39
2946,63.0,76.6
1168,80.0,68.67
3456,87.0,72.43
3018,82.0,68.21
1921,111.0,79.93
1236,120.0,76.02
1434,80.0,78.7
695,84.0,76.71
3155,82.0,79.43
3250,58.0,67.17
1198,88.0,70.96
2277,83.0,82.72
420,75.0,72.03
3212,75.0,74.3
3473,78.0,72.45
3829,69.0,85.98
1125,50.0,70.53
1604,49.0,70.47
766,65.0,69.16
767,70.0,71.35
761,80.0,67.05
156,70.0,70.42
1003,72.0,83.24
2138,65.0,77.78
2213,75.0,79.52
105,83.0,69.02
708,75.0,72.6
3358,80.0,73.43
244,101.0,82.31
776,85.0,75.01
3614,71.0,77.14
981,90.0,75.03
1621,60.0,71.31
736,55.0,66.8
2162,87.0,75.9
1503,80.0,84.76
3786,87.0,82.79
2600,70.0,76.84
3732,62.0,76.13
2350,62.0,75.73
859,62.0,82.96
3883,72.0,86.73
338,80.0,80.1
3942,75.0,78.32
2436,55.0,79.17
1792,80.0,79.28
874,95.0,74.9
2060,90.0,72.39
1199,59.0,70.76
1095,70.0,76.36
1091,56.0,73.56
2110,92.0,82.9
2628,81.0,75.25
3922,54.0,67.15
2997,55.0,70.54
3128,67.0,70.61
2358,78.0,73.81
3750,61.0,75.01
2372,84.0,77.9
2346,90.0,74.25
3754,70.0,84.86
3218,73.0,67.71
563,60.0,71.96
3877,60.0,70.65
3226,84.0,68.69
2407,86.0,65.82
2461,60.0,84.12
3307,96.0,84.28
2724,80.0,58.64
791,58.0,72.56
2570,78.0,74.66
4128,92.0,76.68
3775,73.0,68.67
1912,89.0,78.17
3258,95.0,76.19
1722,62.0,71.05
2796,74.0,74.5
3145,70.0,71.12
4006,75.0,82.58
2611,77.0,77.57
2818,77.0,68.41
1538,90.0,76.24
1769,83.0,84.86
3151,76.0,79.43
1870,67.0,66.61
1067,64.0,76.36
1595,132.0,77.71
1397,66.0,81.75
2972,63.0,73.06
1607,68.0,67.8
353,75.0,75.52
2348,69.0,75.02
2699,79.0,76.75
3057,96.0,76.99
2877,79.0,71.55
3387,107.0,73.55
3548,71.0,73.01
1383,85.0,66.59
1635,56.0,74.84
4094,65.0,69.37
3246,98.0,79.15
182,69.0,75.61
1984,74.0,83.19
3796,62.0,75.74
1084,60.0,78.32
882,75.0,69.64
3905,57.0,70.69
1211,46.0,72.97
3329,54.0,78.62
26,66.0,74.64
1362,84.0,77.4
3752,89.0,73.16
1517,75.0,75.62
177,94.0,78.29
2203,90.0,65.18
3157,61.0,78.52
337,77.0,73.04
3276,74.0,81.26
439,114.0,74.34
1859,74.0,71.56
3568,56.0,73.01
1318,68.0,75.68
1464,67.0,73.98
488,70.0,74.44
3545,72.0,78.67
1541,70.0,70.9
1400,75.0,75.04
1881,52.0,72.65
1371,72.0,68.86
2556,53.0,75.66
3876,75.0,82.85
2019,71.0,75.12
1867,87.0,69.62
330,81.0,73.89
1317,50.0,68.27
1356,74.0,83.19
477,107.0,77.29
570,68.0,75.48
3485,78.0,80.32
2065,71.0,75.88
3751,65.0,74.66
2771,67.0,73.99
1366,60.0,73.37
1201,73.0,73.9
64,65.0,68.0
1338,69.0,76.97
1888,64.0,68.35
2158,97.0,85.91
259,70.0,80.92
2780,72.0,73.68
3602,76.0,68.31
3304,61.0,70.94
3287,62.0,68.01
1081,62.0,77.34
2649,75.0,77.23
2620,62.0,73.12
70,77.0,73.58
1687,105.0,72.16
1136,54.0,68.55
226,64.0,76.19
2041,65.0,75.4
3842,71.0,72.22
2468,70.0,63.74
4135,86.0,80.49
91,90.0,75.39
2856,64.0,73.7
3624,87.0,71.74
2919,113.0,87.84
2506,67.0,88.8
1627,92.0,67.4
1454,97.0,76.35
3426,67.0,78.25
445,96.0,75.79
3554,75.0,75.26
3723,100.0,80.64
3627,58.0,75.25
3262,75.0,72.37
