,y_test,prediction
3717,70.0,77.99418268950977
153,66.0,70.15286727314955
2566,53.0,69.59104935874198
2561,75.0,72.39482965731237
3275,94.0,79.57629566427272
1853,77.0,77.45510735117162
2071,82.0,74.57241794473973
2943,74.0,83.05802055145499
969,60.0,68.47240728022297
1061,66.0,78.54159901527288
1062,114.0,66.94424246605172
2370,64.0,73.70403884519615
806,94.0,72.10591224404666
3477,70.0,71.91926643887125
1588,78.0,75.27046535198309
2810,60.0,77.3414333210135
1516,70.0,73.25376400270268
3195,84.0,76.2851215693419
685,66.0,73.72925633985125
1008,89.0,78.09105185627212
1752,69.0,75.64946626724534
2825,57.0,74.94751558911324
2892,59.0,81.22221956954843
3220,68.0,75.23064399178752
2270,95.0,76.8906283320653
1540,58.0,71.37301835964412
4054,73.0,73.56427336044587
3933,85.0,89.12788254489149
748,60.0,73.8659656329478
855,90.0,77.7107323648774
3474,82.0,73.43520920656727
3699,65.0,71.81862735372415
2709,85.0,80.5096100908561
3014,91.0,71.37198024327272
1036,72.0,74.7765273600297
2038,67.0,77.42652410681364
2951,69.0,75.26279462827708
856,87.0,74.47356106716143
2293,89.0,85.3232092793266
1223,78.0,78.77251739360884
3331,56.0,75.65676113788538
1568,73.0,76.42311020734556
2954,71.0,77.37985580164136
4130,82.0,74.65039071787214
1348,55.0,70.1515981676044
1445,70.0,72.55118209539535
1998,65.0,77.18951788574591
34,81.0,72.91424934380296
881,94.0,77.82650425064321
3528,62.0,80.08320372552674
2146,105.0,73.31611429080692
1725,71.0,65.51685953634606
3522,65.0,64.26782140038492
2000,94.0,79.17595833823694
1761,68.0,81.57381027932605
3686,95.0,81.5361383214348
3394,88.0,69.95849483685751
2792,82.0,74.42844730991501
779,60.0,72.13414410708062
3125,90.0,81.68908650477329
4029,70.0,68.32839316373983
170,60.0,76.4579111853365
3615,65.0,71.44776236195867
3596,80.0,87.71404887117959
2721,70.0,79.46584699125091
1496,73.0,74.58748206864414
3592,95.0,78.56391042603485
2034,63.0,72.16439526599316
466,77.0,73.32713626576219
1886,72.0,67.05568134845338
3812,87.0,72.25389091372828
1313,58.0,73.94223189798319
520,70.0,70.28632717328475
2257,83.0,73.6993044197204
3468,80.0,72.78084791446102
2808,90.0,79.74149710339942
1833,74.0,78.268266501261
1088,96.0,76.39963064240385
311,60.0,74.62523548209673
2534,90.0,78.78734280679996
1283,80.0,69.09921970182072
2458,58.0,72.45303938298781
73,74.0,73.01525836876624
2375,74.0,73.32888570042891
4055,68.0,78.93848656242022
3168,68.0,74.54808652091867
1288,75.0,71.19200798026623
1636,52.0,73.28339383537521
14,63.0,71.26154202142307
2726,48.0,78.10114481291313
3544,110.0,73.28080518394273
3207,69.0,79.34677958607719
2003,82.0,72.61678394405493
2127,70.0,79.11932328697341
8,80.0,77.40079725276426
112,52.0,75.40992358085606
480,108.0,74.32698275374648
924,83.0,76.2019996232693
2164,64.0,73.82619561172251
2728,82.0,79.95082195795132
1104,104.0,66.16746201523944
1700,78.0,76.5999688587847
2532,77.0,88.35105382374084
846,83.0,76.96761372860698
3443,76.0,77.03850762257959
2163,90.0,67.41663541666404
1077,73.0,72.87030902130773
188,65.0,75.01246656892368
826,76.0,80.36062625466246
1215,87.0,76.03049566033789
2949,98.0,74.3951856507321
2455,82.0,77.30359981826345
3587,69.0,74.22875588989993
905,76.0,69.92374260636282
2863,79.0,77.51241426717496
2024,61.0,68.83785915186073
201,71.0,71.55977252902815
99,65.0,71.46300215147781
4091,70.0,73.1777617197643
2172,64.0,78.72678153646802
3356,65.0,76.08673469741079
1047,79.0,76.56892609960012
2077,83.0,73.6895965629715
564,67.0,75.37955118075939
993,81.0,72.41520891263174
324,55.0,73.17872402877899
3622,80.0,74.50685616970819
3395,77.0,82.16951227611084
1197,90.0,76.71272296493396
1094,75.0,76.07117316348494
4003,90.0,69.56081051100614
1756,73.0,68.93277385948
823,80.0,74.5872707469401
2838,84.0,76.18627131389022
1257,95.0,84.78852565957469
3235,72.0,78.48711020463338
33,100.0,74.2116573723922
1577,85.0,83.4044886422394
2419,66.0,70.91223025183764
1042,81.0,84.54232755378116
1075,68.0,79.86651837485303
3252,73.0,71.64083394248007
423,60.0,78.10151723012385
656,60.0,74.07800770375627
234,60.0,75.81597476264415
3678,84.0,74.85241392159665
1814,78.0,78.82843452614487
1822,89.0,73.97685478554146
3519,57.0,75.00732882905447
1018,89.0,73.00128957093453
720,88.0,76.82966828409283
1160,80.0,74.32148663193392
1704,70.0,82.79168447955747
1903,92.0,76.05490453950537
2944,80.0,92.83509174153562
2233,83.0,76.04059492494753
669,56.0,79.37125006044072
1234,69.0,81.93757725108757
2453,96.0,71.89808727339368
183,58.0,78.4795374425108
801,83.0,77.75271207644228
1817,62.0,75.17698225296246
2349,80.0,71.03081453587902
1846,90.0,80.13450360598743
1582,84.0,75.36507411944123
3679,77.0,80.35077714314613
2637,90.0,73.24976753708914
1440,65.0,74.13440760903043
3690,64.0,74.7341459800983
510,66.0,73.20954464503896
44,70.0,62.8526017980366
304,66.0,79.50173837405363
447,67.0,84.08682770301266
1280,100.0,78.12741879816679
331,64.0,78.56325517280072
4051,69.0,76.2997832067224
2463,86.0,70.68756001420189
1157,77.0,77.037500610873
910,76.0,81.16662980664881
216,69.0,78.92031900427176
276,66.0,69.71441868383124
2664,60.0,71.8769859656451
2743,77.0,75.92283940803806
1485,79.0,78.08584792128332
1388,86.0,72.41590797442805
2371,60.0,73.56516954568428
1942,95.0,86.2189159685093
1732,96.0,76.70447069813127
2410,63.0,74.07324659589156
18,97.0,86.43393756149806
1696,72.0,71.5067541046062
1227,80.0,74.01363302170142
499,68.0,71.47654611461131
1526,70.0,69.00401256302015
1528,84.0,76.60543811689539
744,95.0,81.43957878366447
1303,75.0,74.8559174263836
1765,74.0,76.04006054514048
417,98.0,76.09775945657523
4087,60.0,70.57246677003644
536,73.0,72.43759250766281
2228,77.0,72.21761719167793
1049,73.0,66.71632799202715
2644,68.0,74.86091112226276
3617,96.0,77.20058411613554
3446,72.0,77.1020643459583
2140,88.0,78.48324567332112
1150,92.0,74.72034564645188
1194,72.0,74.67068431325866
828,63.0,71.00247834878745
1076,95.0,76.11780917302679
3066,66.0,71.60447600951673
1530,60.0,76.4103498277816
1929,61.0,69.55604096533658
210,61.0,74.27574715684376
1755,52.0,72.30952493576461
2367,57.0,67.05930551741389
2849,74.0,69.52461622433718
2707,70.0,72.04975554296706
1952,73.0,73.38953873485175
691,75.0,80.61455416051285
3169,69.0,72.06734499589575
616,90.0,76.3013733353148
2511,100.0,66.04896417979478
1583,79.0,73.21340919709604
4068,68.0,74.21735118909172
697,95.0,74.57889530468994
4119,70.0,71.60342201555648
1320,65.0,67.64626796247472
1632,90.0,75.35153234212996
2193,64.0,78.53569128104155
2476,78.0,76.71965970823196
96,102.0,77.06244823337283
1546,92.0,74.66984708664887
906,65.0,79.24482026780177
3669,77.0,75.41405764616665
470,65.0,77.86663646388384
3332,68.0,75.6387977462343
2975,71.0,74.68731941861616
24,66.0,82.33574241452219
1393,71.0,76.64885849636013
1460,67.0,74.78790244617288
2515,93.0,80.78102502353322
3654,80.0,75.99268091489736
2850,61.0,73.7444026583214
3021,65.0,75.31518149076037
314,90.0,74.02081153076156
441,58.0,77.5086044431555
1285,67.0,70.57018923364122
2116,88.0,73.48971132666867
2661,82.0,62.83929548656505
1360,90.0,76.74341325945551
4021,71.0,74.509668553811
3062,75.0,66.56461971451205
2924,54.0,74.74638435680275
320,70.0,72.66628790732864
1644,94.0,79.00436692502667
3609,60.0,79.52662235899562
2278,67.0,76.88427060195838
3038,61.0,78.71038166228138
2843,62.0,73.44811191708531
3672,60.0,73.9022422720725
2083,93.0,84.76769945503437
2393,55.0,74.36957474212178
1575,70.0,72.35927569444095
102,75.0,75.23584294836785
3020,80.0,77.00482317609794
1245,60.0,68.55950970047718
2965,73.0,75.8717747665791
1634,65.0,75.61777923648884
2471,80.0,74.58152668183183
123,77.0,79.43156252453241
3600,98.0,77.21600063138715
605,85.0,68.09746099093898
160,67.0,72.18426358660886
896,76.0,77.37850923058758
2131,64.0,76.10536838789454
1254,77.0,74.04303483497941
2568,68.0,79.98488130936195
3932,59.0,73.23085756071193
2234,72.0,68.93859314060016
3344,108.0,75.96897878119373
245,66.0,79.4374666119279
2006,73.0,68.40388134301188
1022,105.0,78.75152910752038
2642,59.0,74.88387986033098
2883,62.0,74.78669716953758
3465,97.0,70.68327074845737
2431,65.0,75.91542350509485
2764,61.0,73.80760830599081
472,124.0,78.21330899085231
2803,93.0,74.09456203186062
965,72.0,73.09135422609125
1135,73.0,71.05773637477971
3247,46.0,71.08801819659183
888,61.0,78.31592677688974
2744,98.0,72.87880157544919
3939,70.0,71.81391282157378
321,64.0,74.85602831754363
181,60.0,75.59203747193864
2226,72.0,78.76078637881517
3292,70.0,75.49307001922355
586,58.0,76.15036792151895
53,64.0,73.69117546907137
2505,91.0,82.26250438720712
1777,58.0,75.26514340076966
76,94.0,75.77476813809334
1585,78.0,73.60922241684376
3638,53.0,71.95687354923012
2667,91.0,80.42805902063404
3094,86.0,80.91239638939706
3289,65.0,74.87036863438098
848,107.0,77.46575725302611
3937,74.0,84.48096378085701
3789,88.0,71.8338731308413
411,70.0,77.61355823840779
4132,73.0,70.36449623945384
3959,77.0,74.56940936717929
161,69.0,70.94187837227555
1477,70.0,74.94575738065237
2435,60.0,75.62369009529252
4125,79.0,72.56605877418463
54,60.0,69.85141970818913
1782,75.0,84.00572424232773
225,76.0,74.74320116765882
1251,67.0,77.32648454662385
27,71.0,69.38552085441643
1645,73.0,67.25483437275216
2443,65.0,69.19245703840167
219,98.0,75.41836859412992
2708,85.0,77.67767078537808
746,76.0,73.13527885633323
2822,69.0,71.79194844339037
1293,60.0,80.59449512895941
3590,74.0,76.4326411131467
327,73.0,69.84893395214257
1435,90.0,75.83710631945883
3378,101.0,72.71455820477817
560,71.0,95.02177990775115
4123,45.0,67.71701841520584
1345,82.0,73.60618066262901
2531,80.0,71.80482729681813
3464,90.0,80.98809639242171
3872,76.0,71.53238324864455
2428,77.0,76.75815114249814
2555,108.0,74.88460780467946
45,61.0,75.85989723852441
362,77.0,76.7118145627409
1045,100.0,80.97070086879364
374,67.0,70.55176619328299
1453,63.0,73.75622139070441
1598,68.0,77.86763208465709
2161,83.0,75.41500554304986
3785,70.0,82.01305050501031
3422,88.0,83.74764731366625
1914,89.0,80.21104487904975
2685,66.0,79.27600152543843
543,64.0,73.5324544591377
2051,76.0,74.64513541975336
2643,78.0,72.85844383470045
1676,76.0,68.60106796936219
3862,90.0,74.64179146257082
261,85.0,77.0963268818686
1803,65.0,78.47175756025231
1940,105.0,77.6891250375234
1532,62.0,73.24397798919061
609,82.0,73.3487366335437
2470,74.0,74.11798266711455
3337,72.0,76.63454867979365
1785,60.0,73.57908640800714
2715,69.0,70.16316192470131
3526,70.0,71.03782866973728
2380,80.0,75.92099895351095
2550,52.0,72.88072269143089
297,75.0,74.5315385683593
770,70.0,76.97767754454125
1675,58.0,72.61605457298194
137,70.0,74.8068470024954
610,75.0,73.11441712002593
834,75.0,66.16765424882264
2416,65.0,70.81100854511688
2446,77.0,81.6272713631564
268,90.0,72.8158837995754
2011,68.0,82.42584893840339
3278,70.0,83.12089027088092
3746,87.0,71.93387849615587
2960,87.0,77.72633941720783
2074,70.0,71.25205550791645
59,69.0,77.34319103072727
818,73.0,80.06142377937495
2732,75.0,78.23015298467863
3088,65.0,72.70147551932008
1778,82.0,76.99173628506617
3028,75.0,80.28606377338426
3929,106.0,75.88200946241959
573,69.0,79.42831907419611
3655,67.0,73.00243317806598
2271,78.0,76.92909801114703
1957,77.0,62.0220793173593
2714,65.0,70.24373102186055
402,80.0,74.75054922397044
2421,68.0,78.53978538854035
3535,48.0,70.08612347111924
174,70.0,68.45781106517447
4015,70.0,64.96101879888134
3674,98.0,80.15587871185163
2865,99.0,79.72502755067426
2260,43.0,73.09829168945821
1650,61.0,71.60504707481088
1564,76.0,63.60103555602075
192,98.0,79.2522810909858
12,69.0,81.3118571908002
2405,69.0,75.86148035442427
328,68.0,70.64662807444381
2320,100.0,76.81225745081419
2080,84.0,69.44713210418394
3995,88.0,77.60838470009611
474,75.0,77.73391634127911
879,95.0,77.04118004416456
2927,75.0,70.43988932927661
547,56.0,73.93025589354976
1093,77.0,74.10955662489864
3051,80.0,76.0708062799979
1661,70.0,79.10421890721562
2204,70.0,75.54569125695656
2181,70.0,81.44718209720273
3052,77.0,81.60369471701075
1139,67.0,73.33388880999067
759,64.0,77.3105475579989
1072,68.0,70.39140736274015
1863,119.0,80.12895835889026
243,67.0,65.73363756434681
178,106.0,77.26658601959082
4071,80.0,77.7373166754555
2650,50.0,75.27054332478338
2216,63.0,73.20108276986502
2389,86.0,75.68064169411858
2124,63.0,74.01428750643801
3646,77.0,73.55379963539771
1433,60.0,72.69970314150166
3407,66.0,77.67827074229598
419,63.0,74.38231696540363
1182,56.0,70.58398472303021
2938,92.0,71.14084605251351
2361,106.0,75.5805509657426
1648,68.0,75.297886102418
3913,74.0,67.05485815267204
1831,92.0,80.53561223406984
2452,115.0,75.19617246906382
232,60.0,77.62175518851697
504,61.0,70.67352234413465
3794,76.0,78.54666984387799
2364,88.0,72.19621929973324
359,80.0,76.53599805427922
1448,100.0,73.85352118509735
1660,78.0,76.7100447837424
1286,95.0,75.8225454052132
2403,89.0,76.27253500371123
3299,55.0,77.78809897268827
3567,80.0,79.93949425313217
2365,78.0,71.6445902131452
3735,51.0,68.4831347638599
72,52.0,75.30510712511708
1824,110.0,78.26036010403796
46,93.0,73.45949723766225
1905,67.0,71.99977604731424
3611,55.0,67.86647449338687
187,60.0,73.30952175441945
819,72.0,82.02886724671532
1982,79.0,76.76510783193912
577,89.0,72.31533090467694
2307,80.0,70.23787014189146
2264,60.0,74.06387821590538
2609,72.0,78.85592680944339
143,85.0,79.05577230624655
2922,111.0,78.37084900387299
835,51.0,71.83363607880767
315,77.0,78.81105545524845
271,116.0,74.08758147711016
825,74.0,73.29944728094245
3774,88.0,81.78219581923605
3313,79.0,83.63296389954895
66,60.0,73.08474744716683
2654,87.0,71.32926670433204
2441,84.0,76.53929628066801
2729,81.0,76.24383663694609
1809,60.0,72.62388469465179
148,75.0,77.88385905745159
3574,81.0,77.66821591626973
3354,90.0,74.87192127458178
2125,78.0,78.19610332186184
670,125.0,82.41321636179433
495,70.0,65.25870038248391
3000,89.0,67.56159865534275
3817,84.0,80.4074117517604
672,60.0,74.30054736283067
1770,65.0,73.46803685318176
3123,62.0,72.17814773610485
733,84.0,76.06631284319772
1025,51.0,75.41824837544503
920,78.0,78.21785706930983
256,82.0,70.8593278822432
3737,72.0,76.74938198917187
3530,60.0,72.7824697331989
1806,59.0,69.39412059356896
3406,85.0,77.34749442361806
3701,89.0,77.22748090204624
2068,100.0,77.65896871312077
2180,90.0,69.09415189717636
3346,88.0,68.54710287208047
2064,84.0,76.87556327836919
553,56.0,73.76875868173886
285,70.0,89.90089548010285
3193,65.0,73.06493763651407
1835,110.0,77.92849680881812
366,60.0,78.66830185204962
3017,67.0,68.98529026778037
305,63.0,77.27881850079443
1779,80.0,72.08990444822277
2018,107.0,77.98791300101152
1323,73.0,67.06917354194064
1306,69.0,76.36813194579221
424,120.0,85.42052902310843
2406,91.0,73.79876231202404
954,83.0,77.42209672899708
3079,115.0,80.91347655428305
3808,57.0,69.06921165035456
1126,45.0,76.40796249931091
2988,77.0,73.30280022576406
3657,80.0,73.20009903730615
3106,95.0,79.3617319433283
1418,87.0,73.38188327128802
1295,64.0,71.22477849512003
833,54.0,75.57185205552406
3996,57.0,62.52294798833266
3015,82.0,77.85133783918889
61,90.0,75.08079281329522
79,90.0,73.82161316420681
376,78.0,77.81927387103678
986,67.0,51.377289265354406
735,68.0,69.26987180798731
929,68.0,67.94610860092791
4012,63.0,71.86052639459344
3176,93.0,72.64264861057575
1613,59.0,71.47956216404317
2968,67.0,79.52483676668236
1314,56.0,69.85761867975401
1601,66.0,73.31422009246643
2767,74.0,74.86271776503855
127,65.0,78.98475074088795
3003,69.0,89.4139085436977
1459,67.0,76.96942027946628
4086,83.0,69.18932234976283
1127,64.0,68.60882328888154
438,110.0,77.35655539449303
1479,64.0,75.02140370054718
1816,76.0,74.18314459169179
1954,60.0,79.75070752718966
2283,89.0,73.21483022336164
814,90.0,68.38865330510764
3357,62.0,72.97692918132367
396,89.0,78.45730585957303
31,85.0,75.24594925183196
949,91.0,79.5685783731849
208,56.0,78.1683060613602
3251,85.0,79.06997905960222
3988,69.0,78.270295110163
2702,67.0,78.42588181464599
2758,74.0,72.44753695485846
2013,88.0,75.09990896438342
3910,72.0,76.92615191993346
487,81.0,72.53517621319628
1854,68.0,68.08278877365751
1419,55.0,73.11943666031028
452,59.0,69.59476229114458
3779,75.0,81.4343465838727
3827,66.0,76.52358053472389
3237,70.0,75.69537032867169
197,65.0,74.79632344095035
576,105.0,74.15811234460865
3011,81.0,73.41843626646738
1364,60.0,72.33902385746154
6,75.0,71.75432329522451
448,75.0,72.80857019979476
295,78.0,73.03246235426843
3711,60.0,74.65340149461132
3360,57.0,75.0052172890886
3533,65.0,71.56242728356133
4113,72.0,76.89897867935787
1878,85.0,80.90522366272407
2981,74.0,78.76637857841996
1876,63.0,73.26364563541374
4095,59.0,75.53796201835965
3581,86.0,90.40271856237382
1543,95.0,78.4017271681559
199,106.0,81.03763359642457
459,65.0,69.2039778158171
3228,51.0,71.9379391905116
3573,71.0,69.78504514075298
30,103.0,76.59303220460363
886,86.0,81.32225494672696
827,100.0,80.43927093211383
2706,74.0,77.6320736716317
1171,88.0,77.69843970788729
3054,68.0,80.28992416187654
2217,71.0,74.39217135839584
3131,54.0,75.8409487530839
3823,63.0,73.92345548567613
1915,72.0,78.69233416422713
3517,57.0,73.9515769278307
3835,98.0,74.44408471847797
227,73.0,75.80980425718204
1805,72.0,69.58058360082329
3924,57.0,63.05170982174317
583,91.0,73.77518898023264
1064,76.0,69.00780168703335
3493,95.0,80.47272141771785
1596,53.0,81.3091841507636
1923,72.0,76.58601248586646
3987,60.0,71.11968281650995
1210,71.0,74.39829513500928
83,76.0,77.04646308540298
262,72.0,74.28564615916824
301,99.0,76.07985019259596
1378,85.0,80.76033085160778
3518,78.0,75.23974544948786
3795,60.0,70.56150900227739
803,85.0,74.08664336165262
898,105.0,80.44248430493647
1404,65.0,78.61545578002557
2712,78.0,72.47342807707258
3944,65.0,72.87814572013934
1115,100.0,77.6262924997288
2946,63.0,72.19663594637086
1168,80.0,72.47100348110774
3456,87.0,78.10296341257055
3018,82.0,70.54705391001951
1921,111.0,78.46372291469109
1236,120.0,77.51590318437866
1434,80.0,77.7005553864862
695,84.0,75.28787080469971
3155,82.0,76.59031722259202
3250,58.0,69.03720630411516
1198,88.0,73.43262475087258
2277,83.0,79.82943069123917
420,75.0,73.59367929251366
3212,75.0,71.05311735016298
3473,78.0,72.98553500518238
3829,69.0,85.61759235781888
1125,50.0,70.05270649820176
1604,49.0,71.22451648114193
766,65.0,70.26156488510624
767,70.0,75.3770935433437
761,80.0,70.60339655972986
156,70.0,70.71724705197508
1003,72.0,76.78896854549765
2138,65.0,74.53942414952617
2213,75.0,75.68053652995536
105,83.0,72.12708233670142
708,75.0,72.24243910924676
3358,80.0,71.38248075184154
244,101.0,74.84270680428011
776,85.0,69.63506075166798
3614,71.0,76.91839815160624
981,90.0,73.76071809095706
1621,60.0,75.76067531754339
736,55.0,66.81878884044266
2162,87.0,80.34819429652381
1503,80.0,73.01154930828491
3786,87.0,82.4372151861042
2600,70.0,77.64218378840971
3732,62.0,75.83126057532682
2350,62.0,77.0966596936026
859,62.0,80.02310716948702
3883,72.0,75.41303402967769
338,80.0,75.23543620808297
3942,75.0,78.81215691265115
2436,55.0,75.30008366549716
1792,80.0,75.87628224755275
874,95.0,73.86405469304938
2060,90.0,68.6291935296691
1199,59.0,77.31084552401576
1095,70.0,77.19925969755886
1091,56.0,70.63162738083594
2110,92.0,81.30024105496332
2628,81.0,72.5112203587408
3922,54.0,66.65851563658556
2997,55.0,72.59809561903074
3128,67.0,74.72223974096423
2358,78.0,75.20582504858183
3750,61.0,77.05931979117753
2372,84.0,73.14274389149193
2346,90.0,65.19851478046843
3754,70.0,81.04738150986707
3218,73.0,72.56940618485108
563,60.0,72.44865175758872
3877,60.0,71.77399181051351
3226,84.0,75.2398358181058
2407,86.0,72.87939678315348
2461,60.0,80.73285287617767
3307,96.0,78.71842292453208
2724,80.0,60.53454549762837
791,58.0,75.5982355298337
2570,78.0,74.8465679077689
4128,92.0,79.52023734960844
3775,73.0,69.21358544679619
1912,89.0,76.79784325081808
3258,95.0,74.55180907716463
1722,62.0,68.67725889628213
2796,74.0,76.8850162756012
3145,70.0,71.90000766097646
4006,75.0,83.76789085556442
2611,77.0,72.12535540789004
2818,77.0,67.92720969019015
1538,90.0,76.5109426997986
1769,83.0,79.43853118021347
3151,76.0,77.72807540705784
1870,67.0,65.77895721297193
1067,64.0,77.6031739238109
1595,132.0,78.02447597971826
1397,66.0,71.3906136627939
2972,63.0,75.53632991520209
1607,68.0,71.37449652572468
353,75.0,77.74032103235487
2348,69.0,76.7172021542793
2699,79.0,77.21762734833587
3057,96.0,78.16232531832695
2877,79.0,78.16101275660685
3387,107.0,76.61492934376383
3548,71.0,75.27157513314131
1383,85.0,71.59938661455527
1635,56.0,73.88036717067313
4094,65.0,72.62046628055849
3246,98.0,77.69884391407714
182,69.0,79.45696041052072
1984,74.0,82.29737965930394
3796,62.0,72.0709527844846
1084,60.0,73.07244197564756
882,75.0,71.74463931480439
3905,57.0,75.86943903475245
1211,46.0,71.92514165842704
3329,54.0,82.14674423926988
26,66.0,72.87230514167115
1362,84.0,78.00380923726844
3752,89.0,75.25140839884502
1517,75.0,76.21145860508456
177,94.0,81.81984912036737
2203,90.0,53.16523506189752
3157,61.0,72.7729808168751
337,77.0,72.74706066340559
3276,74.0,79.0701517670914
439,114.0,77.97964684270906
1859,74.0,73.03144748998415
3568,56.0,72.0431570029126
1318,68.0,75.9707603746013
1464,67.0,73.71816882108114
488,70.0,74.3513170421531
3545,72.0,75.29717536147292
1541,70.0,68.9305691941266
1400,75.0,70.23626260435158
1881,52.0,65.67187325719334
1371,72.0,72.81792324408376
2556,53.0,70.7638826868572
3876,75.0,81.46697768577455
2019,71.0,75.65740536308196
1867,87.0,70.2567967523424
330,81.0,71.14242327310026
1317,50.0,76.53792130850448
1356,74.0,77.97585933668961
477,107.0,78.94400087762071
570,68.0,73.5853393929427
3485,78.0,78.2687521596987
2065,71.0,77.94270925520304
3751,65.0,68.9992476527961
2771,67.0,72.42708782001851
1366,60.0,73.08331021991488
1201,73.0,75.77802153715558
64,65.0,70.43487841278612
1338,69.0,73.04701124915256
1888,64.0,66.92911581202611
2158,97.0,76.00301975133266
259,70.0,75.66134319058001
2780,72.0,70.3660659829731
3602,76.0,75.64021071461983
3304,61.0,71.22342604063543
3287,62.0,72.54822608307566
1081,62.0,79.19884452773228
2649,75.0,74.83187547127118
2620,62.0,76.45235530523414
70,77.0,75.888177817396
1687,105.0,72.72730454594674
1136,54.0,72.67882786889136
226,64.0,73.57002426467929
2041,65.0,70.7973759051841
3842,71.0,70.08079531514232
2468,70.0,68.35172473088568
4135,86.0,78.8129872117207
91,90.0,77.59149152183059
2856,64.0,70.76317313383873
3624,87.0,72.91494637825754
2919,113.0,90.9287028557994
2506,67.0,80.15726098141096
1627,92.0,67.27037453599127
1454,97.0,79.89282272335983
3426,67.0,77.37285038085078
445,96.0,75.72590178727715
3554,75.0,77.50199692131824
3723,100.0,80.62024567645658
3627,58.0,71.24498686018146
3262,75.0,72.2442996446866
