,y_test,prediction
3717,70.0,74.04
153,66.0,68.59
2566,53.0,66.42
2561,75.0,72.25
3275,94.0,80.05
1853,77.0,79.86
2071,82.0,75.85
2943,74.0,85.09
969,60.0,68.34
1061,66.0,78.85
1062,114.0,69.96
2370,64.0,73.51
806,94.0,72.0
3477,70.0,75.86
1588,78.0,74.59
2810,60.0,75.64
1516,70.0,70.7
3195,84.0,78.6
685,66.0,74.44
1008,89.0,79.75
1752,69.0,73.19
2825,57.0,72.42
2892,59.0,80.57
3220,68.0,71.67
2270,95.0,72.36
1540,58.0,68.25
4054,73.0,68.71
3933,85.0,86.92
748,60.0,72.08
855,90.0,83.54
3474,82.0,79.47
3699,65.0,74.13
2709,85.0,77.83
3014,91.0,73.28
1036,72.0,72.03
2038,67.0,73.51
2951,69.0,77.86
856,87.0,73.32
2293,89.0,81.89
1223,78.0,78.15
3331,56.0,77.71
1568,73.0,76.23
2954,71.0,75.51
4130,82.0,69.13
1348,55.0,67.01
1445,70.0,76.32
1998,65.0,82.6
34,81.0,76.7
881,94.0,77.33
3528,62.0,75.3
2146,105.0,74.71
1725,71.0,70.01
3522,65.0,75.23
2000,94.0,77.4
1761,68.0,81.53
3686,95.0,81.88
3394,88.0,68.49
2792,82.0,75.74
779,60.0,71.29
3125,90.0,81.11
4029,70.0,69.09
170,60.0,75.47
3615,65.0,79.62
3596,80.0,94.1
2721,70.0,79.84
1496,73.0,73.72
3592,95.0,79.49
2034,63.0,72.27
466,77.0,74.68
1886,72.0,65.79
3812,87.0,73.22
1313,58.0,73.75
520,70.0,70.56
2257,83.0,67.52
3468,80.0,76.28
2808,90.0,84.21
1833,74.0,76.22
1088,96.0,73.3
311,60.0,73.05
2534,90.0,76.07
1283,80.0,73.2
2458,58.0,74.31
73,74.0,70.3
2375,74.0,71.91
4055,68.0,79.74
3168,68.0,76.4
1288,75.0,69.16
1636,52.0,74.17
14,63.0,71.88
2726,48.0,77.7
3544,110.0,70.92
3207,69.0,73.61
2003,82.0,71.67
2127,70.0,82.13
8,80.0,79.04
112,52.0,73.88
480,108.0,75.55
924,83.0,82.8
2164,64.0,74.02
2728,82.0,75.34
1104,104.0,74.76
1700,78.0,75.01
2532,77.0,87.99
846,83.0,73.98
3443,76.0,75.02
2163,90.0,70.25
1077,73.0,73.45
188,65.0,74.26
826,76.0,80.45
1215,87.0,75.74
2949,98.0,74.79
2455,82.0,79.62
3587,69.0,73.84
905,76.0,72.79
2863,79.0,76.09
2024,61.0,69.3
201,71.0,69.04
99,65.0,80.52
4091,70.0,72.31
2172,64.0,75.06
3356,65.0,76.66
1047,79.0,74.84
2077,83.0,70.3
564,67.0,74.4
993,81.0,75.98
324,55.0,71.68
3622,80.0,77.77
3395,77.0,82.98
1197,90.0,75.16
1094,75.0,76.08
4003,90.0,66.64
1756,73.0,70.46
823,80.0,74.73
2838,84.0,75.84
1257,95.0,83.42
3235,72.0,75.86
33,100.0,72.91
1577,85.0,88.45
2419,66.0,76.49
1042,81.0,89.75
1075,68.0,75.9
3252,73.0,74.87
423,60.0,84.88
656,60.0,78.16
234,60.0,75.19
3678,84.0,72.52
1814,78.0,76.65
1822,89.0,71.21
3519,57.0,75.03
1018,89.0,74.5
720,88.0,81.91
1160,80.0,80.66
1704,70.0,86.44
1903,92.0,74.59
2944,80.0,85.59
2233,83.0,76.19
669,56.0,83.08
1234,69.0,76.8
2453,96.0,70.99
183,58.0,79.12
801,83.0,78.05
1817,62.0,78.35
2349,80.0,71.12
1846,90.0,81.16
1582,84.0,75.37
3679,77.0,82.4
2637,90.0,81.51
1440,65.0,75.43
3690,64.0,76.92
510,66.0,75.51
44,70.0,60.26
304,66.0,86.93
447,67.0,86.98
1280,100.0,75.4
331,64.0,83.63
4051,69.0,74.69
2463,86.0,63.35
1157,77.0,73.32
910,76.0,77.94
216,69.0,80.54
276,66.0,66.47
2664,60.0,68.62
2743,77.0,80.85
1485,79.0,79.37
1388,86.0,73.02
2371,60.0,68.36
1942,95.0,77.85
1732,96.0,76.38
2410,63.0,72.65
18,97.0,82.28
1696,72.0,72.86
1227,80.0,73.28
499,68.0,76.08
1526,70.0,74.54
1528,84.0,78.91
744,95.0,79.18
1303,75.0,80.91
1765,74.0,78.54
417,98.0,82.51
4087,60.0,69.91
536,73.0,69.95
2228,77.0,74.94
1049,73.0,68.46
2644,68.0,72.03
3617,96.0,76.19
3446,72.0,75.93
2140,88.0,79.99
1150,92.0,73.17
1194,72.0,78.11
828,63.0,75.75
1076,95.0,73.73
3066,66.0,77.92
1530,60.0,80.15
1929,61.0,64.28
210,61.0,70.77
1755,52.0,71.73
2367,57.0,63.28
2849,74.0,76.96
2707,70.0,70.23
1952,73.0,77.17
691,75.0,82.29
3169,69.0,71.52
616,90.0,75.26
2511,100.0,66.34
1583,79.0,72.35
4068,68.0,69.12
697,95.0,77.46
4119,70.0,79.41
1320,65.0,65.34
1632,90.0,74.9
2193,64.0,76.42
2476,78.0,80.16
96,102.0,81.68
1546,92.0,74.75
906,65.0,88.26
3669,77.0,68.97
470,65.0,76.64
3332,68.0,70.91
2975,71.0,70.37
24,66.0,84.24
1393,71.0,73.85
1460,67.0,79.12
2515,93.0,80.2
3654,80.0,74.6
2850,61.0,71.06
3021,65.0,75.86
314,90.0,70.84
441,58.0,77.31
1285,67.0,70.7
2116,88.0,74.84
2661,82.0,71.16
1360,90.0,78.07
4021,71.0,76.89
3062,75.0,67.14
2924,54.0,74.52
320,70.0,74.08
1644,94.0,81.67
3609,60.0,76.61
2278,67.0,80.05
3038,61.0,76.53
2843,62.0,68.01
3672,60.0,75.28
2083,93.0,85.14
2393,55.0,66.81
1575,70.0,73.1
102,75.0,75.58
3020,80.0,76.2
1245,60.0,67.69
2965,73.0,70.5
1634,65.0,80.58
2471,80.0,77.92
123,77.0,75.89
3600,98.0,76.28
605,85.0,73.39
160,67.0,67.62
896,76.0,73.43
2131,64.0,75.73
1254,77.0,74.67
2568,68.0,82.91
3932,59.0,70.68
2234,72.0,71.04
3344,108.0,75.78
245,66.0,78.4
2006,73.0,71.68
1022,105.0,79.75
2642,59.0,78.79
2883,62.0,74.68
3465,97.0,79.0
2431,65.0,71.44
2764,61.0,75.5
472,124.0,76.9
2803,93.0,73.95
965,72.0,75.21
1135,73.0,72.33
3247,46.0,69.69
888,61.0,84.81
2744,98.0,71.99
3939,70.0,75.04
321,64.0,73.52
181,60.0,70.37
2226,72.0,75.84
3292,70.0,70.28
586,58.0,76.71
53,64.0,69.26
2505,91.0,84.29
1777,58.0,76.42
76,94.0,76.15
1585,78.0,73.06
3638,53.0,70.97
2667,91.0,79.75
3094,86.0,83.17
3289,65.0,72.24
848,107.0,83.21
3937,74.0,84.6
3789,88.0,67.22
411,70.0,78.19
4132,73.0,73.48
3959,77.0,76.62
161,69.0,70.5
1477,70.0,74.7
2435,60.0,75.85
4125,79.0,72.85
54,60.0,69.17
1782,75.0,85.53
225,76.0,75.05
1251,67.0,78.93
27,71.0,69.32
1645,73.0,66.21
2443,65.0,69.52
219,98.0,75.01
2708,85.0,77.69
746,76.0,77.38
2822,69.0,76.08
1293,60.0,77.54
3590,74.0,73.72
327,73.0,68.66
1435,90.0,76.45
3378,101.0,76.45
560,71.0,93.0
4123,45.0,71.35
1345,82.0,71.56
2531,80.0,73.78
3464,90.0,86.07
3872,76.0,69.9
2428,77.0,74.07
2555,108.0,82.23
45,61.0,81.1
362,77.0,73.75
1045,100.0,80.19
374,67.0,74.85
1453,63.0,76.4
1598,68.0,79.36
2161,83.0,72.72
3785,70.0,78.45
3422,88.0,87.6
1914,89.0,75.26
2685,66.0,81.61
543,64.0,71.82
2051,76.0,73.51
2643,78.0,73.71
1676,76.0,71.48
3862,90.0,81.73
261,85.0,74.91
1803,65.0,77.31
1940,105.0,80.21
1532,62.0,66.77
609,82.0,79.98
2470,74.0,77.02
3337,72.0,75.28
1785,60.0,76.44
2715,69.0,71.43
3526,70.0,70.02
2380,80.0,72.48
2550,52.0,75.42
297,75.0,79.89
770,70.0,79.82
1675,58.0,71.86
137,70.0,74.66
610,75.0,71.92
834,75.0,66.89
2416,65.0,74.35
2446,77.0,83.87
268,90.0,71.62
2011,68.0,82.34
3278,70.0,88.12
3746,87.0,80.34
2960,87.0,73.78
2074,70.0,71.51
59,69.0,84.3
818,73.0,78.76
2732,75.0,79.04
3088,65.0,72.81
1778,82.0,75.26
3028,75.0,80.3
3929,106.0,75.43
573,69.0,78.86
3655,67.0,71.72
2271,78.0,79.72
1957,77.0,68.09
2714,65.0,70.21
402,80.0,77.42
2421,68.0,71.93
3535,48.0,70.94
174,70.0,65.63
4015,70.0,68.53
3674,98.0,76.7
2865,99.0,86.84
2260,43.0,69.93
1650,61.0,71.65
1564,76.0,72.32
192,98.0,76.51
12,69.0,90.44
2405,69.0,74.78
328,68.0,68.74
2320,100.0,79.55
2080,84.0,72.62
3995,88.0,77.42
474,75.0,78.63
879,95.0,78.98
2927,75.0,70.91
547,56.0,70.19
1093,77.0,72.8
3051,80.0,77.86
1661,70.0,80.08
2204,70.0,74.75
2181,70.0,89.09
3052,77.0,92.74
1139,67.0,72.95
759,64.0,72.89
1072,68.0,72.89
1863,119.0,75.45
243,67.0,68.83
178,106.0,93.55
4071,80.0,76.65
2650,50.0,74.71
2216,63.0,74.36
2389,86.0,69.52
2124,63.0,69.23
3646,77.0,75.72
1433,60.0,70.38
3407,66.0,75.03
419,63.0,70.57
1182,56.0,69.08
2938,92.0,77.47
2361,106.0,78.12
1648,68.0,73.01
3913,74.0,68.45
1831,92.0,79.39
2452,115.0,71.32
232,60.0,73.84
504,61.0,78.26
3794,76.0,78.28
2364,88.0,72.27
359,80.0,80.47
1448,100.0,76.26
1660,78.0,78.0
1286,95.0,69.93
2403,89.0,72.02
3299,55.0,79.4
3567,80.0,81.59
2365,78.0,71.81
3735,51.0,68.72
72,52.0,70.44
1824,110.0,71.09
46,93.0,71.8
1905,67.0,68.51
3611,55.0,68.62
187,60.0,74.77
819,72.0,80.61
1982,79.0,78.31
577,89.0,78.67
2307,80.0,70.73
2264,60.0,73.86
2609,72.0,77.62
143,85.0,75.68
2922,111.0,75.28
835,51.0,72.57
315,77.0,78.01
271,116.0,74.13
825,74.0,74.3
3774,88.0,82.12
3313,79.0,94.1
66,60.0,70.3
2654,87.0,70.67
2441,84.0,77.36
2729,81.0,72.47
1809,60.0,82.67
148,75.0,76.77
3574,81.0,81.89
3354,90.0,70.42
2125,78.0,74.3
670,125.0,83.62
495,70.0,72.79
3000,89.0,72.37
3817,84.0,82.99
672,60.0,73.65
1770,65.0,72.95
3123,62.0,71.75
733,84.0,74.3
1025,51.0,76.64
920,78.0,77.16
256,82.0,71.0
3737,72.0,78.66
3530,60.0,73.35
1806,59.0,74.87
3406,85.0,83.95
3701,89.0,77.27
2068,100.0,74.7
2180,90.0,74.08
3346,88.0,67.09
2064,84.0,81.89
553,56.0,69.01
285,70.0,78.92
3193,65.0,66.13
1835,110.0,76.49
366,60.0,78.89
3017,67.0,70.52
305,63.0,75.05
1779,80.0,71.21
2018,107.0,75.78
1323,73.0,68.69
1306,69.0,76.28
424,120.0,91.43
2406,91.0,69.02
954,83.0,76.03
3079,115.0,87.47
3808,57.0,72.3
1126,45.0,76.98
2988,77.0,68.0
3657,80.0,73.18
3106,95.0,78.3
1418,87.0,66.46
1295,64.0,71.44
833,54.0,75.41
3996,57.0,69.4
3015,82.0,72.89
61,90.0,83.02
79,90.0,69.5
376,78.0,80.02
986,67.0,68.09
735,68.0,68.82
929,68.0,69.86
4012,63.0,73.18
3176,93.0,70.94
1613,59.0,77.4
2968,67.0,77.84
1314,56.0,71.5
1601,66.0,74.56
2767,74.0,71.67
127,65.0,79.56
3003,69.0,89.43
1459,67.0,75.62
4086,83.0,69.51
1127,64.0,67.69
438,110.0,77.93
1479,64.0,78.58
1816,76.0,80.02
1954,60.0,79.7
2283,89.0,75.69
814,90.0,71.09
3357,62.0,71.35
396,89.0,76.02
31,85.0,73.91
949,91.0,78.47
208,56.0,88.21
3251,85.0,79.0
3988,69.0,79.03
2702,67.0,74.61
2758,74.0,77.28
2013,88.0,73.73
3910,72.0,74.87
487,81.0,74.47
1854,68.0,68.74
1419,55.0,71.86
452,59.0,66.76
3779,75.0,80.31
3827,66.0,77.07
3237,70.0,75.47
197,65.0,74.36
576,105.0,74.37
3011,81.0,80.79
1364,60.0,73.16
6,75.0,69.14
448,75.0,75.07
295,78.0,72.81
3711,60.0,77.4
3360,57.0,72.8
3533,65.0,76.16
4113,72.0,76.92
1878,85.0,80.56
2981,74.0,74.37
1876,63.0,70.97
4095,59.0,73.61
3581,86.0,89.07
1543,95.0,76.95
199,106.0,83.78
459,65.0,72.91
3228,51.0,72.46
3573,71.0,78.32
30,103.0,77.57
886,86.0,82.99
827,100.0,77.08
2706,74.0,77.64
1171,88.0,76.76
3054,68.0,79.82
2217,71.0,75.23
3131,54.0,73.39
3823,63.0,72.46
1915,72.0,73.53
3517,57.0,78.58
3835,98.0,90.65
227,73.0,73.17
1805,72.0,68.42
3924,57.0,66.57
583,91.0,75.95
1064,76.0,68.38
3493,95.0,82.37
1596,53.0,78.42
1923,72.0,73.2
3987,60.0,72.62
1210,71.0,73.57
83,76.0,75.8
262,72.0,75.84
301,99.0,76.56
1378,85.0,82.18
3518,78.0,75.58
3795,60.0,69.78
803,85.0,72.72
898,105.0,81.27
1404,65.0,79.18
2712,78.0,72.58
3944,65.0,75.65
1115,100.0,76.16
2946,63.0,76.62
1168,80.0,69.94
3456,87.0,77.97
3018,82.0,71.31
1921,111.0,80.05
1236,120.0,74.78
1434,80.0,75.68
695,84.0,73.25
3155,82.0,78.53
3250,58.0,68.45
1198,88.0,66.68
2277,83.0,81.14
420,75.0,70.79
3212,75.0,73.84
3473,78.0,74.09
3829,69.0,87.31
1125,50.0,76.21
1604,49.0,73.28
766,65.0,66.45
767,70.0,71.13
761,80.0,65.33
156,70.0,72.48
1003,72.0,81.52
2138,65.0,75.87
2213,75.0,79.67
105,83.0,72.78
708,75.0,71.52
3358,80.0,69.57
244,101.0,76.16
776,85.0,86.52
3614,71.0,74.17
981,90.0,71.22
1621,60.0,69.67
736,55.0,67.01
2162,87.0,77.43
1503,80.0,86.14
3786,87.0,83.65
2600,70.0,78.76
3732,62.0,76.27
2350,62.0,79.78
859,62.0,79.66
3883,72.0,78.58
338,80.0,79.01
3942,75.0,79.27
2436,55.0,75.72
1792,80.0,75.5
874,95.0,75.77
2060,90.0,71.87
1199,59.0,73.94
1095,70.0,78.88
1091,56.0,71.71
2110,92.0,81.05
2628,81.0,72.28
3922,54.0,68.84
2997,55.0,73.3
3128,67.0,76.67
2358,78.0,74.6
3750,61.0,77.03
2372,84.0,78.74
2346,90.0,69.88
3754,70.0,84.11
3218,73.0,63.88
563,60.0,80.29
3877,60.0,73.84
3226,84.0,70.58
2407,86.0,70.92
2461,60.0,81.34
3307,96.0,86.2
2724,80.0,64.03
791,58.0,71.61
2570,78.0,72.05
4128,92.0,77.36
3775,73.0,66.76
1912,89.0,76.75
3258,95.0,74.88
1722,62.0,74.24
2796,74.0,74.72
3145,70.0,73.35
4006,75.0,83.43
2611,77.0,75.58
2818,77.0,67.98
1538,90.0,81.49
1769,83.0,81.92
3151,76.0,79.1
1870,67.0,65.44
1067,64.0,76.11
1595,132.0,80.43
1397,66.0,78.9
2972,63.0,77.57
1607,68.0,70.27
353,75.0,77.89
2348,69.0,75.17
2699,79.0,73.34
3057,96.0,77.37
2877,79.0,74.27
3387,107.0,76.51
3548,71.0,74.03
1383,85.0,67.0
1635,56.0,78.72
4094,65.0,70.77
3246,98.0,79.02
182,69.0,78.25
1984,74.0,82.04
3796,62.0,72.22
1084,60.0,76.16
882,75.0,74.97
3905,57.0,72.51
1211,46.0,69.5
3329,54.0,78.87
26,66.0,77.86
1362,84.0,76.67
3752,89.0,77.51
1517,75.0,75.88
177,94.0,78.68
2203,90.0,64.1
3157,61.0,74.9
337,77.0,71.54
3276,74.0,81.33
439,114.0,76.1
1859,74.0,71.56
3568,56.0,68.65
1318,68.0,72.9
1464,67.0,73.91
488,70.0,73.85
3545,72.0,77.05
1541,70.0,70.91
1400,75.0,74.12
1881,52.0,69.93
1371,72.0,69.96
2556,53.0,75.66
3876,75.0,84.61
2019,71.0,78.4
1867,87.0,67.8
330,81.0,73.15
1317,50.0,72.77
1356,74.0,80.96
477,107.0,74.91
570,68.0,76.55
3485,78.0,85.68
2065,71.0,77.08
3751,65.0,72.7
2771,67.0,69.84
1366,60.0,71.8
1201,73.0,75.81
64,65.0,67.96
1338,69.0,76.33
1888,64.0,68.9
2158,97.0,85.49
259,70.0,94.04
2780,72.0,70.95
3602,76.0,72.16
3304,61.0,70.78
3287,62.0,68.47
1081,62.0,77.12
2649,75.0,76.28
2620,62.0,76.54
70,77.0,76.0
1687,105.0,75.63
1136,54.0,71.37
226,64.0,73.94
2041,65.0,72.95
3842,71.0,68.39
2468,70.0,68.78
4135,86.0,80.48
91,90.0,74.4
2856,64.0,79.35
3624,87.0,73.12
2919,113.0,87.11
2506,67.0,88.78
1627,92.0,67.74
1454,97.0,75.52
3426,67.0,81.02
445,96.0,80.1
3554,75.0,74.2
3723,100.0,78.71
3627,58.0,78.37
3262,75.0,69.88
