,y_test,prediction
22868,167.0,117.43455665068925
3180,154.0,117.43455665068925
9565,144.0,117.43455665068925
4565,121.0,117.43455665068925
1456,151.0,117.43455665068925
20385,149.0,117.43455665068925
20471,102.0,117.43455665068925
16376,107.0,117.43455665068925
9824,96.0,117.43455665068925
1304,81.0,117.43455665068925
2446,89.0,117.43455665068925
9506,133.0,117.43455665068925
23359,138.0,117.43455665068925
22039,128.0,117.43455665068925
7159,133.0,117.43455665068925
8146,133.0,117.43455665068925
15344,93.0,117.43455665068925
4618,130.0,129.7
7357,135.0,117.43455665068925
7561,94.0,117.43455665068925
22648,126.0,117.43455665068925
10198,136.0,128.67
3297,156.0,117.43455665068925
8127,144.0,117.43455665068925
8429,114.0,117.43455665068925
15240,138.0,136.6
19702,112.0,117.43455665068925
10918,94.0,117.43455665068925
13112,60.0,117.43455665068925
5479,152.0,130.03
14428,79.0,117.43455665068925
15080,121.0,117.43455665068925
23608,125.0,117.43455665068925
7979,144.0,117.43455665068925
9213,101.0,117.43455665068925
705,96.0,117.43455665068925
8335,131.0,128.96
1091,58.0,117.43455665068925
3347,154.0,117.43455665068925
18210,127.0,117.43455665068925
12717,138.0,117.43455665068925
20760,118.0,117.43455665068925
21641,127.0,117.43455665068925
13311,142.0,117.43455665068925
74,119.0,117.43455665068925
8047,67.0,117.43455665068925
22950,134.0,117.43455665068925
23527,125.0,117.43455665068925
7890,56.0,117.43455665068925
1032,147.0,139.25
9980,120.0,117.43455665068925
4974,121.0,117.43455665068925
801,121.0,131.5340558173251
9779,120.0,117.43455665068925
11052,157.0,117.43455665068925
12981,150.0,117.43455665068925
9735,107.0,135.08225392764595
9268,128.0,117.43455665068925
4666,154.0,148.58
8253,120.0,117.43455665068925
3449,150.0,117.43455665068925
8302,75.0,117.43455665068925
7186,135.0,117.43455665068925
22451,133.0,117.43455665068925
6546,90.0,147.84
22140,154.0,130.93
8698,106.0,117.43455665068925
23641,140.0,117.43455665068925
17143,94.0,117.43455665068925
1029,116.0,117.43455665068925
5275,134.0,117.43455665068925
19795,118.0,117.43455665068925
14860,153.0,117.43455665068925
18615,136.0,117.43455665068925
14417,130.0,117.43455665068925
410,129.0,117.43455665068925
13340,128.0,117.43455665068925
23474,91.0,117.43455665068925
212,150.0,117.43455665068925
19053,123.0,134.93
3677,123.0,117.43455665068925
5102,119.0,117.43455665068925
9237,65.0,117.43455665068925
4794,98.0,117.43455665068925
15814,157.0,149.08
12669,106.0,117.43455665068925
8858,140.0,117.43455665068925
17844,127.0,117.43455665068925
9797,67.0,117.43455665068925
19908,83.0,117.43455665068925
17568,137.0,117.43455665068925
4268,161.0,117.43455665068925
8887,145.0,144.33
6733,142.0,117.43455665068925
3283,128.0,117.43455665068925
17582,86.0,117.43455665068925
23744,91.0,117.43455665068925
2986,145.0,117.43455665068925
12629,126.0,117.43455665068925
20436,125.0,117.43455665068925
6473,141.0,117.43455665068925
21306,136.0,117.43455665068925
8985,70.0,117.43455665068925
17137,106.0,117.43455665068925
8425,121.0,117.43455665068925
12495,119.0,117.43455665068925
1484,83.0,117.43455665068925
22094,154.0,145.01
21743,107.0,117.43455665068925
1502,138.0,128.75
4787,71.0,117.43455665068925
15449,86.0,117.43455665068925
21777,128.0,117.43455665068925
15971,147.0,117.43455665068925
726,132.0,117.43455665068925
16333,82.0,117.43455665068925
9380,151.0,117.43455665068925
4174,116.0,117.43455665068925
18871,67.0,117.43455665068925
19309,87.0,117.43455665068925
3361,156.0,117.43455665068925
9458,68.0,117.43455665068925
23199,87.0,117.43455665068925
9145,129.0,117.43455665068925
17586,84.0,117.43455665068925
11077,117.0,117.43455665068925
15112,101.0,117.43455665068925
4517,134.0,117.43455665068925
5525,134.0,117.43455665068925
5438,134.0,117.43455665068925
7475,151.0,117.43455665068925
8578,100.0,117.43455665068925
19969,85.0,117.43455665068925
17916,115.0,117.43455665068925
15129,137.0,136.13
10397,141.0,117.43455665068925
3152,144.0,117.43455665068925
17837,119.0,117.43455665068925
1641,134.0,117.43455665068925
18584,111.0,117.43455665068925
1258,130.0,117.43455665068925
21878,144.0,117.43455665068925
14738,89.0,117.43455665068925
3384,162.0,117.43455665068925
13013,131.0,117.43455665068925
15052,128.0,122.99742867526804
2714,127.0,128.86
316,149.0,117.43455665068925
8498,141.0,117.43455665068925
23202,149.0,117.43455665068925
4094,146.0,135.14
17581,95.0,117.43455665068925
2638,84.0,117.43455665068925
17971,170.0,117.43455665068925
9643,120.0,128.13742867526804
18104,121.0,117.43455665068925
13665,138.0,133.51
7576,117.0,117.43455665068925
2142,82.0,117.43455665068925
11075,111.0,117.43455665068925
20070,105.0,140.5522831215971
8902,142.0,117.43455665068925
4087,139.0,117.43455665068925
9003,128.0,117.43455665068925
11287,87.0,117.43455665068925
6564,158.0,117.43455665068925
199,126.0,117.43455665068925
4248,133.0,117.43455665068925
5276,150.0,117.43455665068925
14610,135.0,117.43455665068925
23248,117.0,117.43455665068925
3192,83.0,117.43455665068925
18783,56.0,117.43455665068925
1448,71.0,117.43455665068925
15991,78.0,117.43455665068925
11911,89.0,117.43455665068925
14966,147.0,117.43455665068925
19094,76.0,117.43455665068925
3284,129.0,117.43455665068925
13872,104.0,117.43455665068925
1384,120.0,117.43455665068925
1911,124.0,117.43455665068925
3747,153.0,117.43455665068925
6765,125.0,117.43455665068925
16417,82.0,117.43455665068925
22480,126.0,117.43455665068925
20004,112.0,117.43455665068925
13158,150.0,117.43455665068925
1681,164.0,117.43455665068925
8276,78.0,117.43455665068925
13546,116.0,117.43455665068925
14512,122.0,117.43455665068925
22595,127.0,117.43455665068925
21771,126.0,117.43455665068925
14638,88.0,117.43455665068925
11702,136.0,117.43455665068925
13212,114.0,117.43455665068925
19314,82.0,117.43455665068925
22791,137.0,117.43455665068925
19459,116.0,117.43455665068925
11119,72.0,117.43455665068925
18275,79.0,117.43455665068925
21714,147.0,117.43455665068925
22761,138.0,117.43455665068925
1886,126.0,117.43455665068925
15464,150.0,117.43455665068925
13983,79.0,117.43455665068925
9703,129.0,117.43455665068925
21522,138.0,117.43455665068925
2999,113.0,117.43455665068925
19412,107.0,117.43455665068925
10715,70.0,117.43455665068925
17544,141.0,117.43455665068925
17886,69.0,117.43455665068925
8288,170.0,145.81
8880,156.0,117.43455665068925
4133,88.0,117.43455665068925
16314,102.0,117.43455665068925
6603,132.0,117.43455665068925
9258,158.0,147.21
21987,65.0,117.43455665068925
10781,142.0,117.43455665068925
8930,136.0,140.52
22150,126.0,117.43455665068925
137,152.0,117.43455665068925
23728,144.0,117.43455665068925
16065,93.0,117.43455665068925
1953,161.0,117.43455665068925
18999,121.0,117.43455665068925
18501,90.0,117.43455665068925
14255,88.0,117.43455665068925
18575,117.0,117.43455665068925
15674,154.0,117.43455665068925
11748,141.0,117.43455665068925
4426,122.0,117.43455665068925
6804,72.0,117.43455665068925
21135,126.0,117.43455665068925
302,83.0,117.43455665068925
4026,103.0,117.43455665068925
2356,137.0,117.43455665068925
23680,78.0,117.43455665068925
836,85.0,117.43455665068925
3199,97.0,117.43455665068925
17129,151.0,117.43455665068925
8983,65.0,117.43455665068925
265,103.0,117.43455665068925
526,141.0,117.43455665068925
9528,157.0,117.43455665068925
6700,102.0,117.43455665068925
22296,153.0,117.43455665068925
7272,143.0,117.43455665068925
7469,142.0,117.43455665068925
1757,112.0,117.43455665068925
8370,139.0,117.43455665068925
19002,100.0,117.43455665068925
10940,84.0,117.43455665068925
14121,125.0,133.94
2342,160.0,117.43455665068925
18778,69.0,117.43455665068925
17272,76.0,117.43455665068925
8414,149.0,144.94
4467,115.0,117.43455665068925
22912,133.0,117.43455665068925
15139,160.0,117.43455665068925
19186,69.0,117.43455665068925
16633,108.0,117.43455665068925
5374,77.0,117.43455665068925
5510,71.0,117.43455665068925
11221,126.0,117.43455665068925
13406,77.0,117.43455665068925
20828,107.0,117.43455665068925
2527,151.0,117.43455665068925
10522,120.0,117.43455665068925
16354,136.0,117.43455665068925
9371,108.0,117.43455665068925
5062,139.0,117.43455665068925
9927,77.0,117.43455665068925
9426,151.0,117.43455665068925
13236,136.0,117.43455665068925
11926,57.0,117.43455665068925
21997,150.0,117.43455665068925
17999,83.0,117.43455665068925
1089,57.0,117.43455665068925
11924,70.0,117.43455665068925
15434,152.0,117.43455665068925
23468,95.0,117.43455665068925
20532,110.0,117.43455665068925
12439,158.0,139.4
2338,131.0,117.43455665068925
9356,91.0,117.43455665068925
3570,109.0,117.43455665068925
10073,103.0,117.43455665068925
14805,155.0,117.43455665068925
13815,74.0,117.43455665068925
13514,97.0,117.43455665068925
14137,78.0,137.9371114600714
4182,140.0,117.43455665068925
3679,94.0,117.43455665068925
17156,140.0,117.43455665068925
12874,103.0,117.43455665068925
14658,90.0,117.43455665068925
15171,144.0,117.43455665068925
2413,128.0,117.43455665068925
3202,100.0,117.43455665068925
20658,73.0,117.43455665068925
18648,149.0,117.43455665068925
15146,143.0,117.43455665068925
15893,131.0,117.43455665068925
2370,69.0,117.43455665068925
4610,83.0,117.43455665068925
17875,78.0,117.43455665068925
23041,119.0,117.43455665068925
3737,161.0,117.43455665068925
13073,139.0,117.43455665068925
12442,128.0,117.43455665068925
13988,135.0,117.43455665068925
8468,141.0,117.43455665068925
20989,131.0,133.13
2481,109.0,117.43455665068925
17954,84.0,117.43455665068925
12189,112.0,117.43455665068925
10065,114.0,117.43455665068925
15489,134.0,134.77
8353,128.0,117.43455665068925
22567,154.0,117.43455665068925
3717,88.0,117.43455665068925
18533,81.0,117.43455665068925
20063,128.0,117.43455665068925
544,139.0,117.43455665068925
11321,130.0,117.43455665068925
4898,98.0,117.43455665068925
9889,73.0,117.43455665068925
13909,145.0,117.43455665068925
8789,66.0,117.43455665068925
12758,85.0,117.43455665068925
19283,128.0,117.43455665068925
22661,132.0,117.43455665068925
15976,144.0,117.43455665068925
10534,112.0,117.43455665068925
14076,61.0,117.43455665068925
20342,125.0,117.43455665068925
22258,117.0,117.43455665068925
9832,144.0,117.43455665068925
5873,129.0,117.43455665068925
10321,105.0,117.43455665068925
15702,122.0,117.43455665068925
22893,145.0,117.43455665068925
15532,107.0,117.43455665068925
14441,86.0,117.43455665068925
19623,70.0,117.43455665068925
18745,117.0,117.43455665068925
7449,163.0,128.70133115705477
6918,133.0,117.43455665068925
17924,126.0,117.43455665068925
11761,75.0,117.43455665068925
2586,165.0,117.43455665068925
4498,99.0,117.43455665068925
7247,147.0,117.43455665068925
14766,117.0,117.43455665068925
7075,101.0,117.43455665068925
12165,134.0,117.43455665068925
22818,151.0,117.43455665068925
5753,141.0,117.43455665068925
20229,147.0,117.43455665068925
23394,154.0,117.43455665068925
22965,129.0,117.43455665068925
20863,146.0,117.43455665068925
17266,85.0,117.43455665068925
13375,129.0,117.43455665068925
15511,142.0,117.43455665068925
19768,132.0,117.43455665068925
23800,136.0,117.43455665068925
5739,118.0,117.43455665068925
20795,103.0,117.43455665068925
10817,137.0,117.43455665068925
1123,91.0,117.43455665068925
19618,78.0,117.43455665068925
20472,101.0,117.43455665068925
147,152.0,117.43455665068925
3888,139.0,117.43455665068925
11754,148.0,117.43455665068925
6943,75.0,144.55
7284,123.0,117.43455665068925
4455,116.0,117.43455665068925
13403,72.0,117.43455665068925
683,123.0,117.43455665068925
563,111.0,117.43455665068925
11107,85.0,117.43455665068925
1586,96.0,117.43455665068925
17048,170.0,117.43455665068925
13555,116.0,117.43455665068925
14207,145.0,117.43455665068925
20972,114.0,117.43455665068925
5727,110.0,117.43455665068925
5473,134.0,117.43455665068925
23308,122.0,117.43455665068925
282,90.0,117.43455665068925
16033,93.0,117.43455665068925
16427,72.0,117.43455665068925
6635,81.0,117.43455665068925
17838,145.0,117.43455665068925
10000,93.0,117.43455665068925
14830,109.0,117.43455665068925
18537,82.0,117.43455665068925
2159,138.0,135.83
7789,153.0,117.43455665068925
13411,131.0,117.43455665068925
14751,116.0,117.43455665068925
11185,89.0,117.43455665068925
22836,82.0,117.43455665068925
20741,81.0,117.43455665068925
3926,158.0,146.27
4515,132.0,117.43455665068925
20525,106.0,117.43455665068925
3724,73.0,117.43455665068925
12404,109.0,117.43455665068925
2195,141.0,117.43455665068925
1618,100.0,117.43455665068925
12293,159.0,117.43455665068925
15226,83.0,117.43455665068925
7771,115.0,117.43455665068925
10403,140.0,117.43455665068925
6831,89.0,117.43455665068925
731,124.0,117.43455665068925
22825,137.0,117.43455665068925
18554,132.0,117.43455665068925
6692,83.0,117.43455665068925
19169,123.0,120.62308097312999
20441,136.0,117.43455665068925
10802,72.0,117.43455665068925
21966,131.0,117.43455665068925
21422,102.0,117.43455665068925
10784,58.0,117.43455665068925
15170,126.0,117.43455665068925
18577,123.0,117.43455665068925
23639,139.0,117.43455665068925
8567,148.0,117.43455665068925
9798,57.0,117.43455665068925
8511,113.0,117.43455665068925
1227,129.0,117.43455665068925
189,97.0,117.43455665068925
9276,104.0,117.43455665068925
223,130.0,117.43455665068925
5860,75.0,117.43455665068925
13740,145.0,117.43455665068925
2359,134.0,117.43455665068925
18512,131.0,117.43455665068925
13024,80.0,117.43455665068925
18377,147.0,117.43455665068925
13103,117.0,117.43455665068925
7125,123.0,117.43455665068925
9103,125.0,117.43455665068925
4342,162.0,117.43455665068925
8637,122.0,117.43455665068925
7889,65.0,117.43455665068925
1775,139.0,117.43455665068925
1430,60.0,117.43455665068925
21739,102.0,117.43455665068925
3262,125.0,117.43455665068925
11731,141.0,117.43455665068925
18961,84.0,117.43455665068925
5446,146.0,117.43455665068925
2027,154.0,136.72
10431,133.0,117.43455665068925
4385,156.0,132.48
12303,115.0,117.43455665068925
3221,79.0,117.43455665068925
13100,112.0,117.43455665068925
14902,69.0,117.43455665068925
18742,114.0,117.43455665068925
7096,133.0,117.43455665068925
5001,84.0,105.07
61,139.0,117.43455665068925
20022,78.0,117.43455665068925
12823,156.0,117.43455665068925
3955,136.0,117.43455665068925
7936,147.0,117.43455665068925
7866,114.0,117.43455665068925
8164,141.0,117.43455665068925
9978,148.0,117.43455665068925
22652,137.0,117.43455665068925
742,65.0,117.43455665068925
20354,147.0,117.43455665068925
7306,128.0,117.43455665068925
7761,118.0,117.43455665068925
15729,131.0,125.85225392764595
14105,147.0,151.47
20918,123.0,117.43455665068925
2650,121.0,117.43455665068925
23775,152.0,117.43455665068925
10307,64.0,117.43455665068925
1489,88.0,117.43455665068925
16265,136.0,117.43455665068925
12351,107.0,117.43455665068925
996,153.0,117.43455665068925
13984,81.0,117.43455665068925
18516,136.0,117.43455665068925
14330,129.0,122.30632559110946
5136,147.0,143.06
2501,114.0,117.43455665068925
12965,63.0,117.43455665068925
6520,156.0,117.43455665068925
20765,114.0,117.43455665068925
6440,153.0,117.43455665068925
9390,121.0,117.43455665068925
16943,134.0,117.43455665068925
14489,122.0,117.43455665068925
4144,157.0,117.43455665068925
23278,93.0,117.43455665068925
11763,72.0,117.43455665068925
16937,133.0,117.43455665068925
4741,134.0,117.43455665068925
7726,134.0,117.43455665068925
17892,132.0,117.43455665068925
1804,133.0,117.43455665068925
18985,106.0,117.43455665068925
5500,86.0,117.43455665068925
23666,125.0,117.43455665068925
5651,144.0,117.43455665068925
15579,139.0,117.43455665068925
22901,141.0,117.43455665068925
16331,92.0,117.43455665068925
15665,94.0,117.43455665068925
5588,113.0,117.43455665068925
11928,82.0,117.43455665068925
9847,135.0,117.43455665068925
23164,118.0,117.43455665068925
12784,125.0,117.43455665068925
15245,171.0,117.43455665068925
3102,82.0,117.43455665068925
23980,150.0,117.43455665068925
14812,138.0,117.43455665068925
14572,67.0,117.43455665068925
13541,138.0,117.43455665068925
7719,133.0,117.43455665068925
15691,136.0,117.43455665068925
2061,121.0,117.43455665068925
5039,134.0,117.43455665068925
6932,77.0,117.43455665068925
10464,171.0,117.43455665068925
18865,132.0,117.43455665068925
23904,112.0,117.43455665068925
16963,139.0,117.43455665068925
14636,98.0,117.43455665068925
4484,156.0,117.43455665068925
3244,139.0,117.43455665068925
13449,147.0,117.43455665068925
4196,128.0,117.43455665068925
18630,140.0,117.43455665068925
20447,138.0,117.43455665068925
7571,72.0,117.43455665068925
6905,73.0,117.43455665068925
23229,131.0,117.43455665068925
17614,141.0,138.46
4545,75.0,117.43455665068925
21266,140.0,117.43455665068925
4872,84.0,117.43455665068925
176,135.0,117.43455665068925
17003,138.0,117.43455665068925
769,125.0,117.43455665068925
13553,122.0,117.43455665068925
12751,104.0,117.43455665068925
5837,90.0,117.43455665068925
23262,120.0,117.43455665068925
18335,137.0,117.43455665068925
18773,141.0,117.43455665068925
7597,161.0,117.43455665068925
19990,80.0,117.43455665068925
16412,67.0,117.43455665068925
17396,125.0,130.53
4138,71.0,117.43455665068925
14134,76.0,117.43455665068925
7343,149.0,117.43455665068925
10937,89.0,117.43455665068925
1041,116.0,117.43455665068925
18967,81.0,117.43455665068925
13254,127.0,117.43455665068925
13761,108.0,117.43455665068925
9569,116.0,129.38
17620,132.0,117.43455665068925
23733,146.0,117.43455665068925
4900,106.0,117.43455665068925
20337,126.0,117.43455665068925
8359,154.0,117.43455665068925
19307,91.0,117.43455665068925
23091,151.0,117.43455665068925
7737,130.0,117.43455665068925
12579,110.0,117.43455665068925
5564,156.0,117.43455665068925
17500,141.0,117.43455665068925
13280,71.0,117.43455665068925
23947,141.0,117.43455665068925
7743,137.0,117.43455665068925
23272,156.0,117.43455665068925
13549,119.0,117.43455665068925
5687,76.0,117.43455665068925
19870,170.0,137.4
21011,143.0,117.43455665068925
9375,132.0,117.43455665068925
1401,147.0,145.01
21627,133.0,117.43455665068925
23793,150.0,117.43455665068925
9588,80.0,117.43455665068925
9994,122.0,117.43455665068925
15391,132.0,117.43455665068925
2234,95.0,117.43455665068925
3391,124.0,117.43455665068925
2324,120.0,137.20106486486486
4691,130.0,117.43455665068925
7993,143.0,117.43455665068925
21029,108.0,117.43455665068925
23901,135.0,117.43455665068925
18746,102.0,117.43455665068925
7199,101.0,117.43455665068925
1546,68.0,117.43455665068925
10914,89.0,117.43455665068925
613,66.0,117.43455665068925
2248,135.0,117.43455665068925
23633,142.0,117.43455665068925
5255,126.0,117.43455665068925
10068,110.0,117.43455665068925
23173,133.0,117.43455665068925
22468,162.0,117.43455665068925
11002,131.0,117.43455665068925
7180,148.0,117.43455665068925
22045,129.0,117.43455665068925
16043,135.0,117.43455665068925
15828,118.0,117.43455665068925
4957,127.0,117.43455665068925
20012,136.0,117.43455665068925
1146,152.0,117.43455665068925
23387,119.0,117.43455665068925
168,135.0,117.43455665068925
542,135.0,117.43455665068925
13387,139.0,117.43455665068925
7907,69.0,117.43455665068925
22047,132.0,117.43455665068925
23363,150.0,117.43455665068925
19605,147.0,130.57
3965,90.0,117.43455665068925
14264,156.0,140.07
293,147.0,117.43455665068925
4689,144.0,117.43455665068925
20632,92.0,117.43455665068925
22401,143.0,117.43455665068925
15535,109.0,117.43455665068925
3247,142.0,117.43455665068925
15205,139.0,117.43455665068925
20406,131.0,117.43455665068925
9669,120.0,117.43455665068925
23683,135.0,117.43455665068925
19853,72.0,117.43455665068925
332,108.0,117.43455665068925
18147,129.0,117.43455665068925
3574,133.0,117.43455665068925
21491,146.0,117.43455665068925
10194,135.0,117.43455665068925
13125,104.0,117.43455665068925
23966,133.0,117.43455665068925
21285,116.0,147.73
12108,131.0,117.43455665068925
15865,117.0,117.43455665068925
7410,160.0,117.43455665068925
21749,149.0,117.43455665068925
17745,111.0,117.43455665068925
2683,148.0,117.43455665068925
19709,146.0,139.29
23324,131.0,117.43455665068925
3681,87.0,117.43455665068925
22494,118.0,117.43455665068925
21293,159.0,117.43455665068925
5379,73.0,117.43455665068925
14193,138.0,117.43455665068925
517,95.0,117.43455665068925
10146,134.0,117.43455665068925
1178,115.0,117.43455665068925
23085,170.0,117.43455665068925
23058,121.0,117.43455665068925
21485,121.0,128.47770890473578
10806,82.0,117.43455665068925
3833,118.0,117.43455665068925
5104,118.0,117.43455665068925
12312,142.0,117.43455665068925
11102,99.0,117.43455665068925
7400,116.0,117.43455665068925
17852,147.0,117.43455665068925
22780,140.0,117.43455665068925
21040,101.0,117.43455665068925
7955,126.0,117.43455665068925
13796,126.0,117.43455665068925
20597,135.0,117.43455665068925
14585,116.0,117.43455665068925
7398,124.0,117.43455665068925
18246,121.0,117.43455665068925
15780,64.0,117.43455665068925
20157,66.0,117.43455665068925
5249,103.0,117.43455665068925
11012,141.0,117.43455665068925
17773,141.0,117.43455665068925
12880,104.0,117.43455665068925
1646,147.0,117.43455665068925
13265,109.0,117.43455665068925
4336,132.0,122.55
12141,158.0,117.43455665068925
20323,133.0,117.43455665068925
2886,123.0,117.43455665068925
18593,161.0,117.43455665068925
2810,94.0,117.43455665068925
20320,114.0,117.43455665068925
23510,127.0,117.43455665068925
8185,96.0,117.43455665068925
3106,83.0,117.43455665068925
10900,110.0,117.43455665068925
6760,155.0,117.43455665068925
19980,75.0,117.43455665068925
8657,113.0,117.43455665068925
11919,80.0,117.43455665068925
23607,131.0,117.43455665068925
8816,133.0,117.43455665068925
3539,62.0,117.43455665068925
18011,105.0,117.43455665068925
10764,101.0,117.43455665068925
16740,106.0,117.43455665068925
22282,152.0,117.43455665068925
22326,77.0,117.43455665068925
3344,115.0,117.43455665068925
20581,153.0,117.43455665068925
243,140.0,117.43455665068925
14931,99.0,129.47
5207,109.0,117.43455665068925
2654,113.0,117.43455665068925
20024,82.0,117.43455665068925
8158,139.0,148.65
16123,147.0,117.43455665068925
2486,99.0,117.43455665068925
18272,80.0,117.43455665068925
7154,137.0,117.43455665068925
3640,139.0,117.43455665068925
17167,120.0,117.43455665068925
553,119.0,117.43455665068925
7023,66.0,117.43455665068925
19011,77.0,117.43455665068925
5074,82.0,117.43455665068925
6786,69.0,117.43455665068925
11726,142.0,117.43455665068925
16931,157.0,117.43455665068925
21724,80.0,117.43455665068925
115,148.0,117.43455665068925
5480,132.0,117.43455665068925
8927,136.0,117.43455665068925
17749,113.0,117.43455665068925
4450,122.0,117.43455665068925
22338,118.0,117.43455665068925
524,143.0,117.43455665068925
8182,113.0,117.43455665068925
14496,108.0,117.43455665068925
23397,161.0,117.43455665068925
17189,147.0,117.43455665068925
6652,114.0,117.43455665068925
13588,124.0,117.43455665068925
22881,137.0,117.43455665068925
8262,119.0,117.43455665068925
13040,77.0,117.43455665068925
13275,81.0,117.43455665068925
14628,106.0,117.43455665068925
7517,136.0,117.43455665068925
16016,72.0,117.43455665068925
23768,174.0,117.43455665068925
21835,93.0,117.43455665068925
5638,157.0,117.43455665068925
2568,132.0,100.53
12174,107.0,117.43455665068925
17695,145.0,117.43455665068925
3658,148.0,117.43455665068925
14448,134.0,131.7
3132,142.0,148.97
10427,110.0,117.43455665068925
23410,129.0,117.43455665068925
3899,145.0,117.43455665068925
16969,108.0,117.43455665068925
12162,114.0,117.43455665068925
4141,157.0,140.38
14243,103.0,117.43455665068925
19155,81.0,117.43455665068925
12741,137.0,117.43455665068925
7565,91.0,117.43455665068925
23135,92.0,117.43455665068925
15773,59.0,117.43455665068925
1603,122.0,117.43455665068925
22478,131.0,117.43455665068925
1408,134.0,117.43455665068925
7834,117.0,117.43455665068925
22957,161.0,117.43455665068925
459,100.0,117.43455665068925
4965,129.0,117.43455665068925
17159,159.0,117.43455665068925
270,111.0,117.43455665068925
23390,109.0,117.43455665068925
7744,125.0,132.28
23654,150.0,117.43455665068925
17703,129.0,117.43455665068925
9522,157.0,117.43455665068925
5201,114.0,117.43455665068925
7086,125.0,117.43455665068925
22057,91.0,117.43455665068925
14316,128.0,117.43455665068925
8769,120.0,117.43455665068925
23292,134.0,117.43455665068925
5616,158.0,117.43455665068925
8965,161.0,143.0022831215971
2979,91.0,117.43455665068925
6628,106.0,117.43455665068925
22197,130.0,117.43455665068925
1730,152.0,136.03
4677,80.0,117.43455665068925
5301,82.0,117.43455665068925
4346,162.0,134.81
14358,122.0,117.43455665068925
1907,98.0,117.43455665068925
3028,106.0,117.43455665068925
23113,120.0,117.43455665068925
12060,135.0,117.43455665068925
12525,111.0,117.43455665068925
13148,97.0,117.43455665068925
20146,85.0,117.43455665068925
1558,129.0,117.43455665068925
3060,132.0,117.43455665068925
16085,118.0,117.43455665068925
17571,132.0,117.43455665068925
4878,78.0,117.43455665068925
8754,112.0,117.43455665068925
6535,149.0,117.43455665068925
1515,136.0,117.43455665068925
12869,86.0,117.43455665068925
22433,115.0,117.43455665068925
9960,159.0,117.43455665068925
7671,117.0,117.43455665068925
23065,141.0,117.43455665068925
22291,139.0,122.48
17649,116.0,117.43455665068925
13215,105.0,117.43455665068925
15500,122.0,117.43455665068925
8732,78.0,117.43455665068925
6633,110.0,117.43455665068925
12790,136.0,117.43455665068925
13940,111.0,117.43455665068925
21653,130.0,117.43455665068925
17677,146.0,117.43455665068925
17921,130.0,117.43455665068925
1290,137.0,117.43455665068925
5119,89.0,117.43455665068925
496,82.0,117.43455665068925
16374,98.0,117.43455665068925
5011,68.0,117.43455665068925
18358,78.0,117.43455665068925
10628,129.0,117.43455665068925
23499,133.0,117.43455665068925
19373,98.0,117.43455665068925
17438,103.0,117.43455665068925
8261,122.0,117.43455665068925
17975,168.0,117.43455665068925
16069,89.0,117.43455665068925
14619,132.0,117.43455665068925
1878,144.0,138.03
15616,81.0,117.43455665068925
20411,105.0,117.43455665068925
19594,135.0,117.43455665068925
18543,68.0,117.43455665068925
5271,133.0,117.43455665068925
4058,131.0,117.43455665068925
22932,130.0,117.43455665068925
1737,114.0,117.43455665068925
10289,118.0,117.43455665068925
17041,101.0,117.43455665068925
19587,117.0,117.43455665068925
7911,69.0,117.43455665068925
15436,147.0,117.43455665068925
17588,86.0,117.43455665068925
19762,159.0,117.43455665068925
3123,111.0,117.43455665068925
18006,113.0,117.43455665068925
10129,132.0,126.88
13667,156.0,117.43455665068925
10562,145.0,117.43455665068925
18940,86.0,117.43455665068925
11845,95.0,117.43455665068925
21078,151.0,117.43455665068925
15847,145.0,137.34
7708,138.0,117.43455665068925
7912,69.0,117.43455665068925
1505,143.0,149.61
13281,71.0,117.43455665068925
14324,130.0,132.91809263311453
2908,143.0,117.43455665068925
20728,107.0,117.43455665068925
20095,71.0,117.43455665068925
8589,75.0,117.43455665068925
8911,88.0,117.43455665068925
16083,125.0,117.43455665068925
4776,124.0,117.43455665068925
1492,119.0,117.43455665068925
22327,73.0,117.43455665068925
10043,138.0,117.43455665068925
19905,88.0,117.43455665068925
4795,140.0,117.43455665068925
14096,161.0,117.43455665068925
778,153.0,117.43455665068925
22941,153.0,117.43455665068925
18552,134.0,117.43455665068925
6945,76.0,117.43455665068925
18789,68.0,117.43455665068925
2680,137.0,117.43455665068925
2401,83.0,117.43455665068925
14908,141.0,117.43455665068925
17699,119.0,117.43455665068925
15103,112.0,117.43455665068925
9039,159.0,117.43455665068925
3607,127.0,117.43455665068925
8668,133.0,117.43455665068925
19215,147.0,138.61
9651,91.0,117.43455665068925
4971,116.0,117.43455665068925
722,154.0,117.43455665068925
5850,83.0,117.43455665068925
21536,113.0,117.43455665068925
51,159.0,117.43455665068925
5043,135.0,127.90405581732512
13201,65.0,117.43455665068925
13205,74.0,117.43455665068925
21224,120.0,117.43455665068925
7823,96.0,117.43455665068925
11721,144.0,117.43455665068925
2717,153.0,149.05
4964,126.0,117.43455665068925
10228,116.0,135.01
4754,143.0,117.43455665068925
18759,89.0,117.43455665068925
23711,116.0,117.43455665068925
14153,113.0,117.43455665068925
23576,108.0,117.43455665068925
10469,144.0,117.43455665068925
16086,113.0,117.43455665068925
18124,150.0,135.48
10398,118.0,134.52
21756,124.0,117.43455665068925
1773,132.0,117.43455665068925
192,88.0,117.43455665068925
2152,148.0,148.19
17171,108.0,117.43455665068925
10036,109.0,117.43455665068925
5509,71.0,117.43455665068925
16382,140.0,117.43455665068925
3098,76.0,117.43455665068925
8392,135.0,117.43455665068925
16422,77.0,117.43455665068925
305,79.0,117.43455665068925
11092,90.0,117.43455665068925
22970,129.0,117.43455665068925
7645,150.0,117.43455665068925
22966,158.0,117.43455665068925
2708,122.0,117.43455665068925
23261,138.0,117.43455665068925
14296,137.0,117.43455665068925
495,72.0,117.43455665068925
15724,133.0,117.43455665068925
15445,150.0,141.53
15390,130.0,117.43455665068925
20194,110.0,117.43455665068925
19890,148.0,139.38
7943,153.0,142.48
1986,141.0,117.43455665068925
10218,98.0,117.43455665068925
4412,129.0,117.43455665068925
13689,118.0,117.43455665068925
2201,81.0,117.43455665068925
1367,109.0,117.43455665068925
11941,122.0,117.43455665068925
2251,152.0,117.43455665068925
1547,146.0,117.43455665068925
23573,113.0,117.43455665068925
14874,98.0,117.43455665068925
13160,118.0,117.43455665068925
5779,124.0,134.05
1434,69.0,117.43455665068925
15640,141.0,139.08466064981948
17361,104.0,117.43455665068925
22213,120.0,117.43455665068925
10673,125.0,129.79
1924,123.0,126.2
14059,63.0,117.43455665068925
5552,119.0,117.43455665068925
20646,64.0,117.43455665068925
19253,157.0,139.37
13962,122.0,117.43455665068925
407,76.0,117.43455665068925
13759,127.0,117.43455665068925
15792,170.0,117.43455665068925
16127,70.0,117.43455665068925
5451,114.0,117.43455665068925
23131,111.0,117.43455665068925
5846,118.0,117.43455665068925
2022,139.0,117.43455665068925
21443,160.0,117.43455665068925
13273,81.0,117.43455665068925
19081,129.0,117.43455665068925
6645,132.0,117.43455665068925
14005,106.0,117.43455665068925
5471,173.0,117.43455665068925
4452,118.0,117.43455665068925
2390,105.0,117.43455665068925
10085,81.0,117.43455665068925
14283,128.0,117.43455665068925
10315,104.0,117.43455665068925
20913,143.0,117.43455665068925
299,71.0,117.43455665068925
10088,85.0,117.43455665068925
5643,158.0,117.43455665068925
15983,79.0,117.43455665068925
23152,134.0,117.43455665068925
3285,126.0,117.43455665068925
20234,150.0,117.43455665068925
4528,161.0,117.43455665068925
7093,146.0,117.43455665068925
9115,162.0,117.43455665068925
17670,128.0,117.43455665068925
3807,123.0,117.43455665068925
4879,76.0,117.43455665068925
2414,125.0,117.43455665068925
7843,98.0,117.43455665068925
13600,152.0,117.43455665068925
19910,78.0,117.43455665068925
15343,91.0,117.43455665068925
22470,120.0,117.43455665068925
3197,94.0,117.43455665068925
18755,111.0,117.43455665068925
2382,149.0,117.43455665068925
1130,142.0,117.43455665068925
9753,117.0,148.34
11745,149.0,117.43455665068925
11695,149.0,117.43455665068925
8992,72.0,117.43455665068925
10257,138.0,117.43455665068925
10045,128.0,125.42
14661,81.0,117.43455665068925
1826,93.0,117.43455665068925
23414,109.0,117.43455665068925
17976,169.0,117.43455665068925
19424,116.0,117.43455665068925
3265,129.0,117.43455665068925
8494,153.0,117.43455665068925
20543,152.0,117.43455665068925
15595,89.0,117.43455665068925
4929,140.0,117.43455665068925
5176,129.0,117.43455665068925
19808,160.0,138.67
16734,130.0,117.43455665068925
5683,88.0,117.43455665068925
3537,67.0,117.43455665068925
8130,141.0,117.43455665068925
21905,135.0,117.43455665068925
16421,61.0,117.43455665068925
11177,159.0,117.43455665068925
2603,157.0,117.43455665068925
4504,128.0,135.21
20156,67.0,117.43455665068925
23391,131.0,117.43455665068925
4790,138.0,133.58
18356,70.0,117.43455665068925
13515,98.0,117.43455665068925
16574,158.0,145.95
10115,112.0,117.43455665068925
1215,140.0,131.97
15502,125.0,117.43455665068925
23597,88.0,117.43455665068925
5482,153.0,117.43455665068925
20371,145.0,117.43455665068925
4531,134.0,117.43455665068925
11114,85.0,117.43455665068925
13132,95.0,117.43455665068925
9450,81.0,117.43455665068925
15668,143.0,149.96
8387,135.0,117.43455665068925
14302,129.0,117.43455665068925
23485,131.0,117.43455665068925
15357,143.0,117.43455665068925
15637,131.0,135.78
18954,160.0,151.3
12340,137.0,117.43455665068925
20236,146.0,117.43455665068925
14885,73.0,117.43455665068925
19219,160.0,117.43455665068925
14064,82.0,117.43455665068925
23882,83.0,117.43455665068925
1781,133.0,127.0922831215971
16140,129.0,117.43455665068925
9630,103.0,117.43455665068925
4109,120.0,117.43455665068925
534,69.0,136.22308097312998
12744,125.0,117.43455665068925
8953,139.0,117.43455665068925
23491,155.0,117.43455665068925
21338,133.0,117.43455665068925
12176,118.0,117.43455665068925
23973,163.0,117.43455665068925
7567,80.0,117.43455665068925
18945,90.0,117.43455665068925
10704,150.0,117.43455665068925
19337,129.0,117.43455665068925
20563,82.0,117.43455665068925
23602,134.0,117.43455665068925
3233,150.0,117.43455665068925
1054,145.0,117.43455665068925
19130,109.0,117.43455665068925
6470,129.0,117.43455665068925
13814,78.0,117.43455665068925
14209,80.0,117.43455665068925
3680,88.0,117.43455665068925
20821,101.0,117.43455665068925
1060,127.0,117.43455665068925
5141,133.0,117.43455665068925
12970,65.0,117.43455665068925
14222,71.0,117.43455665068925
20876,106.0,117.43455665068925
18760,81.0,117.43455665068925
21604,134.0,137.17
8503,114.0,117.43455665068925
13537,148.0,117.43455665068925
10941,89.0,117.43455665068925
644,150.0,117.43455665068925
2369,80.0,117.43455665068925
5912,136.0,139.64
2498,130.0,117.43455665068925
283,87.0,117.43455665068925
2326,150.0,117.43455665068925
17223,74.0,117.43455665068925
10483,133.0,117.43455665068925
22295,152.0,117.43455665068925
16106,141.0,117.43455665068925
612,56.0,117.43455665068925
17412,143.0,117.43455665068925
10318,110.0,117.43455665068925
3436,70.0,117.43455665068925
1783,159.0,138.7
23740,154.0,117.43455665068925
4986,122.0,123.76814388393842
9806,75.0,117.43455665068925
16661,120.0,117.43455665068925
16464,92.0,117.43455665068925
16999,134.0,117.43455665068925
20339,135.0,117.43455665068925
22463,139.0,117.43455665068925
14876,83.0,117.43455665068925
19204,143.0,117.43455665068925
16060,146.0,117.43455665068925
22511,128.0,117.43455665068925
20762,101.0,117.43455665068925
2926,159.0,117.43455665068925
14464,93.0,117.43455665068925
22550,83.0,117.43455665068925
4352,117.0,117.43455665068925
23465,148.0,117.43455665068925
23634,100.0,117.43455665068925
18679,128.0,117.43455665068925
23856,158.0,117.43455665068925
14458,125.0,117.43455665068925
23876,88.0,117.43455665068925
16424,71.0,117.43455665068925
20986,134.0,117.43455665068925
2014,113.0,117.43455665068925
23005,97.0,117.43455665068925
17743,112.0,117.43455665068925
4391,129.0,117.43455665068925
1520,142.0,136.99
7845,103.0,117.43455665068925
14901,75.0,117.43455665068925
17800,77.0,117.43455665068925
4502,126.0,131.02
8251,113.0,117.43455665068925
12483,134.0,117.43455665068925
3219,73.0,117.43455665068925
13675,132.0,117.43455665068925
910,130.0,117.43455665068925
1791,135.0,117.43455665068925
7704,141.0,117.43455665068925
13005,110.0,117.43455665068925
14166,143.0,117.43455665068925
22789,116.0,117.43455665068925
9687,127.0,117.43455665068925
16519,105.0,117.43455665068925
9716,63.0,117.43455665068925
13284,66.0,117.43455665068925
6518,140.0,117.43455665068925
5018,71.0,117.43455665068925
21153,161.0,151.36
23888,136.0,117.43455665068925
8224,105.0,117.43455665068925
20105,118.0,117.43455665068925
6619,141.0,123.91
23513,149.0,117.43455665068925
12545,147.0,117.43455665068925
22573,159.0,117.43455665068925
22698,118.0,117.43455665068925
20688,161.0,147.71
11116,82.0,117.43455665068925
15167,124.0,127.76
2213,158.0,117.43455665068925
14530,79.0,117.43455665068925
15117,88.0,117.43455665068925
21670,102.0,124.67
16855,82.0,117.43455665068925
7191,129.0,117.43455665068925
16443,127.0,117.43455665068925
2574,117.0,117.43455665068925
14734,95.0,117.43455665068925
6805,75.0,117.43455665068925
1789,130.0,117.43455665068925
3187,157.0,117.43455665068925
782,148.0,117.43455665068925
11294,80.0,117.43455665068925
944,93.0,117.43455665068925
19472,104.0,117.43455665068925
4768,108.0,117.43455665068925
19131,94.0,117.43455665068925
15003,145.0,117.43455665068925
312,125.0,117.43455665068925
14518,132.0,117.43455665068925
4008,167.0,117.43455665068925
23447,132.0,117.43455665068925
23600,151.0,117.43455665068925
16466,101.0,117.43455665068925
20890,63.0,117.43455665068925
18407,73.0,117.43455665068925
11230,125.0,134.05632559110944
14119,134.0,137.85
23380,160.0,117.43455665068925
1118,81.0,117.43455665068925
21996,67.0,117.43455665068925
6558,88.0,117.43455665068925
18814,129.0,117.43455665068925
2149,81.0,117.43455665068925
18527,72.0,117.43455665068925
13058,148.0,117.43455665068925
14476,157.0,117.43455665068925
5204,111.0,117.43455665068925
22329,72.0,117.43455665068925
22004,126.0,117.43455665068925
23046,155.0,117.43455665068925
23526,140.0,117.43455665068925
19188,67.0,117.43455665068925
10463,161.0,117.43455665068925
3693,146.0,117.43455665068925
17417,160.0,117.43455665068925
19528,134.0,117.43455665068925
6691,85.0,117.43455665068925
7802,144.0,117.43455665068925
17662,159.0,117.43455665068925
12333,163.0,117.43455665068925
13008,112.0,117.43455665068925
20478,147.0,117.43455665068925
277,87.0,117.43455665068925
18149,133.0,117.43455665068925
8550,118.0,117.43455665068925
14072,74.0,117.43455665068925
20252,134.0,117.43455665068925
17774,126.0,117.43455665068925
1339,103.0,117.43455665068925
13756,127.0,117.43455665068925
19006,116.0,117.43455665068925
9886,79.0,117.43455665068925
20662,64.0,117.43455665068925
15471,93.0,117.43455665068925
20906,148.0,117.43455665068925
18130,163.0,149.95
16431,71.0,117.43455665068925
21436,106.0,117.43455665068925
5787,148.0,117.43455665068925
23032,132.0,117.43455665068925
10303,59.0,117.43455665068925
3598,112.0,149.93
8795,70.0,117.43455665068925
13533,85.0,117.43455665068925
4473,153.0,117.43455665068925
19886,118.0,117.43455665068925
5393,96.0,117.43455665068925
13432,104.0,117.43455665068925
16830,122.0,117.43455665068925
19726,111.0,117.43455665068925
13270,82.0,98.86
19005,116.0,117.43455665068925
23668,125.0,117.43455665068925
19018,67.0,117.43455665068925
13439,154.0,136.0
21752,123.0,117.43455665068925
1198,173.0,146.28
23189,119.0,117.43455665068925
20134,127.0,138.0
9709,83.0,117.43455665068925
13683,132.0,117.43455665068925
4356,117.0,117.43455665068925
16951,140.0,117.43455665068925
20421,90.0,117.43455665068925
19177,143.0,117.43455665068925
21147,162.0,117.43455665068925
8706,85.0,117.43455665068925
13607,121.0,117.43455665068925
15326,127.0,132.36
2532,128.0,117.43455665068925
14379,110.0,117.43455665068925
23678,152.0,117.43455665068925
4885,141.0,117.43455665068925
15224,88.0,117.43455665068925
23039,125.0,117.43455665068925
11267,127.0,127.75501049097356
4941,88.0,117.43455665068925
11705,137.0,117.43455665068925
23347,119.0,117.43455665068925
22764,119.0,117.43455665068925
2855,113.0,117.43455665068925
1051,132.0,117.43455665068925
8871,128.0,117.43455665068925
21780,125.0,117.43455665068925
21169,137.0,117.43455665068925
18670,133.0,117.43455665068925
8171,71.0,117.43455665068925
22911,122.0,117.43455665068925
11339,126.0,117.43455665068925
5827,119.0,117.43455665068925
728,132.0,117.43455665068925
10669,65.0,117.43455665068925
5080,90.0,117.43455665068925
17768,141.0,117.43455665068925
3365,161.0,117.43455665068925
14891,60.0,117.43455665068925
3503,134.0,117.43455665068925
8401,128.0,117.43455665068925
11932,142.0,117.43455665068925
8893,145.0,117.43455665068925
4435,131.0,133.01
9475,130.0,117.43455665068925
9583,81.0,117.43455665068925
5094,143.0,133.21
7679,102.0,117.43455665068925
11249,72.0,117.43455665068925
18948,81.0,117.43455665068925
8677,140.0,117.43455665068925
11260,104.0,117.43455665068925
19765,133.0,117.43455665068925
7428,118.0,117.43455665068925
840,82.0,117.43455665068925
0,143.0,131.81
18224,75.0,117.43455665068925
18398,72.0,117.43455665068925
2591,84.0,117.43455665068925
45,138.0,117.43455665068925
11912,84.0,104.83
19126,126.0,125.0
11108,61.0,117.43455665068925
27,151.0,117.43455665068925
20081,151.0,117.43455665068925
18362,157.0,117.43455665068925
3237,141.0,117.43455665068925
16508,124.0,117.43455665068925
18687,134.0,130.98
22859,153.0,117.43455665068925
9809,72.0,117.43455665068925
10992,153.0,117.43455665068925
1103,75.0,117.43455665068925
387,79.0,117.43455665068925
6784,69.0,117.43455665068925
8522,79.0,117.43455665068925
3403,148.0,117.43455665068925
22389,164.0,117.43455665068925
6509,124.0,117.43455665068925
4135,79.0,117.43455665068925
2017,139.0,135.98
23820,160.0,117.43455665068925
18341,136.0,134.59
22602,141.0,117.43455665068925
23884,82.0,117.43455665068925
16935,136.0,117.43455665068925
6161,133.0,117.43455665068925
5464,84.0,117.43455665068925
21063,107.0,117.43455665068925
2748,79.0,117.43455665068925
17526,148.0,117.43455665068925
21979,129.0,137.07
23702,135.0,117.43455665068925
14083,82.0,117.43455665068925
607,62.0,117.43455665068925
14247,94.0,117.43455665068925
1324,156.0,117.43455665068925
4896,89.0,117.43455665068925
22310,135.0,117.43455665068925
17035,151.0,117.43455665068925
1388,113.0,117.43455665068925
8674,145.0,117.43455665068925
16158,128.0,117.43455665068925
17911,149.0,117.43455665068925
8229,92.0,117.43455665068925
3470,123.0,117.43455665068925
17422,148.0,117.43455665068925
15366,145.0,117.43455665068925
13612,144.0,117.43455665068925
16429,67.0,117.43455665068925
4555,128.0,117.43455665068925
3727,123.0,117.43455665068925
23858,150.0,117.43455665068925
1962,115.0,117.43455665068925
23548,122.0,117.43455665068925
13253,128.0,117.43455665068925
3817,119.0,117.43455665068925
19817,88.0,117.43455665068925
8727,84.0,117.43455665068925
7902,57.0,117.43455665068925
15970,164.0,117.43455665068925
16556,139.0,117.43455665068925
10370,131.0,117.43455665068925
16258,140.0,117.43455665068925
3622,123.0,117.43455665068925
23070,162.0,117.43455665068925
11899,135.0,117.43455665068925
19458,105.0,117.43455665068925
15950,151.0,117.43455665068925
22203,129.0,130.26
16660,115.0,117.43455665068925
14250,65.0,117.43455665068925
23803,132.0,117.43455665068925
23717,145.0,117.43455665068925
22642,139.0,117.43455665068925
4783,167.0,153.24
2793,141.0,137.15
22942,158.0,117.43455665068925
18642,129.0,138.95
8295,83.0,117.43455665068925
12665,116.0,117.43455665068925
11309,155.0,117.43455665068925
15465,159.0,117.43455665068925
13044,143.0,117.43455665068925
17720,131.0,117.43455665068925
15185,136.0,117.43455665068925
14148,92.0,117.43455665068925
22613,130.0,117.43455665068925
7328,153.0,117.43455665068925
4563,110.0,117.43455665068925
7035,103.0,117.43455665068925
22792,86.0,117.43455665068925
8179,72.0,117.43455665068925
16430,72.0,117.43455665068925
21128,157.0,148.4194025553356
810,69.0,117.43455665068925
11877,141.0,117.43455665068925
12464,106.0,117.43455665068925
700,66.0,117.43455665068925
848,122.0,117.43455665068925
333,102.0,117.43455665068925
13517,95.0,117.43455665068925
3841,93.0,117.43455665068925
7967,146.0,117.43455665068925
14893,63.0,117.43455665068925
23357,125.0,117.43455665068925
19846,59.0,117.43455665068925
13247,138.0,144.98
17233,80.0,117.43455665068925
18002,86.0,117.43455665068925
14049,113.0,117.43455665068925
3786,138.0,117.43455665068925
8314,136.0,117.43455665068925
5283,158.0,117.43455665068925
14388,130.0,117.43455665068925
4542,114.0,117.43455665068925
5219,139.0,117.43455665068925
10519,135.0,117.43455665068925
1210,154.0,117.43455665068925
6897,80.0,117.43455665068925
2389,110.0,117.43455665068925
927,150.0,117.43455665068925
18020,148.0,117.43455665068925
23525,126.0,117.43455665068925
573,66.0,117.43455665068925
15176,152.0,117.43455665068925
3753,142.0,117.43455665068925
6477,136.0,117.43455665068925
10692,137.0,117.43455665068925
22380,143.0,117.43455665068925
18344,137.0,117.43455665068925
1607,114.0,117.43455665068925
18202,127.0,117.43455665068925
11713,127.0,117.43455665068925
8091,97.0,117.43455665068925
12039,138.0,117.43455665068925
16243,144.0,117.43455665068925
14729,133.0,117.43455665068925
22729,135.0,117.43455665068925
2137,73.0,117.43455665068925
16276,135.0,117.43455665068925
10015,63.0,117.43455665068925
21577,113.0,127.78729974628487
13405,76.0,117.43455665068925
19300,106.0,117.43455665068925
22693,146.0,117.43455665068925
8512,108.0,117.43455665068925
19413,157.0,131.48
3723,73.0,117.43455665068925
15583,90.0,117.43455665068925
13950,131.0,117.43455665068925
681,129.0,117.43455665068925
21656,137.0,117.43455665068925
18909,160.0,117.43455665068925
1350,78.0,117.43455665068925
1622,92.0,117.43455665068925
16447,150.0,135.51
5668,143.0,117.43455665068925
14483,161.0,117.43455665068925
14041,66.0,117.43455665068925
1626,100.0,117.43455665068925
16688,126.0,117.43455665068925
13525,110.0,117.43455665068925
14611,120.0,117.43455665068925
9071,116.0,117.43455665068925
21912,135.0,117.43455665068925
