,y_test,prediction
22868,167.0,117.4600098718501
3180,154.0,117.4600098718501
9565,144.0,117.4600098718501
4565,121.0,117.4600098718501
1456,151.0,117.4600098718501
20385,149.0,117.4600098718501
20471,102.0,117.4600098718501
16376,107.0,117.4600098718501
9824,96.0,117.4600098718501
1304,81.0,117.4600098718501
2446,89.0,117.4600098718501
9506,133.0,117.4600098718501
23359,138.0,117.4600098718501
22039,128.0,117.4600098718501
7159,133.0,117.4600098718501
8146,133.0,117.4600098718501
15344,93.0,117.4600098718501
4618,130.0,137.44283246099462
7357,135.0,117.4600098718501
7561,94.0,117.4600098718501
22648,126.0,117.4600098718501
10198,136.0,129.64109787794038
3297,156.0,117.4600098718501
8127,144.0,117.4600098718501
8429,114.0,117.4600098718501
15240,138.0,143.51772761835127
19702,112.0,117.4600098718501
10918,94.0,117.4600098718501
13112,60.0,117.4600098718501
5479,152.0,131.4857710681548
14428,79.0,117.4600098718501
15080,121.0,117.4600098718501
23608,125.0,117.4600098718501
7979,144.0,117.4600098718501
9213,101.0,117.4600098718501
705,96.0,117.4600098718501
8335,131.0,129.88221542991698
1091,58.0,117.4600098718501
3347,154.0,117.4600098718501
18210,127.0,117.4600098718501
12717,138.0,117.4600098718501
20760,118.0,117.4600098718501
21641,127.0,117.4600098718501
13311,142.0,117.4600098718501
74,119.0,117.4600098718501
8047,67.0,117.4600098718501
22950,134.0,117.4600098718501
23527,125.0,117.4600098718501
7890,56.0,117.4600098718501
1032,147.0,133.0378808096551
9980,120.0,117.4600098718501
4974,121.0,117.4600098718501
801,121.0,127.14498691986901
9779,120.0,117.4600098718501
11052,157.0,117.4600098718501
12981,150.0,117.4600098718501
9735,107.0,134.975549763059
9268,128.0,117.4600098718501
4666,154.0,151.33931691703285
8253,120.0,117.4600098718501
3449,150.0,117.4600098718501
8302,75.0,117.4600098718501
7186,135.0,117.4600098718501
22451,133.0,117.4600098718501
6546,90.0,135.4906544490614
22140,154.0,139.15430095935344
8698,106.0,117.4600098718501
23641,140.0,117.4600098718501
17143,94.0,117.4600098718501
1029,116.0,117.4600098718501
5275,134.0,117.4600098718501
19795,118.0,117.4600098718501
14860,153.0,117.4600098718501
18615,136.0,117.4600098718501
14417,130.0,117.4600098718501
410,129.0,117.4600098718501
13340,128.0,117.4600098718501
23474,91.0,117.4600098718501
212,150.0,117.4600098718501
19053,123.0,135.36795346314253
3677,123.0,117.4600098718501
5102,119.0,117.4600098718501
9237,65.0,117.4600098718501
4794,98.0,117.4600098718501
15814,157.0,141.7113683977459
12669,106.0,117.4600098718501
8858,140.0,117.4600098718501
17844,127.0,117.4600098718501
9797,67.0,117.4600098718501
19908,83.0,117.4600098718501
17568,137.0,117.4600098718501
4268,161.0,117.4600098718501
8887,145.0,146.61751030541893
6733,142.0,117.4600098718501
3283,128.0,117.4600098718501
17582,86.0,117.4600098718501
23744,91.0,117.4600098718501
2986,145.0,117.4600098718501
12629,126.0,117.4600098718501
20436,125.0,117.4600098718501
6473,141.0,117.4600098718501
21306,136.0,117.4600098718501
8985,70.0,117.4600098718501
17137,106.0,117.4600098718501
8425,121.0,117.4600098718501
12495,119.0,117.4600098718501
1484,83.0,117.4600098718501
22094,154.0,149.8198594923009
21743,107.0,117.4600098718501
1502,138.0,134.70938786368333
4787,71.0,117.4600098718501
15449,86.0,117.4600098718501
21777,128.0,117.4600098718501
15971,147.0,117.4600098718501
726,132.0,117.4600098718501
16333,82.0,117.4600098718501
9380,151.0,117.4600098718501
4174,116.0,117.4600098718501
18871,67.0,117.4600098718501
19309,87.0,117.4600098718501
3361,156.0,117.4600098718501
9458,68.0,117.4600098718501
23199,87.0,117.4600098718501
9145,129.0,117.4600098718501
17586,84.0,117.4600098718501
11077,117.0,117.4600098718501
15112,101.0,117.4600098718501
4517,134.0,117.4600098718501
5525,134.0,117.4600098718501
5438,134.0,117.4600098718501
7475,151.0,117.4600098718501
8578,100.0,117.4600098718501
19969,85.0,117.4600098718501
17916,115.0,117.4600098718501
15129,137.0,134.6414805853074
10397,141.0,117.4600098718501
3152,144.0,117.4600098718501
17837,119.0,117.4600098718501
1641,134.0,117.4600098718501
18584,111.0,117.4600098718501
1258,130.0,117.4600098718501
21878,144.0,117.4600098718501
14738,89.0,117.4600098718501
3384,162.0,117.4600098718501
13013,131.0,117.4600098718501
15052,128.0,117.77741425152655
2714,127.0,132.20877132351345
316,149.0,117.4600098718501
8498,141.0,117.4600098718501
23202,149.0,117.4600098718501
4094,146.0,140.71121036181975
17581,95.0,117.4600098718501
2638,84.0,117.4600098718501
17971,170.0,117.4600098718501
9643,120.0,125.3197350868709
18104,121.0,117.4600098718501
13665,138.0,130.71908868508174
7576,117.0,117.4600098718501
2142,82.0,117.4600098718501
11075,111.0,117.4600098718501
20070,105.0,141.850448032912
8902,142.0,117.4600098718501
4087,139.0,117.4600098718501
9003,128.0,117.4600098718501
11287,87.0,117.4600098718501
6564,158.0,117.4600098718501
199,126.0,117.4600098718501
4248,133.0,117.4600098718501
5276,150.0,117.4600098718501
14610,135.0,117.4600098718501
23248,117.0,117.4600098718501
3192,83.0,117.4600098718501
18783,56.0,117.4600098718501
1448,71.0,117.4600098718501
15991,78.0,117.4600098718501
11911,89.0,117.4600098718501
14966,147.0,117.4600098718501
19094,76.0,117.4600098718501
3284,129.0,117.4600098718501
13872,104.0,117.4600098718501
1384,120.0,117.4600098718501
1911,124.0,117.4600098718501
3747,153.0,117.4600098718501
6765,125.0,117.4600098718501
16417,82.0,117.4600098718501
22480,126.0,117.4600098718501
20004,112.0,117.4600098718501
13158,150.0,117.4600098718501
1681,164.0,117.4600098718501
8276,78.0,117.4600098718501
13546,116.0,117.4600098718501
14512,122.0,117.4600098718501
22595,127.0,117.4600098718501
21771,126.0,117.4600098718501
14638,88.0,117.4600098718501
11702,136.0,117.4600098718501
13212,114.0,117.4600098718501
19314,82.0,117.4600098718501
22791,137.0,117.4600098718501
19459,116.0,117.4600098718501
11119,72.0,117.4600098718501
18275,79.0,117.4600098718501
21714,147.0,117.4600098718501
22761,138.0,117.4600098718501
1886,126.0,117.4600098718501
15464,150.0,117.4600098718501
13983,79.0,117.4600098718501
9703,129.0,117.4600098718501
21522,138.0,117.4600098718501
2999,113.0,117.4600098718501
19412,107.0,117.4600098718501
10715,70.0,117.4600098718501
17544,141.0,117.4600098718501
17886,69.0,117.4600098718501
8288,170.0,145.59459443847598
8880,156.0,117.4600098718501
4133,88.0,117.4600098718501
16314,102.0,117.4600098718501
6603,132.0,117.4600098718501
9258,158.0,137.1878936264622
21987,65.0,117.4600098718501
10781,142.0,117.4600098718501
8930,136.0,135.12113312335816
22150,126.0,117.4600098718501
137,152.0,117.4600098718501
23728,144.0,117.4600098718501
16065,93.0,117.4600098718501
1953,161.0,117.4600098718501
18999,121.0,117.4600098718501
18501,90.0,117.4600098718501
14255,88.0,117.4600098718501
18575,117.0,117.4600098718501
15674,154.0,117.4600098718501
11748,141.0,117.4600098718501
4426,122.0,117.4600098718501
6804,72.0,117.4600098718501
21135,126.0,117.4600098718501
302,83.0,117.4600098718501
4026,103.0,117.4600098718501
2356,137.0,117.4600098718501
23680,78.0,117.4600098718501
836,85.0,117.4600098718501
3199,97.0,117.4600098718501
17129,151.0,117.4600098718501
8983,65.0,117.4600098718501
265,103.0,117.4600098718501
526,141.0,117.4600098718501
9528,157.0,117.4600098718501
6700,102.0,117.4600098718501
22296,153.0,117.4600098718501
7272,143.0,117.4600098718501
7469,142.0,117.4600098718501
1757,112.0,117.4600098718501
8370,139.0,117.4600098718501
19002,100.0,117.4600098718501
10940,84.0,117.4600098718501
14121,125.0,134.47258180990002
2342,160.0,117.4600098718501
18778,69.0,117.4600098718501
17272,76.0,117.4600098718501
8414,149.0,141.51750687740895
4467,115.0,117.4600098718501
22912,133.0,117.4600098718501
15139,160.0,117.4600098718501
19186,69.0,117.4600098718501
16633,108.0,117.4600098718501
5374,77.0,117.4600098718501
5510,71.0,117.4600098718501
11221,126.0,117.4600098718501
13406,77.0,117.4600098718501
20828,107.0,117.4600098718501
2527,151.0,117.4600098718501
10522,120.0,117.4600098718501
16354,136.0,117.4600098718501
9371,108.0,117.4600098718501
5062,139.0,117.4600098718501
9927,77.0,117.4600098718501
9426,151.0,117.4600098718501
13236,136.0,117.4600098718501
11926,57.0,117.4600098718501
21997,150.0,117.4600098718501
17999,83.0,117.4600098718501
1089,57.0,117.4600098718501
11924,70.0,117.4600098718501
15434,152.0,117.4600098718501
23468,95.0,117.4600098718501
20532,110.0,117.4600098718501
12439,158.0,135.34755954702123
2338,131.0,117.4600098718501
9356,91.0,117.4600098718501
3570,109.0,117.4600098718501
10073,103.0,117.4600098718501
14805,155.0,117.4600098718501
13815,74.0,117.4600098718501
13514,97.0,117.4600098718501
14137,78.0,132.9781926852493
4182,140.0,117.4600098718501
3679,94.0,117.4600098718501
17156,140.0,117.4600098718501
12874,103.0,117.4600098718501
14658,90.0,117.4600098718501
15171,144.0,117.4600098718501
2413,128.0,117.4600098718501
3202,100.0,117.4600098718501
20658,73.0,117.4600098718501
18648,149.0,117.4600098718501
15146,143.0,117.4600098718501
15893,131.0,117.4600098718501
2370,69.0,117.4600098718501
4610,83.0,117.4600098718501
17875,78.0,117.4600098718501
23041,119.0,117.4600098718501
3737,161.0,117.4600098718501
13073,139.0,117.4600098718501
12442,128.0,117.4600098718501
13988,135.0,117.4600098718501
8468,141.0,117.4600098718501
20989,131.0,134.186970562944
2481,109.0,117.4600098718501
17954,84.0,117.4600098718501
12189,112.0,117.4600098718501
10065,114.0,117.4600098718501
15489,134.0,132.97059535659855
8353,128.0,117.4600098718501
22567,154.0,117.4600098718501
3717,88.0,117.4600098718501
18533,81.0,117.4600098718501
20063,128.0,117.4600098718501
544,139.0,117.4600098718501
11321,130.0,117.4600098718501
4898,98.0,117.4600098718501
9889,73.0,117.4600098718501
13909,145.0,117.4600098718501
8789,66.0,117.4600098718501
12758,85.0,117.4600098718501
19283,128.0,117.4600098718501
22661,132.0,117.4600098718501
15976,144.0,117.4600098718501
10534,112.0,117.4600098718501
14076,61.0,117.4600098718501
20342,125.0,117.4600098718501
22258,117.0,117.4600098718501
9832,144.0,117.4600098718501
5873,129.0,117.4600098718501
10321,105.0,117.4600098718501
15702,122.0,117.4600098718501
22893,145.0,117.4600098718501
15532,107.0,117.4600098718501
14441,86.0,117.4600098718501
19623,70.0,117.4600098718501
18745,117.0,117.4600098718501
7449,163.0,139.98947234165706
6918,133.0,117.4600098718501
17924,126.0,117.4600098718501
11761,75.0,117.4600098718501
2586,165.0,117.4600098718501
4498,99.0,117.4600098718501
7247,147.0,117.4600098718501
14766,117.0,117.4600098718501
7075,101.0,117.4600098718501
12165,134.0,117.4600098718501
22818,151.0,117.4600098718501
5753,141.0,117.4600098718501
20229,147.0,117.4600098718501
23394,154.0,117.4600098718501
22965,129.0,117.4600098718501
20863,146.0,117.4600098718501
17266,85.0,117.4600098718501
13375,129.0,117.4600098718501
15511,142.0,117.4600098718501
19768,132.0,117.4600098718501
23800,136.0,117.4600098718501
5739,118.0,117.4600098718501
20795,103.0,117.4600098718501
10817,137.0,117.4600098718501
1123,91.0,117.4600098718501
19618,78.0,117.4600098718501
20472,101.0,117.4600098718501
147,152.0,117.4600098718501
3888,139.0,117.4600098718501
11754,148.0,117.4600098718501
6943,75.0,136.55882659295924
7284,123.0,117.4600098718501
4455,116.0,117.4600098718501
13403,72.0,117.4600098718501
683,123.0,117.4600098718501
563,111.0,117.4600098718501
11107,85.0,117.4600098718501
1586,96.0,117.4600098718501
17048,170.0,117.4600098718501
13555,116.0,117.4600098718501
14207,145.0,117.4600098718501
20972,114.0,117.4600098718501
5727,110.0,117.4600098718501
5473,134.0,117.4600098718501
23308,122.0,117.4600098718501
282,90.0,117.4600098718501
16033,93.0,117.4600098718501
16427,72.0,117.4600098718501
6635,81.0,117.4600098718501
17838,145.0,117.4600098718501
10000,93.0,117.4600098718501
14830,109.0,117.4600098718501
18537,82.0,117.4600098718501
2159,138.0,136.1644856338985
7789,153.0,117.4600098718501
13411,131.0,117.4600098718501
14751,116.0,117.4600098718501
11185,89.0,117.4600098718501
22836,82.0,117.4600098718501
20741,81.0,117.4600098718501
3926,158.0,146.0873727980955
4515,132.0,117.4600098718501
20525,106.0,117.4600098718501
3724,73.0,117.4600098718501
12404,109.0,117.4600098718501
2195,141.0,117.4600098718501
1618,100.0,117.4600098718501
12293,159.0,117.4600098718501
15226,83.0,117.4600098718501
7771,115.0,117.4600098718501
10403,140.0,117.4600098718501
6831,89.0,117.4600098718501
731,124.0,117.4600098718501
22825,137.0,117.4600098718501
18554,132.0,117.4600098718501
6692,83.0,117.4600098718501
19169,123.0,128.94854625544755
20441,136.0,117.4600098718501
10802,72.0,117.4600098718501
21966,131.0,117.4600098718501
21422,102.0,117.4600098718501
10784,58.0,117.4600098718501
15170,126.0,117.4600098718501
18577,123.0,117.4600098718501
23639,139.0,117.4600098718501
8567,148.0,117.4600098718501
9798,57.0,117.4600098718501
8511,113.0,117.4600098718501
1227,129.0,117.4600098718501
189,97.0,117.4600098718501
9276,104.0,117.4600098718501
223,130.0,117.4600098718501
5860,75.0,117.4600098718501
13740,145.0,117.4600098718501
2359,134.0,117.4600098718501
18512,131.0,117.4600098718501
13024,80.0,117.4600098718501
18377,147.0,117.4600098718501
13103,117.0,117.4600098718501
7125,123.0,117.4600098718501
9103,125.0,117.4600098718501
4342,162.0,117.4600098718501
8637,122.0,117.4600098718501
7889,65.0,117.4600098718501
1775,139.0,117.4600098718501
1430,60.0,117.4600098718501
21739,102.0,117.4600098718501
3262,125.0,117.4600098718501
11731,141.0,117.4600098718501
18961,84.0,117.4600098718501
5446,146.0,117.4600098718501
2027,154.0,135.1998738556825
10431,133.0,117.4600098718501
4385,156.0,139.97265532726823
12303,115.0,117.4600098718501
3221,79.0,117.4600098718501
13100,112.0,117.4600098718501
14902,69.0,117.4600098718501
18742,114.0,117.4600098718501
7096,133.0,117.4600098718501
5001,84.0,110.60448489164027
61,139.0,117.4600098718501
20022,78.0,117.4600098718501
12823,156.0,117.4600098718501
3955,136.0,117.4600098718501
7936,147.0,117.4600098718501
7866,114.0,117.4600098718501
8164,141.0,117.4600098718501
9978,148.0,117.4600098718501
22652,137.0,117.4600098718501
742,65.0,117.4600098718501
20354,147.0,117.4600098718501
7306,128.0,117.4600098718501
7761,118.0,117.4600098718501
15729,131.0,125.4530554625882
14105,147.0,145.40512413866685
20918,123.0,117.4600098718501
2650,121.0,117.4600098718501
23775,152.0,117.4600098718501
10307,64.0,117.4600098718501
1489,88.0,117.4600098718501
16265,136.0,117.4600098718501
12351,107.0,117.4600098718501
996,153.0,117.4600098718501
13984,81.0,117.4600098718501
18516,136.0,117.4600098718501
14330,129.0,126.02521454638261
5136,147.0,144.8268735569357
2501,114.0,117.4600098718501
12965,63.0,117.4600098718501
6520,156.0,117.4600098718501
20765,114.0,117.4600098718501
6440,153.0,117.4600098718501
9390,121.0,117.4600098718501
16943,134.0,117.4600098718501
14489,122.0,117.4600098718501
4144,157.0,117.4600098718501
23278,93.0,117.4600098718501
11763,72.0,117.4600098718501
16937,133.0,117.4600098718501
4741,134.0,117.4600098718501
7726,134.0,117.4600098718501
17892,132.0,117.4600098718501
1804,133.0,117.4600098718501
18985,106.0,117.4600098718501
5500,86.0,117.4600098718501
23666,125.0,117.4600098718501
5651,144.0,117.4600098718501
15579,139.0,117.4600098718501
22901,141.0,117.4600098718501
16331,92.0,117.4600098718501
15665,94.0,117.4600098718501
5588,113.0,117.4600098718501
11928,82.0,117.4600098718501
9847,135.0,117.4600098718501
23164,118.0,117.4600098718501
12784,125.0,117.4600098718501
15245,171.0,117.4600098718501
3102,82.0,117.4600098718501
23980,150.0,117.4600098718501
14812,138.0,117.4600098718501
14572,67.0,117.4600098718501
13541,138.0,117.4600098718501
7719,133.0,117.4600098718501
15691,136.0,117.4600098718501
2061,121.0,117.4600098718501
5039,134.0,117.4600098718501
6932,77.0,117.4600098718501
10464,171.0,117.4600098718501
18865,132.0,117.4600098718501
23904,112.0,117.4600098718501
16963,139.0,117.4600098718501
14636,98.0,117.4600098718501
4484,156.0,117.4600098718501
3244,139.0,117.4600098718501
13449,147.0,117.4600098718501
4196,128.0,117.4600098718501
18630,140.0,117.4600098718501
20447,138.0,117.4600098718501
7571,72.0,117.4600098718501
6905,73.0,117.4600098718501
23229,131.0,117.4600098718501
17614,141.0,138.14016225377298
4545,75.0,117.4600098718501
21266,140.0,117.4600098718501
4872,84.0,117.4600098718501
176,135.0,117.4600098718501
17003,138.0,117.4600098718501
769,125.0,117.4600098718501
13553,122.0,117.4600098718501
12751,104.0,117.4600098718501
5837,90.0,117.4600098718501
23262,120.0,117.4600098718501
18335,137.0,117.4600098718501
18773,141.0,117.4600098718501
7597,161.0,117.4600098718501
19990,80.0,117.4600098718501
16412,67.0,117.4600098718501
17396,125.0,132.12951825200895
4138,71.0,117.4600098718501
14134,76.0,117.4600098718501
7343,149.0,117.4600098718501
10937,89.0,117.4600098718501
1041,116.0,117.4600098718501
18967,81.0,117.4600098718501
13254,127.0,117.4600098718501
13761,108.0,117.4600098718501
9569,116.0,139.56734178162537
17620,132.0,117.4600098718501
23733,146.0,117.4600098718501
4900,106.0,117.4600098718501
20337,126.0,117.4600098718501
8359,154.0,117.4600098718501
19307,91.0,117.4600098718501
23091,151.0,117.4600098718501
7737,130.0,117.4600098718501
12579,110.0,117.4600098718501
5564,156.0,117.4600098718501
17500,141.0,117.4600098718501
13280,71.0,117.4600098718501
23947,141.0,117.4600098718501
7743,137.0,117.4600098718501
23272,156.0,117.4600098718501
13549,119.0,117.4600098718501
5687,76.0,117.4600098718501
19870,170.0,151.18567817873037
21011,143.0,117.4600098718501
9375,132.0,117.4600098718501
1401,147.0,138.24572352958737
21627,133.0,117.4600098718501
23793,150.0,117.4600098718501
9588,80.0,117.4600098718501
9994,122.0,117.4600098718501
15391,132.0,117.4600098718501
2234,95.0,117.4600098718501
3391,124.0,117.4600098718501
2324,120.0,121.0974184785067
4691,130.0,117.4600098718501
7993,143.0,117.4600098718501
21029,108.0,117.4600098718501
23901,135.0,117.4600098718501
18746,102.0,117.4600098718501
7199,101.0,117.4600098718501
1546,68.0,117.4600098718501
10914,89.0,117.4600098718501
613,66.0,117.4600098718501
2248,135.0,117.4600098718501
23633,142.0,117.4600098718501
5255,126.0,117.4600098718501
10068,110.0,117.4600098718501
23173,133.0,117.4600098718501
22468,162.0,117.4600098718501
11002,131.0,117.4600098718501
7180,148.0,117.4600098718501
22045,129.0,117.4600098718501
16043,135.0,117.4600098718501
15828,118.0,117.4600098718501
4957,127.0,117.4600098718501
20012,136.0,117.4600098718501
1146,152.0,117.4600098718501
23387,119.0,117.4600098718501
168,135.0,117.4600098718501
542,135.0,117.4600098718501
13387,139.0,117.4600098718501
7907,69.0,117.4600098718501
22047,132.0,117.4600098718501
23363,150.0,117.4600098718501
19605,147.0,133.91158295352287
3965,90.0,117.4600098718501
14264,156.0,138.31560572646282
293,147.0,117.4600098718501
4689,144.0,117.4600098718501
20632,92.0,117.4600098718501
22401,143.0,117.4600098718501
15535,109.0,117.4600098718501
3247,142.0,117.4600098718501
15205,139.0,117.4600098718501
20406,131.0,117.4600098718501
9669,120.0,117.4600098718501
23683,135.0,117.4600098718501
19853,72.0,117.4600098718501
332,108.0,117.4600098718501
18147,129.0,117.4600098718501
3574,133.0,117.4600098718501
21491,146.0,117.4600098718501
10194,135.0,117.4600098718501
13125,104.0,117.4600098718501
23966,133.0,117.4600098718501
21285,116.0,143.34598394560862
12108,131.0,117.4600098718501
15865,117.0,117.4600098718501
7410,160.0,117.4600098718501
21749,149.0,117.4600098718501
17745,111.0,117.4600098718501
2683,148.0,117.4600098718501
19709,146.0,134.65658098550844
23324,131.0,117.4600098718501
3681,87.0,117.4600098718501
22494,118.0,117.4600098718501
21293,159.0,117.4600098718501
5379,73.0,117.4600098718501
14193,138.0,117.4600098718501
517,95.0,117.4600098718501
10146,134.0,117.4600098718501
1178,115.0,117.4600098718501
23085,170.0,117.4600098718501
23058,121.0,117.4600098718501
21485,121.0,127.7782404192661
10806,82.0,117.4600098718501
3833,118.0,117.4600098718501
5104,118.0,117.4600098718501
12312,142.0,117.4600098718501
11102,99.0,117.4600098718501
7400,116.0,117.4600098718501
17852,147.0,117.4600098718501
22780,140.0,117.4600098718501
21040,101.0,117.4600098718501
7955,126.0,117.4600098718501
13796,126.0,117.4600098718501
20597,135.0,117.4600098718501
14585,116.0,117.4600098718501
7398,124.0,117.4600098718501
18246,121.0,117.4600098718501
15780,64.0,117.4600098718501
20157,66.0,117.4600098718501
5249,103.0,117.4600098718501
11012,141.0,117.4600098718501
17773,141.0,117.4600098718501
12880,104.0,117.4600098718501
1646,147.0,117.4600098718501
13265,109.0,117.4600098718501
4336,132.0,131.6611494252867
12141,158.0,117.4600098718501
20323,133.0,117.4600098718501
2886,123.0,117.4600098718501
18593,161.0,117.4600098718501
2810,94.0,117.4600098718501
20320,114.0,117.4600098718501
23510,127.0,117.4600098718501
8185,96.0,117.4600098718501
3106,83.0,117.4600098718501
10900,110.0,117.4600098718501
6760,155.0,117.4600098718501
19980,75.0,117.4600098718501
8657,113.0,117.4600098718501
11919,80.0,117.4600098718501
23607,131.0,117.4600098718501
8816,133.0,117.4600098718501
3539,62.0,117.4600098718501
18011,105.0,117.4600098718501
10764,101.0,117.4600098718501
16740,106.0,117.4600098718501
22282,152.0,117.4600098718501
22326,77.0,117.4600098718501
3344,115.0,117.4600098718501
20581,153.0,117.4600098718501
243,140.0,117.4600098718501
14931,99.0,133.05617293453835
5207,109.0,117.4600098718501
2654,113.0,117.4600098718501
20024,82.0,117.4600098718501
8158,139.0,140.1484873258932
16123,147.0,117.4600098718501
2486,99.0,117.4600098718501
18272,80.0,117.4600098718501
7154,137.0,117.4600098718501
3640,139.0,117.4600098718501
17167,120.0,117.4600098718501
553,119.0,117.4600098718501
7023,66.0,117.4600098718501
19011,77.0,117.4600098718501
5074,82.0,117.4600098718501
6786,69.0,117.4600098718501
11726,142.0,117.4600098718501
16931,157.0,117.4600098718501
21724,80.0,117.4600098718501
115,148.0,117.4600098718501
5480,132.0,117.4600098718501
8927,136.0,117.4600098718501
17749,113.0,117.4600098718501
4450,122.0,117.4600098718501
22338,118.0,117.4600098718501
524,143.0,117.4600098718501
8182,113.0,117.4600098718501
14496,108.0,117.4600098718501
23397,161.0,117.4600098718501
17189,147.0,117.4600098718501
6652,114.0,117.4600098718501
13588,124.0,117.4600098718501
22881,137.0,117.4600098718501
8262,119.0,117.4600098718501
13040,77.0,117.4600098718501
13275,81.0,117.4600098718501
14628,106.0,117.4600098718501
7517,136.0,117.4600098718501
16016,72.0,117.4600098718501
23768,174.0,117.4600098718501
21835,93.0,117.4600098718501
5638,157.0,117.4600098718501
2568,132.0,111.59398077405397
12174,107.0,117.4600098718501
17695,145.0,117.4600098718501
3658,148.0,117.4600098718501
14448,134.0,134.05287109766297
3132,142.0,147.3045336117858
10427,110.0,117.4600098718501
23410,129.0,117.4600098718501
3899,145.0,117.4600098718501
16969,108.0,117.4600098718501
12162,114.0,117.4600098718501
4141,157.0,140.67498010181706
14243,103.0,117.4600098718501
19155,81.0,117.4600098718501
12741,137.0,117.4600098718501
7565,91.0,117.4600098718501
23135,92.0,117.4600098718501
15773,59.0,117.4600098718501
1603,122.0,117.4600098718501
22478,131.0,117.4600098718501
1408,134.0,117.4600098718501
7834,117.0,117.4600098718501
22957,161.0,117.4600098718501
459,100.0,117.4600098718501
4965,129.0,117.4600098718501
17159,159.0,117.4600098718501
270,111.0,117.4600098718501
23390,109.0,117.4600098718501
7744,125.0,136.3515870421064
23654,150.0,117.4600098718501
17703,129.0,117.4600098718501
9522,157.0,117.4600098718501
5201,114.0,117.4600098718501
7086,125.0,117.4600098718501
22057,91.0,117.4600098718501
14316,128.0,117.4600098718501
8769,120.0,117.4600098718501
23292,134.0,117.4600098718501
5616,158.0,117.4600098718501
8965,161.0,142.59890283035782
2979,91.0,117.4600098718501
6628,106.0,117.4600098718501
22197,130.0,117.4600098718501
1730,152.0,130.20238794795287
4677,80.0,117.4600098718501
5301,82.0,117.4600098718501
4346,162.0,134.97515661771706
14358,122.0,117.4600098718501
1907,98.0,117.4600098718501
3028,106.0,117.4600098718501
23113,120.0,117.4600098718501
12060,135.0,117.4600098718501
12525,111.0,117.4600098718501
13148,97.0,117.4600098718501
20146,85.0,117.4600098718501
1558,129.0,117.4600098718501
3060,132.0,117.4600098718501
16085,118.0,117.4600098718501
17571,132.0,117.4600098718501
4878,78.0,117.4600098718501
8754,112.0,117.4600098718501
6535,149.0,117.4600098718501
1515,136.0,117.4600098718501
12869,86.0,117.4600098718501
22433,115.0,117.4600098718501
9960,159.0,117.4600098718501
7671,117.0,117.4600098718501
23065,141.0,117.4600098718501
22291,139.0,134.05421492466246
17649,116.0,117.4600098718501
13215,105.0,117.4600098718501
15500,122.0,117.4600098718501
8732,78.0,117.4600098718501
6633,110.0,117.4600098718501
12790,136.0,117.4600098718501
13940,111.0,117.4600098718501
21653,130.0,117.4600098718501
17677,146.0,117.4600098718501
17921,130.0,117.4600098718501
1290,137.0,117.4600098718501
5119,89.0,117.4600098718501
496,82.0,117.4600098718501
16374,98.0,117.4600098718501
5011,68.0,117.4600098718501
18358,78.0,117.4600098718501
10628,129.0,117.4600098718501
23499,133.0,117.4600098718501
19373,98.0,117.4600098718501
17438,103.0,117.4600098718501
8261,122.0,117.4600098718501
17975,168.0,117.4600098718501
16069,89.0,117.4600098718501
14619,132.0,117.4600098718501
1878,144.0,135.7854249647093
15616,81.0,117.4600098718501
20411,105.0,117.4600098718501
19594,135.0,117.4600098718501
18543,68.0,117.4600098718501
5271,133.0,117.4600098718501
4058,131.0,117.4600098718501
22932,130.0,117.4600098718501
1737,114.0,117.4600098718501
10289,118.0,117.4600098718501
17041,101.0,117.4600098718501
19587,117.0,117.4600098718501
7911,69.0,117.4600098718501
15436,147.0,117.4600098718501
17588,86.0,117.4600098718501
19762,159.0,117.4600098718501
3123,111.0,117.4600098718501
18006,113.0,117.4600098718501
10129,132.0,133.88763693252878
13667,156.0,117.4600098718501
10562,145.0,117.4600098718501
18940,86.0,117.4600098718501
11845,95.0,117.4600098718501
21078,151.0,117.4600098718501
15847,145.0,134.09361649330734
7708,138.0,117.4600098718501
7912,69.0,117.4600098718501
1505,143.0,142.48071973799392
13281,71.0,117.4600098718501
14324,130.0,126.58027348449532
2908,143.0,117.4600098718501
20728,107.0,117.4600098718501
20095,71.0,117.4600098718501
8589,75.0,117.4600098718501
8911,88.0,117.4600098718501
16083,125.0,117.4600098718501
4776,124.0,117.4600098718501
1492,119.0,117.4600098718501
22327,73.0,117.4600098718501
10043,138.0,117.4600098718501
19905,88.0,117.4600098718501
4795,140.0,117.4600098718501
14096,161.0,117.4600098718501
778,153.0,117.4600098718501
22941,153.0,117.4600098718501
18552,134.0,117.4600098718501
6945,76.0,117.4600098718501
18789,68.0,117.4600098718501
2680,137.0,117.4600098718501
2401,83.0,117.4600098718501
14908,141.0,117.4600098718501
17699,119.0,117.4600098718501
15103,112.0,117.4600098718501
9039,159.0,117.4600098718501
3607,127.0,117.4600098718501
8668,133.0,117.4600098718501
19215,147.0,140.09113510215025
9651,91.0,117.4600098718501
4971,116.0,117.4600098718501
722,154.0,117.4600098718501
5850,83.0,117.4600098718501
21536,113.0,117.4600098718501
51,159.0,117.4600098718501
5043,135.0,128.33721332641505
13201,65.0,117.4600098718501
13205,74.0,117.4600098718501
21224,120.0,117.4600098718501
7823,96.0,117.4600098718501
11721,144.0,117.4600098718501
2717,153.0,150.3653574262828
4964,126.0,117.4600098718501
10228,116.0,134.01015732862973
4754,143.0,117.4600098718501
18759,89.0,117.4600098718501
23711,116.0,117.4600098718501
14153,113.0,117.4600098718501
23576,108.0,117.4600098718501
10469,144.0,117.4600098718501
16086,113.0,117.4600098718501
18124,150.0,144.9685077089357
10398,118.0,139.3606253803648
21756,124.0,117.4600098718501
1773,132.0,117.4600098718501
192,88.0,117.4600098718501
2152,148.0,138.6939926803592
17171,108.0,117.4600098718501
10036,109.0,117.4600098718501
5509,71.0,117.4600098718501
16382,140.0,117.4600098718501
3098,76.0,117.4600098718501
8392,135.0,117.4600098718501
16422,77.0,117.4600098718501
305,79.0,117.4600098718501
11092,90.0,117.4600098718501
22970,129.0,117.4600098718501
7645,150.0,117.4600098718501
22966,158.0,117.4600098718501
2708,122.0,117.4600098718501
23261,138.0,117.4600098718501
14296,137.0,117.4600098718501
495,72.0,117.4600098718501
15724,133.0,117.4600098718501
15445,150.0,148.4970223743279
15390,130.0,117.4600098718501
20194,110.0,117.4600098718501
19890,148.0,134.90827742636128
7943,153.0,137.24941786631302
1986,141.0,117.4600098718501
10218,98.0,117.4600098718501
4412,129.0,117.4600098718501
13689,118.0,117.4600098718501
2201,81.0,117.4600098718501
1367,109.0,117.4600098718501
11941,122.0,117.4600098718501
2251,152.0,117.4600098718501
1547,146.0,117.4600098718501
23573,113.0,117.4600098718501
14874,98.0,117.4600098718501
13160,118.0,117.4600098718501
5779,124.0,141.91997783022558
1434,69.0,117.4600098718501
15640,141.0,133.74016992233538
17361,104.0,117.4600098718501
22213,120.0,117.4600098718501
10673,125.0,135.642918086831
1924,123.0,128.19073476611382
14059,63.0,117.4600098718501
5552,119.0,117.4600098718501
20646,64.0,117.4600098718501
19253,157.0,137.0376844439376
13962,122.0,117.4600098718501
407,76.0,117.4600098718501
13759,127.0,117.4600098718501
15792,170.0,117.4600098718501
16127,70.0,117.4600098718501
5451,114.0,117.4600098718501
23131,111.0,117.4600098718501
5846,118.0,117.4600098718501
2022,139.0,117.4600098718501
21443,160.0,117.4600098718501
13273,81.0,117.4600098718501
19081,129.0,117.4600098718501
6645,132.0,117.4600098718501
14005,106.0,117.4600098718501
5471,173.0,117.4600098718501
4452,118.0,117.4600098718501
2390,105.0,117.4600098718501
10085,81.0,117.4600098718501
14283,128.0,117.4600098718501
10315,104.0,117.4600098718501
20913,143.0,117.4600098718501
299,71.0,117.4600098718501
10088,85.0,117.4600098718501
5643,158.0,117.4600098718501
15983,79.0,117.4600098718501
23152,134.0,117.4600098718501
3285,126.0,117.4600098718501
20234,150.0,117.4600098718501
4528,161.0,117.4600098718501
7093,146.0,117.4600098718501
9115,162.0,117.4600098718501
17670,128.0,117.4600098718501
3807,123.0,117.4600098718501
4879,76.0,117.4600098718501
2414,125.0,117.4600098718501
7843,98.0,117.4600098718501
13600,152.0,117.4600098718501
19910,78.0,117.4600098718501
15343,91.0,117.4600098718501
22470,120.0,117.4600098718501
3197,94.0,117.4600098718501
18755,111.0,117.4600098718501
2382,149.0,117.4600098718501
1130,142.0,117.4600098718501
9753,117.0,142.05144066249198
11745,149.0,117.4600098718501
11695,149.0,117.4600098718501
8992,72.0,117.4600098718501
10257,138.0,117.4600098718501
10045,128.0,129.44291759030403
14661,81.0,117.4600098718501
1826,93.0,117.4600098718501
23414,109.0,117.4600098718501
17976,169.0,117.4600098718501
19424,116.0,117.4600098718501
3265,129.0,117.4600098718501
8494,153.0,117.4600098718501
20543,152.0,117.4600098718501
15595,89.0,117.4600098718501
4929,140.0,117.4600098718501
5176,129.0,117.4600098718501
19808,160.0,141.81184719263524
16734,130.0,117.4600098718501
5683,88.0,117.4600098718501
3537,67.0,117.4600098718501
8130,141.0,117.4600098718501
21905,135.0,117.4600098718501
16421,61.0,117.4600098718501
11177,159.0,117.4600098718501
2603,157.0,117.4600098718501
4504,128.0,123.47455608042125
20156,67.0,117.4600098718501
23391,131.0,117.4600098718501
4790,138.0,143.25560618397375
18356,70.0,117.4600098718501
13515,98.0,117.4600098718501
16574,158.0,144.51522539124437
10115,112.0,117.4600098718501
1215,140.0,132.63036920557136
15502,125.0,117.4600098718501
23597,88.0,117.4600098718501
5482,153.0,117.4600098718501
20371,145.0,117.4600098718501
4531,134.0,117.4600098718501
11114,85.0,117.4600098718501
13132,95.0,117.4600098718501
9450,81.0,117.4600098718501
15668,143.0,150.9515824055432
8387,135.0,117.4600098718501
14302,129.0,117.4600098718501
23485,131.0,117.4600098718501
15357,143.0,117.4600098718501
15637,131.0,140.4787609752846
18954,160.0,145.99299304786996
12340,137.0,117.4600098718501
20236,146.0,117.4600098718501
14885,73.0,117.4600098718501
19219,160.0,117.4600098718501
14064,82.0,117.4600098718501
23882,83.0,117.4600098718501
1781,133.0,134.98883113163802
16140,129.0,117.4600098718501
9630,103.0,117.4600098718501
4109,120.0,117.4600098718501
534,69.0,147.3795866422442
12744,125.0,117.4600098718501
8953,139.0,117.4600098718501
23491,155.0,117.4600098718501
21338,133.0,117.4600098718501
12176,118.0,117.4600098718501
23973,163.0,117.4600098718501
7567,80.0,117.4600098718501
18945,90.0,117.4600098718501
10704,150.0,117.4600098718501
19337,129.0,117.4600098718501
20563,82.0,117.4600098718501
23602,134.0,117.4600098718501
3233,150.0,117.4600098718501
1054,145.0,117.4600098718501
19130,109.0,117.4600098718501
6470,129.0,117.4600098718501
13814,78.0,117.4600098718501
14209,80.0,117.4600098718501
3680,88.0,117.4600098718501
20821,101.0,117.4600098718501
1060,127.0,117.4600098718501
5141,133.0,117.4600098718501
12970,65.0,117.4600098718501
14222,71.0,117.4600098718501
20876,106.0,117.4600098718501
18760,81.0,117.4600098718501
21604,134.0,136.60971949475203
8503,114.0,117.4600098718501
13537,148.0,117.4600098718501
10941,89.0,117.4600098718501
644,150.0,117.4600098718501
2369,80.0,117.4600098718501
5912,136.0,135.664114601976
2498,130.0,117.4600098718501
283,87.0,117.4600098718501
2326,150.0,117.4600098718501
17223,74.0,117.4600098718501
10483,133.0,117.4600098718501
22295,152.0,117.4600098718501
16106,141.0,117.4600098718501
612,56.0,117.4600098718501
17412,143.0,117.4600098718501
10318,110.0,117.4600098718501
3436,70.0,117.4600098718501
1783,159.0,134.42110305066936
23740,154.0,117.4600098718501
4986,122.0,127.94110511684761
9806,75.0,117.4600098718501
16661,120.0,117.4600098718501
16464,92.0,117.4600098718501
16999,134.0,117.4600098718501
20339,135.0,117.4600098718501
22463,139.0,117.4600098718501
14876,83.0,117.4600098718501
19204,143.0,117.4600098718501
16060,146.0,117.4600098718501
22511,128.0,117.4600098718501
20762,101.0,117.4600098718501
2926,159.0,117.4600098718501
14464,93.0,117.4600098718501
22550,83.0,117.4600098718501
4352,117.0,117.4600098718501
23465,148.0,117.4600098718501
23634,100.0,117.4600098718501
18679,128.0,117.4600098718501
23856,158.0,117.4600098718501
14458,125.0,117.4600098718501
23876,88.0,117.4600098718501
16424,71.0,117.4600098718501
20986,134.0,117.4600098718501
2014,113.0,117.4600098718501
23005,97.0,117.4600098718501
17743,112.0,117.4600098718501
4391,129.0,117.4600098718501
1520,142.0,141.8840812500919
7845,103.0,117.4600098718501
14901,75.0,117.4600098718501
17800,77.0,117.4600098718501
4502,126.0,128.253021049464
8251,113.0,117.4600098718501
12483,134.0,117.4600098718501
3219,73.0,117.4600098718501
13675,132.0,117.4600098718501
910,130.0,117.4600098718501
1791,135.0,117.4600098718501
7704,141.0,117.4600098718501
13005,110.0,117.4600098718501
14166,143.0,117.4600098718501
22789,116.0,117.4600098718501
9687,127.0,117.4600098718501
16519,105.0,117.4600098718501
9716,63.0,117.4600098718501
13284,66.0,117.4600098718501
6518,140.0,117.4600098718501
5018,71.0,117.4600098718501
21153,161.0,147.6162176728757
23888,136.0,117.4600098718501
8224,105.0,117.4600098718501
20105,118.0,117.4600098718501
6619,141.0,131.51930616557058
23513,149.0,117.4600098718501
12545,147.0,117.4600098718501
22573,159.0,117.4600098718501
22698,118.0,117.4600098718501
20688,161.0,153.71289595055575
11116,82.0,117.4600098718501
15167,124.0,134.5599129254815
2213,158.0,117.4600098718501
14530,79.0,117.4600098718501
15117,88.0,117.4600098718501
21670,102.0,126.43457392367245
16855,82.0,117.4600098718501
7191,129.0,117.4600098718501
16443,127.0,117.4600098718501
2574,117.0,117.4600098718501
14734,95.0,117.4600098718501
6805,75.0,117.4600098718501
1789,130.0,117.4600098718501
3187,157.0,117.4600098718501
782,148.0,117.4600098718501
11294,80.0,117.4600098718501
944,93.0,117.4600098718501
19472,104.0,117.4600098718501
4768,108.0,117.4600098718501
19131,94.0,117.4600098718501
15003,145.0,117.4600098718501
312,125.0,117.4600098718501
14518,132.0,117.4600098718501
4008,167.0,117.4600098718501
23447,132.0,117.4600098718501
23600,151.0,117.4600098718501
16466,101.0,117.4600098718501
20890,63.0,117.4600098718501
18407,73.0,117.4600098718501
11230,125.0,129.26383086853156
14119,134.0,139.4833998209357
23380,160.0,117.4600098718501
1118,81.0,117.4600098718501
21996,67.0,117.4600098718501
6558,88.0,117.4600098718501
18814,129.0,117.4600098718501
2149,81.0,117.4600098718501
18527,72.0,117.4600098718501
13058,148.0,117.4600098718501
14476,157.0,117.4600098718501
5204,111.0,117.4600098718501
22329,72.0,117.4600098718501
22004,126.0,117.4600098718501
23046,155.0,117.4600098718501
23526,140.0,117.4600098718501
19188,67.0,117.4600098718501
10463,161.0,117.4600098718501
3693,146.0,117.4600098718501
17417,160.0,117.4600098718501
19528,134.0,117.4600098718501
6691,85.0,117.4600098718501
7802,144.0,117.4600098718501
17662,159.0,117.4600098718501
12333,163.0,117.4600098718501
13008,112.0,117.4600098718501
20478,147.0,117.4600098718501
277,87.0,117.4600098718501
18149,133.0,117.4600098718501
8550,118.0,117.4600098718501
14072,74.0,117.4600098718501
20252,134.0,117.4600098718501
17774,126.0,117.4600098718501
1339,103.0,117.4600098718501
13756,127.0,117.4600098718501
19006,116.0,117.4600098718501
9886,79.0,117.4600098718501
20662,64.0,117.4600098718501
15471,93.0,117.4600098718501
20906,148.0,117.4600098718501
18130,163.0,142.09379867057442
16431,71.0,117.4600098718501
21436,106.0,117.4600098718501
5787,148.0,117.4600098718501
23032,132.0,117.4600098718501
10303,59.0,117.4600098718501
3598,112.0,151.7669190100269
8795,70.0,117.4600098718501
13533,85.0,117.4600098718501
4473,153.0,117.4600098718501
19886,118.0,117.4600098718501
5393,96.0,117.4600098718501
13432,104.0,117.4600098718501
16830,122.0,117.4600098718501
19726,111.0,117.4600098718501
13270,82.0,128.00177837771184
19005,116.0,117.4600098718501
23668,125.0,117.4600098718501
19018,67.0,117.4600098718501
13439,154.0,144.8105722157711
21752,123.0,117.4600098718501
1198,173.0,140.3532448042679
23189,119.0,117.4600098718501
20134,127.0,127.23351066339067
9709,83.0,117.4600098718501
13683,132.0,117.4600098718501
4356,117.0,117.4600098718501
16951,140.0,117.4600098718501
20421,90.0,117.4600098718501
19177,143.0,117.4600098718501
21147,162.0,117.4600098718501
8706,85.0,117.4600098718501
13607,121.0,117.4600098718501
15326,127.0,132.39554176939257
2532,128.0,117.4600098718501
14379,110.0,117.4600098718501
23678,152.0,117.4600098718501
4885,141.0,117.4600098718501
15224,88.0,117.4600098718501
23039,125.0,117.4600098718501
11267,127.0,131.84037753518703
4941,88.0,117.4600098718501
11705,137.0,117.4600098718501
23347,119.0,117.4600098718501
22764,119.0,117.4600098718501
2855,113.0,117.4600098718501
1051,132.0,117.4600098718501
8871,128.0,117.4600098718501
21780,125.0,117.4600098718501
21169,137.0,117.4600098718501
18670,133.0,117.4600098718501
8171,71.0,117.4600098718501
22911,122.0,117.4600098718501
11339,126.0,117.4600098718501
5827,119.0,117.4600098718501
728,132.0,117.4600098718501
10669,65.0,117.4600098718501
5080,90.0,117.4600098718501
17768,141.0,117.4600098718501
3365,161.0,117.4600098718501
14891,60.0,117.4600098718501
3503,134.0,117.4600098718501
8401,128.0,117.4600098718501
11932,142.0,117.4600098718501
8893,145.0,117.4600098718501
4435,131.0,136.57288569861126
9475,130.0,117.4600098718501
9583,81.0,117.4600098718501
5094,143.0,143.97028822448118
7679,102.0,117.4600098718501
11249,72.0,117.4600098718501
18948,81.0,117.4600098718501
8677,140.0,117.4600098718501
11260,104.0,117.4600098718501
19765,133.0,117.4600098718501
7428,118.0,117.4600098718501
840,82.0,117.4600098718501
0,143.0,141.83520991796541
18224,75.0,117.4600098718501
18398,72.0,117.4600098718501
2591,84.0,117.4600098718501
45,138.0,117.4600098718501
11912,84.0,118.40445890361175
19126,126.0,130.105945303681
11108,61.0,117.4600098718501
27,151.0,117.4600098718501
20081,151.0,117.4600098718501
18362,157.0,117.4600098718501
3237,141.0,117.4600098718501
16508,124.0,117.4600098718501
18687,134.0,133.2805954190364
22859,153.0,117.4600098718501
9809,72.0,117.4600098718501
10992,153.0,117.4600098718501
1103,75.0,117.4600098718501
387,79.0,117.4600098718501
6784,69.0,117.4600098718501
8522,79.0,117.4600098718501
3403,148.0,117.4600098718501
22389,164.0,117.4600098718501
6509,124.0,117.4600098718501
4135,79.0,117.4600098718501
2017,139.0,129.2570615442241
23820,160.0,117.4600098718501
18341,136.0,137.8805016134047
22602,141.0,117.4600098718501
23884,82.0,117.4600098718501
16935,136.0,117.4600098718501
6161,133.0,117.4600098718501
5464,84.0,117.4600098718501
21063,107.0,117.4600098718501
2748,79.0,117.4600098718501
17526,148.0,117.4600098718501
21979,129.0,138.36852309842604
23702,135.0,117.4600098718501
14083,82.0,117.4600098718501
607,62.0,117.4600098718501
14247,94.0,117.4600098718501
1324,156.0,117.4600098718501
4896,89.0,117.4600098718501
22310,135.0,117.4600098718501
17035,151.0,117.4600098718501
1388,113.0,117.4600098718501
8674,145.0,117.4600098718501
16158,128.0,117.4600098718501
17911,149.0,117.4600098718501
8229,92.0,117.4600098718501
3470,123.0,117.4600098718501
17422,148.0,117.4600098718501
15366,145.0,117.4600098718501
13612,144.0,117.4600098718501
16429,67.0,117.4600098718501
4555,128.0,117.4600098718501
3727,123.0,117.4600098718501
23858,150.0,117.4600098718501
1962,115.0,117.4600098718501
23548,122.0,117.4600098718501
13253,128.0,117.4600098718501
3817,119.0,117.4600098718501
19817,88.0,117.4600098718501
8727,84.0,117.4600098718501
7902,57.0,117.4600098718501
15970,164.0,117.4600098718501
16556,139.0,117.4600098718501
10370,131.0,117.4600098718501
16258,140.0,117.4600098718501
3622,123.0,117.4600098718501
23070,162.0,117.4600098718501
11899,135.0,117.4600098718501
19458,105.0,117.4600098718501
15950,151.0,117.4600098718501
22203,129.0,137.50317498739244
16660,115.0,117.4600098718501
14250,65.0,117.4600098718501
23803,132.0,117.4600098718501
23717,145.0,117.4600098718501
22642,139.0,117.4600098718501
4783,167.0,150.6181434057924
2793,141.0,130.59753344390123
22942,158.0,117.4600098718501
18642,129.0,135.46725030832877
8295,83.0,117.4600098718501
12665,116.0,117.4600098718501
11309,155.0,117.4600098718501
15465,159.0,117.4600098718501
13044,143.0,117.4600098718501
17720,131.0,117.4600098718501
15185,136.0,117.4600098718501
14148,92.0,117.4600098718501
22613,130.0,117.4600098718501
7328,153.0,117.4600098718501
4563,110.0,117.4600098718501
7035,103.0,117.4600098718501
22792,86.0,117.4600098718501
8179,72.0,117.4600098718501
16430,72.0,117.4600098718501
21128,157.0,143.22672462270347
810,69.0,117.4600098718501
11877,141.0,117.4600098718501
12464,106.0,117.4600098718501
700,66.0,117.4600098718501
848,122.0,117.4600098718501
333,102.0,117.4600098718501
13517,95.0,117.4600098718501
3841,93.0,117.4600098718501
7967,146.0,117.4600098718501
14893,63.0,117.4600098718501
23357,125.0,117.4600098718501
19846,59.0,117.4600098718501
13247,138.0,137.21130497308943
17233,80.0,117.4600098718501
18002,86.0,117.4600098718501
14049,113.0,117.4600098718501
3786,138.0,117.4600098718501
8314,136.0,117.4600098718501
5283,158.0,117.4600098718501
14388,130.0,117.4600098718501
4542,114.0,117.4600098718501
5219,139.0,117.4600098718501
10519,135.0,117.4600098718501
1210,154.0,117.4600098718501
6897,80.0,117.4600098718501
2389,110.0,117.4600098718501
927,150.0,117.4600098718501
18020,148.0,117.4600098718501
23525,126.0,117.4600098718501
573,66.0,117.4600098718501
15176,152.0,117.4600098718501
3753,142.0,117.4600098718501
6477,136.0,117.4600098718501
10692,137.0,117.4600098718501
22380,143.0,117.4600098718501
18344,137.0,117.4600098718501
1607,114.0,117.4600098718501
18202,127.0,117.4600098718501
11713,127.0,117.4600098718501
8091,97.0,117.4600098718501
12039,138.0,117.4600098718501
16243,144.0,117.4600098718501
14729,133.0,117.4600098718501
22729,135.0,117.4600098718501
2137,73.0,117.4600098718501
16276,135.0,117.4600098718501
10015,63.0,117.4600098718501
21577,113.0,127.36254563806614
13405,76.0,117.4600098718501
19300,106.0,117.4600098718501
22693,146.0,117.4600098718501
8512,108.0,117.4600098718501
19413,157.0,136.8297555888771
3723,73.0,117.4600098718501
15583,90.0,117.4600098718501
13950,131.0,117.4600098718501
681,129.0,117.4600098718501
21656,137.0,117.4600098718501
18909,160.0,117.4600098718501
1350,78.0,117.4600098718501
1622,92.0,117.4600098718501
16447,150.0,139.76137488130567
5668,143.0,117.4600098718501
14483,161.0,117.4600098718501
14041,66.0,117.4600098718501
1626,100.0,117.4600098718501
16688,126.0,117.4600098718501
13525,110.0,117.4600098718501
14611,120.0,117.4600098718501
9071,116.0,117.4600098718501
21912,135.0,117.4600098718501
