,y_test,prediction
22868,167.0,117.48263285314913
3180,154.0,117.48263285314913
9565,144.0,117.48263285314913
4565,121.0,117.48263285314913
1456,151.0,117.48263285314913
20385,149.0,117.48263285314913
20471,102.0,117.48263285314913
16376,107.0,117.48263285314913
9824,96.0,117.48263285314913
1304,81.0,117.48263285314913
2446,89.0,117.48263285314913
9506,133.0,117.48263285314913
23359,138.0,117.48263285314913
22039,128.0,117.48263285314913
7159,133.0,117.48263285314913
8146,133.0,117.48263285314913
15344,93.0,117.48263285314913
4618,130.0,138.5732355955354
7357,135.0,117.48263285314913
7561,94.0,117.48263285314913
22648,126.0,117.48263285314913
10198,136.0,131.35233354142198
3297,156.0,117.48263285314913
8127,144.0,117.48263285314913
8429,114.0,117.48263285314913
15240,138.0,143.08641502535914
19702,112.0,117.48263285314913
10918,94.0,117.48263285314913
13112,60.0,117.48263285314913
5479,152.0,130.69422635350242
14428,79.0,117.48263285314913
15080,121.0,117.48263285314913
23608,125.0,117.48263285314913
7979,144.0,117.48263285314913
9213,101.0,117.48263285314913
705,96.0,117.48263285314913
8335,131.0,130.94297862490822
1091,58.0,117.48263285314913
3347,154.0,117.48263285314913
18210,127.0,117.48263285314913
12717,138.0,117.48263285314913
20760,118.0,117.48263285314913
21641,127.0,117.48263285314913
13311,142.0,117.48263285314913
74,119.0,117.48263285314913
8047,67.0,117.48263285314913
22950,134.0,117.48263285314913
23527,125.0,117.48263285314913
7890,56.0,117.48263285314913
1032,147.0,132.7590856328099
9980,120.0,117.48263285314913
4974,121.0,117.48263285314913
801,121.0,127.18010818384697
9779,120.0,117.48263285314913
11052,157.0,117.48263285314913
12981,150.0,117.48263285314913
9735,107.0,136.57531786405642
9268,128.0,117.48263285314913
4666,154.0,148.90196863396756
8253,120.0,117.48263285314913
3449,150.0,117.48263285314913
8302,75.0,117.48263285314913
7186,135.0,117.48263285314913
22451,133.0,117.48263285314913
6546,90.0,135.8600184644438
22140,154.0,140.85973971908757
8698,106.0,117.48263285314913
23641,140.0,117.48263285314913
17143,94.0,117.48263285314913
1029,116.0,117.48263285314913
5275,134.0,117.48263285314913
19795,118.0,117.48263285314913
14860,153.0,117.48263285314913
18615,136.0,117.48263285314913
14417,130.0,117.48263285314913
410,129.0,117.48263285314913
13340,128.0,117.48263285314913
23474,91.0,117.48263285314913
212,150.0,117.48263285314913
19053,123.0,133.692221227312
3677,123.0,117.48263285314913
5102,119.0,117.48263285314913
9237,65.0,117.48263285314913
4794,98.0,117.48263285314913
15814,157.0,138.6638029355629
12669,106.0,117.48263285314913
8858,140.0,117.48263285314913
17844,127.0,117.48263285314913
9797,67.0,117.48263285314913
19908,83.0,117.48263285314913
17568,137.0,117.48263285314913
4268,161.0,117.48263285314913
8887,145.0,144.85842763098896
6733,142.0,117.48263285314913
3283,128.0,117.48263285314913
17582,86.0,117.48263285314913
23744,91.0,117.48263285314913
2986,145.0,117.48263285314913
12629,126.0,117.48263285314913
20436,125.0,117.48263285314913
6473,141.0,117.48263285314913
21306,136.0,117.48263285314913
8985,70.0,117.48263285314913
17137,106.0,117.48263285314913
8425,121.0,117.48263285314913
12495,119.0,117.48263285314913
1484,83.0,117.48263285314913
22094,154.0,146.31555184826962
21743,107.0,117.48263285314913
1502,138.0,133.88427621203
4787,71.0,117.48263285314913
15449,86.0,117.48263285314913
21777,128.0,117.48263285314913
15971,147.0,117.48263285314913
726,132.0,117.48263285314913
16333,82.0,117.48263285314913
9380,151.0,117.48263285314913
4174,116.0,117.48263285314913
18871,67.0,117.48263285314913
19309,87.0,117.48263285314913
3361,156.0,117.48263285314913
9458,68.0,117.48263285314913
23199,87.0,117.48263285314913
9145,129.0,117.48263285314913
17586,84.0,117.48263285314913
11077,117.0,117.48263285314913
15112,101.0,117.48263285314913
4517,134.0,117.48263285314913
5525,134.0,117.48263285314913
5438,134.0,117.48263285314913
7475,151.0,117.48263285314913
8578,100.0,117.48263285314913
19969,85.0,117.48263285314913
17916,115.0,117.48263285314913
15129,137.0,132.15803628200888
10397,141.0,117.48263285314913
3152,144.0,117.48263285314913
17837,119.0,117.48263285314913
1641,134.0,117.48263285314913
18584,111.0,117.48263285314913
1258,130.0,117.48263285314913
21878,144.0,117.48263285314913
14738,89.0,117.48263285314913
3384,162.0,117.48263285314913
13013,131.0,117.48263285314913
15052,128.0,118.06455276926947
2714,127.0,129.86408771895952
316,149.0,117.48263285314913
8498,141.0,117.48263285314913
23202,149.0,117.48263285314913
4094,146.0,136.58424450511137
17581,95.0,117.48263285314913
2638,84.0,117.48263285314913
17971,170.0,117.48263285314913
9643,120.0,124.99479398777189
18104,121.0,117.48263285314913
13665,138.0,130.11679983975412
7576,117.0,117.48263285314913
2142,82.0,117.48263285314913
11075,111.0,117.48263285314913
20070,105.0,140.31733065448174
8902,142.0,117.48263285314913
4087,139.0,117.48263285314913
9003,128.0,117.48263285314913
11287,87.0,117.48263285314913
6564,158.0,117.48263285314913
199,126.0,117.48263285314913
4248,133.0,117.48263285314913
5276,150.0,117.48263285314913
14610,135.0,117.48263285314913
23248,117.0,117.48263285314913
3192,83.0,117.48263285314913
18783,56.0,117.48263285314913
1448,71.0,117.48263285314913
15991,78.0,117.48263285314913
11911,89.0,117.48263285314913
14966,147.0,117.48263285314913
19094,76.0,117.48263285314913
3284,129.0,117.48263285314913
13872,104.0,117.48263285314913
1384,120.0,117.48263285314913
1911,124.0,117.48263285314913
3747,153.0,117.48263285314913
6765,125.0,117.48263285314913
16417,82.0,117.48263285314913
22480,126.0,117.48263285314913
20004,112.0,117.48263285314913
13158,150.0,117.48263285314913
1681,164.0,117.48263285314913
8276,78.0,117.48263285314913
13546,116.0,117.48263285314913
14512,122.0,117.48263285314913
22595,127.0,117.48263285314913
21771,126.0,117.48263285314913
14638,88.0,117.48263285314913
11702,136.0,117.48263285314913
13212,114.0,117.48263285314913
19314,82.0,117.48263285314913
22791,137.0,117.48263285314913
19459,116.0,117.48263285314913
11119,72.0,117.48263285314913
18275,79.0,117.48263285314913
21714,147.0,117.48263285314913
22761,138.0,117.48263285314913
1886,126.0,117.48263285314913
15464,150.0,117.48263285314913
13983,79.0,117.48263285314913
9703,129.0,117.48263285314913
21522,138.0,117.48263285314913
2999,113.0,117.48263285314913
19412,107.0,117.48263285314913
10715,70.0,117.48263285314913
17544,141.0,117.48263285314913
17886,69.0,117.48263285314913
8288,170.0,144.88378024078065
8880,156.0,117.48263285314913
4133,88.0,117.48263285314913
16314,102.0,117.48263285314913
6603,132.0,117.48263285314913
9258,158.0,145.9207411541351
21987,65.0,117.48263285314913
10781,142.0,117.48263285314913
8930,136.0,141.0385740852006
22150,126.0,117.48263285314913
137,152.0,117.48263285314913
23728,144.0,117.48263285314913
16065,93.0,117.48263285314913
1953,161.0,117.48263285314913
18999,121.0,117.48263285314913
18501,90.0,117.48263285314913
14255,88.0,117.48263285314913
18575,117.0,117.48263285314913
15674,154.0,117.48263285314913
11748,141.0,117.48263285314913
4426,122.0,117.48263285314913
6804,72.0,117.48263285314913
21135,126.0,117.48263285314913
302,83.0,117.48263285314913
4026,103.0,117.48263285314913
2356,137.0,117.48263285314913
23680,78.0,117.48263285314913
836,85.0,117.48263285314913
3199,97.0,117.48263285314913
17129,151.0,117.48263285314913
8983,65.0,117.48263285314913
265,103.0,117.48263285314913
526,141.0,117.48263285314913
9528,157.0,117.48263285314913
6700,102.0,117.48263285314913
22296,153.0,117.48263285314913
7272,143.0,117.48263285314913
7469,142.0,117.48263285314913
1757,112.0,117.48263285314913
8370,139.0,117.48263285314913
19002,100.0,117.48263285314913
10940,84.0,117.48263285314913
14121,125.0,135.479941408738
2342,160.0,117.48263285314913
18778,69.0,117.48263285314913
17272,76.0,117.48263285314913
8414,149.0,141.14815710761167
4467,115.0,117.48263285314913
22912,133.0,117.48263285314913
15139,160.0,117.48263285314913
19186,69.0,117.48263285314913
16633,108.0,117.48263285314913
5374,77.0,117.48263285314913
5510,71.0,117.48263285314913
11221,126.0,117.48263285314913
13406,77.0,117.48263285314913
20828,107.0,117.48263285314913
2527,151.0,117.48263285314913
10522,120.0,117.48263285314913
16354,136.0,117.48263285314913
9371,108.0,117.48263285314913
5062,139.0,117.48263285314913
9927,77.0,117.48263285314913
9426,151.0,117.48263285314913
13236,136.0,117.48263285314913
11926,57.0,117.48263285314913
21997,150.0,117.48263285314913
17999,83.0,117.48263285314913
1089,57.0,117.48263285314913
11924,70.0,117.48263285314913
15434,152.0,117.48263285314913
23468,95.0,117.48263285314913
20532,110.0,117.48263285314913
12439,158.0,135.31977943214946
2338,131.0,117.48263285314913
9356,91.0,117.48263285314913
3570,109.0,117.48263285314913
10073,103.0,117.48263285314913
14805,155.0,117.48263285314913
13815,74.0,117.48263285314913
13514,97.0,117.48263285314913
14137,78.0,131.57376655217678
4182,140.0,117.48263285314913
3679,94.0,117.48263285314913
17156,140.0,117.48263285314913
12874,103.0,117.48263285314913
14658,90.0,117.48263285314913
15171,144.0,117.48263285314913
2413,128.0,117.48263285314913
3202,100.0,117.48263285314913
20658,73.0,117.48263285314913
18648,149.0,117.48263285314913
15146,143.0,117.48263285314913
15893,131.0,117.48263285314913
2370,69.0,117.48263285314913
4610,83.0,117.48263285314913
17875,78.0,117.48263285314913
23041,119.0,117.48263285314913
3737,161.0,117.48263285314913
13073,139.0,117.48263285314913
12442,128.0,117.48263285314913
13988,135.0,117.48263285314913
8468,141.0,117.48263285314913
20989,131.0,133.0077754451559
2481,109.0,117.48263285314913
17954,84.0,117.48263285314913
12189,112.0,117.48263285314913
10065,114.0,117.48263285314913
15489,134.0,131.27437863370466
8353,128.0,117.48263285314913
22567,154.0,117.48263285314913
3717,88.0,117.48263285314913
18533,81.0,117.48263285314913
20063,128.0,117.48263285314913
544,139.0,117.48263285314913
11321,130.0,117.48263285314913
4898,98.0,117.48263285314913
9889,73.0,117.48263285314913
13909,145.0,117.48263285314913
8789,66.0,117.48263285314913
12758,85.0,117.48263285314913
19283,128.0,117.48263285314913
22661,132.0,117.48263285314913
15976,144.0,117.48263285314913
10534,112.0,117.48263285314913
14076,61.0,117.48263285314913
20342,125.0,117.48263285314913
22258,117.0,117.48263285314913
9832,144.0,117.48263285314913
5873,129.0,117.48263285314913
10321,105.0,117.48263285314913
15702,122.0,117.48263285314913
22893,145.0,117.48263285314913
15532,107.0,117.48263285314913
14441,86.0,117.48263285314913
19623,70.0,117.48263285314913
18745,117.0,117.48263285314913
7449,163.0,139.56781094736516
6918,133.0,117.48263285314913
17924,126.0,117.48263285314913
11761,75.0,117.48263285314913
2586,165.0,117.48263285314913
4498,99.0,117.48263285314913
7247,147.0,117.48263285314913
14766,117.0,117.48263285314913
7075,101.0,117.48263285314913
12165,134.0,117.48263285314913
22818,151.0,117.48263285314913
5753,141.0,117.48263285314913
20229,147.0,117.48263285314913
23394,154.0,117.48263285314913
22965,129.0,117.48263285314913
20863,146.0,117.48263285314913
17266,85.0,117.48263285314913
13375,129.0,117.48263285314913
15511,142.0,117.48263285314913
19768,132.0,117.48263285314913
23800,136.0,117.48263285314913
5739,118.0,117.48263285314913
20795,103.0,117.48263285314913
10817,137.0,117.48263285314913
1123,91.0,117.48263285314913
19618,78.0,117.48263285314913
20472,101.0,117.48263285314913
147,152.0,117.48263285314913
3888,139.0,117.48263285314913
11754,148.0,117.48263285314913
6943,75.0,136.31937455636273
7284,123.0,117.48263285314913
4455,116.0,117.48263285314913
13403,72.0,117.48263285314913
683,123.0,117.48263285314913
563,111.0,117.48263285314913
11107,85.0,117.48263285314913
1586,96.0,117.48263285314913
17048,170.0,117.48263285314913
13555,116.0,117.48263285314913
14207,145.0,117.48263285314913
20972,114.0,117.48263285314913
5727,110.0,117.48263285314913
5473,134.0,117.48263285314913
23308,122.0,117.48263285314913
282,90.0,117.48263285314913
16033,93.0,117.48263285314913
16427,72.0,117.48263285314913
6635,81.0,117.48263285314913
17838,145.0,117.48263285314913
10000,93.0,117.48263285314913
14830,109.0,117.48263285314913
18537,82.0,117.48263285314913
2159,138.0,134.0397797442477
7789,153.0,117.48263285314913
13411,131.0,117.48263285314913
14751,116.0,117.48263285314913
11185,89.0,117.48263285314913
22836,82.0,117.48263285314913
20741,81.0,117.48263285314913
3926,158.0,146.71562733083795
4515,132.0,117.48263285314913
20525,106.0,117.48263285314913
3724,73.0,117.48263285314913
12404,109.0,117.48263285314913
2195,141.0,117.48263285314913
1618,100.0,117.48263285314913
12293,159.0,117.48263285314913
15226,83.0,117.48263285314913
7771,115.0,117.48263285314913
10403,140.0,117.48263285314913
6831,89.0,117.48263285314913
731,124.0,117.48263285314913
22825,137.0,117.48263285314913
18554,132.0,117.48263285314913
6692,83.0,117.48263285314913
19169,123.0,129.89437255137506
20441,136.0,117.48263285314913
10802,72.0,117.48263285314913
21966,131.0,117.48263285314913
21422,102.0,117.48263285314913
10784,58.0,117.48263285314913
15170,126.0,117.48263285314913
18577,123.0,117.48263285314913
23639,139.0,117.48263285314913
8567,148.0,117.48263285314913
9798,57.0,117.48263285314913
8511,113.0,117.48263285314913
1227,129.0,117.48263285314913
189,97.0,117.48263285314913
9276,104.0,117.48263285314913
223,130.0,117.48263285314913
5860,75.0,117.48263285314913
13740,145.0,117.48263285314913
2359,134.0,117.48263285314913
18512,131.0,117.48263285314913
13024,80.0,117.48263285314913
18377,147.0,117.48263285314913
13103,117.0,117.48263285314913
7125,123.0,117.48263285314913
9103,125.0,117.48263285314913
4342,162.0,117.48263285314913
8637,122.0,117.48263285314913
7889,65.0,117.48263285314913
1775,139.0,117.48263285314913
1430,60.0,117.48263285314913
21739,102.0,117.48263285314913
3262,125.0,117.48263285314913
11731,141.0,117.48263285314913
18961,84.0,117.48263285314913
5446,146.0,117.48263285314913
2027,154.0,133.14773851794425
10431,133.0,117.48263285314913
4385,156.0,143.2332527047242
12303,115.0,117.48263285314913
3221,79.0,117.48263285314913
13100,112.0,117.48263285314913
14902,69.0,117.48263285314913
18742,114.0,117.48263285314913
7096,133.0,117.48263285314913
5001,84.0,123.63467013677763
61,139.0,117.48263285314913
20022,78.0,117.48263285314913
12823,156.0,117.48263285314913
3955,136.0,117.48263285314913
7936,147.0,117.48263285314913
7866,114.0,117.48263285314913
8164,141.0,117.48263285314913
9978,148.0,117.48263285314913
22652,137.0,117.48263285314913
742,65.0,117.48263285314913
20354,147.0,117.48263285314913
7306,128.0,117.48263285314913
7761,118.0,117.48263285314913
15729,131.0,126.1625629309161
14105,147.0,147.41886437120053
20918,123.0,117.48263285314913
2650,121.0,117.48263285314913
23775,152.0,117.48263285314913
10307,64.0,117.48263285314913
1489,88.0,117.48263285314913
16265,136.0,117.48263285314913
12351,107.0,117.48263285314913
996,153.0,117.48263285314913
13984,81.0,117.48263285314913
18516,136.0,117.48263285314913
14330,129.0,127.10988670571969
5136,147.0,142.76514321459558
2501,114.0,117.48263285314913
12965,63.0,117.48263285314913
6520,156.0,117.48263285314913
20765,114.0,117.48263285314913
6440,153.0,117.48263285314913
9390,121.0,117.48263285314913
16943,134.0,117.48263285314913
14489,122.0,117.48263285314913
4144,157.0,117.48263285314913
23278,93.0,117.48263285314913
11763,72.0,117.48263285314913
16937,133.0,117.48263285314913
4741,134.0,117.48263285314913
7726,134.0,117.48263285314913
17892,132.0,117.48263285314913
1804,133.0,117.48263285314913
18985,106.0,117.48263285314913
5500,86.0,117.48263285314913
23666,125.0,117.48263285314913
5651,144.0,117.48263285314913
15579,139.0,117.48263285314913
22901,141.0,117.48263285314913
16331,92.0,117.48263285314913
15665,94.0,117.48263285314913
5588,113.0,117.48263285314913
11928,82.0,117.48263285314913
9847,135.0,117.48263285314913
23164,118.0,117.48263285314913
12784,125.0,117.48263285314913
15245,171.0,117.48263285314913
3102,82.0,117.48263285314913
23980,150.0,117.48263285314913
14812,138.0,117.48263285314913
14572,67.0,117.48263285314913
13541,138.0,117.48263285314913
7719,133.0,117.48263285314913
15691,136.0,117.48263285314913
2061,121.0,117.48263285314913
5039,134.0,117.48263285314913
6932,77.0,117.48263285314913
10464,171.0,117.48263285314913
18865,132.0,117.48263285314913
23904,112.0,117.48263285314913
16963,139.0,117.48263285314913
14636,98.0,117.48263285314913
4484,156.0,117.48263285314913
3244,139.0,117.48263285314913
13449,147.0,117.48263285314913
4196,128.0,117.48263285314913
18630,140.0,117.48263285314913
20447,138.0,117.48263285314913
7571,72.0,117.48263285314913
6905,73.0,117.48263285314913
23229,131.0,117.48263285314913
17614,141.0,139.86045497778014
4545,75.0,117.48263285314913
21266,140.0,117.48263285314913
4872,84.0,117.48263285314913
176,135.0,117.48263285314913
17003,138.0,117.48263285314913
769,125.0,117.48263285314913
13553,122.0,117.48263285314913
12751,104.0,117.48263285314913
5837,90.0,117.48263285314913
23262,120.0,117.48263285314913
18335,137.0,117.48263285314913
18773,141.0,117.48263285314913
7597,161.0,117.48263285314913
19990,80.0,117.48263285314913
16412,67.0,117.48263285314913
17396,125.0,131.8519934079448
4138,71.0,117.48263285314913
14134,76.0,117.48263285314913
7343,149.0,117.48263285314913
10937,89.0,117.48263285314913
1041,116.0,117.48263285314913
18967,81.0,117.48263285314913
13254,127.0,117.48263285314913
13761,108.0,117.48263285314913
9569,116.0,139.69707548058244
17620,132.0,117.48263285314913
23733,146.0,117.48263285314913
4900,106.0,117.48263285314913
20337,126.0,117.48263285314913
8359,154.0,117.48263285314913
19307,91.0,117.48263285314913
23091,151.0,117.48263285314913
7737,130.0,117.48263285314913
12579,110.0,117.48263285314913
5564,156.0,117.48263285314913
17500,141.0,117.48263285314913
13280,71.0,117.48263285314913
23947,141.0,117.48263285314913
7743,137.0,117.48263285314913
23272,156.0,117.48263285314913
13549,119.0,117.48263285314913
5687,76.0,117.48263285314913
19870,170.0,149.72180179084404
21011,143.0,117.48263285314913
9375,132.0,117.48263285314913
1401,147.0,136.9036952305246
21627,133.0,117.48263285314913
23793,150.0,117.48263285314913
9588,80.0,117.48263285314913
9994,122.0,117.48263285314913
15391,132.0,117.48263285314913
2234,95.0,117.48263285314913
3391,124.0,117.48263285314913
2324,120.0,124.4743005759994
4691,130.0,117.48263285314913
7993,143.0,117.48263285314913
21029,108.0,117.48263285314913
23901,135.0,117.48263285314913
18746,102.0,117.48263285314913
7199,101.0,117.48263285314913
1546,68.0,117.48263285314913
10914,89.0,117.48263285314913
613,66.0,117.48263285314913
2248,135.0,117.48263285314913
23633,142.0,117.48263285314913
5255,126.0,117.48263285314913
10068,110.0,117.48263285314913
23173,133.0,117.48263285314913
22468,162.0,117.48263285314913
11002,131.0,117.48263285314913
7180,148.0,117.48263285314913
22045,129.0,117.48263285314913
16043,135.0,117.48263285314913
15828,118.0,117.48263285314913
4957,127.0,117.48263285314913
20012,136.0,117.48263285314913
1146,152.0,117.48263285314913
23387,119.0,117.48263285314913
168,135.0,117.48263285314913
542,135.0,117.48263285314913
13387,139.0,117.48263285314913
7907,69.0,117.48263285314913
22047,132.0,117.48263285314913
23363,150.0,117.48263285314913
19605,147.0,135.7855886899122
3965,90.0,117.48263285314913
14264,156.0,136.9102835695607
293,147.0,117.48263285314913
4689,144.0,117.48263285314913
20632,92.0,117.48263285314913
22401,143.0,117.48263285314913
15535,109.0,117.48263285314913
3247,142.0,117.48263285314913
15205,139.0,117.48263285314913
20406,131.0,117.48263285314913
9669,120.0,117.48263285314913
23683,135.0,117.48263285314913
19853,72.0,117.48263285314913
332,108.0,117.48263285314913
18147,129.0,117.48263285314913
3574,133.0,117.48263285314913
21491,146.0,117.48263285314913
10194,135.0,117.48263285314913
13125,104.0,117.48263285314913
23966,133.0,117.48263285314913
21285,116.0,142.62806805499093
12108,131.0,117.48263285314913
15865,117.0,117.48263285314913
7410,160.0,117.48263285314913
21749,149.0,117.48263285314913
17745,111.0,117.48263285314913
2683,148.0,117.48263285314913
19709,146.0,135.0573092922661
23324,131.0,117.48263285314913
3681,87.0,117.48263285314913
22494,118.0,117.48263285314913
21293,159.0,117.48263285314913
5379,73.0,117.48263285314913
14193,138.0,117.48263285314913
517,95.0,117.48263285314913
10146,134.0,117.48263285314913
1178,115.0,117.48263285314913
23085,170.0,117.48263285314913
23058,121.0,117.48263285314913
21485,121.0,128.8039089924486
10806,82.0,117.48263285314913
3833,118.0,117.48263285314913
5104,118.0,117.48263285314913
12312,142.0,117.48263285314913
11102,99.0,117.48263285314913
7400,116.0,117.48263285314913
17852,147.0,117.48263285314913
22780,140.0,117.48263285314913
21040,101.0,117.48263285314913
7955,126.0,117.48263285314913
13796,126.0,117.48263285314913
20597,135.0,117.48263285314913
14585,116.0,117.48263285314913
7398,124.0,117.48263285314913
18246,121.0,117.48263285314913
15780,64.0,117.48263285314913
20157,66.0,117.48263285314913
5249,103.0,117.48263285314913
11012,141.0,117.48263285314913
17773,141.0,117.48263285314913
12880,104.0,117.48263285314913
1646,147.0,117.48263285314913
13265,109.0,117.48263285314913
4336,132.0,132.66711075373223
12141,158.0,117.48263285314913
20323,133.0,117.48263285314913
2886,123.0,117.48263285314913
18593,161.0,117.48263285314913
2810,94.0,117.48263285314913
20320,114.0,117.48263285314913
23510,127.0,117.48263285314913
8185,96.0,117.48263285314913
3106,83.0,117.48263285314913
10900,110.0,117.48263285314913
6760,155.0,117.48263285314913
19980,75.0,117.48263285314913
8657,113.0,117.48263285314913
11919,80.0,117.48263285314913
23607,131.0,117.48263285314913
8816,133.0,117.48263285314913
3539,62.0,117.48263285314913
18011,105.0,117.48263285314913
10764,101.0,117.48263285314913
16740,106.0,117.48263285314913
22282,152.0,117.48263285314913
22326,77.0,117.48263285314913
3344,115.0,117.48263285314913
20581,153.0,117.48263285314913
243,140.0,117.48263285314913
14931,99.0,131.1443341966216
5207,109.0,117.48263285314913
2654,113.0,117.48263285314913
20024,82.0,117.48263285314913
8158,139.0,140.03690473987953
16123,147.0,117.48263285314913
2486,99.0,117.48263285314913
18272,80.0,117.48263285314913
7154,137.0,117.48263285314913
3640,139.0,117.48263285314913
17167,120.0,117.48263285314913
553,119.0,117.48263285314913
7023,66.0,117.48263285314913
19011,77.0,117.48263285314913
5074,82.0,117.48263285314913
6786,69.0,117.48263285314913
11726,142.0,117.48263285314913
16931,157.0,117.48263285314913
21724,80.0,117.48263285314913
115,148.0,117.48263285314913
5480,132.0,117.48263285314913
8927,136.0,117.48263285314913
17749,113.0,117.48263285314913
4450,122.0,117.48263285314913
22338,118.0,117.48263285314913
524,143.0,117.48263285314913
8182,113.0,117.48263285314913
14496,108.0,117.48263285314913
23397,161.0,117.48263285314913
17189,147.0,117.48263285314913
6652,114.0,117.48263285314913
13588,124.0,117.48263285314913
22881,137.0,117.48263285314913
8262,119.0,117.48263285314913
13040,77.0,117.48263285314913
13275,81.0,117.48263285314913
14628,106.0,117.48263285314913
7517,136.0,117.48263285314913
16016,72.0,117.48263285314913
23768,174.0,117.48263285314913
21835,93.0,117.48263285314913
5638,157.0,117.48263285314913
2568,132.0,114.0422916717172
12174,107.0,117.48263285314913
17695,145.0,117.48263285314913
3658,148.0,117.48263285314913
14448,134.0,132.08117628837556
3132,142.0,146.47198978515786
10427,110.0,117.48263285314913
23410,129.0,117.48263285314913
3899,145.0,117.48263285314913
16969,108.0,117.48263285314913
12162,114.0,117.48263285314913
4141,157.0,142.18395841222406
14243,103.0,117.48263285314913
19155,81.0,117.48263285314913
12741,137.0,117.48263285314913
7565,91.0,117.48263285314913
23135,92.0,117.48263285314913
15773,59.0,117.48263285314913
1603,122.0,117.48263285314913
22478,131.0,117.48263285314913
1408,134.0,117.48263285314913
7834,117.0,117.48263285314913
22957,161.0,117.48263285314913
459,100.0,117.48263285314913
4965,129.0,117.48263285314913
17159,159.0,117.48263285314913
270,111.0,117.48263285314913
23390,109.0,117.48263285314913
7744,125.0,138.26808297806767
23654,150.0,117.48263285314913
17703,129.0,117.48263285314913
9522,157.0,117.48263285314913
5201,114.0,117.48263285314913
7086,125.0,117.48263285314913
22057,91.0,117.48263285314913
14316,128.0,117.48263285314913
8769,120.0,117.48263285314913
23292,134.0,117.48263285314913
5616,158.0,117.48263285314913
8965,161.0,137.48110765349898
2979,91.0,117.48263285314913
6628,106.0,117.48263285314913
22197,130.0,117.48263285314913
1730,152.0,131.4329637999798
4677,80.0,117.48263285314913
5301,82.0,117.48263285314913
4346,162.0,134.67129199414865
14358,122.0,117.48263285314913
1907,98.0,117.48263285314913
3028,106.0,117.48263285314913
23113,120.0,117.48263285314913
12060,135.0,117.48263285314913
12525,111.0,117.48263285314913
13148,97.0,117.48263285314913
20146,85.0,117.48263285314913
1558,129.0,117.48263285314913
3060,132.0,117.48263285314913
16085,118.0,117.48263285314913
17571,132.0,117.48263285314913
4878,78.0,117.48263285314913
8754,112.0,117.48263285314913
6535,149.0,117.48263285314913
1515,136.0,117.48263285314913
12869,86.0,117.48263285314913
22433,115.0,117.48263285314913
9960,159.0,117.48263285314913
7671,117.0,117.48263285314913
23065,141.0,117.48263285314913
22291,139.0,129.41949610332236
17649,116.0,117.48263285314913
13215,105.0,117.48263285314913
15500,122.0,117.48263285314913
8732,78.0,117.48263285314913
6633,110.0,117.48263285314913
12790,136.0,117.48263285314913
13940,111.0,117.48263285314913
21653,130.0,117.48263285314913
17677,146.0,117.48263285314913
17921,130.0,117.48263285314913
1290,137.0,117.48263285314913
5119,89.0,117.48263285314913
496,82.0,117.48263285314913
16374,98.0,117.48263285314913
5011,68.0,117.48263285314913
18358,78.0,117.48263285314913
10628,129.0,117.48263285314913
23499,133.0,117.48263285314913
19373,98.0,117.48263285314913
17438,103.0,117.48263285314913
8261,122.0,117.48263285314913
17975,168.0,117.48263285314913
16069,89.0,117.48263285314913
14619,132.0,117.48263285314913
1878,144.0,137.568568216221
15616,81.0,117.48263285314913
20411,105.0,117.48263285314913
19594,135.0,117.48263285314913
18543,68.0,117.48263285314913
5271,133.0,117.48263285314913
4058,131.0,117.48263285314913
22932,130.0,117.48263285314913
1737,114.0,117.48263285314913
10289,118.0,117.48263285314913
17041,101.0,117.48263285314913
19587,117.0,117.48263285314913
7911,69.0,117.48263285314913
15436,147.0,117.48263285314913
17588,86.0,117.48263285314913
19762,159.0,117.48263285314913
3123,111.0,117.48263285314913
18006,113.0,117.48263285314913
10129,132.0,132.5435239139849
13667,156.0,117.48263285314913
10562,145.0,117.48263285314913
18940,86.0,117.48263285314913
11845,95.0,117.48263285314913
21078,151.0,117.48263285314913
15847,145.0,128.0047814860131
7708,138.0,117.48263285314913
7912,69.0,117.48263285314913
1505,143.0,140.76305754918977
13281,71.0,117.48263285314913
14324,130.0,129.07801418315105
2908,143.0,117.48263285314913
20728,107.0,117.48263285314913
20095,71.0,117.48263285314913
8589,75.0,117.48263285314913
8911,88.0,117.48263285314913
16083,125.0,117.48263285314913
4776,124.0,117.48263285314913
1492,119.0,117.48263285314913
22327,73.0,117.48263285314913
10043,138.0,117.48263285314913
19905,88.0,117.48263285314913
4795,140.0,117.48263285314913
14096,161.0,117.48263285314913
778,153.0,117.48263285314913
22941,153.0,117.48263285314913
18552,134.0,117.48263285314913
6945,76.0,117.48263285314913
18789,68.0,117.48263285314913
2680,137.0,117.48263285314913
2401,83.0,117.48263285314913
14908,141.0,117.48263285314913
17699,119.0,117.48263285314913
15103,112.0,117.48263285314913
9039,159.0,117.48263285314913
3607,127.0,117.48263285314913
8668,133.0,117.48263285314913
19215,147.0,139.47144237799574
9651,91.0,117.48263285314913
4971,116.0,117.48263285314913
722,154.0,117.48263285314913
5850,83.0,117.48263285314913
21536,113.0,117.48263285314913
51,159.0,117.48263285314913
5043,135.0,125.46135531744757
13201,65.0,117.48263285314913
13205,74.0,117.48263285314913
21224,120.0,117.48263285314913
7823,96.0,117.48263285314913
11721,144.0,117.48263285314913
2717,153.0,151.667985029171
4964,126.0,117.48263285314913
10228,116.0,134.9341991644105
4754,143.0,117.48263285314913
18759,89.0,117.48263285314913
23711,116.0,117.48263285314913
14153,113.0,117.48263285314913
23576,108.0,117.48263285314913
10469,144.0,117.48263285314913
16086,113.0,117.48263285314913
18124,150.0,145.98583736307629
10398,118.0,138.52941812587954
21756,124.0,117.48263285314913
1773,132.0,117.48263285314913
192,88.0,117.48263285314913
2152,148.0,140.8781466555876
17171,108.0,117.48263285314913
10036,109.0,117.48263285314913
5509,71.0,117.48263285314913
16382,140.0,117.48263285314913
3098,76.0,117.48263285314913
8392,135.0,117.48263285314913
16422,77.0,117.48263285314913
305,79.0,117.48263285314913
11092,90.0,117.48263285314913
22970,129.0,117.48263285314913
7645,150.0,117.48263285314913
22966,158.0,117.48263285314913
2708,122.0,117.48263285314913
23261,138.0,117.48263285314913
14296,137.0,117.48263285314913
495,72.0,117.48263285314913
15724,133.0,117.48263285314913
15445,150.0,142.69906089455156
15390,130.0,117.48263285314913
20194,110.0,117.48263285314913
19890,148.0,135.5661116639371
7943,153.0,135.80951692481204
1986,141.0,117.48263285314913
10218,98.0,117.48263285314913
4412,129.0,117.48263285314913
13689,118.0,117.48263285314913
2201,81.0,117.48263285314913
1367,109.0,117.48263285314913
11941,122.0,117.48263285314913
2251,152.0,117.48263285314913
1547,146.0,117.48263285314913
23573,113.0,117.48263285314913
14874,98.0,117.48263285314913
13160,118.0,117.48263285314913
5779,124.0,146.74981880285497
1434,69.0,117.48263285314913
15640,141.0,133.5017854249017
17361,104.0,117.48263285314913
22213,120.0,117.48263285314913
10673,125.0,134.4383861951586
1924,123.0,128.2762577779103
14059,63.0,117.48263285314913
5552,119.0,117.48263285314913
20646,64.0,117.48263285314913
19253,157.0,137.00897834749935
13962,122.0,117.48263285314913
407,76.0,117.48263285314913
13759,127.0,117.48263285314913
15792,170.0,117.48263285314913
16127,70.0,117.48263285314913
5451,114.0,117.48263285314913
23131,111.0,117.48263285314913
5846,118.0,117.48263285314913
2022,139.0,117.48263285314913
21443,160.0,117.48263285314913
13273,81.0,117.48263285314913
19081,129.0,117.48263285314913
6645,132.0,117.48263285314913
14005,106.0,117.48263285314913
5471,173.0,117.48263285314913
4452,118.0,117.48263285314913
2390,105.0,117.48263285314913
10085,81.0,117.48263285314913
14283,128.0,117.48263285314913
10315,104.0,117.48263285314913
20913,143.0,117.48263285314913
299,71.0,117.48263285314913
10088,85.0,117.48263285314913
5643,158.0,117.48263285314913
15983,79.0,117.48263285314913
23152,134.0,117.48263285314913
3285,126.0,117.48263285314913
20234,150.0,117.48263285314913
4528,161.0,117.48263285314913
7093,146.0,117.48263285314913
9115,162.0,117.48263285314913
17670,128.0,117.48263285314913
3807,123.0,117.48263285314913
4879,76.0,117.48263285314913
2414,125.0,117.48263285314913
7843,98.0,117.48263285314913
13600,152.0,117.48263285314913
19910,78.0,117.48263285314913
15343,91.0,117.48263285314913
22470,120.0,117.48263285314913
3197,94.0,117.48263285314913
18755,111.0,117.48263285314913
2382,149.0,117.48263285314913
1130,142.0,117.48263285314913
9753,117.0,148.08131201219965
11745,149.0,117.48263285314913
11695,149.0,117.48263285314913
8992,72.0,117.48263285314913
10257,138.0,117.48263285314913
10045,128.0,128.29973685560228
14661,81.0,117.48263285314913
1826,93.0,117.48263285314913
23414,109.0,117.48263285314913
17976,169.0,117.48263285314913
19424,116.0,117.48263285314913
3265,129.0,117.48263285314913
8494,153.0,117.48263285314913
20543,152.0,117.48263285314913
15595,89.0,117.48263285314913
4929,140.0,117.48263285314913
5176,129.0,117.48263285314913
19808,160.0,142.34313232574294
16734,130.0,117.48263285314913
5683,88.0,117.48263285314913
3537,67.0,117.48263285314913
8130,141.0,117.48263285314913
21905,135.0,117.48263285314913
16421,61.0,117.48263285314913
11177,159.0,117.48263285314913
2603,157.0,117.48263285314913
4504,128.0,126.86757094710734
20156,67.0,117.48263285314913
23391,131.0,117.48263285314913
4790,138.0,141.32554855203423
18356,70.0,117.48263285314913
13515,98.0,117.48263285314913
16574,158.0,142.23809172154606
10115,112.0,117.48263285314913
1215,140.0,131.38727476410708
15502,125.0,117.48263285314913
23597,88.0,117.48263285314913
5482,153.0,117.48263285314913
20371,145.0,117.48263285314913
4531,134.0,117.48263285314913
11114,85.0,117.48263285314913
13132,95.0,117.48263285314913
9450,81.0,117.48263285314913
15668,143.0,148.5232114485499
8387,135.0,117.48263285314913
14302,129.0,117.48263285314913
23485,131.0,117.48263285314913
15357,143.0,117.48263285314913
15637,131.0,142.1555965455096
18954,160.0,144.10136443294726
12340,137.0,117.48263285314913
20236,146.0,117.48263285314913
14885,73.0,117.48263285314913
19219,160.0,117.48263285314913
14064,82.0,117.48263285314913
23882,83.0,117.48263285314913
1781,133.0,136.2196515523346
16140,129.0,117.48263285314913
9630,103.0,117.48263285314913
4109,120.0,117.48263285314913
534,69.0,140.68253414851716
12744,125.0,117.48263285314913
8953,139.0,117.48263285314913
23491,155.0,117.48263285314913
21338,133.0,117.48263285314913
12176,118.0,117.48263285314913
23973,163.0,117.48263285314913
7567,80.0,117.48263285314913
18945,90.0,117.48263285314913
10704,150.0,117.48263285314913
19337,129.0,117.48263285314913
20563,82.0,117.48263285314913
23602,134.0,117.48263285314913
3233,150.0,117.48263285314913
1054,145.0,117.48263285314913
19130,109.0,117.48263285314913
6470,129.0,117.48263285314913
13814,78.0,117.48263285314913
14209,80.0,117.48263285314913
3680,88.0,117.48263285314913
20821,101.0,117.48263285314913
1060,127.0,117.48263285314913
5141,133.0,117.48263285314913
12970,65.0,117.48263285314913
14222,71.0,117.48263285314913
20876,106.0,117.48263285314913
18760,81.0,117.48263285314913
21604,134.0,137.4676366259879
8503,114.0,117.48263285314913
13537,148.0,117.48263285314913
10941,89.0,117.48263285314913
644,150.0,117.48263285314913
2369,80.0,117.48263285314913
5912,136.0,135.76181238512785
2498,130.0,117.48263285314913
283,87.0,117.48263285314913
2326,150.0,117.48263285314913
17223,74.0,117.48263285314913
10483,133.0,117.48263285314913
22295,152.0,117.48263285314913
16106,141.0,117.48263285314913
612,56.0,117.48263285314913
17412,143.0,117.48263285314913
10318,110.0,117.48263285314913
3436,70.0,117.48263285314913
1783,159.0,133.69638006411185
23740,154.0,117.48263285314913
4986,122.0,127.73893530247605
9806,75.0,117.48263285314913
16661,120.0,117.48263285314913
16464,92.0,117.48263285314913
16999,134.0,117.48263285314913
20339,135.0,117.48263285314913
22463,139.0,117.48263285314913
14876,83.0,117.48263285314913
19204,143.0,117.48263285314913
16060,146.0,117.48263285314913
22511,128.0,117.48263285314913
20762,101.0,117.48263285314913
2926,159.0,117.48263285314913
14464,93.0,117.48263285314913
22550,83.0,117.48263285314913
4352,117.0,117.48263285314913
23465,148.0,117.48263285314913
23634,100.0,117.48263285314913
18679,128.0,117.48263285314913
23856,158.0,117.48263285314913
14458,125.0,117.48263285314913
23876,88.0,117.48263285314913
16424,71.0,117.48263285314913
20986,134.0,117.48263285314913
2014,113.0,117.48263285314913
23005,97.0,117.48263285314913
17743,112.0,117.48263285314913
4391,129.0,117.48263285314913
1520,142.0,140.2893027385444
7845,103.0,117.48263285314913
14901,75.0,117.48263285314913
17800,77.0,117.48263285314913
4502,126.0,128.98295106898112
8251,113.0,117.48263285314913
12483,134.0,117.48263285314913
3219,73.0,117.48263285314913
13675,132.0,117.48263285314913
910,130.0,117.48263285314913
1791,135.0,117.48263285314913
7704,141.0,117.48263285314913
13005,110.0,117.48263285314913
14166,143.0,117.48263285314913
22789,116.0,117.48263285314913
9687,127.0,117.48263285314913
16519,105.0,117.48263285314913
9716,63.0,117.48263285314913
13284,66.0,117.48263285314913
6518,140.0,117.48263285314913
5018,71.0,117.48263285314913
21153,161.0,144.75601645827575
23888,136.0,117.48263285314913
8224,105.0,117.48263285314913
20105,118.0,117.48263285314913
6619,141.0,134.5163473018997
23513,149.0,117.48263285314913
12545,147.0,117.48263285314913
22573,159.0,117.48263285314913
22698,118.0,117.48263285314913
20688,161.0,151.68405513370138
11116,82.0,117.48263285314913
15167,124.0,135.93330649200516
2213,158.0,117.48263285314913
14530,79.0,117.48263285314913
15117,88.0,117.48263285314913
21670,102.0,124.89001234977667
16855,82.0,117.48263285314913
7191,129.0,117.48263285314913
16443,127.0,117.48263285314913
2574,117.0,117.48263285314913
14734,95.0,117.48263285314913
6805,75.0,117.48263285314913
1789,130.0,117.48263285314913
3187,157.0,117.48263285314913
782,148.0,117.48263285314913
11294,80.0,117.48263285314913
944,93.0,117.48263285314913
19472,104.0,117.48263285314913
4768,108.0,117.48263285314913
19131,94.0,117.48263285314913
15003,145.0,117.48263285314913
312,125.0,117.48263285314913
14518,132.0,117.48263285314913
4008,167.0,117.48263285314913
23447,132.0,117.48263285314913
23600,151.0,117.48263285314913
16466,101.0,117.48263285314913
20890,63.0,117.48263285314913
18407,73.0,117.48263285314913
11230,125.0,132.57792305330776
14119,134.0,142.25653944002002
23380,160.0,117.48263285314913
1118,81.0,117.48263285314913
21996,67.0,117.48263285314913
6558,88.0,117.48263285314913
18814,129.0,117.48263285314913
2149,81.0,117.48263285314913
18527,72.0,117.48263285314913
13058,148.0,117.48263285314913
14476,157.0,117.48263285314913
5204,111.0,117.48263285314913
22329,72.0,117.48263285314913
22004,126.0,117.48263285314913
23046,155.0,117.48263285314913
23526,140.0,117.48263285314913
19188,67.0,117.48263285314913
10463,161.0,117.48263285314913
3693,146.0,117.48263285314913
17417,160.0,117.48263285314913
19528,134.0,117.48263285314913
6691,85.0,117.48263285314913
7802,144.0,117.48263285314913
17662,159.0,117.48263285314913
12333,163.0,117.48263285314913
13008,112.0,117.48263285314913
20478,147.0,117.48263285314913
277,87.0,117.48263285314913
18149,133.0,117.48263285314913
8550,118.0,117.48263285314913
14072,74.0,117.48263285314913
20252,134.0,117.48263285314913
17774,126.0,117.48263285314913
1339,103.0,117.48263285314913
13756,127.0,117.48263285314913
19006,116.0,117.48263285314913
9886,79.0,117.48263285314913
20662,64.0,117.48263285314913
15471,93.0,117.48263285314913
20906,148.0,117.48263285314913
18130,163.0,141.5913549092346
16431,71.0,117.48263285314913
21436,106.0,117.48263285314913
5787,148.0,117.48263285314913
23032,132.0,117.48263285314913
10303,59.0,117.48263285314913
3598,112.0,152.67507392470196
8795,70.0,117.48263285314913
13533,85.0,117.48263285314913
4473,153.0,117.48263285314913
19886,118.0,117.48263285314913
5393,96.0,117.48263285314913
13432,104.0,117.48263285314913
16830,122.0,117.48263285314913
19726,111.0,117.48263285314913
13270,82.0,124.57948715419712
19005,116.0,117.48263285314913
23668,125.0,117.48263285314913
19018,67.0,117.48263285314913
13439,154.0,141.413558211847
21752,123.0,117.48263285314913
1198,173.0,140.34269878309192
23189,119.0,117.48263285314913
20134,127.0,130.10793874564888
9709,83.0,117.48263285314913
13683,132.0,117.48263285314913
4356,117.0,117.48263285314913
16951,140.0,117.48263285314913
20421,90.0,117.48263285314913
19177,143.0,117.48263285314913
21147,162.0,117.48263285314913
8706,85.0,117.48263285314913
13607,121.0,117.48263285314913
15326,127.0,130.95185349066776
2532,128.0,117.48263285314913
14379,110.0,117.48263285314913
23678,152.0,117.48263285314913
4885,141.0,117.48263285314913
15224,88.0,117.48263285314913
23039,125.0,117.48263285314913
11267,127.0,131.11544727964386
4941,88.0,117.48263285314913
11705,137.0,117.48263285314913
23347,119.0,117.48263285314913
22764,119.0,117.48263285314913
2855,113.0,117.48263285314913
1051,132.0,117.48263285314913
8871,128.0,117.48263285314913
21780,125.0,117.48263285314913
21169,137.0,117.48263285314913
18670,133.0,117.48263285314913
8171,71.0,117.48263285314913
22911,122.0,117.48263285314913
11339,126.0,117.48263285314913
5827,119.0,117.48263285314913
728,132.0,117.48263285314913
10669,65.0,117.48263285314913
5080,90.0,117.48263285314913
17768,141.0,117.48263285314913
3365,161.0,117.48263285314913
14891,60.0,117.48263285314913
3503,134.0,117.48263285314913
8401,128.0,117.48263285314913
11932,142.0,117.48263285314913
8893,145.0,117.48263285314913
4435,131.0,138.29563358771054
9475,130.0,117.48263285314913
9583,81.0,117.48263285314913
5094,143.0,147.0885471884814
7679,102.0,117.48263285314913
11249,72.0,117.48263285314913
18948,81.0,117.48263285314913
8677,140.0,117.48263285314913
11260,104.0,117.48263285314913
19765,133.0,117.48263285314913
7428,118.0,117.48263285314913
840,82.0,117.48263285314913
0,143.0,136.77625607456193
18224,75.0,117.48263285314913
18398,72.0,117.48263285314913
2591,84.0,117.48263285314913
45,138.0,117.48263285314913
11912,84.0,124.81979344780424
19126,126.0,133.32797307748464
11108,61.0,117.48263285314913
27,151.0,117.48263285314913
20081,151.0,117.48263285314913
18362,157.0,117.48263285314913
3237,141.0,117.48263285314913
16508,124.0,117.48263285314913
18687,134.0,133.3417191764179
22859,153.0,117.48263285314913
9809,72.0,117.48263285314913
10992,153.0,117.48263285314913
1103,75.0,117.48263285314913
387,79.0,117.48263285314913
6784,69.0,117.48263285314913
8522,79.0,117.48263285314913
3403,148.0,117.48263285314913
22389,164.0,117.48263285314913
6509,124.0,117.48263285314913
4135,79.0,117.48263285314913
2017,139.0,130.85806106927697
23820,160.0,117.48263285314913
18341,136.0,138.29685223869504
22602,141.0,117.48263285314913
23884,82.0,117.48263285314913
16935,136.0,117.48263285314913
6161,133.0,117.48263285314913
5464,84.0,117.48263285314913
21063,107.0,117.48263285314913
2748,79.0,117.48263285314913
17526,148.0,117.48263285314913
21979,129.0,137.09762682970566
23702,135.0,117.48263285314913
14083,82.0,117.48263285314913
607,62.0,117.48263285314913
14247,94.0,117.48263285314913
1324,156.0,117.48263285314913
4896,89.0,117.48263285314913
22310,135.0,117.48263285314913
17035,151.0,117.48263285314913
1388,113.0,117.48263285314913
8674,145.0,117.48263285314913
16158,128.0,117.48263285314913
17911,149.0,117.48263285314913
8229,92.0,117.48263285314913
3470,123.0,117.48263285314913
17422,148.0,117.48263285314913
15366,145.0,117.48263285314913
13612,144.0,117.48263285314913
16429,67.0,117.48263285314913
4555,128.0,117.48263285314913
3727,123.0,117.48263285314913
23858,150.0,117.48263285314913
1962,115.0,117.48263285314913
23548,122.0,117.48263285314913
13253,128.0,117.48263285314913
3817,119.0,117.48263285314913
19817,88.0,117.48263285314913
8727,84.0,117.48263285314913
7902,57.0,117.48263285314913
15970,164.0,117.48263285314913
16556,139.0,117.48263285314913
10370,131.0,117.48263285314913
16258,140.0,117.48263285314913
3622,123.0,117.48263285314913
23070,162.0,117.48263285314913
11899,135.0,117.48263285314913
19458,105.0,117.48263285314913
15950,151.0,117.48263285314913
22203,129.0,136.63782219721983
16660,115.0,117.48263285314913
14250,65.0,117.48263285314913
23803,132.0,117.48263285314913
23717,145.0,117.48263285314913
22642,139.0,117.48263285314913
4783,167.0,147.9176341925673
2793,141.0,130.65993362695437
22942,158.0,117.48263285314913
18642,129.0,138.28183709307598
8295,83.0,117.48263285314913
12665,116.0,117.48263285314913
11309,155.0,117.48263285314913
15465,159.0,117.48263285314913
13044,143.0,117.48263285314913
17720,131.0,117.48263285314913
15185,136.0,117.48263285314913
14148,92.0,117.48263285314913
22613,130.0,117.48263285314913
7328,153.0,117.48263285314913
4563,110.0,117.48263285314913
7035,103.0,117.48263285314913
22792,86.0,117.48263285314913
8179,72.0,117.48263285314913
16430,72.0,117.48263285314913
21128,157.0,143.58029575062776
810,69.0,117.48263285314913
11877,141.0,117.48263285314913
12464,106.0,117.48263285314913
700,66.0,117.48263285314913
848,122.0,117.48263285314913
333,102.0,117.48263285314913
13517,95.0,117.48263285314913
3841,93.0,117.48263285314913
7967,146.0,117.48263285314913
14893,63.0,117.48263285314913
23357,125.0,117.48263285314913
19846,59.0,117.48263285314913
13247,138.0,137.98543090645012
17233,80.0,117.48263285314913
18002,86.0,117.48263285314913
14049,113.0,117.48263285314913
3786,138.0,117.48263285314913
8314,136.0,117.48263285314913
5283,158.0,117.48263285314913
14388,130.0,117.48263285314913
4542,114.0,117.48263285314913
5219,139.0,117.48263285314913
10519,135.0,117.48263285314913
1210,154.0,117.48263285314913
6897,80.0,117.48263285314913
2389,110.0,117.48263285314913
927,150.0,117.48263285314913
18020,148.0,117.48263285314913
23525,126.0,117.48263285314913
573,66.0,117.48263285314913
15176,152.0,117.48263285314913
3753,142.0,117.48263285314913
6477,136.0,117.48263285314913
10692,137.0,117.48263285314913
22380,143.0,117.48263285314913
18344,137.0,117.48263285314913
1607,114.0,117.48263285314913
18202,127.0,117.48263285314913
11713,127.0,117.48263285314913
8091,97.0,117.48263285314913
12039,138.0,117.48263285314913
16243,144.0,117.48263285314913
14729,133.0,117.48263285314913
22729,135.0,117.48263285314913
2137,73.0,117.48263285314913
16276,135.0,117.48263285314913
10015,63.0,117.48263285314913
21577,113.0,128.39676543760876
13405,76.0,117.48263285314913
19300,106.0,117.48263285314913
22693,146.0,117.48263285314913
8512,108.0,117.48263285314913
19413,157.0,134.19205656532858
3723,73.0,117.48263285314913
15583,90.0,117.48263285314913
13950,131.0,117.48263285314913
681,129.0,117.48263285314913
21656,137.0,117.48263285314913
18909,160.0,117.48263285314913
1350,78.0,117.48263285314913
1622,92.0,117.48263285314913
16447,150.0,140.88466882521095
5668,143.0,117.48263285314913
14483,161.0,117.48263285314913
14041,66.0,117.48263285314913
1626,100.0,117.48263285314913
16688,126.0,117.48263285314913
13525,110.0,117.48263285314913
14611,120.0,117.48263285314913
9071,116.0,117.48263285314913
21912,135.0,117.48263285314913
