,y_test,prediction
611,6.0,7.16792793151043
766,6.0,7.173990550061125
3191,9.0,7.156538915231815
1016,10.0,8.083528565185542
2553,7.0,7.556646992718016
2328,10.0,7.9246394415608945
694,9.0,8.335049066256687
332,7.0,7.548617717943834
168,7.0,7.1471823337552145
1050,8.0,7.25708838990262
3627,9.0,8.044247883805358
871,7.0,7.218839472584332
111,8.0,7.1881845712843795
1861,9.0,7.82857101706449
3741,8.0,7.178332431326113
151,9.0,7.133257224779374
1515,8.0,8.323269436571273
304,9.0,8.951952132515308
3758,7.0,7.614316072341115
2413,8.0,8.006280035305464
1618,9.0,8.18772557159392
1935,8.0,7.444165069412225
182,9.0,7.370614800385736
33,7.0,7.3944706463504595
2855,9.0,7.764400547243955
2302,9.0,8.816582823644083
1624,7.0,9.021652919610617
2247,11.0,8.573480094479448
1043,8.0,7.668280888661441
3688,7.0,7.531947193227135
565,6.0,7.032276565909127
1765,6.0,7.1232913963483355
3532,8.0,8.529061727977226
1034,8.0,7.135538039601691
1758,7.0,8.247084752309565
1279,7.0,6.814167544436767
232,8.0,8.556224174956661
3488,9.0,8.826702486678506
1182,9.0,8.515344335495357
3265,7.0,8.000845766110027
3667,8.0,8.451248185820784
3925,6.0,7.184970005400714
1191,7.0,7.627733347092103
3299,7.0,7.454641302335656
3286,9.0,8.066053510883192
98,8.0,8.112215464216558
511,9.0,8.268514213799103
1205,10.0,9.040542035397277
2467,8.0,6.858289442887573
3586,10.0,8.178233238983914
2975,6.0,6.548302254745982
1531,9.0,7.953136331352298
134,7.0,7.945758347694852
883,8.0,7.606467733709502
537,10.0,9.176623132286386
2055,7.0,8.216028189684843
2416,7.0,7.859526986039606
3199,8.0,7.808065400647825
2518,8.0,8.139233005536392
312,7.0,7.66109825279713
1057,7.0,7.257164641861369
2444,9.0,8.144018416675742
315,7.0,7.4284487499688625
2283,8.0,7.995961887478497
3991,8.0,7.092785797555427
2495,9.0,7.766927054755065
2237,8.0,8.028207080663297
816,7.0,7.214751680907709
3441,7.0,8.899810374173892
2970,6.0,6.134734593441612
2665,7.0,7.8560840812894766
1912,6.0,7.419787520568861
199,10.0,8.350665691972807
373,7.0,7.747730536476269
2725,8.0,7.37936788899489
991,7.0,7.041888043119032
2391,8.0,8.355262878533347
2758,8.0,8.236199878712643
3081,9.0,8.861374771864707
2231,8.0,7.3759987069580895
3911,7.0,6.746467721116797
1240,7.0,7.099618195135392
321,8.0,8.189130558338704
2972,8.0,6.707821116467608
187,6.0,7.5501252495878255
3910,6.0,6.376372362829249
3913,7.0,8.127737110609917
471,7.0,6.668594583727039
3774,7.0,7.317423259303746
2611,7.0,7.612464491719771
1819,7.0,7.737271501287406
322,8.0,7.709025743855731
1128,9.0,8.236598895005558
1575,7.0,7.498182259181251
1530,7.0,7.904571514402026
895,8.0,7.5280142162192245
1536,6.0,6.137632783279832
3423,5.0,7.8719993385365505
4137,6.0,6.811981280084101
3874,8.0,8.03971619198579
2593,7.0,7.998749294361604
3998,9.0,8.500122452540216
1181,7.0,7.807685514876325
424,10.0,8.638556302065682
947,6.0,7.160803630520638
2811,9.0,7.550074847354475
1080,6.0,7.4820600570926095
2113,6.0,8.064318555906077
2998,7.0,7.657430351838449
3221,9.0,8.427168823142443
71,8.0,7.825002317633775
2320,7.0,6.6831556931480325
967,7.0,6.68624570791502
214,8.0,7.138194335457757
1282,7.0,7.648086960619969
1000,8.0,7.642529293909334
1791,6.0,7.34144767117302
4062,7.0,7.952049301540946
1317,8.0,8.219652517308619
14,8.0,7.7891975868512455
893,8.0,8.03332688595802
1197,8.0,7.100669384898072
1132,7.0,7.187987954833309
1443,6.0,6.707977380236553
275,7.0,6.987983216527859
548,7.0,7.270289648277174
1368,7.0,7.086784090989626
8,7.0,8.104516887306579
1245,9.0,7.920238924124707
1944,7.0,6.987911933003883
3328,8.0,7.976037258239843
3122,8.0,7.104434453380875
832,9.0,7.795874249052129
1937,8.0,6.75793454406237
2383,8.0,8.563609246345457
2117,10.0,8.242149124556697
3865,8.0,7.1379150569358485
1250,9.0,7.866582234028808
255,9.0,7.27527770617389
1876,6.0,6.966201864781309
2984,7.0,7.554044557139935
302,9.0,7.8271948068209865
769,8.0,6.7436630681058105
554,7.0,8.317366460567259
3079,8.0,7.293969870702305
4125,8.0,7.509801148808257
3001,8.0,8.380548705865401
2980,7.0,7.438915900379982
4132,6.0,7.1949536227680575
2769,8.0,7.8996171172882725
2476,8.0,7.530168844154312
32,8.0,7.603648360125771
2417,8.0,7.645717104725797
1608,6.0,6.783688083307967
2548,7.0,7.690427080982607
2675,9.0,8.065280217211754
1636,7.0,7.691551779181975
4129,5.0,7.056938871759916
3084,7.0,7.435972007868477
3517,8.0,7.52803315439425
1194,7.0,7.446952867922148
1676,6.0,7.89641179160064
3742,7.0,7.28749197032184
579,8.0,7.471300231377621
3169,7.0,8.060326692121793
1870,8.0,8.505667432129226
3672,8.0,8.389819766512096
448,7.0,8.086816258826904
2690,7.0,8.268882610487804
2340,8.0,7.894417636369276
2402,9.0,9.07886456056832
3992,5.0,6.975456348865142
2329,9.0,7.523854885977986
2569,5.0,6.737636035402976
3941,7.0,6.6575483980552566
481,6.0,7.13721714394943
921,7.0,7.60557652861357
1715,8.0,7.119538731447273
825,8.0,7.585314710803791
2356,7.0,6.803622139197197
1285,9.0,8.515680689998586
475,7.0,7.206432777779506
3546,8.0,6.499877284825842
3553,7.0,8.215801697018865
3238,9.0,7.72476839466149
325,7.0,7.119095711785291
732,7.0,7.681986597849887
3082,10.0,7.955491872328503
43,10.0,7.181269812055918
852,8.0,8.172599657529595
1533,7.0,7.940434193558117
1339,8.0,7.6834826962280705
1295,8.0,7.690663594757913
3261,10.0,8.142481514102672
411,9.0,7.476716906880709
2742,9.0,7.3877760193388005
2782,8.0,7.775706591462372
1888,8.0,7.54663315448531
2656,9.0,7.913462611378296
3893,7.0,6.733378260221151
3461,6.0,7.65275366549163
3947,8.0,7.77498236997047
1855,8.0,7.194580430817139
2544,7.0,7.815987467104357
1866,8.0,7.7824779172320895
3315,6.0,7.521128331854494
2423,8.0,7.658313179300179
17,9.0,7.543449952644146
2909,6.0,7.170602510706349
608,8.0,8.625999263796551
4047,7.0,7.469339155201194
3217,10.0,8.138566951834333
1562,8.0,7.6984511594776945
760,6.0,6.992485034606121
4084,7.0,6.209574186493443
1091,8.0,9.138146141296538
2864,7.0,7.737780023125943
692,6.0,7.064901169460898
3056,7.0,7.287069892229601
2212,7.0,7.468151690894445
467,8.0,7.784186586596811
2242,7.0,7.734192450162749
3509,8.0,7.8651809861691095
3649,6.0,7.214189254072787
3437,8.0,8.479309022948867
2123,8.0,7.965720717561139
473,7.0,7.30037004409346
1744,8.0,8.697863891459898
1449,7.0,7.792265556778997
3578,7.0,8.66641112658225
3132,9.0,7.412704108949036
2473,5.0,7.904083475575575
3568,6.0,6.852972777251327
2465,9.0,8.477181414860699
667,7.0,8.775518627485706
1302,9.0,7.726304788409942
3539,8.0,7.220558937397849
208,8.0,7.007724307583958
2730,8.0,8.310566526920285
2693,6.0,7.06518883614529
917,10.0,8.34923027313583
3889,7.0,7.947637007528476
1953,7.0,7.132033180115827
2361,8.0,7.451706369391912
1164,7.0,7.015350743967833
500,5.0,6.847275155353432
952,7.0,7.209714542853419
1507,8.0,7.226505749382188
1616,7.0,7.224877101729314
1021,6.0,6.899015432133909
2897,7.0,8.523055245718588
1590,7.0,7.457079352158466
979,7.0,7.756875395264556
3677,8.0,8.239326318611594
2326,6.0,7.787649006724251
3244,9.0,8.296702164095652
95,7.0,7.850096473603983
2452,9.0,7.532751768682062
23,9.0,7.905813474881732
1005,7.0,6.844521140003788
2484,8.0,7.340772688561948
3460,8.0,8.14659282891667
1772,6.0,7.02132920491198
1322,6.0,7.511707203305223
575,5.0,6.845283883287037
2107,10.0,8.794628181367434
3339,7.0,7.706588403743298
1441,8.0,8.140634436989124
4046,8.0,7.425074937635008
1898,8.0,7.869322976429569
3053,10.0,7.828957117144286
2555,8.0,6.6351631638215505
1114,9.0,8.465002510181357
1232,9.0,7.042180276765918
1901,6.0,7.849559794591309
1135,10.0,8.300779973402106
101,8.0,8.830636231572864
442,4.0,6.474691884422698
2162,7.0,7.509543147817844
3656,8.0,7.956182075915929
1312,8.0,7.735006133078288
4095,6.0,7.424489781255371
122,7.0,7.525310185553804
845,8.0,8.900824947143814
1526,6.0,7.383357286242916
158,9.0,7.5661125433535945
2075,7.0,7.4908268797470186
2370,8.0,7.237355904362515
1283,7.0,7.647997343575858
3558,6.0,7.212575695099497
3935,9.0,8.04700883865273
2248,8.0,8.296076836581578
2915,9.0,8.227099785572607
244,8.0,8.141540289138227
1084,8.0,7.812722354470322
1844,8.0,7.914264457329924
2183,8.0,8.052809054267527
1073,7.0,7.297961784858861
3030,6.0,6.622726716297577
2859,8.0,7.748385251293651
1569,7.0,7.257089487041251
3908,6.0,7.836736705890608
2759,7.0,7.069186736946541
3406,6.0,8.638230287519697
2778,5.0,7.524010840174608
2369,8.0,7.973216706963143
1402,7.0,7.131956466296291
2046,8.0,7.580190823509256
902,8.0,7.974962251924779
606,6.0,6.675002419491763
3763,8.0,7.48378663231437
180,9.0,8.564523333813419
3457,8.0,7.518908677319584
2931,8.0,7.173358346546177
2272,6.0,7.210943000415721
51,7.0,7.4514145895247506
1607,8.0,8.333095230839696
2635,8.0,8.653024083355096
74,9.0,9.837169865491752
1247,8.0,8.032394503996468
2124,8.0,7.72754770976028
3394,9.0,8.732518820834041
1229,9.0,8.182769904757256
2448,10.0,8.736333877158472
4135,7.0,8.1550716026602
1291,9.0,8.630116772792729
2427,7.0,7.872310598983685
3591,8.0,8.214079305781103
1141,8.0,8.531729972367833
4031,6.0,7.283477944220469
159,7.0,7.826677262913494
1909,7.0,7.530642005786418
3784,10.0,7.753520425094533
544,6.0,7.512504511757501
52,8.0,8.156608043920743
4023,5.0,6.422558447248312
223,7.0,7.3671321800568625
1316,7.0,8.487569328092746
26,7.0,7.558238281809064
1677,8.0,8.480345098809485
1974,7.0,7.324088797139149
217,8.0,7.8454857844616175
2134,8.0,7.211721877112662
4064,8.0,8.0516403615589
3483,7.0,7.150107861801221
1401,7.0,7.053219397489146
3726,8.0,8.455727337507989
328,8.0,8.50548814991736
3368,7.0,8.062690975603314
3538,9.0,8.537278279503926
3867,6.0,6.728962054591708
1642,6.0,7.071605125091997
876,8.0,7.193857927390567
2034,7.0,7.2609264428451645
2474,7.0,7.485037579686296
3832,8.0,7.313809800538481
3473,8.0,7.850188795503536
2568,6.0,6.413074114094334
44,7.0,8.431000343127387
745,5.0,6.429546287039289
505,9.0,8.355323985154623
1580,7.0,7.0888499070573125
1045,7.0,7.6895685513463645
2249,8.0,7.097838791339974
361,9.0,7.960896965458574
587,9.0,8.710062686829017
3263,9.0,7.898741880152144
4041,7.0,6.859974361814975
610,8.0,7.860517320596705
2205,9.0,7.474555310194428
2526,9.0,7.7785864124480755
1525,9.0,8.611390585865148
3856,9.0,7.707014873752762
418,5.0,6.901648273805758
3317,10.0,7.7846271357464065
2502,6.0,8.02794134331312
260,7.0,7.4679803235888365
1668,8.0,7.108316752978902
775,8.0,7.662817867445815
4123,6.0,7.517821213770452
3222,8.0,8.373065665544575
3071,8.0,6.870717163983178
2229,7.0,7.969881329255024
1815,12.0,7.647635583230717
1177,9.0,8.34997546148436
1257,8.0,6.982455138288358
2392,9.0,8.483165418474954
2564,6.0,7.46654432094386
297,8.0,7.737354920523414
1982,6.0,7.359207039816203
1749,11.0,8.011937948520714
136,7.0,7.314733561554423
1782,7.0,7.173781264314313
3940,9.0,7.620359816959768
3724,8.0,7.669571555896084
2067,9.0,7.419940849801005
267,9.0,7.687603148981037
3989,8.0,6.936284954648055
1189,8.0,7.946149091427987
2515,8.0,7.586713845675339
1996,7.0,7.474384642417181
831,7.0,7.474519161868064
56,10.0,8.10334362005755
843,9.0,8.096105291834844
705,8.0,8.378871568713592
561,11.0,8.292289184142753
3035,8.0,8.416059015200632
1390,5.0,6.940851207430146
2936,8.0,7.4915421855053586
1600,7.0,7.04477797799575
824,8.0,8.228685653058237
1778,7.0,7.60460759199362
1293,9.0,7.118096664348288
3588,7.0,8.13850748980897
402,8.0,7.891229415118808
2435,8.0,7.319039205230867
1714,7.0,6.9762523760550055
172,8.0,7.579899331440502
654,9.0,7.150201675869909
2268,9.0,8.263931287350804
1981,7.0,7.675334838843355
3934,6.0,7.893069808176385
1804,7.0,7.285829012731398
2986,9.0,8.002160659985016
191,8.0,7.083967235736771
12,10.0,8.08932957270539
1986,5.0,7.080915992821318
329,8.0,8.129462790105784
3005,7.0,7.297061135726922
617,5.0,7.1445682409753175
817,7.0,7.488239849693521
765,7.0,7.120187441357958
3380,11.0,9.180111196743226
3152,9.0,7.851431166794426
3180,9.0,8.087519578837615
688,6.0,7.252131450213566
3065,7.0,7.640425027297895
3815,9.0,8.115102117817337
2793,7.0,7.589158944444244
2194,7.0,7.171028080325937
2872,8.0,6.951332715465909
3066,7.0,7.078575827080707
3258,10.0,8.419410745842164
2512,8.0,8.474635893676979
4083,8.0,7.8925474174062344
1762,6.0,7.701599802275084
242,8.0,7.340923888366295
177,8.0,7.483355248652378
3442,7.0,7.830515565242923
3206,9.0,8.604673814398833
2664,9.0,8.514176193445756
4015,6.0,7.327300206260383
3610,9.0,7.804830206625735
1834,6.0,7.464315208720629
1451,8.0,7.629277361023405
4130,7.0,7.4410723737057
4119,8.0,7.623746129424666
1354,8.0,8.570677686601103
420,9.0,7.625389911334425
1206,7.0,7.610759330340635
3739,8.0,7.894942081864547
2374,6.0,7.3098741126319915
3029,7.0,6.8186938125449075
1831,9.0,8.481286590639979
2285,7.0,7.627696614508273
2625,9.0,7.36862512745574
230,7.0,7.16398244132499
3852,8.0,7.914943524726002
2041,9.0,7.771620633961218
2151,10.0,7.322884932152231
358,7.0,7.763571443904732
1478,8.0,6.736231607723672
2031,6.0,7.065197379170558
2128,9.0,7.359046765012827
1362,8.0,8.176725961213917
1786,6.0,7.904160171195355
2863,7.0,7.2691039443491015
3544,9.0,8.240669753872952
2001,8.0,7.586669535540669
70,8.0,8.346562977842739
1619,6.0,6.967182848020513
45,7.0,6.93788012817695
3984,9.0,8.172693173621397
3621,9.0,8.126058079282235
186,9.0,8.535941261989228
1219,8.0,8.287674504338987
2108,8.0,7.711449106169399
964,7.0,7.13573109240585
521,7.0,7.812823299255722
1252,11.0,8.364974843114123
2517,9.0,8.265058385516884
2868,7.0,6.806268079564326
1500,9.0,7.859705431735193
141,9.0,7.584575394637458
2410,8.0,8.71301411102349
2955,7.0,7.969479444900287
316,8.0,8.435107863870583
270,7.0,7.236998079093851
3043,7.0,7.053815789561995
2254,9.0,7.847966365853589
3325,9.0,7.595510978666352
64,9.0,8.241962199517172
2668,6.0,6.9587748037749435
1380,8.0,8.360067010054713
1945,8.0,7.532765101516129
1431,10.0,8.110997429905627
146,9.0,7.764959281898973
4025,8.0,7.287788725714272
1048,6.0,7.135522963914413
963,10.0,7.30671065418724
2127,8.0,7.213769644582394
496,7.0,8.32895467354551
4055,7.0,7.401146327188456
3993,6.0,6.829570883280456
3750,8.0,8.681445083135863
3744,6.0,7.189299273752251
3792,6.0,8.144065562657875
3626,8.0,8.28573072068543
3326,6.0,6.9172609530225815
2718,7.0,8.210440657116177
3012,7.0,7.20862067282342
2364,8.0,7.74556813715839
284,9.0,8.28465556151752
3202,8.0,6.85496105956482
2632,8.0,7.737465542672526
365,9.0,7.317125675790608
4074,7.0,7.6593185867800635
305,7.0,6.888726810327357
1090,9.0,8.707282306968844
2224,8.0,7.065903678462655
2207,10.0,7.718132824289059
2579,8.0,8.16583966932121
425,6.0,6.509886845722695
4087,7.0,7.941259413206223
2525,7.0,7.31465971864328
1068,9.0,7.983529933991015
2633,8.0,7.856615346658922
1453,6.0,7.2582219525945
3768,11.0,8.623664061929421
2296,6.0,7.050880501141102
3118,8.0,7.2160695533808
1576,5.0,6.9190397414282465
1812,7.0,7.122784306777456
2878,6.0,6.982420540347982
4006,6.0,7.515584752105762
682,7.0,7.215293182702168
58,7.0,7.1585644664000245
77,7.0,7.328526205160276
375,8.0,7.333352413543958
1041,8.0,6.721452233569244
758,7.0,6.873681484232032
1941,8.0,6.57457843758159
924,8.0,7.839814231009486
4110,7.0,7.32677098427049
719,7.0,7.0642051082110875
1109,6.0,7.241985069941567
3136,9.0,7.0813083784463835
2135,7.0,7.64118799364078
878,10.0,7.706444342145767
3157,8.0,7.74517921760437
126,6.0,8.036577459064407
2441,7.0,7.270983707872812
2375,9.0,8.353654695270242
2173,7.0,7.614900724998954
3654,9.0,8.3168736271708
1193,6.0,7.402425117911359
439,8.0,7.782974413668748
3969,6.0,6.8773301858534115
3269,9.0,8.201974910713592
2103,8.0,7.768946204544591
3236,10.0,7.771223940009165
3599,7.0,8.229707438458558
3418,9.0,8.428742780185544
3617,10.0,8.41578683902227
395,7.0,7.495385260121163
30,8.0,7.409460833997295
3194,8.0,7.629371830301917
206,9.0,7.116716171848093
823,7.0,7.845956109186848
3990,8.0,7.453134498105574
804,6.0,6.480027138692003
3242,7.0,6.606283168143907
4001,8.0,7.835313799554437
2045,8.0,8.059065600929053
2767,9.0,7.969057066418106
488,6.0,7.430192674138677
1885,9.0,7.841207242856358
2202,9.0,7.653091458271383
453,8.0,7.872785318354966
1775,8.0,7.788791163772851
1422,9.0,7.526168767212571
1333,7.0,7.439897993475411
195,7.0,7.0213731068143215
578,8.0,7.8978078262458995
1323,8.0,9.482800095435312
3664,10.0,9.12865083045822
6,10.0,8.148647462956841
449,8.0,9.011248395722264
295,8.0,7.618963919425438
747,8.0,7.900399681796632
3323,7.0,7.314228862847644
3542,11.0,7.958013308050157
2727,8.0,7.939448027401111
1838,7.0,6.71655580063473
2278,8.0,8.162354355701856
857,6.0,7.363358270485595
3753,7.0,7.335233503525727
4044,9.0,7.475709956238254
993,6.0,7.6879880898717925
197,8.0,8.030893469388568
460,7.0,7.0675902989654675
2489,8.0,7.976275302982984
3761,7.0,8.3204076922631
29,8.0,8.231169255326412
856,6.0,7.010090231701998
3762,8.0,7.830230099588428
3894,8.0,8.010107356683621
2059,5.0,7.46958767934353
3098,8.0,7.4363831151126085
3068,9.0,7.50377406142605
2731,8.0,7.447492825421659
1605,9.0,7.768953700192398
3829,8.0,8.110422427937223
1637,8.0,7.670880717458132
2621,7.0,8.21406427909522
2683,9.0,7.502191973756488
225,7.0,7.106331681321114
2852,9.0,7.672670710855905
734,10.0,8.316701671506737
584,8.0,7.717486580935667
3682,7.0,8.032407665422513
3502,7.0,7.941953536993124
2425,8.0,7.384083395305178
1588,7.0,8.36890898092671
1766,7.0,7.189487284004324
801,6.0,6.808993964758171
81,7.0,7.438331286199325
261,9.0,7.646035534602593
301,8.0,9.544374168569888
3309,7.0,8.75781189686909
1430,7.0,8.712738475910411
2997,7.0,7.44402394330629
826,7.0,7.033886866095973
2922,7.0,7.659980231764231
2394,6.0,8.169570963825104
3606,9.0,8.602411993639194
2133,9.0,8.221891350049255
1481,9.0,8.036815938641414
3257,8.0,8.141931353765079
2963,8.0,8.101585750415527
1192,9.0,8.403038568925114
1089,7.0,6.716634423566132
1593,8.0,7.970417264225505
1541,8.0,7.758935023091094
1262,8.0,7.681923759295392
2199,11.0,8.163298969701568
4136,8.0,8.58711690010259
666,10.0,7.425583847114188
2167,8.0,7.178774621766975
1032,10.0,8.15767202765363
2277,9.0,7.519287317896022
2290,8.0,7.602160121088659
421,7.0,7.482776489456753
2483,6.0,7.328160821789725
1058,8.0,7.283241176129827
1241,7.0,7.505825591027573
3007,9.0,7.148060113906942
3301,8.0,8.504669779737586
3611,7.0,8.174221229851431
669,7.0,7.2934137274468736
3452,7.0,8.520596354324631
3796,8.0,8.042531016731884
790,7.0,7.460362536158064
3166,7.0,8.260438691817294
154,8.0,7.715633287079649
2965,7.0,6.979134394569035
1688,7.0,7.876119321574337
2387,8.0,8.045026995580582
104,9.0,8.480927108909768
1673,8.0,7.2261308567504585
1647,7.0,7.086924608772749
243,9.0,7.9182246918517265
799,8.0,8.75256582781187
1653,10.0,8.559686793769274
1014,5.0,6.398784702486547
2719,8.0,8.68639388503372
2096,9.0,7.389923587698528
1071,8.0,8.034567312829472
2110,7.0,7.417678591312701
2510,9.0,8.204181160726499
3876,6.0,7.694466104998135
2898,9.0,7.394845827357329
4040,8.0,8.719192288318618
2651,7.0,7.583423397551725
821,6.0,7.410335651667115
339,6.0,7.43227384613124
1512,7.0,7.637941400295839
2390,7.0,7.201756530533838
3637,10.0,8.03341439427203
903,9.0,7.88833322602438
830,7.0,7.426158482216756
1223,10.0,7.573005991772382
1560,6.0,7.660040007824259
2728,10.0,7.4097598473640245
2572,5.0,7.064291150394679
2165,8.0,7.548675591467527
1100,9.0,8.057825464344463
3013,7.0,6.878947252111294
4091,7.0,7.419301059582189
2371,8.0,7.514818422111057
3602,7.0,7.940367647530678
2384,7.0,7.399085353615828
3273,8.0,8.114115424344742
1639,8.0,8.408421246790851
1965,9.0,8.303535309381985
2145,8.0,8.268570327047936
564,8.0,8.183334600438652
1692,7.0,8.327602480403723
4133,9.0,9.186364108415162
907,9.0,7.6045147999800005
2035,7.0,7.1741993157793145
3085,9.0,7.999894412861394
3318,8.0,7.214392636869459
2740,7.0,8.585183601933737
1445,7.0,8.130018527144747
2885,7.0,7.2859993169692086
885,7.0,7.491402800289394
1755,9.0,7.545909837431966
2919,9.0,8.652092910057522
3097,7.0,8.511962179166856
1756,7.0,7.6214769817263495
3841,6.0,7.480175030110411
1839,6.0,7.1297926058835275
4009,7.0,7.40758510260992
1436,8.0,7.719176718715659
2257,8.0,7.763287227014023
3092,8.0,6.9850349565084
743,8.0,7.193646802780569
1207,7.0,6.474445134660312
1122,7.0,7.653657157609381
735,7.0,8.329155572866016
1903,8.0,7.100081701867327
2377,8.0,7.666811253970652
1628,8.0,7.465690160462298
1521,9.0,7.06366242094637
1801,7.0,6.811988981560855
1640,6.0,7.492289036590278
353,9.0,7.2908977685526954
2655,11.0,8.466221256588204
2715,7.0,8.401203084350916
1146,7.5,6.913461710699715
3812,7.0,7.576135710982806
3399,7.0,7.7963231348699065
778,6.0,6.51872715112515
2244,7.0,8.224674947450657
1667,9.0,8.56315581436284
1840,6.0,7.687700963294137
1313,9.0,7.543555234564534
181,8.0,7.656118968513663
3731,8.0,7.3944834774936385
3833,8.0,8.10796751850683
2892,6.0,7.241102861960951
911,8.0,7.6927227114748575
3272,9.0,8.585501831645015
3459,6.0,7.494043671529795
3410,9.0,8.678240947293187
25,8.0,7.398972381601437
879,9.0,8.281838276553163
2262,10.0,7.8971076020208635
3961,7.0,7.536297019756886
176,9.0,8.492891032392066
2840,8.0,7.73397715648855
3168,9.0,8.149227196628836
338,7.0,7.26151370677116
3587,7.0,8.229978596772254
440,9.0,7.886972143369087
2813,8.0,8.020500967647402
2099,9.0,7.188825634414415
2870,7.0,7.256246981448759
4112,9.0,8.414508971318673
489,8.0,8.007843828116496
1567,7.0,7.8397313869291505
2083,6.0,7.258265473184208
812,8.0,8.006233894032174
3883,9.0,6.893001302083365
1134,10.0,8.569741359721327
926,8.0,7.823909455366634
3880,7.0,6.7300901143280285
2960,8.0,7.153463966528234
1900,9.0,8.396384625639683
331,8.0,6.898916871539287
1346,8.0,7.57215556619955
1385,8.0,7.578629568939874
478,8.0,7.570688277513616
571,11.0,8.00461038763513
1858,9.0,8.067374469661257
2089,7.0,8.385603482839059
1077,4.0,6.710827606893501
4086,9.0,7.830694877185807
1063,6.0,7.3681210173299885
3526,8.0,7.761797251302628
3887,9.0,7.549535944728294
62,12.0,8.797552802420636
1360,6.0,6.960261913237973
3366,9.0,8.448619854230499
3518,8.0,8.082435538227076
258,8.0,7.90436362545192
2795,7.0,6.893861535941264
1460,8.0,8.313643547210717
1126,9.0,7.464440959179317
3478,7.0,8.088275545678716
3795,7.0,7.366239185457072
2663,7.0,7.430483235311675
1444,8.0,7.8716044683179405
68,8.0,7.813711465167698
1720,8.0,7.600787553088992
2457,7.0,7.861832319066375
224,7.0,7.762173516779727
