,y_test,prediction
611,6.0,6.03
766,6.0,6.05
3191,9.0,9.37
1016,10.0,8.57
2553,7.0,7.02
2328,10.0,10.0
694,9.0,8.97
332,7.0,7.31
168,7.0,7.09
1050,8.0,7.57
3627,9.0,9.0
871,7.0,6.98
111,8.0,8.01
1861,9.0,7.86
3741,8.0,6.93
151,9.0,9.33
1515,8.0,7.78
304,9.0,10.75
3758,7.0,7.26
2413,8.0,8.01
1618,9.0,8.98
1935,8.0,7.32
182,9.0,9.12
33,7.0,7.02
2855,9.0,8.32
2302,9.0,8.96
1624,7.0,7.13
2247,11.0,10.75
1043,8.0,8.5
3688,7.0,7.19
565,6.0,6.03
1765,6.0,6.0
3532,8.0,8.19
1034,8.0,6.426
1758,7.0,6.97
1279,7.0,8.34
232,8.0,7.95
3488,9.0,8.66
1182,9.0,9.13
3265,7.0,7.04
3667,8.0,7.3
3925,6.0,6.16
1191,7.0,6.83
3299,7.0,6.94
3286,9.0,8.64
98,8.0,7.96
511,9.0,9.0
1205,10.0,9.73
2467,8.0,8.13
3586,10.0,9.92
2975,6.0,5.96
1531,9.0,8.21
134,7.0,7.02
883,8.0,7.2
537,10.0,9.48
2055,7.0,7.72
2416,7.0,6.91
3199,8.0,7.9
2518,8.0,8.0
312,7.0,7.0
1057,7.0,7.31
2444,9.0,8.68
315,7.0,7.52
2283,8.0,7.9
3991,8.0,8.85
2495,9.0,9.0
2237,8.0,7.87
816,7.0,7.18
3441,7.0,7.0
2970,6.0,5.21
2665,7.0,7.09
1912,6.0,6.0
199,10.0,7.9
373,7.0,7.0
2725,8.0,7.84
991,7.0,6.6
2391,8.0,7.92
2758,8.0,8.12
3081,9.0,8.79
2231,8.0,8.01
3911,7.0,7.17
1240,7.0,6.98
321,8.0,7.99
2972,8.0,7.65
187,6.0,5.85
3910,6.0,5.91
3913,7.0,7.1129999999999995
471,7.0,6.63
3774,7.0,7.19
2611,7.0,6.96
1819,7.0,6.85
322,8.0,7.8
1128,9.0,8.99
1575,7.0,6.443
1530,7.0,6.75
895,8.0,7.31
1536,6.0,6.26
3423,5.0,5.95
4137,6.0,6.13
3874,8.0,8.01
2593,7.0,7.13
3998,9.0,8.39
1181,7.0,7.0
424,10.0,10.11
947,6.0,6.21
2811,9.0,9.0
1080,6.0,6.09
2113,6.0,6.01
2998,7.0,6.79
3221,9.0,8.84
71,8.0,8.04
2320,7.0,7.19
967,7.0,6.31
214,8.0,8.06
1282,7.0,7.01
1000,8.0,7.65
1791,6.0,6.5
4062,7.0,7.03
1317,8.0,8.46
14,8.0,8.01
893,8.0,8.1
1197,8.0,7.99
1132,7.0,7.92
1443,6.0,5.99
275,7.0,6.81
548,7.0,7.07
1368,7.0,7.3
8,7.0,6.99
1245,9.0,8.96
1944,7.0,6.95
3328,8.0,7.89
3122,8.0,8.61
832,9.0,8.9
1937,8.0,7.11
2383,8.0,7.99
2117,10.0,8.93
3865,8.0,7.72
1250,9.0,8.42
255,9.0,9.0
1876,6.0,6.48
2984,7.0,6.34
302,9.0,8.98
769,8.0,7.61
554,7.0,7.08
3079,8.0,8.03
4125,8.0,7.35
3001,8.0,7.98
2980,7.0,7.81
4132,6.0,6.95
2769,8.0,8.05
2476,8.0,8.07
32,8.0,8.0
2417,8.0,8.2
1608,6.0,6.15
2548,7.0,7.54
2675,9.0,8.99
1636,7.0,6.84
4129,5.0,5.75
3084,7.0,7.02
3517,8.0,7.98
1194,7.0,7.0
1676,6.0,6.0
3742,7.0,7.41
579,8.0,7.95
3169,7.0,7.0
1870,8.0,8.0
3672,8.0,7.92
448,7.0,6.99
2690,7.0,7.16
2340,8.0,7.99
2402,9.0,8.42
3992,5.0,6.39
2329,9.0,9.02
2569,5.0,4.99
3941,7.0,7.37
481,6.0,6.106
921,7.0,6.274000000000001
1715,8.0,7.94
825,8.0,7.95
2356,7.0,6.69
1285,9.0,8.94
475,7.0,6.85
3546,8.0,7.89
3553,7.0,6.99
3238,9.0,8.9
325,7.0,6.97
732,7.0,8.1
3082,10.0,10.1
43,10.0,8.41
852,8.0,7.9
1533,7.0,6.99
1339,8.0,7.84
1295,8.0,7.3439999999999985
3261,10.0,9.63
411,9.0,9.32
2742,9.0,6.0329999999999995
2782,8.0,7.72
1888,8.0,7.65
2656,9.0,8.88
3893,7.0,6.67
3461,6.0,6.33
3947,8.0,7.32
1855,8.0,7.38
2544,7.0,6.67
1866,8.0,7.66
3315,6.0,6.19
2423,8.0,8.08
17,9.0,9.39
2909,6.0,6.07
608,8.0,8.06
4047,7.0,6.8
3217,10.0,10.28
1562,8.0,7.99
760,6.0,6.5
4084,7.0,6.72
1091,8.0,7.88
2864,7.0,7.93
692,6.0,6.1
3056,7.0,7.2
2212,7.0,7.01
467,8.0,7.96
2242,7.0,8.07
3509,8.0,8.06
3649,6.0,7.04
3437,8.0,8.05
2123,8.0,8.05
473,7.0,6.86
1744,8.0,8.78
1449,7.0,6.61
3578,7.0,7.19
3132,9.0,8.24
2473,5.0,5.22
3568,6.0,6.01
2465,9.0,9.22
667,7.0,7.42
1302,9.0,9.02
3539,8.0,7.8
208,8.0,7.93
2730,8.0,7.71
2693,6.0,6.04
917,10.0,8.8
3889,7.0,7.09
1953,7.0,7.21
2361,8.0,7.57
1164,7.0,6.95
500,5.0,5.17
952,7.0,7.42
1507,8.0,7.96
1616,7.0,7.04
1021,6.0,5.95
2897,7.0,7.82
1590,7.0,7.07
979,7.0,7.96
3677,8.0,7.5
2326,6.0,6.23
3244,9.0,8.96
95,7.0,7.0
2452,9.0,8.88
23,9.0,9.06
1005,7.0,7.14
2484,8.0,8.03
3460,8.0,8.11
1772,6.0,6.89
1322,6.0,6.1
575,5.0,5.26
2107,10.0,9.72
3339,7.0,7.69
1441,8.0,8.16
4046,8.0,7.81
1898,8.0,7.99
3053,10.0,7.77
2555,8.0,7.87
1114,9.0,8.98
1232,9.0,9.23
1901,6.0,6.55
1135,10.0,8.45
101,8.0,7.66
442,4.0,4.76
2162,7.0,7.49
3656,8.0,7.73
1312,8.0,8.01
4095,6.0,6.02
122,7.0,7.42
845,8.0,8.23
1526,6.0,6.02
158,9.0,8.61
2075,7.0,6.497999999999999
2370,8.0,7.94
1283,7.0,6.8660000000000005
3558,6.0,6.11
3935,9.0,8.75
2248,8.0,7.82
2915,9.0,8.58
244,8.0,8.16
1084,8.0,8.02
1844,8.0,8.95
2183,8.0,7.78
1073,7.0,7.14
3030,6.0,6.54
2859,8.0,8.11
1569,7.0,6.98
3908,6.0,8.37
2759,7.0,7.31
3406,6.0,6.09
2778,5.0,5.03
2369,8.0,7.98
1402,7.0,6.94
2046,8.0,7.63
902,8.0,8.33
606,6.0,6.0
3763,8.0,7.99
180,9.0,8.99
3457,8.0,8.04
2931,8.0,7.53
2272,6.0,6.11
51,7.0,7.0
1607,8.0,7.64
2635,8.0,8.45
74,9.0,9.0
1247,8.0,8.02
2124,8.0,8.01
3394,9.0,8.97
1229,9.0,8.85
2448,10.0,9.86
4135,7.0,7.05
1291,9.0,8.8
2427,7.0,6.99
3591,8.0,7.62
1141,8.0,8.28
4031,6.0,6.5329999999999995
159,7.0,7.02
1909,7.0,6.1579999999999995
3784,10.0,9.77
544,6.0,6.32
52,8.0,8.58
4023,5.0,6.23
223,7.0,6.86
1316,7.0,6.98
26,7.0,7.06
1677,8.0,7.94
1974,7.0,7.26
217,8.0,7.99
2134,8.0,7.99
4064,8.0,7.58
3483,7.0,7.02
1401,7.0,7.05
3726,8.0,8.02
328,8.0,8.71
3368,7.0,6.99
3538,9.0,9.02
3867,6.0,6.19
1642,6.0,5.99
876,8.0,8.52
2034,7.0,7.56
2474,7.0,7.04
3832,8.0,7.36
3473,8.0,7.76
2568,6.0,6.76
44,7.0,7.03
745,5.0,6.87
505,9.0,8.84
1580,7.0,7.09
1045,7.0,6.73
2249,8.0,7.79
361,9.0,9.04
587,9.0,8.95
3263,9.0,8.78
4041,7.0,6.84
610,8.0,7.65
2205,9.0,9.04
2526,9.0,8.99
1525,9.0,8.92
3856,9.0,7.53
418,5.0,5.05
3317,10.0,10.0
2502,6.0,6.16
260,7.0,7.12
1668,8.0,8.04
775,8.0,7.68
4123,6.0,6.63
3222,8.0,7.88
3071,8.0,8.58
2229,7.0,6.97
1815,12.0,11.38
1177,9.0,9.005
1257,8.0,8.04
2392,9.0,9.0
2564,6.0,6.08
297,8.0,7.75
1982,6.0,6.348
1749,11.0,8.13
136,7.0,7.31
1782,7.0,6.66
3940,9.0,7.95
3724,8.0,8.12
2067,9.0,7.91
267,9.0,8.89
3989,8.0,7.14
1189,8.0,8.03
2515,8.0,7.87
1996,7.0,7.55
831,7.0,7.12
56,10.0,10.44
843,9.0,8.07
705,8.0,7.56
561,11.0,11.01
3035,8.0,8.09
1390,5.0,5.48
2936,8.0,7.56
1600,7.0,7.7
824,8.0,8.01
1778,7.0,7.3
1293,9.0,8.97
3588,7.0,7.08
402,8.0,7.86
2435,8.0,7.94
1714,7.0,7.0
172,8.0,8.02
654,9.0,7.6
2268,9.0,8.89
1981,7.0,7.98
3934,6.0,7.3
1804,7.0,6.8
2986,9.0,8.07
191,8.0,7.87
12,10.0,10.05
1986,5.0,5.92
329,8.0,8.5
3005,7.0,6.51
617,5.0,5.05
817,7.0,7.12
765,7.0,7.07
3380,11.0,10.3
3152,9.0,9.01
3180,9.0,8.59
688,6.0,6.0
3065,7.0,6.89
3815,9.0,9.01
2793,7.0,6.84
2194,7.0,6.78
2872,8.0,7.97
3066,7.0,7.49
3258,10.0,9.95
2512,8.0,8.11
4083,8.0,7.94
1762,6.0,6.862
242,8.0,7.98
177,8.0,7.96
3442,7.0,6.99
3206,9.0,8.97
2664,9.0,9.0
4015,6.0,7.18
3610,9.0,8.99
1834,6.0,6.0
1451,8.0,7.76
4130,7.0,6.742999999999999
4119,8.0,8.46
1354,8.0,8.72
420,9.0,8.93
1206,7.0,6.77
3739,8.0,8.0
2374,6.0,6.0
3029,7.0,6.24
1831,9.0,8.4
2285,7.0,6.95
2625,9.0,8.59
230,7.0,7.0
3852,8.0,7.53
2041,9.0,8.2
2151,10.0,10.05
358,7.0,7.07
1478,8.0,7.97
2031,6.0,6.3
2128,9.0,9.07
1362,8.0,8.07
1786,6.0,7.090999999999999
2863,7.0,7.01
3544,9.0,9.01
2001,8.0,7.76
70,8.0,7.78
1619,6.0,6.08
45,7.0,7.24
3984,9.0,8.32
3621,9.0,9.0
186,9.0,9.0
1219,8.0,7.97
2108,8.0,8.07
964,7.0,7.5
521,7.0,6.58
1252,11.0,9.71
2517,9.0,8.97
2868,7.0,7.47
1500,9.0,9.95
141,9.0,7.92
2410,8.0,7.4
2955,7.0,7.69
316,8.0,7.95
270,7.0,6.97
3043,7.0,6.75
2254,9.0,8.75
3325,9.0,8.99
64,9.0,9.0
2668,6.0,7.0
1380,8.0,8.01
1945,8.0,7.42
1431,10.0,7.85
146,9.0,8.97
4025,8.0,7.5
1048,6.0,6.04
963,10.0,7.2
2127,8.0,8.17
496,7.0,7.01
4055,7.0,7.27
3993,6.0,6.12
3750,8.0,8.12
3744,6.0,5.88
3792,6.0,6.12
3626,8.0,7.97
3326,6.0,6.0
2718,7.0,8.01
3012,7.0,7.79
2364,8.0,8.01
284,9.0,8.97
3202,8.0,8.37
2632,8.0,7.75
365,9.0,8.8
4074,7.0,6.54
305,7.0,6.9
1090,9.0,8.99
2224,8.0,8.0
2207,10.0,10.01
2579,8.0,7.85
425,6.0,6.05
4087,7.0,7.1
2525,7.0,6.16
1068,9.0,8.4
2633,8.0,8.98
1453,6.0,6.02
3768,11.0,10.78
2296,6.0,5.99
3118,8.0,8.02
1576,5.0,4.93
1812,7.0,7.32
2878,6.0,6.03
4006,6.0,6.74
682,7.0,7.06
58,7.0,7.08
77,7.0,6.93
375,8.0,8.87
1041,8.0,7.92
758,7.0,7.09
1941,8.0,7.57
924,8.0,7.4
4110,7.0,7.59
719,7.0,7.2
1109,6.0,6.12
3136,9.0,8.73
2135,7.0,6.98
878,10.0,9.51
3157,8.0,7.94
126,6.0,7.93
2441,7.0,7.19
2375,9.0,9.0
2173,7.0,6.93
3654,9.0,9.24
1193,6.0,6.04
439,8.0,7.99
3969,6.0,5.67
3269,9.0,9.0
2103,8.0,8.01
3236,10.0,10.04
3599,7.0,7.74
3418,9.0,9.02
3617,10.0,9.73
395,7.0,7.32
30,8.0,7.87
3194,8.0,8.93
206,9.0,9.17
823,7.0,7.02
3990,8.0,7.94
804,6.0,5.94
3242,7.0,6.82
4001,8.0,7.64
2045,8.0,7.67
2767,9.0,9.0
488,6.0,5.89
1885,9.0,8.52
2202,9.0,8.96
453,8.0,8.05
1775,8.0,7.73
1422,9.0,8.45
1333,7.0,6.962999999999999
195,7.0,7.01
578,8.0,8.0
1323,8.0,8.08
3664,10.0,9.82
6,10.0,9.85
449,8.0,8.06
295,8.0,8.05
747,8.0,7.89
3323,7.0,6.91
3542,11.0,10.54
2727,8.0,8.03
1838,7.0,8.59
2278,8.0,8.23
857,6.0,6.07
3753,7.0,6.95
4044,9.0,8.06
993,6.0,6.49
197,8.0,7.77
460,7.0,8.29
2489,8.0,7.97
3761,7.0,7.0
29,8.0,7.99
856,6.0,6.02
3762,8.0,7.91
3894,8.0,7.56
2059,5.0,6.41
3098,8.0,8.0
3068,9.0,8.72
2731,8.0,7.99
1605,9.0,9.05
3829,8.0,7.41
1637,8.0,8.0
2621,7.0,6.8
2683,9.0,9.02
225,7.0,7.0
2852,9.0,8.08
734,10.0,9.78
584,8.0,8.05
3682,7.0,6.64
3502,7.0,6.98
2425,8.0,8.0
1588,7.0,7.0
1766,7.0,7.08
801,6.0,6.18
81,7.0,7.0
261,9.0,9.04
301,8.0,8.99
3309,7.0,7.98
1430,7.0,6.5329999999999995
2997,7.0,7.14
826,7.0,6.48
2922,7.0,7.83
2394,6.0,6.15
3606,9.0,9.06
2133,9.0,9.05
1481,9.0,8.97
3257,8.0,7.79
2963,8.0,7.79
1192,9.0,9.0
1089,7.0,7.3
1593,8.0,7.84
1541,8.0,8.74
1262,8.0,8.0
2199,11.0,10.81
4136,8.0,7.78
666,10.0,10.12
2167,8.0,7.97
1032,10.0,8.23
2277,9.0,8.34
2290,8.0,8.0
421,7.0,7.3
2483,6.0,6.02
1058,8.0,7.64
1241,7.0,6.84
3007,9.0,8.02
3301,8.0,8.24
3611,7.0,7.11
669,7.0,6.412000000000001
3452,7.0,7.06
3796,8.0,8.0
790,7.0,7.38
3166,7.0,6.43
154,8.0,8.01
2965,7.0,6.69
1688,7.0,8.14
2387,8.0,7.8
104,9.0,8.85
1673,8.0,7.77
1647,7.0,7.45
243,9.0,8.05
799,8.0,7.81
1653,10.0,9.94
1014,5.0,5.81
2719,8.0,7.85
2096,9.0,9.52
1071,8.0,7.68
2110,7.0,7.37
2510,9.0,8.96
3876,6.0,6.22
2898,9.0,7.91
4040,8.0,8.33
2651,7.0,7.09
821,6.0,6.53
339,6.0,5.98
1512,7.0,7.3
2390,7.0,6.86
3637,10.0,10.08
903,9.0,8.68
830,7.0,6.9
1223,10.0,10.59
1560,6.0,6.99
2728,10.0,8.91
2572,5.0,5.1
2165,8.0,8.0
1100,9.0,8.19
3013,7.0,7.34
4091,7.0,7.51
2371,8.0,7.97
3602,7.0,7.64
2384,7.0,7.08
3273,8.0,8.05
1639,8.0,8.02
1965,9.0,8.14
2145,8.0,7.85
564,8.0,7.94
1692,7.0,7.5
4133,9.0,8.41
907,9.0,8.54
2035,7.0,7.33
3085,9.0,7.59
3318,8.0,8.01
2740,7.0,7.81
1445,7.0,7.05
2885,7.0,7.82
885,7.0,7.26
1755,9.0,8.45
2919,9.0,8.02
3097,7.0,6.98
1756,7.0,6.97
3841,6.0,6.98
1839,6.0,6.0
4009,7.0,7.79
1436,8.0,8.01
2257,8.0,8.06
3092,8.0,8.07
743,8.0,7.44
1207,7.0,7.51
1122,7.0,6.99
735,7.0,6.85
1903,8.0,7.71
2377,8.0,7.97
1628,8.0,7.99
1521,9.0,8.99
1801,7.0,7.16
1640,6.0,5.98
353,9.0,9.05
2655,11.0,10.72
2715,7.0,6.98
1146,7.5,7.79
3812,7.0,7.42
3399,7.0,7.06
778,6.0,6.02
2244,7.0,7.0
1667,9.0,8.96
1840,6.0,6.11
1313,9.0,7.79
181,8.0,7.9
3731,8.0,8.0
3833,8.0,8.05
2892,6.0,6.07
911,8.0,7.78
3272,9.0,8.98
3459,6.0,5.99
3410,9.0,8.89
25,8.0,8.0
879,9.0,8.36
2262,10.0,9.97
3961,7.0,7.42
176,9.0,9.03
2840,8.0,8.07
3168,9.0,8.9
338,7.0,6.97
3587,7.0,7.77
440,9.0,9.0
2813,8.0,8.01
2099,9.0,7.11
2870,7.0,7.45
4112,9.0,8.4
489,8.0,7.84
1567,7.0,8.33
2083,6.0,6.1
812,8.0,7.99
3883,9.0,8.98
1134,10.0,10.0
926,8.0,8.03
3880,7.0,6.78
2960,8.0,7.8
1900,9.0,8.33
331,8.0,7.88
1346,8.0,7.6
1385,8.0,7.99
478,8.0,7.94
571,11.0,10.44
1858,9.0,9.88
2089,7.0,7.59
1077,4.0,5.85
4086,9.0,8.27
1063,6.0,7.32
3526,8.0,8.15
3887,9.0,7.99
62,12.0,11.66
1360,6.0,6.0
3366,9.0,8.94
3518,8.0,8.34
258,8.0,8.59
2795,7.0,6.06
1460,8.0,8.34
1126,9.0,9.02
3478,7.0,7.19
3795,7.0,7.34
2663,7.0,7.02
1444,8.0,8.01
68,8.0,7.48
1720,8.0,8.19
2457,7.0,7.12
224,7.0,6.99
