,y_test,prediction
1589,10.0,9.410854499279955
14853,7.0,7.644360758544732
1218,12.0,10.7428086772554
15664,9.0,7.392049235813101
10500,7.0,8.19567498064556
19832,9.0,8.96220878437646
5131,9.0,7.849303713770988
5725,8.0,7.499274003965944
10190,8.0,7.128157626184264
15330,9.0,7.192839815809148
5728,6.0,7.191137374466925
14667,7.0,7.244207703141181
18594,9.0,8.613333141050086
9734,7.0,7.346754471918272
11274,7.0,6.999108963063441
350,9.0,8.656798202024868
18332,8.0,7.857596376186365
5818,9.0,8.201286535601161
2347,8.0,8.018902388308797
7578,7.0,7.371484423482205
3546,6.0,5.86620873211396
13829,9.0,8.995526405375932
18673,9.0,8.891417098953887
4112,5.0,5.716082087914286
16396,6.0,7.271823907905466
787,9.0,8.42132597873831
13504,10.0,8.030267750474641
345,9.0,8.247882452766838
9974,7.0,7.284684654408933
17049,9.0,8.396761230121749
5516,8.0,7.447767600148925
17058,8.0,8.122708770030599
6608,9.0,9.203322846247849
11693,11.0,9.51323069229171
17350,8.0,8.22723288015266
8482,6.0,5.955988207890474
5910,7.0,6.7450851291161396
5710,11.0,8.021165841080036
19091,7.0,7.364740405777777
1283,8.0,7.560120959809009
21798,6.0,7.236253538425848
6364,7.0,7.007725868667939
10655,8.0,8.244850852720727
20066,7.0,7.02795501106828
5591,8.0,7.924186898800986
13987,8.0,8.151159327856435
7183,10.0,9.747366818599238
4200,8.0,8.255296485263372
12636,8.0,7.466351644912892
89,9.0,8.891142411673314
5887,9.0,8.953926736981908
17596,7.0,6.966128174412179
6578,9.0,9.110826061287126
13695,8.0,7.581361599843422
19635,8.0,8.072794454408097
7658,6.0,6.499908247320309
18089,7.0,8.16553162794918
19743,8.0,8.623995489356771
19896,8.0,7.646481737896783
11668,7.0,6.969410072136022
6126,8.0,7.980482167512996
15903,9.0,7.497893539337257
10752,8.0,7.4809912272655765
11284,8.0,7.5608278817186445
6443,9.0,9.210752235690395
10297,7.0,7.619609432152322
14817,7.0,7.092600424236719
16479,10.0,7.890734253746251
12059,8.0,7.621422758441533
11984,7.0,7.087068766999007
12887,11.0,10.675725565769222
2917,7.0,6.6310248164628005
22073,6.0,6.914115241196281
12439,7.0,6.984854714104636
1799,8.0,8.488095337362676
17825,9.0,8.406801777932861
1209,7.0,6.930575012846977
20697,7.0,7.312784833328904
6176,7.0,7.109373095073263
2048,9.0,8.937071692755689
4722,7.0,8.079358177164055
10639,9.0,8.228439473035056
5563,6.0,8.019071015995877
10732,7.0,7.594514833455449
15277,8.0,6.863904136449316
20699,7.0,7.00601755261093
16824,7.0,7.095140259977149
11124,9.0,8.3233460590157
21880,8.0,7.898820479993892
15940,7.0,7.369911138861845
18166,9.0,8.826249758812796
14371,8.0,7.735039704375341
21563,8.0,7.3391831290554865
1682,7.0,6.817883883731898
21244,8.0,7.275544637327079
4806,9.0,7.395960916557106
12848,9.0,8.955299903143356
650,7.0,6.9302353735868865
6996,8.0,7.673465450033969
11940,8.0,7.986373797860139
9904,8.0,6.984396033641826
997,9.0,8.254340485067623
6661,10.0,9.24318091144778
1880,7.0,7.1216053593743815
10568,9.0,7.7494572273694615
7344,7.0,6.967803424429318
13714,7.0,7.313896248621171
9264,7.0,7.457879262366985
11470,8.0,7.715211410636318
1520,8.0,7.75267141633959
14643,8.0,7.597734442002567
10677,8.0,6.7493845697220785
34,10.0,9.00862589549094
8545,8.0,7.764891531106947
19890,8.0,7.796827564217896
10911,8.0,6.982148176652186
10144,8.0,7.905389116603249
4152,8.0,7.759805645155536
823,6.0,5.9987349313229705
8643,7.0,7.306930786381007
13587,5.0,5.374935804521859
9964,8.0,7.629404612569074
2020,8.0,7.936797126426361
1331,8.0,7.741432120001987
17369,9.0,8.638852248456523
8862,9.0,8.637655201259856
13731,8.0,8.099274782103107
16357,6.0,7.895553053047001
14175,7.0,6.81527259909484
6291,8.0,7.610775796272511
1310,9.0,8.696991426052588
10173,8.0,7.053204030865585
121,8.0,8.19669974668647
7670,6.0,5.978529563780995
17303,8.0,7.7709640108358045
1270,8.0,7.563528532178035
19690,9.0,8.684734722357913
21074,6.0,7.068368931888127
10474,8.0,7.442302623905974
3628,6.0,6.133660775460772
6870,7.0,7.146545723906085
6086,8.0,8.182805374752979
1222,9.0,9.05789516623978
22187,7.0,7.212318151335834
1559,7.0,6.637437089184413
11276,7.0,6.999108963063441
14989,8.0,7.557442319954234
21579,6.0,7.073008485844537
20214,6.0,6.390184155988778
15550,7.0,8.118910412996282
3231,9.0,9.054263166692358
6636,9.0,8.672734362176717
13861,8.0,8.092142235755189
10057,6.0,7.90920535835698
7767,10.0,9.06848161067564
11729,7.0,7.164602166338873
19661,8.0,8.43131546439086
6188,9.0,8.960043076993102
10280,7.0,7.159104966367905
2190,5.0,5.450412352807987
11894,10.0,10.496010805739331
4180,7.0,6.806445155377081
18417,11.0,10.057457120083503
17194,9.0,8.356604731246595
1723,8.0,8.240404416021157
18782,7.0,6.702773531755476
19298,9.0,9.17631292475935
17022,8.0,7.385375045842144
22285,9.0,8.378637798285453
2715,9.0,8.625149339397788
4312,8.0,7.630833298238876
9126,8.0,8.343012958934438
15909,7.0,7.405484795910027
15135,8.0,7.664209064980215
8062,7.0,6.865193026499815
9368,6.0,6.969256404342818
18450,8.0,7.467503889266288
9852,6.0,7.225583418490406
13238,7.0,7.6095295860659995
9643,7.0,6.639959578367797
9555,8.0,7.871962918058729
9649,8.0,7.559474458271218
22013,7.0,7.23899635164368
4620,9.0,7.429107776012996
3182,9.0,8.680050505460235
15407,8.0,8.74691198726676
13558,9.0,8.87104291884351
8414,7.0,6.952984773729044
14229,8.0,7.896935803945077
16126,7.0,7.652741678915911
9359,8.0,7.478401348157005
21111,6.0,6.274624920875411
10632,7.0,7.427208336700531
13398,7.0,7.360960662181366
18724,7.0,7.050043686051753
8921,7.0,6.894009089993566
14105,6.0,6.575167818227343
3208,7.0,7.312033346453967
17328,9.0,8.242626200906354
12092,8.0,8.293550024465905
7359,10.0,10.127889806511018
60,7.0,7.693107345875358
7390,8.0,7.9413257704384375
12209,8.0,7.618295313379798
4243,8.0,7.6739098896269535
7488,7.0,6.910720090333617
20355,8.0,8.316162409363322
2544,9.0,8.406271228020428
8019,7.0,6.992187479593474
21273,6.0,6.887062270967428
1687,8.0,8.108898500367397
16749,9.0,8.39102950915588
15816,7.0,7.745252692438868
21697,7.0,7.337389118933563
19379,6.0,5.706561923241055
22051,5.0,6.8370859372161386
367,7.0,7.14430440943071
8015,6.0,6.2181045781758995
18956,6.0,5.802480920922776
20479,7.0,6.925614715821033
4529,8.0,7.424735598186633
15011,7.0,7.000786226995199
1414,9.0,8.99620088654765
1504,8.0,7.686174734365871
11581,8.0,8.220267570980736
17264,8.0,7.549534389291294
790,8.0,7.80848113598635
20946,7.0,7.4417239795344265
8499,6.0,6.39228378278626
8306,8.0,7.458785629118649
19445,7.0,7.455333477314097
11236,8.0,7.840874594349147
16148,6.0,7.356012660527943
22125,8.0,8.062880692914161
2159,5.0,5.161622457823133
2772,7.0,6.909908829238826
6970,9.0,8.205219462929652
1762,7.0,6.687037585100866
12714,8.0,8.056560660803033
20285,7.0,7.176085606413094
10723,8.0,7.447207406178164
17679,9.0,8.26203069988309
11383,11.0,10.087469853720862
12644,7.0,7.074038596416467
14270,8.0,8.602590034070966
1980,8.0,8.43668893360126
7029,7.0,6.846997725947533
8568,10.0,8.796856373965985
3688,8.0,7.566287043690018
20455,6.0,5.825148116070741
18777,7.0,6.702773531755476
19839,8.0,7.8831335906721005
9861,6.0,7.0390172290561885
22266,8.0,7.9539599070945215
4377,9.0,7.57065125945358
7036,8.0,7.352309487080687
7198,9.0,8.216640924118837
4347,8.0,7.055387807270396
9013,7.0,6.9377777077688245
4017,8.0,7.8013935638386265
21285,8.0,7.47969524341576
3635,8.0,8.07454919880963
9672,8.0,8.33171103702692
2726,9.0,8.190089633064815
8465,6.0,6.105337712524628
3213,8.0,7.485278404724395
2352,8.0,7.994969025739296
14626,7.0,7.9360214196540095
2847,7.0,6.664378061852788
8527,8.0,7.931721716208402
9079,6.0,5.998157622341486
16591,9.0,8.547212490947397
21906,6.0,6.811928222444618
21190,6.0,7.287270134257812
12502,7.0,7.558359056861606
9568,7.0,6.953388554818474
4308,7.0,7.11557489717383
2936,7.0,7.077424536551034
19282,7.0,7.088660588825207
20997,7.0,7.387053164436114
1309,9.0,8.696991426052588
10040,7.0,8.20692090547867
18857,8.0,7.7193103152886575
17485,8.0,7.760520228443436
21784,9.0,8.33140929281149
5876,8.0,7.832881802066542
4360,7.0,7.245568050695436
1401,6.0,6.137964516495293
17241,9.0,8.565357246321698
10556,7.0,7.264389114271664
2302,8.0,7.700668177144765
9407,8.0,7.470259396847441
11241,9.0,7.998038436737195
14722,8.0,8.441480296668196
14024,6.0,6.114214280084767
4591,8.0,8.009584470578893
4675,6.0,6.874680144104809
7655,8.0,8.2033561784967
2252,10.0,7.499765700010862
21181,7.0,7.350256257949207
1196,6.0,6.450280963624673
657,10.0,8.65021972466366
8050,7.0,7.274056340910768
19334,6.0,5.995691052548376
18186,8.0,7.978442721201672
20718,7.0,7.79181809467001
1665,7.0,7.290310804024513
20922,8.0,7.704094429572445
3474,8.0,7.80948377900603
15444,9.0,8.482760521297115
10396,6.0,7.197724291255653
18097,7.0,7.462533637661359
3550,8.0,8.2930960230496
20521,7.0,7.072392677524871
21407,9.0,8.381298902743888
21269,6.0,8.510717094104635
6563,10.0,9.35307943791357
12976,8.0,8.007122942915855
6585,8.0,7.44332538491564
2800,7.0,7.257947968350085
3002,11.0,9.857181348486403
19137,6.0,6.522115146556935
17016,9.0,8.839934870625184
4928,8.0,8.487714865459195
593,8.0,7.654414394687974
18297,9.0,8.624083762368453
21120,9.0,7.766181003797907
19844,7.0,6.9461091657451455
18250,8.0,7.8557112474624144
15516,7.0,6.894982081971721
13863,8.0,8.092142235755189
7072,7.0,6.890791499657681
13676,9.0,8.433303595518815
21265,9.0,7.068928168506996
7427,8.0,7.7382043299725645
20635,6.0,6.038292676802622
8055,7.0,7.021117613240375
15294,6.0,6.868064611115969
11000,6.0,6.838307397040332
5597,8.0,8.654843402629963
1686,8.0,8.108898500367397
2678,7.0,7.436822048816163
7788,8.0,7.678672947088369
3975,8.0,7.15174288208706
16199,7.0,7.466081789109728
2005,9.0,8.464496692498054
5726,8.0,7.499274003965944
17560,7.0,6.56294827891402
21463,8.0,7.868101836291784
1638,8.0,7.651066905757492
13971,8.0,7.95792350794628
1038,6.0,6.413172456493194
8596,8.0,7.5718792891696935
9053,8.0,7.8983401233247825
16550,8.0,8.003343397295437
14562,8.0,7.995334782194831
8947,8.0,7.740941026475726
5256,6.0,7.362944807200385
6542,8.0,8.359438080840997
4914,8.0,8.39261444676487
10641,9.0,8.228439473035056
9325,6.0,6.360476041732952
12904,8.0,8.484418720178299
17545,9.0,8.95233965157744
4970,8.0,7.9226484544096
11304,9.0,8.217242797617182
3712,6.0,5.993452353002643
5813,8.0,7.564423954885035
21143,8.0,8.05051212224944
19350,9.0,7.767115377225904
2161,9.0,8.793925464463143
18799,7.0,7.426290962159413
18557,5.0,5.576601547580007
19788,7.0,6.779129331276887
4143,7.0,7.302979653172002
12085,11.0,9.89596506822483
937,8.0,7.695813019590746
17661,7.0,6.853859664860913
18686,8.0,7.786112658448774
4711,6.0,7.694323916288964
1075,10.0,7.353640688162846
21847,8.0,7.2557351052519845
22261,7.0,7.566953092055101
20917,6.0,5.940559767607266
13415,7.0,7.384295827544918
7830,6.0,5.766093967713288
19858,10.0,9.481697147338343
4392,8.0,7.724234131100173
11736,10.0,10.219431375652725
17708,9.0,8.75547969351345
2861,8.0,7.810297552715598
12558,6.0,6.371380755970269
8607,7.0,6.796407766603141
9569,7.0,6.953388554818474
21205,7.0,7.197007822907355
2889,9.0,8.341721245276734
490,9.0,8.03490928116231
20639,8.0,7.572541355454186
21267,6.0,8.510717094104635
5791,6.0,7.300286092458547
15682,8.0,7.844910792001185
20199,7.0,6.589564277383464
12367,8.0,7.9890269575494415
7106,9.0,7.594684413828615
9796,8.0,8.127263644425831
508,8.0,7.827342853920852
8386,7.0,6.656588982831764
106,7.0,7.063756987133422
8029,7.0,6.769215459741404
4302,7.0,8.829664295258995
10139,9.0,7.616284662353118
14029,6.0,5.936311310199682
1037,6.0,6.413172456493194
19520,6.0,5.754182432813701
20867,8.0,7.957118514349201
15851,8.0,6.780701882699428
3224,7.0,7.283437653287806
2995,7.0,7.560335092826282
2249,6.0,6.086706200413979
11465,8.0,7.957507439068589
17160,9.0,9.197420417952793
22116,7.0,7.3849356156356745
7731,10.0,7.254235677052949
15275,8.0,7.293999708614556
20045,7.0,7.381029951478622
16383,9.0,7.377995268429711
14730,8.0,7.961586254198966
5022,7.0,6.997237319111025
19834,8.0,7.9720525885991265
918,7.0,6.678146396713321
19669,9.0,9.109753048018705
11933,8.0,7.849076935486666
8872,7.0,6.907162226386338
17948,6.0,6.102185073566619
18511,9.0,9.193088004093639
10045,7.0,7.135000082503938
5272,7.0,7.398767668177742
14865,6.0,6.152258107344191
2314,9.0,9.338619632175538
5771,8.0,7.121536207936982
22148,6.0,6.956849464141539
5066,6.0,7.829509945535012
3832,6.0,6.080759638972224
21770,6.0,8.34769882474377
9829,5.0,6.041899091428714
19822,9.0,8.733285621405065
6685,9.0,8.45285401375751
6382,8.0,8.133076175585337
18113,7.0,7.244959506297496
19782,9.0,8.686600838085251
1806,7.0,6.847847532745331
10607,8.0,7.137566140913576
10013,6.0,7.150739268783933
13488,8.0,8.624811565034964
2990,8.0,8.099098055028298
17021,7.0,6.663280773206551
12438,10.0,9.2111622176969
4158,8.0,7.759805645155536
4740,6.0,7.300476770791841
4431,7.0,7.089727691172048
1214,7.0,6.803800173074212
1502,6.0,6.191544166871749
4177,7.0,7.720482653021648
16390,6.0,7.5155459576280474
17548,9.0,9.09930206836958
9106,6.0,6.294477476114018
10578,7.0,7.2413405698155815
2054,8.0,7.57323276869699
4094,6.0,7.200108230347274
20624,6.0,6.519157414169482
760,9.0,8.27807944022892
250,7.0,7.233399484834709
17433,8.0,7.7090510671061505
1053,8.0,8.132419455688893
9436,7.0,7.825641951736074
1475,9.0,8.448073887018376
20460,9.0,8.612230248490064
15405,7.0,7.141888639307929
4790,9.0,7.913633650114802
7116,8.0,8.103268489677156
12365,8.0,7.9890269575494415
17257,9.0,8.72233248917309
16111,7.0,7.350456391521346
11317,9.0,8.622266349587699
3791,7.0,7.193912425152094
21979,7.0,7.71819435367974
7607,11.0,10.274682645847681
10105,8.0,7.56790540815553
5138,7.0,7.402778062037285
2182,6.0,6.093293917818605
14053,9.0,8.477320284704096
1993,8.0,8.095251361231107
15943,8.0,7.82904860140469
10373,8.0,7.35279083400582
17354,7.0,7.293204319639046
8384,7.0,6.946993866589326
10616,6.0,7.174339146367043
17430,7.0,6.7184001614624504
9826,7.0,7.453520573044923
22008,7.0,7.23899635164368
12534,7.0,6.7683092118993935
748,7.0,7.116451673146688
9959,7.0,7.362472165990972
6160,10.0,9.448602142150204
6285,9.0,8.607152253591256
19871,10.0,11.351608167796778
1735,8.0,7.810769200324792
5369,8.0,7.292859514513007
7094,7.0,6.864402382931449
3170,8.0,8.022415598410031
14931,7.0,6.934401320728304
13663,6.0,6.175860662555968
13078,7.0,7.006078277773202
16221,7.0,8.689837969863714
5614,6.0,8.443186312697446
10047,7.0,7.135000082503938
19569,8.0,8.032371921010386
8845,7.0,7.204148184261018
18019,9.0,8.93804537696989
8636,8.0,7.61394936130668
11718,7.0,7.285083924530946
1861,7.0,7.5126986665013895
5363,8.0,7.751375021600843
1809,8.0,8.077003484256885
10493,6.0,6.625704910500899
12433,8.0,7.826619583907517
18883,6.0,6.486646100157384
13294,8.0,8.231552054504018
1085,10.0,9.191661994511495
21451,8.0,8.039108853325343
5405,6.0,6.794399237275451
21387,6.0,7.682496440154713
2925,7.0,7.231908820311009
992,9.0,8.564889047398609
17157,8.0,8.266044639568458
5042,7.0,7.537172562535442
7598,8.0,8.091157919229794
10749,7.0,6.753212829845774
14743,8.0,7.099006073944423
4183,7.0,6.806445155377081
19525,6.0,6.398975852866714
5155,9.0,8.814307223163992
13642,8.0,7.658965472009568
8336,10.0,10.299438446193435
1212,7.0,7.005208797888388
19841,8.0,6.914252617268455
15638,6.0,7.514290881710119
9066,9.0,8.713671116863923
4649,8.0,7.529730250928617
12346,7.0,8.070547079084372
11340,9.0,7.405236723971653
3906,9.0,8.585331486262982
20806,8.0,7.714621525211951
16247,9.0,7.372882944407724
4672,9.0,8.161574387392584
13291,10.0,9.107451625374981
15488,6.0,7.475351814282169
6441,9.0,9.210752235690395
2667,7.0,7.2564863439444
21985,7.0,7.9149441071554865
17618,8.0,7.640208036529387
10590,7.0,7.454256241856127
9146,9.0,9.128960051804052
8158,8.0,7.744277213335344
14264,8.0,8.751640935336994
14292,11.0,11.025906943099438
13827,9.0,8.995526405375932
1895,9.0,8.901436131085806
6415,9.0,8.4032763537082
10988,6.0,7.027436379375076
20419,7.0,7.139442906126385
4471,7.0,6.861424855071795
19344,10.0,9.585765250166352
12688,7.0,6.743880347438599
506,8.0,8.220066688014953
19870,10.0,11.351608167796778
3071,8.0,7.926404023125658
3385,7.0,8.184901993319105
21802,7.0,6.958252851259178
12260,9.0,8.4469243975248
8033,7.0,6.893800093735237
17876,9.0,8.520078901587484
13730,8.0,8.099274782103107
5049,8.0,7.455229405856564
20580,7.0,7.116831399986396
14675,7.0,7.820521756137222
20183,9.0,9.392121914837068
8116,8.0,8.15867136371586
1650,7.0,6.971245141366653
4141,7.0,7.339893447217294
16000,8.0,8.355777620495985
14386,9.0,8.337713120331777
1832,9.0,8.979730261831525
16189,8.0,7.664032580577036
832,8.0,8.233470685148026
18551,8.0,8.201843217656938
16229,7.0,6.840057327222582
22368,6.0,8.032973293412674
13745,6.0,6.5708867555405215
10460,8.0,8.041031889468227
19527,7.0,7.319422217910168
18340,7.0,7.091029123921462
4292,6.0,7.385230195976417
1876,9.0,8.655862024971947
13665,6.0,6.175860662555968
12929,9.0,8.722588703256477
5332,9.0,7.832561977413869
14579,7.0,6.682110281487116
6351,9.0,8.897488606502733
1811,8.0,8.42876370113506
11422,6.0,6.587515501860601
17600,7.0,6.932412303056049
9086,9.0,8.814235547078225
19725,10.0,9.857960120621282
1813,7.0,7.7175185895220295
16395,6.0,7.271823907905466
18368,7.0,7.139647540030391
15131,8.0,7.694243737260649
4804,9.0,7.395960916557106
18343,7.0,7.091114479212295
13974,7.0,6.876362529467535
1174,8.0,7.770712322725171
20008,9.0,9.350324529929685
1355,7.0,6.92973733834783
11564,8.0,7.87169585191897
8053,6.0,6.268999108425994
2350,8.0,8.044367367518294
12020,6.0,6.108180884529998
13625,7.0,6.718304525687292
15323,6.0,7.912794728350194
19104,9.0,8.3883302519271
2869,9.0,8.93124581449862
1853,8.0,7.917633155819477
12000,8.0,7.492364291156914
1203,8.0,7.673774737168088
18683,8.0,8.077507003016057
4014,7.0,7.296552037043642
15243,7.0,7.944012328226085
1102,9.0,8.457988339119051
7147,8.0,7.89888385668738
11157,9.0,7.661911809917763
9067,8.0,7.777042933555329
9171,9.0,8.973201711153731
13970,9.0,8.679044287209916
13964,8.0,7.811325262042471
4346,8.0,7.055387807270396
19287,9.0,9.27299996117721
4405,8.0,7.875565794320044
19787,7.0,6.779129331276887
2795,6.0,5.905206574307441
17391,7.0,7.360230307624642
16667,9.0,8.391131991071397
8652,6.0,5.847643268564238
13809,8.0,8.142153136898749
4818,10.0,7.892018004978311
13736,7.0,7.783737918369992
18185,8.0,7.978442721201672
22374,7.0,7.423014722954038
6179,9.0,8.769717064193213
9683,8.0,7.930149179316317
7581,6.0,6.645514698028833
14289,6.0,6.470874273087515
19812,7.0,6.912260964343993
3530,6.0,5.981300314775947
297,7.0,7.013265306521832
10863,6.0,7.260197160730624
19076,9.0,8.851174265693617
6361,9.0,9.53036365611226
6270,8.0,7.97150966195202
15879,8.0,7.600139545602659
13093,6.0,6.458462002363922
21427,9.0,7.736135441336733
15530,8.0,8.236980884276651
994,9.0,8.564889047398609
11091,9.0,7.538747655431022
19876,9.0,9.334977691720987
19220,8.0,8.718433589379934
10455,9.0,7.421371933568576
17694,8.0,7.792605144699152
68,10.0,8.949666352589961
10601,8.0,8.530356698602775
9355,7.0,6.657469463436279
16645,9.0,8.608229919611315
1730,8.0,7.684754466016878
19296,9.0,8.578158023091378
136,8.0,8.176441969203118
8670,7.0,7.0191937944874
22300,7.0,7.271545148839174
16196,7.0,7.869979194282681
5580,16.0,7.789190163813002
10834,6.0,8.38571089026237
18730,7.0,7.441218407122928
11198,6.0,7.742340210531317
13057,13.0,10.969586499751369
14485,7.0,6.831554211456142
14276,9.0,8.472553951440194
9563,9.0,7.661584360453499
22002,6.0,6.468003894363803
21863,7.0,7.960622575150259
5912,8.0,7.49674079743416
9075,9.0,8.619344301502846
12057,8.0,7.621422758441533
15810,7.0,7.668659060510937
13961,6.0,6.13149615240664
394,7.0,6.676181347537627
21326,7.0,7.019906797912949
17634,8.0,7.678586136277213
13744,6.0,6.5708867555405215
14591,6.0,6.100756990389511
15704,7.0,7.229596534675983
9502,7.0,6.924269337680342
4661,7.0,7.388417516821741
21467,9.0,8.667217816305154
691,9.0,8.766016314316259
20450,9.0,8.62256842762376
12150,8.0,7.664717449288101
5845,4.0,6.931266483613249
3643,7.0,7.816967035717486
14859,9.0,7.057447245918319
21453,6.0,7.628499922888794
10408,8.0,7.35673624212156
7747,8.0,8.10602274332034
1852,8.0,7.917633155819477
13084,8.0,7.7099478940047845
19197,7.0,7.428250916406649
16866,8.0,7.966815772174625
15601,6.0,6.089760668737052
11065,8.0,9.029665251159418
17396,7.0,7.010018617070351
3583,9.0,9.922974255140838
108,7.0,7.121481648938638
13313,7.0,6.821107268841022
4602,7.0,7.399378180785963
17439,9.0,8.573606596804265
3617,7.0,7.214034871117064
3298,10.0,10.619699726483482
14055,8.0,7.868819018162112
18168,6.0,6.2895143196923025
15111,7.0,7.209816699795874
7237,8.0,8.432020933573598
482,10.0,9.732367357763774
18453,8.0,7.467503889266288
8334,7.0,6.979702364508599
11127,6.0,7.004470858131593
20949,9.0,7.902182897964062
15639,6.0,7.514290881710119
3577,6.0,6.178370382173604
16353,8.0,7.273642067810985
9351,7.0,6.657469463436279
11807,8.0,8.056351296555867
19709,8.0,7.564181272050282
15812,7.0,7.668659060510937
6034,7.0,7.071886662947579
527,7.0,6.743397461888975
16838,9.0,8.562385239884943
3968,8.0,7.389783556342662
19144,7.0,6.959962811397406
3229,9.0,9.054263166692358
20619,7.0,7.325929784880992
21425,9.0,7.736135441336733
8842,9.0,8.627670142583256
12035,8.0,8.151883665743515
7691,8.0,8.322437722480188
14981,9.0,8.690902436399362
8849,7.0,6.823633235281753
17817,8.0,7.711850989152792
11011,9.0,7.997469026600788
6119,10.0,9.174258021546077
21188,5.0,5.603409210673349
14534,6.0,6.160381648222794
15847,7.0,7.109760507943101
5669,7.0,7.767854588091655
8542,7.0,6.877715488319486
22340,7.0,7.15801422192243
20153,6.0,6.304078100593057
21009,7.0,6.644768298712642
10285,7.0,7.159104966367905
3131,8.0,7.89471304726899
1252,6.0,6.073067369323615
2904,6.0,6.378345002242167
22137,5.0,7.04723600777458
3596,8.0,7.956882613945812
13143,7.0,6.701653970513097
5864,9.0,7.867785930961611
21796,8.0,7.140082650535846
20871,7.0,6.9965196839410275
3894,8.0,7.90167938935965
13544,8.0,8.358237379709877
9657,6.0,6.01542781019891
19117,7.0,6.899844861357717
9710,7.0,6.84211812214744
1020,9.0,8.871175065259347
5281,8.0,8.221844539008353
10109,7.0,7.321605921426959
19176,8.0,7.613703631338385
15549,8.0,8.079695245939693
12699,8.0,7.817334868819524
16057,6.0,6.262510891928006
11158,5.0,7.101162669147159
17863,8.0,8.632445175281507
8449,8.0,7.67698898613577
6162,7.5,7.466049219823686
174,8.0,8.00586664721543
5832,7.0,7.410376205330717
2913,8.0,8.231700035113285
20357,8.0,8.316162409363322
1721,8.0,8.240404416021157
18645,7.0,6.729004380953695
14962,7.0,7.361730438792417
7146,8.0,7.89888385668738
21805,9.0,7.199221185447792
4380,7.0,7.13205628159406
16794,7.0,6.981891994573457
20758,7.0,7.378910080419635
8693,9.0,8.764925726319051
719,9.0,8.029198510740676
3226,9.0,8.545352315258205
2186,9.0,8.76344394431184
21127,8.0,7.9736529112200305
1718,7.0,7.412617933916362
4232,8.0,6.638635615677079
21814,8.0,8.402324978332924
18126,6.0,6.257864195810245
52,7.0,7.578908386236119
444,9.0,8.459696619981315
16233,6.0,8.198927272298933
868,9.0,8.919154928424026
4099,9.0,7.4211284459023865
2430,9.0,8.368609035883576
15255,9.0,7.9694628224653385
981,8.0,7.935011333732154
6445,8.0,7.402133917688477
4647,7.0,7.796659002502157
5232,6.0,7.675934880938895
16995,7.0,7.0447322938830546
21083,8.0,8.072134044080574
6517,9.0,8.58477476241065
4339,6.0,7.196712031977962
5824,5.0,7.302987031235737
14594,6.0,6.010754822818802
11131,6.0,7.364475801248435
14620,7.0,7.170092564704277
7881,9.0,8.798449899810382
2526,7.0,7.121331069270438
1692,8.0,7.935716492246081
17004,9.0,8.519842288980124
20584,7.0,7.082857349934123
11025,9.0,8.651191924872466
16447,7.0,7.097336327845632
13965,8.0,7.811325262042471
19074,9.0,8.851174265693617
5258,8.0,7.898663538083866
18768,7.0,6.950031864081664
1136,6.0,6.35510262599431
3335,6.0,6.082385505358037
246,7.0,6.860842090365846
5160,6.0,7.181973347347903
17614,8.0,8.354256815932642
14451,8.0,7.843890715158533
18993,7.0,7.1388700577662245
3428,8.0,7.692637139200574
21685,9.0,7.728180345619906
19060,9.0,9.371642683003511
15149,6.0,7.5670856368707895
17664,7.0,7.687150146852273
18921,8.0,8.076497587011175
12596,6.0,6.221507630459085
21283,8.0,7.47969524341576
4783,7.0,8.347668324366085
2842,8.0,7.6651022140539915
2717,9.0,8.84067739118294
4871,7.0,6.839107772920636
21156,8.0,8.482973477487278
21748,6.0,7.17233526086634
1204,7.0,7.059851989471372
9070,8.0,8.187152508106072
22268,7.0,7.060909054875707
10622,7.0,7.797018366378079
18567,9.0,8.848774210226813
5285,8.0,7.734806684360343
13165,7.0,6.8078127518922775
9973,7.0,7.140398877882932
2087,7.0,6.983399828524786
10050,6.0,7.477936249737127
7537,9.0,8.807805914665227
13698,8.0,7.723004634766646
16187,7.0,7.861026611008063
21243,8.0,7.275544637327079
16905,10.0,9.845852216793851
9992,8.0,7.080118512952272
13167,8.0,8.489243779412332
17608,8.0,7.962758298451773
9731,7.0,6.435548861364293
10555,7.0,7.264389114271664
953,10.0,9.320943613026866
190,7.0,7.121552581464563
19745,8.0,8.040123581722481
8104,9.0,8.3196119961791
8570,10.0,8.796856373965985
7467,8.0,8.439696391468
15153,7.0,7.014963507690117
21490,6.0,6.92429445898871
20340,7.0,7.692492770947668
18891,6.0,6.74537387973393
9814,9.0,7.354135118746829
13353,8.0,7.6861081413998456
20833,7.0,6.225988360808252
6416,6.0,6.246881732997239
4441,8.0,7.248251360894134
11587,10.0,9.05122375558463
20857,8.0,8.002945179368353
10399,7.0,6.885840322067645
6881,9.0,8.601648534688746
5665,7.0,8.002958129539318
12163,9.0,8.548160709098806
1436,7.0,6.781535730439535
22254,7.0,7.601315620734789
4699,7.0,7.565219202562178
6992,9.0,9.219854402142378
11479,8.0,7.917436152741754
21845,8.0,7.721368242673547
22303,8.0,8.47455115550097
10836,7.0,7.353038021384277
22132,8.0,7.945576843767947
21284,8.0,7.47969524341576
6766,8.0,8.326548167705587
1647,7.0,6.971245141366653
10754,5.0,7.61038811018995
7536,9.0,8.807805914665227
17421,8.0,7.679094036198441
10438,7.0,7.5493550149652755
14764,8.0,8.195808166256933
16446,7.0,7.097336327845632
3686,9.0,8.385378313573591
7424,8.0,8.197235274033506
22203,7.0,7.423674212477669
22298,7.0,6.076666928654485
7623,8.0,7.297292827783158
12391,7.0,6.760037071029578
4833,7.0,7.448058572490746
20836,8.0,7.611526669410097
1099,8.0,7.7298466043312075
21872,8.0,7.2168645861015905
2536,9.0,8.406271228020428
1412,8.0,8.006381230790758
19146,8.0,8.24880098477017
17630,9.0,8.779295221812541
14323,6.0,6.041209795128846
21978,7.0,7.71819435367974
1779,7.0,6.743506119520367
15755,9.0,8.1259295874262
14752,5.0,5.313393743241997
411,7.0,7.147932881792062
3176,10.0,8.096735911157634
19129,7.0,7.774783795106423
17803,7.0,7.270419085147561
15309,7.0,6.878753909131596
99,9.0,8.523480910868738
18710,8.0,8.364599441650629
2030,9.0,9.099435352464283
13153,6.0,6.4725999432690084
10192,7.0,8.218247064072683
856,9.0,8.20154449824612
5215,7.0,6.900356873855709
1151,8.0,7.782065106334416
21353,7.0,7.374798948318578
9544,11.0,7.113392311151203
5612,8.0,7.709516413829302
20496,8.0,8.072533443037255
6442,9.0,9.210752235690395
7991,8.0,7.787427365889529
9440,8.0,7.800890465003107
8763,8.0,7.625689976270568
12889,11.0,10.675725565769222
20353,8.0,8.088594839366571
20397,7.0,7.5865421102087645
21379,7.0,8.037265732551097
19486,11.0,9.87436372287332
12549,9.0,8.674984476190165
8736,7.0,7.130749900512468
10821,7.0,7.856939397128222
20989,6.0,6.194833846097681
21788,7.0,6.477876603864255
20930,8.0,7.752019023282125
20685,8.0,7.947296372068772
5790,6.0,7.300286092458547
16526,7.0,7.067198798982844
15745,7.0,8.324802678926016
10195,8.0,7.811379555965241
22355,8.0,8.352523592170956
20141,10.0,9.281303516012342
286,9.0,8.485217711372627
19887,6.0,6.130223116253652
10769,8.0,7.455756497137779
2648,9.0,8.345309566593112
19799,6.0,7.077916462656988
22094,7.0,7.429398785928283
14098,7.0,7.383282986354427
11677,11.0,10.922750422298792
925,8.0,8.46039938028207
4035,7.0,7.653475418277251
14321,6.0,6.041209795128846
1368,9.0,8.708455191401702
16438,8.0,7.047728847809415
19757,6.0,6.97401163877324
16224,7.0,7.830738896977785
18065,8.0,8.067419418093932
1835,9.0,8.979730261831525
1535,8.0,8.265532730450182
21981,8.0,7.667723652578115
17168,8.0,7.9271175692828955
19866,6.0,6.58225738293759
9177,4.0,6.941869143205811
21268,6.0,8.510717094104635
7153,8.0,8.242818028632882
9040,6.0,6.39781908118963
11732,7.0,6.915647490073092
12096,8.0,7.613381659129965
21398,9.0,7.76565528956705
19163,8.0,7.883137633271712
19584,9.0,9.096099706251959
12265,8.0,8.52015531523248
18927,8.0,7.891739104788245
13585,8.0,8.312432108393358
4384,8.0,8.150685429702294
10243,7.0,7.83499108432021
4884,8.0,8.17010870349952
2659,6.0,6.616235639868597
7862,6.0,6.080699330638182
14775,10.0,7.586253903954891
4469,8.0,7.0962270174023985
238,11.0,9.59526788040276
18336,8.0,7.857596376186365
13905,5.0,5.248058722173703
5999,9.0,9.079807902805872
12652,7.0,6.959286807885673
21087,9.0,8.465919689981483
11226,6.0,7.902504972152347
20396,7.0,7.5865421102087645
18254,8.0,8.533236578988724
17936,8.0,7.739962480254798
17735,9.0,8.694978205507244
9955,8.0,7.075920703030367
14230,8.0,7.896935803945077
10413,6.0,7.385725672677708
2867,10.0,9.346171218784317
13074,7.0,7.256672729217037
17186,9.0,8.35614952049725
14967,8.0,8.072505490248172
1968,7.0,6.624473525053364
5519,5.0,6.980763582773154
19903,7.0,6.895586198501167
7253,7.0,7.706678130101237
4688,6.0,7.392420050142665
14410,7.0,6.922691083450003
3204,7.0,7.331721170523673
8203,9.0,9.204380231998783
4434,9.0,7.285190358341415
11022,7.0,7.586799811348982
9848,7.0,7.592323117834786
17666,10.0,9.028711359993737
10416,7.0,7.8211539990658405
978,9.0,8.993638112235706
12447,7.0,6.792218614836331
2178,10.0,9.84782642398616
11088,6.0,7.105079162707725
172,9.0,8.14818311066176
4734,8.0,6.818125757484432
5676,8.0,8.178105695132917
20849,8.0,7.21612706891305
19804,8.0,7.803576139045811
2837,8.0,8.471668633529067
16214,8.0,8.069431948964034
2619,8.0,8.02048501032037
13786,8.0,8.211252160322827
16313,6.0,7.1163293127882294
7497,7.0,7.295232032352418
3598,8.0,7.956882613945812
449,10.0,10.507703058916645
21555,6.0,7.323491832601385
3360,7.0,7.129849835891439
5320,9.0,7.465651842122499
14819,8.0,8.272138408646276
18889,7.0,7.360582715383799
9328,7.0,7.276577402405332
6618,8.0,7.791153566312632
21618,7.0,7.21342952222369
19897,8.0,7.646481737896783
1301,11.0,10.374165903776598
16207,9.0,7.2194064217733835
8495,6.0,6.2393586134772585
11041,9.0,7.730797427784211
1334,8.0,7.741432120001987
17810,8.0,7.73781176445172
8348,9.0,8.73721423405779
3313,7.0,6.981509715223679
9055,9.0,8.700068748245247
21785,9.0,8.33140929281149
20800,8.0,8.344341593067007
19663,8.0,8.43131546439086
7012,8.0,8.151481961073607
2862,8.0,7.824461457857817
1211,7.0,7.005208797888388
876,7.0,7.0370387843831175
20462,6.0,6.041862431032918
17632,9.0,8.779295221812541
19705,8.0,7.559629167269268
1991,8.0,8.095251361231107
14932,7.0,6.934401320728304
10647,8.0,8.55211019919542
7950,8.0,8.50175646227513
11128,6.0,7.004470858131593
2553,8.0,7.79048036495133
14357,7.0,6.711193262566351
12366,8.0,7.9890269575494415
8887,8.0,7.9835192180440195
10129,7.0,7.450536269362747
3606,6.0,6.082152318147082
1691,8.0,7.935716492246081
16322,6.0,7.1163293127882294
