,y_test,prediction
611,6.0,6.223240734731045
766,6.0,6.758171953723174
3191,9.0,9.46042457729663
1016,10.0,8.677299241946747
2553,7.0,6.7083586117587375
2328,10.0,9.931882540502375
694,9.0,8.767220692344146
332,7.0,7.799474589803675
168,7.0,6.923767130688487
1050,8.0,7.681837790867194
3627,9.0,8.726332319552807
871,7.0,7.064848577057287
111,8.0,7.958694580180226
1861,9.0,7.933404898197956
3741,8.0,6.782098785884519
151,9.0,9.1816448360962
1515,8.0,7.709458189452701
304,9.0,12.359891426765124
3758,7.0,7.006227024771959
2413,8.0,7.754155504460205
1618,9.0,9.213843529152973
1935,8.0,7.086099898677884
182,9.0,9.004221482533314
33,7.0,7.028198253099265
2855,9.0,8.482410548203399
2302,9.0,9.208024851314775
1624,7.0,7.358837831214122
2247,11.0,10.850818345463182
1043,8.0,7.979729416400002
3688,7.0,7.080116098621482
565,6.0,6.4430908403237375
1765,6.0,5.7672430586766925
3532,8.0,8.225005623342259
1034,8.0,7.014428302967729
1758,7.0,6.9726047428721465
1279,7.0,8.567689241897874
232,8.0,8.10010580614955
3488,9.0,8.931219339292557
1182,9.0,9.629728207364812
3265,7.0,7.484492898503459
3667,8.0,8.091407007460692
3925,6.0,6.85336097930134
1191,7.0,7.416436236146816
3299,7.0,6.90265771664768
3286,9.0,8.641834065595816
98,8.0,7.938400656759648
511,9.0,8.904573482750802
1205,10.0,9.933383580560099
2467,8.0,7.914273161908494
3586,10.0,9.556093762471118
2975,6.0,6.553179905840726
1531,9.0,7.19407791935888
134,7.0,7.0447185681571804
883,8.0,7.542989521781149
537,10.0,9.734910400336144
2055,7.0,7.604573953206645
2416,7.0,6.7252419509993855
3199,8.0,7.911121127925761
2518,8.0,8.046278652885874
312,7.0,6.917207544654415
1057,7.0,7.219820763836074
2444,9.0,8.737793104773726
315,7.0,7.256245799669447
2283,8.0,7.642838249101048
3991,8.0,8.21174917346848
2495,9.0,8.686721528473448
2237,8.0,7.993500310636764
816,7.0,6.969850996748241
3441,7.0,7.0560349279334025
2970,6.0,5.88120214503104
2665,7.0,7.1382602702404405
1912,6.0,6.6426224382517365
199,10.0,7.5471360158318435
373,7.0,7.009163563672887
2725,8.0,7.522549059869494
991,7.0,6.971365387965554
2391,8.0,8.037273376799696
2758,8.0,8.107801619873364
3081,9.0,8.73015784585726
2231,8.0,7.875074940926159
3911,7.0,6.96695839102686
1240,7.0,6.730564273467479
321,8.0,7.703502375995027
2972,8.0,7.6412858698614095
187,6.0,5.7922848591434075
3910,6.0,6.451355854786194
3913,7.0,7.43879020176097
471,7.0,6.569858075615464
3774,7.0,7.007946554672973
2611,7.0,7.018535250187236
1819,7.0,7.48893825021819
322,8.0,7.944290555922588
1128,9.0,8.719643155490058
1575,7.0,6.484120839371346
1530,7.0,6.98301936153894
895,8.0,7.586285643095111
1536,6.0,6.058644320509206
3423,5.0,5.521761160424231
4137,6.0,6.325834058147758
3874,8.0,8.366232714967541
2593,7.0,7.1114811995379545
3998,9.0,8.306692683876022
1181,7.0,6.849816865763996
424,10.0,10.095784244541427
947,6.0,6.80641294714821
2811,9.0,9.085698503959115
1080,6.0,6.341420119017153
2113,6.0,6.395369517931626
2998,7.0,7.424649912186001
3221,9.0,8.954493593638052
71,8.0,8.224490310806058
2320,7.0,7.007666061500795
967,7.0,6.841920077092432
214,8.0,8.266683627046259
1282,7.0,6.681069167782996
1000,8.0,7.451046671515054
1791,6.0,6.733352596901541
4062,7.0,7.38799933930573
1317,8.0,8.971711735388805
14,8.0,7.9313995960441455
893,8.0,8.263476034339917
1197,8.0,7.9739265601662614
1132,7.0,8.641923495900258
1443,6.0,5.754008012639372
275,7.0,6.700259107433573
548,7.0,7.0214513916433505
1368,7.0,6.942303248660684
8,7.0,6.98783557875608
1245,9.0,8.769790531093307
1944,7.0,7.002896118139265
3328,8.0,7.730907124563861
3122,8.0,8.595067048637649
832,9.0,8.583716040133414
1937,8.0,7.445626441216656
2383,8.0,8.24245638635352
2117,10.0,9.422188504875733
3865,8.0,7.371800448497457
1250,9.0,8.514103432419144
255,9.0,9.07188977250405
1876,6.0,7.010798575178754
2984,7.0,6.8819480501806725
302,9.0,8.700874612456811
769,8.0,7.036725759176662
554,7.0,7.259485714298503
3079,8.0,8.322555365669231
4125,8.0,7.547318878423416
3001,8.0,7.611943013826487
2980,7.0,7.447487576220247
4132,6.0,7.243557081126084
2769,8.0,7.644288618530999
2476,8.0,8.3264821551093
32,8.0,8.043404495863573
2417,8.0,8.479572165596746
1608,6.0,6.0063502490273875
2548,7.0,7.304382467929657
2675,9.0,8.895566737812581
1636,7.0,7.103676888406022
4129,5.0,6.217916984868126
3084,7.0,7.233528784673362
3517,8.0,7.728916786623924
1194,7.0,6.6985376233934995
1676,6.0,6.131475941990309
3742,7.0,7.530909449274188
579,8.0,7.919944046328021
3169,7.0,6.992373141090531
1870,8.0,7.7748751455569245
3672,8.0,7.86014750935614
448,7.0,7.215243987097106
2690,7.0,7.412946778710831
2340,8.0,8.194663771615371
2402,9.0,8.994792254491902
3992,5.0,6.7960175230869755
2329,9.0,9.010368115115707
2569,5.0,4.822094434561007
3941,7.0,6.991136115013629
481,6.0,6.401192270587086
921,7.0,6.741454361870712
1715,8.0,7.664062879531681
825,8.0,7.6258892675096295
2356,7.0,6.858975266641796
1285,9.0,8.661018285922573
475,7.0,6.6431855501993065
3546,8.0,7.796060477941724
3553,7.0,7.274771739878391
3238,9.0,8.852444288496343
325,7.0,7.149402383652294
732,7.0,7.921625084299486
3082,10.0,9.407899383057376
43,10.0,8.920307098804404
852,8.0,7.694386177485885
1533,7.0,7.082220182029591
1339,8.0,7.746246859090257
1295,8.0,7.502798295413011
3261,10.0,9.80105071754718
411,9.0,9.666936489804122
2742,9.0,6.926835296597699
2782,8.0,7.719360878089906
1888,8.0,8.047208589200377
2656,9.0,8.529163612386785
3893,7.0,7.074699707195249
3461,6.0,6.345183763369152
3947,8.0,7.755414815854579
1855,8.0,7.546558996541851
2544,7.0,6.87729980516646
1866,8.0,7.413320642030352
3315,6.0,6.06328805705975
2423,8.0,8.487230986206388
17,9.0,8.54649730007435
2909,6.0,6.231469317720698
608,8.0,8.052579043036035
4047,7.0,7.304438571334216
3217,10.0,10.119105943424406
1562,8.0,7.948662395873879
760,6.0,6.9702062166765995
4084,7.0,6.986769668184124
1091,8.0,8.311547828021872
2864,7.0,7.397221642854735
692,6.0,6.356730020046825
3056,7.0,7.012165435717253
2212,7.0,7.2040165495983315
467,8.0,8.103871080922229
2242,7.0,7.694157810318898
3509,8.0,8.338325914793026
3649,6.0,7.041786084923817
3437,8.0,8.038752245593566
2123,8.0,8.156203727048762
473,7.0,6.805415913807709
1744,8.0,8.522997322698721
1449,7.0,6.850404517833781
3578,7.0,7.753145154218177
3132,9.0,8.642753175894349
2473,5.0,5.379183045992261
3568,6.0,5.4221391782978845
2465,9.0,9.715977834721338
667,7.0,7.3804838106698405
1302,9.0,8.902179211955474
3539,8.0,7.920851040015914
208,8.0,7.868825453087045
2730,8.0,7.897436944229685
2693,6.0,5.922284634931381
917,10.0,8.608417656961244
3889,7.0,7.1679749703954085
1953,7.0,7.32339085353229
2361,8.0,7.109960767445113
1164,7.0,6.752651134709936
500,5.0,5.153656834457073
952,7.0,7.0566544603076995
1507,8.0,7.8004966394916595
1616,7.0,7.241938977836571
1021,6.0,6.51991113405394
2897,7.0,7.792464288204123
1590,7.0,7.252494224239222
979,7.0,7.628243570343048
3677,8.0,7.518851511036142
2326,6.0,6.075952378448647
3244,9.0,9.159767286786124
95,7.0,7.04299546358999
2452,9.0,8.986813857224973
23,9.0,9.200029612120211
1005,7.0,7.4205840119092645
2484,8.0,8.156581238752075
3460,8.0,8.149528287342013
1772,6.0,7.0901733992149145
1322,6.0,6.016644010427764
575,5.0,5.3144204167494395
2107,10.0,10.133370672992438
3339,7.0,7.249043123373278
1441,8.0,8.335080495882048
4046,8.0,7.721418192032509
1898,8.0,7.627145291432278
3053,10.0,8.093528766306298
2555,8.0,7.87344767852882
1114,9.0,8.686195002867343
1232,9.0,8.633714591110891
1901,6.0,7.0657157827320285
1135,10.0,7.3247760898186725
101,8.0,8.42936353980648
442,4.0,4.191597102018934
2162,7.0,7.495835045206811
3656,8.0,7.775868329895507
1312,8.0,8.049487400997126
4095,6.0,6.907744614587394
122,7.0,7.384725623069111
845,8.0,8.15029657542265
1526,6.0,5.992142038229918
158,9.0,8.772066838509911
2075,7.0,7.140282227840642
2370,8.0,7.729841087596821
1283,7.0,6.824924264916363
3558,6.0,5.97464310460146
3935,9.0,7.558032559558242
2248,8.0,7.974850291301352
2915,9.0,8.362796529871343
244,8.0,7.991160962220675
1084,8.0,7.741158123444021
1844,8.0,8.665108988328452
2183,8.0,7.35640068999433
1073,7.0,7.200802793573473
3030,6.0,6.774896526438576
2859,8.0,8.018274738837754
1569,7.0,6.726420285555929
3908,6.0,7.911551603064356
2759,7.0,7.305789944415866
3406,6.0,6.814627594201098
2778,5.0,5.075987894041662
2369,8.0,7.736397615456528
1402,7.0,6.85153482332388
2046,8.0,7.906183026582801
902,8.0,8.385705291203308
606,6.0,5.7851004540054065
3763,8.0,8.297734550663016
180,9.0,9.374584903328543
3457,8.0,8.216783738983324
2931,8.0,7.759644421374555
2272,6.0,6.0640320862087895
51,7.0,7.021513559137742
1607,8.0,7.465018678536887
2635,8.0,8.517018154591849
74,9.0,9.64771237214593
1247,8.0,8.542509183008882
2124,8.0,8.205809547560929
3394,9.0,8.806784603569872
1229,9.0,8.834587123163463
2448,10.0,9.581981459887613
4135,7.0,7.25401447376731
1291,9.0,8.875490076958169
2427,7.0,6.967173269998452
3591,8.0,7.946113808164671
1141,8.0,8.248046915001908
4031,6.0,7.143031316794761
159,7.0,7.129789158265189
1909,7.0,6.677134874732356
3784,10.0,9.65764627610818
544,6.0,6.420126465496548
52,8.0,8.465337921312674
4023,5.0,6.555849612146403
223,7.0,7.26524792872578
1316,7.0,7.194444160295254
26,7.0,7.262326302331973
1677,8.0,8.025946317674432
1974,7.0,7.085712777113532
217,8.0,7.958813961420369
2134,8.0,8.043801333720772
4064,8.0,7.553613950520534
3483,7.0,7.1714088964319815
1401,7.0,6.9572303957676995
3726,8.0,8.042415111287099
328,8.0,8.508586777460064
3368,7.0,6.774861921024477
3538,9.0,9.239399489517089
3867,6.0,6.725902960462612
1642,6.0,5.710648318455664
876,8.0,8.181075350009404
2034,7.0,7.55927122467884
2474,7.0,7.1419783452781465
3832,8.0,7.803548265272295
3473,8.0,7.754116999033323
2568,6.0,5.925417686821947
44,7.0,6.975734286077823
745,5.0,6.655749361411161
505,9.0,8.55750983298115
1580,7.0,7.025550261937237
1045,7.0,6.893243607653762
2249,8.0,7.465010896626663
361,9.0,8.753519658080648
587,9.0,9.24674483005806
3263,9.0,8.839865822944532
4041,7.0,7.190756327139848
610,8.0,7.9367326158429305
2205,9.0,8.953494686954908
2526,9.0,8.654945530847385
1525,9.0,9.030453569987142
3856,9.0,7.477810729303133
418,5.0,4.8412052304239115
3317,10.0,9.729378064887936
2502,6.0,6.294518408165679
260,7.0,7.577119933683717
1668,8.0,8.31579397676927
775,8.0,7.498450107951089
4123,6.0,7.12419157491452
3222,8.0,8.00025619348563
3071,8.0,8.350838818288787
2229,7.0,7.246960318846904
1815,12.0,11.732405076093206
1177,9.0,9.156053622402684
1257,8.0,8.286931094144393
2392,9.0,8.96822220329777
2564,6.0,6.03058397681095
297,8.0,7.737749185674507
1982,6.0,6.824310208126734
1749,11.0,7.275995536211137
136,7.0,7.236468890044099
1782,7.0,6.845178161057399
3940,9.0,8.02633627790047
3724,8.0,7.907529283526494
2067,9.0,7.73954593106824
267,9.0,8.800737721200296
3989,8.0,7.196681168135368
1189,8.0,8.121806077817325
2515,8.0,7.777953687976661
1996,7.0,7.683478724883599
831,7.0,6.939829708203705
56,10.0,10.344847680659223
843,9.0,7.997614798683784
705,8.0,7.855173001291677
561,11.0,11.366418135119817
3035,8.0,8.059960692523315
1390,5.0,5.066920189003312
2936,8.0,7.083402854537528
1600,7.0,7.519833754785592
824,8.0,8.356669724737909
1778,7.0,7.293842471443122
1293,9.0,8.653526252650721
3588,7.0,7.106428632814509
402,8.0,7.652101173913058
2435,8.0,7.663253236755099
1714,7.0,6.870672329024678
172,8.0,7.956169799021038
654,9.0,9.070461035737026
2268,9.0,8.737557177774821
1981,7.0,7.695511588253002
3934,6.0,7.463903548578927
1804,7.0,7.531022387651076
2986,9.0,8.159065823903248
191,8.0,7.840191631274778
12,10.0,10.104139827686986
1986,5.0,6.4026804123144725
329,8.0,8.39702218996063
3005,7.0,6.9359965945888025
617,5.0,5.035355863259115
817,7.0,6.768346063663067
765,7.0,7.033273612969802
3380,11.0,10.37259648472438
3152,9.0,9.016704958661428
3180,9.0,8.640675912131414
688,6.0,5.993912909453494
3065,7.0,6.731009075896268
3815,9.0,8.843791327480352
2793,7.0,6.862221578200018
2194,7.0,7.15386355497127
2872,8.0,7.531496060202462
3066,7.0,7.469866801867974
3258,10.0,9.585614070331793
2512,8.0,8.260578591170578
4083,8.0,7.9437189298396875
1762,6.0,7.057422953909708
242,8.0,7.622283397915594
177,8.0,7.808426067589822
3442,7.0,6.973867108073682
3206,9.0,8.944749740756144
2664,9.0,8.907713453458076
4015,6.0,7.283059954433332
3610,9.0,9.201296223923622
1834,6.0,6.238279069850731
1451,8.0,7.916474773493789
4130,7.0,7.09678976935825
4119,8.0,8.283813320187628
1354,8.0,8.452449553490773
420,9.0,8.77988719573398
1206,7.0,7.009666663302164
3739,8.0,8.050786897182352
2374,6.0,6.244242868097698
3029,7.0,6.916238867993024
1831,9.0,8.464206424559627
2285,7.0,7.171573033358052
2625,9.0,8.887551093524666
230,7.0,6.9829401323189595
3852,8.0,7.508864727998513
2041,9.0,8.209140660296942
2151,10.0,9.797116461093966
358,7.0,7.166489532619959
1478,8.0,8.013928599318213
2031,6.0,6.724839597059305
2128,9.0,9.2323167925787
1362,8.0,8.145486651675427
1786,6.0,7.4206098548606425
2863,7.0,7.007471543204587
3544,9.0,8.902697126461444
2001,8.0,7.7147871591497665
70,8.0,7.811481389020275
1619,6.0,5.886887511738719
45,7.0,6.956238629057689
3984,9.0,7.886597140505598
3621,9.0,8.9635201090998
186,9.0,8.944398744416407
1219,8.0,8.076958261121387
2108,8.0,7.903247458603496
964,7.0,7.262601469892189
521,7.0,6.897187293023867
1252,11.0,7.602295995764153
2517,9.0,9.051975208941581
2868,7.0,7.176560200106658
1500,9.0,9.666319761698126
141,9.0,7.083710856198743
2410,8.0,7.99808280105504
2955,7.0,7.23554181285328
316,8.0,8.055477394003294
270,7.0,6.762301255671607
3043,7.0,6.954302417743985
2254,9.0,8.933691809559669
3325,9.0,8.633168900993585
64,9.0,8.969678976039315
2668,6.0,6.769647211874662
1380,8.0,8.168778562542645
1945,8.0,7.414790557650785
1431,10.0,8.591497554502503
146,9.0,8.93491529322904
4025,8.0,7.696978324012447
1048,6.0,6.552535943551241
963,10.0,7.120077514642092
2127,8.0,8.456485044581754
496,7.0,7.2662177580409475
4055,7.0,7.10673517658644
3993,6.0,6.596419467136463
3750,8.0,8.388545488796925
3744,6.0,5.913768368970853
3792,6.0,6.541386734545904
3626,8.0,8.101881566465362
3326,6.0,6.089707499237111
2718,7.0,7.626494296694854
3012,7.0,7.6595420160779595
2364,8.0,8.278832472927707
284,9.0,8.617767937604118
3202,8.0,8.273833916570418
2632,8.0,7.678550097250873
365,9.0,8.754480249401963
4074,7.0,7.17686140636349
305,7.0,6.751484098527824
1090,9.0,8.952152103874464
2224,8.0,8.096765945519467
2207,10.0,9.757924182064656
2579,8.0,8.059799549125419
425,6.0,6.147612731869535
4087,7.0,7.63819063148189
2525,7.0,6.1464260071362995
1068,9.0,8.342201316368625
2633,8.0,8.023836126574514
1453,6.0,6.1150015002622
3768,11.0,11.226362451142656
2296,6.0,6.028991769971634
3118,8.0,8.076357969904365
1576,5.0,4.74586990060782
1812,7.0,7.555890698760272
2878,6.0,6.506038055948541
4006,6.0,6.897283932307284
682,7.0,6.658976859693065
58,7.0,6.694633977093363
77,7.0,6.838574656918141
375,8.0,8.290588123525723
1041,8.0,7.478138059372013
758,7.0,6.920564682175919
1941,8.0,7.2455450867490825
924,8.0,7.559573002088505
4110,7.0,7.4909260011387255
719,7.0,7.0668579793091855
1109,6.0,6.0703143575834435
3136,9.0,8.510146465178043
2135,7.0,6.721845312813882
878,10.0,9.34191558429885
3157,8.0,7.6338968714168525
126,6.0,7.345941635162693
2441,7.0,7.166804286746578
2375,9.0,9.232531623366135
2173,7.0,7.269366157457854
3654,9.0,9.40479169524194
1193,6.0,6.335616968502435
439,8.0,7.953696683291914
3969,6.0,6.59088715632213
3269,9.0,9.108597258103288
2103,8.0,8.432720518025576
3236,10.0,10.223308478270384
3599,7.0,7.477046483058277
3418,9.0,9.08667205710086
3617,10.0,9.684668430383526
395,7.0,6.978674408086034
30,8.0,7.823251449859058
3194,8.0,8.614559394581644
206,9.0,9.537725436159326
823,7.0,6.950001075606746
3990,8.0,7.569248788142591
804,6.0,6.357709631971075
3242,7.0,6.738282510439062
4001,8.0,7.932980717856262
2045,8.0,7.957301373340586
2767,9.0,9.181621592048739
488,6.0,5.937527857687042
1885,9.0,8.249321503549115
2202,9.0,8.884029366721176
453,8.0,7.96105720639162
1775,8.0,7.686730961146
1422,9.0,8.656074972491927
1333,7.0,6.828154703605246
195,7.0,6.9277544531127235
578,8.0,8.44847464487788
1323,8.0,8.213200778757002
3664,10.0,11.033389193335363
6,10.0,9.70763037913714
449,8.0,7.877300630782146
295,8.0,8.028196043802508
747,8.0,7.620087490862287
3323,7.0,7.033001496372479
3542,11.0,10.72060310713324
2727,8.0,8.033677270493222
1838,7.0,7.550756221758317
2278,8.0,8.190891952318637
857,6.0,6.858357263113471
3753,7.0,6.8711475869739775
4044,9.0,7.784416876561041
993,6.0,6.957302451869303
197,8.0,7.970325562969109
460,7.0,7.335045214465836
2489,8.0,8.122490500200415
3761,7.0,7.010016297596214
29,8.0,8.024605488358297
856,6.0,6.652068694945672
3762,8.0,7.730365816231466
3894,8.0,7.141088086321199
2059,5.0,7.05678835611195
3098,8.0,7.934318048186413
3068,9.0,8.547944749048309
2731,8.0,7.887242564928365
1605,9.0,9.292380592444275
3829,8.0,7.349119727395507
1637,8.0,8.195163503455355
2621,7.0,7.333820530986601
2683,9.0,9.339212319552194
225,7.0,6.732989589757004
2852,9.0,8.117572359175593
734,10.0,9.611968490087834
584,8.0,8.339169079768594
3682,7.0,6.8730484504562614
3502,7.0,7.047576716864493
2425,8.0,7.975124413937601
1588,7.0,7.085590349730119
1766,7.0,6.6961819888541125
801,6.0,6.584477299433971
81,7.0,6.665181126064169
261,9.0,9.226385756306316
301,8.0,8.923682754207029
3309,7.0,7.774386702712799
1430,7.0,6.816248657988503
2997,7.0,7.397589051557276
826,7.0,6.862712418062552
2922,7.0,7.516928175272341
2394,6.0,6.241605416478917
3606,9.0,8.990210321231501
2133,9.0,9.204270791480772
1481,9.0,8.81748417153355
3257,8.0,7.969190326757119
2963,8.0,7.9940056040137035
1192,9.0,8.823703235769734
1089,7.0,7.861201286586611
1593,8.0,7.940960268439831
1541,8.0,8.176515714123362
1262,8.0,7.68102550771722
2199,11.0,11.176801426277047
4136,8.0,8.006157158015466
666,10.0,10.023758514891835
2167,8.0,8.079874348848115
1032,10.0,8.398623910550018
2277,9.0,8.50999683166047
2290,8.0,8.024597624941162
421,7.0,7.697484084245062
2483,6.0,6.079711275394152
1058,8.0,7.423098513211267
1241,7.0,6.552159508729285
3007,9.0,7.94424880017569
3301,8.0,8.906987891432962
3611,7.0,7.39975547621132
669,7.0,6.63698381427596
3452,7.0,7.584926248488043
3796,8.0,8.025746591671819
790,7.0,7.420977651972189
3166,7.0,7.128718507916693
154,8.0,8.085664344721465
2965,7.0,7.251015010763382
1688,7.0,7.898700397101975
2387,8.0,7.990495669669188
104,9.0,8.739903852647284
1673,8.0,8.240493778616994
1647,7.0,7.107315888892841
243,9.0,8.52486216099804
799,8.0,7.90066257797143
1653,10.0,9.674623925351865
1014,5.0,6.325312462322103
2719,8.0,8.374341229349753
2096,9.0,8.511544626217947
1071,8.0,7.612871036992477
2110,7.0,7.164034510560145
2510,9.0,8.706790363908134
3876,6.0,6.839296862976188
2898,9.0,7.613599734424052
4040,8.0,8.157386719238996
2651,7.0,7.0944511794749525
821,6.0,6.752075535989249
339,6.0,5.852710138385075
1512,7.0,7.542032803055165
2390,7.0,6.673758975171045
3637,10.0,9.170065795450581
903,9.0,8.509050853416841
830,7.0,6.93763584664678
1223,10.0,10.887940766310994
1560,6.0,6.80132006153598
2728,10.0,8.709583609244572
2572,5.0,5.154186362367122
2165,8.0,7.951091647467789
1100,9.0,7.009424488856457
3013,7.0,7.090587130352406
4091,7.0,7.3421273048962465
2371,8.0,7.700070524104334
3602,7.0,7.53097194164473
2384,7.0,7.3174872013636945
3273,8.0,8.38118251459963
1639,8.0,7.925121157193314
1965,9.0,8.250351075217537
2145,8.0,7.986339870177393
564,8.0,8.007255127916906
1692,7.0,7.721065372929179
4133,9.0,8.73526375594675
907,9.0,8.440412750087628
2035,7.0,7.375262838758638
3085,9.0,7.303617549589325
3318,8.0,8.093055396906324
2740,7.0,7.426609014118119
1445,7.0,7.086967775198295
2885,7.0,7.6418420821114195
885,7.0,7.428301243847824
1755,9.0,8.408319797158597
2919,9.0,8.458370123232356
3097,7.0,7.062036532703567
1756,7.0,7.1995256540463375
3841,6.0,6.977652321756118
1839,6.0,6.572617995613887
4009,7.0,7.992231060470646
1436,8.0,7.859297969513058
2257,8.0,7.895713476175568
3092,8.0,7.836847839803775
743,8.0,6.796940507740358
1207,7.0,7.250548882777967
1122,7.0,6.939416203542631
735,7.0,6.817800077362378
1903,8.0,7.459729997303585
2377,8.0,7.9190949172163085
1628,8.0,7.710906075872247
1521,9.0,8.8276329218785
1801,7.0,6.7624825668613076
1640,6.0,6.093493760302178
353,9.0,8.917813946305309
2655,11.0,10.698722158283118
2715,7.0,6.8081222201230975
1146,7.5,7.483639654500837
3812,7.0,7.306177070599187
3399,7.0,7.7869925196545795
778,6.0,6.617187135850677
2244,7.0,6.853952250808473
1667,9.0,8.979184494828257
1840,6.0,5.743868202921863
1313,9.0,6.8950336141583435
181,8.0,8.19453429540313
3731,8.0,8.002194897926165
3833,8.0,8.170772185649263
2892,6.0,7.056592566426185
911,8.0,7.938954515257626
3272,9.0,9.033857256621893
3459,6.0,5.955946179115663
3410,9.0,8.909887868235472
25,8.0,8.075972470625945
879,9.0,8.001674270363633
2262,10.0,9.582571802681956
3961,7.0,7.268023634070074
176,9.0,8.858865948181492
2840,8.0,8.136899332200894
3168,9.0,8.953067844063497
338,7.0,6.718228691089736
3587,7.0,7.376255262690325
440,9.0,8.661453140380436
2813,8.0,7.986036694609826
2099,9.0,6.729760680233495
2870,7.0,7.7433862040762405
4112,9.0,8.354054443084408
489,8.0,8.023433631557886
1567,7.0,7.4097429985668
2083,6.0,6.491884580608333
812,8.0,7.7145941218906255
3883,9.0,8.84417237711661
1134,10.0,10.205737580132924
926,8.0,7.5348981280167315
3880,7.0,6.666337791286022
2960,8.0,7.920418535267277
1900,9.0,8.345567304525993
331,8.0,7.581536232740047
1346,8.0,8.233402649413708
1385,8.0,7.934733323846619
478,8.0,7.767301294508669
571,11.0,10.635312665831043
1858,9.0,7.323012997433935
2089,7.0,8.05829119262393
1077,4.0,5.742679967275403
4086,9.0,8.102356388806935
1063,6.0,7.058361395669066
3526,8.0,8.20536140226363
3887,9.0,7.879206990893075
62,12.0,11.885403244328135
1360,6.0,5.683459549886369
3366,9.0,8.996480163501111
3518,8.0,8.668535051905007
258,8.0,8.378973804034768
2795,7.0,6.574537000588059
1460,8.0,8.121413835613787
1126,9.0,8.866459476377141
3478,7.0,7.13855859861663
3795,7.0,7.366789875122708
2663,7.0,7.1808801295184885
1444,8.0,8.242591316018938
68,8.0,7.52558311805702
1720,8.0,8.0116017637087
2457,7.0,7.424212791962953
224,7.0,6.713622392209971
