,y_test,prediction
611,6.0,7.16
766,6.0,6.75
3191,9.0,7.19
1016,10.0,8.23
2553,7.0,8.12
2328,10.0,8.12
694,9.0,8.16
332,7.0,7.59
168,7.0,7.39
1050,8.0,7.27
3627,9.0,8.04
871,7.0,7.57
111,8.0,7.32
1861,9.0,7.88
3741,8.0,7.09
151,9.0,7.39
1515,8.0,8.46
304,9.0,8.7
3758,7.0,7.54
2413,8.0,8.05
1618,9.0,7.85
1935,8.0,7.07
182,9.0,7.65
33,7.0,7.96
2855,9.0,7.94
2302,9.0,9.03
1624,7.0,8.88
2247,11.0,8.98
1043,8.0,7.65
3688,7.0,7.257999999999999
565,6.0,7.1
1765,6.0,7.01
3532,8.0,8.83
1034,8.0,7.43
1758,7.0,8.35
1279,7.0,7.0
232,8.0,8.84
3488,9.0,8.85
1182,9.0,8.74
3265,7.0,8.2
3667,8.0,8.2
3925,6.0,6.97
1191,7.0,7.398
3299,7.0,7.72
3286,9.0,8.43
98,8.0,7.87
511,9.0,8.45
1205,10.0,8.47
2467,8.0,6.76
3586,10.0,7.72
2975,6.0,5.99
1531,9.0,7.87
134,7.0,7.9
883,8.0,7.6
537,10.0,9.16
2055,7.0,8.06
2416,7.0,7.71
3199,8.0,7.68
2518,8.0,8.4
312,7.0,7.61
1057,7.0,7.27
2444,9.0,8.073
315,7.0,7.768
2283,8.0,8.31
3991,8.0,6.93
2495,9.0,7.79
2237,8.0,8.42
816,7.0,7.44
3441,7.0,8.96
2970,6.0,6.34
2665,7.0,7.96
1912,6.0,7.32
199,10.0,8.02
373,7.0,7.21
2725,8.0,7.56
991,7.0,7.23
2391,8.0,8.03
2758,8.0,8.03
3081,9.0,8.46
2231,8.0,7.49
3911,7.0,6.57
1240,7.0,7.04
321,8.0,8.43
2972,8.0,6.76
187,6.0,7.82
3910,6.0,6.23
3913,7.0,8.22
471,7.0,6.89
3774,7.0,7.82
2611,7.0,7.51
1819,7.0,7.9
322,8.0,7.99
1128,9.0,8.01
1575,7.0,7.44
1530,7.0,7.94
895,8.0,7.46
1536,6.0,6.32
3423,5.0,7.82
4137,6.0,6.64
3874,8.0,7.79
2593,7.0,8.26
3998,9.0,7.77
1181,7.0,7.73
424,10.0,8.5
947,6.0,6.79
2811,9.0,7.49
1080,6.0,7.27
2113,6.0,8.18
2998,7.0,7.62
3221,9.0,8.19
71,8.0,8.22
2320,7.0,6.99
967,7.0,6.05
214,8.0,7.05
1282,7.0,7.91
1000,8.0,7.51
1791,6.0,7.47
4062,7.0,7.85
1317,8.0,8.57
14,8.0,8.34
893,8.0,8.91
1197,8.0,7.21
1132,7.0,7.19
1443,6.0,6.57
275,7.0,6.59
548,7.0,7.14
1368,7.0,6.91
8,7.0,8.12
1245,9.0,8.07
1944,7.0,6.69
3328,8.0,8.64
3122,8.0,7.02
832,9.0,7.76
1937,8.0,6.52
2383,8.0,8.48
2117,10.0,7.75
3865,8.0,7.19
1250,9.0,7.74
255,9.0,7.22
1876,6.0,6.49
2984,7.0,7.52
302,9.0,8.062999999999999
769,8.0,7.19
554,7.0,8.3
3079,8.0,8.1
4125,8.0,7.57
3001,8.0,8.46
2980,7.0,6.93
4132,6.0,7.43
2769,8.0,7.99
2476,8.0,7.34
32,8.0,7.77
2417,8.0,7.63
1608,6.0,6.59
2548,7.0,7.54
2675,9.0,7.88
1636,7.0,7.52
4129,5.0,7.08
3084,7.0,7.09
3517,8.0,7.44
1194,7.0,6.93
1676,6.0,8.46
3742,7.0,7.36
579,8.0,7.54
3169,7.0,7.93
1870,8.0,8.84
3672,8.0,8.46
448,7.0,8.05
2690,7.0,7.88
2340,8.0,7.51
2402,9.0,9.08
3992,5.0,7.01
2329,9.0,7.64
2569,5.0,6.96
3941,7.0,6.81
481,6.0,7.12
921,7.0,7.28
1715,8.0,7.17
825,8.0,7.41
2356,7.0,6.99
1285,9.0,8.96
475,7.0,6.92
3546,8.0,5.69
3553,7.0,8.38
3238,9.0,7.87
325,7.0,7.34
732,7.0,8.02
3082,10.0,8.26
43,10.0,7.4
852,8.0,8.11
1533,7.0,8.04
1339,8.0,8.1
1295,8.0,7.88
3261,10.0,8.5
411,9.0,7.46
2742,9.0,7.51
2782,8.0,7.62
1888,8.0,7.28
2656,9.0,7.53
3893,7.0,6.79
3461,6.0,7.63
3947,8.0,7.64
1855,8.0,7.38
2544,7.0,7.77
1866,8.0,7.63
3315,6.0,7.63
2423,8.0,7.66
17,9.0,7.547999999999999
2909,6.0,7.358
608,8.0,8.786
4047,7.0,7.48
3217,10.0,8.66
1562,8.0,7.99
760,6.0,7.24
4084,7.0,7.59
1091,8.0,9.19
2864,7.0,7.72
692,6.0,7.35
3056,7.0,7.47
2212,7.0,7.55
467,8.0,7.97
2242,7.0,7.52
3509,8.0,8.48
3649,6.0,6.7
3437,8.0,8.0
2123,8.0,8.04
473,7.0,7.53
1744,8.0,8.84
1449,7.0,7.54
3578,7.0,8.49
3132,9.0,8.16
2473,5.0,7.97
3568,6.0,6.62
2465,9.0,8.2
667,7.0,8.7
1302,9.0,8.22
3539,8.0,7.5
208,8.0,6.78
2730,8.0,8.0
2693,6.0,7.58
917,10.0,8.5
3889,7.0,7.92
1953,7.0,7.05
2361,8.0,7.41
1164,7.0,7.148
500,5.0,6.23
952,7.0,7.14
1507,8.0,7.33
1616,7.0,7.66
1021,6.0,6.29
2897,7.0,8.2
1590,7.0,7.49
979,7.0,7.97
3677,8.0,8.16
2326,6.0,8.23
3244,9.0,8.84
95,7.0,8.19
2452,9.0,8.29
23,9.0,8.35
1005,7.0,6.81
2484,8.0,7.56
3460,8.0,8.19
1772,6.0,7.41
1322,6.0,8.0
575,5.0,6.32
2107,10.0,8.91
3339,7.0,8.36
1441,8.0,8.2
4046,8.0,7.76
1898,8.0,8.11
3053,10.0,7.95
2555,8.0,6.51
1114,9.0,8.91
1232,9.0,7.26
1901,6.0,7.95
1135,10.0,8.083
101,8.0,9.48
442,4.0,6.62
2162,7.0,7.61
3656,8.0,8.1
1312,8.0,7.8
4095,6.0,7.28
122,7.0,7.66
845,8.0,8.57
1526,6.0,7.11
158,9.0,7.16
2075,7.0,7.32
2370,8.0,7.51
1283,7.0,7.42
3558,6.0,7.24
3935,9.0,7.81
2248,8.0,8.503
2915,9.0,8.57
244,8.0,8.5
1084,8.0,7.88
1844,8.0,7.845
2183,8.0,8.73
1073,7.0,7.0
3030,6.0,6.84
2859,8.0,7.62
1569,7.0,7.36
3908,6.0,7.82
2759,7.0,7.12
3406,6.0,8.11
2778,5.0,7.58
2369,8.0,8.48
1402,7.0,7.018
2046,8.0,7.48
902,8.0,7.81
606,6.0,6.18
3763,8.0,7.62
180,9.0,8.8
3457,8.0,7.93
2931,8.0,7.62
2272,6.0,7.22
51,7.0,7.43
1607,8.0,8.58
2635,8.0,8.32
74,9.0,8.91
1247,8.0,8.34
2124,8.0,7.69
3394,9.0,8.55
1229,9.0,8.42
2448,10.0,8.9
4135,7.0,8.49
1291,9.0,8.44
2427,7.0,8.01
3591,8.0,7.88
1141,8.0,8.8
4031,6.0,7.49
159,7.0,8.31
1909,7.0,7.218
3784,10.0,8.05
544,6.0,7.82
52,8.0,8.26
4023,5.0,6.35
223,7.0,6.95
1316,7.0,8.16
26,7.0,7.55
1677,8.0,8.25
1974,7.0,7.22
217,8.0,8.23
2134,8.0,7.42
4064,8.0,8.06
3483,7.0,6.96
1401,7.0,7.05
3726,8.0,8.47
328,8.0,8.5
3368,7.0,8.05
3538,9.0,8.04
3867,6.0,6.31
1642,6.0,7.16
876,8.0,7.38
2034,7.0,7.53
2474,7.0,7.88
3832,8.0,7.3
3473,8.0,7.6
2568,6.0,6.98
44,7.0,8.435
745,5.0,6.35
505,9.0,8.58
1580,7.0,6.89
1045,7.0,7.41
2249,8.0,6.91
361,9.0,8.18
587,9.0,10.14
3263,9.0,7.54
4041,7.0,6.21
610,8.0,7.75
2205,9.0,7.28
2526,9.0,8.11
1525,9.0,8.36
3856,9.0,7.575
418,5.0,7.15
3317,10.0,7.6
2502,6.0,8.19
260,7.0,7.42
1668,8.0,6.56
775,8.0,7.47
4123,6.0,7.69
3222,8.0,8.08
3071,8.0,6.49
2229,7.0,7.92
1815,12.0,7.58
1177,9.0,8.535
1257,8.0,6.8
2392,9.0,8.46
2564,6.0,7.81
297,8.0,8.19
1982,6.0,7.41
1749,11.0,8.1
136,7.0,7.52
1782,7.0,7.04
3940,9.0,7.69
3724,8.0,7.69
2067,9.0,7.77
267,9.0,7.71
3989,8.0,7.05
1189,8.0,8.17
2515,8.0,7.7
1996,7.0,7.46
831,7.0,7.41
56,10.0,8.83
843,9.0,7.91
705,8.0,8.38
561,11.0,9.33
3035,8.0,8.49
1390,5.0,7.18
2936,8.0,7.48
1600,7.0,7.39
824,8.0,8.74
1778,7.0,7.66
1293,9.0,7.57
3588,7.0,8.19
402,8.0,7.72
2435,8.0,7.52
1714,7.0,6.71
172,8.0,7.82
654,9.0,7.09
2268,9.0,8.12
1981,7.0,8.5
3934,6.0,7.742999999999999
1804,7.0,7.42
2986,9.0,7.593
191,8.0,7.01
12,10.0,8.29
1986,5.0,6.53
329,8.0,7.81
3005,7.0,7.28
617,5.0,7.48
817,7.0,7.56
765,7.0,7.13
3380,11.0,9.54
3152,9.0,8.4
3180,9.0,8.21
688,6.0,7.06
3065,7.0,7.35
3815,9.0,7.83
2793,7.0,7.91
2194,7.0,7.23
2872,8.0,6.85
3066,7.0,7.43
3258,10.0,8.22
2512,8.0,8.3
4083,8.0,7.81
1762,6.0,7.72
242,8.0,7.22
177,8.0,7.66
3442,7.0,7.59
3206,9.0,8.92
2664,9.0,8.5
4015,6.0,7.27
3610,9.0,8.01
1834,6.0,7.37
1451,8.0,6.98
4130,7.0,7.32
4119,8.0,7.72
1354,8.0,8.81
420,9.0,7.69
1206,7.0,8.38
3739,8.0,7.73
2374,6.0,7.17
3029,7.0,6.76
1831,9.0,7.84
2285,7.0,7.568
2625,9.0,7.5
230,7.0,7.1
3852,8.0,8.09
2041,9.0,7.9
2151,10.0,7.18
358,7.0,7.47
1478,8.0,6.53
2031,6.0,7.11
2128,9.0,7.36
1362,8.0,8.205
1786,6.0,8.41
2863,7.0,7.07
3544,9.0,8.4
2001,8.0,7.56
70,8.0,8.42
1619,6.0,6.56
45,7.0,7.11
3984,9.0,8.73
3621,9.0,8.15
186,9.0,8.69
1219,8.0,9.28
2108,8.0,7.6979999999999995
964,7.0,7.1
521,7.0,8.09
1252,11.0,8.743
2517,9.0,8.19
2868,7.0,6.75
1500,9.0,7.88
141,9.0,7.81
2410,8.0,8.75
2955,7.0,7.75
316,8.0,8.543
270,7.0,7.1
3043,7.0,6.73
2254,9.0,8.23
3325,9.0,7.95
64,9.0,8.45
2668,6.0,6.71
1380,8.0,8.42
1945,8.0,7.42
1431,10.0,7.93
146,9.0,8.06
4025,8.0,7.36
1048,6.0,6.54
963,10.0,7.32
2127,8.0,7.12
496,7.0,8.5
4055,7.0,7.57
3993,6.0,6.38
3750,8.0,8.42
3744,6.0,7.18
3792,6.0,8.8
3626,8.0,8.5
3326,6.0,6.53
2718,7.0,8.24
3012,7.0,7.29
2364,8.0,7.86
284,9.0,8.22
3202,8.0,6.94
2632,8.0,7.68
365,9.0,7.47
4074,7.0,7.81
305,7.0,6.6
1090,9.0,8.86
2224,8.0,7.09
2207,10.0,7.755999999999999
2579,8.0,8.03
425,6.0,6.31
4087,7.0,7.7
2525,7.0,7.12
1068,9.0,7.84
2633,8.0,8.16
1453,6.0,6.88
3768,11.0,8.85
2296,6.0,7.03
3118,8.0,7.3
1576,5.0,7.09
1812,7.0,6.78
2878,6.0,6.84
4006,6.0,7.46
682,7.0,7.52
58,7.0,7.64
77,7.0,7.39
375,8.0,7.81
1041,8.0,6.66
758,7.0,6.51
1941,8.0,6.5
924,8.0,8.08
4110,7.0,7.19
719,7.0,6.85
1109,6.0,7.43
3136,9.0,6.99
2135,7.0,7.94
878,10.0,7.55
3157,8.0,7.98
126,6.0,8.11
2441,7.0,7.47
2375,9.0,8.17
2173,7.0,7.8
3654,9.0,8.06
1193,6.0,7.4
439,8.0,8.28
3969,6.0,6.18
3269,9.0,8.35
2103,8.0,8.748
3236,10.0,8.34
3599,7.0,8.345
3418,9.0,8.63
3617,10.0,8.55
395,7.0,7.75
30,8.0,7.15
3194,8.0,8.027999999999999
206,9.0,6.85
823,7.0,7.98
3990,8.0,7.75
804,6.0,5.99
3242,7.0,6.72
4001,8.0,7.56
2045,8.0,7.92
2767,9.0,8.15
488,6.0,7.2
1885,9.0,7.92
2202,9.0,7.775999999999999
453,8.0,7.79
1775,8.0,7.87
1422,9.0,7.2
1333,7.0,7.9
195,7.0,7.82
578,8.0,7.84
1323,8.0,9.33
3664,10.0,8.88
6,10.0,8.15
449,8.0,8.79
295,8.0,7.67
747,8.0,7.88
3323,7.0,7.13
3542,11.0,8.47
2727,8.0,8.04
1838,7.0,6.73
2278,8.0,8.36
857,6.0,7.64
3753,7.0,7.61
4044,9.0,7.332999999999999
993,6.0,7.87
197,8.0,8.31
460,7.0,7.1979999999999995
2489,8.0,8.0
3761,7.0,8.64
29,8.0,8.19
856,6.0,6.92
3762,8.0,7.65
3894,8.0,7.54
2059,5.0,7.21
3098,8.0,7.08
3068,9.0,7.318
2731,8.0,7.83
1605,9.0,7.89
3829,8.0,8.06
1637,8.0,7.47
2621,7.0,8.05
2683,9.0,7.8
225,7.0,7.21
2852,9.0,7.72
734,10.0,8.57
584,8.0,7.56
3682,7.0,8.36
3502,7.0,7.705
2425,8.0,7.44
1588,7.0,8.26
1766,7.0,7.37
801,6.0,6.5
81,7.0,7.358
261,9.0,7.86
301,8.0,8.93
3309,7.0,8.82
1430,7.0,8.88
2997,7.0,7.49
826,7.0,6.98
2922,7.0,7.63
2394,6.0,8.91
3606,9.0,8.16
2133,9.0,8.255
1481,9.0,8.12
3257,8.0,8.79
2963,8.0,7.96
1192,9.0,8.55
1089,7.0,6.76
1593,8.0,7.46
1541,8.0,7.52
1262,8.0,7.54
2199,11.0,8.38
4136,8.0,8.61
666,10.0,7.34
2167,8.0,7.23
1032,10.0,7.83
2277,9.0,7.23
2290,8.0,7.638
421,7.0,7.78
2483,6.0,7.38
1058,8.0,7.46
1241,7.0,7.19
3007,9.0,7.09
3301,8.0,8.79
3611,7.0,7.94
669,7.0,7.49
3452,7.0,8.16
3796,8.0,8.245
790,7.0,6.98
3166,7.0,9.37
154,8.0,7.45
2965,7.0,6.96
1688,7.0,7.95
2387,8.0,8.17
104,9.0,9.06
1673,8.0,6.85
1647,7.0,6.98
243,9.0,7.91
799,8.0,8.47
1653,10.0,8.753
1014,5.0,6.17
2719,8.0,8.57
2096,9.0,7.35
1071,8.0,8.35
2110,7.0,7.94
2510,9.0,8.19
3876,6.0,7.73
2898,9.0,7.2
4040,8.0,8.41
2651,7.0,7.56
821,6.0,7.45
339,6.0,7.0
1512,7.0,7.69
2390,7.0,7.42
3637,10.0,7.675
903,9.0,8.12
830,7.0,7.36
1223,10.0,7.3919999999999995
1560,6.0,7.38
2728,10.0,7.23
2572,5.0,6.7
2165,8.0,8.24
1100,9.0,8.5
3013,7.0,7.2
4091,7.0,7.35
2371,8.0,7.32
3602,7.0,7.97
2384,7.0,7.38
3273,8.0,8.72
1639,8.0,8.71
1965,9.0,8.24
2145,8.0,8.35
564,8.0,8.07
1692,7.0,8.39
4133,9.0,8.57
907,9.0,7.64
2035,7.0,7.51
3085,9.0,7.845999999999999
3318,8.0,7.1
2740,7.0,8.45
1445,7.0,8.265
2885,7.0,7.33
885,7.0,7.53
1755,9.0,7.39
2919,9.0,8.45
3097,7.0,8.7
1756,7.0,7.88
3841,6.0,7.31
1839,6.0,7.1
4009,7.0,7.41
1436,8.0,7.67
2257,8.0,7.91
3092,8.0,7.16
743,8.0,7.48
1207,7.0,6.35
1122,7.0,7.91
735,7.0,8.19
1903,8.0,6.96
2377,8.0,7.59
1628,8.0,7.61
1521,9.0,7.36
1801,7.0,7.11
1640,6.0,7.7
353,9.0,7.3
2655,11.0,8.3
2715,7.0,8.81
1146,7.5,7.12
3812,7.0,7.77
3399,7.0,7.9
778,6.0,6.39
2244,7.0,8.49
1667,9.0,8.93
1840,6.0,7.65
1313,9.0,7.56
181,8.0,7.54
3731,8.0,7.108
3833,8.0,8.49
2892,6.0,7.67
911,8.0,8.02
3272,9.0,9.566999999999998
3459,6.0,7.42
3410,9.0,8.65
25,8.0,7.34
879,9.0,8.18
2262,10.0,7.85
3961,7.0,7.62
176,9.0,8.44
2840,8.0,8.23
3168,9.0,8.1
338,7.0,7.1
3587,7.0,8.54
440,9.0,7.72
2813,8.0,7.64
2099,9.0,7.28
2870,7.0,7.14
4112,9.0,8.14
489,8.0,8.15
1567,7.0,7.7
2083,6.0,6.77
812,8.0,8.09
3883,9.0,7.08
1134,10.0,8.02
926,8.0,7.933
3880,7.0,6.94
2960,8.0,7.05
1900,9.0,7.65
331,8.0,6.67
1346,8.0,7.888
1385,8.0,7.39
478,8.0,7.26
571,11.0,8.1
1858,9.0,8.01
2089,7.0,8.2
1077,4.0,6.71
4086,9.0,7.87
1063,6.0,6.9
3526,8.0,8.05
3887,9.0,7.38
62,12.0,8.62
1360,6.0,7.33
3366,9.0,8.802999999999999
3518,8.0,8.16
258,8.0,8.16
2795,7.0,7.24
1460,8.0,8.6
1126,9.0,7.5
3478,7.0,8.47
3795,7.0,7.37
2663,7.0,7.16
1444,8.0,8.12
68,8.0,7.79
1720,8.0,7.5
2457,7.0,7.54
224,7.0,7.8
