,y_test,prediction
611,6.0,6.0
766,6.0,5.99
3191,9.0,8.99
1016,10.0,8.75
2553,7.0,7.0
2328,10.0,10.0
694,9.0,8.88
332,7.0,7.29
168,7.0,7.0
1050,8.0,7.8
3627,9.0,9.0
871,7.0,7.02
111,8.0,7.99
1861,9.0,7.76
3741,8.0,6.9
151,9.0,9.0
1515,8.0,7.82
304,9.0,12.9
3758,7.0,7.05
2413,8.0,8.0
1618,9.0,8.99
1935,8.0,7.17
182,9.0,9.0
33,7.0,7.0
2855,9.0,8.88
2302,9.0,9.0
1624,7.0,7.04
2247,11.0,11.0
1043,8.0,8.12
3688,7.0,7.07
565,6.0,5.97
1765,6.0,6.0
3532,8.0,7.99
1034,8.0,6.382999999999999
1758,7.0,7.0
1279,7.0,8.19
232,8.0,8.0
3488,9.0,8.99
1182,9.0,9.0
3265,7.0,7.29
3667,8.0,7.61
3925,6.0,6.09
1191,7.0,7.05
3299,7.0,6.99
3286,9.0,9.0
98,8.0,8.0
511,9.0,9.0
1205,10.0,10.0
2467,8.0,7.93
3586,10.0,9.99
2975,6.0,5.97
1531,9.0,8.37
134,7.0,7.0
883,8.0,7.61
537,10.0,9.99
2055,7.0,7.81
2416,7.0,7.0
3199,8.0,7.99
2518,8.0,8.0
312,7.0,7.0
1057,7.0,7.42
2444,9.0,9.01
315,7.0,7.15
2283,8.0,7.96
3991,8.0,8.62
2495,9.0,8.99
2237,8.0,8.0
816,7.0,7.13
3441,7.0,7.01
2970,6.0,5.22
2665,7.0,7.0
1912,6.0,6.02
199,10.0,7.79
373,7.0,7.0
2725,8.0,7.66
991,7.0,6.63
2391,8.0,8.01
2758,8.0,8.1
3081,9.0,9.01
2231,8.0,8.0
3911,7.0,7.17
1240,7.0,6.96
321,8.0,8.0
2972,8.0,8.11
187,6.0,6.0
3910,6.0,5.81
3913,7.0,6.882999999999999
471,7.0,6.76
3774,7.0,7.0
2611,7.0,7.0
1819,7.0,7.04
322,8.0,8.45
1128,9.0,9.0
1575,7.0,6.8229999999999995
1530,7.0,6.99
895,8.0,7.73
1536,6.0,6.0
3423,5.0,4.99
4137,6.0,6.07
3874,8.0,8.01
2593,7.0,7.1
3998,9.0,8.56
1181,7.0,7.0
424,10.0,10.41
947,6.0,6.4
2811,9.0,9.0
1080,6.0,6.0
2113,6.0,6.06
2998,7.0,7.09
3221,9.0,9.0
71,8.0,8.02
2320,7.0,7.06
967,7.0,6.15
214,8.0,8.0
1282,7.0,7.0
1000,8.0,7.32
1791,6.0,5.98
4062,7.0,7.19
1317,8.0,8.02
14,8.0,7.99
893,8.0,8.16
1197,8.0,8.0
1132,7.0,7.61
1443,6.0,6.0
275,7.0,6.99
548,7.0,6.99
1368,7.0,7.02
8,7.0,7.0
1245,9.0,8.99
1944,7.0,6.64
3328,8.0,7.99
3122,8.0,8.03
832,9.0,8.91
1937,8.0,7.48
2383,8.0,8.03
2117,10.0,9.93
3865,8.0,7.66
1250,9.0,8.98
255,9.0,9.0
1876,6.0,6.47
2984,7.0,6.66
302,9.0,8.99
769,8.0,7.22
554,7.0,7.06
3079,8.0,8.0
4125,8.0,7.68
3001,8.0,7.92
2980,7.0,7.46
4132,6.0,7.12
2769,8.0,7.55
2476,8.0,8.01
32,8.0,7.933
2417,8.0,8.01
1608,6.0,6.0
2548,7.0,7.17
2675,9.0,9.0
1636,7.0,7.01
4129,5.0,5.858
3084,7.0,7.01
3517,8.0,7.96
1194,7.0,6.96
1676,6.0,6.15
3742,7.0,7.02
579,8.0,8.0
3169,7.0,7.03
1870,8.0,8.0
3672,8.0,8.01
448,7.0,7.05
2690,7.0,7.45
2340,8.0,8.0
2402,9.0,8.99
3992,5.0,6.22
2329,9.0,9.0
2569,5.0,4.95
3941,7.0,7.27
481,6.0,6.27
921,7.0,6.73
1715,8.0,7.98
825,8.0,7.97
2356,7.0,6.86
1285,9.0,9.0
475,7.0,6.99
3546,8.0,7.84
3553,7.0,7.12
3238,9.0,8.68
325,7.0,7.01
732,7.0,7.83
3082,10.0,10.14
43,10.0,9.79
852,8.0,8.23
1533,7.0,7.01
1339,8.0,7.97
1295,8.0,7.633999999999999
3261,10.0,9.98
411,9.0,9.03
2742,9.0,6.32
2782,8.0,7.82
1888,8.0,7.7
2656,9.0,9.0
3893,7.0,6.69
3461,6.0,6.04
3947,8.0,7.31
1855,8.0,7.62
2544,7.0,6.96
1866,8.0,7.88
3315,6.0,5.99
2423,8.0,8.05
17,9.0,8.84
2909,6.0,6.0
608,8.0,8.02
4047,7.0,6.89
3217,10.0,10.0
1562,8.0,8.01
760,6.0,6.62
4084,7.0,7.0
1091,8.0,8.04
2864,7.0,7.82
692,6.0,6.01
3056,7.0,7.26
2212,7.0,7.08
467,8.0,7.88
2242,7.0,7.57
3509,8.0,8.01
3649,6.0,7.04
3437,8.0,7.99
2123,8.0,8.0
473,7.0,6.99
1744,8.0,8.1
1449,7.0,6.94
3578,7.0,7.71
3132,9.0,9.0
2473,5.0,5.0
3568,6.0,6.04
2465,9.0,9.02
667,7.0,7.327999999999999
1302,9.0,9.0
3539,8.0,7.99
208,8.0,7.88
2730,8.0,7.91
2693,6.0,6.0
917,10.0,8.94
3889,7.0,7.0
1953,7.0,7.33
2361,8.0,7.38
1164,7.0,6.98
500,5.0,5.0
952,7.0,7.55
1507,8.0,7.89
1616,7.0,7.11
1021,6.0,6.19
2897,7.0,7.67
1590,7.0,7.09
979,7.0,8.01
3677,8.0,7.792999999999999
2326,6.0,6.02
3244,9.0,9.0
95,7.0,7.0
2452,9.0,8.96
23,9.0,9.0
1005,7.0,7.54
2484,8.0,8.05
3460,8.0,8.0
1772,6.0,6.77
1322,6.0,6.05
575,5.0,5.0
2107,10.0,10.0
3339,7.0,7.38
1441,8.0,8.08
4046,8.0,7.88
1898,8.0,7.89
3053,10.0,7.78
2555,8.0,7.97
1114,9.0,8.99
1232,9.0,8.9
1901,6.0,6.45
1135,10.0,9.03
101,8.0,7.62
442,4.0,5.06
2162,7.0,7.36
3656,8.0,7.99
1312,8.0,8.03
4095,6.0,6.14
122,7.0,7.09
845,8.0,8.16
1526,6.0,6.0
158,9.0,8.8
2075,7.0,6.61
2370,8.0,8.08
1283,7.0,7.0729999999999995
3558,6.0,6.0
3935,9.0,8.53
2248,8.0,8.05
2915,9.0,8.64
244,8.0,8.38
1084,8.0,7.97
1844,8.0,8.36
2183,8.0,7.71
1073,7.0,6.96
3030,6.0,6.33
2859,8.0,8.04
1569,7.0,7.0
3908,6.0,7.81
2759,7.0,7.22
3406,6.0,6.18
2778,5.0,4.94
2369,8.0,8.0
1402,7.0,6.99
2046,8.0,7.83
902,8.0,8.1
606,6.0,6.0
3763,8.0,8.01
180,9.0,9.0
3457,8.0,8.0
2931,8.0,7.82
2272,6.0,6.0
51,7.0,7.01
1607,8.0,7.88
2635,8.0,8.31
74,9.0,9.05
1247,8.0,8.0
2124,8.0,8.0
3394,9.0,8.99
1229,9.0,9.0
2448,10.0,10.0
4135,7.0,6.99
1291,9.0,8.98
2427,7.0,7.01
3591,8.0,7.92
1141,8.0,7.99
4031,6.0,6.566
159,7.0,7.04
1909,7.0,6.04
3784,10.0,10.0
544,6.0,6.05
52,8.0,8.03
4023,5.0,6.44
223,7.0,7.09
1316,7.0,7.11
26,7.0,7.11
1677,8.0,7.99
1974,7.0,7.49
217,8.0,8.0
2134,8.0,8.0
4064,8.0,7.86
3483,7.0,7.03
1401,7.0,7.0
3726,8.0,8.0
328,8.0,8.01
3368,7.0,7.0
3538,9.0,9.0
3867,6.0,6.23
1642,6.0,6.0
876,8.0,8.52
2034,7.0,7.57
2474,7.0,7.12
3832,8.0,7.58
3473,8.0,7.88
2568,6.0,6.22
44,7.0,7.04
745,5.0,6.61
505,9.0,8.09
1580,7.0,6.96
1045,7.0,6.52
2249,8.0,7.97
361,9.0,8.87
587,9.0,9.05
3263,9.0,9.0
4041,7.0,6.98
610,8.0,7.94
2205,9.0,8.99
2526,9.0,9.0
1525,9.0,9.0
3856,9.0,7.79
418,5.0,5.0
3317,10.0,10.0
2502,6.0,6.04
260,7.0,7.4
1668,8.0,8.0
775,8.0,7.64
4123,6.0,7.03
3222,8.0,7.97
3071,8.0,7.93
2229,7.0,7.06
1815,12.0,12.15
1177,9.0,9.0
1257,8.0,8.0
2392,9.0,9.0
2564,6.0,6.0
297,8.0,7.97
1982,6.0,6.59
1749,11.0,8.0
136,7.0,7.06
1782,7.0,6.89
3940,9.0,7.97
3724,8.0,7.94
2067,9.0,7.6
267,9.0,9.0
3989,8.0,7.18
1189,8.0,8.0
2515,8.0,7.69
1996,7.0,7.5
831,7.0,7.08
56,10.0,10.46
843,9.0,7.9
705,8.0,7.72
561,11.0,11.04
3035,8.0,8.31
1390,5.0,5.0
2936,8.0,7.26
1600,7.0,7.38
824,8.0,8.05
1778,7.0,7.59
1293,9.0,8.96
3588,7.0,7.06
402,8.0,7.84
2435,8.0,7.98
1714,7.0,7.0
172,8.0,8.01
654,9.0,8.92
2268,9.0,8.99
1981,7.0,7.95
3934,6.0,7.03
1804,7.0,7.6
2986,9.0,8.35
191,8.0,7.99
12,10.0,10.07
1986,5.0,5.8
329,8.0,8.14
3005,7.0,6.46
617,5.0,5.0
817,7.0,7.0
765,7.0,7.08
3380,11.0,11.02
3152,9.0,9.0
3180,9.0,9.0
688,6.0,6.0
3065,7.0,7.0
3815,9.0,9.23
2793,7.0,6.96
2194,7.0,6.98
2872,8.0,8.11
3066,7.0,7.38
3258,10.0,10.0
2512,8.0,7.99
4083,8.0,7.76
1762,6.0,6.803
242,8.0,8.0
177,8.0,7.99
3442,7.0,7.0
3206,9.0,9.0
2664,9.0,9.0
4015,6.0,6.92
3610,9.0,9.0
1834,6.0,6.0
1451,8.0,7.99
4130,7.0,6.76
4119,8.0,8.44
1354,8.0,8.01
420,9.0,8.94
1206,7.0,7.04
3739,8.0,7.96
2374,6.0,6.0
3029,7.0,6.46
1831,9.0,8.3
2285,7.0,7.01
2625,9.0,9.0
230,7.0,7.0
3852,8.0,7.64
2041,9.0,8.26
2151,10.0,10.0
358,7.0,7.01
1478,8.0,8.0
2031,6.0,6.35
2128,9.0,9.0
1362,8.0,8.0
1786,6.0,7.013
2863,7.0,7.0
3544,9.0,9.0
2001,8.0,7.95
70,8.0,7.86
1619,6.0,6.01
45,7.0,7.14
3984,9.0,8.1
3621,9.0,9.0
186,9.0,9.0
1219,8.0,8.0
2108,8.0,7.96
964,7.0,7.38
521,7.0,6.97
1252,11.0,9.47
2517,9.0,9.02
2868,7.0,7.45
1500,9.0,10.0
141,9.0,8.01
2410,8.0,7.95
2955,7.0,7.53
316,8.0,8.0
270,7.0,7.0
3043,7.0,6.77
2254,9.0,9.0
3325,9.0,9.0
64,9.0,9.0
2668,6.0,7.0
1380,8.0,8.28
1945,8.0,7.61
1431,10.0,9.36
146,9.0,9.0
4025,8.0,7.47
1048,6.0,5.94
963,10.0,7.28
2127,8.0,8.0
496,7.0,7.06
4055,7.0,7.32
3993,6.0,6.518
3750,8.0,8.06
3744,6.0,5.99
3792,6.0,6.22
3626,8.0,8.0
3326,6.0,6.0
2718,7.0,7.82
3012,7.0,7.51
2364,8.0,8.06
284,9.0,9.0
3202,8.0,7.94
2632,8.0,8.24
365,9.0,8.93
4074,7.0,7.07
305,7.0,6.98
1090,9.0,9.0
2224,8.0,8.0
2207,10.0,10.0
2579,8.0,8.0
425,6.0,6.0
4087,7.0,7.11
2525,7.0,6.0
1068,9.0,8.16
2633,8.0,8.73
1453,6.0,6.0
3768,11.0,11.0
2296,6.0,6.0
3118,8.0,8.0
1576,5.0,4.96
1812,7.0,7.36
2878,6.0,6.02
4006,6.0,7.02
682,7.0,7.04
58,7.0,6.98
77,7.0,7.02
375,8.0,8.97
1041,8.0,7.79
758,7.0,7.24
1941,8.0,7.48
924,8.0,7.457999999999999
4110,7.0,7.76
719,7.0,7.32
1109,6.0,6.0
3136,9.0,8.81
2135,7.0,7.0
878,10.0,8.21
3157,8.0,7.97
126,6.0,8.01
2441,7.0,7.07
2375,9.0,9.0
2173,7.0,7.0
3654,9.0,9.0
1193,6.0,6.21
439,8.0,7.96
3969,6.0,5.79
3269,9.0,9.0
2103,8.0,8.03
3236,10.0,10.0
3599,7.0,7.17
3418,9.0,9.0
3617,10.0,9.99
395,7.0,7.14
30,8.0,7.97
3194,8.0,8.06
206,9.0,8.97
823,7.0,6.99
3990,8.0,7.693
804,6.0,5.87
3242,7.0,6.84
4001,8.0,7.45
2045,8.0,7.31
2767,9.0,9.0
488,6.0,6.0
1885,9.0,8.25
2202,9.0,9.0
453,8.0,8.0
1775,8.0,7.8
1422,9.0,8.95
1333,7.0,6.99
195,7.0,7.1
578,8.0,7.97
1323,8.0,8.04
3664,10.0,10.0
6,10.0,9.99
449,8.0,8.03
295,8.0,8.0
747,8.0,7.95
3323,7.0,6.984000000000001
3542,11.0,11.0
2727,8.0,7.98
1838,7.0,7.33
2278,8.0,8.06
857,6.0,6.0
3753,7.0,7.0
4044,9.0,8.1
993,6.0,6.13
197,8.0,8.0
460,7.0,7.28
2489,8.0,7.99
3761,7.0,7.02
29,8.0,7.98
856,6.0,5.94
3762,8.0,7.96
3894,8.0,7.8
2059,5.0,6.43
3098,8.0,7.99
3068,9.0,8.93
2731,8.0,7.89
1605,9.0,9.0
3829,8.0,7.68
1637,8.0,8.0
2621,7.0,7.08
2683,9.0,9.0
225,7.0,7.0
2852,9.0,8.35
734,10.0,10.02
584,8.0,8.02
3682,7.0,6.99
3502,7.0,7.01
2425,8.0,8.0
1588,7.0,7.02
1766,7.0,7.07
801,6.0,6.42
81,7.0,7.0
261,9.0,9.0
301,8.0,8.48
3309,7.0,7.5
1430,7.0,7.04
2997,7.0,7.05
826,7.0,6.39
2922,7.0,7.6
2394,6.0,6.12
3606,9.0,9.0
2133,9.0,9.0
1481,9.0,9.0
3257,8.0,8.01
2963,8.0,7.83
1192,9.0,9.0
1089,7.0,7.27
1593,8.0,7.99
1541,8.0,8.0
1262,8.0,7.99
2199,11.0,11.06
4136,8.0,8.09
666,10.0,10.0
2167,8.0,8.0
1032,10.0,8.46
2277,9.0,8.99
2290,8.0,8.0
421,7.0,7.18
2483,6.0,6.01
1058,8.0,7.78
1241,7.0,6.94
3007,9.0,8.1
3301,8.0,8.1
3611,7.0,7.05
669,7.0,6.45
3452,7.0,7.33
3796,8.0,8.0
790,7.0,7.37
3166,7.0,7.02
154,8.0,7.82
2965,7.0,6.73
1688,7.0,7.84
2387,8.0,8.03
104,9.0,8.93
1673,8.0,8.0
1647,7.0,7.5
243,9.0,8.87
799,8.0,8.27
1653,10.0,10.02
1014,5.0,5.86
2719,8.0,7.955
2096,9.0,9.01
1071,8.0,7.97
2110,7.0,7.18
2510,9.0,9.0
3876,6.0,6.14
2898,9.0,7.65
4040,8.0,8.32
2651,7.0,7.22
821,6.0,6.62
339,6.0,6.0
1512,7.0,7.11
2390,7.0,6.98
3637,10.0,9.9
903,9.0,8.89
830,7.0,7.13
1223,10.0,10.25
1560,6.0,6.65
2728,10.0,8.95
2572,5.0,4.99
2165,8.0,8.01
1100,9.0,8.72
3013,7.0,7.3
4091,7.0,7.3
2371,8.0,7.98
3602,7.0,7.26
2384,7.0,7.02
3273,8.0,7.99
1639,8.0,7.99
1965,9.0,8.25
2145,8.0,8.01
564,8.0,7.98
1692,7.0,7.25
4133,9.0,8.35
907,9.0,8.13
2035,7.0,7.1
3085,9.0,7.6
3318,8.0,8.02
2740,7.0,7.24
1445,7.0,7.0
2885,7.0,7.84
885,7.0,7.43
1755,9.0,8.99
2919,9.0,8.12
3097,7.0,7.0
1756,7.0,7.0
3841,6.0,6.83
1839,6.0,5.82
4009,7.0,7.97
1436,8.0,7.97
2257,8.0,8.0
3092,8.0,8.02
743,8.0,7.05
1207,7.0,7.32
1122,7.0,7.01
735,7.0,7.0
1903,8.0,7.63
2377,8.0,7.92
1628,8.0,7.98
1521,9.0,9.0
1801,7.0,7.44
1640,6.0,6.01
353,9.0,9.0
2655,11.0,11.0
2715,7.0,7.01
1146,7.5,7.98
3812,7.0,7.3229999999999995
3399,7.0,7.45
778,6.0,6.28
2244,7.0,7.01
1667,9.0,8.93
1840,6.0,6.0
1313,9.0,7.91
181,8.0,8.0
3731,8.0,7.99
3833,8.0,8.01
2892,6.0,6.55
911,8.0,8.32
3272,9.0,8.96
3459,6.0,6.0
3410,9.0,9.0
25,8.0,7.99
879,9.0,8.43
2262,10.0,10.01
3961,7.0,7.5
176,9.0,9.0
2840,8.0,8.03
3168,9.0,9.0
338,7.0,7.0
3587,7.0,7.28
440,9.0,9.0
2813,8.0,7.98
2099,9.0,7.32
2870,7.0,8.0
4112,9.0,8.38
489,8.0,7.98
1567,7.0,7.89
2083,6.0,5.99
812,8.0,8.0
3883,9.0,8.91
1134,10.0,10.05
926,8.0,7.92
3880,7.0,6.94
2960,8.0,8.09
1900,9.0,8.52
331,8.0,7.92
1346,8.0,7.93
1385,8.0,7.91
478,8.0,7.99
571,11.0,11.02
1858,9.0,9.72
2089,7.0,7.7
1077,4.0,5.57
4086,9.0,8.31
1063,6.0,6.98
3526,8.0,8.02
3887,9.0,7.81
62,12.0,12.1
1360,6.0,6.0
3366,9.0,8.92
3518,8.0,8.0
258,8.0,8.15
2795,7.0,5.93
1460,8.0,8.03
1126,9.0,8.86
3478,7.0,7.06
3795,7.0,7.36
2663,7.0,7.04
1444,8.0,8.01
68,8.0,7.73
1720,8.0,7.98
2457,7.0,7.15
224,7.0,6.99
