,y_test,prediction
306,34.0,42.74674266759082
11387,3.4,42.74674266759082
13530,187.0,42.74674266759082
4632,9.4,42.74674266759082
13998,25.0,42.74674266759082
23642,9.0,42.74674266759082
16094,2.3,42.74674266759082
3217,185.0,42.74674266759082
10857,1.2,42.74674266759082
23218,1.1,42.74674266759082
7152,22.0,42.74674266759082
23594,9.2,42.74674266759082
14625,15.0,42.74674266759082
17995,71.0,42.74674266759082
22549,73.0,42.74674266759082
16808,28.0,42.74674266759082
592,3.1,42.74674266759082
2011,11.0,42.74674266759082
23423,3.2,42.74674266759082
2697,0.9,42.74674266759082
10715,278.0,42.74674266759082
898,342.0,42.74674266759082
9867,24.0,42.74674266759082
2757,8.5,42.74674266759082
4085,7.3,42.74674266759082
3888,34.0,42.74674266759082
17743,1.3,42.74674266759082
6699,2.0,42.74674266759082
21412,36.0,42.74674266759082
20468,362.0,42.74674266759082
13037,73.0,42.74674266759082
1376,18.0,42.74674266759082
9227,2.1,42.74674266759082
649,24.0,42.74674266759082
13608,6.2,42.74674266759082
23187,3.0,42.74674266759082
13102,200.0,42.74674266759082
324,4.9,42.74674266759082
20252,1.1,42.74674266759082
4298,0.8,42.74674266759082
5191,261.0,42.74674266759082
13920,53.0,42.74674266759082
4127,96.0,42.74674266759082
8617,5.0,42.74674266759082
20003,116.0,42.74674266759082
1137,6.7,42.74674266759082
2977,17.0,42.74674266759082
2194,30.0,42.74674266759082
21771,8.1,42.74674266759082
13689,8.1,42.74674266759082
8621,4.6,42.74674266759082
6631,7.5,42.74674266759082
8344,17.0,42.74674266759082
16761,27.0,42.74674266759082
23850,15.0,42.74674266759082
706,80.0,42.74674266759082
22208,13.0,42.74674266759082
11742,22.0,42.74674266759082
3107,63.0,42.74674266759082
19016,2.5,42.74674266759082
20098,54.0,42.74674266759082
22318,170.0,42.74674266759082
7078,10.0,42.74674266759082
6847,2.4,42.74674266759082
19376,118.0,42.74674266759082
16026,146.0,42.74674266759082
19932,190.0,42.74674266759082
17774,6.4,42.74674266759082
7777,0.3,42.74674266759082
2163,1.7,42.74674266759082
14490,188.0,42.74674266759082
18353,63.0,42.74674266759082
17106,0.9,42.74674266759082
9869,42.0,42.74674266759082
22664,3.5,42.74674266759082
4859,0.6,42.74674266759082
14671,11.0,42.74674266759082
2287,96.0,42.74674266759082
22337,4.5,42.74674266759082
14748,46.0,42.74674266759082
11717,1.8,42.74674266759082
3997,2.2,12.085
22269,114.0,42.74674266759082
23011,2.1,42.74674266759082
20697,3.2,9.729
14136,435.0,42.74674266759082
9460,9.2,42.74674266759082
23969,1.1,42.74674266759082
1707,53.0,42.74674266759082
14885,44.0,42.74674266759082
21233,241.0,42.74674266759082
6321,2.8,42.74674266759082
1380,2.0,42.74674266759082
20820,17.0,42.74674266759082
1621,77.0,42.74674266759082
9494,2.0,42.74674266759082
2815,101.0,42.74674266759082
23882,22.0,42.74674266759082
9716,215.0,42.74674266759082
22406,2.6,42.74674266759082
4268,127.0,42.74674266759082
18760,52.0,42.74674266759082
20918,198.0,42.74674266759082
74,13.0,42.74674266759082
23293,2.3,42.74674266759082
1982,0.9,42.74674266759082
13347,19.0,42.74674266759082
18084,21.0,42.74674266759082
17691,7.5,42.74674266759082
6669,0.6,42.74674266759082
23637,0.4,42.74674266759082
1275,3.0,42.74674266759082
5583,29.0,42.74674266759082
9381,15.0,42.74674266759082
1994,6.3,42.74674266759082
22927,1.4,42.74674266759082
6856,0.3,42.74674266759082
22588,0.4,42.74674266759082
360,3.2,42.74674266759082
1113,2.4,42.74674266759082
23752,1.1,42.74674266759082
20690,2.9,42.74674266759082
11930,44.0,42.74674266759082
9034,0.7,2.035000000000001
11932,1.3,42.74674266759082
12221,142.0,42.74674266759082
11555,0.4,42.74674266759082
3449,55.0,42.74674266759082
6553,41.0,42.74674266759082
16614,18.0,42.74674266759082
23468,4.3,42.74674266759082
20879,81.0,42.74674266759082
12856,0.4,42.74674266759082
21244,0.9,1.5280000000000007
1826,133.0,42.74674266759082
22957,2.6,42.74674266759082
22747,2.7,42.74674266759082
19625,9.2,42.74674266759082
7832,24.0,42.74674266759082
123,3.6,42.74674266759082
22932,0.4,42.74674266759082
12006,15.0,42.74674266759082
5289,14.0,42.74674266759082
18520,1.4,5.382999999999999
13135,37.0,42.74674266759082
8180,26.0,42.74674266759082
22023,0.7,42.74674266759082
3675,0.5,42.74674266759082
4141,0.8,1.4450000000000003
11613,148.0,42.74674266759082
2797,25.0,42.74674266759082
9127,1.7,42.74674266759082
7818,0.4,42.74674266759082
942,2.3,42.74674266759082
15726,41.0,42.74674266759082
11644,209.0,42.74674266759082
16862,0.8,42.74674266759082
9206,82.0,42.74674266759082
16764,89.0,42.74674266759082
308,26.0,42.74674266759082
11906,10.0,42.74674266759082
10214,12.0,42.74674266759082
1447,148.0,42.74674266759082
23972,69.0,42.74674266759082
2223,1.0,42.74674266759082
12744,292.0,42.74674266759082
16686,1.9,42.74674266759082
8730,20.0,42.74674266759082
20655,170.0,42.74674266759082
14742,50.0,42.74674266759082
16462,90.0,42.74674266759082
596,1.7,42.74674266759082
2303,5.7,4.792
19852,17.0,42.74674266759082
13995,38.0,42.74674266759082
23824,4.8,42.74674266759082
21899,14.0,2.966472237196764
22104,91.0,42.74674266759082
20755,1.1,42.74674266759082
19470,17.0,42.74674266759082
7494,1.0,42.74674266759082
4586,2.2,42.74674266759082
968,5.4,42.74674266759082
4321,7.0,42.74674266759082
16065,47.0,42.74674266759082
8768,55.0,42.74674266759082
15596,1.0,42.74674266759082
9906,5.0,42.74674266759082
8873,0.3,42.74674266759082
3216,213.0,42.74674266759082
9271,5.8,42.74674266759082
22924,2.3,42.74674266759082
2811,185.0,42.74674266759082
13942,200.0,42.74674266759082
2921,0.4,42.74674266759082
22574,0.4,42.74674266759082
11473,2.2,42.74674266759082
5311,1.0,1.9870000000000005
9821,167.0,42.74674266759082
4125,84.0,42.74674266759082
14389,1.2,42.74674266759082
2370,116.0,42.74674266759082
19206,0.4,42.74674266759082
21094,170.0,42.74674266759082
6756,6.4,42.74674266759082
22823,70.0,42.74674266759082
16105,0.8,10.213000000000005
17054,2.8,42.74674266759082
22999,4.4,42.74674266759082
13854,1.6,42.74674266759082
18783,0.7,42.74674266759082
18114,2.7,1.082000000000001
210,0.9,42.74674266759082
2744,119.0,42.74674266759082
5026,133.0,42.74674266759082
1367,1.2,42.74674266759082
17765,17.0,42.74674266759082
10957,0.9,42.74674266759082
8641,3.3,42.74674266759082
14518,103.0,42.74674266759082
23107,0.7,42.74674266759082
5579,17.0,42.74674266759082
23395,6.6,42.74674266759082
7970,2.8,42.74674266759082
11082,2.5,42.74674266759082
4354,6.0,42.74674266759082
8047,0.5,42.74674266759082
6439,48.0,42.74674266759082
2518,134.0,42.74674266759082
22765,1.8,42.74674266759082
6177,0.5,3.900999999999999
22975,4.7,42.74674266759082
16049,1.3,42.74674266759082
10206,2.8,42.74674266759082
5075,101.0,42.74674266759082
14851,1.2,42.74674266759082
22170,1.3,42.74674266759082
23895,1.5,42.74674266759082
23788,1.3,42.74674266759082
15577,1.6,42.74674266759082
23191,297.0,42.74674266759082
19375,141.0,42.74674266759082
13603,4.0,42.74674266759082
16166,9.1,42.74674266759082
181,0.9,42.74674266759082
15244,4.1,42.74674266759082
17201,32.0,42.74674266759082
21209,38.0,42.74674266759082
22676,2.6,42.74674266759082
21275,1.7,42.74674266759082
21227,1.0,42.74674266759082
20565,152.0,42.74674266759082
11225,1.9,42.74674266759082
10158,8.1,42.74674266759082
20336,14.0,42.74674266759082
20266,1.0,42.74674266759082
14524,60.0,42.74674266759082
12613,7.9,42.74674266759082
6248,125.0,42.74674266759082
20778,17.0,42.74674266759082
13982,382.0,42.74674266759082
12176,59.0,42.74674266759082
11680,69.0,42.74674266759082
15252,5.3,42.74674266759082
1009,21.0,42.74674266759082
810,39.0,42.74674266759082
21179,0.4,42.74674266759082
10846,91.0,42.74674266759082
22870,20.0,42.74674266759082
22623,3.2,42.74674266759082
21724,46.0,42.74674266759082
6428,6.0,42.74674266759082
9214,24.0,42.74674266759082
7562,27.0,42.74674266759082
12501,8.1,42.74674266759082
401,168.0,42.74674266759082
18977,48.0,42.74674266759082
13338,2.1,42.74674266759082
6656,115.0,42.74674266759082
23649,1.0,42.74674266759082
19359,8.9,42.74674266759082
1648,4.6,42.74674266759082
11539,0.8,42.74674266759082
18839,134.0,42.74674266759082
9197,2.8,42.74674266759082
17221,9.3,42.74674266759082
6258,40.0,42.74674266759082
4371,28.0,42.74674266759082
19130,134.0,42.74674266759082
5494,68.0,42.74674266759082
17443,12.0,42.74674266759082
18385,1.2,42.74674266759082
3038,21.0,42.74674266759082
14265,1.8,42.74674266759082
1306,6.5,42.74674266759082
7806,1.0,42.74674266759082
23105,2.0,42.74674266759082
11443,1.1,42.74674266759082
11758,6.5,42.74674266759082
17204,28.0,42.74674266759082
8928,0.5,42.74674266759082
16729,6.3,42.74674266759082
20600,6.3,42.74674266759082
6830,75.0,42.74674266759082
19622,313.0,42.74674266759082
13600,2.6,42.74674266759082
19013,4.3,42.74674266759082
1350,34.0,42.74674266759082
15084,21.0,42.74674266759082
14716,10.0,42.74674266759082
11633,6.2,2.9259999999999984
7591,0.4,42.74674266759082
11109,82.0,42.74674266759082
19475,6.5,42.74674266759082
11719,0.3,42.74674266759082
3158,48.0,42.74674266759082
15538,89.0,42.74674266759082
516,43.0,42.74674266759082
22799,1.6,42.74674266759082
23801,1.7,42.74674266759082
2509,94.0,42.74674266759082
4393,8.3,42.74674266759082
23940,10.0,42.74674266759082
13436,1.3,42.74674266759082
13201,274.0,42.74674266759082
10694,88.0,42.74674266759082
14458,5.2,42.74674266759082
21117,1.1,2.119
17235,6.4,42.74674266759082
9500,11.0,42.74674266759082
19502,12.0,42.74674266759082
16191,0.9,42.74674266759082
20188,11.0,42.74674266759082
12720,1.6,42.74674266759082
9798,42.0,42.74674266759082
7081,84.0,42.74674266759082
7720,10.0,42.74674266759082
17999,62.0,42.74674266759082
658,4.7,42.74674266759082
6334,7.2,42.74674266759082
21531,0.6,42.74674266759082
6218,4.5,42.74674266759082
20924,0.8,42.74674266759082
16602,115.0,42.74674266759082
18257,4.5,42.74674266759082
18661,0.7,42.74674266759082
3396,49.0,42.74674266759082
10550,7.6,14.31
18597,112.0,42.74674266759082
19007,18.0,42.74674266759082
948,23.0,42.74674266759082
20939,134.0,42.74674266759082
21014,30.0,42.74674266759082
3817,2.1,42.74674266759082
16577,36.0,42.74674266759082
6975,38.0,42.74674266759082
7281,66.0,42.74674266759082
23411,14.0,42.74674266759082
18876,83.0,42.74674266759082
50,1.2,42.74674266759082
11974,53.0,42.74674266759082
16122,57.0,42.74674266759082
10119,0.9,42.74674266759082
6895,129.0,42.74674266759082
9686,6.6,42.74674266759082
6802,313.0,42.74674266759082
20321,9.8,42.74674266759082
11603,57.0,42.74674266759082
22087,6.4,42.74674266759082
18830,79.0,42.74674266759082
16069,22.0,42.74674266759082
9958,0.8,42.74674266759082
17414,0.6,42.74674266759082
2463,62.0,42.74674266759082
20887,222.0,42.74674266759082
16646,155.0,42.74674266759082
9306,86.0,42.74674266759082
10989,2.6,42.74674266759082
11745,90.0,42.74674266759082
7968,6.7,42.74674266759082
18954,1.0,2.7840000000000016
17353,86.0,42.74674266759082
10765,8.0,42.74674266759082
17719,0.4,42.74674266759082
23505,19.0,42.74674266759082
15421,12.0,42.74674266759082
22781,10.0,42.74674266759082
1710,66.0,42.74674266759082
41,248.0,42.74674266759082
14903,109.0,42.74674266759082
14911,148.0,42.74674266759082
8377,0.5,42.74674266759082
23630,0.9,42.74674266759082
22758,0.4,42.74674266759082
2979,12.0,42.74674266759082
2203,40.0,42.74674266759082
2262,19.0,42.74674266759082
22917,21.0,42.74674266759082
266,165.0,42.74674266759082
22779,0.4,42.74674266759082
13016,4.6,42.74674266759082
23023,6.7,42.74674266759082
18607,23.0,42.74674266759082
8847,0.6,42.74674266759082
23479,19.0,42.74674266759082
3513,43.0,42.74674266759082
2705,13.0,42.74674266759082
20408,20.0,42.74674266759082
9637,198.0,42.74674266759082
5340,2.5,42.74674266759082
4834,1.5,42.74674266759082
2073,29.0,42.74674266759082
339,169.0,42.74674266759082
21607,4.1,42.74674266759082
13228,52.0,42.74674266759082
6226,314.0,42.74674266759082
12047,3.9,42.74674266759082
3804,11.0,42.74674266759082
20427,0.4,42.74674266759082
22327,183.0,42.74674266759082
21535,0.3,42.74674266759082
15098,9.0,3.1940000000000004
3188,1.0,42.74674266759082
20874,137.0,42.74674266759082
8939,1.4,42.74674266759082
1760,0.4,3.1569999999999987
23588,0.7,42.74674266759082
3976,0.5,42.74674266759082
1539,40.0,42.74674266759082
20586,0.6,42.74674266759082
6029,14.0,42.74674266759082
7746,0.7,42.74674266759082
17374,288.0,42.74674266759082
18179,3.1,42.74674266759082
13781,20.0,42.74674266759082
7729,0.3,4.066000000000003
15235,1.3,42.74674266759082
16567,3.7,42.74674266759082
17702,4.8,42.74674266759082
7283,156.0,42.74674266759082
16777,1.4,42.74674266759082
2195,45.0,42.74674266759082
18014,11.0,42.74674266759082
2998,24.0,42.74674266759082
3961,0.8,42.74674266759082
10252,48.0,42.74674266759082
22460,1.5,42.74674266759082
718,22.0,42.74674266759082
10588,5.7,42.74674266759082
23259,2.8,42.74674266759082
20990,0.7,1.785
22325,188.0,42.74674266759082
12168,72.0,42.74674266759082
2399,55.0,42.74674266759082
16127,328.0,42.74674266759082
12210,163.0,42.74674266759082
18719,2.4,42.74674266759082
3198,55.0,42.74674266759082
8632,1.6,42.74674266759082
14101,10.0,42.74674266759082
1124,45.0,42.74674266759082
1193,26.0,42.74674266759082
1962,312.0,42.74674266759082
6593,7.3,42.74674266759082
809,36.0,42.74674266759082
16742,9.6,42.74674266759082
13126,59.0,42.74674266759082
22527,268.0,42.74674266759082
8293,315.0,42.74674266759082
5985,27.0,42.74674266759082
9341,11.0,42.74674266759082
2516,113.0,42.74674266759082
15197,9.5,42.74674266759082
21515,6.2,42.74674266759082
11651,1.4,42.74674266759082
8649,0.4,10.510999999999997
3211,3.2,42.74674266759082
17829,1.4,42.74674266759082
21682,2.3,42.74674266759082
7843,35.0,42.74674266759082
17524,36.0,42.74674266759082
13219,50.0,42.74674266759082
17931,12.0,42.74674266759082
4598,1.3,42.74674266759082
6695,45.0,42.74674266759082
5532,7.8,42.74674266759082
2092,4.5,42.74674266759082
2969,146.0,42.74674266759082
23205,5.7,42.74674266759082
23056,0.5,42.74674266759082
43,4.2,42.74674266759082
22415,1.3,42.74674266759082
1457,1.6,42.74674266759082
18615,6.6,42.74674266759082
16835,0.6,42.74674266759082
3529,67.0,42.74674266759082
20105,38.0,42.74674266759082
15536,266.0,42.74674266759082
8375,0.8,42.74674266759082
1530,2.2,2.615433976746445
7851,14.0,42.74674266759082
8072,237.0,42.74674266759082
7712,12.0,42.74674266759082
14868,11.0,42.74674266759082
15476,26.0,42.74674266759082
13926,2.7,17.917000000000012
14873,88.0,42.74674266759082
17617,38.0,42.74674266759082
20027,62.0,42.74674266759082
13439,18.0,28.600000000000005
2989,20.0,42.74674266759082
4135,214.0,42.74674266759082
11535,1.0,42.74674266759082
20560,87.0,42.74674266759082
4738,0.7,42.74674266759082
16227,3.5,42.74674266759082
10123,0.9,42.74674266759082
21096,112.0,42.74674266759082
23806,1.0,42.74674266759082
11460,2.9,42.74674266759082
14128,266.0,42.74674266759082
19732,14.0,42.74674266759082
2603,6.6,42.74674266759082
27,8.7,42.74674266759082
20503,1.4,42.74674266759082
17108,0.8,42.74674266759082
10531,30.0,42.74674266759082
7760,82.0,42.74674266759082
2449,69.0,42.74674266759082
3570,19.0,42.74674266759082
16029,92.0,42.74674266759082
1783,5.7,1.594000000000001
159,6.7,42.74674266759082
12111,7.5,42.74674266759082
195,43.0,42.74674266759082
21198,23.0,42.74674266759082
6951,2.8,42.74674266759082
7566,30.0,42.74674266759082
11942,8.2,42.74674266759082
8581,33.0,42.74674266759082
18406,229.0,42.74674266759082
20413,312.0,42.74674266759082
5329,130.0,42.74674266759082
14219,200.0,42.74674266759082
260,17.0,42.74674266759082
23668,0.3,42.74674266759082
13514,42.0,42.74674266759082
14635,6.9,42.74674266759082
22864,1.7,42.74674266759082
20420,405.0,42.74674266759082
4732,0.9,42.74674266759082
15566,2.0,42.74674266759082
2799,11.0,42.74674266759082
19859,0.7,42.74674266759082
22021,7.2,42.74674266759082
11217,0.9,42.74674266759082
15181,0.8,42.74674266759082
10072,140.0,42.74674266759082
11612,35.0,42.74674266759082
5512,67.0,42.74674266759082
15080,60.0,42.74674266759082
15869,188.0,42.74674266759082
8985,83.0,42.74674266759082
13152,1.2,42.74674266759082
12997,0.4,42.74674266759082
20013,50.0,42.74674266759082
11573,1.5,42.74674266759082
21507,2.5,42.74674266759082
15626,31.0,42.74674266759082
21854,0.7,42.74674266759082
6956,112.0,42.74674266759082
14049,1.3,42.74674266759082
1997,3.6,42.74674266759082
13095,274.0,42.74674266759082
8948,13.0,42.74674266759082
1280,1.2,42.74674266759082
1300,20.0,42.74674266759082
14375,72.0,42.74674266759082
11902,8.5,42.74674266759082
21741,81.0,42.74674266759082
5506,206.0,42.74674266759082
23297,1.3,42.74674266759082
11866,0.5,42.74674266759082
12253,2.7,42.74674266759082
13032,0.8,42.74674266759082
1012,11.0,42.74674266759082
7701,28.0,42.74674266759082
10833,0.6,42.74674266759082
7126,4.7,42.74674266759082
7593,0.8,42.74674266759082
18907,308.0,42.74674266759082
18051,4.1,42.74674266759082
6275,4.6,42.74674266759082
18947,76.0,42.74674266759082
15573,0.7,42.74674266759082
15464,0.9,42.74674266759082
6403,0.6,42.74674266759082
23189,0.8,42.74674266759082
4638,58.0,42.74674266759082
23529,1.4,42.74674266759082
23966,2.3,42.74674266759082
1406,1.4,42.74674266759082
14449,0.5,3.338
22728,55.0,42.74674266759082
14026,3.6,42.74674266759082
20555,34.0,42.74674266759082
12877,1.3,42.74674266759082
9769,4.6,13.091999999999999
22291,0.7,19.133873202035847
3125,18.0,42.74674266759082
10423,50.0,42.74674266759082
1090,44.0,42.74674266759082
14573,66.0,42.74674266759082
12054,6.2,42.74674266759082
17653,0.9,42.74674266759082
15764,1.2,42.74674266759082
19228,8.0,42.74674266759082
18090,3.4,42.74674266759082
14371,2.4,4.017000000000003
2680,3.6,42.74674266759082
10110,235.0,42.74674266759082
3847,4.9,42.74674266759082
11669,20.0,42.74674266759082
3470,3.4,42.74674266759082
16972,5.2,42.74674266759082
9443,16.0,42.74674266759082
19142,1.2,42.74674266759082
2447,186.0,42.74674266759082
6637,120.0,42.74674266759082
1335,73.0,42.74674266759082
4483,1.4,42.74674266759082
5148,0.8,42.74674266759082
569,20.0,42.74674266759082
10573,0.8,42.74674266759082
5462,2.1,42.74674266759082
1240,15.0,42.74674266759082
1904,47.0,42.74674266759082
7290,3.3,42.74674266759082
19966,38.0,42.74674266759082
9664,65.0,42.74674266759082
23430,8.5,42.74674266759082
6019,13.0,42.74674266759082
22152,1.5,42.74674266759082
9986,6.2,42.74674266759082
3603,17.0,42.74674266759082
18950,257.0,42.74674266759082
16755,2.1,42.74674266759082
8739,4.5,42.74674266759082
4763,215.0,42.74674266759082
7898,233.0,42.74674266759082
9886,19.0,42.74674266759082
18965,2.2,42.74674266759082
23492,1.9,42.74674266759082
4677,166.0,42.74674266759082
21556,3.6,42.74674266759082
20631,59.0,42.74674266759082
9584,38.0,42.74674266759082
14548,211.0,42.74674266759082
23000,3.9,42.74674266759082
22916,15.0,42.74674266759082
6354,3.6,42.74674266759082
18765,47.0,42.74674266759082
1453,191.0,42.74674266759082
4551,53.0,42.74674266759082
4405,1.6,6.647
21815,4.5,42.74674266759082
1569,2.1,42.74674266759082
14239,1.8,2.5250000000000012
23836,3.3,42.74674266759082
21664,112.0,42.74674266759082
1773,12.0,42.74674266759082
4717,1.1,42.74674266759082
10674,1.7,1.2060000000000004
5355,30.0,42.74674266759082
20581,1.0,42.74674266759082
18236,9.4,42.74674266759082
497,80.0,42.74674266759082
403,80.0,42.74674266759082
17954,0.4,42.74674266759082
23328,56.0,42.74674266759082
5862,5.5,42.74674266759082
14177,8.7,17.301999999999996
2033,34.0,42.74674266759082
9339,15.0,42.74674266759082
9300,1.0,42.74674266759082
12533,1.0,42.74674266759082
530,36.0,42.74674266759082
23669,0.7,42.74674266759082
16739,19.0,42.74674266759082
3214,206.0,42.74674266759082
21912,0.9,42.74674266759082
22543,1.9,42.74674266759082
23091,0.5,42.74674266759082
6383,0.8,42.74674266759082
23331,1.6,42.74674266759082
15693,4.6,42.74674266759082
10719,175.0,42.74674266759082
7982,1.1,42.74674266759082
6362,0.5,42.74674266759082
17086,172.0,42.74674266759082
4137,274.0,42.74674266759082
8438,14.0,42.74674266759082
7572,4.9,42.74674266759082
6425,11.0,42.74674266759082
19655,0.4,42.74674266759082
549,80.0,42.74674266759082
1562,15.0,42.74674266759082
12483,3.5,42.74674266759082
14889,93.0,42.74674266759082
13722,47.0,42.74674266759082
489,1.5,42.74674266759082
23438,1.7,42.74674266759082
2488,159.0,42.74674266759082
5738,34.0,42.74674266759082
4202,8.2,42.74674266759082
1750,18.0,42.74674266759082
10008,3.8,42.74674266759082
5471,1.0,42.74674266759082
17145,102.0,42.74674266759082
14314,10.0,42.74674266759082
4872,91.0,42.74674266759082
19970,49.0,42.74674266759082
15531,130.0,42.74674266759082
12394,0.4,42.74674266759082
15494,1.2,42.74674266759082
1095,5.0,42.74674266759082
7304,5.2,42.74674266759082
16553,12.0,42.74674266759082
1884,6.9,42.74674266759082
6173,41.0,42.74674266759082
19269,3.0,42.74674266759082
11490,2.6,42.74674266759082
4905,196.0,42.74674266759082
14564,0.4,42.74674266759082
20070,0.4,4.97
17017,1.5,42.74674266759082
13214,29.0,42.74674266759082
4117,1.2,42.74674266759082
5143,34.0,42.74674266759082
22316,2.0,42.74674266759082
16865,5.0,42.74674266759082
23461,6.9,42.74674266759082
7787,3.0,42.74674266759082
1722,79.0,42.74674266759082
21235,218.0,42.74674266759082
11273,33.0,3.5209999999999995
2595,94.0,42.74674266759082
9116,1.6,42.74674266759082
10787,367.0,42.74674266759082
5596,13.0,42.74674266759082
13830,3.4,42.74674266759082
17048,7.0,42.74674266759082
3457,40.0,42.74674266759082
12968,54.0,42.74674266759082
2406,52.0,42.74674266759082
19636,2.3,42.74674266759082
6444,4.1,42.74674266759082
9996,0.7,42.74674266759082
12212,199.0,42.74674266759082
18602,80.0,42.74674266759082
11503,54.0,42.74674266759082
8817,4.9,42.74674266759082
14212,180.0,42.74674266759082
9132,7.9,42.74674266759082
14476,0.4,42.74674266759082
13030,2.0,42.74674266759082
19177,2.2,42.74674266759082
7764,18.0,42.74674266759082
846,0.6,42.74674266759082
21384,0.9,4.862
11410,11.0,42.74674266759082
1778,45.0,42.74674266759082
5622,16.0,42.74674266759082
5825,1.3,42.74674266759082
22993,1.6,42.74674266759082
8406,4.0,42.74674266759082
23253,0.8,42.74674266759082
435,4.4,42.74674266759082
17059,2.0,2.3069999999999995
5412,1.2,42.74674266759082
12705,1.7,42.74674266759082
4823,21.0,42.74674266759082
4272,0.5,42.74674266759082
15590,0.9,42.74674266759082
15343,32.0,42.74674266759082
20195,1.7,42.74674266759082
7120,0.4,42.74674266759082
18128,1.9,42.74674266759082
22860,0.7,42.74674266759082
13930,5.3,42.74674266759082
12154,41.0,42.74674266759082
11066,30.0,42.74674266759082
9211,34.0,42.74674266759082
20255,0.4,42.74674266759082
22712,2.0,42.74674266759082
1821,227.0,42.74674266759082
13609,12.0,42.74674266759082
11792,20.0,42.74674266759082
11565,0.6,4.102999999999999
429,1.7,42.74674266759082
11840,1.3,42.74674266759082
115,2.9,42.74674266759082
4766,172.0,42.74674266759082
7793,170.0,42.74674266759082
12242,7.5,42.74674266759082
11550,2.2,42.74674266759082
2988,22.0,42.74674266759082
5753,0.9,42.74674266759082
2392,165.0,42.74674266759082
21408,33.0,42.74674266759082
6784,71.0,42.74674266759082
8610,7.3,42.74674266759082
9528,2.9,42.74674266759082
21879,0.6,42.74674266759082
15672,2.3,42.74674266759082
14703,1.2,42.74674266759082
15563,0.4,42.74674266759082
16601,115.0,42.74674266759082
23387,6.1,42.74674266759082
18578,5.3,42.74674266759082
7203,14.0,42.74674266759082
23641,28.0,42.74674266759082
13661,146.0,42.74674266759082
714,30.0,42.74674266759082
4413,1.2,42.74674266759082
8367,2.1,42.74674266759082
6818,175.0,42.74674266759082
22669,15.0,42.74674266759082
8528,1.2,42.74674266759082
14246,129.0,42.74674266759082
21188,0.5,6.809000000000001
19733,11.0,42.74674266759082
8171,8.4,42.74674266759082
9379,27.0,42.74674266759082
344,2.2,42.74674266759082
6835,32.0,42.74674266759082
8562,6.5,42.74674266759082
4691,28.0,42.74674266759082
8792,52.0,42.74674266759082
2514,133.0,42.74674266759082
275,60.0,42.74674266759082
19570,10.0,42.74674266759082
6243,0.6,42.74674266759082
18043,6.3,42.74674266759082
14538,2.4,42.74674266759082
4862,2.6,42.74674266759082
3043,6.5,42.74674266759082
1258,1.3,42.74674266759082
18272,46.0,42.74674266759082
1879,0.8,2.7119999999999997
1977,16.0,42.74674266759082
15701,3.6,42.74674266759082
4114,4.8,3.5649999999999995
1805,0.4,42.74674266759082
10893,267.0,42.74674266759082
19618,313.0,42.74674266759082
14511,43.0,42.74674266759082
13149,149.0,42.74674266759082
2371,173.0,42.74674266759082
8965,0.4,5.097999999999997
1081,0.9,42.74674266759082
17172,62.0,42.74674266759082
1515,133.0,42.74674266759082
11799,114.0,42.74674266759082
4509,9.5,42.74674266759082
23872,78.0,42.74674266759082
14759,11.0,42.74674266759082
4097,0.3,42.74674266759082
16941,1.6,42.74674266759082
22593,1.2,42.74674266759082
13399,22.0,42.74674266759082
13034,4.4,42.74674266759082
9737,4.3,42.74674266759082
18407,205.0,42.74674266759082
20102,39.0,42.74674266759082
2266,25.0,42.74674266759082
8937,1.9,42.74674266759082
20364,11.0,42.74674266759082
7316,4.5,42.74674266759082
10509,1.1,42.74674266759082
21389,2.3,42.74674266759082
8173,7.8,42.74674266759082
8181,102.0,42.74674266759082
10986,9.9,42.74674266759082
13715,80.0,42.74674266759082
22831,5.3,42.74674266759082
573,17.0,42.74674266759082
15705,0.5,42.74674266759082
23516,0.7,42.74674266759082
14799,3.2,42.74674266759082
22881,3.1,42.74674266759082
17270,118.0,42.74674266759082
12899,8.9,42.74674266759082
6215,19.0,42.74674266759082
15049,0.9,42.74674266759082
11674,25.0,42.74674266759082
19638,3.9,42.74674266759082
22003,5.8,42.74674266759082
21692,14.0,42.74674266759082
23470,0.4,42.74674266759082
2980,9.9,42.74674266759082
4940,2.0,42.74674266759082
9384,0.4,42.74674266759082
5052,0.5,42.74674266759082
23031,0.4,42.74674266759082
23868,7.5,42.74674266759082
4789,7.8,42.74674266759082
20689,1.3,8.56
6416,0.6,2.9619999999999997
2042,0.7,42.74674266759082
17838,3.1,42.74674266759082
17629,8.0,42.74674266759082
13902,323.0,42.74674266759082
1988,0.7,42.74674266759082
19579,15.0,42.74674266759082
4512,11.0,42.74674266759082
22622,0.3,42.74674266759082
3202,51.0,42.74674266759082
23057,7.1,42.74674266759082
20340,15.0,8.575999999999997
3540,106.0,42.74674266759082
11796,138.0,42.74674266759082
15788,1.0,42.74674266759082
8999,2.0,42.74674266759082
17786,33.0,42.74674266759082
1474,4.6,42.74674266759082
1106,269.0,42.74674266759082
728,138.0,42.74674266759082
11071,11.0,42.74674266759082
12024,2.3,42.74674266759082
12903,4.8,42.74674266759082
15543,212.0,42.74674266759082
941,3.0,42.74674266759082
10866,5.2,42.74674266759082
6577,1.3,42.74674266759082
9977,1.9,42.74674266759082
4080,13.0,42.74674266759082
16087,40.0,42.74674266759082
16084,21.0,42.74674266759082
22494,2.3,42.74674266759082
16031,34.0,42.74674266759082
15391,44.0,42.74674266759082
20707,26.0,42.74674266759082
10667,179.0,42.74674266759082
9209,58.0,42.74674266759082
15631,21.0,42.74674266759082
20117,1.5,6.193999999999997
1253,0.6,42.74674266759082
10937,51.0,42.74674266759082
2241,1.2,42.74674266759082
17453,7.2,42.74674266759082
15465,0.7,42.74674266759082
12077,7.2,42.74674266759082
18496,164.0,42.74674266759082
10017,19.0,42.74674266759082
15519,3.3,42.74674266759082
4133,227.0,42.74674266759082
23738,3.2,42.74674266759082
5887,5.0,2.766
6937,256.0,42.74674266759082
10699,112.0,42.74674266759082
16781,78.0,42.74674266759082
15198,7.7,42.74674266759082
19187,61.0,42.74674266759082
18539,171.0,42.74674266759082
17645,7.2,42.74674266759082
5638,2.0,42.74674266759082
4426,1.7,42.74674266759082
4723,265.0,42.74674266759082
23181,2.0,42.74674266759082
20320,11.0,42.74674266759082
15426,0.6,42.74674266759082
5238,230.0,42.74674266759082
5389,1.4,42.74674266759082
18933,1.6,42.74674266759082
3691,8.2,42.74674266759082
2493,2.0,42.74674266759082
9666,96.0,42.74674266759082
8694,126.0,42.74674266759082
7039,4.2,2.4670000000000005
21894,2.1,2.680999999999999
12561,2.0,42.74674266759082
12053,7.8,42.74674266759082
18623,0.9,21.128000000000007
14147,371.0,42.74674266759082
22324,190.0,42.74674266759082
2088,0.6,42.74674266759082
14471,118.0,42.74674266759082
17247,40.0,42.74674266759082
1166,30.0,42.74674266759082
8729,29.0,42.74674266759082
19495,5.9,42.74674266759082
8789,57.0,42.74674266759082
6185,0.8,42.74674266759082
20613,8.1,42.74674266759082
2783,12.0,42.74674266759082
15612,23.0,42.74674266759082
19813,0.5,42.74674266759082
427,4.9,42.74674266759082
23414,3.0,42.74674266759082
11268,4.4,42.74674266759082
12422,2.6,42.74674266759082
13927,5.3,42.74674266759082
19459,21.0,42.74674266759082
4604,29.0,42.74674266759082
3769,158.0,42.74674266759082
8264,126.0,42.74674266759082
15888,0.8,42.74674266759082
12263,4.0,42.74674266759082
6765,2.0,42.74674266759082
4644,56.0,42.74674266759082
15804,5.2,42.74674266759082
23369,12.0,42.74674266759082
13564,11.0,42.74674266759082
13556,38.0,42.74674266759082
8011,0.3,2.145999999999999
19046,231.0,42.74674266759082
5877,4.7,42.74674266759082
16067,31.0,42.74674266759082
7343,9.2,42.74674266759082
22321,177.0,42.74674266759082
8696,119.0,42.74674266759082
7244,8.7,42.74674266759082
23781,1.1,42.74674266759082
1737,10.0,42.74674266759082
8888,1.5,42.74674266759082
14283,3.5,42.74674266759082
14464,259.0,42.74674266759082
2299,2.6,42.74674266759082
2014,38.0,42.74674266759082
6829,76.0,42.74674266759082
542,3.7,42.74674266759082
17624,25.0,42.74674266759082
15270,27.0,42.74674266759082
21674,1.6,42.74674266759082
8851,17.0,42.74674266759082
2465,172.0,42.74674266759082
4145,0.6,42.74674266759082
14572,59.0,42.74674266759082
2060,6.3,42.74674266759082
11221,0.6,42.74674266759082
15683,3.9,42.74674266759082
13875,5.1,42.74674266759082
9847,0.7,42.74674266759082
2878,11.0,42.74674266759082
7108,1.6,42.74674266759082
4091,6.7,42.74674266759082
6118,0.6,42.74674266759082
11430,99.0,42.74674266759082
5248,54.0,42.74674266759082
4266,155.0,42.74674266759082
9598,2.1,42.74674266759082
19926,6.4,42.74674266759082
11873,0.7,42.74674266759082
10928,3.3,6.045000000000001
8658,0.9,42.74674266759082
11511,5.7,42.74674266759082
1415,1.0,42.74674266759082
21626,2.5,42.74674266759082
12122,0.5,42.74674266759082
23879,65.0,42.74674266759082
5822,0.9,1.472999999999999
7118,0.4,42.74674266759082
20182,3.3,42.74674266759082
17003,159.0,42.74674266759082
8162,1.2,42.74674266759082
19363,0.4,42.74674266759082
2891,9.0,42.74674266759082
3045,8.6,42.74674266759082
1233,111.0,42.74674266759082
1305,8.8,42.74674266759082
13594,6.4,42.74674266759082
19184,92.0,42.74674266759082
22970,0.4,42.74674266759082
7089,39.0,42.74674266759082
4673,12.0,42.74674266759082
20901,6.9,42.74674266759082
20484,4.9,42.74674266759082
279,47.0,42.74674266759082
22587,4.1,42.74674266759082
2812,163.0,42.74674266759082
15118,5.5,42.74674266759082
4072,3.6,42.74674266759082
11861,0.5,42.74674266759082
11713,13.0,42.74674266759082
22705,5.8,42.74674266759082
2950,0.8,42.74674266759082
6359,1.4,42.74674266759082
10085,75.0,42.74674266759082
11356,4.7,42.74674266759082
22790,0.7,42.74674266759082
4546,61.0,42.74674266759082
5316,16.0,42.74674266759082
17886,23.0,42.74674266759082
12318,72.0,42.74674266759082
17382,0.4,42.74674266759082
15988,9.8,42.74674266759082
3893,2.0,42.74674266759082
4708,4.2,42.74674266759082
20979,1.5,42.74674266759082
20815,49.0,42.74674266759082
4809,7.1,42.74674266759082
21723,62.0,42.74674266759082
1440,108.0,42.74674266759082
14293,16.0,42.74674266759082
3587,1.5,42.74674266759082
13255,41.0,42.74674266759082
199,5.5,42.74674266759082
23856,3.0,42.74674266759082
21313,7.6,42.74674266759082
1860,2.3,42.74674266759082
6837,2.4,42.74674266759082
18537,159.0,42.74674266759082
10456,0.9,42.74674266759082
20681,14.0,42.74674266759082
19560,9.3,4.304999999999999
12418,1.3,42.74674266759082
4866,1.8,42.74674266759082
6036,77.0,42.74674266759082
9378,24.0,42.74674266759082
4194,1.0,42.74674266759082
3323,157.0,42.74674266759082
11093,2.1,42.74674266759082
18502,40.0,42.74674266759082
10669,95.0,42.74674266759082
11367,23.0,42.74674266759082
22884,3.4,42.74674266759082
22048,1.0,42.74674266759082
21438,7.2,42.74674266759082
23076,1.3,42.74674266759082
9938,0.3,2.3750000000000004
3086,1.1,42.74674266759082
23077,1.4,42.74674266759082
724,115.0,42.74674266759082
20432,3.0,42.74674266759082
16790,1.5,42.74674266759082
4744,2.7,42.74674266759082
5841,0.8,42.74674266759082
2945,1.2,42.74674266759082
7580,0.7,42.74674266759082
4929,13.0,42.74674266759082
15457,130.0,42.74674266759082
2032,8.0,42.74674266759082
20526,116.0,42.74674266759082
1903,2.8,42.74674266759082
14980,13.0,42.74674266759082
18888,0.6,4.453000000000001
120,4.9,42.74674266759082
3136,24.0,42.74674266759082
14006,126.0,42.74674266759082
11911,1.7,42.74674266759082
4430,6.5,42.74674266759082
398,127.0,42.74674266759082
16629,118.0,42.74674266759082
9801,38.0,42.74674266759082
23955,5.7,42.74674266759082
11298,1.9,42.74674266759082
15588,2.9,42.74674266759082
7028,2.6,42.74674266759082
15286,7.0,6.331999999999999
17900,4.3,42.74674266759082
3370,1.0,42.74674266759082
15976,3.7,42.74674266759082
3561,114.0,42.74674266759082
10888,108.0,42.74674266759082
434,3.3,42.74674266759082
11111,123.0,42.74674266759082
6328,0.7,42.74674266759082
20725,14.0,42.74674266759082
12475,9.4,42.74674266759082
18855,2.1,42.74674266759082
15943,0.7,114.42100000000002
16769,0.7,42.74674266759082
23618,14.0,42.74674266759082
7446,23.0,42.74674266759082
9918,4.4,42.74674266759082
23981,2.8,42.74674266759082
8074,238.7,42.74674266759082
16238,2.7,42.74674266759082
8506,0.5,42.74674266759082
22972,7.7,42.74674266759082
15841,0.8,42.74674266759082
4367,16.0,42.74674266759082
4490,60.0,42.74674266759082
7074,81.0,42.74674266759082
14628,13.0,42.74674266759082
3212,147.0,42.74674266759082
4978,22.0,42.74674266759082
4878,113.0,42.74674266759082
23741,0.6,42.74674266759082
17240,129.0,42.74674266759082
15646,1.4,42.74674266759082
20594,7.2,42.74674266759082
23006,0.4,42.74674266759082
6103,106.0,42.74674266759082
9375,25.0,42.74674266759082
6638,122.0,42.74674266759082
16376,5.2,42.74674266759082
11702,1.1,42.74674266759082
21714,7.6,42.74674266759082
6239,71.0,42.74674266759082
17527,22.0,42.74674266759082
22940,3.1,42.74674266759082
