,y_test,prediction
306,34.0,42.74674266759085
11387,3.4,42.74674266759085
13530,187.0,42.74674266759085
4632,9.4,42.74674266759085
13998,25.0,42.74674266759085
23642,9.0,42.74674266759085
16094,2.3,42.74674266759085
3217,185.0,42.74674266759085
10857,1.2,42.74674266759085
23218,1.1,42.74674266759085
7152,22.0,42.74674266759085
23594,9.2,42.74674266759085
14625,15.0,42.74674266759085
17995,71.0,42.74674266759085
22549,73.0,42.74674266759085
16808,28.0,42.74674266759085
592,3.1,42.74674266759085
2011,11.0,42.74674266759085
23423,3.2,42.74674266759085
2697,0.9,42.74674266759085
10715,278.0,42.74674266759085
898,342.0,42.74674266759085
9867,24.0,42.74674266759085
2757,8.5,42.74674266759085
4085,7.3,42.74674266759085
3888,34.0,42.74674266759085
17743,1.3,42.74674266759085
6699,2.0,42.74674266759085
21412,36.0,42.74674266759085
20468,362.0,42.74674266759085
13037,73.0,42.74674266759085
1376,18.0,42.74674266759085
9227,2.1,42.74674266759085
649,24.0,42.74674266759085
13608,6.2,42.74674266759085
23187,3.0,42.74674266759085
13102,200.0,42.74674266759085
324,4.9,42.74674266759085
20252,1.1,42.74674266759085
4298,0.8,42.74674266759085
5191,261.0,42.74674266759085
13920,53.0,42.74674266759085
4127,96.0,42.74674266759085
8617,5.0,42.74674266759085
20003,116.0,42.74674266759085
1137,6.7,42.74674266759085
2977,17.0,42.74674266759085
2194,30.0,42.74674266759085
21771,8.1,42.74674266759085
13689,8.1,42.74674266759085
8621,4.6,42.74674266759085
6631,7.5,42.74674266759085
8344,17.0,42.74674266759085
16761,27.0,42.74674266759085
23850,15.0,42.74674266759085
706,80.0,42.74674266759085
22208,13.0,42.74674266759085
11742,22.0,42.74674266759085
3107,63.0,42.74674266759085
19016,2.5,42.74674266759085
20098,54.0,42.74674266759085
22318,170.0,42.74674266759085
7078,10.0,42.74674266759085
6847,2.4,42.74674266759085
19376,118.0,42.74674266759085
16026,146.0,42.74674266759085
19932,190.0,42.74674266759085
17774,6.4,42.74674266759085
7777,0.3,42.74674266759085
2163,1.7,42.74674266759085
14490,188.0,42.74674266759085
18353,63.0,42.74674266759085
17106,0.9,42.74674266759085
9869,42.0,42.74674266759085
22664,3.5,42.74674266759085
4859,0.6,42.74674266759085
14671,11.0,42.74674266759085
2287,96.0,42.74674266759085
22337,4.5,42.74674266759085
14748,46.0,42.74674266759085
11717,1.8,42.74674266759085
3997,2.2,7.011
22269,114.0,42.74674266759085
23011,2.1,42.74674266759085
20697,3.2,4.869124025829438
14136,435.0,42.74674266759085
9460,9.2,42.74674266759085
23969,1.1,42.74674266759085
1707,53.0,42.74674266759085
14885,44.0,42.74674266759085
21233,241.0,42.74674266759085
6321,2.8,42.74674266759085
1380,2.0,42.74674266759085
20820,17.0,42.74674266759085
1621,77.0,42.74674266759085
9494,2.0,42.74674266759085
2815,101.0,42.74674266759085
23882,22.0,42.74674266759085
9716,215.0,42.74674266759085
22406,2.6,42.74674266759085
4268,127.0,42.74674266759085
18760,52.0,42.74674266759085
20918,198.0,42.74674266759085
74,13.0,42.74674266759085
23293,2.3,42.74674266759085
1982,0.9,42.74674266759085
13347,19.0,42.74674266759085
18084,21.0,42.74674266759085
17691,7.5,42.74674266759085
6669,0.6,42.74674266759085
23637,0.4,42.74674266759085
1275,3.0,42.74674266759085
5583,29.0,42.74674266759085
9381,15.0,42.74674266759085
1994,6.3,42.74674266759085
22927,1.4,42.74674266759085
6856,0.3,42.74674266759085
22588,0.4,42.74674266759085
360,3.2,42.74674266759085
1113,2.4,42.74674266759085
23752,1.1,42.74674266759085
20690,2.9,42.74674266759085
11930,44.0,42.74674266759085
9034,0.7,1.352
11932,1.3,42.74674266759085
12221,142.0,42.74674266759085
11555,0.4,42.74674266759085
3449,55.0,42.74674266759085
6553,41.0,42.74674266759085
16614,18.0,42.74674266759085
23468,4.3,42.74674266759085
20879,81.0,42.74674266759085
12856,0.4,42.74674266759085
21244,0.9,1.66
1826,133.0,42.74674266759085
22957,2.6,42.74674266759085
22747,2.7,42.74674266759085
19625,9.2,42.74674266759085
7832,24.0,42.74674266759085
123,3.6,42.74674266759085
22932,0.4,42.74674266759085
12006,15.0,42.74674266759085
5289,14.0,42.74674266759085
18520,1.4,7.980000000000003
13135,37.0,42.74674266759085
8180,26.0,42.74674266759085
22023,0.7,42.74674266759085
3675,0.5,42.74674266759085
4141,0.8,2.5840000000000005
11613,148.0,42.74674266759085
2797,25.0,42.74674266759085
9127,1.7,42.74674266759085
7818,0.4,42.74674266759085
942,2.3,42.74674266759085
15726,41.0,42.74674266759085
11644,209.0,42.74674266759085
16862,0.8,42.74674266759085
9206,82.0,42.74674266759085
16764,89.0,42.74674266759085
308,26.0,42.74674266759085
11906,10.0,42.74674266759085
10214,12.0,42.74674266759085
1447,148.0,42.74674266759085
23972,69.0,42.74674266759085
2223,1.0,42.74674266759085
12744,292.0,42.74674266759085
16686,1.9,42.74674266759085
8730,20.0,42.74674266759085
20655,170.0,42.74674266759085
14742,50.0,42.74674266759085
16462,90.0,42.74674266759085
596,1.7,42.74674266759085
2303,5.7,3.694
19852,17.0,42.74674266759085
13995,38.0,42.74674266759085
23824,4.8,42.74674266759085
21899,14.0,4.03714503239084
22104,91.0,42.74674266759085
20755,1.1,42.74674266759085
19470,17.0,42.74674266759085
7494,1.0,42.74674266759085
4586,2.2,42.74674266759085
968,5.4,42.74674266759085
4321,7.0,42.74674266759085
16065,47.0,42.74674266759085
8768,55.0,42.74674266759085
15596,1.0,42.74674266759085
9906,5.0,42.74674266759085
8873,0.3,42.74674266759085
3216,213.0,42.74674266759085
9271,5.8,42.74674266759085
22924,2.3,42.74674266759085
2811,185.0,42.74674266759085
13942,200.0,42.74674266759085
2921,0.4,42.74674266759085
22574,0.4,42.74674266759085
11473,2.2,42.74674266759085
5311,1.0,1.6639999999999997
9821,167.0,42.74674266759085
4125,84.0,42.74674266759085
14389,1.2,42.74674266759085
2370,116.0,42.74674266759085
19206,0.4,42.74674266759085
21094,170.0,42.74674266759085
6756,6.4,42.74674266759085
22823,70.0,42.74674266759085
16105,0.8,7.558000000000005
17054,2.8,42.74674266759085
22999,4.4,42.74674266759085
13854,1.6,42.74674266759085
18783,0.7,42.74674266759085
18114,2.7,1.2450000000000003
210,0.9,42.74674266759085
2744,119.0,42.74674266759085
5026,133.0,42.74674266759085
1367,1.2,42.74674266759085
17765,17.0,42.74674266759085
10957,0.9,42.74674266759085
8641,3.3,42.74674266759085
14518,103.0,42.74674266759085
23107,0.7,42.74674266759085
5579,17.0,42.74674266759085
23395,6.6,42.74674266759085
7970,2.8,42.74674266759085
11082,2.5,42.74674266759085
4354,6.0,42.74674266759085
8047,0.5,42.74674266759085
6439,48.0,42.74674266759085
2518,134.0,42.74674266759085
22765,1.8,42.74674266759085
6177,0.5,3.385
22975,4.7,42.74674266759085
16049,1.3,42.74674266759085
10206,2.8,42.74674266759085
5075,101.0,42.74674266759085
14851,1.2,42.74674266759085
22170,1.3,42.74674266759085
23895,1.5,42.74674266759085
23788,1.3,42.74674266759085
15577,1.6,42.74674266759085
23191,297.0,42.74674266759085
19375,141.0,42.74674266759085
13603,4.0,42.74674266759085
16166,9.1,42.74674266759085
181,0.9,42.74674266759085
15244,4.1,42.74674266759085
17201,32.0,42.74674266759085
21209,38.0,42.74674266759085
22676,2.6,42.74674266759085
21275,1.7,42.74674266759085
21227,1.0,42.74674266759085
20565,152.0,42.74674266759085
11225,1.9,42.74674266759085
10158,8.1,42.74674266759085
20336,14.0,42.74674266759085
20266,1.0,42.74674266759085
14524,60.0,42.74674266759085
12613,7.9,42.74674266759085
6248,125.0,42.74674266759085
20778,17.0,42.74674266759085
13982,382.0,42.74674266759085
12176,59.0,42.74674266759085
11680,69.0,42.74674266759085
15252,5.3,42.74674266759085
1009,21.0,42.74674266759085
810,39.0,42.74674266759085
21179,0.4,42.74674266759085
10846,91.0,42.74674266759085
22870,20.0,42.74674266759085
22623,3.2,42.74674266759085
21724,46.0,42.74674266759085
6428,6.0,42.74674266759085
9214,24.0,42.74674266759085
7562,27.0,42.74674266759085
12501,8.1,42.74674266759085
401,168.0,42.74674266759085
18977,48.0,42.74674266759085
13338,2.1,42.74674266759085
6656,115.0,42.74674266759085
23649,1.0,42.74674266759085
19359,8.9,42.74674266759085
1648,4.6,42.74674266759085
11539,0.8,42.74674266759085
18839,134.0,42.74674266759085
9197,2.8,42.74674266759085
17221,9.3,42.74674266759085
6258,40.0,42.74674266759085
4371,28.0,42.74674266759085
19130,134.0,42.74674266759085
5494,68.0,42.74674266759085
17443,12.0,42.74674266759085
18385,1.2,42.74674266759085
3038,21.0,42.74674266759085
14265,1.8,42.74674266759085
1306,6.5,42.74674266759085
7806,1.0,42.74674266759085
23105,2.0,42.74674266759085
11443,1.1,42.74674266759085
11758,6.5,42.74674266759085
17204,28.0,42.74674266759085
8928,0.5,42.74674266759085
16729,6.3,42.74674266759085
20600,6.3,42.74674266759085
6830,75.0,42.74674266759085
19622,313.0,42.74674266759085
13600,2.6,42.74674266759085
19013,4.3,42.74674266759085
1350,34.0,42.74674266759085
15084,21.0,42.74674266759085
14716,10.0,42.74674266759085
11633,6.2,3.9859999999999998
7591,0.4,42.74674266759085
11109,82.0,42.74674266759085
19475,6.5,42.74674266759085
11719,0.3,42.74674266759085
3158,48.0,42.74674266759085
15538,89.0,42.74674266759085
516,43.0,42.74674266759085
22799,1.6,42.74674266759085
23801,1.7,42.74674266759085
2509,94.0,42.74674266759085
4393,8.3,42.74674266759085
23940,10.0,42.74674266759085
13436,1.3,42.74674266759085
13201,274.0,42.74674266759085
10694,88.0,42.74674266759085
14458,5.2,42.74674266759085
21117,1.1,2.055
17235,6.4,42.74674266759085
9500,11.0,42.74674266759085
19502,12.0,42.74674266759085
16191,0.9,42.74674266759085
20188,11.0,42.74674266759085
12720,1.6,42.74674266759085
9798,42.0,42.74674266759085
7081,84.0,42.74674266759085
7720,10.0,42.74674266759085
17999,62.0,42.74674266759085
658,4.7,42.74674266759085
6334,7.2,42.74674266759085
21531,0.6,42.74674266759085
6218,4.5,42.74674266759085
20924,0.8,42.74674266759085
16602,115.0,42.74674266759085
18257,4.5,42.74674266759085
18661,0.7,42.74674266759085
3396,49.0,42.74674266759085
10550,7.6,31.772
18597,112.0,42.74674266759085
19007,18.0,42.74674266759085
948,23.0,42.74674266759085
20939,134.0,42.74674266759085
21014,30.0,42.74674266759085
3817,2.1,42.74674266759085
16577,36.0,42.74674266759085
6975,38.0,42.74674266759085
7281,66.0,42.74674266759085
23411,14.0,42.74674266759085
18876,83.0,42.74674266759085
50,1.2,42.74674266759085
11974,53.0,42.74674266759085
16122,57.0,42.74674266759085
10119,0.9,42.74674266759085
6895,129.0,42.74674266759085
9686,6.6,42.74674266759085
6802,313.0,42.74674266759085
20321,9.8,42.74674266759085
11603,57.0,42.74674266759085
22087,6.4,42.74674266759085
18830,79.0,42.74674266759085
16069,22.0,42.74674266759085
9958,0.8,42.74674266759085
17414,0.6,42.74674266759085
2463,62.0,42.74674266759085
20887,222.0,42.74674266759085
16646,155.0,42.74674266759085
9306,86.0,42.74674266759085
10989,2.6,42.74674266759085
11745,90.0,42.74674266759085
7968,6.7,42.74674266759085
18954,1.0,6.142
17353,86.0,42.74674266759085
10765,8.0,42.74674266759085
17719,0.4,42.74674266759085
23505,19.0,42.74674266759085
15421,12.0,42.74674266759085
22781,10.0,42.74674266759085
1710,66.0,42.74674266759085
41,248.0,42.74674266759085
14903,109.0,42.74674266759085
14911,148.0,42.74674266759085
8377,0.5,42.74674266759085
23630,0.9,42.74674266759085
22758,0.4,42.74674266759085
2979,12.0,42.74674266759085
2203,40.0,42.74674266759085
2262,19.0,42.74674266759085
22917,21.0,42.74674266759085
266,165.0,42.74674266759085
22779,0.4,42.74674266759085
13016,4.6,42.74674266759085
23023,6.7,42.74674266759085
18607,23.0,42.74674266759085
8847,0.6,42.74674266759085
23479,19.0,42.74674266759085
3513,43.0,42.74674266759085
2705,13.0,42.74674266759085
20408,20.0,42.74674266759085
9637,198.0,42.74674266759085
5340,2.5,42.74674266759085
4834,1.5,42.74674266759085
2073,29.0,42.74674266759085
339,169.0,42.74674266759085
21607,4.1,42.74674266759085
13228,52.0,42.74674266759085
6226,314.0,42.74674266759085
12047,3.9,42.74674266759085
3804,11.0,42.74674266759085
20427,0.4,42.74674266759085
22327,183.0,42.74674266759085
21535,0.3,42.74674266759085
15098,9.0,3.1560000000000015
3188,1.0,42.74674266759085
20874,137.0,42.74674266759085
8939,1.4,42.74674266759085
1760,0.4,5.150000000000002
23588,0.7,42.74674266759085
3976,0.5,42.74674266759085
1539,40.0,42.74674266759085
20586,0.6,42.74674266759085
6029,14.0,42.74674266759085
7746,0.7,42.74674266759085
17374,288.0,42.74674266759085
18179,3.1,42.74674266759085
13781,20.0,42.74674266759085
7729,0.3,4.1659999999999995
15235,1.3,42.74674266759085
16567,3.7,42.74674266759085
17702,4.8,42.74674266759085
7283,156.0,42.74674266759085
16777,1.4,42.74674266759085
2195,45.0,42.74674266759085
18014,11.0,42.74674266759085
2998,24.0,42.74674266759085
3961,0.8,42.74674266759085
10252,48.0,42.74674266759085
22460,1.5,42.74674266759085
718,22.0,42.74674266759085
10588,5.7,42.74674266759085
23259,2.8,42.74674266759085
20990,0.7,2.5129999999999995
22325,188.0,42.74674266759085
12168,72.0,42.74674266759085
2399,55.0,42.74674266759085
16127,328.0,42.74674266759085
12210,163.0,42.74674266759085
18719,2.4,42.74674266759085
3198,55.0,42.74674266759085
8632,1.6,42.74674266759085
14101,10.0,42.74674266759085
1124,45.0,42.74674266759085
1193,26.0,42.74674266759085
1962,312.0,42.74674266759085
6593,7.3,42.74674266759085
809,36.0,42.74674266759085
16742,9.6,42.74674266759085
13126,59.0,42.74674266759085
22527,268.0,42.74674266759085
8293,315.0,42.74674266759085
5985,27.0,42.74674266759085
9341,11.0,42.74674266759085
2516,113.0,42.74674266759085
15197,9.5,42.74674266759085
21515,6.2,42.74674266759085
11651,1.4,42.74674266759085
8649,0.4,8.929
3211,3.2,42.74674266759085
17829,1.4,42.74674266759085
21682,2.3,42.74674266759085
7843,35.0,42.74674266759085
17524,36.0,42.74674266759085
13219,50.0,42.74674266759085
17931,12.0,42.74674266759085
4598,1.3,42.74674266759085
6695,45.0,42.74674266759085
5532,7.8,42.74674266759085
2092,4.5,42.74674266759085
2969,146.0,42.74674266759085
23205,5.7,42.74674266759085
23056,0.5,42.74674266759085
43,4.2,42.74674266759085
22415,1.3,42.74674266759085
1457,1.6,42.74674266759085
18615,6.6,42.74674266759085
16835,0.6,42.74674266759085
3529,67.0,42.74674266759085
20105,38.0,42.74674266759085
15536,266.0,42.74674266759085
8375,0.8,42.74674266759085
1530,2.2,3.290816454281245
7851,14.0,42.74674266759085
8072,237.0,42.74674266759085
7712,12.0,42.74674266759085
14868,11.0,42.74674266759085
15476,26.0,42.74674266759085
13926,2.7,17.17
14873,88.0,42.74674266759085
17617,38.0,42.74674266759085
20027,62.0,42.74674266759085
13439,18.0,15.331999999999999
2989,20.0,42.74674266759085
4135,214.0,42.74674266759085
11535,1.0,42.74674266759085
20560,87.0,42.74674266759085
4738,0.7,42.74674266759085
16227,3.5,42.74674266759085
10123,0.9,42.74674266759085
21096,112.0,42.74674266759085
23806,1.0,42.74674266759085
11460,2.9,42.74674266759085
14128,266.0,42.74674266759085
19732,14.0,42.74674266759085
2603,6.6,42.74674266759085
27,8.7,42.74674266759085
20503,1.4,42.74674266759085
17108,0.8,42.74674266759085
10531,30.0,42.74674266759085
7760,82.0,42.74674266759085
2449,69.0,42.74674266759085
3570,19.0,42.74674266759085
16029,92.0,42.74674266759085
1783,5.7,2.133000000000001
159,6.7,42.74674266759085
12111,7.5,42.74674266759085
195,43.0,42.74674266759085
21198,23.0,42.74674266759085
6951,2.8,42.74674266759085
7566,30.0,42.74674266759085
11942,8.2,42.74674266759085
8581,33.0,42.74674266759085
18406,229.0,42.74674266759085
20413,312.0,42.74674266759085
5329,130.0,42.74674266759085
14219,200.0,42.74674266759085
260,17.0,42.74674266759085
23668,0.3,42.74674266759085
13514,42.0,42.74674266759085
14635,6.9,42.74674266759085
22864,1.7,42.74674266759085
20420,405.0,42.74674266759085
4732,0.9,42.74674266759085
15566,2.0,42.74674266759085
2799,11.0,42.74674266759085
19859,0.7,42.74674266759085
22021,7.2,42.74674266759085
11217,0.9,42.74674266759085
15181,0.8,42.74674266759085
10072,140.0,42.74674266759085
11612,35.0,42.74674266759085
5512,67.0,42.74674266759085
15080,60.0,42.74674266759085
15869,188.0,42.74674266759085
8985,83.0,42.74674266759085
13152,1.2,42.74674266759085
12997,0.4,42.74674266759085
20013,50.0,42.74674266759085
11573,1.5,42.74674266759085
21507,2.5,42.74674266759085
15626,31.0,42.74674266759085
21854,0.7,42.74674266759085
6956,112.0,42.74674266759085
14049,1.3,42.74674266759085
1997,3.6,42.74674266759085
13095,274.0,42.74674266759085
8948,13.0,42.74674266759085
1280,1.2,42.74674266759085
1300,20.0,42.74674266759085
14375,72.0,42.74674266759085
11902,8.5,42.74674266759085
21741,81.0,42.74674266759085
5506,206.0,42.74674266759085
23297,1.3,42.74674266759085
11866,0.5,42.74674266759085
12253,2.7,42.74674266759085
13032,0.8,42.74674266759085
1012,11.0,42.74674266759085
7701,28.0,42.74674266759085
10833,0.6,42.74674266759085
7126,4.7,42.74674266759085
7593,0.8,42.74674266759085
18907,308.0,42.74674266759085
18051,4.1,42.74674266759085
6275,4.6,42.74674266759085
18947,76.0,42.74674266759085
15573,0.7,42.74674266759085
15464,0.9,42.74674266759085
6403,0.6,42.74674266759085
23189,0.8,42.74674266759085
4638,58.0,42.74674266759085
23529,1.4,42.74674266759085
23966,2.3,42.74674266759085
1406,1.4,42.74674266759085
14449,0.5,3.3759999999999994
22728,55.0,42.74674266759085
14026,3.6,42.74674266759085
20555,34.0,42.74674266759085
12877,1.3,42.74674266759085
9769,4.6,8.604000000000006
22291,0.7,24.9685182886278
3125,18.0,42.74674266759085
10423,50.0,42.74674266759085
1090,44.0,42.74674266759085
14573,66.0,42.74674266759085
12054,6.2,42.74674266759085
17653,0.9,42.74674266759085
15764,1.2,42.74674266759085
19228,8.0,42.74674266759085
18090,3.4,42.74674266759085
14371,2.4,3.3700000000000006
2680,3.6,42.74674266759085
10110,235.0,42.74674266759085
3847,4.9,42.74674266759085
11669,20.0,42.74674266759085
3470,3.4,42.74674266759085
16972,5.2,42.74674266759085
9443,16.0,42.74674266759085
19142,1.2,42.74674266759085
2447,186.0,42.74674266759085
6637,120.0,42.74674266759085
1335,73.0,42.74674266759085
4483,1.4,42.74674266759085
5148,0.8,42.74674266759085
569,20.0,42.74674266759085
10573,0.8,42.74674266759085
5462,2.1,42.74674266759085
1240,15.0,42.74674266759085
1904,47.0,42.74674266759085
7290,3.3,42.74674266759085
19966,38.0,42.74674266759085
9664,65.0,42.74674266759085
23430,8.5,42.74674266759085
6019,13.0,42.74674266759085
22152,1.5,42.74674266759085
9986,6.2,42.74674266759085
3603,17.0,42.74674266759085
18950,257.0,42.74674266759085
16755,2.1,42.74674266759085
8739,4.5,42.74674266759085
4763,215.0,42.74674266759085
7898,233.0,42.74674266759085
9886,19.0,42.74674266759085
18965,2.2,42.74674266759085
23492,1.9,42.74674266759085
4677,166.0,42.74674266759085
21556,3.6,42.74674266759085
20631,59.0,42.74674266759085
9584,38.0,42.74674266759085
14548,211.0,42.74674266759085
23000,3.9,42.74674266759085
22916,15.0,42.74674266759085
6354,3.6,42.74674266759085
18765,47.0,42.74674266759085
1453,191.0,42.74674266759085
4551,53.0,42.74674266759085
4405,1.6,6.1930000000000005
21815,4.5,42.74674266759085
1569,2.1,42.74674266759085
14239,1.8,2.8709999999999996
23836,3.3,42.74674266759085
21664,112.0,42.74674266759085
1773,12.0,42.74674266759085
4717,1.1,42.74674266759085
10674,1.7,1.4670000000000007
5355,30.0,42.74674266759085
20581,1.0,42.74674266759085
18236,9.4,42.74674266759085
497,80.0,42.74674266759085
403,80.0,42.74674266759085
17954,0.4,42.74674266759085
23328,56.0,42.74674266759085
5862,5.5,42.74674266759085
14177,8.7,14.807
2033,34.0,42.74674266759085
9339,15.0,42.74674266759085
9300,1.0,42.74674266759085
12533,1.0,42.74674266759085
530,36.0,42.74674266759085
23669,0.7,42.74674266759085
16739,19.0,42.74674266759085
3214,206.0,42.74674266759085
21912,0.9,42.74674266759085
22543,1.9,42.74674266759085
23091,0.5,42.74674266759085
6383,0.8,42.74674266759085
23331,1.6,42.74674266759085
15693,4.6,42.74674266759085
10719,175.0,42.74674266759085
7982,1.1,42.74674266759085
6362,0.5,42.74674266759085
17086,172.0,42.74674266759085
4137,274.0,42.74674266759085
8438,14.0,42.74674266759085
7572,4.9,42.74674266759085
6425,11.0,42.74674266759085
19655,0.4,42.74674266759085
549,80.0,42.74674266759085
1562,15.0,42.74674266759085
12483,3.5,42.74674266759085
14889,93.0,42.74674266759085
13722,47.0,42.74674266759085
489,1.5,42.74674266759085
23438,1.7,42.74674266759085
2488,159.0,42.74674266759085
5738,34.0,42.74674266759085
4202,8.2,42.74674266759085
1750,18.0,42.74674266759085
10008,3.8,42.74674266759085
5471,1.0,42.74674266759085
17145,102.0,42.74674266759085
14314,10.0,42.74674266759085
4872,91.0,42.74674266759085
19970,49.0,42.74674266759085
15531,130.0,42.74674266759085
12394,0.4,42.74674266759085
15494,1.2,42.74674266759085
1095,5.0,42.74674266759085
7304,5.2,42.74674266759085
16553,12.0,42.74674266759085
1884,6.9,42.74674266759085
6173,41.0,42.74674266759085
19269,3.0,42.74674266759085
11490,2.6,42.74674266759085
4905,196.0,42.74674266759085
14564,0.4,42.74674266759085
20070,0.4,6.036999999999997
17017,1.5,42.74674266759085
13214,29.0,42.74674266759085
4117,1.2,42.74674266759085
5143,34.0,42.74674266759085
22316,2.0,42.74674266759085
16865,5.0,42.74674266759085
23461,6.9,42.74674266759085
7787,3.0,42.74674266759085
1722,79.0,42.74674266759085
21235,218.0,42.74674266759085
11273,33.0,2.407000000000001
2595,94.0,42.74674266759085
9116,1.6,42.74674266759085
10787,367.0,42.74674266759085
5596,13.0,42.74674266759085
13830,3.4,42.74674266759085
17048,7.0,42.74674266759085
3457,40.0,42.74674266759085
12968,54.0,42.74674266759085
2406,52.0,42.74674266759085
19636,2.3,42.74674266759085
6444,4.1,42.74674266759085
9996,0.7,42.74674266759085
12212,199.0,42.74674266759085
18602,80.0,42.74674266759085
11503,54.0,42.74674266759085
8817,4.9,42.74674266759085
14212,180.0,42.74674266759085
9132,7.9,42.74674266759085
14476,0.4,42.74674266759085
13030,2.0,42.74674266759085
19177,2.2,42.74674266759085
7764,18.0,42.74674266759085
846,0.6,42.74674266759085
21384,0.9,6.0409999999999995
11410,11.0,42.74674266759085
1778,45.0,42.74674266759085
5622,16.0,42.74674266759085
5825,1.3,42.74674266759085
22993,1.6,42.74674266759085
8406,4.0,42.74674266759085
23253,0.8,42.74674266759085
435,4.4,42.74674266759085
17059,2.0,3.552999999999999
5412,1.2,42.74674266759085
12705,1.7,42.74674266759085
4823,21.0,42.74674266759085
4272,0.5,42.74674266759085
15590,0.9,42.74674266759085
15343,32.0,42.74674266759085
20195,1.7,42.74674266759085
7120,0.4,42.74674266759085
18128,1.9,42.74674266759085
22860,0.7,42.74674266759085
13930,5.3,42.74674266759085
12154,41.0,42.74674266759085
11066,30.0,42.74674266759085
9211,34.0,42.74674266759085
20255,0.4,42.74674266759085
22712,2.0,42.74674266759085
1821,227.0,42.74674266759085
13609,12.0,42.74674266759085
11792,20.0,42.74674266759085
11565,0.6,2.926999999999999
429,1.7,42.74674266759085
11840,1.3,42.74674266759085
115,2.9,42.74674266759085
4766,172.0,42.74674266759085
7793,170.0,42.74674266759085
12242,7.5,42.74674266759085
11550,2.2,42.74674266759085
2988,22.0,42.74674266759085
5753,0.9,42.74674266759085
2392,165.0,42.74674266759085
21408,33.0,42.74674266759085
6784,71.0,42.74674266759085
8610,7.3,42.74674266759085
9528,2.9,42.74674266759085
21879,0.6,42.74674266759085
15672,2.3,42.74674266759085
14703,1.2,42.74674266759085
15563,0.4,42.74674266759085
16601,115.0,42.74674266759085
23387,6.1,42.74674266759085
18578,5.3,42.74674266759085
7203,14.0,42.74674266759085
23641,28.0,42.74674266759085
13661,146.0,42.74674266759085
714,30.0,42.74674266759085
4413,1.2,42.74674266759085
8367,2.1,42.74674266759085
6818,175.0,42.74674266759085
22669,15.0,42.74674266759085
8528,1.2,42.74674266759085
14246,129.0,42.74674266759085
21188,0.5,13.077000000000004
19733,11.0,42.74674266759085
8171,8.4,42.74674266759085
9379,27.0,42.74674266759085
344,2.2,42.74674266759085
6835,32.0,42.74674266759085
8562,6.5,42.74674266759085
4691,28.0,42.74674266759085
8792,52.0,42.74674266759085
2514,133.0,42.74674266759085
275,60.0,42.74674266759085
19570,10.0,42.74674266759085
6243,0.6,42.74674266759085
18043,6.3,42.74674266759085
14538,2.4,42.74674266759085
4862,2.6,42.74674266759085
3043,6.5,42.74674266759085
1258,1.3,42.74674266759085
18272,46.0,42.74674266759085
1879,0.8,3.931000000000002
1977,16.0,42.74674266759085
15701,3.6,42.74674266759085
4114,4.8,10.023
1805,0.4,42.74674266759085
10893,267.0,42.74674266759085
19618,313.0,42.74674266759085
14511,43.0,42.74674266759085
13149,149.0,42.74674266759085
2371,173.0,42.74674266759085
8965,0.4,3.9020000000000006
1081,0.9,42.74674266759085
17172,62.0,42.74674266759085
1515,133.0,42.74674266759085
11799,114.0,42.74674266759085
4509,9.5,42.74674266759085
23872,78.0,42.74674266759085
14759,11.0,42.74674266759085
4097,0.3,42.74674266759085
16941,1.6,42.74674266759085
22593,1.2,42.74674266759085
13399,22.0,42.74674266759085
13034,4.4,42.74674266759085
9737,4.3,42.74674266759085
18407,205.0,42.74674266759085
20102,39.0,42.74674266759085
2266,25.0,42.74674266759085
8937,1.9,42.74674266759085
20364,11.0,42.74674266759085
7316,4.5,42.74674266759085
10509,1.1,42.74674266759085
21389,2.3,42.74674266759085
8173,7.8,42.74674266759085
8181,102.0,42.74674266759085
10986,9.9,42.74674266759085
13715,80.0,42.74674266759085
22831,5.3,42.74674266759085
573,17.0,42.74674266759085
15705,0.5,42.74674266759085
23516,0.7,42.74674266759085
14799,3.2,42.74674266759085
22881,3.1,42.74674266759085
17270,118.0,42.74674266759085
12899,8.9,42.74674266759085
6215,19.0,42.74674266759085
15049,0.9,42.74674266759085
11674,25.0,42.74674266759085
19638,3.9,42.74674266759085
22003,5.8,42.74674266759085
21692,14.0,42.74674266759085
23470,0.4,42.74674266759085
2980,9.9,42.74674266759085
4940,2.0,42.74674266759085
9384,0.4,42.74674266759085
5052,0.5,42.74674266759085
23031,0.4,42.74674266759085
23868,7.5,42.74674266759085
4789,7.8,42.74674266759085
20689,1.3,2.8729999999999993
6416,0.6,2.1150000000000007
2042,0.7,42.74674266759085
17838,3.1,42.74674266759085
17629,8.0,42.74674266759085
13902,323.0,42.74674266759085
1988,0.7,42.74674266759085
19579,15.0,42.74674266759085
4512,11.0,42.74674266759085
22622,0.3,42.74674266759085
3202,51.0,42.74674266759085
23057,7.1,42.74674266759085
20340,15.0,8.425124025829437
3540,106.0,42.74674266759085
11796,138.0,42.74674266759085
15788,1.0,42.74674266759085
8999,2.0,42.74674266759085
17786,33.0,42.74674266759085
1474,4.6,42.74674266759085
1106,269.0,42.74674266759085
728,138.0,42.74674266759085
11071,11.0,42.74674266759085
12024,2.3,42.74674266759085
12903,4.8,42.74674266759085
15543,212.0,42.74674266759085
941,3.0,42.74674266759085
10866,5.2,42.74674266759085
6577,1.3,42.74674266759085
9977,1.9,42.74674266759085
4080,13.0,42.74674266759085
16087,40.0,42.74674266759085
16084,21.0,42.74674266759085
22494,2.3,42.74674266759085
16031,34.0,42.74674266759085
15391,44.0,42.74674266759085
20707,26.0,42.74674266759085
10667,179.0,42.74674266759085
9209,58.0,42.74674266759085
15631,21.0,42.74674266759085
20117,1.5,2.1189999999999998
1253,0.6,42.74674266759085
10937,51.0,42.74674266759085
2241,1.2,42.74674266759085
17453,7.2,42.74674266759085
15465,0.7,42.74674266759085
12077,7.2,42.74674266759085
18496,164.0,42.74674266759085
10017,19.0,42.74674266759085
15519,3.3,42.74674266759085
4133,227.0,42.74674266759085
23738,3.2,42.74674266759085
5887,5.0,5.335999999999999
6937,256.0,42.74674266759085
10699,112.0,42.74674266759085
16781,78.0,42.74674266759085
15198,7.7,42.74674266759085
19187,61.0,42.74674266759085
18539,171.0,42.74674266759085
17645,7.2,42.74674266759085
5638,2.0,42.74674266759085
4426,1.7,42.74674266759085
4723,265.0,42.74674266759085
23181,2.0,42.74674266759085
20320,11.0,42.74674266759085
15426,0.6,42.74674266759085
5238,230.0,42.74674266759085
5389,1.4,42.74674266759085
18933,1.6,42.74674266759085
3691,8.2,42.74674266759085
2493,2.0,42.74674266759085
9666,96.0,42.74674266759085
8694,126.0,42.74674266759085
7039,4.2,3.626999999999998
21894,2.1,12.80400000000001
12561,2.0,42.74674266759085
12053,7.8,42.74674266759085
18623,0.9,29.809883447817423
14147,371.0,42.74674266759085
22324,190.0,42.74674266759085
2088,0.6,42.74674266759085
14471,118.0,42.74674266759085
17247,40.0,42.74674266759085
1166,30.0,42.74674266759085
8729,29.0,42.74674266759085
19495,5.9,42.74674266759085
8789,57.0,42.74674266759085
6185,0.8,42.74674266759085
20613,8.1,42.74674266759085
2783,12.0,42.74674266759085
15612,23.0,42.74674266759085
19813,0.5,42.74674266759085
427,4.9,42.74674266759085
23414,3.0,42.74674266759085
11268,4.4,42.74674266759085
12422,2.6,42.74674266759085
13927,5.3,42.74674266759085
19459,21.0,42.74674266759085
4604,29.0,42.74674266759085
3769,158.0,42.74674266759085
8264,126.0,42.74674266759085
15888,0.8,42.74674266759085
12263,4.0,42.74674266759085
6765,2.0,42.74674266759085
4644,56.0,42.74674266759085
15804,5.2,42.74674266759085
23369,12.0,42.74674266759085
13564,11.0,42.74674266759085
13556,38.0,42.74674266759085
8011,0.3,5.142
19046,231.0,42.74674266759085
5877,4.7,42.74674266759085
16067,31.0,42.74674266759085
7343,9.2,42.74674266759085
22321,177.0,42.74674266759085
8696,119.0,42.74674266759085
7244,8.7,42.74674266759085
23781,1.1,42.74674266759085
1737,10.0,42.74674266759085
8888,1.5,42.74674266759085
14283,3.5,42.74674266759085
14464,259.0,42.74674266759085
2299,2.6,42.74674266759085
2014,38.0,42.74674266759085
6829,76.0,42.74674266759085
542,3.7,42.74674266759085
17624,25.0,42.74674266759085
15270,27.0,42.74674266759085
21674,1.6,42.74674266759085
8851,17.0,42.74674266759085
2465,172.0,42.74674266759085
4145,0.6,42.74674266759085
14572,59.0,42.74674266759085
2060,6.3,42.74674266759085
11221,0.6,42.74674266759085
15683,3.9,42.74674266759085
13875,5.1,42.74674266759085
9847,0.7,42.74674266759085
2878,11.0,42.74674266759085
7108,1.6,42.74674266759085
4091,6.7,42.74674266759085
6118,0.6,42.74674266759085
11430,99.0,42.74674266759085
5248,54.0,42.74674266759085
4266,155.0,42.74674266759085
9598,2.1,42.74674266759085
19926,6.4,42.74674266759085
11873,0.7,42.74674266759085
10928,3.3,4.101
8658,0.9,42.74674266759085
11511,5.7,42.74674266759085
1415,1.0,42.74674266759085
21626,2.5,42.74674266759085
12122,0.5,42.74674266759085
23879,65.0,42.74674266759085
5822,0.9,2.696
7118,0.4,42.74674266759085
20182,3.3,42.74674266759085
17003,159.0,42.74674266759085
8162,1.2,42.74674266759085
19363,0.4,42.74674266759085
2891,9.0,42.74674266759085
3045,8.6,42.74674266759085
1233,111.0,42.74674266759085
1305,8.8,42.74674266759085
13594,6.4,42.74674266759085
19184,92.0,42.74674266759085
22970,0.4,42.74674266759085
7089,39.0,42.74674266759085
4673,12.0,42.74674266759085
20901,6.9,42.74674266759085
20484,4.9,42.74674266759085
279,47.0,42.74674266759085
22587,4.1,42.74674266759085
2812,163.0,42.74674266759085
15118,5.5,42.74674266759085
4072,3.6,42.74674266759085
11861,0.5,42.74674266759085
11713,13.0,42.74674266759085
22705,5.8,42.74674266759085
2950,0.8,42.74674266759085
6359,1.4,42.74674266759085
10085,75.0,42.74674266759085
11356,4.7,42.74674266759085
22790,0.7,42.74674266759085
4546,61.0,42.74674266759085
5316,16.0,42.74674266759085
17886,23.0,42.74674266759085
12318,72.0,42.74674266759085
17382,0.4,42.74674266759085
15988,9.8,42.74674266759085
3893,2.0,42.74674266759085
4708,4.2,42.74674266759085
20979,1.5,42.74674266759085
20815,49.0,42.74674266759085
4809,7.1,42.74674266759085
21723,62.0,42.74674266759085
1440,108.0,42.74674266759085
14293,16.0,42.74674266759085
3587,1.5,42.74674266759085
13255,41.0,42.74674266759085
199,5.5,42.74674266759085
23856,3.0,42.74674266759085
21313,7.6,42.74674266759085
1860,2.3,42.74674266759085
6837,2.4,42.74674266759085
18537,159.0,42.74674266759085
10456,0.9,42.74674266759085
20681,14.0,42.74674266759085
19560,9.3,3.591
12418,1.3,42.74674266759085
4866,1.8,42.74674266759085
6036,77.0,42.74674266759085
9378,24.0,42.74674266759085
4194,1.0,42.74674266759085
3323,157.0,42.74674266759085
11093,2.1,42.74674266759085
18502,40.0,42.74674266759085
10669,95.0,42.74674266759085
11367,23.0,42.74674266759085
22884,3.4,42.74674266759085
22048,1.0,42.74674266759085
21438,7.2,42.74674266759085
23076,1.3,42.74674266759085
9938,0.3,2.792000000000001
3086,1.1,42.74674266759085
23077,1.4,42.74674266759085
724,115.0,42.74674266759085
20432,3.0,42.74674266759085
16790,1.5,42.74674266759085
4744,2.7,42.74674266759085
5841,0.8,42.74674266759085
2945,1.2,42.74674266759085
7580,0.7,42.74674266759085
4929,13.0,42.74674266759085
15457,130.0,42.74674266759085
2032,8.0,42.74674266759085
20526,116.0,42.74674266759085
1903,2.8,42.74674266759085
14980,13.0,42.74674266759085
18888,0.6,4.522999999999999
120,4.9,42.74674266759085
3136,24.0,42.74674266759085
14006,126.0,42.74674266759085
11911,1.7,42.74674266759085
4430,6.5,42.74674266759085
398,127.0,42.74674266759085
16629,118.0,42.74674266759085
9801,38.0,42.74674266759085
23955,5.7,42.74674266759085
11298,1.9,42.74674266759085
15588,2.9,42.74674266759085
7028,2.6,42.74674266759085
15286,7.0,10.009999999999998
17900,4.3,42.74674266759085
3370,1.0,42.74674266759085
15976,3.7,42.74674266759085
3561,114.0,42.74674266759085
10888,108.0,42.74674266759085
434,3.3,42.74674266759085
11111,123.0,42.74674266759085
6328,0.7,42.74674266759085
20725,14.0,42.74674266759085
12475,9.4,42.74674266759085
18855,2.1,42.74674266759085
15943,0.7,105.80799999999998
16769,0.7,42.74674266759085
23618,14.0,42.74674266759085
7446,23.0,42.74674266759085
9918,4.4,42.74674266759085
23981,2.8,42.74674266759085
8074,238.7,42.74674266759085
16238,2.7,42.74674266759085
8506,0.5,42.74674266759085
22972,7.7,42.74674266759085
15841,0.8,42.74674266759085
4367,16.0,42.74674266759085
4490,60.0,42.74674266759085
7074,81.0,42.74674266759085
14628,13.0,42.74674266759085
3212,147.0,42.74674266759085
4978,22.0,42.74674266759085
4878,113.0,42.74674266759085
23741,0.6,42.74674266759085
17240,129.0,42.74674266759085
15646,1.4,42.74674266759085
20594,7.2,42.74674266759085
23006,0.4,42.74674266759085
6103,106.0,42.74674266759085
9375,25.0,42.74674266759085
6638,122.0,42.74674266759085
16376,5.2,42.74674266759085
11702,1.1,42.74674266759085
21714,7.6,42.74674266759085
6239,71.0,42.74674266759085
17527,22.0,42.74674266759085
22940,3.1,42.74674266759085
