,y_test,prediction
23700,3.9,3.9241881918819184
19000,3.8,3.9241881918819184
23938,3.4,3.9241881918819184
1960,3.9,3.9241881918819184
4980,3.8,3.9241881918819184
15865,3.9,3.9241881918819184
5890,4.1,3.9241881918819184
4348,3.9,3.9241881918819184
173,3.7,3.9241881918819184
8039,3.7,3.9241881918819184
13675,4.0,3.9241881918819184
15705,4.4,3.9241881918819184
18424,3.7,3.9241881918819184
22970,4.0,3.9241881918819184
2512,3.7,3.9241881918819184
8080,3.7,3.9241881918819184
5113,3.7,3.9241881918819184
15136,3.3,3.9241881918819184
10517,4.0,3.9241881918819184
18043,3.7,3.9241881918819184
3991,3.6,3.9241881918819184
21912,3.6,3.9241881918819184
18801,4.2,3.9241881918819184
18527,4.7,3.9241881918819184
20994,3.9,3.9241881918819184
6567,4.2,3.9241881918819184
8764,4.2,3.9241881918819184
21274,3.8,3.9241881918819184
4268,4.1,3.9241881918819184
2779,4.1,3.9241881918819184
13836,3.8,3.9241881918819184
22107,4.5,3.9241881918819184
17966,3.5,3.9241881918819184
2018,3.6,3.9241881918819184
15995,3.9,3.9241881918819184
15088,3.9,3.9241881918819184
7184,4.0,3.9241881918819184
7155,4.1,3.9241881918819184
13583,4.0,3.9241881918819184
17956,4.0,3.9241881918819184
17434,4.2,3.9241881918819184
17277,3.8,3.9241881918819184
15007,5.0,3.9241881918819184
18718,4.2,3.9241881918819184
18335,3.9,3.9241881918819184
3626,3.9,3.9241881918819184
6577,3.6,3.9241881918819184
2153,4.0,3.9241881918819184
23668,4.6,3.9241881918819184
18358,4.1,3.9241881918819184
20095,3.7,3.9241881918819184
14905,4.3,3.9241881918819184
17918,4.5,3.9241881918819184
9657,4.0,3.9241881918819184
654,4.0,3.9241881918819184
13300,3.8,3.9241881918819184
12886,4.0,3.9241881918819184
11551,3.8,3.9241881918819184
13381,4.2,3.9241881918819184
858,3.8,3.9241881918819184
4094,4.4,3.9241881918819184
13902,4.4,3.9241881918819184
10488,3.9,3.9241881918819184
12999,3.8,3.9241881918819184
15768,4.3,3.9241881918819184
13872,4.3,3.9241881918819184
20979,3.2,3.9241881918819184
3923,3.3,3.9241881918819184
21941,4.4,3.9241881918819184
16962,3.7,3.9241881918819184
11256,3.7,3.9241881918819184
23395,3.6,3.9241881918819184
4586,4.2,3.9241881918819184
1567,3.6,3.9241881918819184
10789,3.7,3.9241881918819184
17322,3.7,3.9241881918819184
22541,3.9,3.9241881918819184
15967,3.4,3.9241881918819184
10614,3.3,3.9241881918819184
20671,4.0,3.9241881918819184
9906,4.2,3.9241881918819184
14838,3.8,3.9241881918819184
8663,4.0,3.9241881918819184
500,4.3,3.9241881918819184
919,4.0,3.9241881918819184
9831,3.9,3.9241881918819184
12786,3.7,3.9241881918819184
1233,4.9,3.9241881918819184
12049,4.0,3.9241881918819184
6960,3.5,3.9241881918819184
6931,4.6,3.9241881918819184
18807,4.1,3.9241881918819184
5745,3.9,3.9241881918819184
4256,3.8,3.9241881918819184
20040,4.2,3.9241881918819184
3797,4.0,3.9241881918819184
351,3.6,3.9241881918819184
6429,3.5,3.9241881918819184
11541,3.5,3.9241881918819184
15481,4.0,3.9241881918819184
8454,4.8,3.9241881918819184
7336,4.0,3.9241881918819184
809,3.7,3.9241881918819184
9336,3.9,3.9241881918819184
16857,4.3,3.9241881918819184
849,3.9,3.9241881918819184
23957,4.2,3.9241881918819184
1816,3.3,3.9241881918819184
1973,3.6,3.9241881918819184
20406,3.8,3.9241881918819184
885,3.8,3.9241881918819184
2739,4.1,3.9241881918819184
20303,3.8,3.9241881918819184
11879,3.6,3.9241881918819184
6252,4.0,3.9241881918819184
12216,4.4,3.9241881918819184
4379,3.5,3.9241881918819184
17420,3.6,3.9241881918819184
23247,3.5,3.9241881918819184
23100,4.0,3.9241881918819184
5042,3.9,3.9241881918819184
14193,4.3,3.9241881918819184
11171,3.8,3.9241881918819184
22626,4.4,3.9241881918819184
9271,4.1,3.9241881918819184
6354,5.0,3.9241881918819184
1591,4.2,3.9241881918819184
18658,4.0,3.9241881918819184
17769,4.2,3.9241881918819184
7104,4.1,3.9241881918819184
14354,4.2,3.9241881918819184
8406,3.8,3.9241881918819184
8913,4.2,3.9241881918819184
4233,3.3,3.9241881918819184
14059,3.6,3.9241881918819184
3095,3.9,3.9241881918819184
5668,4.1,3.9241881918819184
2268,3.9,3.9241881918819184
23808,4.0,3.9241881918819184
21018,3.5,3.9241881918819184
6617,3.8,3.9241881918819184
3580,4.0,3.9241881918819184
22855,3.0,3.9241881918819184
10222,3.6,3.9241881918819184
23303,3.9,3.9241881918819184
10652,3.9,3.9241881918819184
6083,3.9,3.9241881918819184
16145,3.5,3.9241881918819184
17906,4.1,3.9241881918819184
17519,3.8,3.9241881918819184
5564,4.0,3.9241881918819184
23905,4.0,3.9241881918819184
6112,2.8,3.9241881918819184
22914,3.8,3.9241881918819184
9023,3.9,3.9241881918819184
11702,4.0,3.9241881918819184
7675,4.4,3.9241881918819184
21076,4.3,3.9241881918819184
7851,4.5,3.9241881918819184
20604,4.0,3.9241881918819184
19160,4.6,3.9241881918819184
11133,4.1,3.9241881918819184
17954,3.9,3.9241881918819184
23380,4.3,3.9241881918819184
7219,3.6,3.9241881918819184
13866,4.5,3.9241881918819184
18742,3.9,3.9241881918819184
7723,4.2,3.9241881918819184
10426,3.6,3.9241881918819184
5596,4.7,3.9241881918819184
12074,4.2,3.9241881918819184
15682,3.5,3.9241881918819184
5583,4.0,3.9241881918819184
6908,3.7,3.9241881918819184
23604,4.1,3.9241881918819184
9399,3.9,3.9241881918819184
15976,3.7,3.9241881918819184
6714,4.1,3.9241881918819184
15560,3.9,3.9241881918819184
23953,3.4,3.9241881918819184
11392,4.3,3.9241881918819184
3657,3.9,3.9241881918819184
17174,4.9,3.9241881918819184
22782,4.7,3.9241881918819184
5131,3.9,3.9241881918819184
23330,4.2,3.9241881918819184
18765,4.5,3.9241881918819184
15386,4.2,3.9241881918819184
12045,4.2,3.9241881918819184
12720,4.0,3.9241881918819184
3939,4.1,3.9241881918819184
16437,4.0,3.9241881918819184
16769,3.9,3.9241881918819184
11680,4.4,3.9241881918819184
8213,4.4,3.9241881918819184
56,4.2,3.9241881918819184
21688,3.9,3.9241881918819184
22287,4.0,3.9241881918819184
23301,3.8,3.9241881918819184
22106,4.2,3.9241881918819184
17923,4.2,3.9241881918819184
11380,4.3,3.9241881918819184
11814,3.9,3.9241881918819184
7173,3.8,3.9241881918819184
11588,3.9,3.9241881918819184
2980,3.3,3.9241881918819184
5846,3.9,3.9241881918819184
11145,3.4,3.9241881918819184
16403,3.3,3.9241881918819184
1192,4.7,3.9241881918819184
18723,4.6,3.9241881918819184
22114,3.4,3.9241881918819184
9285,3.4,3.9241881918819184
21403,3.9,3.9241881918819184
20114,3.6,3.9241881918819184
12551,4.0,3.9241881918819184
13442,3.9,3.9241881918819184
11690,4.1,3.9241881918819184
12846,4.1,3.9241881918819184
8596,4.1,3.9241881918819184
5761,4.9,3.9241881918819184
12077,3.6,3.9241881918819184
5327,3.5,3.9241881918819184
12814,3.9,3.9241881918819184
16683,3.7,3.9241881918819184
21902,3.6,3.9241881918819184
5558,3.8,3.9241881918819184
17086,4.2,3.9241881918819184
9769,4.4,3.9241881918819184
6017,3.6,3.9241881918819184
15726,3.5,3.9241881918819184
614,3.7,3.9241881918819184
7120,3.2,3.9241881918819184
22451,3.7,3.9241881918819184
20552,4.3,3.9241881918819184
2985,4.2,3.9241881918819184
3781,3.9,3.9241881918819184
15577,3.7,3.9241881918819184
17819,3.9,3.9241881918819184
16184,3.6,3.9241881918819184
2674,3.9,3.9241881918819184
7149,4.5,3.9241881918819184
20134,3.7,3.9241881918819184
12279,3.7,3.9241881918819184
20198,3.5,3.9241881918819184
7672,4.1,3.9241881918819184
8313,3.7,3.9241881918819184
14553,4.8,3.9241881918819184
5674,4.0,3.9241881918819184
11413,3.3,3.9241881918819184
199,3.8,3.9241881918819184
14909,4.7,3.9241881918819184
5779,4.2,3.9241881918819184
18578,4.2,3.9241881918819184
11645,3.4,3.9241881918819184
17172,4.3,3.9241881918819184
23754,3.0,3.9241881918819184
9567,3.7,3.9241881918819184
103,3.5,3.9241881918819184
17017,3.8,3.9241881918819184
3413,3.7,3.9241881918819184
11052,4.1,3.9241881918819184
10838,3.9,3.9241881918819184
18521,4.4,3.9241881918819184
1731,4.0,3.9241881918819184
13351,4.3,3.9241881918819184
11573,3.8,3.9241881918819184
16916,3.8,3.9241881918819184
50,3.4,3.9241881918819184
324,4.5,3.9241881918819184
10779,4.1,3.9241881918819184
11746,3.8,3.9241881918819184
5768,4.1,3.9241881918819184
8529,3.9,3.9241881918819184
11198,3.8,3.9241881918819184
2752,4.1,3.9241881918819184
18096,3.3,3.9241881918819184
12263,4.0,3.9241881918819184
19080,4.2,3.9241881918819184
23683,4.4,3.9241881918819184
6013,3.7,3.9241881918819184
8573,3.9,3.9241881918819184
8335,4.1,3.9241881918819184
9511,4.2,3.9241881918819184
277,4.0,3.9241881918819184
15084,3.8,3.9241881918819184
13403,3.8,3.9241881918819184
4530,3.9,3.9241881918819184
18045,3.7,3.9241881918819184
16777,4.2,3.9241881918819184
18955,3.5,3.9241881918819184
5952,4.4,3.9241881918819184
20619,3.5,3.9241881918819184
15683,3.7,3.9241881918819184
19330,3.9,3.9241881918819184
2136,3.9,3.9241881918819184
3857,3.7,3.9241881918819184
22067,4.0,3.9241881918819184
316,3.7,3.9241881918819184
2478,3.2,3.9241881918819184
1734,3.9,3.9241881918819184
20522,3.6,3.9241881918819184
14716,3.7,3.9241881918819184
128,3.5,3.9241881918819184
20320,4.0,3.9241881918819184
5064,3.7,3.9241881918819184
23641,4.0,3.9241881918819184
14515,4.1,3.9241881918819184
9268,3.4,3.9241881918819184
22917,3.6,3.9241881918819184
1492,4.1,3.9241881918819184
1450,3.8,3.9241881918819184
12397,3.8,3.9241881918819184
9201,4.0,3.9241881918819184
2056,3.8,3.9241881918819184
1860,3.7,3.9241881918819184
21766,4.2,3.9241881918819184
20938,3.9,3.9241881918819184
18516,3.7,3.9241881918819184
1398,4.1,3.9241881918819184
976,3.8,3.9241881918819184
16094,3.8,3.9241881918819184
21188,3.7,3.9241881918819184
14724,3.9,3.9241881918819184
13532,3.6,3.9241881918819184
22810,4.2,3.9241881918819184
19678,3.8,3.9241881918819184
19908,3.5,3.9241881918819184
23582,4.8,3.9241881918819184
14721,3.8,3.9241881918819184
1771,3.8,3.9241881918819184
16984,3.7,3.9241881918819184
69,4.0,3.9241881918819184
4418,4.0,3.9241881918819184
21899,3.9,3.9241881918819184
20507,3.9,3.9241881918819184
3678,5.0,3.9241881918819184
16967,3.7,3.9241881918819184
15881,4.2,3.9241881918819184
13620,3.8,3.9241881918819184
10964,4.5,3.9241881918819184
8266,4.0,3.9241881918819184
18207,3.9,3.9241881918819184
1962,4.5,3.9241881918819184
8516,3.4,3.9241881918819184
20886,4.0,3.9241881918819184
22304,3.9,3.9241881918819184
4580,3.4,3.9241881918819184
8813,3.9,3.9241881918819184
5260,3.7,3.9241881918819184
1830,4.1,3.9241881918819184
5262,4.0,3.9241881918819184
2697,3.5,3.9241881918819184
13640,3.9,3.9241881918819184
11796,2.7,3.9241881918819184
19954,4.3,3.9241881918819184
21248,4.4,3.9241881918819184
9294,3.5,3.9241881918819184
17615,3.7,3.9241881918819184
22743,3.9,3.9241881918819184
8808,3.8,3.9241881918819184
11055,3.7,3.9241881918819184
19897,4.2,3.9241881918819184
7952,4.8,3.9241881918819184
5210,3.9,3.9241881918819184
15340,4.6,3.9241881918819184
11063,3.9,3.9241881918819184
737,3.9,3.9241881918819184
19517,3.9,3.9241881918819184
9321,3.2,3.9241881918819184
14417,3.9,3.9241881918819184
19595,3.9,3.9241881918819184
20129,3.8,3.9241881918819184
8859,4.3,3.9241881918819184
6630,3.4,3.9241881918819184
20734,3.7,3.9241881918819184
13792,3.6,3.9241881918819184
17639,4.6,3.9241881918819184
3621,4.0,3.9241881918819184
22228,3.7,3.9241881918819184
5975,4.0,3.9241881918819184
18023,3.6,3.9241881918819184
6797,4.1,3.9241881918819184
6347,4.0,3.9241881918819184
11560,3.1,3.9241881918819184
14971,3.9,3.9241881918819184
10469,4.2,3.9241881918819184
11231,3.9,3.9241881918819184
1888,3.8,3.9241881918819184
23624,3.8,3.9241881918819184
16827,3.7,3.9241881918819184
2694,4.1,3.9241881918819184
9176,3.9,3.9241881918819184
12407,3.9,3.9241881918819184
11893,4.0,3.9241881918819184
15451,3.4,3.9241881918819184
20775,3.1,3.9241881918819184
20208,4.0,3.9241881918819184
5980,3.7,3.9241881918819184
19486,3.8,3.9241881918819184
14596,4.3,3.9241881918819184
13150,4.4,3.9241881918819184
22632,3.8,3.9241881918819184
9014,3.5,3.9241881918819184
21128,4.3,3.9241881918819184
20940,3.6,3.9241881918819184
5102,4.5,3.9241881918819184
4065,3.8,3.9241881918819184
14920,4.7,3.9241881918819184
20834,3.3,3.9241881918819184
23880,5.6,3.9241881918819184
23602,4.2,3.9241881918819184
7301,4.9,3.9241881918819184
6487,4.3,3.9241881918819184
10345,3.7,3.9241881918819184
10006,4.0,3.9241881918819184
4920,4.3,3.9241881918819184
272,3.8,3.9241881918819184
1690,4.0,3.9241881918819184
13275,5.0,3.9241881918819184
23066,4.2,3.9241881918819184
1756,3.5,3.9241881918819184
13293,3.1,3.9241881918819184
14177,3.9,3.9241881918819184
15626,2.8,3.9241881918819184
3503,3.9,3.9241881918819184
5263,4.1,3.9241881918819184
22689,3.6,3.9241881918819184
9232,4.3,3.9241881918819184
22999,4.1,3.9241881918819184
6802,4.3,3.9241881918819184
2548,4.2,3.9241881918819184
20887,3.8,3.9241881918819184
12247,3.9,3.9241881918819184
13726,4.0,3.9241881918819184
20482,4.2,3.9241881918819184
15566,3.7,3.9241881918819184
21182,4.4,3.9241881918819184
4426,3.9,3.9241881918819184
5771,3.8,3.9241881918819184
19903,4.0,3.9241881918819184
5512,3.1,3.9241881918819184
1408,4.1,3.9241881918819184
11188,5.0,3.9241881918819184
16821,3.3,3.9241881918819184
1198,4.2,3.9241881918819184
17586,4.0,3.9241881918819184
22722,4.9,3.9241881918819184
2360,3.7,3.9241881918819184
23393,3.6,3.9241881918819184
23501,4.2,3.9241881918819184
1997,3.9,3.9241881918819184
15841,3.9,3.9241881918819184
22321,3.9,3.9241881918819184
17539,4.1,3.9241881918819184
7845,3.7,3.9241881918819184
6971,3.9,3.9241881918819184
20523,3.9,3.9241881918819184
3779,3.0,3.9241881918819184
10989,3.8,3.9241881918819184
23364,4.0,3.9241881918819184
5443,4.1,3.9241881918819184
13005,3.8,3.9241881918819184
20901,3.8,3.9241881918819184
11700,4.1,3.9241881918819184
2237,3.0,3.9241881918819184
18537,3.9,3.9241881918819184
23438,3.8,3.9241881918819184
4520,3.9,3.9241881918819184
304,4.0,3.9241881918819184
12799,3.9,3.9241881918819184
17827,3.9,3.9241881918819184
18463,4.2,3.9241881918819184
1760,3.7,3.9241881918819184
18011,3.9,3.9241881918819184
573,4.0,3.9241881918819184
9039,4.0,3.9241881918819184
4354,3.9,3.9241881918819184
15290,3.9,3.9241881918819184
11100,3.5,3.9241881918819184
23885,4.0,3.9241881918819184
20214,3.4,3.9241881918819184
8394,3.8,3.9241881918819184
19348,3.9,3.9241881918819184
15470,3.9,3.9241881918819184
4401,3.7,3.9241881918819184
735,3.8,3.9241881918819184
9326,3.6,3.9241881918819184
9078,4.1,3.9241881918819184
243,3.7,3.9241881918819184
5833,3.8,3.9241881918819184
19364,3.5,3.9241881918819184
10851,4.1,3.9241881918819184
10755,3.7,3.9241881918819184
18961,4.2,3.9241881918819184
14520,4.4,3.9241881918819184
19596,4.2,3.9241881918819184
13535,3.9,3.9241881918819184
16201,3.9,3.9241881918819184
13048,4.1,3.9241881918819184
2951,3.4,3.9241881918819184
22433,4.2,3.9241881918819184
19299,4.5,3.9241881918819184
9430,3.9,3.9241881918819184
22207,4.1,3.9241881918819184
12609,3.8,3.9241881918819184
14863,3.8,3.9241881918819184
11577,4.3,3.9241881918819184
3812,3.3,3.9241881918819184
5915,3.9,3.9241881918819184
22858,3.8,3.9241881918819184
13250,3.7,3.9241881918819184
10651,3.9,3.9241881918819184
17150,4.3,3.9241881918819184
20946,3.7,3.9241881918819184
19723,4.3,3.9241881918819184
8719,4.7,3.9241881918819184
19729,4.2,3.9241881918819184
16122,3.9,3.9241881918819184
767,4.1,3.9241881918819184
23366,3.6,3.9241881918819184
9309,4.8,3.9241881918819184
23307,3.8,3.9241881918819184
9938,3.6,3.9241881918819184
21711,3.8,3.9241881918819184
23041,3.8,3.9241881918819184
16140,3.5,3.9241881918819184
2603,3.9,3.9241881918819184
6393,4.2,3.9241881918819184
11328,3.8,3.9241881918819184
9626,4.1,3.9241881918819184
10830,3.3,3.9241881918819184
9914,3.4,3.9241881918819184
12625,3.6,3.9241881918819184
11041,5.5,3.9241881918819184
5216,3.6,3.9241881918819184
5776,3.6,3.9241881918819184
17082,4.1,3.9241881918819184
17295,3.3,3.9241881918819184
18893,4.0,3.9241881918819184
1474,3.9,3.9241881918819184
2292,4.2,3.9241881918819184
3926,3.8,3.9241881918819184
16911,4.2,3.9241881918819184
15823,3.5,3.9241881918819184
13821,3.7,3.9241881918819184
22583,3.8,3.9241881918819184
20195,3.9,3.9241881918819184
8342,3.5,3.9241881918819184
5595,3.7,3.9241881918819184
13504,4.4,3.9241881918819184
20867,4.2,3.9241881918819184
5109,3.9,3.9241881918819184
12086,3.9,3.9241881918819184
22867,3.2,3.9241881918819184
18430,3.4,3.9241881918819184
3815,3.7,3.9241881918819184
15723,4.2,3.9241881918819184
22750,3.9,3.9241881918819184
16113,3.7,3.9241881918819184
5389,4.0,3.9241881918819184
5275,3.5,3.9241881918819184
23173,4.0,3.9241881918819184
17859,3.4,3.9241881918819184
2948,3.9,3.9241881918819184
11571,3.7,3.9241881918819184
13986,3.6,3.9241881918819184
2022,3.7,3.9241881918819184
10456,4.6,3.9241881918819184
22649,3.9,3.9241881918819184
5015,3.4,3.9241881918819184
1113,3.6,3.9241881918819184
5799,3.5,3.9241881918819184
6177,4.0,3.9241881918819184
14607,3.8,3.9241881918819184
23215,3.8,3.9241881918819184
19337,3.9,3.9241881918819184
15592,4.7,3.9241881918819184
12015,3.6,3.9241881918819184
23000,4.1,3.9241881918819184
10192,3.9,3.9241881918819184
18027,3.1,3.9241881918819184
3045,4.0,3.9241881918819184
11426,3.7,3.9241881918819184
8375,3.8,3.9241881918819184
10452,3.6,3.9241881918819184
9522,4.3,3.9241881918819184
1267,3.6,3.9241881918819184
9971,4.2,3.9241881918819184
22543,3.8,3.9241881918819184
8918,4.1,3.9241881918819184
11434,3.9,3.9241881918819184
11916,4.6,3.9241881918819184
6168,3.9,3.9241881918819184
18974,3.9,3.9241881918819184
1719,4.1,3.9241881918819184
9011,3.5,3.9241881918819184
9103,3.8,3.9241881918819184
16687,3.3,3.9241881918819184
12042,3.8,3.9241881918819184
2666,4.0,3.9241881918819184
581,4.1,3.9241881918819184
1287,3.6,3.9241881918819184
21996,3.4,3.9241881918819184
18812,3.9,3.9241881918819184
9733,3.5,3.9241881918819184
11599,3.5,3.9241881918819184
8834,3.8,3.9241881918819184
21775,4.2,3.9241881918819184
21928,3.8,3.9241881918819184
12416,3.5,3.9241881918819184
7244,3.1,3.9241881918819184
23457,3.9,3.9241881918819184
2508,3.6,3.9241881918819184
16599,3.5,3.9241881918819184
11707,4.1,3.9241881918819184
21882,4.4,3.9241881918819184
22150,3.3,3.9241881918819184
18337,3.8,3.9241881918819184
10720,3.8,3.9241881918819184
18154,4.1,3.9241881918819184
609,3.6,3.9241881918819184
23175,3.7,3.9241881918819184
20469,3.5,3.9241881918819184
5694,3.8,3.9241881918819184
16653,3.8,3.9241881918819184
4298,3.8,3.9241881918819184
18802,4.1,3.9241881918819184
23542,3.9,3.9241881918819184
11914,4.3,3.9241881918819184
3067,4.2,3.9241881918819184
22070,3.8,3.9241881918819184
10696,4.1,3.9241881918819184
14763,4.0,3.9241881918819184
4944,4.9,3.9241881918819184
9839,4.0,3.9241881918819184
4444,4.1,3.9241881918819184
6359,3.9,3.9241881918819184
6122,3.5,3.9241881918819184
10937,4.0,3.9241881918819184
2569,4.5,3.9241881918819184
20141,5.1,3.9241881918819184
1384,4.1,3.9241881918819184
17727,4.0,3.9241881918819184
12111,3.6,3.9241881918819184
1147,4.1,3.9241881918819184
9081,4.0,3.9241881918819184
20990,3.6,3.9241881918819184
13730,3.6,3.9241881918819184
18013,3.9,3.9241881918819184
16838,4.2,3.9241881918819184
3967,3.9,3.9241881918819184
13869,4.7,3.9241881918819184
3720,3.5,3.9241881918819184
15890,3.6,3.9241881918819184
17778,3.6,3.9241881918819184
11473,3.8,3.9241881918819184
23704,3.9,3.9241881918819184
12778,3.8,3.9241881918819184
6033,4.0,3.9241881918819184
16839,3.2,3.9241881918819184
11367,3.9,3.9241881918819184
4884,4.0,3.9241881918819184
10995,3.9,3.9241881918819184
12483,3.7,3.9241881918819184
7947,4.1,3.9241881918819184
1193,4.8,3.9241881918819184
922,3.8,3.9241881918819184
7763,4.0,3.9241881918819184
14250,3.5,3.9241881918819184
4501,3.9,3.9241881918819184
21869,3.7,3.9241881918819184
21915,3.8,3.9241881918819184
18767,5.1,3.9241881918819184
19194,4.0,3.9241881918819184
15979,3.2,3.9241881918819184
21408,4.1,3.9241881918819184
9985,4.1,3.9241881918819184
312,3.9,3.9241881918819184
22152,4.2,3.9241881918819184
1178,3.8,3.9241881918819184
5159,3.3,3.9241881918819184
11249,4.0,3.9241881918819184
3185,3.4,3.9241881918819184
16785,3.7,3.9241881918819184
5589,4.0,3.9241881918819184
23076,3.7,3.9241881918819184
3082,4.2,3.9241881918819184
5212,3.9,3.9241881918819184
4362,4.0,3.9241881918819184
15934,4.3,3.9241881918819184
10284,3.7,3.9241881918819184
10019,3.1,3.9241881918819184
18212,4.0,3.9241881918819184
8468,3.9,3.9241881918819184
5429,4.4,3.9241881918819184
17987,4.0,3.9241881918819184
5702,3.8,3.9241881918819184
9094,4.4,3.9241881918819184
14165,3.6,3.9241881918819184
18558,3.7,3.9241881918819184
16356,4.0,3.9241881918819184
9810,4.1,3.9241881918819184
7423,4.1,3.9241881918819184
982,4.0,3.9241881918819184
13102,3.8,3.9241881918819184
11530,3.8,3.9241881918819184
8397,3.9,3.9241881918819184
15992,3.7,3.9241881918819184
9356,4.0,3.9241881918819184
14530,3.9,3.9241881918819184
12172,3.1,3.9241881918819184
41,4.6,3.9241881918819184
11347,3.3,3.9241881918819184
23897,3.7,3.9241881918819184
19259,3.7,3.9241881918819184
21,4.2,3.9241881918819184
20942,3.9,3.9241881918819184
4015,3.9,3.9241881918819184
1225,3.9,3.9241881918819184
16729,4.0,3.9241881918819184
15508,4.5,3.9241881918819184
12515,4.0,3.9241881918819184
9543,4.0,3.9241881918819184
22530,3.2,3.9241881918819184
10580,4.5,3.9241881918819184
20688,4.2,3.9241881918819184
1241,4.5,3.9241881918819184
5319,3.6,3.9241881918819184
5176,3.7,3.9241881918819184
22726,4.1,3.9241881918819184
22936,3.9,3.9241881918819184
15049,3.4,3.9241881918819184
10246,4.1,3.9241881918819184
18582,3.5,3.9241881918819184
2274,3.0,3.9241881918819184
11750,4.0,3.9241881918819184
19974,3.1,3.9241881918819184
23830,3.8,3.9241881918819184
3809,3.7,3.9241881918819184
4514,3.8,3.9241881918819184
17753,3.8,3.9241881918819184
21295,3.9,3.9241881918819184
8385,3.7,3.9241881918819184
15997,4.0,3.9241881918819184
19244,3.9,3.9241881918819184
23789,4.0,3.9241881918819184
5052,3.6,3.9241881918819184
6747,3.5,3.9241881918819184
23491,3.8,3.9241881918819184
728,3.9,3.9241881918819184
13030,4.0,3.9241881918819184
5120,4.0,3.9241881918819184
22094,4.4,3.9241881918819184
18140,4.1,3.9241881918819184
10573,3.7,3.9241881918819184
21102,3.9,3.9241881918819184
1581,4.0,3.9241881918819184
7436,3.8,3.9241881918819184
7468,3.7,3.9241881918819184
4750,4.0,3.9241881918819184
13429,3.8,3.9241881918819184
8519,3.6,3.9241881918819184
16054,3.0,3.9241881918819184
19369,3.3,3.9241881918819184
13038,4.9,3.9241881918819184
8669,3.8,3.9241881918819184
291,3.8,3.9241881918819184
13059,3.8,3.9241881918819184
14886,2.9,3.9241881918819184
11167,3.6,3.9241881918819184
1551,3.6,3.9241881918819184
16481,4.0,3.9241881918819184
8564,3.8,3.9241881918819184
11368,3.8,3.9241881918819184
18842,3.3,3.9241881918819184
11957,4.2,3.9241881918819184
2217,3.6,3.9241881918819184
14903,4.1,3.9241881918819184
21166,4.3,3.9241881918819184
13990,3.2,3.9241881918819184
20117,3.7,3.9241881918819184
22420,4.5,3.9241881918819184
15858,3.8,3.9241881918819184
12370,3.8,3.9241881918819184
12837,3.6,3.9241881918819184
684,3.5,3.9241881918819184
3943,4.3,3.9241881918819184
10321,3.8,3.9241881918819184
6535,4.0,3.9241881918819184
6321,4.1,3.9241881918819184
13099,4.0,3.9241881918819184
15764,3.9,3.9241881918819184
14572,4.2,3.9241881918819184
22478,3.6,3.9241881918819184
19495,4.0,3.9241881918819184
1799,3.8,3.9241881918819184
13172,4.0,3.9241881918819184
20457,4.1,3.9241881918819184
6021,3.2,3.9241881918819184
18251,4.1,3.9241881918819184
5520,3.6,3.9241881918819184
6243,3.7,3.9241881918819184
22536,4.4,3.9241881918819184
13511,4.3,3.9241881918819184
13012,3.7,3.9241881918819184
8622,4.2,3.9241881918819184
21344,4.1,3.9241881918819184
4389,3.7,3.9241881918819184
20956,4.2,3.9241881918819184
17363,4.0,3.9241881918819184
13416,3.7,3.9241881918819184
841,4.5,3.9241881918819184
11087,4.2,3.9241881918819184
19281,3.4,3.9241881918819184
9867,4.6,3.9241881918819184
10661,3.7,3.9241881918819184
19470,4.6,3.9241881918819184
15103,4.0,3.9241881918819184
14069,4.8,3.9241881918819184
10127,3.4,3.9241881918819184
15021,3.8,3.9241881918819184
22574,4.6,3.9241881918819184
23548,3.7,3.9241881918819184
19666,3.9,3.9241881918819184
10072,3.2,3.9241881918819184
22870,3.4,3.9241881918819184
16060,4.1,3.9241881918819184
5231,5.0,3.9241881918819184
5311,4.6,3.9241881918819184
21607,3.6,3.9241881918819184
16774,3.8,3.9241881918819184
11830,3.9,3.9241881918819184
6736,3.9,3.9241881918819184
17784,3.9,3.9241881918819184
942,3.9,3.9241881918819184
23415,3.8,3.9241881918819184
17588,3.9,3.9241881918819184
5744,3.8,3.9241881918819184
6142,3.7,3.9241881918819184
818,3.8,3.9241881918819184
18179,4.0,3.9241881918819184
13988,3.1,3.9241881918819184
212,3.7,3.9241881918819184
21020,3.9,3.9241881918819184
12729,3.9,3.9241881918819184
16876,3.6,3.9241881918819184
23910,3.4,3.9241881918819184
23727,4.2,3.9241881918819184
11009,4.2,3.9241881918819184
7199,6.1,3.9241881918819184
22767,3.9,3.9241881918819184
23806,4.0,3.9241881918819184
5518,3.3,3.9241881918819184
22646,4.0,3.9241881918819184
3647,3.8,3.9241881918819184
7712,3.9,3.9241881918819184
17025,3.8,3.9241881918819184
23168,3.9,3.9241881918819184
20828,3.3,3.9241881918819184
5284,3.8,3.9241881918819184
12552,4.3,3.9241881918819184
23527,3.8,3.9241881918819184
23387,4.1,3.9241881918819184
8373,4.5,3.9241881918819184
17232,4.5,3.9241881918819184
1388,4.4,3.9241881918819184
6995,3.3,3.9241881918819184
1994,4.1,3.9241881918819184
9435,4.0,3.9241881918819184
8076,4.3,3.9241881918819184
20529,4.1,3.9241881918819184
2749,5.1,3.9241881918819184
1095,3.0,3.9241881918819184
2783,4.2,3.9241881918819184
4682,4.1,3.9241881918819184
12639,3.8,3.9241881918819184
700,4.0,3.9241881918819184
8151,3.8,3.9241881918819184
644,3.8,3.9241881918819184
4434,4.1,3.9241881918819184
17717,3.8,3.9241881918819184
15286,4.3,3.9241881918819184
3512,3.8,3.9241881918819184
13312,3.2,3.9241881918819184
1853,4.0,3.9241881918819184
11120,4.1,3.9241881918819184
8244,4.2,3.9241881918819184
22164,4.2,3.9241881918819184
3769,4.0,3.9241881918819184
2716,4.1,3.9241881918819184
22799,4.2,3.9241881918819184
2472,3.8,3.9241881918819184
13436,3.6,3.9241881918819184
16829,3.8,3.9241881918819184
4345,3.9,3.9241881918819184
22401,3.9,3.9241881918819184
21633,3.8,3.9241881918819184
19311,3.5,3.9241881918819184
4420,3.5,3.9241881918819184
7201,3.5,3.9241881918819184
19455,4.2,3.9241881918819184
611,3.2,3.9241881918819184
11853,3.6,3.9241881918819184
13108,3.6,3.9241881918819184
22318,3.8,3.9241881918819184
15316,4.6,3.9241881918819184
4281,3.6,3.9241881918819184
3366,3.7,3.9241881918819184
17624,3.6,3.9241881918819184
1181,4.2,3.9241881918819184
6704,3.8,3.9241881918819184
16859,4.0,3.9241881918819184
23201,3.7,3.9241881918819184
910,4.3,3.9241881918819184
19081,3.9,3.9241881918819184
20965,3.7,3.9241881918819184
7055,3.6,3.9241881918819184
1870,4.3,3.9241881918819184
10756,3.8,3.9241881918819184
12921,4.2,3.9241881918819184
805,3.8,3.9241881918819184
20539,4.1,3.9241881918819184
21785,3.7,3.9241881918819184
9132,4.0,3.9241881918819184
14987,3.8,3.9241881918819184
6595,4.1,3.9241881918819184
14546,3.5,3.9241881918819184
23751,4.5,3.9241881918819184
3548,3.8,3.9241881918819184
7876,3.4,3.9241881918819184
21375,3.7,3.9241881918819184
6362,3.7,3.9241881918819184
11824,3.5,3.9241881918819184
1229,3.9,3.9241881918819184
14769,4.5,3.9241881918819184
23181,3.9,3.9241881918819184
17822,4.1,3.9241881918819184
23972,3.8,3.9241881918819184
11977,3.3,3.9241881918819184
14563,3.8,3.9241881918819184
7760,3.1,3.9241881918819184
22962,3.9,3.9241881918819184
9570,4.3,3.9241881918819184
6063,3.8,3.9241881918819184
2714,4.1,3.9241881918819184
17169,4.5,3.9241881918819184
6462,4.3,3.9241881918819184
8070,3.2,3.9241881918819184
5242,4.1,3.9241881918819184
17934,3.7,3.9241881918819184
1607,4.9,3.9241881918819184
1269,3.3,3.9241881918819184
16941,3.7,3.9241881918819184
17786,3.6,3.9241881918819184
5480,4.1,3.9241881918819184
12641,4.0,3.9241881918819184
8399,3.9,3.9241881918819184
23014,3.9,3.9241881918819184
15307,4.3,3.9241881918819184
966,4.0,3.9241881918819184
7791,4.4,3.9241881918819184
6123,3.5,3.9241881918819184
8006,4.1,3.9241881918819184
3852,3.9,3.9241881918819184
20496,3.8,3.9241881918819184
9191,4.1,3.9241881918819184
23618,4.4,3.9241881918819184
23162,3.7,3.9241881918819184
7186,4.9,3.9241881918819184
4671,3.7,3.9241881918819184
2205,3.9,3.9241881918819184
20718,3.9,3.9241881918819184
147,4.5,3.9241881918819184
21515,4.4,3.9241881918819184
16590,3.8,3.9241881918819184
21170,3.8,3.9241881918819184
19006,3.5,3.9241881918819184
15860,3.5,3.9241881918819184
20838,4.0,3.9241881918819184
23503,4.3,3.9241881918819184
15497,4.0,3.9241881918819184
17201,4.0,3.9241881918819184
20858,4.0,3.9241881918819184
1194,4.7,3.9241881918819184
22776,3.4,3.9241881918819184
18275,4.2,3.9241881918819184
12165,3.9,3.9241881918819184
23297,4.3,3.9241881918819184
21854,4.2,3.9241881918819184
16320,3.7,3.9241881918819184
17514,3.4,3.9241881918819184
7572,4.0,3.9241881918819184
5660,3.8,3.9241881918819184
6555,3.8,3.9241881918819184
853,3.7,3.9241881918819184
13262,3.6,3.9241881918819184
2102,3.7,3.9241881918819184
9913,3.1,3.9241881918819184
18839,3.7,3.9241881918819184
9043,2.8,3.9241881918819184
15080,4.0,3.9241881918819184
11939,3.6,3.9241881918819184
23276,3.7,3.9241881918819184
13883,3.8,3.9241881918819184
1648,3.9,3.9241881918819184
8930,4.0,3.9241881918819184
1555,4.3,3.9241881918819184
17702,3.3,3.9241881918819184
2968,4.6,3.9241881918819184
15965,4.1,3.9241881918819184
1498,4.1,3.9241881918819184
137,4.3,3.9241881918819184
18034,3.4,3.9241881918819184
22691,3.9,3.9241881918819184
6334,3.1,3.9241881918819184
1615,3.8,3.9241881918819184
22924,4.3,3.9241881918819184
14914,3.9,3.9241881918819184
8751,4.0,3.9241881918819184
14893,6.3,3.9241881918819184
13959,4.0,3.9241881918819184
12782,3.5,3.9241881918819184
11252,4.0,3.9241881918819184
4040,4.0,3.9241881918819184
19011,4.7,3.9241881918819184
4903,4.0,3.9241881918819184
16979,3.7,3.9241881918819184
2296,4.3,3.9241881918819184
6813,3.4,3.9241881918819184
778,4.1,3.9241881918819184
6892,5.2,3.9241881918819184
17973,3.3,3.9241881918819184
176,3.7,3.9241881918819184
12122,3.9,3.9241881918819184
6403,3.6,3.9241881918819184
16258,3.6,3.9241881918819184
16045,3.6,3.9241881918819184
21402,3.5,3.9241881918819184
21087,4.0,3.9241881918819184
18950,5.3,3.9241881918819184
8557,3.6,3.9241881918819184
7777,4.5,3.9241881918819184
6806,5.1,3.9241881918819184
19228,3.7,3.9241881918819184
10267,4.2,3.9241881918819184
18489,4.1,3.9241881918819184
11602,3.4,3.9241881918819184
13163,4.2,3.9241881918819184
2565,3.5,3.9241881918819184
12503,3.9,3.9241881918819184
10160,4.1,3.9241881918819184
23267,3.8,3.9241881918819184
12460,3.4,3.9241881918819184
1935,3.7,3.9241881918819184
4814,3.6,3.9241881918819184
2067,4.1,3.9241881918819184
22832,3.8,3.9241881918819184
7692,3.7,3.9241881918819184
2354,3.9,3.9241881918819184
21396,3.7,3.9241881918819184
2655,4.7,3.9241881918819184
7820,3.5,3.9241881918819184
21626,3.8,3.9241881918819184
1203,3.9,3.9241881918819184
1090,3.3,3.9241881918819184
17460,4.0,3.9241881918819184
6412,3.5,3.9241881918819184
5283,3.7,3.9241881918819184
18575,3.1,3.9241881918819184
6109,3.8,3.9241881918819184
16233,3.7,3.9241881918819184
5379,4.1,3.9241881918819184
3183,3.8,3.9241881918819184
19803,4.0,3.9241881918819184
22637,3.9,3.9241881918819184
18220,4.2,3.9241881918819184
16222,4.7,3.9241881918819184
11337,3.6,3.9241881918819184
21601,4.7,3.9241881918819184
1376,3.6,3.9241881918819184
19579,3.8,3.9241881918819184
22789,3.8,3.9241881918819184
5357,4.7,3.9241881918819184
21594,3.7,3.9241881918819184
9361,3.5,3.9241881918819184
18068,3.7,3.9241881918819184
17084,4.0,3.9241881918819184
22685,4.1,3.9241881918819184
22493,3.9,3.9241881918819184
12540,3.5,3.9241881918819184
10936,3.5,3.9241881918819184
12751,4.5,3.9241881918819184
16466,3.3,3.9241881918819184
435,4.1,3.9241881918819184
1778,3.6,3.9241881918819184
22102,4.8,3.9241881918819184
12181,4.1,3.9241881918819184
6172,4.2,3.9241881918819184
4493,4.3,3.9241881918819184
16155,4.0,3.9241881918819184
3438,3.9,3.9241881918819184
18192,3.8,3.9241881918819184
1621,3.4,3.9241881918819184
16948,4.2,3.9241881918819184
18120,4.1,3.9241881918819184
8259,4.0,3.9241881918819184
9980,4.1,3.9241881918819184
18059,4.1,3.9241881918819184
12972,3.7,3.9241881918819184
15086,3.4,3.9241881918819184
6625,3.9,3.9241881918819184
16369,4.0,3.9241881918819184
8999,4.2,3.9241881918819184
23236,3.5,3.9241881918819184
1037,4.0,3.9241881918819184
16825,3.9,3.9241881918819184
17291,3.6,3.9241881918819184
14524,4.1,3.9241881918819184
21464,3.8,3.9241881918819184
14635,4.3,3.9241881918819184
4030,3.8,3.9241881918819184
12037,4.1,3.9241881918819184
10872,4.0,3.9241881918819184
6411,4.0,3.9241881918819184
2105,3.9,3.9241881918819184
196,5.0,3.9241881918819184
10556,4.2,3.9241881918819184
2910,3.8,3.9241881918819184
10772,3.6,3.9241881918819184
15807,3.8,3.9241881918819184
5191,3.8,3.9241881918819184
14264,3.6,3.9241881918819184
7955,4.5,3.9241881918819184
21094,4.0,3.9241881918819184
12175,2.7,3.9241881918819184
22669,3.9,3.9241881918819184
6620,4.1,3.9241881918819184
13251,3.7,3.9241881918819184
21789,4.3,3.9241881918819184
19022,3.6,3.9241881918819184
1539,5.0,3.9241881918819184
23239,4.2,3.9241881918819184
2031,3.8,3.9241881918819184
13523,4.3,3.9241881918819184
13722,4.3,3.9241881918819184
10905,3.9,3.9241881918819184
10627,4.1,3.9241881918819184
6877,4.6,3.9241881918819184
23606,3.7,3.9241881918819184
23485,3.8,3.9241881918819184
12937,4.1,3.9241881918819184
5551,4.3,3.9241881918819184
18874,3.9,3.9241881918819184
12156,3.8,3.9241881918819184
661,3.8,3.9241881918819184
23396,3.5,3.9241881918819184
2935,4.2,3.9241881918819184
12236,4.0,3.9241881918819184
20729,2.8,3.9241881918819184
4898,3.7,3.9241881918819184
9395,3.6,3.9241881918819184
18759,4.9,3.9241881918819184
18007,4.1,3.9241881918819184
1947,4.5,3.9241881918819184
19191,3.9,3.9241881918819184
2586,4.0,3.9241881918819184
20681,3.9,3.9241881918819184
22610,4.0,3.9241881918819184
20918,3.9,3.9241881918819184
7800,4.3,3.9241881918819184
7417,4.1,3.9241881918819184
3307,4.8,3.9241881918819184
21720,3.9,3.9241881918819184
21054,4.1,3.9241881918819184
21885,4.3,3.9241881918819184
14316,3.9,3.9241881918819184
13112,3.9,3.9241881918819184
5871,4.3,3.9241881918819184
9855,3.6,3.9241881918819184
12768,3.6,3.9241881918819184
3390,4.9,3.9241881918819184
8435,3.8,3.9241881918819184
13338,4.0,3.9241881918819184
43,4.2,3.9241881918819184
22470,3.6,3.9241881918819184
1167,4.6,3.9241881918819184
8503,4.0,3.9241881918819184
17704,3.1,3.9241881918819184
4293,3.5,3.9241881918819184
23714,4.3,3.9241881918819184
5098,3.8,3.9241881918819184
5459,3.7,3.9241881918819184
5247,3.9,3.9241881918819184
20087,3.5,3.9241881918819184
7081,3.7,3.9241881918819184
19240,3.8,3.9241881918819184
23347,3.9,3.9241881918819184
15734,4.3,3.9241881918819184
22884,3.8,3.9241881918819184
10694,4.1,3.9241881918819184
11659,3.6,3.9241881918819184
18561,4.3,3.9241881918819184
6372,4.3,3.9241881918819184
18634,3.6,3.9241881918819184
18407,4.0,3.9241881918819184
5822,3.6,3.9241881918819184
8569,3.8,3.9241881918819184
6809,4.5,3.9241881918819184
19944,4.1,3.9241881918819184
23309,4.0,3.9241881918819184
3761,3.7,3.9241881918819184
16330,5.1,3.9241881918819184
13287,4.3,3.9241881918819184
18741,3.9,3.9241881918819184
23124,3.8,3.9241881918819184
22642,3.6,3.9241881918819184
3679,4.5,3.9241881918819184
11695,4.1,3.9241881918819184
19945,4.0,3.9241881918819184
2537,4.2,3.9241881918819184
1956,4.9,3.9241881918819184
8274,5.6,3.9241881918819184
6829,4.1,3.9241881918819184
2401,4.3,3.9241881918819184
111,3.6,3.9241881918819184
19877,4.4,3.9241881918819184
146,3.5,3.9241881918819184
11613,4.7,3.9241881918819184
7834,3.9,3.9241881918819184
3525,3.9,3.9241881918819184
5095,3.9,3.9241881918819184
12090,3.8,3.9241881918819184
6830,4.5,3.9241881918819184
23687,3.9,3.9241881918819184
23063,3.8,3.9241881918819184
9748,4.0,3.9241881918819184
8522,4.3,3.9241881918819184
18773,3.9,3.9241881918819184
18514,4.0,3.9241881918819184
18646,4.2,3.9241881918819184
74,4.2,3.9241881918819184
12210,4.1,3.9241881918819184
206,3.9,3.9241881918819184
3804,3.6,3.9241881918819184
16781,4.4,3.9241881918819184
20081,4.0,3.9241881918819184
839,3.6,3.9241881918819184
19732,5.2,3.9241881918819184
23787,3.9,3.9241881918819184
23299,3.3,3.9241881918819184
5699,3.8,3.9241881918819184
14449,4.0,3.9241881918819184
3547,3.7,3.9241881918819184
16276,4.0,3.9241881918819184
16744,2.8,3.9241881918819184
23514,4.0,3.9241881918819184
4929,4.7,3.9241881918819184
6010,4.5,3.9241881918819184
17734,3.9,3.9241881918819184
8130,4.2,3.9241881918819184
22173,4.4,3.9241881918819184
13431,3.3,3.9241881918819184
18897,3.8,3.9241881918819184
11313,4.2,3.9241881918819184
14040,4.8,3.9241881918819184
23717,3.7,3.9241881918819184
935,4.2,3.9241881918819184
16632,3.6,3.9241881918819184
20231,4.5,3.9241881918819184
22851,3.2,3.9241881918819184
17120,4.1,3.9241881918819184
16151,4.0,3.9241881918819184
13878,3.6,3.9241881918819184
19100,3.6,3.9241881918819184
15643,4.0,3.9241881918819184
19406,4.1,3.9241881918819184
18328,3.8,3.9241881918819184
19663,4.1,3.9241881918819184
10055,3.8,3.9241881918819184
2356,3.7,3.9241881918819184
13904,3.4,3.9241881918819184
10073,2.9,3.9241881918819184
1116,5.9,3.9241881918819184
1125,3.8,3.9241881918819184
20356,4.9,3.9241881918819184
21937,3.7,3.9241881918819184
10877,3.8,3.9241881918819184
15139,3.9,3.9241881918819184
20785,3.5,3.9241881918819184
2412,4.2,3.9241881918819184
5251,4.0,3.9241881918819184
15277,3.7,3.9241881918819184
23390,3.7,3.9241881918819184
887,3.7,3.9241881918819184
2891,4.0,3.9241881918819184
3704,3.7,3.9241881918819184
20730,3.4,3.9241881918819184
3568,4.6,3.9241881918819184
7999,4.0,3.9241881918819184
8769,4.1,3.9241881918819184
16606,3.7,3.9241881918819184
950,4.3,3.9241881918819184
3265,4.2,3.9241881918819184
22414,3.9,3.9241881918819184
15543,3.4,3.9241881918819184
23529,3.8,3.9241881918819184
23027,3.8,3.9241881918819184
6532,3.9,3.9241881918819184
23209,4.1,3.9241881918819184
15785,4.4,3.9241881918819184
11701,3.6,3.9241881918819184
20762,3.5,3.9241881918819184
8902,4.3,3.9241881918819184
17872,5.0,3.9241881918819184
5600,4.1,3.9241881918819184
6328,4.0,3.9241881918819184
11610,5.1,3.9241881918819184
5792,4.5,3.9241881918819184
13787,3.8,3.9241881918819184
11641,3.5,3.9241881918819184
11148,4.9,3.9241881918819184
8514,3.1,3.9241881918819184
14438,3.5,3.9241881918819184
13843,3.3,3.9241881918819184
12794,3.9,3.9241881918819184
20676,4.6,3.9241881918819184
8254,4.3,3.9241881918819184
23483,3.9,3.9241881918819184
3997,4.0,3.9241881918819184
22435,3.7,3.9241881918819184
453,4.0,3.9241881918819184
11515,3.6,3.9241881918819184
9258,4.0,3.9241881918819184
19519,3.8,3.9241881918819184
8699,4.2,3.9241881918819184
18706,4.0,3.9241881918819184
9524,3.9,3.9241881918819184
11031,3.5,3.9241881918819184
9871,3.6,3.9241881918819184
2203,4.1,3.9241881918819184
249,4.2,3.9241881918819184
4958,4.1,3.9241881918819184
21479,4.4,3.9241881918819184
14551,4.2,3.9241881918819184
21661,3.3,3.9241881918819184
20188,4.0,3.9241881918819184
15197,3.9,3.9241881918819184
549,3.4,3.9241881918819184
10301,3.6,3.9241881918819184
13255,3.7,3.9241881918819184
1674,3.5,3.9241881918819184
5738,4.0,3.9241881918819184
6267,3.8,3.9241881918819184
12744,3.2,3.9241881918819184
