,y_test,prediction
23700,3.9,3.926934977658011
19000,3.8,3.926934977658011
23938,3.4,3.926934977658011
1960,3.9,3.926934977658011
4980,3.8,3.926934977658011
15865,3.9,3.926934977658011
5890,4.1,3.926934977658011
4348,3.9,3.7699999999999987
173,3.7,3.926934977658011
8039,3.7,3.926934977658011
13675,4.0,3.926934977658011
15705,4.4,3.926934977658011
18424,3.7,3.926934977658011
22970,4.0,3.926934977658011
2512,3.7,3.926934977658011
8080,3.7,3.926934977658011
5113,3.7,3.926934977658011
15136,3.3,3.926934977658011
10517,4.0,3.926934977658011
18043,3.7,3.926934977658011
3991,3.6,3.926934977658011
21912,3.6,3.926934977658011
18801,4.2,3.926934977658011
18527,4.7,3.926934977658011
20994,3.9,3.926934977658011
6567,4.2,3.926934977658011
8764,4.2,3.926934977658011
21274,3.8,3.926934977658011
4268,4.1,3.926934977658011
2779,4.1,3.926934977658011
13836,3.8,3.926934977658011
22107,4.5,3.926934977658011
17966,3.5,3.926934977658011
2018,3.6,3.836000000000002
15995,3.9,3.926934977658011
15088,3.9,3.926934977658011
7184,4.0,3.926934977658011
7155,4.1,3.926934977658011
13583,4.0,3.926934977658011
17956,4.0,3.926934977658011
17434,4.2,3.811000000000001
17277,3.8,3.926934977658011
15007,5.0,3.926934977658011
18718,4.2,3.926934977658011
18335,3.9,3.926934977658011
3626,3.9,3.926934977658011
6577,3.6,3.926934977658011
2153,4.0,3.923
23668,4.6,3.926934977658011
18358,4.1,3.926934977658011
20095,3.7,3.926934977658011
14905,4.3,3.788999999999999
17918,4.5,3.926934977658011
9657,4.0,3.87
654,4.0,3.926934977658011
13300,3.8,4.184999999999999
12886,4.0,3.926934977658011
11551,3.8,3.926934977658011
13381,4.2,3.926934977658011
858,3.8,3.926934977658011
4094,4.4,3.8610000000000007
13902,4.4,3.926934977658011
10488,3.9,4.032
12999,3.8,3.926934977658011
15768,4.3,3.926934977658011
13872,4.3,3.926934977658011
20979,3.2,3.926934977658011
3923,3.3,3.926934977658011
21941,4.4,3.926934977658011
16962,3.7,3.926934977658011
11256,3.7,3.926934977658011
23395,3.6,3.926934977658011
4586,4.2,3.926934977658011
1567,3.6,3.926934977658011
10789,3.7,3.926934977658011
17322,3.7,3.926934977658011
22541,3.9,3.926934977658011
15967,3.4,3.926934977658011
10614,3.3,3.682000000000001
20671,4.0,3.926934977658011
9906,4.2,3.926934977658011
14838,3.8,3.926934977658011
8663,4.0,3.926934977658011
500,4.3,3.926934977658011
919,4.0,3.926934977658011
9831,3.9,3.926934977658011
12786,3.7,3.926934977658011
1233,4.9,3.926934977658011
12049,4.0,3.926934977658011
6960,3.5,3.926934977658011
6931,4.6,3.926934977658011
18807,4.1,3.926934977658011
5745,3.9,3.926934977658011
4256,3.8,3.926934977658011
20040,4.2,4.139
3797,4.0,3.926934977658011
351,3.6,3.926934977658011
6429,3.5,3.926934977658011
11541,3.5,3.926934977658011
15481,4.0,3.926934977658011
8454,4.8,3.926934977658011
7336,4.0,3.926934977658011
809,3.7,3.926934977658011
9336,3.9,3.926934977658011
16857,4.3,3.926934977658011
849,3.9,3.926934977658011
23957,4.2,3.926934977658011
1816,3.3,3.926934977658011
1973,3.6,3.926934977658011
20406,3.8,3.926934977658011
885,3.8,3.926934977658011
2739,4.1,3.926934977658011
20303,3.8,3.926934977658011
11879,3.6,3.926934977658011
6252,4.0,3.926934977658011
12216,4.4,3.926934977658011
4379,3.5,3.926934977658011
17420,3.6,3.926934977658011
23247,3.5,3.926934977658011
23100,4.0,3.926934977658011
5042,3.9,4.150000000000001
14193,4.3,3.926934977658011
11171,3.8,3.926934977658011
22626,4.4,3.926934977658011
9271,4.1,3.926934977658011
6354,5.0,3.926934977658011
1591,4.2,3.926934977658011
18658,4.0,3.926934977658011
17769,4.2,3.926934977658011
7104,4.1,3.926934977658011
14354,4.2,3.926934977658011
8406,3.8,3.926934977658011
8913,4.2,3.926934977658011
4233,3.3,3.926934977658011
14059,3.6,3.926934977658011
3095,3.9,3.926934977658011
5668,4.1,3.926934977658011
2268,3.9,3.926934977658011
23808,4.0,3.926934977658011
21018,3.5,3.926934977658011
6617,3.8,3.926934977658011
3580,4.0,3.9019999999999984
22855,3.0,3.926934977658011
10222,3.6,3.926934977658011
23303,3.9,3.926934977658011
10652,3.9,3.8919999999999986
6083,3.9,3.926934977658011
16145,3.5,3.926934977658011
17906,4.1,3.926934977658011
17519,3.8,3.926934977658011
5564,4.0,3.926934977658011
23905,4.0,3.926934977658011
6112,2.8,3.926934977658011
22914,3.8,3.926934977658011
9023,3.9,3.926934977658011
11702,4.0,3.926934977658011
7675,4.4,3.926934977658011
21076,4.3,3.926934977658011
7851,4.5,3.926934977658011
20604,4.0,3.926934977658011
19160,4.6,3.926934977658011
11133,4.1,3.926934977658011
17954,3.9,3.926934977658011
23380,4.3,3.926934977658011
7219,3.6,3.926934977658011
13866,4.5,3.926934977658011
18742,3.9,3.926934977658011
7723,4.2,3.926934977658011
10426,3.6,3.926934977658011
5596,4.7,3.926934977658011
12074,4.2,3.926934977658011
15682,3.5,3.915000000000002
5583,4.0,3.926934977658011
6908,3.7,3.926934977658011
23604,4.1,3.926934977658011
9399,3.9,3.926934977658011
15976,3.7,3.926934977658011
6714,4.1,3.926934977658011
15560,3.9,3.926934977658011
23953,3.4,3.926934977658011
11392,4.3,3.926934977658011
3657,3.9,3.926934977658011
17174,4.9,3.926934977658011
22782,4.7,3.926934977658011
5131,3.9,3.884999999999999
23330,4.2,3.926934977658011
18765,4.5,3.926934977658011
15386,4.2,3.926934977658011
12045,4.2,3.926934977658011
12720,4.0,3.926934977658011
3939,4.1,3.926934977658011
16437,4.0,3.926934977658011
16769,3.9,3.926934977658011
11680,4.4,3.926934977658011
8213,4.4,3.926934977658011
56,4.2,3.926934977658011
21688,3.9,3.926934977658011
22287,4.0,4.050000000000001
23301,3.8,3.926934977658011
22106,4.2,3.926934977658011
17923,4.2,3.926934977658011
11380,4.3,3.926934977658011
11814,3.9,3.926934977658011
7173,3.8,3.926934977658011
11588,3.9,3.9079999999999977
2980,3.3,3.926934977658011
5846,3.9,3.926934977658011
11145,3.4,3.926934977658011
16403,3.3,3.926934977658011
1192,4.7,3.9770000000000025
18723,4.6,3.926934977658011
22114,3.4,3.926934977658011
9285,3.4,3.926934977658011
21403,3.9,3.926934977658011
20114,3.6,3.926934977658011
12551,4.0,3.926934977658011
13442,3.9,3.926934977658011
11690,4.1,3.926934977658011
12846,4.1,3.926934977658011
8596,4.1,3.900999999999999
5761,4.9,3.8469999999999995
12077,3.6,3.926934977658011
5327,3.5,3.926934977658011
12814,3.9,3.926934977658011
16683,3.7,3.9119999999999977
21902,3.6,3.926934977658011
5558,3.8,3.926934977658011
17086,4.2,3.926934977658011
9769,4.4,4.2139999999999995
6017,3.6,3.926934977658011
15726,3.5,3.926934977658011
614,3.7,3.926934977658011
7120,3.2,3.926934977658011
22451,3.7,3.926934977658011
20552,4.3,4.1
2985,4.2,3.926934977658011
3781,3.9,3.926934977658011
15577,3.7,3.926934977658011
17819,3.9,3.926934977658011
16184,3.6,3.7329999999999997
2674,3.9,3.926934977658011
7149,4.5,3.926934977658011
20134,3.7,3.8220000000000014
12279,3.7,3.926934977658011
20198,3.5,3.926934977658011
7672,4.1,3.926934977658011
8313,3.7,3.926934977658011
14553,4.8,3.926934977658011
5674,4.0,3.887999999999999
11413,3.3,3.926934977658011
199,3.8,3.926934977658011
14909,4.7,3.926934977658011
5779,4.2,4.197999999999999
18578,4.2,3.926934977658011
11645,3.4,3.926934977658011
17172,4.3,3.926934977658011
23754,3.0,3.926934977658011
9567,3.7,3.926934977658011
103,3.5,3.926934977658011
17017,3.8,3.926934977658011
3413,3.7,3.926934977658011
11052,4.1,3.926934977658011
10838,3.9,3.926934977658011
18521,4.4,3.926934977658011
1731,4.0,3.8339999999999987
13351,4.3,3.926934977658011
11573,3.8,3.926934977658011
16916,3.8,3.926934977658011
50,3.4,3.926934977658011
324,4.5,3.926934977658011
10779,4.1,3.926934977658011
11746,3.8,3.926934977658011
5768,4.1,3.924414734249948
8529,3.9,3.926934977658011
11198,3.8,3.895
2752,4.1,3.926934977658011
18096,3.3,3.926934977658011
12263,4.0,3.926934977658011
19080,4.2,3.926934977658011
23683,4.4,3.926934977658011
6013,3.7,3.926934977658011
8573,3.9,3.8810000000000007
8335,4.1,3.833000000000001
9511,4.2,3.926934977658011
277,4.0,3.926934977658011
15084,3.8,3.926934977658011
13403,3.8,3.926934977658011
4530,3.9,3.926934977658011
18045,3.7,3.926934977658011
16777,4.2,3.926934977658011
18955,3.5,3.926934977658011
5952,4.4,3.926934977658011
20619,3.5,4.030999999999999
15683,3.7,3.926934977658011
19330,3.9,3.926934977658011
2136,3.9,3.9362094747682814
3857,3.7,3.926934977658011
22067,4.0,3.926934977658011
316,3.7,3.926934977658011
2478,3.2,3.926934977658011
1734,3.9,3.926934977658011
20522,3.6,3.926934977658011
14716,3.7,3.926934977658011
128,3.5,3.926934977658011
20320,4.0,3.926934977658011
5064,3.7,3.926934977658011
23641,4.0,3.926934977658011
14515,4.1,3.926934977658011
9268,3.4,3.926934977658011
22917,3.6,3.926934977658011
1492,4.1,3.926934977658011
1450,3.8,3.926934977658011
12397,3.8,3.926934977658011
9201,4.0,3.926934977658011
2056,3.8,3.926934977658011
1860,3.7,3.926934977658011
21766,4.2,3.926934977658011
20938,3.9,3.970999999999999
18516,3.7,3.926934977658011
1398,4.1,3.926934977658011
976,3.8,3.926934977658011
16094,3.8,3.926934977658011
21188,3.7,3.7260000000000013
14724,3.9,4.0089999999999995
13532,3.6,3.926934977658011
22810,4.2,3.926934977658011
19678,3.8,3.926934977658011
19908,3.5,3.926934977658011
23582,4.8,3.926934977658011
14721,3.8,3.926934977658011
1771,3.8,3.926934977658011
16984,3.7,3.926934977658011
69,4.0,3.7629999999999977
4418,4.0,3.926934977658011
21899,3.9,3.838999999999999
20507,3.9,3.926934977658011
3678,5.0,3.926934977658011
16967,3.7,3.926934977658011
15881,4.2,3.949
13620,3.8,3.926934977658011
10964,4.5,3.9520000000000004
8266,4.0,3.926934977658011
18207,3.9,3.926934977658011
1962,4.5,3.926934977658011
8516,3.4,3.926934977658011
20886,4.0,3.926934977658011
22304,3.9,3.926934977658011
4580,3.4,3.926934977658011
8813,3.9,3.926934977658011
5260,3.7,3.926934977658011
1830,4.1,4.0009999999999994
5262,4.0,3.8315347663608703
2697,3.5,3.926934977658011
13640,3.9,3.938999999999999
11796,2.7,3.926934977658011
19954,4.3,4.158999999999998
21248,4.4,3.926934977658011
9294,3.5,4.0089999999999995
17615,3.7,3.9129999999999994
22743,3.9,3.926934977658011
8808,3.8,3.733267322673227
11055,3.7,3.926934977658011
19897,4.2,3.9079999999999986
7952,4.8,3.926934977658011
5210,3.9,3.926934977658011
15340,4.6,3.926934977658011
11063,3.9,3.926934977658011
737,3.9,3.926934977658011
19517,3.9,3.926934977658011
9321,3.2,3.926934977658011
14417,3.9,3.926934977658011
19595,3.9,3.926934977658011
20129,3.8,3.926934977658011
8859,4.3,3.926934977658011
6630,3.4,3.926934977658011
20734,3.7,3.926934977658011
13792,3.6,3.926934977658011
17639,4.6,3.9000000000000004
3621,4.0,3.926934977658011
22228,3.7,3.926934977658011
5975,4.0,3.926934977658011
18023,3.6,3.926934977658011
6797,4.1,3.926934977658011
6347,4.0,3.926934977658011
11560,3.1,3.926934977658011
14971,3.9,3.926934977658011
10469,4.2,3.926934977658011
11231,3.9,3.926934977658011
1888,3.8,3.926934977658011
23624,3.8,3.926934977658011
16827,3.7,3.926934977658011
2694,4.1,3.926934977658011
9176,3.9,3.926934977658011
12407,3.9,3.926934977658011
11893,4.0,3.926934977658011
15451,3.4,3.926934977658011
20775,3.1,3.926934977658011
20208,4.0,3.926934977658011
5980,3.7,3.926934977658011
19486,3.8,4.189
14596,4.3,3.926934977658011
13150,4.4,3.926934977658011
22632,3.8,3.926934977658011
9014,3.5,3.866999999999999
21128,4.3,3.941000000000001
20940,3.6,3.926934977658011
5102,4.5,3.926934977658011
4065,3.8,3.926934977658011
14920,4.7,3.849265197878417
20834,3.3,3.5329999999999977
23880,5.6,3.926934977658011
23602,4.2,3.926934977658011
7301,4.9,4.090999999999999
6487,4.3,3.926934977658011
10345,3.7,3.926934977658011
10006,4.0,3.926934977658011
4920,4.3,3.926934977658011
272,3.8,4.112999999999999
1690,4.0,3.926934977658011
13275,5.0,3.926934977658011
23066,4.2,3.926934977658011
1756,3.5,3.926934977658011
13293,3.1,3.926934977658011
14177,3.9,3.9529999999999994
15626,2.8,3.926934977658011
3503,3.9,3.926934977658011
5263,4.1,3.8669999999999987
22689,3.6,3.926934977658011
9232,4.3,3.926934977658011
22999,4.1,3.926934977658011
6802,4.3,3.926934977658011
2548,4.2,3.926934977658011
20887,3.8,3.926934977658011
12247,3.9,3.926934977658011
13726,4.0,3.926934977658011
20482,4.2,3.926934977658011
15566,3.7,3.926934977658011
21182,4.4,3.926934977658011
4426,3.9,3.926934977658011
5771,3.8,3.8619999999999974
19903,4.0,3.7859999999999996
5512,3.1,3.926934977658011
1408,4.1,3.926934977658011
11188,5.0,3.926934977658011
16821,3.3,3.926934977658011
1198,4.2,3.775357771861559
17586,4.0,3.926934977658011
22722,4.9,3.926934977658011
2360,3.7,3.926934977658011
23393,3.6,3.926934977658011
23501,4.2,3.926934977658011
1997,3.9,3.926934977658011
15841,3.9,3.926934977658011
22321,3.9,3.926934977658011
17539,4.1,3.926934977658011
7845,3.7,3.926934977658011
6971,3.9,3.926934977658011
20523,3.9,3.926934977658011
3779,3.0,3.926934977658011
10989,3.8,3.926934977658011
23364,4.0,3.926934977658011
5443,4.1,3.926934977658011
13005,3.8,3.926934977658011
20901,3.8,3.926934977658011
11700,4.1,4.0829999999999975
2237,3.0,3.926934977658011
18537,3.9,3.926934977658011
23438,3.8,3.926934977658011
4520,3.9,3.926934977658011
304,4.0,3.926934977658011
12799,3.9,3.926934977658011
17827,3.9,3.926934977658011
18463,4.2,3.926934977658011
1760,3.7,3.878000000000003
18011,3.9,3.926934977658011
573,4.0,3.926934977658011
9039,4.0,3.926934977658011
4354,3.9,3.926934977658011
15290,3.9,3.845425857083849
11100,3.5,3.926934977658011
23885,4.0,3.926934977658011
20214,3.4,3.8719999999999994
8394,3.8,3.926934977658011
19348,3.9,3.926934977658011
15470,3.9,3.926934977658011
4401,3.7,3.926934977658011
735,3.8,3.926934977658011
9326,3.6,3.926934977658011
9078,4.1,3.926934977658011
243,3.7,3.926934977658011
5833,3.8,3.926934977658011
19364,3.5,3.926934977658011
10851,4.1,3.926934977658011
10755,3.7,3.926934977658011
18961,4.2,3.926934977658011
14520,4.4,3.926934977658011
19596,4.2,3.926934977658011
13535,3.9,3.926934977658011
16201,3.9,3.926934977658011
13048,4.1,3.926934977658011
2951,3.4,3.926934977658011
22433,4.2,3.926934977658011
19299,4.5,4.116
9430,3.9,3.926934977658011
22207,4.1,3.9360000000000004
12609,3.8,3.926934977658011
14863,3.8,3.926934977658011
11577,4.3,3.926934977658011
3812,3.3,3.926934977658011
5915,3.9,3.926934977658011
22858,3.8,3.926934977658011
13250,3.7,3.926934977658011
10651,3.9,3.926
17150,4.3,3.926934977658011
20946,3.7,3.799000000000001
19723,4.3,3.926934977658011
8719,4.7,3.926934977658011
19729,4.2,3.926934977658011
16122,3.9,3.926934977658011
767,4.1,3.926934977658011
23366,3.6,3.926934977658011
9309,4.8,3.926934977658011
23307,3.8,3.926934977658011
9938,3.6,3.697
21711,3.8,3.926934977658011
23041,3.8,3.926934977658011
16140,3.5,3.926934977658011
2603,3.9,3.926934977658011
6393,4.2,3.926934977658011
11328,3.8,3.926934977658011
9626,4.1,3.926934977658011
10830,3.3,3.926934977658011
9914,3.4,3.778999999999999
12625,3.6,3.926934977658011
11041,5.5,3.888000000000001
5216,3.6,3.926934977658011
5776,3.6,3.8319999999999994
17082,4.1,3.926934977658011
17295,3.3,3.926934977658011
18893,4.0,3.926934977658011
1474,3.9,3.926934977658011
2292,4.2,3.926934977658011
3926,3.8,4.037000000000001
16911,4.2,3.926934977658011
15823,3.5,3.926934977658011
13821,3.7,3.926934977658011
22583,3.8,3.926934977658011
20195,3.9,3.926934977658011
8342,3.5,3.926934977658011
5595,3.7,3.926934977658011
13504,4.4,3.9930000000000008
20867,4.2,4.082999999999998
5109,3.9,3.926934977658011
12086,3.9,3.926934977658011
22867,3.2,3.926934977658011
18430,3.4,3.926934977658011
3815,3.7,3.926934977658011
15723,4.2,3.926934977658011
22750,3.9,3.926934977658011
16113,3.7,4.05
5389,4.0,3.926934977658011
5275,3.5,3.926934977658011
23173,4.0,3.926934977658011
17859,3.4,3.926934977658011
2948,3.9,3.926934977658011
11571,3.7,3.926934977658011
13986,3.6,3.926934977658011
2022,3.7,3.926934977658011
10456,4.6,3.926934977658011
22649,3.9,3.926934977658011
5015,3.4,3.926934977658011
1113,3.6,3.926934977658011
5799,3.5,3.926934977658011
6177,4.0,3.859000000000002
14607,3.8,3.926934977658011
23215,3.8,3.926934977658011
19337,3.9,3.926934977658011
15592,4.7,3.926934977658011
12015,3.6,3.926934977658011
23000,4.1,3.926934977658011
10192,3.9,3.819
18027,3.1,3.926934977658011
3045,4.0,3.926934977658011
11426,3.7,3.926934977658011
8375,3.8,3.926934977658011
10452,3.6,3.926934977658011
9522,4.3,3.926934977658011
1267,3.6,3.926934977658011
9971,4.2,4.04
22543,3.8,3.926934977658011
8918,4.1,3.926934977658011
11434,3.9,3.926934977658011
11916,4.6,3.926934977658011
6168,3.9,3.926934977658011
18974,3.9,3.926934977658011
1719,4.1,3.926934977658011
9011,3.5,3.926934977658011
9103,3.8,3.926934977658011
16687,3.3,3.926934977658011
12042,3.8,3.926934977658011
2666,4.0,3.926934977658011
581,4.1,3.926934977658011
1287,3.6,3.926934977658011
21996,3.4,3.926934977658011
18812,3.9,3.926934977658011
9733,3.5,3.926934977658011
11599,3.5,3.926934977658011
8834,3.8,3.926934977658011
21775,4.2,3.926934977658011
21928,3.8,3.926934977658011
12416,3.5,3.926934977658011
7244,3.1,3.926934977658011
23457,3.9,3.926934977658011
2508,3.6,3.926934977658011
16599,3.5,3.926934977658011
11707,4.1,3.926934977658011
21882,4.4,3.926934977658011
22150,3.3,3.926934977658011
18337,3.8,3.926934977658011
10720,3.8,3.926934977658011
18154,4.1,3.926934977658011
609,3.6,3.926934977658011
23175,3.7,3.926934977658011
20469,3.5,3.926934977658011
5694,3.8,3.926934977658011
16653,3.8,3.926934977658011
4298,3.8,3.926934977658011
18802,4.1,3.926934977658011
23542,3.9,3.926934977658011
11914,4.3,3.926934977658011
3067,4.2,3.926934977658011
22070,3.8,3.926934977658011
10696,4.1,3.926934977658011
14763,4.0,3.926934977658011
4944,4.9,3.926934977658011
9839,4.0,3.926934977658011
4444,4.1,3.926934977658011
6359,3.9,3.926934977658011
6122,3.5,3.847236096964758
10937,4.0,3.926934977658011
2569,4.5,3.926934977658011
20141,5.1,4.058999999999998
1384,4.1,3.926934977658011
17727,4.0,3.8369999999999997
12111,3.6,3.926934977658011
1147,4.1,3.926934977658011
9081,4.0,3.9760000000000013
20990,3.6,3.706000000000003
13730,3.6,3.960999999999998
18013,3.9,3.926934977658011
16838,4.2,3.825999999999999
3967,3.9,3.926934977658011
13869,4.7,3.926934977658011
3720,3.5,3.926934977658011
15890,3.6,3.926934977658011
17778,3.6,3.926934977658011
11473,3.8,3.926934977658011
23704,3.9,3.926934977658011
12778,3.8,3.926934977658011
6033,4.0,3.926934977658011
16839,3.2,3.926934977658011
11367,3.9,3.926934977658011
4884,4.0,4.060000000000001
10995,3.9,3.926934977658011
12483,3.7,3.926934977658011
7947,4.1,3.926934977658011
1193,4.8,3.926934977658011
922,3.8,3.8222390462604428
7763,4.0,3.926934977658011
14250,3.5,3.926934977658011
4501,3.9,3.9380000000000006
21869,3.7,3.9250000000000007
21915,3.8,3.926934977658011
18767,5.1,3.926934977658011
19194,4.0,3.926934977658011
15979,3.2,3.926934977658011
21408,4.1,3.926934977658011
9985,4.1,3.926934977658011
312,3.9,3.926934977658011
22152,4.2,3.926934977658011
1178,3.8,3.926934977658011
5159,3.3,3.926934977658011
11249,4.0,3.926934977658011
3185,3.4,3.926934977658011
16785,3.7,3.926934977658011
5589,4.0,3.926934977658011
23076,3.7,3.926934977658011
3082,4.2,3.926934977658011
5212,3.9,3.926934977658011
4362,4.0,3.806999999999997
15934,4.3,3.926934977658011
10284,3.7,3.926934977658011
10019,3.1,3.926934977658011
18212,4.0,3.926934977658011
8468,3.9,3.926934977658011
5429,4.4,3.7459999999999987
17987,4.0,3.926934977658011
5702,3.8,3.926934977658011
9094,4.4,3.926934977658011
14165,3.6,3.926934977658011
18558,3.7,3.926934977658011
16356,4.0,3.926934977658011
9810,4.1,3.926934977658011
7423,4.1,3.926934977658011
982,4.0,3.818000000000002
13102,3.8,3.926934977658011
11530,3.8,3.926934977658011
8397,3.9,3.926934977658011
15992,3.7,3.926934977658011
9356,4.0,3.926934977658011
14530,3.9,3.926934977658011
12172,3.1,3.926934977658011
41,4.6,3.926934977658011
11347,3.3,3.926934977658011
23897,3.7,3.926934977658011
19259,3.7,3.926934977658011
21,4.2,3.926934977658011
20942,3.9,3.926934977658011
4015,3.9,3.907
1225,3.9,3.926934977658011
16729,4.0,3.926934977658011
15508,4.5,3.926934977658011
12515,4.0,3.926934977658011
9543,4.0,3.926934977658011
22530,3.2,3.926934977658011
10580,4.5,3.7860000000000014
20688,4.2,3.9660000000000006
1241,4.5,3.926934977658011
5319,3.6,3.926934977658011
5176,3.7,3.926934977658011
22726,4.1,3.926934977658011
22936,3.9,3.926934977658011
15049,3.4,3.926934977658011
10246,4.1,3.926934977658011
18582,3.5,3.926934977658011
2274,3.0,3.926934977658011
11750,4.0,3.926934977658011
19974,3.1,3.926934977658011
23830,3.8,3.926934977658011
3809,3.7,3.926934977658011
4514,3.8,3.926934977658011
17753,3.8,3.926934977658011
21295,3.9,3.926934977658011
8385,3.7,3.926934977658011
15997,4.0,3.926934977658011
19244,3.9,3.926934977658011
23789,4.0,3.926934977658011
5052,3.6,3.926934977658011
6747,3.5,3.926934977658011
23491,3.8,3.926934977658011
728,3.9,3.926934977658011
13030,4.0,3.926934977658011
5120,4.0,3.926934977658011
22094,4.4,3.874000000000001
18140,4.1,3.926934977658011
10573,3.7,3.926934977658011
21102,3.9,3.926934977658011
1581,4.0,3.926934977658011
7436,3.8,3.926934977658011
7468,3.7,3.926934977658011
4750,4.0,3.926934977658011
13429,3.8,3.926934977658011
8519,3.6,3.926934977658011
16054,3.0,3.4819999999999993
19369,3.3,3.926934977658011
13038,4.9,3.926934977658011
8669,3.8,3.926934977658011
291,3.8,3.926934977658011
13059,3.8,3.926934977658011
14886,2.9,3.926934977658011
11167,3.6,3.926934977658011
1551,3.6,3.926934977658011
16481,4.0,3.9130000000000007
8564,3.8,3.926934977658011
11368,3.8,3.926934977658011
18842,3.3,3.926934977658011
11957,4.2,3.926934977658011
2217,3.6,3.926934977658011
14903,4.1,3.926934977658011
21166,4.3,3.926934977658011
13990,3.2,3.926934977658011
20117,3.7,3.7260000000000004
22420,4.5,3.926934977658011
15858,3.8,3.926934977658011
12370,3.8,3.926934977658011
12837,3.6,3.926934977658011
684,3.5,3.926934977658011
3943,4.3,3.926934977658011
10321,3.8,3.926934977658011
6535,4.0,3.926934977658011
6321,4.1,3.926934977658011
13099,4.0,3.926934977658011
15764,3.9,3.926934977658011
14572,4.2,3.926934977658011
22478,3.6,3.926934977658011
19495,4.0,3.926934977658011
1799,3.8,3.9530000000000003
13172,4.0,3.926934977658011
20457,4.1,3.926934977658011
6021,3.2,3.926934977658011
18251,4.1,3.9309999999999996
5520,3.6,3.926934977658011
6243,3.7,3.926934977658011
22536,4.4,3.926934977658011
13511,4.3,3.926934977658011
13012,3.7,3.926934977658011
8622,4.2,3.926934977658011
21344,4.1,3.926934977658011
4389,3.7,3.926934977658011
20956,4.2,3.926934977658011
17363,4.0,3.926934977658011
13416,3.7,3.926934977658011
841,4.5,3.926934977658011
11087,4.2,3.926934977658011
19281,3.4,3.926934977658011
9867,4.6,3.926934977658011
10661,3.7,3.926934977658011
19470,4.6,3.926934977658011
15103,4.0,3.926934977658011
14069,4.8,3.926934977658011
10127,3.4,3.926934977658011
15021,3.8,3.919999999999998
22574,4.6,3.926934977658011
23548,3.7,3.926934977658011
19666,3.9,3.926934977658011
10072,3.2,3.926934977658011
22870,3.4,3.926934977658011
16060,4.1,3.926934977658011
5231,5.0,3.926934977658011
5311,4.6,4.009000000000001
21607,3.6,3.926934977658011
16774,3.8,3.926934977658011
11830,3.9,3.926934977658011
6736,3.9,3.926934977658011
17784,3.9,3.926934977658011
942,3.9,3.926934977658011
23415,3.8,3.926934977658011
17588,3.9,3.926934977658011
5744,3.8,3.7869999999999995
6142,3.7,3.926934977658011
818,3.8,3.926934977658011
18179,4.0,3.926934977658011
13988,3.1,3.926934977658011
212,3.7,3.926934977658011
21020,3.9,3.926934977658011
12729,3.9,3.8710000000000004
16876,3.6,3.926934977658011
23910,3.4,3.926934977658011
23727,4.2,3.926934977658011
11009,4.2,3.926934977658011
7199,6.1,3.926934977658011
22767,3.9,3.926934977658011
23806,4.0,3.926934977658011
5518,3.3,3.926934977658011
22646,4.0,3.926934977658011
3647,3.8,3.86
7712,3.9,3.926934977658011
17025,3.8,3.926934977658011
23168,3.9,3.926934977658011
20828,3.3,3.926934977658011
5284,3.8,3.926934977658011
12552,4.3,3.926934977658011
23527,3.8,3.926934977658011
23387,4.1,3.926934977658011
8373,4.5,3.9609999999999985
17232,4.5,3.926934977658011
1388,4.4,3.926934977658011
6995,3.3,3.926934977658011
1994,4.1,3.926934977658011
9435,4.0,3.926934977658011
8076,4.3,3.926934977658011
20529,4.1,3.926934977658011
2749,5.1,3.926934977658011
1095,3.0,3.926934977658011
2783,4.2,3.926934977658011
4682,4.1,3.926934977658011
12639,3.8,3.926934977658011
700,4.0,3.926934977658011
8151,3.8,3.926934977658011
644,3.8,3.926934977658011
4434,4.1,3.8579999999999988
17717,3.8,3.926934977658011
15286,4.3,3.833999999999999
3512,3.8,3.926934977658011
13312,3.2,3.926934977658011
1853,4.0,3.9499999999999993
11120,4.1,3.926934977658011
8244,4.2,3.926934977658011
22164,4.2,3.862
3769,4.0,3.926934977658011
2716,4.1,3.938999999999999
22799,4.2,3.926934977658011
2472,3.8,3.926934977658011
13436,3.6,3.926934977658011
16829,3.8,3.926934977658011
4345,3.9,3.926934977658011
22401,3.9,3.926934977658011
21633,3.8,3.926934977658011
19311,3.5,3.926934977658011
4420,3.5,3.926934977658011
7201,3.5,3.926934977658011
19455,4.2,3.926934977658011
611,3.2,3.926934977658011
11853,3.6,3.926934977658011
13108,3.6,3.926934977658011
22318,3.8,3.926934977658011
15316,4.6,3.926934977658011
4281,3.6,3.926934977658011
3366,3.7,3.926934977658011
17624,3.6,3.926934977658011
1181,4.2,3.926934977658011
6704,3.8,3.926934977658011
16859,4.0,3.926934977658011
23201,3.7,3.926934977658011
910,4.3,3.926934977658011
19081,3.9,3.926934977658011
20965,3.7,3.926934977658011
7055,3.6,3.926934977658011
1870,4.3,3.926934977658011
10756,3.8,3.926934977658011
12921,4.2,3.926934977658011
805,3.8,3.926934977658011
20539,4.1,3.7949999999999995
21785,3.7,3.8429999999999995
9132,4.0,3.926934977658011
14987,3.8,3.926934977658011
6595,4.1,3.926934977658011
14546,3.5,3.926934977658011
23751,4.5,3.926934977658011
3548,3.8,3.926934977658011
7876,3.4,3.926934977658011
21375,3.7,3.926934977658011
6362,3.7,3.926934977658011
11824,3.5,3.926934977658011
1229,3.9,3.926934977658011
14769,4.5,3.926934977658011
23181,3.9,3.926934977658011
17822,4.1,3.926934977658011
23972,3.8,3.926934977658011
11977,3.3,3.926934977658011
14563,3.8,3.926934977658011
7760,3.1,3.926934977658011
22962,3.9,3.926934977658011
9570,4.3,3.926934977658011
6063,3.8,3.926934977658011
2714,4.1,3.716999999999999
17169,4.5,3.926934977658011
6462,4.3,3.926934977658011
8070,3.2,3.926934977658011
5242,4.1,3.926934977658011
17934,3.7,3.926934977658011
1607,4.9,3.926934977658011
1269,3.3,3.926934977658011
16941,3.7,3.926934977658011
17786,3.6,3.926934977658011
5480,4.1,3.926934977658011
12641,4.0,3.926934977658011
8399,3.9,3.926934977658011
23014,3.9,3.926934977658011
15307,4.3,3.926934977658011
966,4.0,3.926934977658011
7791,4.4,3.926934977658011
6123,3.5,3.926934977658011
8006,4.1,3.926934977658011
3852,3.9,3.926934977658011
20496,3.8,4.005999999999999
9191,4.1,3.926934977658011
23618,4.4,3.926934977658011
23162,3.7,3.926934977658011
7186,4.9,3.926934977658011
4671,3.7,3.926934977658011
2205,3.9,3.926934977658011
20718,3.9,3.869
147,4.5,3.926934977658011
21515,4.4,3.926934977658011
16590,3.8,3.926934977658011
21170,3.8,3.926934977658011
19006,3.5,3.926934977658011
15860,3.5,3.834000000000001
20838,4.0,3.926934977658011
23503,4.3,3.926934977658011
15497,4.0,3.926934977658011
17201,4.0,3.926934977658011
20858,4.0,3.926934977658011
1194,4.7,3.926934977658011
22776,3.4,3.926934977658011
18275,4.2,3.926934977658011
12165,3.9,3.926934977658011
23297,4.3,3.926934977658011
21854,4.2,3.926934977658011
16320,3.7,3.926934977658011
17514,3.4,3.926934977658011
7572,4.0,3.926934977658011
5660,3.8,3.926934977658011
6555,3.8,3.926934977658011
853,3.7,3.926934977658011
13262,3.6,3.926934977658011
2102,3.7,3.926934977658011
9913,3.1,3.926934977658011
18839,3.7,3.926934977658011
9043,2.8,3.926934977658011
15080,4.0,3.926934977658011
11939,3.6,3.9570000000000003
23276,3.7,3.926934977658011
13883,3.8,3.926934977658011
1648,3.9,3.926934977658011
8930,4.0,3.9309999999999987
1555,4.3,3.926934977658011
17702,3.3,3.926934977658011
2968,4.6,3.926934977658011
15965,4.1,3.926934977658011
1498,4.1,3.926934977658011
137,4.3,3.926934977658011
18034,3.4,3.926934977658011
22691,3.9,3.926934977658011
6334,3.1,3.926934977658011
1615,3.8,3.926934977658011
22924,4.3,3.926934977658011
14914,3.9,3.926934977658011
8751,4.0,3.926934977658011
14893,6.3,3.926934977658011
13959,4.0,3.926934977658011
12782,3.5,3.926934977658011
11252,4.0,3.926934977658011
4040,4.0,3.926934977658011
19011,4.7,3.926934977658011
4903,4.0,3.926934977658011
16979,3.7,3.926934977658011
2296,4.3,3.926934977658011
6813,3.4,3.926934977658011
778,4.1,3.926934977658011
6892,5.2,3.926934977658011
17973,3.3,3.926934977658011
176,3.7,3.926934977658011
12122,3.9,3.926934977658011
6403,3.6,3.926934977658011
16258,3.6,3.926934977658011
16045,3.6,3.926934977658011
21402,3.5,3.926934977658011
21087,4.0,3.9790000000000005
18950,5.3,3.926934977658011
8557,3.6,3.926934977658011
7777,4.5,3.926934977658011
6806,5.1,3.926934977658011
19228,3.7,3.926934977658011
10267,4.2,3.821999999999999
18489,4.1,3.926934977658011
11602,3.4,3.926934977658011
13163,4.2,3.926934977658011
2565,3.5,3.926934977658011
12503,3.9,3.926934977658011
10160,4.1,3.926934977658011
23267,3.8,3.926934977658011
12460,3.4,3.926934977658011
1935,3.7,3.926934977658011
4814,3.6,3.926934977658011
2067,4.1,3.926934977658011
22832,3.8,3.926934977658011
7692,3.7,3.926934977658011
2354,3.9,3.926934977658011
21396,3.7,3.926934977658011
2655,4.7,3.926934977658011
7820,3.5,3.926934977658011
21626,3.8,3.926934977658011
1203,3.9,3.9629999999999996
1090,3.3,3.926934977658011
17460,4.0,3.926934977658011
6412,3.5,3.926934977658011
5283,3.7,3.926934977658011
18575,3.1,3.926934977658011
6109,3.8,3.926934977658011
16233,3.7,3.929999999999999
5379,4.1,3.926934977658011
3183,3.8,3.926934977658011
19803,4.0,3.926934977658011
22637,3.9,3.926934977658011
18220,4.2,3.926934977658011
16222,4.7,3.811999999999997
11337,3.6,3.926934977658011
21601,4.7,3.926934977658011
1376,3.6,3.926934977658011
19579,3.8,3.926934977658011
22789,3.8,3.926934977658011
5357,4.7,3.926934977658011
21594,3.7,3.926934977658011
9361,3.5,3.926934977658011
18068,3.7,3.926934977658011
17084,4.0,3.926934977658011
22685,4.1,3.926934977658011
22493,3.9,3.926934977658011
12540,3.5,3.926934977658011
10936,3.5,3.926934977658011
12751,4.5,3.926934977658011
16466,3.3,3.926934977658011
435,4.1,3.926934977658011
1778,3.6,3.926934977658011
22102,4.8,3.926934977658011
12181,4.1,3.926934977658011
6172,4.2,3.926934977658011
4493,4.3,3.926934977658011
16155,4.0,3.926934977658011
3438,3.9,3.926934977658011
18192,3.8,3.926934977658011
1621,3.4,3.926934977658011
16948,4.2,3.926934977658011
18120,4.1,3.926934977658011
8259,4.0,3.926934977658011
9980,4.1,3.926934977658011
18059,4.1,3.926934977658011
12972,3.7,3.926934977658011
15086,3.4,3.926934977658011
6625,3.9,3.926934977658011
16369,4.0,3.926934977658011
8999,4.2,3.926934977658011
23236,3.5,3.926934977658011
1037,4.0,3.7379999999999978
16825,3.9,3.926934977658011
17291,3.6,3.926934977658011
14524,4.1,3.926934977658011
21464,3.8,3.904
14635,4.3,3.926934977658011
4030,3.8,3.926934977658011
12037,4.1,3.926934977658011
10872,4.0,3.926934977658011
6411,4.0,3.926934977658011
2105,3.9,3.926934977658011
196,5.0,3.926934977658011
10556,4.2,3.845000000000001
2910,3.8,3.926934977658011
10772,3.6,3.926934977658011
15807,3.8,3.926934977658011
5191,3.8,3.926934977658011
14264,3.6,3.843000000000001
7955,4.5,3.926934977658011
21094,4.0,3.926934977658011
12175,2.7,3.926934977658011
22669,3.9,3.926934977658011
6620,4.1,3.926934977658011
13251,3.7,3.926934977658011
21789,4.3,3.8940000000000015
19022,3.6,3.926934977658011
1539,5.0,3.926934977658011
23239,4.2,3.926934977658011
2031,3.8,3.926934977658011
13523,4.3,3.926934977658011
13722,4.3,3.926934977658011
10905,3.9,3.926934977658011
10627,4.1,3.926934977658011
6877,4.6,3.926934977658011
23606,3.7,3.926934977658011
23485,3.8,3.926934977658011
12937,4.1,3.926934977658011
5551,4.3,3.926934977658011
18874,3.9,3.926934977658011
12156,3.8,3.926934977658011
661,3.8,3.926934977658011
23396,3.5,3.926934977658011
2935,4.2,3.926934977658011
12236,4.0,3.926934977658011
20729,2.8,3.926934977658011
4898,3.7,3.926934977658011
9395,3.6,3.926934977658011
18759,4.9,3.926934977658011
18007,4.1,3.926934977658011
1947,4.5,3.926934977658011
19191,3.9,3.926934977658011
2586,4.0,3.926934977658011
20681,3.9,3.926934977658011
22610,4.0,3.926934977658011
20918,3.9,3.926934977658011
7800,4.3,3.926934977658011
7417,4.1,3.926934977658011
3307,4.8,3.7389999999999985
21720,3.9,3.926934977658011
21054,4.1,3.926934977658011
21885,4.3,3.926934977658011
14316,3.9,3.926934977658011
13112,3.9,3.926934977658011
5871,4.3,3.926934977658011
9855,3.6,3.926934977658011
12768,3.6,3.926934977658011
3390,4.9,3.926934977658011
8435,3.8,3.926934977658011
13338,4.0,3.926934977658011
43,4.2,3.926934977658011
22470,3.6,3.926934977658011
1167,4.6,3.926934977658011
8503,4.0,3.926934977658011
17704,3.1,3.926934977658011
4293,3.5,3.926934977658011
23714,4.3,3.926934977658011
5098,3.8,3.926934977658011
5459,3.7,3.926934977658011
5247,3.9,3.926934977658011
20087,3.5,3.926934977658011
7081,3.7,3.926934977658011
19240,3.8,3.926934977658011
23347,3.9,3.926934977658011
15734,4.3,3.926934977658011
22884,3.8,3.926934977658011
10694,4.1,3.926934977658011
11659,3.6,3.927000000000001
18561,4.3,3.926934977658011
6372,4.3,3.926934977658011
18634,3.6,3.9709999999999996
18407,4.0,3.926934977658011
5822,3.6,3.8029999999999995
8569,3.8,3.926934977658011
6809,4.5,3.926934977658011
19944,4.1,3.8519999999999985
23309,4.0,3.926934977658011
3761,3.7,3.866
16330,5.1,3.926934977658011
13287,4.3,3.926934977658011
18741,3.9,3.926934977658011
23124,3.8,3.926934977658011
22642,3.6,3.926934977658011
3679,4.5,3.926934977658011
11695,4.1,3.926934977658011
19945,4.0,3.8769999999999976
2537,4.2,3.926934977658011
1956,4.9,3.926934977658011
8274,5.6,3.926934977658011
6829,4.1,3.926934977658011
2401,4.3,3.926934977658011
111,3.6,3.926934977658011
19877,4.4,3.926934977658011
146,3.5,3.926934977658011
11613,4.7,3.926934977658011
7834,3.9,3.926934977658011
3525,3.9,3.926934977658011
5095,3.9,4.017999999999997
12090,3.8,3.926934977658011
6830,4.5,3.926934977658011
23687,3.9,3.926934977658011
23063,3.8,3.926934977658011
9748,4.0,3.926934977658011
8522,4.3,3.926934977658011
18773,3.9,3.926934977658011
18514,4.0,3.926934977658011
18646,4.2,3.926934977658011
74,4.2,3.926934977658011
12210,4.1,3.926934977658011
206,3.9,3.926934977658011
3804,3.6,3.926934977658011
16781,4.4,3.926934977658011
20081,4.0,3.926934977658011
839,3.6,3.926934977658011
19732,5.2,3.926934977658011
23787,3.9,3.926934977658011
23299,3.3,3.926934977658011
5699,3.8,3.926934977658011
14449,4.0,3.823999999999998
3547,3.7,3.926934977658011
16276,4.0,3.926934977658011
16744,2.8,3.926934977658011
23514,4.0,3.926934977658011
4929,4.7,3.926934977658011
6010,4.5,3.926934977658011
17734,3.9,3.926934977658011
8130,4.2,3.926934977658011
22173,4.4,3.926934977658011
13431,3.3,3.926934977658011
18897,3.8,3.926934977658011
11313,4.2,3.926934977658011
14040,4.8,3.926934977658011
23717,3.7,3.926934977658011
935,4.2,3.9562307692307677
16632,3.6,3.926934977658011
20231,4.5,3.926934977658011
22851,3.2,3.926934977658011
17120,4.1,3.926934977658011
16151,4.0,3.926934977658011
13878,3.6,3.926934977658011
19100,3.6,3.926934977658011
15643,4.0,3.753
19406,4.1,3.926934977658011
18328,3.8,3.926934977658011
19663,4.1,3.937000000000002
10055,3.8,3.6789999999999994
2356,3.7,3.926934977658011
13904,3.4,3.791000000000001
10073,2.9,3.926934977658011
1116,5.9,3.926934977658011
1125,3.8,3.926934977658011
20356,4.9,4.001
21937,3.7,3.926934977658011
10877,3.8,3.926934977658011
15139,3.9,3.926934977658011
20785,3.5,3.926934977658011
2412,4.2,3.926934977658011
5251,4.0,3.926934977658011
15277,3.7,3.7070000000000003
23390,3.7,3.926934977658011
887,3.7,3.926934977658011
2891,4.0,3.926934977658011
3704,3.7,4.063000000000001
20730,3.4,3.926934977658011
3568,4.6,3.926934977658011
7999,4.0,3.926934977658011
8769,4.1,3.926934977658011
16606,3.7,3.926934977658011
950,4.3,3.926934977658011
3265,4.2,3.926934977658011
22414,3.9,3.926934977658011
15543,3.4,3.926934977658011
23529,3.8,3.926934977658011
23027,3.8,3.926934977658011
6532,3.9,3.926934977658011
23209,4.1,3.926934977658011
15785,4.4,3.926934977658011
11701,3.6,3.6510000000000007
20762,3.5,3.926934977658011
8902,4.3,3.926934977658011
17872,5.0,3.926934977658011
5600,4.1,3.926934977658011
6328,4.0,3.926934977658011
11610,5.1,3.926934977658011
5792,4.5,3.926934977658011
13787,3.8,3.926934977658011
11641,3.5,3.926934977658011
11148,4.9,3.926934977658011
8514,3.1,3.926934977658011
14438,3.5,3.926934977658011
13843,3.3,3.926934977658011
12794,3.9,3.926934977658011
20676,4.6,3.926934977658011
8254,4.3,3.926934977658011
23483,3.9,3.926934977658011
3997,4.0,3.88
22435,3.7,3.926934977658011
453,4.0,3.926934977658011
11515,3.6,3.926934977658011
9258,4.0,3.985999999999999
19519,3.8,3.926934977658011
8699,4.2,3.926934977658011
18706,4.0,3.926934977658011
9524,3.9,3.926934977658011
11031,3.5,3.926934977658011
9871,3.6,3.926934977658011
2203,4.1,3.926934977658011
249,4.2,3.926934977658011
4958,4.1,3.926934977658011
21479,4.4,3.926934977658011
14551,4.2,3.926934977658011
21661,3.3,3.926934977658011
20188,4.0,3.926934977658011
15197,3.9,3.926934977658011
549,3.4,3.926934977658011
10301,3.6,3.926934977658011
13255,3.7,3.926934977658011
1674,3.5,3.926934977658011
5738,4.0,3.926934977658011
6267,3.8,3.926934977658011
12744,3.2,3.926934977658011
