,y_test,prediction
23700,3.9,3.9269349776580125
19000,3.8,3.9269349776580125
23938,3.4,3.9269349776580125
1960,3.9,3.9269349776580125
4980,3.8,3.9269349776580125
15865,3.9,3.9269349776580125
5890,4.1,3.9269349776580125
4348,3.9,3.735999999999999
173,3.7,3.9269349776580125
8039,3.7,3.9269349776580125
13675,4.0,3.9269349776580125
15705,4.4,3.9269349776580125
18424,3.7,3.9269349776580125
22970,4.0,3.9269349776580125
2512,3.7,3.9269349776580125
8080,3.7,3.9269349776580125
5113,3.7,3.9269349776580125
15136,3.3,3.9269349776580125
10517,4.0,3.9269349776580125
18043,3.7,3.9269349776580125
3991,3.6,3.9269349776580125
21912,3.6,3.9269349776580125
18801,4.2,3.9269349776580125
18527,4.7,3.9269349776580125
20994,3.9,3.9269349776580125
6567,4.2,3.9269349776580125
8764,4.2,3.9269349776580125
21274,3.8,3.9269349776580125
4268,4.1,3.9269349776580125
2779,4.1,3.9269349776580125
13836,3.8,3.9269349776580125
22107,4.5,3.9269349776580125
17966,3.5,3.9269349776580125
2018,3.6,3.7530000000000023
15995,3.9,3.9269349776580125
15088,3.9,3.9269349776580125
7184,4.0,3.9269349776580125
7155,4.1,3.9269349776580125
13583,4.0,3.9269349776580125
17956,4.0,3.9269349776580125
17434,4.2,3.824
17277,3.8,3.9269349776580125
15007,5.0,3.9269349776580125
18718,4.2,3.9269349776580125
18335,3.9,3.9269349776580125
3626,3.9,3.9269349776580125
6577,3.6,3.9269349776580125
2153,4.0,3.8369999999999997
23668,4.6,3.9269349776580125
18358,4.1,3.9269349776580125
20095,3.7,3.9269349776580125
14905,4.3,3.7310000000000003
17918,4.5,3.9269349776580125
9657,4.0,3.692000000000001
654,4.0,3.9269349776580125
13300,3.8,4.141
12886,4.0,3.9269349776580125
11551,3.8,3.9269349776580125
13381,4.2,3.9269349776580125
858,3.8,3.9269349776580125
4094,4.4,3.8239999999999994
13902,4.4,3.9269349776580125
10488,3.9,4.0280000000000005
12999,3.8,3.9269349776580125
15768,4.3,3.9269349776580125
13872,4.3,3.9269349776580125
20979,3.2,3.9269349776580125
3923,3.3,3.9269349776580125
21941,4.4,3.9269349776580125
16962,3.7,3.9269349776580125
11256,3.7,3.9269349776580125
23395,3.6,3.9269349776580125
4586,4.2,3.9269349776580125
1567,3.6,3.9269349776580125
10789,3.7,3.9269349776580125
17322,3.7,3.9269349776580125
22541,3.9,3.9269349776580125
15967,3.4,3.9269349776580125
10614,3.3,3.555999999999998
20671,4.0,3.9269349776580125
9906,4.2,3.9269349776580125
14838,3.8,3.9269349776580125
8663,4.0,3.9269349776580125
500,4.3,3.9269349776580125
919,4.0,3.9269349776580125
9831,3.9,3.9269349776580125
12786,3.7,3.9269349776580125
1233,4.9,3.9269349776580125
12049,4.0,3.9269349776580125
6960,3.5,3.9269349776580125
6931,4.6,3.9269349776580125
18807,4.1,3.9269349776580125
5745,3.9,3.9269349776580125
4256,3.8,3.9269349776580125
20040,4.2,4.175999999999999
3797,4.0,3.9269349776580125
351,3.6,3.9269349776580125
6429,3.5,3.9269349776580125
11541,3.5,3.9269349776580125
15481,4.0,3.9269349776580125
8454,4.8,3.9269349776580125
7336,4.0,3.9269349776580125
809,3.7,3.9269349776580125
9336,3.9,3.9269349776580125
16857,4.3,3.9269349776580125
849,3.9,3.9269349776580125
23957,4.2,3.9269349776580125
1816,3.3,3.9269349776580125
1973,3.6,3.9269349776580125
20406,3.8,3.9269349776580125
885,3.8,3.9269349776580125
2739,4.1,3.9269349776580125
20303,3.8,3.9269349776580125
11879,3.6,3.9269349776580125
6252,4.0,3.9269349776580125
12216,4.4,3.9269349776580125
4379,3.5,3.9269349776580125
17420,3.6,3.9269349776580125
23247,3.5,3.9269349776580125
23100,4.0,3.9269349776580125
5042,3.9,4.283000000000002
14193,4.3,3.9269349776580125
11171,3.8,3.9269349776580125
22626,4.4,3.9269349776580125
9271,4.1,3.9269349776580125
6354,5.0,3.9269349776580125
1591,4.2,3.9269349776580125
18658,4.0,3.9269349776580125
17769,4.2,3.9269349776580125
7104,4.1,3.9269349776580125
14354,4.2,3.9269349776580125
8406,3.8,3.9269349776580125
8913,4.2,3.9269349776580125
4233,3.3,3.9269349776580125
14059,3.6,3.9269349776580125
3095,3.9,3.9269349776580125
5668,4.1,3.9269349776580125
2268,3.9,3.9269349776580125
23808,4.0,3.9269349776580125
21018,3.5,3.9269349776580125
6617,3.8,3.9269349776580125
3580,4.0,3.879999999999999
22855,3.0,3.9269349776580125
10222,3.6,3.9269349776580125
23303,3.9,3.9269349776580125
10652,3.9,3.852
6083,3.9,3.9269349776580125
16145,3.5,3.9269349776580125
17906,4.1,3.9269349776580125
17519,3.8,3.9269349776580125
5564,4.0,3.9269349776580125
23905,4.0,3.9269349776580125
6112,2.8,3.9269349776580125
22914,3.8,3.9269349776580125
9023,3.9,3.9269349776580125
11702,4.0,3.9269349776580125
7675,4.4,3.9269349776580125
21076,4.3,3.9269349776580125
7851,4.5,3.9269349776580125
20604,4.0,3.9269349776580125
19160,4.6,3.9269349776580125
11133,4.1,3.9269349776580125
17954,3.9,3.9269349776580125
23380,4.3,3.9269349776580125
7219,3.6,3.9269349776580125
13866,4.5,3.9269349776580125
18742,3.9,3.9269349776580125
7723,4.2,3.9269349776580125
10426,3.6,3.9269349776580125
5596,4.7,3.9269349776580125
12074,4.2,3.9269349776580125
15682,3.5,3.856
5583,4.0,3.9269349776580125
6908,3.7,3.9269349776580125
23604,4.1,3.9269349776580125
9399,3.9,3.9269349776580125
15976,3.7,3.9269349776580125
6714,4.1,3.9269349776580125
15560,3.9,3.9269349776580125
23953,3.4,3.9269349776580125
11392,4.3,3.9269349776580125
3657,3.9,3.9269349776580125
17174,4.9,3.9269349776580125
22782,4.7,3.9269349776580125
5131,3.9,3.8479999999999994
23330,4.2,3.9269349776580125
18765,4.5,3.9269349776580125
15386,4.2,3.9269349776580125
12045,4.2,3.9269349776580125
12720,4.0,3.9269349776580125
3939,4.1,3.9269349776580125
16437,4.0,3.9269349776580125
16769,3.9,3.9269349776580125
11680,4.4,3.9269349776580125
8213,4.4,3.9269349776580125
56,4.2,3.9269349776580125
21688,3.9,3.9269349776580125
22287,4.0,3.971000000000002
23301,3.8,3.9269349776580125
22106,4.2,3.9269349776580125
17923,4.2,3.9269349776580125
11380,4.3,3.9269349776580125
11814,3.9,3.9269349776580125
7173,3.8,3.9269349776580125
11588,3.9,3.9222158788622847
2980,3.3,3.9269349776580125
5846,3.9,3.9269349776580125
11145,3.4,3.9269349776580125
16403,3.3,3.9269349776580125
1192,4.7,3.9610000000000007
18723,4.6,3.9269349776580125
22114,3.4,3.9269349776580125
9285,3.4,3.9269349776580125
21403,3.9,3.9269349776580125
20114,3.6,3.9269349776580125
12551,4.0,3.9269349776580125
13442,3.9,3.9269349776580125
11690,4.1,3.9269349776580125
12846,4.1,3.9269349776580125
8596,4.1,3.8715453218824605
5761,4.9,3.8300000000000005
12077,3.6,3.9269349776580125
5327,3.5,3.9269349776580125
12814,3.9,3.9269349776580125
16683,3.7,3.8689999999999993
21902,3.6,3.9269349776580125
5558,3.8,3.9269349776580125
17086,4.2,3.9269349776580125
9769,4.4,3.966
6017,3.6,3.9269349776580125
15726,3.5,3.9269349776580125
614,3.7,3.9269349776580125
7120,3.2,3.9269349776580125
22451,3.7,3.9269349776580125
20552,4.3,3.9990000000000014
2985,4.2,3.9269349776580125
3781,3.9,3.9269349776580125
15577,3.7,3.9269349776580125
17819,3.9,3.9269349776580125
16184,3.6,3.6679999999999984
2674,3.9,3.9269349776580125
7149,4.5,3.9269349776580125
20134,3.7,3.829000000000001
12279,3.7,3.9269349776580125
20198,3.5,3.9269349776580125
7672,4.1,3.9269349776580125
8313,3.7,3.9269349776580125
14553,4.8,3.9269349776580125
5674,4.0,3.833
11413,3.3,3.9269349776580125
199,3.8,3.9269349776580125
14909,4.7,3.9269349776580125
5779,4.2,4.123999999999999
18578,4.2,3.9269349776580125
11645,3.4,3.9269349776580125
17172,4.3,3.9269349776580125
23754,3.0,3.9269349776580125
9567,3.7,3.9269349776580125
103,3.5,3.9269349776580125
17017,3.8,3.9269349776580125
3413,3.7,3.9269349776580125
11052,4.1,3.9269349776580125
10838,3.9,3.9269349776580125
18521,4.4,3.9269349776580125
1731,4.0,3.7873577718615588
13351,4.3,3.9269349776580125
11573,3.8,3.9269349776580125
16916,3.8,3.9269349776580125
50,3.4,3.9269349776580125
324,4.5,3.9269349776580125
10779,4.1,3.9269349776580125
11746,3.8,3.9269349776580125
5768,4.1,3.978754207960651
8529,3.9,3.9269349776580125
11198,3.8,3.941999999999999
2752,4.1,3.9269349776580125
18096,3.3,3.9269349776580125
12263,4.0,3.9269349776580125
19080,4.2,3.9269349776580125
23683,4.4,3.9269349776580125
6013,3.7,3.9269349776580125
8573,3.9,3.8552393704006533
8335,4.1,3.8082916837361744
9511,4.2,3.9269349776580125
277,4.0,3.9269349776580125
15084,3.8,3.9269349776580125
13403,3.8,3.9269349776580125
4530,3.9,3.9269349776580125
18045,3.7,3.9269349776580125
16777,4.2,3.9269349776580125
18955,3.5,3.9269349776580125
5952,4.4,3.9269349776580125
20619,3.5,3.9622393704006527
15683,3.7,3.9269349776580125
19330,3.9,3.9269349776580125
2136,3.9,3.913322131147542
3857,3.7,3.9269349776580125
22067,4.0,3.9269349776580125
316,3.7,3.9269349776580125
2478,3.2,3.9269349776580125
1734,3.9,3.9269349776580125
20522,3.6,3.9269349776580125
14716,3.7,3.9269349776580125
128,3.5,3.9269349776580125
20320,4.0,3.9269349776580125
5064,3.7,3.9269349776580125
23641,4.0,3.9269349776580125
14515,4.1,3.9269349776580125
9268,3.4,3.9269349776580125
22917,3.6,3.9269349776580125
1492,4.1,3.9269349776580125
1450,3.8,3.9269349776580125
12397,3.8,3.9269349776580125
9201,4.0,3.9269349776580125
2056,3.8,3.9269349776580125
1860,3.7,3.9269349776580125
21766,4.2,3.9269349776580125
20938,3.9,3.8769999999999976
18516,3.7,3.9269349776580125
1398,4.1,3.9269349776580125
976,3.8,3.9269349776580125
16094,3.8,3.9269349776580125
21188,3.7,3.8319999999999994
14724,3.9,4.037999999999999
13532,3.6,3.9269349776580125
22810,4.2,3.9269349776580125
19678,3.8,3.9269349776580125
19908,3.5,3.9269349776580125
23582,4.8,3.9269349776580125
14721,3.8,3.9269349776580125
1771,3.8,3.9269349776580125
16984,3.7,3.9269349776580125
69,4.0,3.8049999999999984
4418,4.0,3.9269349776580125
21899,3.9,3.82
20507,3.9,3.9269349776580125
3678,5.0,3.9269349776580125
16967,3.7,3.9269349776580125
15881,4.2,3.8640000000000003
13620,3.8,3.9269349776580125
10964,4.5,3.8240000000000007
8266,4.0,3.9269349776580125
18207,3.9,3.9269349776580125
1962,4.5,3.9269349776580125
8516,3.4,3.9269349776580125
20886,4.0,3.9269349776580125
22304,3.9,3.9269349776580125
4580,3.4,3.9269349776580125
8813,3.9,3.9269349776580125
5260,3.7,3.9269349776580125
1830,4.1,3.9039999999999977
5262,4.0,3.696
2697,3.5,3.9269349776580125
13640,3.9,3.9229999999999983
11796,2.7,3.9269349776580125
19954,4.3,4.123000000000001
21248,4.4,3.9269349776580125
9294,3.5,3.9629999999999996
17615,3.7,3.9350000000000005
22743,3.9,3.9269349776580125
8808,3.8,3.734999999999998
11055,3.7,3.9269349776580125
19897,4.2,3.8480000000000025
7952,4.8,3.9269349776580125
5210,3.9,3.9269349776580125
15340,4.6,3.9269349776580125
11063,3.9,3.9269349776580125
737,3.9,3.9269349776580125
19517,3.9,3.9269349776580125
9321,3.2,3.9269349776580125
14417,3.9,3.9269349776580125
19595,3.9,3.9269349776580125
20129,3.8,3.9269349776580125
8859,4.3,3.9269349776580125
6630,3.4,3.9269349776580125
20734,3.7,3.9269349776580125
13792,3.6,3.9269349776580125
17639,4.6,3.919273408998784
3621,4.0,3.9269349776580125
22228,3.7,3.9269349776580125
5975,4.0,3.9269349776580125
18023,3.6,3.9269349776580125
6797,4.1,3.9269349776580125
6347,4.0,3.9269349776580125
11560,3.1,3.9269349776580125
14971,3.9,3.9269349776580125
10469,4.2,3.9269349776580125
11231,3.9,3.9269349776580125
1888,3.8,3.9269349776580125
23624,3.8,3.9269349776580125
16827,3.7,3.9269349776580125
2694,4.1,3.9269349776580125
9176,3.9,3.9269349776580125
12407,3.9,3.9269349776580125
11893,4.0,3.9269349776580125
15451,3.4,3.9269349776580125
20775,3.1,3.9269349776580125
20208,4.0,3.9269349776580125
5980,3.7,3.9269349776580125
19486,3.8,4.0280000000000005
14596,4.3,3.9269349776580125
13150,4.4,3.9269349776580125
22632,3.8,3.9269349776580125
9014,3.5,3.8279999999999985
21128,4.3,3.9350000000000005
20940,3.6,3.9269349776580125
5102,4.5,3.9269349776580125
4065,3.8,3.9269349776580125
14920,4.7,3.8592734089987832
20834,3.3,3.5299999999999976
23880,5.6,3.9269349776580125
23602,4.2,3.9269349776580125
7301,4.9,4.169999999999998
6487,4.3,3.9269349776580125
10345,3.7,3.9269349776580125
10006,4.0,3.9269349776580125
4920,4.3,3.9269349776580125
272,3.8,4.06
1690,4.0,3.9269349776580125
13275,5.0,3.9269349776580125
23066,4.2,3.9269349776580125
1756,3.5,3.9269349776580125
13293,3.1,3.9269349776580125
14177,3.9,4.055000000000001
15626,2.8,3.9269349776580125
3503,3.9,3.9269349776580125
5263,4.1,3.8238271335412177
22689,3.6,3.9269349776580125
9232,4.3,3.9269349776580125
22999,4.1,3.9269349776580125
6802,4.3,3.9269349776580125
2548,4.2,3.9269349776580125
20887,3.8,3.9269349776580125
12247,3.9,3.9269349776580125
13726,4.0,3.9269349776580125
20482,4.2,3.9269349776580125
15566,3.7,3.9269349776580125
21182,4.4,3.9269349776580125
4426,3.9,3.9269349776580125
5771,3.8,3.9032734089987833
19903,4.0,3.7100000000000013
5512,3.1,3.9269349776580125
1408,4.1,3.9269349776580125
11188,5.0,3.9269349776580125
16821,3.3,3.9269349776580125
1198,4.2,3.7099999999999995
17586,4.0,3.9269349776580125
22722,4.9,3.9269349776580125
2360,3.7,3.9269349776580125
23393,3.6,3.9269349776580125
23501,4.2,3.9269349776580125
1997,3.9,3.9269349776580125
15841,3.9,3.9269349776580125
22321,3.9,3.9269349776580125
17539,4.1,3.9269349776580125
7845,3.7,3.9269349776580125
6971,3.9,3.9269349776580125
20523,3.9,3.9269349776580125
3779,3.0,3.9269349776580125
10989,3.8,3.9269349776580125
23364,4.0,3.9269349776580125
5443,4.1,3.9269349776580125
13005,3.8,3.9269349776580125
20901,3.8,3.9269349776580125
11700,4.1,4.094999999999999
2237,3.0,3.9269349776580125
18537,3.9,3.9269349776580125
23438,3.8,3.9269349776580125
4520,3.9,3.9269349776580125
304,4.0,3.9269349776580125
12799,3.9,3.9269349776580125
17827,3.9,3.9269349776580125
18463,4.2,3.9269349776580125
1760,3.7,3.8870000000000005
18011,3.9,3.9269349776580125
573,4.0,3.9269349776580125
9039,4.0,3.9269349776580125
4354,3.9,3.9269349776580125
15290,3.9,3.918
11100,3.5,3.9269349776580125
23885,4.0,3.9269349776580125
20214,3.4,3.991999999999999
8394,3.8,3.9269349776580125
19348,3.9,3.9269349776580125
15470,3.9,3.9269349776580125
4401,3.7,3.9269349776580125
735,3.8,3.9269349776580125
9326,3.6,3.9269349776580125
9078,4.1,3.9269349776580125
243,3.7,3.9269349776580125
5833,3.8,3.9269349776580125
19364,3.5,3.9269349776580125
10851,4.1,3.9269349776580125
10755,3.7,3.9269349776580125
18961,4.2,3.9269349776580125
14520,4.4,3.9269349776580125
19596,4.2,3.9269349776580125
13535,3.9,3.9269349776580125
16201,3.9,3.9269349776580125
13048,4.1,3.9269349776580125
2951,3.4,3.9269349776580125
22433,4.2,3.9269349776580125
19299,4.5,3.907000000000002
9430,3.9,3.9269349776580125
22207,4.1,4.016
12609,3.8,3.9269349776580125
14863,3.8,3.9269349776580125
11577,4.3,3.9269349776580125
3812,3.3,3.9269349776580125
5915,3.9,3.9269349776580125
22858,3.8,3.9269349776580125
13250,3.7,3.9269349776580125
10651,3.9,3.978000000000002
17150,4.3,3.9269349776580125
20946,3.7,3.909
19723,4.3,3.9269349776580125
8719,4.7,3.9269349776580125
19729,4.2,3.9269349776580125
16122,3.9,3.9269349776580125
767,4.1,3.9269349776580125
23366,3.6,3.9269349776580125
9309,4.8,3.9269349776580125
23307,3.8,3.9269349776580125
9938,3.6,3.671000000000001
21711,3.8,3.9269349776580125
23041,3.8,3.9269349776580125
16140,3.5,3.9269349776580125
2603,3.9,3.9269349776580125
6393,4.2,3.9269349776580125
11328,3.8,3.9269349776580125
9626,4.1,3.9269349776580125
10830,3.3,3.9269349776580125
9914,3.4,3.771999999999999
12625,3.6,3.9269349776580125
11041,5.5,3.8789999999999982
5216,3.6,3.9269349776580125
5776,3.6,3.856999999999999
17082,4.1,3.9269349776580125
17295,3.3,3.9269349776580125
18893,4.0,3.9269349776580125
1474,3.9,3.9269349776580125
2292,4.2,3.9269349776580125
3926,3.8,3.988
16911,4.2,3.9269349776580125
15823,3.5,3.9269349776580125
13821,3.7,3.9269349776580125
22583,3.8,3.9269349776580125
20195,3.9,3.9269349776580125
8342,3.5,3.9269349776580125
5595,3.7,3.9269349776580125
13504,4.4,4.016000000000002
20867,4.2,4.062222426095821
5109,3.9,3.9269349776580125
12086,3.9,3.9269349776580125
22867,3.2,3.9269349776580125
18430,3.4,3.9269349776580125
3815,3.7,3.9269349776580125
15723,4.2,3.9269349776580125
22750,3.9,3.9269349776580125
16113,3.7,3.9499999999999993
5389,4.0,3.9269349776580125
5275,3.5,3.9269349776580125
23173,4.0,3.9269349776580125
17859,3.4,3.9269349776580125
2948,3.9,3.9269349776580125
11571,3.7,3.9269349776580125
13986,3.6,3.9269349776580125
2022,3.7,3.9269349776580125
10456,4.6,3.9269349776580125
22649,3.9,3.9269349776580125
5015,3.4,3.9269349776580125
1113,3.6,3.9269349776580125
5799,3.5,3.9269349776580125
6177,4.0,3.8539999999999974
14607,3.8,3.9269349776580125
23215,3.8,3.9269349776580125
19337,3.9,3.9269349776580125
15592,4.7,3.9269349776580125
12015,3.6,3.9269349776580125
23000,4.1,3.9269349776580125
10192,3.9,3.8160000000000007
18027,3.1,3.9269349776580125
3045,4.0,3.9269349776580125
11426,3.7,3.9269349776580125
8375,3.8,3.9269349776580125
10452,3.6,3.9269349776580125
9522,4.3,3.9269349776580125
1267,3.6,3.9269349776580125
9971,4.2,3.974
22543,3.8,3.9269349776580125
8918,4.1,3.9269349776580125
11434,3.9,3.9269349776580125
11916,4.6,3.9269349776580125
6168,3.9,3.9269349776580125
18974,3.9,3.9269349776580125
1719,4.1,3.9269349776580125
9011,3.5,3.9269349776580125
9103,3.8,3.9269349776580125
16687,3.3,3.9269349776580125
12042,3.8,3.9269349776580125
2666,4.0,3.9269349776580125
581,4.1,3.9269349776580125
1287,3.6,3.9269349776580125
21996,3.4,3.9269349776580125
18812,3.9,3.9269349776580125
9733,3.5,3.9269349776580125
11599,3.5,3.9269349776580125
8834,3.8,3.9269349776580125
21775,4.2,3.9269349776580125
21928,3.8,3.9269349776580125
12416,3.5,3.9269349776580125
7244,3.1,3.9269349776580125
23457,3.9,3.9269349776580125
2508,3.6,3.9269349776580125
16599,3.5,3.9269349776580125
11707,4.1,3.9269349776580125
21882,4.4,3.9269349776580125
22150,3.3,3.9269349776580125
18337,3.8,3.9269349776580125
10720,3.8,3.9269349776580125
18154,4.1,3.9269349776580125
609,3.6,3.9269349776580125
23175,3.7,3.9269349776580125
20469,3.5,3.9269349776580125
5694,3.8,3.9269349776580125
16653,3.8,3.9269349776580125
4298,3.8,3.9269349776580125
18802,4.1,3.9269349776580125
23542,3.9,3.9269349776580125
11914,4.3,3.9269349776580125
3067,4.2,3.9269349776580125
22070,3.8,3.9269349776580125
10696,4.1,3.9269349776580125
14763,4.0,3.9269349776580125
4944,4.9,3.9269349776580125
9839,4.0,3.9269349776580125
4444,4.1,3.9269349776580125
6359,3.9,3.9269349776580125
6122,3.5,3.7942987568779305
10937,4.0,3.9269349776580125
2569,4.5,3.9269349776580125
20141,5.1,3.9170000000000003
1384,4.1,3.9269349776580125
17727,4.0,3.941999999999999
12111,3.6,3.9269349776580125
1147,4.1,3.9269349776580125
9081,4.0,3.9120000000000004
20990,3.6,3.7479999999999993
13730,3.6,3.8779999999999997
18013,3.9,3.9269349776580125
16838,4.2,3.887256895841909
3967,3.9,3.9269349776580125
13869,4.7,3.9269349776580125
3720,3.5,3.9269349776580125
15890,3.6,3.9269349776580125
17778,3.6,3.9269349776580125
11473,3.8,3.9269349776580125
23704,3.9,3.9269349776580125
12778,3.8,3.9269349776580125
6033,4.0,3.9269349776580125
16839,3.2,3.9269349776580125
11367,3.9,3.9269349776580125
4884,4.0,4.031000000000002
10995,3.9,3.9269349776580125
12483,3.7,3.9269349776580125
7947,4.1,3.9269349776580125
1193,4.8,3.9269349776580125
922,3.8,3.8959999999999986
7763,4.0,3.9269349776580125
14250,3.5,3.9269349776580125
4501,3.9,3.9933221311475418
21869,3.7,3.811999999999998
21915,3.8,3.9269349776580125
18767,5.1,3.9269349776580125
19194,4.0,3.9269349776580125
15979,3.2,3.9269349776580125
21408,4.1,3.9269349776580125
9985,4.1,3.9269349776580125
312,3.9,3.9269349776580125
22152,4.2,3.9269349776580125
1178,3.8,3.9269349776580125
5159,3.3,3.9269349776580125
11249,4.0,3.9269349776580125
3185,3.4,3.9269349776580125
16785,3.7,3.9269349776580125
5589,4.0,3.9269349776580125
23076,3.7,3.9269349776580125
3082,4.2,3.9269349776580125
5212,3.9,3.9269349776580125
4362,4.0,3.740999999999998
15934,4.3,3.9269349776580125
10284,3.7,3.9269349776580125
10019,3.1,3.9269349776580125
18212,4.0,3.9269349776580125
8468,3.9,3.9269349776580125
5429,4.4,3.761000000000001
17987,4.0,3.9269349776580125
5702,3.8,3.9269349776580125
9094,4.4,3.9269349776580125
14165,3.6,3.9269349776580125
18558,3.7,3.9269349776580125
16356,4.0,3.9269349776580125
9810,4.1,3.9269349776580125
7423,4.1,3.9269349776580125
982,4.0,3.787
13102,3.8,3.9269349776580125
11530,3.8,3.9269349776580125
8397,3.9,3.9269349776580125
15992,3.7,3.9269349776580125
9356,4.0,3.9269349776580125
14530,3.9,3.9269349776580125
12172,3.1,3.9269349776580125
41,4.6,3.9269349776580125
11347,3.3,3.9269349776580125
23897,3.7,3.9269349776580125
19259,3.7,3.9269349776580125
21,4.2,3.9269349776580125
20942,3.9,3.9269349776580125
4015,3.9,3.912
1225,3.9,3.9269349776580125
16729,4.0,3.9269349776580125
15508,4.5,3.9269349776580125
12515,4.0,3.9269349776580125
9543,4.0,3.9269349776580125
22530,3.2,3.9269349776580125
10580,4.5,3.76
20688,4.2,3.9320000000000017
1241,4.5,3.9269349776580125
5319,3.6,3.9269349776580125
5176,3.7,3.9269349776580125
22726,4.1,3.9269349776580125
22936,3.9,3.9269349776580125
15049,3.4,3.9269349776580125
10246,4.1,3.9269349776580125
18582,3.5,3.9269349776580125
2274,3.0,3.9269349776580125
11750,4.0,3.9269349776580125
19974,3.1,3.9269349776580125
23830,3.8,3.9269349776580125
3809,3.7,3.9269349776580125
4514,3.8,3.9269349776580125
17753,3.8,3.9269349776580125
21295,3.9,3.9269349776580125
8385,3.7,3.9269349776580125
15997,4.0,3.9269349776580125
19244,3.9,3.9269349776580125
23789,4.0,3.9269349776580125
5052,3.6,3.9269349776580125
6747,3.5,3.9269349776580125
23491,3.8,3.9269349776580125
728,3.9,3.9269349776580125
13030,4.0,3.9269349776580125
5120,4.0,3.9269349776580125
22094,4.4,3.7879999999999994
18140,4.1,3.9269349776580125
10573,3.7,3.9269349776580125
21102,3.9,3.9269349776580125
1581,4.0,3.9269349776580125
7436,3.8,3.9269349776580125
7468,3.7,3.9269349776580125
4750,4.0,3.9269349776580125
13429,3.8,3.9269349776580125
8519,3.6,3.9269349776580125
16054,3.0,3.7819999999999987
19369,3.3,3.9269349776580125
13038,4.9,3.9269349776580125
8669,3.8,3.9269349776580125
291,3.8,3.9269349776580125
13059,3.8,3.9269349776580125
14886,2.9,3.9269349776580125
11167,3.6,3.9269349776580125
1551,3.6,3.9269349776580125
16481,4.0,3.847
8564,3.8,3.9269349776580125
11368,3.8,3.9269349776580125
18842,3.3,3.9269349776580125
11957,4.2,3.9269349776580125
2217,3.6,3.9269349776580125
14903,4.1,3.9269349776580125
21166,4.3,3.9269349776580125
13990,3.2,3.9269349776580125
20117,3.7,3.7189999999999985
22420,4.5,3.9269349776580125
15858,3.8,3.9269349776580125
12370,3.8,3.9269349776580125
12837,3.6,3.9269349776580125
684,3.5,3.9269349776580125
3943,4.3,3.9269349776580125
10321,3.8,3.9269349776580125
6535,4.0,3.9269349776580125
6321,4.1,3.9269349776580125
13099,4.0,3.9269349776580125
15764,3.9,3.9269349776580125
14572,4.2,3.9269349776580125
22478,3.6,3.9269349776580125
19495,4.0,3.9269349776580125
1799,3.8,3.9480000000000013
13172,4.0,3.9269349776580125
20457,4.1,3.9269349776580125
6021,3.2,3.9269349776580125
18251,4.1,4.019999999999999
5520,3.6,3.9269349776580125
6243,3.7,3.9269349776580125
22536,4.4,3.9269349776580125
13511,4.3,3.9269349776580125
13012,3.7,3.9269349776580125
8622,4.2,3.9269349776580125
21344,4.1,3.9269349776580125
4389,3.7,3.9269349776580125
20956,4.2,3.9269349776580125
17363,4.0,3.9269349776580125
13416,3.7,3.9269349776580125
841,4.5,3.9269349776580125
11087,4.2,3.9269349776580125
19281,3.4,3.9269349776580125
9867,4.6,3.9269349776580125
10661,3.7,3.9269349776580125
19470,4.6,3.9269349776580125
15103,4.0,3.9269349776580125
14069,4.8,3.9269349776580125
10127,3.4,3.9269349776580125
15021,3.8,3.805
22574,4.6,3.9269349776580125
23548,3.7,3.9269349776580125
19666,3.9,3.9269349776580125
10072,3.2,3.9269349776580125
22870,3.4,3.9269349776580125
16060,4.1,3.9269349776580125
5231,5.0,3.9269349776580125
5311,4.6,3.9470000000000027
21607,3.6,3.9269349776580125
16774,3.8,3.9269349776580125
11830,3.9,3.9269349776580125
6736,3.9,3.9269349776580125
17784,3.9,3.9269349776580125
942,3.9,3.9269349776580125
23415,3.8,3.9269349776580125
17588,3.9,3.9269349776580125
5744,3.8,3.7879999999999985
6142,3.7,3.9269349776580125
818,3.8,3.9269349776580125
18179,4.0,3.9269349776580125
13988,3.1,3.9269349776580125
212,3.7,3.9269349776580125
21020,3.9,3.9269349776580125
12729,3.9,3.8832987568779305
16876,3.6,3.9269349776580125
23910,3.4,3.9269349776580125
23727,4.2,3.9269349776580125
11009,4.2,3.9269349776580125
7199,6.1,3.9269349776580125
22767,3.9,3.9269349776580125
23806,4.0,3.9269349776580125
5518,3.3,3.9269349776580125
22646,4.0,3.9269349776580125
3647,3.8,3.931
7712,3.9,3.9269349776580125
17025,3.8,3.9269349776580125
23168,3.9,3.9269349776580125
20828,3.3,3.9269349776580125
5284,3.8,3.9269349776580125
12552,4.3,3.9269349776580125
23527,3.8,3.9269349776580125
23387,4.1,3.9269349776580125
8373,4.5,3.9317041514086886
17232,4.5,3.9269349776580125
1388,4.4,3.9269349776580125
6995,3.3,3.9269349776580125
1994,4.1,3.9269349776580125
9435,4.0,3.9269349776580125
8076,4.3,3.9269349776580125
20529,4.1,3.9269349776580125
2749,5.1,3.9269349776580125
1095,3.0,3.9269349776580125
2783,4.2,3.9269349776580125
4682,4.1,3.9269349776580125
12639,3.8,3.9269349776580125
700,4.0,3.9269349776580125
8151,3.8,3.9269349776580125
644,3.8,3.9269349776580125
4434,4.1,3.8980000000000006
17717,3.8,3.9269349776580125
15286,4.3,3.888
3512,3.8,3.9269349776580125
13312,3.2,3.9269349776580125
1853,4.0,3.8630000000000018
11120,4.1,3.9269349776580125
8244,4.2,3.9269349776580125
22164,4.2,3.890999999999999
3769,4.0,3.9269349776580125
2716,4.1,4.007999999999998
22799,4.2,3.9269349776580125
2472,3.8,3.9269349776580125
13436,3.6,3.9269349776580125
16829,3.8,3.9269349776580125
4345,3.9,3.9269349776580125
22401,3.9,3.9269349776580125
21633,3.8,3.9269349776580125
19311,3.5,3.9269349776580125
4420,3.5,3.9269349776580125
7201,3.5,3.9269349776580125
19455,4.2,3.9269349776580125
611,3.2,3.9269349776580125
11853,3.6,3.9269349776580125
13108,3.6,3.9269349776580125
22318,3.8,3.9269349776580125
15316,4.6,3.9269349776580125
4281,3.6,3.9269349776580125
3366,3.7,3.9269349776580125
17624,3.6,3.9269349776580125
1181,4.2,3.9269349776580125
6704,3.8,3.9269349776580125
16859,4.0,3.9269349776580125
23201,3.7,3.9269349776580125
910,4.3,3.9269349776580125
19081,3.9,3.9269349776580125
20965,3.7,3.9269349776580125
7055,3.6,3.9269349776580125
1870,4.3,3.9269349776580125
10756,3.8,3.9269349776580125
12921,4.2,3.9269349776580125
805,3.8,3.9269349776580125
20539,4.1,3.797999999999998
21785,3.7,3.817000000000001
9132,4.0,3.9269349776580125
14987,3.8,3.9269349776580125
6595,4.1,3.9269349776580125
14546,3.5,3.9269349776580125
23751,4.5,3.9269349776580125
3548,3.8,3.9269349776580125
7876,3.4,3.9269349776580125
21375,3.7,3.9269349776580125
6362,3.7,3.9269349776580125
11824,3.5,3.9269349776580125
1229,3.9,3.9269349776580125
14769,4.5,3.9269349776580125
23181,3.9,3.9269349776580125
17822,4.1,3.9269349776580125
23972,3.8,3.9269349776580125
11977,3.3,3.9269349776580125
14563,3.8,3.9269349776580125
7760,3.1,3.9269349776580125
22962,3.9,3.9269349776580125
9570,4.3,3.9269349776580125
6063,3.8,3.9269349776580125
2714,4.1,3.790000000000002
17169,4.5,3.9269349776580125
6462,4.3,3.9269349776580125
8070,3.2,3.9269349776580125
5242,4.1,3.9269349776580125
17934,3.7,3.9269349776580125
1607,4.9,3.9269349776580125
1269,3.3,3.9269349776580125
16941,3.7,3.9269349776580125
17786,3.6,3.9269349776580125
5480,4.1,3.9269349776580125
12641,4.0,3.9269349776580125
8399,3.9,3.9269349776580125
23014,3.9,3.9269349776580125
15307,4.3,3.9269349776580125
966,4.0,3.9269349776580125
7791,4.4,3.9269349776580125
6123,3.5,3.9269349776580125
8006,4.1,3.9269349776580125
3852,3.9,3.9269349776580125
20496,3.8,4.008000000000001
9191,4.1,3.9269349776580125
23618,4.4,3.9269349776580125
23162,3.7,3.9269349776580125
7186,4.9,3.9269349776580125
4671,3.7,3.9269349776580125
2205,3.9,3.9269349776580125
20718,3.9,3.8480000000000016
147,4.5,3.9269349776580125
21515,4.4,3.9269349776580125
16590,3.8,3.9269349776580125
21170,3.8,3.9269349776580125
19006,3.5,3.9269349776580125
15860,3.5,3.817999999999999
20838,4.0,3.9269349776580125
23503,4.3,3.9269349776580125
15497,4.0,3.9269349776580125
17201,4.0,3.9269349776580125
20858,4.0,3.9269349776580125
1194,4.7,3.9269349776580125
22776,3.4,3.9269349776580125
18275,4.2,3.9269349776580125
12165,3.9,3.9269349776580125
23297,4.3,3.9269349776580125
21854,4.2,3.9269349776580125
16320,3.7,3.9269349776580125
17514,3.4,3.9269349776580125
7572,4.0,3.9269349776580125
5660,3.8,3.9269349776580125
6555,3.8,3.9269349776580125
853,3.7,3.9269349776580125
13262,3.6,3.9269349776580125
2102,3.7,3.9269349776580125
9913,3.1,3.9269349776580125
18839,3.7,3.9269349776580125
9043,2.8,3.9269349776580125
15080,4.0,3.9269349776580125
11939,3.6,3.8519999999999985
23276,3.7,3.9269349776580125
13883,3.8,3.9269349776580125
1648,3.9,3.9269349776580125
8930,4.0,3.865999999999998
1555,4.3,3.9269349776580125
17702,3.3,3.9269349776580125
2968,4.6,3.9269349776580125
15965,4.1,3.9269349776580125
1498,4.1,3.9269349776580125
137,4.3,3.9269349776580125
18034,3.4,3.9269349776580125
22691,3.9,3.9269349776580125
6334,3.1,3.9269349776580125
1615,3.8,3.9269349776580125
22924,4.3,3.9269349776580125
14914,3.9,3.9269349776580125
8751,4.0,3.9269349776580125
14893,6.3,3.9269349776580125
13959,4.0,3.9269349776580125
12782,3.5,3.9269349776580125
11252,4.0,3.9269349776580125
4040,4.0,3.9269349776580125
19011,4.7,3.9269349776580125
4903,4.0,3.9269349776580125
16979,3.7,3.9269349776580125
2296,4.3,3.9269349776580125
6813,3.4,3.9269349776580125
778,4.1,3.9269349776580125
6892,5.2,3.9269349776580125
17973,3.3,3.9269349776580125
176,3.7,3.9269349776580125
12122,3.9,3.9269349776580125
6403,3.6,3.9269349776580125
16258,3.6,3.9269349776580125
16045,3.6,3.9269349776580125
21402,3.5,3.9269349776580125
21087,4.0,4.036999999999997
18950,5.3,3.9269349776580125
8557,3.6,3.9269349776580125
7777,4.5,3.9269349776580125
6806,5.1,3.9269349776580125
19228,3.7,3.9269349776580125
10267,4.2,3.908999999999998
18489,4.1,3.9269349776580125
11602,3.4,3.9269349776580125
13163,4.2,3.9269349776580125
2565,3.5,3.9269349776580125
12503,3.9,3.9269349776580125
10160,4.1,3.9269349776580125
23267,3.8,3.9269349776580125
12460,3.4,3.9269349776580125
1935,3.7,3.9269349776580125
4814,3.6,3.9269349776580125
2067,4.1,3.9269349776580125
22832,3.8,3.9269349776580125
7692,3.7,3.9269349776580125
2354,3.9,3.9269349776580125
21396,3.7,3.9269349776580125
2655,4.7,3.9269349776580125
7820,3.5,3.9269349776580125
21626,3.8,3.9269349776580125
1203,3.9,3.9580000000000006
1090,3.3,3.9269349776580125
17460,4.0,3.9269349776580125
6412,3.5,3.9269349776580125
5283,3.7,3.9269349776580125
18575,3.1,3.9269349776580125
6109,3.8,3.9269349776580125
16233,3.7,3.8040000000000016
5379,4.1,3.9269349776580125
3183,3.8,3.9269349776580125
19803,4.0,3.9269349776580125
22637,3.9,3.9269349776580125
18220,4.2,3.9269349776580125
16222,4.7,3.823000000000001
11337,3.6,3.9269349776580125
21601,4.7,3.9269349776580125
1376,3.6,3.9269349776580125
19579,3.8,3.9269349776580125
22789,3.8,3.9269349776580125
5357,4.7,3.9269349776580125
21594,3.7,3.9269349776580125
9361,3.5,3.9269349776580125
18068,3.7,3.9269349776580125
17084,4.0,3.9269349776580125
22685,4.1,3.9269349776580125
22493,3.9,3.9269349776580125
12540,3.5,3.9269349776580125
10936,3.5,3.9269349776580125
12751,4.5,3.9269349776580125
16466,3.3,3.9269349776580125
435,4.1,3.9269349776580125
1778,3.6,3.9269349776580125
22102,4.8,3.9269349776580125
12181,4.1,3.9269349776580125
6172,4.2,3.9269349776580125
4493,4.3,3.9269349776580125
16155,4.0,3.9269349776580125
3438,3.9,3.9269349776580125
18192,3.8,3.9269349776580125
1621,3.4,3.9269349776580125
16948,4.2,3.9269349776580125
18120,4.1,3.9269349776580125
8259,4.0,3.9269349776580125
9980,4.1,3.9269349776580125
18059,4.1,3.9269349776580125
12972,3.7,3.9269349776580125
15086,3.4,3.9269349776580125
6625,3.9,3.9269349776580125
16369,4.0,3.9269349776580125
8999,4.2,3.9269349776580125
23236,3.5,3.9269349776580125
1037,4.0,3.567999999999998
16825,3.9,3.9269349776580125
17291,3.6,3.9269349776580125
14524,4.1,3.9269349776580125
21464,3.8,3.8820000000000006
14635,4.3,3.9269349776580125
4030,3.8,3.9269349776580125
12037,4.1,3.9269349776580125
10872,4.0,3.9269349776580125
6411,4.0,3.9269349776580125
2105,3.9,3.9269349776580125
196,5.0,3.9269349776580125
10556,4.2,3.8160000000000003
2910,3.8,3.9269349776580125
10772,3.6,3.9269349776580125
15807,3.8,3.9269349776580125
5191,3.8,3.9269349776580125
14264,3.6,3.7852580380913365
7955,4.5,3.9269349776580125
21094,4.0,3.9269349776580125
12175,2.7,3.9269349776580125
22669,3.9,3.9269349776580125
6620,4.1,3.9269349776580125
13251,3.7,3.9269349776580125
21789,4.3,3.651000000000002
19022,3.6,3.9269349776580125
1539,5.0,3.9269349776580125
23239,4.2,3.9269349776580125
2031,3.8,3.9269349776580125
13523,4.3,3.9269349776580125
13722,4.3,3.9269349776580125
10905,3.9,3.9269349776580125
10627,4.1,3.9269349776580125
6877,4.6,3.9269349776580125
23606,3.7,3.9269349776580125
23485,3.8,3.9269349776580125
12937,4.1,3.9269349776580125
5551,4.3,3.9269349776580125
18874,3.9,3.9269349776580125
12156,3.8,3.9269349776580125
661,3.8,3.9269349776580125
23396,3.5,3.9269349776580125
2935,4.2,3.9269349776580125
12236,4.0,3.9269349776580125
20729,2.8,3.9269349776580125
4898,3.7,3.9269349776580125
9395,3.6,3.9269349776580125
18759,4.9,3.9269349776580125
18007,4.1,3.9269349776580125
1947,4.5,3.9269349776580125
19191,3.9,3.9269349776580125
2586,4.0,3.9269349776580125
20681,3.9,3.9269349776580125
22610,4.0,3.9269349776580125
20918,3.9,3.9269349776580125
7800,4.3,3.9269349776580125
7417,4.1,3.9269349776580125
3307,4.8,3.8539999999999996
21720,3.9,3.9269349776580125
21054,4.1,3.9269349776580125
21885,4.3,3.9269349776580125
14316,3.9,3.9269349776580125
13112,3.9,3.9269349776580125
5871,4.3,3.9269349776580125
9855,3.6,3.9269349776580125
12768,3.6,3.9269349776580125
3390,4.9,3.9269349776580125
8435,3.8,3.9269349776580125
13338,4.0,3.9269349776580125
43,4.2,3.9269349776580125
22470,3.6,3.9269349776580125
1167,4.6,3.9269349776580125
8503,4.0,3.9269349776580125
17704,3.1,3.9269349776580125
4293,3.5,3.9269349776580125
23714,4.3,3.9269349776580125
5098,3.8,3.9269349776580125
5459,3.7,3.9269349776580125
5247,3.9,3.9269349776580125
20087,3.5,3.9269349776580125
7081,3.7,3.9269349776580125
19240,3.8,3.9269349776580125
23347,3.9,3.9269349776580125
15734,4.3,3.9269349776580125
22884,3.8,3.9269349776580125
10694,4.1,3.9269349776580125
11659,3.6,3.9549999999999987
18561,4.3,3.9269349776580125
6372,4.3,3.9269349776580125
18634,3.6,3.929999999999998
18407,4.0,3.9269349776580125
5822,3.6,3.7789999999999977
8569,3.8,3.9269349776580125
6809,4.5,3.9269349776580125
19944,4.1,3.8409999999999993
23309,4.0,3.9269349776580125
3761,3.7,3.881
16330,5.1,3.9269349776580125
13287,4.3,3.9269349776580125
18741,3.9,3.9269349776580125
23124,3.8,3.9269349776580125
22642,3.6,3.9269349776580125
3679,4.5,3.9269349776580125
11695,4.1,3.9269349776580125
19945,4.0,3.867999999999999
2537,4.2,3.9269349776580125
1956,4.9,3.9269349776580125
8274,5.6,3.9269349776580125
6829,4.1,3.9269349776580125
2401,4.3,3.9269349776580125
111,3.6,3.9269349776580125
19877,4.4,3.9269349776580125
146,3.5,3.9269349776580125
11613,4.7,3.9269349776580125
7834,3.9,3.9269349776580125
3525,3.9,3.9269349776580125
5095,3.9,4.017249231399877
12090,3.8,3.9269349776580125
6830,4.5,3.9269349776580125
23687,3.9,3.9269349776580125
23063,3.8,3.9269349776580125
9748,4.0,3.9269349776580125
8522,4.3,3.9269349776580125
18773,3.9,3.9269349776580125
18514,4.0,3.9269349776580125
18646,4.2,3.9269349776580125
74,4.2,3.9269349776580125
12210,4.1,3.9269349776580125
206,3.9,3.9269349776580125
3804,3.6,3.9269349776580125
16781,4.4,3.9269349776580125
20081,4.0,3.9269349776580125
839,3.6,3.9269349776580125
19732,5.2,3.9269349776580125
23787,3.9,3.9269349776580125
23299,3.3,3.9269349776580125
5699,3.8,3.9269349776580125
14449,4.0,3.783
3547,3.7,3.9269349776580125
16276,4.0,3.9269349776580125
16744,2.8,3.9269349776580125
23514,4.0,3.9269349776580125
4929,4.7,3.9269349776580125
6010,4.5,3.9269349776580125
17734,3.9,3.9269349776580125
8130,4.2,3.9269349776580125
22173,4.4,3.9269349776580125
13431,3.3,3.9269349776580125
18897,3.8,3.9269349776580125
11313,4.2,3.9269349776580125
14040,4.8,3.9269349776580125
23717,3.7,3.9269349776580125
935,4.2,3.9563114923522122
16632,3.6,3.9269349776580125
20231,4.5,3.9269349776580125
22851,3.2,3.9269349776580125
17120,4.1,3.9269349776580125
16151,4.0,3.9269349776580125
13878,3.6,3.9269349776580125
19100,3.6,3.9269349776580125
15643,4.0,3.8062987568779283
19406,4.1,3.9269349776580125
18328,3.8,3.9269349776580125
19663,4.1,3.9000000000000004
10055,3.8,3.7550000000000012
2356,3.7,3.9269349776580125
13904,3.4,3.779
10073,2.9,3.9269349776580125
1116,5.9,3.9269349776580125
1125,3.8,3.9269349776580125
20356,4.9,3.908
21937,3.7,3.9269349776580125
10877,3.8,3.9269349776580125
15139,3.9,3.9269349776580125
20785,3.5,3.9269349776580125
2412,4.2,3.9269349776580125
5251,4.0,3.9269349776580125
15277,3.7,3.7620000000000027
23390,3.7,3.9269349776580125
887,3.7,3.9269349776580125
2891,4.0,3.9269349776580125
3704,3.7,3.9760000000000004
20730,3.4,3.9269349776580125
3568,4.6,3.9269349776580125
7999,4.0,3.9269349776580125
8769,4.1,3.9269349776580125
16606,3.7,3.9269349776580125
950,4.3,3.9269349776580125
3265,4.2,3.9269349776580125
22414,3.9,3.9269349776580125
15543,3.4,3.9269349776580125
23529,3.8,3.9269349776580125
23027,3.8,3.9269349776580125
6532,3.9,3.9269349776580125
23209,4.1,3.9269349776580125
15785,4.4,3.9269349776580125
11701,3.6,3.6980000000000013
20762,3.5,3.9269349776580125
8902,4.3,3.9269349776580125
17872,5.0,3.9269349776580125
5600,4.1,3.9269349776580125
6328,4.0,3.9269349776580125
11610,5.1,3.9269349776580125
5792,4.5,3.9269349776580125
13787,3.8,3.9269349776580125
11641,3.5,3.9269349776580125
11148,4.9,3.9269349776580125
8514,3.1,3.9269349776580125
14438,3.5,3.9269349776580125
13843,3.3,3.9269349776580125
12794,3.9,3.9269349776580125
20676,4.6,3.9269349776580125
8254,4.3,3.9269349776580125
23483,3.9,3.9269349776580125
3997,4.0,3.8449999999999984
22435,3.7,3.9269349776580125
453,4.0,3.9269349776580125
11515,3.6,3.9269349776580125
9258,4.0,3.957999999999998
19519,3.8,3.9269349776580125
8699,4.2,3.9269349776580125
18706,4.0,3.9269349776580125
9524,3.9,3.9269349776580125
11031,3.5,3.9269349776580125
9871,3.6,3.9269349776580125
2203,4.1,3.9269349776580125
249,4.2,3.9269349776580125
4958,4.1,3.9269349776580125
21479,4.4,3.9269349776580125
14551,4.2,3.9269349776580125
21661,3.3,3.9269349776580125
20188,4.0,3.9269349776580125
15197,3.9,3.9269349776580125
549,3.4,3.9269349776580125
10301,3.6,3.9269349776580125
13255,3.7,3.9269349776580125
1674,3.5,3.9269349776580125
5738,4.0,3.9269349776580125
6267,3.8,3.9269349776580125
12744,3.2,3.9269349776580125
