,y_test,prediction
23700,3.9,3.924061291510209
19000,3.8,3.924061291510209
23938,3.4,3.924061291510209
1960,3.9,3.924061291510209
4980,3.8,3.924061291510209
15865,3.9,3.924061291510209
5890,4.1,3.924061291510209
4348,3.9,3.9251092292574468
173,3.7,3.924061291510209
8039,3.7,3.924061291510209
13675,4.0,3.924061291510209
15705,4.4,3.924061291510209
18424,3.7,3.924061291510209
22970,4.0,3.924061291510209
2512,3.7,3.924061291510209
8080,3.7,3.924061291510209
5113,3.7,3.924061291510209
15136,3.3,3.924061291510209
10517,4.0,3.924061291510209
18043,3.7,3.924061291510209
3991,3.6,3.924061291510209
21912,3.6,3.924061291510209
18801,4.2,3.924061291510209
18527,4.7,3.924061291510209
20994,3.9,3.924061291510209
6567,4.2,3.924061291510209
8764,4.2,3.924061291510209
21274,3.8,3.924061291510209
4268,4.1,3.924061291510209
2779,4.1,3.924061291510209
13836,3.8,3.924061291510209
22107,4.5,3.924061291510209
17966,3.5,3.924061291510209
2018,3.6,3.9248162965888462
15995,3.9,3.924061291510209
15088,3.9,3.924061291510209
7184,4.0,3.924061291510209
7155,4.1,3.924061291510209
13583,4.0,3.924061291510209
17956,4.0,3.924061291510209
17434,4.2,3.9228365399452736
17277,3.8,3.924061291510209
15007,5.0,3.924061291510209
18718,4.2,3.924061291510209
18335,3.9,3.924061291510209
3626,3.9,3.924061291510209
6577,3.6,3.924061291510209
2153,4.0,3.9304369760808373
23668,4.6,3.924061291510209
18358,4.1,3.924061291510209
20095,3.7,3.924061291510209
14905,4.3,3.9201854954186417
17918,4.5,3.924061291510209
9657,4.0,3.922303230403074
654,4.0,3.924061291510209
13300,3.8,3.9308826926313674
12886,4.0,3.924061291510209
11551,3.8,3.924061291510209
13381,4.2,3.924061291510209
858,3.8,3.924061291510209
4094,4.4,3.9239295144430955
13902,4.4,3.924061291510209
10488,3.9,3.9251852723767633
12999,3.8,3.924061291510209
15768,4.3,3.924061291510209
13872,4.3,3.924061291510209
20979,3.2,3.924061291510209
3923,3.3,3.924061291510209
21941,4.4,3.924061291510209
16962,3.7,3.924061291510209
11256,3.7,3.924061291510209
23395,3.6,3.924061291510209
4586,4.2,3.924061291510209
1567,3.6,3.924061291510209
10789,3.7,3.924061291510209
17322,3.7,3.924061291510209
22541,3.9,3.924061291510209
15967,3.4,3.924061291510209
10614,3.3,3.9209606546369553
20671,4.0,3.924061291510209
9906,4.2,3.924061291510209
14838,3.8,3.924061291510209
8663,4.0,3.924061291510209
500,4.3,3.924061291510209
919,4.0,3.924061291510209
9831,3.9,3.924061291510209
12786,3.7,3.924061291510209
1233,4.9,3.924061291510209
12049,4.0,3.924061291510209
6960,3.5,3.924061291510209
6931,4.6,3.924061291510209
18807,4.1,3.924061291510209
5745,3.9,3.924061291510209
4256,3.8,3.924061291510209
20040,4.2,3.9300571480638635
3797,4.0,3.924061291510209
351,3.6,3.924061291510209
6429,3.5,3.924061291510209
11541,3.5,3.924061291510209
15481,4.0,3.924061291510209
8454,4.8,3.924061291510209
7336,4.0,3.924061291510209
809,3.7,3.924061291510209
9336,3.9,3.924061291510209
16857,4.3,3.924061291510209
849,3.9,3.924061291510209
23957,4.2,3.924061291510209
1816,3.3,3.924061291510209
1973,3.6,3.924061291510209
20406,3.8,3.924061291510209
885,3.8,3.924061291510209
2739,4.1,3.924061291510209
20303,3.8,3.924061291510209
11879,3.6,3.924061291510209
6252,4.0,3.924061291510209
12216,4.4,3.924061291510209
4379,3.5,3.924061291510209
17420,3.6,3.924061291510209
23247,3.5,3.924061291510209
23100,4.0,3.924061291510209
5042,3.9,3.923844246929081
14193,4.3,3.924061291510209
11171,3.8,3.924061291510209
22626,4.4,3.924061291510209
9271,4.1,3.924061291510209
6354,5.0,3.924061291510209
1591,4.2,3.924061291510209
18658,4.0,3.924061291510209
17769,4.2,3.924061291510209
7104,4.1,3.924061291510209
14354,4.2,3.924061291510209
8406,3.8,3.924061291510209
8913,4.2,3.924061291510209
4233,3.3,3.924061291510209
14059,3.6,3.924061291510209
3095,3.9,3.924061291510209
5668,4.1,3.924061291510209
2268,3.9,3.924061291510209
23808,4.0,3.924061291510209
21018,3.5,3.924061291510209
6617,3.8,3.924061291510209
3580,4.0,3.926569706740671
22855,3.0,3.924061291510209
10222,3.6,3.924061291510209
23303,3.9,3.924061291510209
10652,3.9,3.923687664766982
6083,3.9,3.924061291510209
16145,3.5,3.924061291510209
17906,4.1,3.924061291510209
17519,3.8,3.924061291510209
5564,4.0,3.924061291510209
23905,4.0,3.924061291510209
6112,2.8,3.924061291510209
22914,3.8,3.924061291510209
9023,3.9,3.924061291510209
11702,4.0,3.924061291510209
7675,4.4,3.924061291510209
21076,4.3,3.924061291510209
7851,4.5,3.924061291510209
20604,4.0,3.924061291510209
19160,4.6,3.924061291510209
11133,4.1,3.924061291510209
17954,3.9,3.924061291510209
23380,4.3,3.924061291510209
7219,3.6,3.924061291510209
13866,4.5,3.924061291510209
18742,3.9,3.924061291510209
7723,4.2,3.924061291510209
10426,3.6,3.924061291510209
5596,4.7,3.924061291510209
12074,4.2,3.924061291510209
15682,3.5,3.9256503679077515
5583,4.0,3.924061291510209
6908,3.7,3.924061291510209
23604,4.1,3.924061291510209
9399,3.9,3.924061291510209
15976,3.7,3.924061291510209
6714,4.1,3.924061291510209
15560,3.9,3.924061291510209
23953,3.4,3.924061291510209
11392,4.3,3.924061291510209
3657,3.9,3.924061291510209
17174,4.9,3.924061291510209
22782,4.7,3.924061291510209
5131,3.9,3.9275766385652604
23330,4.2,3.924061291510209
18765,4.5,3.924061291510209
15386,4.2,3.924061291510209
12045,4.2,3.924061291510209
12720,4.0,3.924061291510209
3939,4.1,3.924061291510209
16437,4.0,3.924061291510209
16769,3.9,3.924061291510209
11680,4.4,3.924061291510209
8213,4.4,3.924061291510209
56,4.2,3.924061291510209
21688,3.9,3.924061291510209
22287,4.0,3.9280828175348192
23301,3.8,3.924061291510209
22106,4.2,3.924061291510209
17923,4.2,3.924061291510209
11380,4.3,3.924061291510209
11814,3.9,3.924061291510209
7173,3.8,3.924061291510209
11588,3.9,3.923654332920594
2980,3.3,3.924061291510209
5846,3.9,3.924061291510209
11145,3.4,3.924061291510209
16403,3.3,3.924061291510209
1192,4.7,3.920013410072176
18723,4.6,3.924061291510209
22114,3.4,3.924061291510209
9285,3.4,3.924061291510209
21403,3.9,3.924061291510209
20114,3.6,3.924061291510209
12551,4.0,3.924061291510209
13442,3.9,3.924061291510209
11690,4.1,3.924061291510209
12846,4.1,3.924061291510209
8596,4.1,3.924269034180717
5761,4.9,3.924061291510209
12077,3.6,3.924061291510209
5327,3.5,3.924061291510209
12814,3.9,3.924061291510209
16683,3.7,3.9259991895559927
21902,3.6,3.924061291510209
5558,3.8,3.924061291510209
17086,4.2,3.924061291510209
9769,4.4,3.9310803582320375
6017,3.6,3.924061291510209
15726,3.5,3.924061291510209
614,3.7,3.924061291510209
7120,3.2,3.924061291510209
22451,3.7,3.924061291510209
20552,4.3,3.9314384817908983
2985,4.2,3.924061291510209
3781,3.9,3.924061291510209
15577,3.7,3.924061291510209
17819,3.9,3.924061291510209
16184,3.6,3.9245480914993096
2674,3.9,3.924061291510209
7149,4.5,3.924061291510209
20134,3.7,3.923834169859243
12279,3.7,3.924061291510209
20198,3.5,3.924061291510209
7672,4.1,3.924061291510209
8313,3.7,3.924061291510209
14553,4.8,3.924061291510209
5674,4.0,3.9250069857565513
11413,3.3,3.924061291510209
199,3.8,3.924061291510209
14909,4.7,3.924061291510209
5779,4.2,3.933778067343612
18578,4.2,3.924061291510209
11645,3.4,3.924061291510209
17172,4.3,3.924061291510209
23754,3.0,3.924061291510209
9567,3.7,3.924061291510209
103,3.5,3.924061291510209
17017,3.8,3.924061291510209
3413,3.7,3.924061291510209
11052,4.1,3.924061291510209
10838,3.9,3.924061291510209
18521,4.4,3.924061291510209
1731,4.0,3.9245697959574226
13351,4.3,3.924061291510209
11573,3.8,3.924061291510209
16916,3.8,3.924061291510209
50,3.4,3.924061291510209
324,4.5,3.924061291510209
10779,4.1,3.924061291510209
11746,3.8,3.924061291510209
5768,4.1,3.923761149860878
8529,3.9,3.924061291510209
11198,3.8,3.925379062181342
2752,4.1,3.924061291510209
18096,3.3,3.924061291510209
12263,4.0,3.924061291510209
19080,4.2,3.924061291510209
23683,4.4,3.924061291510209
6013,3.7,3.924061291510209
8573,3.9,3.925010861552643
8335,4.1,3.92161566417643
9511,4.2,3.924061291510209
277,4.0,3.924061291510209
15084,3.8,3.924061291510209
13403,3.8,3.924061291510209
4530,3.9,3.924061291510209
18045,3.7,3.924061291510209
16777,4.2,3.924061291510209
18955,3.5,3.924061291510209
5952,4.4,3.924061291510209
20619,3.5,3.9239899768621243
15683,3.7,3.924061291510209
19330,3.9,3.924061291510209
2136,3.9,3.92376673100725
3857,3.7,3.924061291510209
22067,4.0,3.924061291510209
316,3.7,3.924061291510209
2478,3.2,3.924061291510209
1734,3.9,3.924061291510209
20522,3.6,3.924061291510209
14716,3.7,3.924061291510209
128,3.5,3.924061291510209
20320,4.0,3.924061291510209
5064,3.7,3.924061291510209
23641,4.0,3.924061291510209
14515,4.1,3.924061291510209
9268,3.4,3.924061291510209
22917,3.6,3.924061291510209
1492,4.1,3.924061291510209
1450,3.8,3.924061291510209
12397,3.8,3.924061291510209
9201,4.0,3.924061291510209
2056,3.8,3.924061291510209
1860,3.7,3.924061291510209
21766,4.2,3.924061291510209
20938,3.9,3.9259991895559927
18516,3.7,3.924061291510209
1398,4.1,3.924061291510209
976,3.8,3.924061291510209
16094,3.8,3.924061291510209
21188,3.7,3.925675948161956
14724,3.9,3.926910001637511
13532,3.6,3.924061291510209
22810,4.2,3.924061291510209
19678,3.8,3.924061291510209
19908,3.5,3.924061291510209
23582,4.8,3.924061291510209
14721,3.8,3.924061291510209
1771,3.8,3.924061291510209
16984,3.7,3.924061291510209
69,4.0,3.926022444332542
4418,4.0,3.924061291510209
21899,3.9,3.92464459882199
20507,3.9,3.924061291510209
3678,5.0,3.924061291510209
16967,3.7,3.924061291510209
15881,4.2,3.9232062908924092
13620,3.8,3.924061291510209
10964,4.5,3.926123215030923
8266,4.0,3.924061291510209
18207,3.9,3.924061291510209
1962,4.5,3.924061291510209
8516,3.4,3.924061291510209
20886,4.0,3.924061291510209
22304,3.9,3.924061291510209
4580,3.4,3.924061291510209
8813,3.9,3.924061291510209
5260,3.7,3.924061291510209
1830,4.1,3.924743431622325
5262,4.0,3.923079552360215
2697,3.5,3.924061291510209
13640,3.9,3.925906170449795
11796,2.7,3.924061291510209
19954,4.3,3.9308315321229585
21248,4.4,3.924061291510209
9294,3.5,3.922566009378082
17615,3.7,3.929152537256092
22743,3.9,3.924061291510209
8808,3.8,3.9208831387151237
11055,3.7,3.924061291510209
19897,4.2,3.9265952869948757
7952,4.8,3.924061291510209
5210,3.9,3.924061291510209
15340,4.6,3.924061291510209
11063,3.9,3.924061291510209
737,3.9,3.924061291510209
19517,3.9,3.924061291510209
9321,3.2,3.924061291510209
14417,3.9,3.924061291510209
19595,3.9,3.924061291510209
20129,3.8,3.924061291510209
8859,4.3,3.924061291510209
6630,3.4,3.924061291510209
20734,3.7,3.924061291510209
13792,3.6,3.924061291510209
17639,4.6,3.9266596252099957
3621,4.0,3.924061291510209
22228,3.7,3.924061291510209
5975,4.0,3.924061291510209
18023,3.6,3.924061291510209
6797,4.1,3.924061291510209
6347,4.0,3.924061291510209
11560,3.1,3.924061291510209
14971,3.9,3.924061291510209
10469,4.2,3.924061291510209
11231,3.9,3.924061291510209
1888,3.8,3.924061291510209
23624,3.8,3.924061291510209
16827,3.7,3.924061291510209
2694,4.1,3.924061291510209
9176,3.9,3.924061291510209
12407,3.9,3.924061291510209
11893,4.0,3.924061291510209
15451,3.4,3.924061291510209
20775,3.1,3.924061291510209
20208,4.0,3.924061291510209
5980,3.7,3.924061291510209
19486,3.8,3.9250023348012415
14596,4.3,3.924061291510209
13150,4.4,3.924061291510209
22632,3.8,3.924061291510209
9014,3.5,3.9233946545824594
21128,4.3,3.92766888251224
20940,3.6,3.924061291510209
5102,4.5,3.924061291510209
4065,3.8,3.924061291510209
14920,4.7,3.925461229058483
20834,3.3,3.9185971941803173
23880,5.6,3.924061291510209
23602,4.2,3.924061291510209
7301,4.9,3.928747128984914
6487,4.3,3.924061291510209
10345,3.7,3.924061291510209
10006,4.0,3.924061291510209
4920,4.3,3.924061291510209
272,3.8,3.929048665920838
1690,4.0,3.924061291510209
13275,5.0,3.924061291510209
23066,4.2,3.924061291510209
1756,3.5,3.924061291510209
13293,3.1,3.924061291510209
14177,3.9,3.9312121352991505
15626,2.8,3.924061291510209
3503,3.9,3.924061291510209
5263,4.1,3.923200864777881
22689,3.6,3.924061291510209
9232,4.3,3.924061291510209
22999,4.1,3.924061291510209
6802,4.3,3.924061291510209
2548,4.2,3.924061291510209
20887,3.8,3.924061291510209
12247,3.9,3.924061291510209
13726,4.0,3.924061291510209
20482,4.2,3.924061291510209
15566,3.7,3.924061291510209
21182,4.4,3.924061291510209
4426,3.9,3.924061291510209
5771,3.8,3.9252472851142284
19903,4.0,3.9228869252944643
5512,3.1,3.924061291510209
1408,4.1,3.924061291510209
11188,5.0,3.924061291510209
16821,3.3,3.924061291510209
1198,4.2,3.926841012467081
17586,4.0,3.924061291510209
22722,4.9,3.924061291510209
2360,3.7,3.924061291510209
23393,3.6,3.924061291510209
23501,4.2,3.924061291510209
1997,3.9,3.924061291510209
15841,3.9,3.924061291510209
22321,3.9,3.924061291510209
17539,4.1,3.924061291510209
7845,3.7,3.924061291510209
6971,3.9,3.924061291510209
20523,3.9,3.924061291510209
3779,3.0,3.924061291510209
10989,3.8,3.924061291510209
23364,4.0,3.924061291510209
5443,4.1,3.924061291510209
13005,3.8,3.924061291510209
20901,3.8,3.924061291510209
11700,4.1,3.928616127077019
2237,3.0,3.924061291510209
18537,3.9,3.924061291510209
23438,3.8,3.924061291510209
4520,3.9,3.924061291510209
304,4.0,3.924061291510209
12799,3.9,3.924061291510209
17827,3.9,3.924061291510209
18463,4.2,3.924061291510209
1760,3.7,3.926037947516908
18011,3.9,3.924061291510209
573,4.0,3.924061291510209
9039,4.0,3.924061291510209
4354,3.9,3.924061291510209
15290,3.9,3.926405372986389
11100,3.5,3.924061291510209
23885,4.0,3.924061291510209
20214,3.4,3.9265650557853613
8394,3.8,3.924061291510209
19348,3.9,3.924061291510209
15470,3.9,3.924061291510209
4401,3.7,3.924061291510209
735,3.8,3.924061291510209
9326,3.6,3.924061291510209
9078,4.1,3.924061291510209
243,3.7,3.924061291510209
5833,3.8,3.924061291510209
19364,3.5,3.924061291510209
10851,4.1,3.924061291510209
10755,3.7,3.924061291510209
18961,4.2,3.924061291510209
14520,4.4,3.924061291510209
19596,4.2,3.924061291510209
13535,3.9,3.924061291510209
16201,3.9,3.924061291510209
13048,4.1,3.924061291510209
2951,3.4,3.924061291510209
22433,4.2,3.924061291510209
19299,4.5,3.9332221231522375
9430,3.9,3.924061291510209
22207,4.1,3.926836361511771
12609,3.8,3.924061291510209
14863,3.8,3.924061291510209
11577,4.3,3.924061291510209
3812,3.3,3.924061291510209
5915,3.9,3.924061291510209
22858,3.8,3.924061291510209
13250,3.7,3.924061291510209
10651,3.9,3.9279525907861426
17150,4.3,3.924061291510209
20946,3.7,3.925824778731872
19723,4.3,3.924061291510209
8719,4.7,3.924061291510209
19729,4.2,3.924061291510209
16122,3.9,3.924061291510209
767,4.1,3.924061291510209
23366,3.6,3.924061291510209
9309,4.8,3.924061291510209
23307,3.8,3.924061291510209
9938,3.6,3.9220004532124007
21711,3.8,3.924061291510209
23041,3.8,3.924061291510209
16140,3.5,3.924061291510209
2603,3.9,3.924061291510209
6393,4.2,3.924061291510209
11328,3.8,3.924061291510209
9626,4.1,3.924061291510209
10830,3.3,3.924061291510209
9914,3.4,3.9284496228769252
12625,3.6,3.924061291510209
11041,5.5,3.9257619908351886
5216,3.6,3.924061291510209
5776,3.6,3.9235260440699635
17082,4.1,3.924061291510209
17295,3.3,3.924061291510209
18893,4.0,3.924061291510209
1474,3.9,3.924061291510209
2292,4.2,3.924061291510209
3926,3.8,3.9285339601998777
16911,4.2,3.924061291510209
15823,3.5,3.924061291510209
13821,3.7,3.924061291510209
22583,3.8,3.924061291510209
20195,3.9,3.924061291510209
8342,3.5,3.924061291510209
5595,3.7,3.924061291510209
13504,4.4,3.9310222212906636
20867,4.2,3.9285107054233284
5109,3.9,3.924061291510209
12086,3.9,3.924061291510209
22867,3.2,3.924061291510209
18430,3.4,3.924061291510209
3815,3.7,3.924061291510209
15723,4.2,3.924061291510209
22750,3.9,3.924061291510209
16113,3.7,3.9272433201013857
5389,4.0,3.924061291510209
5275,3.5,3.924061291510209
23173,4.0,3.924061291510209
17859,3.4,3.924061291510209
2948,3.9,3.924061291510209
11571,3.7,3.924061291510209
13986,3.6,3.924061291510209
2022,3.7,3.924061291510209
10456,4.6,3.924061291510209
22649,3.9,3.924061291510209
5015,3.4,3.924061291510209
1113,3.6,3.924061291510209
5799,3.5,3.924061291510209
6177,4.0,3.92473180423405
14607,3.8,3.924061291510209
23215,3.8,3.924061291510209
19337,3.9,3.924061291510209
15592,4.7,3.924061291510209
12015,3.6,3.924061291510209
23000,4.1,3.924061291510209
10192,3.9,3.9261177889163945
18027,3.1,3.924061291510209
3045,4.0,3.924061291510209
11426,3.7,3.924061291510209
8375,3.8,3.924061291510209
10452,3.6,3.924061291510209
9522,4.3,3.924061291510209
1267,3.6,3.924061291510209
9971,4.2,3.9246195611792385
22543,3.8,3.924061291510209
8918,4.1,3.924061291510209
11434,3.9,3.924061291510209
11916,4.6,3.924061291510209
6168,3.9,3.924061291510209
18974,3.9,3.924061291510209
1719,4.1,3.924061291510209
9011,3.5,3.924061291510209
9103,3.8,3.924061291510209
16687,3.3,3.924061291510209
12042,3.8,3.924061291510209
2666,4.0,3.924061291510209
581,4.1,3.924061291510209
1287,3.6,3.924061291510209
21996,3.4,3.924061291510209
18812,3.9,3.924061291510209
9733,3.5,3.924061291510209
11599,3.5,3.924061291510209
8834,3.8,3.924061291510209
21775,4.2,3.924061291510209
21928,3.8,3.924061291510209
12416,3.5,3.924061291510209
7244,3.1,3.924061291510209
23457,3.9,3.924061291510209
2508,3.6,3.924061291510209
16599,3.5,3.924061291510209
11707,4.1,3.924061291510209
21882,4.4,3.924061291510209
22150,3.3,3.924061291510209
18337,3.8,3.924061291510209
10720,3.8,3.924061291510209
18154,4.1,3.924061291510209
609,3.6,3.924061291510209
23175,3.7,3.924061291510209
20469,3.5,3.924061291510209
5694,3.8,3.924061291510209
16653,3.8,3.924061291510209
4298,3.8,3.924061291510209
18802,4.1,3.924061291510209
23542,3.9,3.924061291510209
11914,4.3,3.924061291510209
3067,4.2,3.924061291510209
22070,3.8,3.924061291510209
10696,4.1,3.924061291510209
14763,4.0,3.924061291510209
4944,4.9,3.924061291510209
9839,4.0,3.924061291510209
4444,4.1,3.924061291510209
6359,3.9,3.924061291510209
6122,3.5,3.9229233577777247
10937,4.0,3.924061291510209
2569,4.5,3.924061291510209
20141,5.1,3.9253240258768414
1384,4.1,3.924061291510209
17727,4.0,3.927813062126846
12111,3.6,3.924061291510209
1147,4.1,3.924061291510209
9081,4.0,3.9299478506140813
20990,3.6,3.9243256983195756
13730,3.6,3.9248046692005714
18013,3.9,3.924061291510209
16838,4.2,3.9247604851251277
3967,3.9,3.924061291510209
13869,4.7,3.924061291510209
3720,3.5,3.924061291510209
15890,3.6,3.924061291510209
17778,3.6,3.924061291510209
11473,3.8,3.924061291510209
23704,3.9,3.924061291510209
12778,3.8,3.924061291510209
6033,4.0,3.924061291510209
16839,3.2,3.924061291510209
11367,3.9,3.924061291510209
4884,4.0,3.9298194842475285
10995,3.9,3.924061291510209
12483,3.7,3.924061291510209
7947,4.1,3.924061291510209
1193,4.8,3.924061291510209
922,3.8,3.9246597144267468
7763,4.0,3.924061291510209
14250,3.5,3.924061291510209
4501,3.9,3.922104789643186
21869,3.7,3.9246829692032965
21915,3.8,3.924061291510209
18767,5.1,3.924061291510209
19194,4.0,3.924061291510209
15979,3.2,3.924061291510209
21408,4.1,3.924061291510209
9985,4.1,3.924061291510209
312,3.9,3.924061291510209
22152,4.2,3.924061291510209
1178,3.8,3.924061291510209
5159,3.3,3.924061291510209
11249,4.0,3.924061291510209
3185,3.4,3.924061291510209
16785,3.7,3.924061291510209
5589,4.0,3.924061291510209
23076,3.7,3.924061291510209
3082,4.2,3.924061291510209
5212,3.9,3.924061291510209
4362,4.0,3.9243325972366185
15934,4.3,3.924061291510209
10284,3.7,3.924061291510209
10019,3.1,3.924061291510209
18212,4.0,3.924061291510209
8468,3.9,3.924061291510209
5429,4.4,3.9267217154633824
17987,4.0,3.924061291510209
5702,3.8,3.924061291510209
9094,4.4,3.924061291510209
14165,3.6,3.924061291510209
18558,3.7,3.924061291510209
16356,4.0,3.924061291510209
9810,4.1,3.924061291510209
7423,4.1,3.924061291510209
982,4.0,3.922638874344604
13102,3.8,3.924061291510209
11530,3.8,3.924061291510209
8397,3.9,3.924061291510209
15992,3.7,3.924061291510209
9356,4.0,3.924061291510209
14530,3.9,3.924061291510209
12172,3.1,3.924061291510209
41,4.6,3.924061291510209
11347,3.3,3.924061291510209
23897,3.7,3.924061291510209
19259,3.7,3.924061291510209
21,4.2,3.924061291510209
20942,3.9,3.924061291510209
4015,3.9,3.92766888251224
1225,3.9,3.924061291510209
16729,4.0,3.924061291510209
15508,4.5,3.924061291510209
12515,4.0,3.924061291510209
9543,4.0,3.924061291510209
22530,3.2,3.924061291510209
10580,4.5,3.922514073710455
20688,4.2,3.9268503143777007
1241,4.5,3.924061291510209
5319,3.6,3.924061291510209
5176,3.7,3.924061291510209
22726,4.1,3.924061291510209
22936,3.9,3.924061291510209
15049,3.4,3.924061291510209
10246,4.1,3.924061291510209
18582,3.5,3.924061291510209
2274,3.0,3.924061291510209
11750,4.0,3.924061291510209
19974,3.1,3.924061291510209
23830,3.8,3.924061291510209
3809,3.7,3.924061291510209
4514,3.8,3.924061291510209
17753,3.8,3.924061291510209
21295,3.9,3.924061291510209
8385,3.7,3.924061291510209
15997,4.0,3.924061291510209
19244,3.9,3.924061291510209
23789,4.0,3.924061291510209
5052,3.6,3.924061291510209
6747,3.5,3.924061291510209
23491,3.8,3.924061291510209
728,3.9,3.924061291510209
13030,4.0,3.924061291510209
5120,4.0,3.924061291510209
22094,4.4,3.9255340940250045
18140,4.1,3.924061291510209
10573,3.7,3.924061291510209
21102,3.9,3.924061291510209
1581,4.0,3.924061291510209
7436,3.8,3.924061291510209
7468,3.7,3.924061291510209
4750,4.0,3.924061291510209
13429,3.8,3.924061291510209
8519,3.6,3.924061291510209
16054,3.0,3.9186568814401275
19369,3.3,3.924061291510209
13038,4.9,3.924061291510209
8669,3.8,3.924061291510209
291,3.8,3.924061291510209
13059,3.8,3.924061291510209
14886,2.9,3.924061291510209
11167,3.6,3.924061291510209
1551,3.6,3.924061291510209
16481,4.0,3.9284967525573986
8564,3.8,3.924061291510209
11368,3.8,3.924061291510209
18842,3.3,3.924061291510209
11957,4.2,3.924061291510209
2217,3.6,3.924061291510209
14903,4.1,3.924061291510209
21166,4.3,3.924061291510209
13990,3.2,3.924061291510209
20117,3.7,3.9240574157141173
22420,4.5,3.924061291510209
15858,3.8,3.924061291510209
12370,3.8,3.924061291510209
12837,3.6,3.924061291510209
684,3.5,3.924061291510209
3943,4.3,3.924061291510209
10321,3.8,3.924061291510209
6535,4.0,3.924061291510209
6321,4.1,3.924061291510209
13099,4.0,3.924061291510209
15764,3.9,3.924061291510209
14572,4.2,3.924061291510209
22478,3.6,3.924061291510209
19495,4.0,3.924061291510209
1799,3.8,3.9314718136372857
13172,4.0,3.924061291510209
20457,4.1,3.924061291510209
6021,3.2,3.924061291510209
18251,4.1,3.927149835899657
5520,3.6,3.924061291510209
6243,3.7,3.924061291510209
22536,4.4,3.924061291510209
13511,4.3,3.924061291510209
13012,3.7,3.924061291510209
8622,4.2,3.924061291510209
21344,4.1,3.924061291510209
4389,3.7,3.924061291510209
20956,4.2,3.924061291510209
17363,4.0,3.924061291510209
13416,3.7,3.924061291510209
841,4.5,3.924061291510209
11087,4.2,3.924061291510209
19281,3.4,3.924061291510209
9867,4.6,3.924061291510209
10661,3.7,3.924061291510209
19470,4.6,3.924061291510209
15103,4.0,3.924061291510209
14069,4.8,3.924061291510209
10127,3.4,3.924061291510209
15021,3.8,3.926353437318762
22574,4.6,3.924061291510209
23548,3.7,3.924061291510209
19666,3.9,3.924061291510209
10072,3.2,3.924061291510209
22870,3.4,3.924061291510209
16060,4.1,3.924061291510209
5231,5.0,3.924061291510209
5311,4.6,3.9267735736150877
21607,3.6,3.924061291510209
16774,3.8,3.924061291510209
11830,3.9,3.924061291510209
6736,3.9,3.924061291510209
17784,3.9,3.924061291510209
942,3.9,3.924061291510209
23415,3.8,3.924061291510209
17588,3.9,3.924061291510209
5744,3.8,3.9218272826430294
6142,3.7,3.924061291510209
818,3.8,3.924061291510209
18179,4.0,3.924061291510209
13988,3.1,3.924061291510209
212,3.7,3.924061291510209
21020,3.9,3.924061291510209
12729,3.9,3.9244364685718724
16876,3.6,3.924061291510209
23910,3.4,3.924061291510209
23727,4.2,3.924061291510209
11009,4.2,3.924061291510209
7199,6.1,3.924061291510209
22767,3.9,3.924061291510209
23806,4.0,3.924061291510209
5518,3.3,3.924061291510209
22646,4.0,3.924061291510209
3647,3.8,3.9282068430097494
7712,3.9,3.924061291510209
17025,3.8,3.924061291510209
23168,3.9,3.924061291510209
20828,3.3,3.924061291510209
5284,3.8,3.924061291510209
12552,4.3,3.924061291510209
23527,3.8,3.924061291510209
23387,4.1,3.924061291510209
8373,4.5,3.9251155080471154
17232,4.5,3.924061291510209
1388,4.4,3.924061291510209
6995,3.3,3.924061291510209
1994,4.1,3.924061291510209
9435,4.0,3.924061291510209
8076,4.3,3.924061291510209
20529,4.1,3.924061291510209
2749,5.1,3.924061291510209
1095,3.0,3.924061291510209
2783,4.2,3.924061291510209
4682,4.1,3.924061291510209
12639,3.8,3.924061291510209
700,4.0,3.924061291510209
8151,3.8,3.924061291510209
644,3.8,3.924061291510209
4434,4.1,3.922983510133066
17717,3.8,3.924061291510209
15286,4.3,3.9262782468745856
3512,3.8,3.924061291510209
13312,3.2,3.924061291510209
1853,4.0,3.9293517531751982
11120,4.1,3.924061291510209
8244,4.2,3.924061291510209
22164,4.2,3.926630944318918
3769,4.0,3.924061291510209
2716,4.1,3.9259720589833518
22799,4.2,3.924061291510209
2472,3.8,3.924061291510209
13436,3.6,3.924061291510209
16829,3.8,3.924061291510209
4345,3.9,3.924061291510209
22401,3.9,3.924061291510209
21633,3.8,3.924061291510209
19311,3.5,3.924061291510209
4420,3.5,3.924061291510209
7201,3.5,3.924061291510209
19455,4.2,3.924061291510209
611,3.2,3.924061291510209
11853,3.6,3.924061291510209
13108,3.6,3.924061291510209
22318,3.8,3.924061291510209
15316,4.6,3.924061291510209
4281,3.6,3.924061291510209
3366,3.7,3.924061291510209
17624,3.6,3.924061291510209
1181,4.2,3.924061291510209
6704,3.8,3.924061291510209
16859,4.0,3.924061291510209
23201,3.7,3.924061291510209
910,4.3,3.924061291510209
19081,3.9,3.924061291510209
20965,3.7,3.924061291510209
7055,3.6,3.924061291510209
1870,4.3,3.924061291510209
10756,3.8,3.924061291510209
12921,4.2,3.924061291510209
805,3.8,3.924061291510209
20539,4.1,3.9248752086894383
21785,3.7,3.929022310507415
9132,4.0,3.924061291510209
14987,3.8,3.924061291510209
6595,4.1,3.924061291510209
14546,3.5,3.924061291510209
23751,4.5,3.924061291510209
3548,3.8,3.924061291510209
7876,3.4,3.924061291510209
21375,3.7,3.924061291510209
6362,3.7,3.924061291510209
11824,3.5,3.924061291510209
1229,3.9,3.924061291510209
14769,4.5,3.924061291510209
23181,3.9,3.924061291510209
17822,4.1,3.924061291510209
23972,3.8,3.924061291510209
11977,3.3,3.924061291510209
14563,3.8,3.924061291510209
7760,3.1,3.924061291510209
22962,3.9,3.924061291510209
9570,4.3,3.924061291510209
6063,3.8,3.924061291510209
2714,4.1,3.921659848251874
17169,4.5,3.924061291510209
6462,4.3,3.924061291510209
8070,3.2,3.924061291510209
5242,4.1,3.924061291510209
17934,3.7,3.924061291510209
1607,4.9,3.924061291510209
1269,3.3,3.924061291510209
16941,3.7,3.924061291510209
17786,3.6,3.924061291510209
5480,4.1,3.924061291510209
12641,4.0,3.924061291510209
8399,3.9,3.924061291510209
23014,3.9,3.924061291510209
15307,4.3,3.924061291510209
966,4.0,3.924061291510209
7791,4.4,3.924061291510209
6123,3.5,3.924061291510209
8006,4.1,3.924061291510209
3852,3.9,3.924061291510209
20496,3.8,3.928092119445439
9191,4.1,3.924061291510209
23618,4.4,3.924061291510209
23162,3.7,3.924061291510209
7186,4.9,3.924061291510209
4671,3.7,3.924061291510209
2205,3.9,3.924061291510209
20718,3.9,3.924301590867886
147,4.5,3.924061291510209
21515,4.4,3.924061291510209
16590,3.8,3.924061291510209
21170,3.8,3.924061291510209
19006,3.5,3.924061291510209
15860,3.5,3.9233543463031073
20838,4.0,3.924061291510209
23503,4.3,3.924061291510209
15497,4.0,3.924061291510209
17201,4.0,3.924061291510209
20858,4.0,3.924061291510209
1194,4.7,3.924061291510209
22776,3.4,3.924061291510209
18275,4.2,3.924061291510209
12165,3.9,3.924061291510209
23297,4.3,3.924061291510209
21854,4.2,3.924061291510209
16320,3.7,3.924061291510209
17514,3.4,3.924061291510209
7572,4.0,3.924061291510209
5660,3.8,3.924061291510209
6555,3.8,3.924061291510209
853,3.7,3.924061291510209
13262,3.6,3.924061291510209
2102,3.7,3.924061291510209
9913,3.1,3.924061291510209
18839,3.7,3.924061291510209
9043,2.8,3.924061291510209
15080,4.0,3.924061291510209
11939,3.6,3.9216489960228174
23276,3.7,3.924061291510209
13883,3.8,3.924061291510209
1648,3.9,3.924061291510209
8930,4.0,3.9318500913358227
1555,4.3,3.924061291510209
17702,3.3,3.924061291510209
2968,4.6,3.924061291510209
15965,4.1,3.924061291510209
1498,4.1,3.924061291510209
137,4.3,3.924061291510209
18034,3.4,3.924061291510209
22691,3.9,3.924061291510209
6334,3.1,3.924061291510209
1615,3.8,3.924061291510209
22924,4.3,3.924061291510209
14914,3.9,3.924061291510209
8751,4.0,3.924061291510209
14893,6.3,3.924061291510209
13959,4.0,3.924061291510209
12782,3.5,3.924061291510209
11252,4.0,3.924061291510209
4040,4.0,3.924061291510209
19011,4.7,3.924061291510209
4903,4.0,3.924061291510209
16979,3.7,3.924061291510209
2296,4.3,3.924061291510209
6813,3.4,3.924061291510209
778,4.1,3.924061291510209
6892,5.2,3.924061291510209
17973,3.3,3.924061291510209
176,3.7,3.924061291510209
12122,3.9,3.924061291510209
6403,3.6,3.924061291510209
16258,3.6,3.924061291510209
16045,3.6,3.924061291510209
21402,3.5,3.924061291510209
21087,4.0,3.9251922488097284
18950,5.3,3.924061291510209
8557,3.6,3.924061291510209
7777,4.5,3.924061291510209
6806,5.1,3.924061291510209
19228,3.7,3.924061291510209
10267,4.2,3.9228737475877526
18489,4.1,3.924061291510209
11602,3.4,3.924061291510209
13163,4.2,3.924061291510209
2565,3.5,3.924061291510209
12503,3.9,3.924061291510209
10160,4.1,3.924061291510209
23267,3.8,3.924061291510209
12460,3.4,3.924061291510209
1935,3.7,3.924061291510209
4814,3.6,3.924061291510209
2067,4.1,3.924061291510209
22832,3.8,3.924061291510209
7692,3.7,3.924061291510209
2354,3.9,3.924061291510209
21396,3.7,3.924061291510209
2655,4.7,3.924061291510209
7820,3.5,3.924061291510209
21626,3.8,3.924061291510209
1203,3.9,3.9242504303594776
1090,3.3,3.924061291510209
17460,4.0,3.924061291510209
6412,3.5,3.924061291510209
5283,3.7,3.924061291510209
18575,3.1,3.924061291510209
6109,3.8,3.924061291510209
16233,3.7,3.926482113749002
5379,4.1,3.924061291510209
3183,3.8,3.924061291510209
19803,4.0,3.924061291510209
22637,3.9,3.924061291510209
18220,4.2,3.924061291510209
16222,4.7,3.929731581192172
11337,3.6,3.924061291510209
21601,4.7,3.924061291510209
1376,3.6,3.924061291510209
19579,3.8,3.924061291510209
22789,3.8,3.924061291510209
5357,4.7,3.924061291510209
21594,3.7,3.924061291510209
9361,3.5,3.924061291510209
18068,3.7,3.924061291510209
17084,4.0,3.924061291510209
22685,4.1,3.924061291510209
22493,3.9,3.924061291510209
12540,3.5,3.924061291510209
10936,3.5,3.924061291510209
12751,4.5,3.924061291510209
16466,3.3,3.924061291510209
435,4.1,3.924061291510209
1778,3.6,3.924061291510209
22102,4.8,3.924061291510209
12181,4.1,3.924061291510209
6172,4.2,3.924061291510209
4493,4.3,3.924061291510209
16155,4.0,3.924061291510209
3438,3.9,3.924061291510209
18192,3.8,3.924061291510209
1621,3.4,3.924061291510209
16948,4.2,3.924061291510209
18120,4.1,3.924061291510209
8259,4.0,3.924061291510209
9980,4.1,3.924061291510209
18059,4.1,3.924061291510209
12972,3.7,3.924061291510209
15086,3.4,3.924061291510209
6625,3.9,3.924061291510209
16369,4.0,3.924061291510209
8999,4.2,3.924061291510209
23236,3.5,3.924061291510209
1037,4.0,3.921066076290646
16825,3.9,3.924061291510209
17291,3.6,3.924061291510209
14524,4.1,3.924061291510209
21464,3.8,3.9264952914557134
14635,4.3,3.924061291510209
4030,3.8,3.924061291510209
12037,4.1,3.924061291510209
10872,4.0,3.924061291510209
6411,4.0,3.924061291510209
2105,3.9,3.924061291510209
196,5.0,3.924061291510209
10556,4.2,3.9223551660707012
2910,3.8,3.924061291510209
10772,3.6,3.924061291510209
15807,3.8,3.924061291510209
5191,3.8,3.924061291510209
14264,3.6,3.924138032272822
7955,4.5,3.924061291510209
21094,4.0,3.924061291510209
12175,2.7,3.924061291510209
22669,3.9,3.924061291510209
6620,4.1,3.924061291510209
13251,3.7,3.924061291510209
21789,4.3,3.9209994125978707
19022,3.6,3.924061291510209
1539,5.0,3.924061291510209
23239,4.2,3.924061291510209
2031,3.8,3.924061291510209
13523,4.3,3.924061291510209
13722,4.3,3.924061291510209
10905,3.9,3.924061291510209
10627,4.1,3.924061291510209
6877,4.6,3.924061291510209
23606,3.7,3.924061291510209
23485,3.8,3.924061291510209
12937,4.1,3.924061291510209
5551,4.3,3.924061291510209
18874,3.9,3.924061291510209
12156,3.8,3.924061291510209
661,3.8,3.924061291510209
23396,3.5,3.924061291510209
2935,4.2,3.924061291510209
12236,4.0,3.924061291510209
20729,2.8,3.924061291510209
4898,3.7,3.924061291510209
9395,3.6,3.924061291510209
18759,4.9,3.924061291510209
18007,4.1,3.924061291510209
1947,4.5,3.924061291510209
19191,3.9,3.924061291510209
2586,4.0,3.924061291510209
20681,3.9,3.924061291510209
22610,4.0,3.924061291510209
20918,3.9,3.924061291510209
7800,4.3,3.924061291510209
7417,4.1,3.924061291510209
3307,4.8,3.9215575272350565
21720,3.9,3.924061291510209
21054,4.1,3.924061291510209
21885,4.3,3.924061291510209
14316,3.9,3.924061291510209
13112,3.9,3.924061291510209
5871,4.3,3.924061291510209
9855,3.6,3.924061291510209
12768,3.6,3.924061291510209
3390,4.9,3.924061291510209
8435,3.8,3.924061291510209
13338,4.0,3.924061291510209
43,4.2,3.924061291510209
22470,3.6,3.924061291510209
1167,4.6,3.924061291510209
8503,4.0,3.924061291510209
17704,3.1,3.924061291510209
4293,3.5,3.924061291510209
23714,4.3,3.924061291510209
5098,3.8,3.924061291510209
5459,3.7,3.924061291510209
5247,3.9,3.924061291510209
20087,3.5,3.924061291510209
7081,3.7,3.924061291510209
19240,3.8,3.924061291510209
23347,3.9,3.924061291510209
15734,4.3,3.924061291510209
22884,3.8,3.924061291510209
10694,4.1,3.924061291510209
11659,3.6,3.92376673100725
18561,4.3,3.924061291510209
6372,4.3,3.924061291510209
18634,3.6,3.9291618391667114
18407,4.0,3.924061291510209
5822,3.6,3.924909315695044
8569,3.8,3.924061291510209
6809,4.5,3.924061291510209
19944,4.1,3.926022444332542
23309,4.0,3.924061291510209
3761,3.7,3.9231504794286907
16330,5.1,3.924061291510209
13287,4.3,3.924061291510209
18741,3.9,3.924061291510209
23124,3.8,3.924061291510209
22642,3.6,3.924061291510209
3679,4.5,3.924061291510209
11695,4.1,3.924061291510209
19945,4.0,3.9299292467928417
2537,4.2,3.924061291510209
1956,4.9,3.924061291510209
8274,5.6,3.924061291510209
6829,4.1,3.924061291510209
2401,4.3,3.924061291510209
111,3.6,3.924061291510209
19877,4.4,3.924061291510209
146,3.5,3.924061291510209
11613,4.7,3.924061291510209
7834,3.9,3.924061291510209
3525,3.9,3.924061291510209
5095,3.9,3.9322082148946835
12090,3.8,3.924061291510209
6830,4.5,3.924061291510209
23687,3.9,3.924061291510209
23063,3.8,3.924061291510209
9748,4.0,3.924061291510209
8522,4.3,3.924061291510209
18773,3.9,3.924061291510209
18514,4.0,3.924061291510209
18646,4.2,3.924061291510209
74,4.2,3.924061291510209
12210,4.1,3.924061291510209
206,3.9,3.924061291510209
3804,3.6,3.924061291510209
16781,4.4,3.924061291510209
20081,4.0,3.924061291510209
839,3.6,3.924061291510209
19732,5.2,3.924061291510209
23787,3.9,3.924061291510209
23299,3.3,3.924061291510209
5699,3.8,3.924061291510209
14449,4.0,3.9221652520622143
3547,3.7,3.924061291510209
16276,4.0,3.924061291510209
16744,2.8,3.924061291510209
23514,4.0,3.924061291510209
4929,4.7,3.924061291510209
6010,4.5,3.924061291510209
17734,3.9,3.924061291510209
8130,4.2,3.924061291510209
22173,4.4,3.924061291510209
13431,3.3,3.924061291510209
18897,3.8,3.924061291510209
11313,4.2,3.924061291510209
14040,4.8,3.924061291510209
23717,3.7,3.924061291510209
935,4.2,3.9247201768457756
16632,3.6,3.924061291510209
20231,4.5,3.924061291510209
22851,3.2,3.924061291510209
17120,4.1,3.924061291510209
16151,4.0,3.924061291510209
13878,3.6,3.924061291510209
19100,3.6,3.924061291510209
15643,4.0,3.923163269555793
19406,4.1,3.924061291510209
18328,3.8,3.924061291510209
19663,4.1,3.938538165071431
10055,3.8,3.926520716678074
2356,3.7,3.924061291510209
13904,3.4,3.9207203552792778
10073,2.9,3.924061291510209
1116,5.9,3.924061291510209
1125,3.8,3.924061291510209
20356,4.9,3.927544081878091
21937,3.7,3.924061291510209
10877,3.8,3.924061291510209
15139,3.9,3.924061291510209
20785,3.5,3.924061291510209
2412,4.2,3.924061291510209
5251,4.0,3.924061291510209
15277,3.7,3.919145231747665
23390,3.7,3.924061291510209
887,3.7,3.924061291510209
2891,4.0,3.924061291510209
3704,3.7,3.9276502786910004
20730,3.4,3.924061291510209
3568,4.6,3.924061291510209
7999,4.0,3.924061291510209
8769,4.1,3.924061291510209
16606,3.7,3.924061291510209
950,4.3,3.924061291510209
3265,4.2,3.924061291510209
22414,3.9,3.924061291510209
15543,3.4,3.924061291510209
23529,3.8,3.924061291510209
23027,3.8,3.924061291510209
6532,3.9,3.924061291510209
23209,4.1,3.924061291510209
15785,4.4,3.924061291510209
11701,3.6,3.9228481673335485
20762,3.5,3.924061291510209
8902,4.3,3.924061291510209
17872,5.0,3.924061291510209
5600,4.1,3.924061291510209
6328,4.0,3.924061291510209
11610,5.1,3.924061291510209
5792,4.5,3.924061291510209
13787,3.8,3.924061291510209
11641,3.5,3.924061291510209
11148,4.9,3.924061291510209
8514,3.1,3.924061291510209
14438,3.5,3.924061291510209
13843,3.3,3.924061291510209
12794,3.9,3.924061291510209
20676,4.6,3.924061291510209
8254,4.3,3.924061291510209
23483,3.9,3.924061291510209
3997,4.0,3.9253691401433475
22435,3.7,3.924061291510209
453,4.0,3.924061291510209
11515,3.6,3.924061291510209
9258,4.0,3.933285686208139
19519,3.8,3.924061291510209
8699,4.2,3.924061291510209
18706,4.0,3.924061291510209
9524,3.9,3.924061291510209
11031,3.5,3.924061291510209
9871,3.6,3.924061291510209
2203,4.1,3.924061291510209
249,4.2,3.924061291510209
4958,4.1,3.924061291510209
21479,4.4,3.924061291510209
14551,4.2,3.924061291510209
21661,3.3,3.924061291510209
20188,4.0,3.924061291510209
15197,3.9,3.924061291510209
549,3.4,3.924061291510209
10301,3.6,3.924061291510209
13255,3.7,3.924061291510209
1674,3.5,3.924061291510209
5738,4.0,3.924061291510209
6267,3.8,3.924061291510209
12744,3.2,3.924061291510209
