,y_test,prediction
8696,47.0,87.44226975022917
7257,82.0,85.71
17811,63.0,87.44226975022917
427,61.0,87.44226975022917
18135,60.0,87.44226975022917
18192,57.0,87.44226975022917
5810,92.0,87.44226975022917
6004,59.0,87.44226975022917
22342,81.0,87.44226975022917
14354,52.0,87.44226975022917
5976,99.0,87.44226975022917
19968,46.0,87.44226975022917
18623,73.0,80.26
15605,52.0,69.64
9892,120.0,87.44226975022917
10170,93.0,87.44226975022917
13141,54.0,87.44226975022917
11937,71.0,87.44226975022917
7020,20.0,87.44226975022917
17680,87.0,87.44226975022917
9988,59.0,87.44226975022917
8347,168.0,87.44226975022917
4942,211.0,87.44226975022917
15187,50.0,74.03
1567,39.0,87.44226975022917
3767,50.0,87.44226975022917
21375,80.0,87.44226975022917
18536,42.0,87.44226975022917
21565,76.0,87.44226975022917
18803,80.0,87.44226975022917
4952,65.0,87.44226975022917
15344,87.0,87.44226975022917
16513,175.0,87.44226975022917
11838,78.0,87.44226975022917
21938,71.0,87.44226975022917
21293,60.0,87.44226975022917
17837,63.0,87.44226975022917
872,86.0,87.44226975022917
10106,78.0,87.44226975022917
12228,48.0,87.44226975022917
21978,56.0,73.33
7959,91.0,87.44226975022917
15588,146.0,87.44226975022917
16198,73.0,87.44226975022917
70,107.0,70.25
16178,65.0,87.44226975022917
10914,64.0,87.44226975022917
16755,70.0,87.44226975022917
10893,46.0,87.44226975022917
23254,59.0,87.44226975022917
11840,85.0,87.44226975022917
7091,67.0,87.44226975022917
754,59.0,80.65
2203,129.0,87.44226975022917
12300,71.0,87.44226975022917
23114,100.0,87.44226975022917
2014,122.0,87.44226975022917
731,115.0,87.44226975022917
22228,112.0,87.44226975022917
16648,90.0,87.44226975022917
16055,58.0,105.1
4760,40.0,87.44226975022917
19257,65.0,87.44226975022917
12432,82.0,87.44226975022917
3273,46.0,87.44226975022917
1969,74.0,87.44226975022917
10951,56.0,87.44226975022917
2406,85.0,87.44226975022917
14095,72.0,87.44226975022917
2113,62.0,87.44226975022917
9626,80.0,87.44226975022917
17913,60.0,87.44226975022917
9551,59.0,87.44226975022917
8610,72.0,87.44226975022917
10441,106.0,87.44226975022917
23459,70.0,87.44226975022917
23756,73.0,87.44226975022917
21974,66.0,87.44226975022917
6227,142.0,87.44226975022917
204,69.0,87.44226975022917
8011,57.0,60.43
16084,76.0,87.44226975022917
836,46.0,87.44226975022917
22310,71.0,87.44226975022917
2630,350.0,87.44226975022917
9591,69.0,87.44226975022917
23415,70.0,87.44226975022917
10591,80.0,85.92367416741673
1315,85.0,87.44226975022917
15280,76.0,87.44226975022917
8213,76.0,87.44226975022917
2737,114.0,87.44226975022917
22414,67.0,87.44226975022917
8637,410.0,87.44226975022917
2779,86.0,87.44226975022917
4604,39.0,87.44226975022917
3370,55.0,87.44226975022917
1090,128.0,87.44226975022917
9390,63.0,87.44226975022917
22184,66.0,87.44226975022917
23049,69.0,87.44226975022917
18780,52.0,87.44226975022917
2495,68.0,87.44226975022917
19732,83.0,87.44226975022917
21179,72.0,87.44226975022917
12263,100.0,87.44226975022917
1137,44.0,87.44226975022917
11434,125.0,87.44226975022917
11041,186.0,81.82
13475,53.0,87.44226975022917
5319,45.0,87.44226975022917
23505,81.0,87.44226975022917
11111,65.0,87.44226975022917
6417,64.0,87.44226975022917
3111,35.0,87.44226975022917
23710,62.0,87.44226975022917
23414,91.0,87.44226975022917
9876,43.0,87.44226975022917
18874,50.0,87.44226975022917
20406,57.0,87.44226975022917
22220,82.0,87.44226975022917
6844,56.0,87.44226975022917
8839,50.0,87.44226975022917
7025,28.0,87.44226975022917
22705,79.0,87.44226975022917
3435,68.0,87.44226975022917
14187,90.0,87.44226975022917
23562,75.0,87.44226975022917
15290,68.0,88.89304840741406
3366,70.0,87.44226975022917
19059,94.0,87.44226975022917
1125,85.0,87.44226975022917
20667,35.0,87.44226975022917
8481,70.0,87.44226975022917
11460,71.0,87.44226975022917
23607,106.0,87.44226975022917
19954,61.0,91.31
6158,61.0,87.44226975022917
12903,82.0,87.44226975022917
8047,58.0,87.44226975022917
7680,70.0,87.44226975022917
19991,44.0,87.44226975022917
21993,43.0,87.44226975022917
23005,51.0,87.44226975022917
21846,131.0,87.44226975022917
7389,76.0,87.44226975022917
20619,67.0,72.6
22539,90.0,87.44226975022917
317,75.0,87.44226975022917
2386,82.0,87.44226975022917
15260,64.0,87.44226975022917
20135,57.0,87.44226975022917
8111,116.0,87.44226975022917
10246,55.0,87.44226975022917
1935,148.0,87.44226975022917
18488,75.0,87.44226975022917
1687,70.0,77.09
7118,92.0,87.44226975022917
16653,86.0,87.44226975022917
8184,209.0,87.44226975022917
5089,77.0,87.44226975022917
10550,56.0,65.59
8162,68.0,87.44226975022917
8373,156.0,91.83
11430,214.0,87.44226975022917
11814,441.0,87.44226975022917
12523,24.0,87.44226975022917
195,46.0,87.44226975022917
3735,70.0,87.44226975022917
2518,229.0,87.44226975022917
1095,87.0,87.44226975022917
17753,53.0,87.44226975022917
4536,56.0,87.44226975022917
18848,81.0,87.44226975022917
8899,88.0,87.44226975022917
22070,84.0,87.44226975022917
3141,74.0,87.44226975022917
3769,48.0,87.44226975022917
23363,90.0,87.44226975022917
17841,81.0,87.44226975022917
6832,42.0,87.44226975022917
6631,39.0,87.44226975022917
8313,65.0,87.44226975022917
4341,62.0,87.44226975022917
5043,58.0,70.72
16360,72.0,87.44226975022917
13539,70.0,87.44226975022917
20129,60.0,87.44226975022917
19442,85.0,97.29
19052,75.0,63.82
1711,80.0,87.44226975022917
7601,90.0,87.44226975022917
11423,52.0,87.44226975022917
14947,76.0,87.44226975022917
23990,55.0,87.44226975022917
22948,86.0,87.44226975022917
8230,622.0,87.44226975022917
9844,54.0,87.44226975022917
19834,52.0,61.65
9195,80.0,87.44226975022917
21467,76.0,92.1
4241,76.0,90.3471927268603
7679,50.0,87.44226975022917
1648,65.0,87.44226975022917
23229,79.0,87.44226975022917
11824,104.0,87.44226975022917
9258,71.0,79.07
4677,57.0,87.44226975022917
2321,73.0,87.44226975022917
7457,150.0,87.44226975022917
22600,104.0,87.44226975022917
3537,173.0,87.44226975022917
23384,45.0,87.44226975022917
18539,46.0,87.44226975022917
13422,55.0,87.44226975022917
18051,74.0,87.44226975022917
14290,52.0,87.44226975022917
18630,64.0,87.44226975022917
11027,90.0,87.44226975022917
13875,64.0,87.44226975022917
15476,51.0,87.44226975022917
3603,73.0,87.44226975022917
12364,63.0,87.44226975022917
6444,72.0,87.44226975022917
17172,127.0,87.44226975022917
128,61.0,87.44226975022917
22400,50.0,87.44226975022917
22721,42.0,87.44226975022917
10022,74.0,87.44226975022917
11574,68.0,76.36
17741,84.0,87.44226975022917
14108,110.0,90.69
14492,44.0,87.44226975022917
4885,64.0,87.44226975022917
7325,60.0,87.44226975022917
1824,83.0,87.44226975022917
21854,68.0,87.44226975022917
14246,70.0,87.44226975022917
304,98.0,87.44226975022917
11370,109.0,87.44226975022917
10369,48.0,61.32
5263,63.0,81.85
13251,66.0,87.44226975022917
14280,62.0,87.44226975022917
14011,50.0,87.44226975022917
2555,63.0,87.44226975022917
252,67.0,87.44226975022917
536,118.0,87.44226975022917
6945,86.0,87.44226975022917
7898,146.0,87.44226975022917
16105,59.0,70.71
22079,73.0,87.44226975022917
23309,99.0,87.44226975022917
23056,76.0,87.44226975022917
12655,46.0,87.44226975022917
19802,63.0,87.44226975022917
23199,92.0,87.44226975022917
13338,51.0,87.44226975022917
1756,47.0,87.44226975022917
9933,74.0,87.44226975022917
11947,60.0,87.44226975022917
15447,51.0,87.44226975022917
23387,49.0,87.44226975022917
22352,58.0,66.92
14987,94.0,87.44226975022917
13936,137.0,87.44226975022917
12700,72.0,87.44226975022917
21918,84.0,87.44226975022917
20196,78.0,83.55
5686,59.0,87.44226975022917
6865,62.0,87.44226975022917
20996,71.0,87.44226975022917
2261,92.0,87.44226975022917
4310,112.0,87.44226975022917
8251,66.0,87.44226975022917
1435,73.0,87.44226975022917
12294,86.0,87.44226975022917
22208,55.0,87.44226975022917
15058,49.0,87.44226975022917
22867,79.0,87.44226975022917
7958,90.0,87.44226975022917
19330,82.0,87.44226975022917
23617,76.0,87.44226975022917
8180,97.0,87.44226975022917
23462,62.0,87.44226975022917
15277,39.0,123.05
14635,107.0,87.44226975022917
2525,65.0,87.44226975022917
6144,58.0,87.44226975022917
11441,94.0,87.44226975022917
1520,74.0,98.5
15726,170.0,87.44226975022917
23910,93.0,87.44226975022917
11515,83.0,87.44226975022917
23393,65.0,87.44226975022917
13852,94.0,87.44226975022917
10123,100.0,87.44226975022917
22397,47.0,87.44226975022917
13116,54.0,87.44226975022917
22161,75.0,87.44226975022917
3871,60.0,87.44226975022917
22632,74.0,87.44226975022917
18357,43.0,87.44226975022917
22821,75.0,87.44226975022917
10337,54.0,66.11
21450,69.0,87.44226975022917
14043,73.0,87.44226975022917
22920,61.0,87.44226975022917
3323,48.0,87.44226975022917
15008,59.0,87.44226975022917
15893,70.0,87.44226975022917
15840,62.0,87.44226975022917
18521,181.0,87.44226975022917
8012,61.0,76.07
20011,65.0,87.44226975022917
17370,94.0,87.44226975022917
19733,75.0,87.44226975022917
8277,120.0,87.44226975022917
9902,58.0,87.44226975022917
13031,35.0,87.44226975022917
12631,71.0,87.44226975022917
6612,93.0,87.44226975022917
23708,74.0,87.44226975022917
17875,837.0,87.44226975022917
14396,45.0,87.44226975022917
6288,70.0,87.44226975022917
20586,107.0,87.44226975022917
15088,65.0,87.44226975022917
11918,526.0,87.44226975022917
561,91.0,87.44226975022917
21674,75.0,87.44226975022917
4610,45.0,87.44226975022917
16000,83.0,87.09
22097,185.0,87.44226975022917
16060,80.0,87.44226975022917
4077,85.0,87.44226975022917
23389,42.0,87.44226975022917
3657,62.0,87.44226975022917
5305,51.0,87.44226975022917
15293,93.0,87.44226975022917
16876,65.0,87.44226975022917
19081,58.0,87.44226975022917
20927,58.0,60.93
3190,75.0,87.44226975022917
11625,89.0,87.44226975022917
4136,150.0,87.44226975022917
1367,422.0,87.44226975022917
21594,80.0,87.44226975022917
19086,68.0,96.09
21209,123.0,87.44226975022917
2583,61.0,87.44226975022917
13128,53.0,87.44226975022917
6391,66.0,87.44226975022917
2709,62.0,87.44226975022917
18431,68.0,87.44226975022917
20211,40.0,87.44226975022917
8064,113.0,87.44226975022917
10861,83.0,87.44226975022917
4504,78.0,63.85
2412,232.0,87.44226975022917
7249,81.0,87.44226975022917
6395,81.0,87.44226975022917
22903,96.0,87.44226975022917
22593,67.0,87.44226975022917
13236,64.0,87.44226975022917
15336,62.0,87.44226975022917
8367,65.0,87.44226975022917
12382,56.0,87.44226975022917
23423,74.0,87.44226975022917
14506,59.0,87.44226975022917
8620,80.0,87.44226975022917
16045,54.0,87.44226975022917
10717,101.0,87.44226975022917
10533,71.0,87.44226975022917
4809,34.0,87.44226975022917
10509,56.0,87.44226975022917
1178,69.0,87.44226975022917
16411,25.0,87.44226975022917
7548,83.0,87.44226975022917
138,80.0,87.44226975022917
7121,71.0,86.41
10495,57.0,87.44226975022917
3443,67.0,87.44226975022917
18765,538.0,87.44226975022917
22562,71.0,87.44226975022917
5654,36.0,87.44226975022917
722,93.0,87.44226975022917
584,74.0,87.44226975022917
6138,76.0,87.44226975022917
16020,27.0,87.44226975022917
22880,55.0,87.44226975022917
9801,244.0,87.44226975022917
6235,150.0,87.44226975022917
4598,68.0,87.44226975022917
19429,69.0,87.44226975022917
3771,52.0,87.44226975022917
11063,86.0,87.44226975022917
279,133.0,87.44226975022917
20044,104.0,87.44226975022917
23455,79.0,87.44226975022917
23565,68.0,87.44226975022917
20306,51.0,87.44226975022917
23586,436.0,87.44226975022917
1880,46.0,87.46
9890,69.0,87.44226975022917
16567,67.0,87.44226975022917
11034,75.0,87.44226975022917
11804,54.0,87.44226975022917
6637,150.0,87.44226975022917
11135,83.0,87.44226975022917
12341,92.0,87.44226975022917
22898,92.0,87.44226975022917
17971,53.0,87.44226975022917
2424,97.0,87.44226975022917
10733,86.0,87.44226975022917
8937,102.0,87.44226975022917
7907,452.0,87.44226975022917
17670,71.0,87.44226975022917
11744,162.0,87.44226975022917
17774,79.0,87.44226975022917
5510,43.0,87.44226975022917
20834,49.0,126.22
10284,52.0,87.44226975022917
11911,250.0,87.44226975022917
763,72.0,86.16370347680976
20676,65.0,87.44226975022917
4301,80.0,87.44226975022917
11252,94.0,87.44226975022917
15067,50.0,87.44226975022917
15583,191.0,87.44226975022917
21899,64.0,79.23
23441,137.0,87.44226975022917
2392,103.0,87.44226975022917
2220,59.0,87.44226975022917
4965,63.0,87.44226975022917
19686,85.0,87.44226975022917
10986,56.0,87.44226975022917
22966,102.0,87.44226975022917
19395,80.0,87.44226975022917
12540,59.0,87.44226975022917
1287,74.0,87.44226975022917
184,76.0,87.44226975022917
12404,161.0,87.44226975022917
214,49.0,87.44226975022917
2904,67.0,60.06
23307,100.0,87.44226975022917
6103,79.0,87.44226975022917
20290,76.0,88.60518491791449
17076,90.0,87.44226975022917
1506,47.0,87.44226975022917
10560,97.0,87.44226975022917
1543,69.0,87.44226975022917
19770,54.0,87.44226975022917
14703,91.0,87.44226975022917
6936,85.0,88.86
20171,71.0,87.44226975022917
9637,90.0,87.44226975022917
1486,104.0,87.44226975022917
22489,82.0,87.44226975022917
3065,59.0,87.44226975022917
6918,59.0,87.44226975022917
19596,95.0,87.44226975022917
5231,154.0,87.44226975022917
9197,78.0,87.44226975022917
23918,77.0,87.44226975022917
10008,65.0,87.44226975022917
23629,53.0,87.44226975022917
8371,111.0,87.84
2067,66.0,87.44226975022917
15872,40.0,87.44226975022917
11709,89.0,87.44226975022917
9929,65.0,87.44226975022917
13411,110.0,87.44226975022917
56,91.0,87.44226975022917
10984,598.0,87.44226975022917
9886,71.0,87.44226975022917
16908,239.0,87.44226975022917
23783,57.0,87.44226975022917
18563,67.0,87.44226975022917
23624,55.0,87.44226975022917
9871,37.0,87.44226975022917
12711,57.0,87.44226975022917
793,95.0,87.44226975022917
10298,69.0,84.55912882698318
23529,100.0,87.44226975022917
7455,145.0,87.44226975022917
15582,233.0,87.44226975022917
22207,64.0,72.75
15252,49.0,87.44226975022917
23888,65.0,87.44226975022917
2694,105.0,87.44226975022917
4314,83.0,87.44226975022917
1551,79.0,87.44226975022917
2395,44.0,81.35
13484,84.0,87.44226975022917
1051,62.0,87.44226975022917
20427,78.0,87.44226975022917
17936,84.0,74.33
7361,49.0,87.44226975022917
15858,86.0,87.44226975022917
17743,77.0,87.44226975022917
12590,47.0,87.44226975022917
11445,66.0,87.6
6700,59.0,87.44226975022917
14835,54.0,87.44226975022917
3319,45.0,87.44226975022917
1839,59.0,87.44226975022917
15646,87.0,87.44226975022917
5494,43.0,87.44226975022917
3271,48.0,87.44226975022917
21982,75.0,87.44226975022917
12983,90.0,87.44226975022917
21318,81.0,87.44226975022917
18420,88.0,87.44226975022917
5131,74.0,93.55
15800,79.0,87.44226975022917
14049,85.0,87.44226975022917
14113,91.0,87.04
20526,72.0,87.44226975022917
4109,65.0,87.44226975022917
5882,75.0,87.44226975022917
9054,65.0,87.44226975022917
18753,66.0,87.44226975022917
12930,73.0,87.44226975022917
19970,47.0,87.44226975022917
22881,60.0,87.44226975022917
23042,53.0,87.44226975022917
12347,109.0,87.44226975022917
4633,58.0,87.44226975022917
5875,80.0,78.97
20356,76.0,71.08
13334,73.0,87.44226975022917
16258,69.0,87.44226975022917
3093,50.0,87.44226975022917
23719,58.0,87.44226975022917
14427,684.0,87.44226975022917
18311,79.0,87.44226975022917
20574,181.0,87.44226975022917
3607,58.0,87.44226975022917
6252,97.0,87.44226975022917
18778,56.0,87.44226975022917
2303,70.0,66.37
8300,55.0,87.44226975022917
19579,63.0,87.44226975022917
22557,91.0,87.44226975022917
4632,44.0,87.44226975022917
8139,70.0,87.44226975022917
11613,128.0,87.44226975022917
11631,69.0,87.44226975022917
12070,95.0,89.14
5986,152.0,87.44226975022917
12475,75.0,87.44226975022917
23811,118.0,87.44226975022917
9193,82.0,87.44226975022917
15141,106.0,87.44226975022917
5679,66.0,87.44226975022917
5436,65.0,87.44226975022917
13174,95.0,87.44226975022917
169,121.0,87.44226975022917
16980,57.0,87.44226975022917
812,62.0,87.44226975022917
19730,73.0,87.44226975022917
19376,60.0,87.44226975022917
14333,56.0,87.44226975022917
20371,105.0,87.44226975022917
10226,66.0,87.44226975022917
16423,74.0,87.44226975022917
17017,78.0,87.44226975022917
21479,76.0,87.44226975022917
16346,101.0,87.44226975022917
14128,37.0,87.44226975022917
4925,74.0,87.44226975022917
19824,88.0,87.44226975022917
9206,74.0,87.44226975022917
23212,76.0,87.44226975022917
1101,71.0,87.44226975022917
14434,91.0,87.44226975022917
5297,72.0,87.44226975022917
19218,58.0,87.44226975022917
17210,62.0,87.44226975022917
20152,85.0,87.44226975022917
23744,55.0,87.44226975022917
5868,63.0,87.44226975022917
22152,77.0,87.44226975022917
17900,80.0,87.44226975022917
3475,51.0,87.44226975022917
15534,83.0,87.44226975022917
7436,83.0,87.44226975022917
23630,84.0,87.44226975022917
13259,60.0,87.44226975022917
17495,72.0,87.44226975022917
15815,56.0,87.44226975022917
11842,90.0,87.44226975022917
17698,62.0,87.44226975022917
6802,52.0,87.44226975022917
8870,69.0,87.44226975022917
6350,223.0,87.44226975022917
20102,74.0,87.44226975022917
14142,39.0,87.44226975022917
18410,109.0,87.44226975022917
1453,62.0,87.44226975022917
7730,49.0,87.44226975022917
16369,102.0,87.44226975022917
8124,73.0,87.44226975022917
15678,93.0,87.44226975022917
23730,81.0,87.44226975022917
11586,110.0,87.44226975022917
9457,89.0,87.44226975022917
22858,98.0,87.44226975022917
2465,84.0,87.44226975022917
8189,109.0,87.44226975022917
19523,70.0,87.44226975022917
5865,73.0,87.44226975022917
4283,50.0,87.44226975022917
11438,82.0,87.44226975022917
1623,46.0,87.44226975022917
16780,98.0,87.44226975022917
634,87.0,87.44226975022917
16811,57.0,87.44226975022917
23187,70.0,87.44226975022917
23514,99.0,87.44226975022917
14748,145.0,87.44226975022917
7915,57.0,87.44226975022917
4802,154.0,93.31
20607,78.0,87.44226975022917
4103,66.0,87.44226975022917
5785,70.0,87.44226975022917
15959,84.0,87.44226975022917
23155,54.0,87.44226975022917
5124,65.0,87.44226975022917
6440,79.0,87.44226975022917
3651,64.0,87.44226975022917
1194,383.0,87.44226975022917
18158,74.0,87.44226975022917
163,95.0,87.44226975022917
557,91.0,87.44226975022917
8721,73.0,87.44226975022917
8249,69.0,87.44226975022917
9646,45.0,87.44226975022917
15007,59.0,87.44226975022917
11393,203.0,87.44226975022917
5677,84.0,57.47
23288,76.0,87.44226975022917
291,59.0,87.44226975022917
13016,71.0,87.44226975022917
17199,59.0,87.44226975022917
22299,61.0,87.44226975022917
6467,89.0,87.44226975022917
23194,76.0,87.44226975022917
16091,86.0,87.44226975022917
10422,74.0,87.44226975022917
17595,86.0,93.48
8488,65.0,87.44226975022917
22877,59.0,87.44226975022917
337,77.0,87.44226975022917
3318,58.0,87.44226975022917
8528,102.0,87.44226975022917
17838,83.0,87.44226975022917
22261,66.0,73.06
23292,64.0,87.44226975022917
8474,93.0,87.44226975022917
16382,90.0,87.44226975022917
17106,62.0,87.44226975022917
21485,124.0,69.93
7095,70.0,87.44226975022917
22972,114.0,87.44226975022917
4207,82.0,87.44226975022917
11047,65.0,87.44226975022917
7071,19.0,87.44226975022917
2707,68.0,87.44226975022917
10833,84.0,87.44226975022917
9414,83.0,87.44226975022917
22075,63.0,87.44226975022917
18124,87.0,84.71
7800,75.0,87.44226975022917
534,120.0,116.1
3247,90.0,87.44226975022917
1238,34.0,87.44226975022917
16570,78.0,87.44226975022917
10877,117.0,87.44226975022917
7937,79.0,87.44226975022917
9746,51.0,87.44226975022917
19455,210.0,87.44226975022917
22918,54.0,87.44226975022917
6463,53.0,87.44226975022917
6425,48.0,87.44226975022917
7081,58.0,87.44226975022917
16114,63.0,87.44226975022917
22870,121.0,87.44226975022917
7166,79.0,87.44226975022917
7723,60.0,87.44226975022917
22810,68.0,87.44226975022917
8624,86.0,87.44226975022917
17003,102.0,87.44226975022917
21738,58.0,87.44226975022917
21580,70.0,87.44226975022917
18851,67.0,87.44226975022917
22492,64.0,87.44226975022917
23880,166.0,87.44226975022917
17924,57.0,87.44226975022917
13003,61.0,87.44226975022917
17945,58.0,87.44226975022917
1719,78.0,87.44226975022917
23891,66.0,87.44226975022917
22960,145.0,87.44226975022917
18034,67.0,87.44226975022917
17639,77.0,89.62570426335671
14640,115.0,92.58
23612,55.0,87.44226975022917
5459,65.0,87.44226975022917
4868,131.0,87.44226975022917
5668,66.0,87.44226975022917
23434,63.0,87.44226975022917
12884,52.0,77.99944535073409
7844,46.0,87.44226975022917
22454,69.0,87.44226975022917
15436,99.0,87.44226975022917
3466,153.0,87.44226975022917
11603,124.0,87.44226975022917
3817,42.0,87.44226975022917
11653,54.0,89.68
15005,55.0,87.44226975022917
18059,75.0,87.44226975022917
19813,69.0,87.44226975022917
2979,87.0,87.44226975022917
18058,70.0,87.44226975022917
4026,49.0,87.44226975022917
14908,70.0,87.44226975022917
8492,61.0,87.44226975022917
228,98.0,87.44226975022917
20552,106.0,87.13
3265,82.0,87.44226975022917
14728,78.0,87.44226975022917
18064,64.0,87.44226975022917
20271,74.0,93.39
15384,61.0,87.44226975022917
4214,39.0,87.44226975022917
23492,50.0,87.44226975022917
6837,76.0,87.44226975022917
7555,51.0,87.44226975022917
17139,141.0,87.44226975022917
569,62.0,87.44226975022917
13059,73.0,87.44226975022917
23552,51.0,87.44226975022917
14633,115.0,87.44226975022917
22210,55.0,87.44226975022917
18414,102.0,87.44226975022917
12619,56.0,87.44226975022917
22571,71.0,87.44226975022917
103,60.0,87.44226975022917
5699,68.0,87.44226975022917
16590,67.0,87.44226975022917
17834,58.0,87.44226975022917
5260,80.0,87.44226975022917
7843,41.0,87.44226975022917
535,110.0,87.44226975022917
3687,96.0,87.44226975022917
3288,41.0,87.44226975022917
10178,80.0,87.44226975022917
14293,102.0,87.44226975022917
7475,81.0,87.44226975022917
13350,153.0,87.44226975022917
15037,128.0,87.44226975022917
9367,71.0,87.44226975022917
10152,46.0,87.44226975022917
12218,62.0,87.44226975022917
17225,143.0,87.44226975022917
14476,48.0,87.44226975022917
18567,89.0,66.16
16889,78.0,87.44226975022917
13926,48.0,55.3
14250,51.0,87.44226975022917
16073,59.0,87.44226975022917
2645,63.0,87.44226975022917
16527,70.0,87.44226975022917
15092,80.0,79.64951431678145
23463,132.0,87.44226975022917
13763,47.0,87.44226975022917
16777,98.0,87.44226975022917
9142,89.0,87.44226975022917
20587,94.0,87.44226975022917
18141,62.0,87.44226975022917
7990,84.0,87.44226975022917
23119,73.0,87.44226975022917
11305,89.0,87.44226975022917
6758,66.0,87.44226975022917
16710,84.0,87.44226975022917
20725,231.0,87.44226975022917
7737,64.0,87.44226975022917
19700,77.0,87.44226975022917
1674,58.0,87.44226975022917
21934,65.0,87.44226975022917
1457,78.0,87.44226975022917
15077,81.0,87.44226975022917
16904,272.0,87.44226975022917
494,202.0,87.44226975022917
22683,129.0,87.44226975022917
3218,89.0,87.44226975022917
257,80.0,87.44226975022917
19004,49.0,87.44226975022917
16026,46.0,87.44226975022917
11082,62.0,87.44226975022917
17727,83.0,86.99
9339,49.0,87.44226975022917
16083,73.0,87.44226975022917
18604,78.0,87.44226975022917
6123,69.0,87.44226975022917
7068,72.0,87.44226975022917
15177,54.0,87.44226975022917
18401,43.0,87.44226975022917
22687,71.0,87.44226975022917
12753,106.0,87.44226975022917
3073,106.0,87.44226975022917
14772,104.0,87.44226975022917
13108,71.0,87.44226975022917
1812,78.0,87.44226975022917
15009,58.0,87.44226975022917
13103,67.0,87.44226975022917
15244,63.0,87.44226975022917
16276,73.0,87.44226975022917
1963,80.0,87.44226975022917
14751,68.0,87.44226975022917
10309,56.0,87.44226975022917
11595,145.0,87.44226975022917
4037,81.0,75.21
5415,50.0,87.44226975022917
9821,51.0,87.44226975022917
1636,63.0,87.44226975022917
11550,88.0,87.44226975022917
16023,43.0,87.44226975022917
23239,67.0,87.44226975022917
11684,69.0,87.44226975022917
18289,63.0,87.44226975022917
5600,134.0,87.44226975022917
1586,74.0,87.44226975022917
5296,70.0,87.44226975022917
12214,73.0,87.44226975022917
9858,84.0,91.6
3185,68.0,87.44226975022917
5776,58.0,66.44
12837,103.0,87.44226975022917
10461,83.0,87.44226975022917
3847,67.0,87.44226975022917
8340,81.0,87.44226975022917
13434,54.0,87.44226975022917
10702,88.0,87.44226975022917
12410,74.0,87.44226975022917
23196,60.0,87.44226975022917
3202,119.0,87.44226975022917
11321,55.0,87.44226975022917
14976,73.0,87.44226975022917
1347,40.0,87.44226975022917
7254,58.0,87.44226975022917
504,97.0,87.44226975022917
16314,339.0,87.44226975022917
18873,52.0,87.44226975022917
13839,84.0,87.44226975022917
13365,155.0,87.44226975022917
14189,89.0,87.44226975022917
14971,86.0,87.44226975022917
17420,67.0,87.44226975022917
13669,91.0,87.44226975022917
18023,54.0,87.44226975022917
6280,80.0,87.44226975022917
14452,89.0,87.44226975022917
1926,101.0,87.44226975022917
3361,76.0,87.44226975022917
20561,281.0,87.44226975022917
9593,55.0,87.44226975022917
14054,83.0,87.44226975022917
22145,63.0,87.44226975022917
22481,47.0,87.44226975022917
14578,75.0,87.44226975022917
1814,75.0,106.85
23699,60.0,87.44226975022917
9784,27.0,87.44226975022917
2970,264.0,87.44226975022917
17098,65.0,87.44226975022917
18572,55.0,87.44226975022917
9271,86.0,87.44226975022917
12231,63.0,87.44226975022917
3212,138.0,87.44226975022917
20460,70.0,132.95
10017,79.0,87.44226975022917
20608,77.0,87.44226975022917
19537,67.0,87.44226975022917
7228,65.0,87.44226975022917
22847,73.0,87.44226975022917
18248,57.0,87.44226975022917
15542,38.0,87.44226975022917
18967,45.0,87.44226975022917
5734,64.0,87.44226975022917
1569,44.0,87.44226975022917
6922,66.0,87.44226975022917
19655,56.0,87.44226975022917
5489,99.0,87.44226975022917
5148,69.0,87.44226975022917
20263,74.0,73.44
19007,55.0,87.44226975022917
15992,112.0,87.44226975022917
8704,59.0,87.44226975022917
4961,62.0,87.44226975022917
1555,59.0,87.44226975022917
8902,52.0,87.44226975022917
14307,59.0,87.44226975022917
20013,100.0,87.44226975022917
7883,100.0,87.44226975022917
6172,61.0,87.44226975022917
818,54.0,87.44226975022917
4884,71.0,88.48
6776,70.0,87.44226975022917
3437,63.0,87.44226975022917
23316,58.0,87.44226975022917
2734,117.0,87.44226975022917
2459,81.0,87.44226975022917
5471,634.0,87.44226975022917
15519,38.0,87.44226975022917
9873,39.0,87.44226975022917
7597,99.0,87.44226975022917
12967,71.0,87.44226975022917
6178,63.0,87.44226975022917
16274,80.0,87.44226975022917
4875,203.0,87.44226975022917
9461,95.0,87.44226975022917
4954,69.0,87.44226975022917
744,50.0,87.44226975022917
11004,64.0,87.44226975022917
14105,68.0,88.61
50,77.0,87.44226975022917
5245,99.0,87.44226975022917
13715,91.0,87.44226975022917
5591,86.0,91.24
21443,76.0,87.44226975022917
7537,107.0,98.21074853447887
21937,89.0,87.44226975022917
2786,106.0,87.44226975022917
13980,51.0,87.44226975022917
15940,80.0,76.86
8070,93.0,87.44226975022917
18805,76.0,87.44226975022917
4727,81.0,87.44226975022917
17414,91.0,87.44226975022917
9282,68.0,67.47
7541,63.0,87.44226975022917
9614,90.0,73.51
16967,70.0,87.44226975022917
14992,50.0,87.44226975022917
8942,129.0,87.44226975022917
1838,59.0,87.44226975022917
189,57.0,87.44226975022917
2217,63.0,87.44226975022917
23100,74.0,87.44226975022917
14083,172.0,87.44226975022917
23733,100.0,87.44226975022917
17555,58.0,87.44226975022917
3192,111.0,87.44226975022917
23582,138.0,87.44226975022917
23972,94.0,87.44226975022917
306,102.0,87.44226975022917
11344,53.0,87.44226975022917
11890,58.0,87.44226975022917
13820,34.0,87.44226975022917
22514,54.0,87.44226975022917
2773,81.0,87.44226975022917
5486,61.0,84.73
8503,56.0,87.44226975022917
501,169.0,87.44226975022917
4174,81.0,87.44226975022917
21869,87.0,77.31
21030,55.0,87.44226975022917
16515,184.0,87.44226975022917
9462,96.0,87.44226975022917
7712,60.0,87.44226975022917
2033,65.0,87.44226975022917
9575,67.0,87.44226975022917
21529,84.0,87.44226975022917
3926,73.0,85.82
2263,86.0,87.44226975022917
1420,98.0,87.44226975022917
22722,50.0,87.44226975022917
2325,60.0,69.46
1627,54.0,87.44226975022917
3390,78.0,87.44226975022917
10397,56.0,87.44226975022917
22480,55.0,87.44226975022917
3862,65.0,74.47
1489,91.0,87.44226975022917
13050,53.0,87.44226975022917
12965,80.0,87.44226975022917
16033,32.0,87.44226975022917
7406,42.0,87.44226975022917
1988,65.0,87.44226975022917
5841,80.0,87.44226975022917
20775,71.0,87.44226975022917
19636,95.0,87.44226975022917
19370,74.0,87.44226975022917
20182,98.0,87.44226975022917
424,63.0,87.44226975022917
13507,65.0,114.93
4583,58.0,68.2
15286,48.0,66.06
14953,68.0,69.65
14644,98.0,86.38
16374,58.0,87.44226975022917
2065,65.0,87.44226975022917
12947,93.0,86.75
11301,76.0,87.44226975022917
10030,42.0,87.44226975022917
8134,130.0,87.44226975022917
12801,85.0,87.44226975022917
8793,47.0,87.44226975022917
18588,63.0,87.44226975022917
2447,40.0,87.44226975022917
16302,62.0,87.44226975022917
15657,63.0,87.44226975022917
21154,83.0,88.62
17976,53.0,87.44226975022917
297,64.0,86.57
9977,73.0,87.44226975022917
5118,62.0,87.44226975022917
18642,52.0,80.87
11800,58.0,87.44226975022917
23606,91.0,87.44226975022917
20417,68.0,87.44226975022917
6216,758.0,87.44226975022917
13722,78.0,87.44226975022917
17700,62.0,87.44226975022917
4539,41.0,87.44226975022917
18755,393.0,87.44226975022917
2469,65.0,87.44226975022917
5052,78.0,87.44226975022917
9832,38.0,87.44226975022917
5595,91.0,87.44226975022917
3720,85.0,87.44226975022917
8675,90.0,87.44226975022917
3270,41.0,87.44226975022917
7887,105.0,87.44226975022917
2437,53.0,87.44226975022917
1188,348.0,87.44226975022917
23249,70.0,87.44226975022917
12613,53.0,87.44226975022917
16816,66.0,87.44226975022917
4580,60.0,87.44226975022917
11998,84.0,87.44226975022917
22592,80.0,87.44226975022917
8392,50.0,87.44226975022917
1903,116.0,87.44226975022917
21567,75.0,87.44226975022917
6691,101.0,87.44226975022917
9214,81.0,87.44226975022917
3324,48.0,87.44226975022917
17923,62.0,87.44226975022917
6170,60.0,87.44226975022917
6780,71.0,87.44226975022917
5109,57.0,87.44226975022917
23248,52.0,87.44226975022917
9827,65.0,70.32
9246,88.0,87.44226975022917
4570,74.0,87.44226975022917
17215,62.0,87.44226975022917
13020,51.0,87.44226975022917
6368,104.0,87.44226975022917
7201,69.0,87.44226975022917
18823,329.0,87.44226975022917
2662,58.0,87.44226975022917
4659,57.0,87.44226975022917
23262,52.0,87.44226975022917
10720,86.0,87.44226975022917
13562,147.0,87.44226975022917
13449,71.0,87.44226975022917
6515,56.0,87.44226975022917
16564,75.0,82.28
8286,94.0,87.44226975022917
1275,95.0,87.44226975022917
4638,91.0,87.44226975022917
23493,60.0,87.44226975022917
14700,81.0,82.38
10452,70.0,87.44226975022917
12279,110.0,87.44226975022917
14551,59.0,87.44226975022917
16303,60.0,87.44226975022917
5422,74.0,87.44226975022917
10233,39.0,87.44226975022917
21833,52.0,87.44226975022917
9502,60.0,79.75
10883,81.0,87.44226975022917
9992,109.0,65.16
15152,67.0,87.44226975022917
10086,121.0,87.44226975022917
14541,71.0,87.44226975022917
6354,773.0,87.44226975022917
3951,61.0,87.44226975022917
22698,300.0,87.44226975022917
20003,132.0,87.44226975022917
10541,38.0,87.44226975022917
1847,52.0,87.44226975022917
16079,76.0,87.44226975022917
11392,87.0,87.44226975022917
7490,70.0,87.44226975022917
542,77.0,87.44226975022917
13869,51.0,87.44226975022917
4348,72.0,70.96
19374,84.0,87.44226975022917
13509,74.0,87.44226975022917
9774,101.0,87.44226975022917
23969,81.0,87.44226975022917
8241,75.0,97.95
10006,60.0,87.44226975022917
13535,55.0,87.44226975022917
13080,47.0,87.44226975022917
20697,88.0,66.92
13569,114.0,87.44226975022917
3309,49.0,87.44226975022917
1106,77.0,87.44226975022917
20979,58.0,87.44226975022917
14094,86.0,87.44226975022917
17096,67.0,87.44226975022917
6639,120.0,87.44226975022917
23031,57.0,87.44226975022917
6750,75.0,87.44226975022917
1108,71.0,87.44226975022917
19610,78.0,87.44226975022917
12483,62.0,87.44226975022917
15833,70.0,87.44226975022917
22590,60.0,87.44226975022917
20325,56.0,87.44226975022917
8789,52.0,87.44226975022917
16860,66.0,87.44226975022917
8309,75.0,87.44226975022917
22109,107.0,87.44226975022917
14695,111.0,87.44226975022917
680,57.0,87.44226975022917
2419,217.0,87.44226975022917
20634,47.0,87.44226975022917
2552,47.0,87.44226975022917
283,104.0,87.44226975022917
2389,100.0,87.44226975022917
4551,80.0,87.44226975022917
4371,73.0,87.44226975022917
18687,61.0,60.64
16038,78.0,87.44226975022917
628,112.0,87.44226975022917
7602,91.0,87.44226975022917
20759,49.0,87.44226975022917
3513,63.0,87.44226975022917
1853,95.0,97.89
21347,39.0,87.44226975022917
14005,45.0,87.44226975022917
20892,58.0,87.44226975022917
9938,43.0,57.48
4673,44.0,87.44226975022917
19560,43.0,59.18
19621,143.0,87.44226975022917
23953,70.0,87.44226975022917
3755,70.0,87.44226975022917
16655,72.0,87.44226975022917
15979,50.0,87.44226975022917
22622,78.0,87.44226975022917
23991,55.0,87.44226975022917
2989,103.0,87.44226975022917
14297,96.0,87.44226975022917
18481,47.0,87.44226975022917
5660,42.0,87.44226975022917
20760,63.0,87.44226975022917
17170,141.0,87.44226975022917
14755,69.0,87.44226975022917
23487,71.0,87.44226975022917
14851,92.0,87.44226975022917
11120,67.0,87.44226975022917
10466,89.0,87.44226975022917
21197,41.0,87.44226975022917
2053,58.0,87.44226975022917
23069,56.0,87.44226975022917
12890,101.0,87.44226975022917
9048,77.0,87.44226975022917
1591,78.0,87.44226975022917
4929,68.0,87.44226975022917
5122,54.0,87.44226975022917
17827,54.0,87.44226975022917
4654,119.0,87.44226975022917
12177,55.0,87.44226975022917
13821,39.0,87.44226975022917
3286,41.0,87.44226975022917
22745,53.0,87.44226975022917
966,42.0,87.44226975022917
1860,94.0,87.44226975022917
8153,56.0,87.44226975022917
14738,87.0,87.44226975022917
20214,46.0,88.76
23351,60.0,87.44226975022917
6312,100.0,87.44226975022917
23447,59.0,87.44226975022917
7316,71.0,87.44226975022917
11401,93.0,87.44226975022917
7336,96.0,87.44226975022917
9864,56.0,87.44226975022917
6268,74.0,87.44226975022917
21233,78.0,87.44226975022917
20906,138.0,87.44226975022917
20227,87.0,87.44226975022917
6284,59.0,87.44226975022917
18205,67.0,87.44226975022917
4708,64.0,87.44226975022917
4145,51.0,87.44226975022917
19046,64.0,87.44226975022917
14343,66.0,87.44226975022917
14145,46.0,87.44226975022917
4425,118.0,80.76
2277,122.0,87.44226975022917
17082,56.0,87.44226975022917
14966,69.0,87.44226975022917
8875,66.0,87.44226975022917
16832,68.0,87.44226975022917
6874,72.0,87.44226975022917
21461,59.0,87.44226975022917
2639,129.0,87.44226975022917
9524,84.0,87.44226975022917
11074,49.0,87.44226975022917
1855,63.0,62.87
3257,71.0,87.44226975022917
821,57.0,60.49
20969,77.0,87.44226975022917
1004,77.0,87.44226975022917
23162,91.0,87.44226975022917
4407,71.0,69.65
21259,59.0,87.44226975022917
18162,83.0,87.44226975022917
316,66.0,87.44226975022917
14340,69.0,87.44226975022917
17586,34.0,87.44226975022917
12273,89.0,87.44226975022917
21182,58.0,87.44226975022917
20740,29.0,87.44226975022917
12708,79.0,87.44226975022917
22678,64.0,87.44226975022917
9239,83.0,87.44226975022917
22369,73.0,87.44226975022917
20550,77.0,117.77
1169,113.0,87.44226975022917
4493,77.0,87.44226975022917
14708,56.0,87.44226975022917
18045,80.0,87.44226975022917
2214,56.0,87.44226975022917
13946,188.0,87.44226975022917
12192,65.0,87.44226975022917
22269,79.0,87.44226975022917
17542,105.0,87.44226975022917
13436,51.0,87.44226975022917
20720,92.0,70.06
7180,74.0,87.44226975022917
5063,81.0,158.03
6074,83.0,87.44226975022917
19094,47.0,87.44226975022917
3797,69.0,87.44226975022917
17396,57.0,70.59
10979,729.0,87.44226975022917
21966,94.0,87.44226975022917
23943,75.0,87.44226975022917
7283,50.0,87.44226975022917
11604,61.0,87.44226975022917
14157,45.0,87.44226975022917
23327,113.0,87.44226975022917
273,131.0,87.44226975022917
18194,68.0,87.44226975022917
11026,49.0,60.17
21384,84.0,97.45
11633,64.0,72.67
5964,80.0,87.44226975022917
1398,64.0,87.44226975022917
14603,89.0,87.44226975022917
22951,89.0,87.44226975022917
9633,81.0,87.44226975022917
22365,76.0,74.46
15316,50.0,87.44226975022917
5638,98.0,87.44226975022917
18172,71.0,87.44226975022917
15431,80.0,87.44226975022917
20537,64.0,58.17
17571,53.0,87.44226975022917
23091,94.0,87.44226975022917
9931,86.0,87.44226975022917
3679,80.0,87.44226975022917
18484,94.0,87.44226975022917
6278,67.0,87.44226975022917
12042,83.0,87.44226975022917
19986,48.0,87.44226975022917
11157,89.0,83.28
5219,176.0,87.44226975022917
9287,61.0,87.44226975022917
11109,75.0,87.44226975022917
11185,224.0,87.44226975022917
19092,45.0,87.44226975022917
15910,67.0,73.24
19126,57.0,76.08
12074,96.0,87.44226975022917
8273,232.0,87.44226975022917
1253,67.0,87.44226975022917
21950,83.0,87.44226975022917
17956,186.0,87.44226975022917
22461,73.0,87.44226975022917
12418,76.0,87.44226975022917
17150,92.0,87.44226975022917
4507,57.0,87.44226975022917
19749,64.0,87.44226975022917
13474,89.0,84.27
21357,46.0,87.44226975022917
22483,52.0,87.44226975022917
10238,46.0,87.44226975022917
22860,58.0,87.44226975022917
2586,91.0,87.44226975022917
5389,71.0,87.44226975022917
13176,68.0,87.44226975022917
5064,70.0,87.44226975022917
12990,45.0,87.44226975022917
8564,108.0,87.44226975022917
5651,57.0,87.44226975022917
5120,49.0,87.44226975022917
22203,67.0,69.17
18027,61.0,87.44226975022917
4501,67.0,69.89
2955,73.0,87.44226975022917
1105,77.0,87.44226975022917
8702,68.0,87.44226975022917
20987,65.0,87.44226975022917
19215,74.0,107.32
10258,69.0,87.44226975022917
12012,150.0,87.44226975022917
6895,672.0,87.44226975022917
11645,77.0,87.44226975022917
19998,102.0,143.13
758,90.0,87.44226975022917
16554,73.0,87.44226975022917
15841,72.0,87.44226975022917
13844,124.0,87.44226975022917
3446,67.0,87.44226975022917
4565,65.0,87.44226975022917
3565,80.0,87.44226975022917
9232,48.0,87.44226975022917
10626,91.0,87.44226975022917
6891,532.0,87.44226975022917
4586,98.0,87.44226975022917
5820,95.0,62.25
16898,77.0,87.44226975022917
7380,69.0,87.44226975022917
18373,76.0,87.44226975022917
11206,69.0,87.44226975022917
19011,85.0,87.44226975022917
9955,71.0,69.83
6079,82.0,87.44226975022917
8476,104.0,87.44226975022917
11806,63.0,87.44226975022917
885,78.0,87.44226975022917
1,97.0,95.44
10718,109.0,87.44226975022917
11813,396.0,87.44226975022917
2653,89.0,87.44226975022917
41,105.0,87.44226975022917
20507,58.0,87.44226975022917
18070,85.0,87.44226975022917
5745,103.0,87.44226975022917
5042,67.0,96.43
22,72.0,87.44226975022917
6013,650.0,87.44226975022917
8952,73.0,87.44226975022917
3313,72.0,74.79
9176,77.0,87.44226975022917
22535,76.0,87.44226975022917
21619,76.0,87.44226975022917
18718,62.0,87.44226975022917
10937,50.0,87.44226975022917
1152,82.0,87.44226975022917
387,50.0,87.44226975022917
21514,92.0,87.44226975022917
16334,309.0,87.44226975022917
3492,72.0,87.44226975022917
8283,77.0,87.44226975022917
4497,74.0,87.44226975022917
6211,752.0,87.44226975022917
4293,64.0,87.44226975022917
2059,62.0,87.44226975022917
23832,97.0,87.44226975022917
8713,75.0,87.44226975022917
21991,45.0,87.44226975022917
5034,97.0,87.44226975022917
16679,89.0,87.44226975022917
6168,74.0,87.44226975022917
11234,103.0,87.44226975022917
10356,58.0,87.44226975022917
2811,71.0,87.44226975022917
17526,87.0,87.44226975022917
22173,62.0,87.44226975022917
12354,91.0,87.44226975022917
13771,56.0,87.44226975022917
620,50.0,87.44226975022917
14096,85.0,87.44226975022917
1388,63.0,87.44226975022917
12474,76.0,87.44226975022917
22467,79.0,87.44226975022917
23966,78.0,87.44226975022917
1447,64.0,87.44226975022917
8450,120.0,87.44226975022917
8060,203.0,87.44226975022917
23713,50.0,87.44226975022917
11830,114.0,87.44226975022917
3552,81.0,71.99
17405,59.0,87.44226975022917
21008,61.0,87.44226975022917
19842,80.0,87.44226975022917
16397,70.0,70.9
4752,58.0,87.44226975022917
3857,85.0,87.44226975022917
16447,65.0,72.55
2021,64.0,87.44226975022917
10544,57.0,87.44226975022917
11362,48.0,87.44226975022917
3943,81.0,87.44226975022917
21553,94.0,87.44226975022917
15837,71.0,87.44226975022917
6193,116.0,87.44226975022917
21795,68.0,71.72
16553,75.0,87.44226975022917
7580,65.0,87.44226975022917
4958,69.0,87.44226975022917
3707,82.0,87.44226975022917
17645,301.0,87.44226975022917
14856,62.0,87.44226975022917
19588,128.0,87.44226975022917
15801,76.0,87.44226975022917
8701,59.0,87.44226975022917
13600,70.0,87.44226975022917
5068,73.0,71.33
10087,103.0,87.44226975022917
7911,343.0,87.44226975022917
10772,53.0,87.44226975022917
10160,88.0,87.44226975022917
2886,75.0,87.44226975022917
23023,107.0,87.44226975022917
8851,100.0,87.44226975022917
9703,87.0,87.44226975022917
23501,76.0,87.44226975022917
23488,64.0,87.44226975022917
14034,189.0,87.44226975022917
12689,63.0,87.44226975022917
21800,51.0,87.44226975022917
16874,62.0,87.44226975022917
21210,125.0,87.44226975022917
20924,115.0,87.44226975022917
19894,76.0,87.44226975022917
7398,61.0,87.44226975022917
20488,56.0,87.44226975022917
14582,65.0,58.48
7952,100.0,87.44226975022917
15631,73.0,87.44226975022917
22392,121.0,87.44226975022917
846,71.0,87.44226975022917
11560,49.0,87.44226975022917
13932,106.0,87.44226975022917
730,108.0,87.44226975022917
891,78.0,87.44226975022917
339,70.0,87.44226975022917
13243,72.0,87.44226975022917
3976,65.0,87.44226975022917
4944,204.0,87.44226975022917
9380,67.0,87.44226975022917
23717,76.0,87.44226975022917
5177,91.0,87.44226975022917
16443,106.0,87.44226975022917
5890,60.0,87.44226975022917
5104,52.0,87.44226975022917
13818,29.0,87.44226975022917
3912,61.0,87.44226975022917
15313,63.0,87.44226975022917
8617,86.0,87.44226975022917
5412,70.0,87.44226975022917
4701,88.0,92.60561542620293
17128,70.0,87.44226975022917
13726,83.0,87.44226975022917
1267,60.0,87.44226975022917
5871,88.0,87.44226975022917
2444,36.0,87.44226975022917
979,76.0,87.5344630800878
12821,103.0,87.44226975022917
5482,97.0,87.44226975022917
596,75.0,87.44226975022917
10252,56.0,87.44226975022917
3878,57.0,64.01
11690,58.0,87.44226975022917
9452,175.0,87.44226975022917
20402,54.0,87.44226975022917
21865,82.0,87.44226975022917
1676,106.0,87.44226975022917
5192,72.0,87.44226975022917
20457,74.0,87.44226975022917
13988,50.0,87.44226975022917
14998,52.0,87.44226975022917
9950,51.0,87.44226975022917
22033,67.0,87.44226975022917
22840,71.0,87.44226975022917
2194,50.0,87.44226975022917
23217,63.0,87.44226975022917
17701,58.0,87.44226975022917
21790,96.0,87.44226975022917
5116,59.0,87.44226975022917
19413,73.0,109.25385141212448
5301,52.0,87.44226975022917
23399,80.0,87.44226975022917
22934,44.0,87.44226975022917
3843,73.0,87.44226975022917
20157,65.0,87.44226975022917
21499,66.0,87.44226975022917
718,83.0,87.44226975022917
14264,127.0,69.85
23579,90.0,87.44226975022917
1408,71.0,87.44226975022917
1694,110.0,87.44226975022917
16440,101.0,87.44226975022917
21248,64.0,87.44226975022917
21024,65.0,87.44226975022917
6056,65.0,87.44226975022917
1703,18.0,87.44226975022917
11742,201.0,87.44226975022917
19781,86.0,87.44226975022917
5355,82.0,87.44226975022917
