,y_test,prediction
8696,47.0,87.52551268254071
7257,82.0,93.57209850705358
17811,63.0,87.52551268254071
427,61.0,87.52551268254071
18135,60.0,87.52551268254071
18192,57.0,87.52551268254071
5810,92.0,87.52551268254071
6004,59.0,87.52551268254071
22342,81.0,87.52551268254071
14354,52.0,87.52551268254071
5976,99.0,87.52551268254071
19968,46.0,87.52551268254071
18623,73.0,85.58282096542239
15605,52.0,70.5348464501513
9892,120.0,87.52551268254071
10170,93.0,87.52551268254071
13141,54.0,87.52551268254071
11937,71.0,87.52551268254071
7020,20.0,87.52551268254071
17680,87.0,87.52551268254071
9988,59.0,87.52551268254071
8347,168.0,87.52551268254071
4942,211.0,87.52551268254071
15187,50.0,75.46923046089809
1567,39.0,87.52551268254071
3767,50.0,87.52551268254071
21375,80.0,87.52551268254071
18536,42.0,87.52551268254071
21565,76.0,87.52551268254071
18803,80.0,87.52551268254071
4952,65.0,87.52551268254071
15344,87.0,87.52551268254071
16513,175.0,87.52551268254071
11838,78.0,87.52551268254071
21938,71.0,87.52551268254071
21293,60.0,87.52551268254071
17837,63.0,87.52551268254071
872,86.0,87.52551268254071
10106,78.0,87.52551268254071
12228,48.0,87.52551268254071
21978,56.0,78.62011220005793
7959,91.0,87.52551268254071
15588,146.0,87.52551268254071
16198,73.0,87.52551268254071
70,107.0,78.01625694958197
16178,65.0,87.52551268254071
10914,64.0,87.52551268254071
16755,70.0,87.52551268254071
10893,46.0,87.52551268254071
23254,59.0,87.52551268254071
11840,85.0,87.52551268254071
7091,67.0,87.52551268254071
754,59.0,83.02146358166782
2203,129.0,87.52551268254071
12300,71.0,87.52551268254071
23114,100.0,87.52551268254071
2014,122.0,87.52551268254071
731,115.0,87.52551268254071
22228,112.0,87.52551268254071
16648,90.0,87.52551268254071
16055,58.0,66.37292373353726
4760,40.0,87.52551268254071
19257,65.0,87.52551268254071
12432,82.0,87.52551268254071
3273,46.0,87.52551268254071
1969,74.0,87.52551268254071
10951,56.0,87.52551268254071
2406,85.0,87.52551268254071
14095,72.0,87.52551268254071
2113,62.0,87.52551268254071
9626,80.0,87.52551268254071
17913,60.0,87.52551268254071
9551,59.0,87.52551268254071
8610,72.0,87.52551268254071
10441,106.0,87.52551268254071
23459,70.0,87.52551268254071
23756,73.0,87.52551268254071
21974,66.0,87.52551268254071
6227,142.0,87.52551268254071
204,69.0,87.52551268254071
8011,57.0,64.34390648417154
16084,76.0,87.52551268254071
836,46.0,87.52551268254071
22310,71.0,87.52551268254071
2630,350.0,87.52551268254071
9591,69.0,87.52551268254071
23415,70.0,87.52551268254071
10591,80.0,89.82263511532345
1315,85.0,87.52551268254071
15280,76.0,87.52551268254071
8213,76.0,87.52551268254071
2737,114.0,87.52551268254071
22414,67.0,87.52551268254071
8637,410.0,87.52551268254071
2779,86.0,87.52551268254071
4604,39.0,87.52551268254071
3370,55.0,87.52551268254071
1090,128.0,87.52551268254071
9390,63.0,87.52551268254071
22184,66.0,87.52551268254071
23049,69.0,87.52551268254071
18780,52.0,87.52551268254071
2495,68.0,87.52551268254071
19732,83.0,87.52551268254071
21179,72.0,87.52551268254071
12263,100.0,87.52551268254071
1137,44.0,87.52551268254071
11434,125.0,87.52551268254071
11041,186.0,86.07521847855564
13475,53.0,87.52551268254071
5319,45.0,87.52551268254071
23505,81.0,87.52551268254071
11111,65.0,87.52551268254071
6417,64.0,87.52551268254071
3111,35.0,87.52551268254071
23710,62.0,87.52551268254071
23414,91.0,87.52551268254071
9876,43.0,87.52551268254071
18874,50.0,87.52551268254071
20406,57.0,87.52551268254071
22220,82.0,87.52551268254071
6844,56.0,87.52551268254071
8839,50.0,87.52551268254071
7025,28.0,87.52551268254071
22705,79.0,87.52551268254071
3435,68.0,87.52551268254071
14187,90.0,87.52551268254071
23562,75.0,87.52551268254071
15290,68.0,96.37960037081284
3366,70.0,87.52551268254071
19059,94.0,87.52551268254071
1125,85.0,87.52551268254071
20667,35.0,87.52551268254071
8481,70.0,87.52551268254071
11460,71.0,87.52551268254071
23607,106.0,87.52551268254071
19954,61.0,95.05157840332775
6158,61.0,87.52551268254071
12903,82.0,87.52551268254071
8047,58.0,87.52551268254071
7680,70.0,87.52551268254071
19991,44.0,87.52551268254071
21993,43.0,87.52551268254071
23005,51.0,87.52551268254071
21846,131.0,87.52551268254071
7389,76.0,87.52551268254071
20619,67.0,73.58630502395324
22539,90.0,87.52551268254071
317,75.0,87.52551268254071
2386,82.0,87.52551268254071
15260,64.0,87.52551268254071
20135,57.0,87.52551268254071
8111,116.0,87.52551268254071
10246,55.0,87.52551268254071
1935,148.0,87.52551268254071
18488,75.0,87.52551268254071
1687,70.0,77.97551757461373
7118,92.0,87.52551268254071
16653,86.0,87.52551268254071
8184,209.0,87.52551268254071
5089,77.0,87.52551268254071
10550,56.0,62.74004650033426
8162,68.0,87.52551268254071
8373,156.0,86.3009494203812
11430,214.0,87.52551268254071
11814,441.0,87.52551268254071
12523,24.0,87.52551268254071
195,46.0,87.52551268254071
3735,70.0,87.52551268254071
2518,229.0,87.52551268254071
1095,87.0,87.52551268254071
17753,53.0,87.52551268254071
4536,56.0,87.52551268254071
18848,81.0,87.52551268254071
8899,88.0,87.52551268254071
22070,84.0,87.52551268254071
3141,74.0,87.52551268254071
3769,48.0,87.52551268254071
23363,90.0,87.52551268254071
17841,81.0,87.52551268254071
6832,42.0,87.52551268254071
6631,39.0,87.52551268254071
8313,65.0,87.52551268254071
4341,62.0,87.52551268254071
5043,58.0,63.97017841145286
16360,72.0,87.52551268254071
13539,70.0,87.52551268254071
20129,60.0,87.52551268254071
19442,85.0,96.8519806676819
19052,75.0,71.88184015852842
1711,80.0,87.52551268254071
7601,90.0,87.52551268254071
11423,52.0,87.52551268254071
14947,76.0,87.52551268254071
23990,55.0,87.52551268254071
22948,86.0,87.52551268254071
8230,622.0,87.52551268254071
9844,54.0,87.52551268254071
19834,52.0,69.14192532914576
9195,80.0,87.52551268254071
21467,76.0,98.24383999603278
4241,76.0,98.20092201649767
7679,50.0,87.52551268254071
1648,65.0,87.52551268254071
23229,79.0,87.52551268254071
11824,104.0,87.52551268254071
9258,71.0,76.66913015949235
4677,57.0,87.52551268254071
2321,73.0,87.52551268254071
7457,150.0,87.52551268254071
22600,104.0,87.52551268254071
3537,173.0,87.52551268254071
23384,45.0,87.52551268254071
18539,46.0,87.52551268254071
13422,55.0,87.52551268254071
18051,74.0,87.52551268254071
14290,52.0,87.52551268254071
18630,64.0,87.52551268254071
11027,90.0,87.52551268254071
13875,64.0,87.52551268254071
15476,51.0,87.52551268254071
3603,73.0,87.52551268254071
12364,63.0,87.52551268254071
6444,72.0,87.52551268254071
17172,127.0,87.52551268254071
128,61.0,87.52551268254071
22400,50.0,87.52551268254071
22721,42.0,87.52551268254071
10022,74.0,87.52551268254071
11574,68.0,87.71290152986582
17741,84.0,87.52551268254071
14108,110.0,87.19078504648694
14492,44.0,87.52551268254071
4885,64.0,87.52551268254071
7325,60.0,87.52551268254071
1824,83.0,87.52551268254071
21854,68.0,87.52551268254071
14246,70.0,87.52551268254071
304,98.0,87.52551268254071
11370,109.0,87.52551268254071
10369,48.0,74.8284762846075
5263,63.0,75.48826285530744
13251,66.0,87.52551268254071
14280,62.0,87.52551268254071
14011,50.0,87.52551268254071
2555,63.0,87.52551268254071
252,67.0,87.52551268254071
536,118.0,87.52551268254071
6945,86.0,87.52551268254071
7898,146.0,87.52551268254071
16105,59.0,73.38965006544451
22079,73.0,87.52551268254071
23309,99.0,87.52551268254071
23056,76.0,87.52551268254071
12655,46.0,87.52551268254071
19802,63.0,87.52551268254071
23199,92.0,87.52551268254071
13338,51.0,87.52551268254071
1756,47.0,87.52551268254071
9933,74.0,87.52551268254071
11947,60.0,87.52551268254071
15447,51.0,87.52551268254071
23387,49.0,87.52551268254071
22352,58.0,71.75051732092676
14987,94.0,87.52551268254071
13936,137.0,87.52551268254071
12700,72.0,87.52551268254071
21918,84.0,87.52551268254071
20196,78.0,92.17997755663912
5686,59.0,87.52551268254071
6865,62.0,87.52551268254071
20996,71.0,87.52551268254071
2261,92.0,87.52551268254071
4310,112.0,87.52551268254071
8251,66.0,87.52551268254071
1435,73.0,87.52551268254071
12294,86.0,87.52551268254071
22208,55.0,87.52551268254071
15058,49.0,87.52551268254071
22867,79.0,87.52551268254071
7958,90.0,87.52551268254071
19330,82.0,87.52551268254071
23617,76.0,87.52551268254071
8180,97.0,87.52551268254071
23462,62.0,87.52551268254071
15277,39.0,74.1465711212172
14635,107.0,87.52551268254071
2525,65.0,87.52551268254071
6144,58.0,87.52551268254071
11441,94.0,87.52551268254071
1520,74.0,96.55393430081277
15726,170.0,87.52551268254071
23910,93.0,87.52551268254071
11515,83.0,87.52551268254071
23393,65.0,87.52551268254071
13852,94.0,87.52551268254071
10123,100.0,87.52551268254071
22397,47.0,87.52551268254071
13116,54.0,87.52551268254071
22161,75.0,87.52551268254071
3871,60.0,87.52551268254071
22632,74.0,87.52551268254071
18357,43.0,87.52551268254071
22821,75.0,87.52551268254071
10337,54.0,63.65095334886895
21450,69.0,87.52551268254071
14043,73.0,87.52551268254071
22920,61.0,87.52551268254071
3323,48.0,87.52551268254071
15008,59.0,87.52551268254071
15893,70.0,87.52551268254071
15840,62.0,87.52551268254071
18521,181.0,87.52551268254071
8012,61.0,80.29570470839029
20011,65.0,87.52551268254071
17370,94.0,87.52551268254071
19733,75.0,87.52551268254071
8277,120.0,87.52551268254071
9902,58.0,87.52551268254071
13031,35.0,87.52551268254071
12631,71.0,87.52551268254071
6612,93.0,87.52551268254071
23708,74.0,87.52551268254071
17875,837.0,87.52551268254071
14396,45.0,87.52551268254071
6288,70.0,87.52551268254071
20586,107.0,87.52551268254071
15088,65.0,87.52551268254071
11918,526.0,87.52551268254071
561,91.0,87.52551268254071
21674,75.0,87.52551268254071
4610,45.0,87.52551268254071
16000,83.0,96.36110890976617
22097,185.0,87.52551268254071
16060,80.0,87.52551268254071
4077,85.0,87.52551268254071
23389,42.0,87.52551268254071
3657,62.0,87.52551268254071
5305,51.0,87.52551268254071
15293,93.0,87.52551268254071
16876,65.0,87.52551268254071
19081,58.0,87.52551268254071
20927,58.0,63.2779569340001
3190,75.0,87.52551268254071
11625,89.0,87.52551268254071
4136,150.0,87.52551268254071
1367,422.0,87.52551268254071
21594,80.0,87.52551268254071
19086,68.0,91.11844086037193
21209,123.0,87.52551268254071
2583,61.0,87.52551268254071
13128,53.0,87.52551268254071
6391,66.0,87.52551268254071
2709,62.0,87.52551268254071
18431,68.0,87.52551268254071
20211,40.0,87.52551268254071
8064,113.0,87.52551268254071
10861,83.0,87.52551268254071
4504,78.0,65.97822984012113
2412,232.0,87.52551268254071
7249,81.0,87.52551268254071
6395,81.0,87.52551268254071
22903,96.0,87.52551268254071
22593,67.0,87.52551268254071
13236,64.0,87.52551268254071
15336,62.0,87.52551268254071
8367,65.0,87.52551268254071
12382,56.0,87.52551268254071
23423,74.0,87.52551268254071
14506,59.0,87.52551268254071
8620,80.0,87.52551268254071
16045,54.0,87.52551268254071
10717,101.0,87.52551268254071
10533,71.0,87.52551268254071
4809,34.0,87.52551268254071
10509,56.0,87.52551268254071
1178,69.0,87.52551268254071
16411,25.0,87.52551268254071
7548,83.0,87.52551268254071
138,80.0,87.52551268254071
7121,71.0,82.80434798064259
10495,57.0,87.52551268254071
3443,67.0,87.52551268254071
18765,538.0,87.52551268254071
22562,71.0,87.52551268254071
5654,36.0,87.52551268254071
722,93.0,87.52551268254071
584,74.0,87.52551268254071
6138,76.0,87.52551268254071
16020,27.0,87.52551268254071
22880,55.0,87.52551268254071
9801,244.0,87.52551268254071
6235,150.0,87.52551268254071
4598,68.0,87.52551268254071
19429,69.0,87.52551268254071
3771,52.0,87.52551268254071
11063,86.0,87.52551268254071
279,133.0,87.52551268254071
20044,104.0,87.52551268254071
23455,79.0,87.52551268254071
23565,68.0,87.52551268254071
20306,51.0,87.52551268254071
23586,436.0,87.52551268254071
1880,46.0,74.6524292533377
9890,69.0,87.52551268254071
16567,67.0,87.52551268254071
11034,75.0,87.52551268254071
11804,54.0,87.52551268254071
6637,150.0,87.52551268254071
11135,83.0,87.52551268254071
12341,92.0,87.52551268254071
22898,92.0,87.52551268254071
17971,53.0,87.52551268254071
2424,97.0,87.52551268254071
10733,86.0,87.52551268254071
8937,102.0,87.52551268254071
7907,452.0,87.52551268254071
17670,71.0,87.52551268254071
11744,162.0,87.52551268254071
17774,79.0,87.52551268254071
5510,43.0,87.52551268254071
20834,49.0,69.7249958281965
10284,52.0,87.52551268254071
11911,250.0,87.52551268254071
763,72.0,88.39678228907745
20676,65.0,87.52551268254071
4301,80.0,87.52551268254071
11252,94.0,87.52551268254071
15067,50.0,87.52551268254071
15583,191.0,87.52551268254071
21899,64.0,72.65224530163876
23441,137.0,87.52551268254071
2392,103.0,87.52551268254071
2220,59.0,87.52551268254071
4965,63.0,87.52551268254071
19686,85.0,87.52551268254071
10986,56.0,87.52551268254071
22966,102.0,87.52551268254071
19395,80.0,87.52551268254071
12540,59.0,87.52551268254071
1287,74.0,87.52551268254071
184,76.0,87.52551268254071
12404,161.0,87.52551268254071
214,49.0,87.52551268254071
2904,67.0,67.02648932135922
23307,100.0,87.52551268254071
6103,79.0,87.52551268254071
20290,76.0,86.08130271518745
17076,90.0,87.52551268254071
1506,47.0,87.52551268254071
10560,97.0,87.52551268254071
1543,69.0,87.52551268254071
19770,54.0,87.52551268254071
14703,91.0,87.52551268254071
6936,85.0,83.97641163773783
20171,71.0,87.52551268254071
9637,90.0,87.52551268254071
1486,104.0,87.52551268254071
22489,82.0,87.52551268254071
3065,59.0,87.52551268254071
6918,59.0,87.52551268254071
19596,95.0,87.52551268254071
5231,154.0,87.52551268254071
9197,78.0,87.52551268254071
23918,77.0,87.52551268254071
10008,65.0,87.52551268254071
23629,53.0,87.52551268254071
8371,111.0,93.02101810690463
2067,66.0,87.52551268254071
15872,40.0,87.52551268254071
11709,89.0,87.52551268254071
9929,65.0,87.52551268254071
13411,110.0,87.52551268254071
56,91.0,87.52551268254071
10984,598.0,87.52551268254071
9886,71.0,87.52551268254071
16908,239.0,87.52551268254071
23783,57.0,87.52551268254071
18563,67.0,87.52551268254071
23624,55.0,87.52551268254071
9871,37.0,87.52551268254071
12711,57.0,87.52551268254071
793,95.0,87.52551268254071
10298,69.0,87.96333327558328
23529,100.0,87.52551268254071
7455,145.0,87.52551268254071
15582,233.0,87.52551268254071
22207,64.0,70.46775035359131
15252,49.0,87.52551268254071
23888,65.0,87.52551268254071
2694,105.0,87.52551268254071
4314,83.0,87.52551268254071
1551,79.0,87.52551268254071
2395,44.0,69.92961755567914
13484,84.0,87.52551268254071
1051,62.0,87.52551268254071
20427,78.0,87.52551268254071
17936,84.0,82.89426972083562
7361,49.0,87.52551268254071
15858,86.0,87.52551268254071
17743,77.0,87.52551268254071
12590,47.0,87.52551268254071
11445,66.0,90.19727970261467
6700,59.0,87.52551268254071
14835,54.0,87.52551268254071
3319,45.0,87.52551268254071
1839,59.0,87.52551268254071
15646,87.0,87.52551268254071
5494,43.0,87.52551268254071
3271,48.0,87.52551268254071
21982,75.0,87.52551268254071
12983,90.0,87.52551268254071
21318,81.0,87.52551268254071
18420,88.0,87.52551268254071
5131,74.0,83.3366979915787
15800,79.0,87.52551268254071
14049,85.0,87.52551268254071
14113,91.0,87.5944019912044
20526,72.0,87.52551268254071
4109,65.0,87.52551268254071
5882,75.0,87.52551268254071
9054,65.0,87.52551268254071
18753,66.0,87.52551268254071
12930,73.0,87.52551268254071
19970,47.0,87.52551268254071
22881,60.0,87.52551268254071
23042,53.0,87.52551268254071
12347,109.0,87.52551268254071
4633,58.0,87.52551268254071
5875,80.0,89.70284165334478
20356,76.0,85.37979404234385
13334,73.0,87.52551268254071
16258,69.0,87.52551268254071
3093,50.0,87.52551268254071
23719,58.0,87.52551268254071
14427,684.0,87.52551268254071
18311,79.0,87.52551268254071
20574,181.0,87.52551268254071
3607,58.0,87.52551268254071
6252,97.0,87.52551268254071
18778,56.0,87.52551268254071
2303,70.0,76.41461141665032
8300,55.0,87.52551268254071
19579,63.0,87.52551268254071
22557,91.0,87.52551268254071
4632,44.0,87.52551268254071
8139,70.0,87.52551268254071
11613,128.0,87.52551268254071
11631,69.0,87.52551268254071
12070,95.0,83.63105904420213
5986,152.0,87.52551268254071
12475,75.0,87.52551268254071
23811,118.0,87.52551268254071
9193,82.0,87.52551268254071
15141,106.0,87.52551268254071
5679,66.0,87.52551268254071
5436,65.0,87.52551268254071
13174,95.0,87.52551268254071
169,121.0,87.52551268254071
16980,57.0,87.52551268254071
812,62.0,87.52551268254071
19730,73.0,87.52551268254071
19376,60.0,87.52551268254071
14333,56.0,87.52551268254071
20371,105.0,87.52551268254071
10226,66.0,87.52551268254071
16423,74.0,87.52551268254071
17017,78.0,87.52551268254071
21479,76.0,87.52551268254071
16346,101.0,87.52551268254071
14128,37.0,87.52551268254071
4925,74.0,87.52551268254071
19824,88.0,87.52551268254071
9206,74.0,87.52551268254071
23212,76.0,87.52551268254071
1101,71.0,87.52551268254071
14434,91.0,87.52551268254071
5297,72.0,87.52551268254071
19218,58.0,87.52551268254071
17210,62.0,87.52551268254071
20152,85.0,87.52551268254071
23744,55.0,87.52551268254071
5868,63.0,87.52551268254071
22152,77.0,87.52551268254071
17900,80.0,87.52551268254071
3475,51.0,87.52551268254071
15534,83.0,87.52551268254071
7436,83.0,87.52551268254071
23630,84.0,87.52551268254071
13259,60.0,87.52551268254071
17495,72.0,87.52551268254071
15815,56.0,87.52551268254071
11842,90.0,87.52551268254071
17698,62.0,87.52551268254071
6802,52.0,87.52551268254071
8870,69.0,87.52551268254071
6350,223.0,87.52551268254071
20102,74.0,87.52551268254071
14142,39.0,87.52551268254071
18410,109.0,87.52551268254071
1453,62.0,87.52551268254071
7730,49.0,87.52551268254071
16369,102.0,87.52551268254071
8124,73.0,87.52551268254071
15678,93.0,87.52551268254071
23730,81.0,87.52551268254071
11586,110.0,87.52551268254071
9457,89.0,87.52551268254071
22858,98.0,87.52551268254071
2465,84.0,87.52551268254071
8189,109.0,87.52551268254071
19523,70.0,87.52551268254071
5865,73.0,87.52551268254071
4283,50.0,87.52551268254071
11438,82.0,87.52551268254071
1623,46.0,87.52551268254071
16780,98.0,87.52551268254071
634,87.0,87.52551268254071
16811,57.0,87.52551268254071
23187,70.0,87.52551268254071
23514,99.0,87.52551268254071
14748,145.0,87.52551268254071
7915,57.0,87.52551268254071
4802,154.0,72.99631357775515
20607,78.0,87.52551268254071
4103,66.0,87.52551268254071
5785,70.0,87.52551268254071
15959,84.0,87.52551268254071
23155,54.0,87.52551268254071
5124,65.0,87.52551268254071
6440,79.0,87.52551268254071
3651,64.0,87.52551268254071
1194,383.0,87.52551268254071
18158,74.0,87.52551268254071
163,95.0,87.52551268254071
557,91.0,87.52551268254071
8721,73.0,87.52551268254071
8249,69.0,87.52551268254071
9646,45.0,87.52551268254071
15007,59.0,87.52551268254071
11393,203.0,87.52551268254071
5677,84.0,63.3443027605676
23288,76.0,87.52551268254071
291,59.0,87.52551268254071
13016,71.0,87.52551268254071
17199,59.0,87.52551268254071
22299,61.0,87.52551268254071
6467,89.0,87.52551268254071
23194,76.0,87.52551268254071
16091,86.0,87.52551268254071
10422,74.0,87.52551268254071
17595,86.0,89.54075405763346
8488,65.0,87.52551268254071
22877,59.0,87.52551268254071
337,77.0,87.52551268254071
3318,58.0,87.52551268254071
8528,102.0,87.52551268254071
17838,83.0,87.52551268254071
22261,66.0,76.84341630328946
23292,64.0,87.52551268254071
8474,93.0,87.52551268254071
16382,90.0,87.52551268254071
17106,62.0,87.52551268254071
21485,124.0,60.17819033861976
7095,70.0,87.52551268254071
22972,114.0,87.52551268254071
4207,82.0,87.52551268254071
11047,65.0,87.52551268254071
7071,19.0,87.52551268254071
2707,68.0,87.52551268254071
10833,84.0,87.52551268254071
9414,83.0,87.52551268254071
22075,63.0,87.52551268254071
18124,87.0,89.96349220137084
7800,75.0,87.52551268254071
534,120.0,98.20175537731045
3247,90.0,87.52551268254071
1238,34.0,87.52551268254071
16570,78.0,87.52551268254071
10877,117.0,87.52551268254071
7937,79.0,87.52551268254071
9746,51.0,87.52551268254071
19455,210.0,87.52551268254071
22918,54.0,87.52551268254071
6463,53.0,87.52551268254071
6425,48.0,87.52551268254071
7081,58.0,87.52551268254071
16114,63.0,87.52551268254071
22870,121.0,87.52551268254071
7166,79.0,87.52551268254071
7723,60.0,87.52551268254071
22810,68.0,87.52551268254071
8624,86.0,87.52551268254071
17003,102.0,87.52551268254071
21738,58.0,87.52551268254071
21580,70.0,87.52551268254071
18851,67.0,87.52551268254071
22492,64.0,87.52551268254071
23880,166.0,87.52551268254071
17924,57.0,87.52551268254071
13003,61.0,87.52551268254071
17945,58.0,87.52551268254071
1719,78.0,87.52551268254071
23891,66.0,87.52551268254071
22960,145.0,87.52551268254071
18034,67.0,87.52551268254071
17639,77.0,94.42076237596548
14640,115.0,86.7000030422664
23612,55.0,87.52551268254071
5459,65.0,87.52551268254071
4868,131.0,87.52551268254071
5668,66.0,87.52551268254071
23434,63.0,87.52551268254071
12884,52.0,65.9283282128781
7844,46.0,87.52551268254071
22454,69.0,87.52551268254071
15436,99.0,87.52551268254071
3466,153.0,87.52551268254071
11603,124.0,87.52551268254071
3817,42.0,87.52551268254071
11653,54.0,93.28647753967921
15005,55.0,87.52551268254071
18059,75.0,87.52551268254071
19813,69.0,87.52551268254071
2979,87.0,87.52551268254071
18058,70.0,87.52551268254071
4026,49.0,87.52551268254071
14908,70.0,87.52551268254071
8492,61.0,87.52551268254071
228,98.0,87.52551268254071
20552,106.0,79.74128195568478
3265,82.0,87.52551268254071
14728,78.0,87.52551268254071
18064,64.0,87.52551268254071
20271,74.0,82.07638468088517
15384,61.0,87.52551268254071
4214,39.0,87.52551268254071
23492,50.0,87.52551268254071
6837,76.0,87.52551268254071
7555,51.0,87.52551268254071
17139,141.0,87.52551268254071
569,62.0,87.52551268254071
13059,73.0,87.52551268254071
23552,51.0,87.52551268254071
14633,115.0,87.52551268254071
22210,55.0,87.52551268254071
18414,102.0,87.52551268254071
12619,56.0,87.52551268254071
22571,71.0,87.52551268254071
103,60.0,87.52551268254071
5699,68.0,87.52551268254071
16590,67.0,87.52551268254071
17834,58.0,87.52551268254071
5260,80.0,87.52551268254071
7843,41.0,87.52551268254071
535,110.0,87.52551268254071
3687,96.0,87.52551268254071
3288,41.0,87.52551268254071
10178,80.0,87.52551268254071
14293,102.0,87.52551268254071
7475,81.0,87.52551268254071
13350,153.0,87.52551268254071
15037,128.0,87.52551268254071
9367,71.0,87.52551268254071
10152,46.0,87.52551268254071
12218,62.0,87.52551268254071
17225,143.0,87.52551268254071
14476,48.0,87.52551268254071
18567,89.0,74.93053384310876
16889,78.0,87.52551268254071
13926,48.0,60.801583606452695
14250,51.0,87.52551268254071
16073,59.0,87.52551268254071
2645,63.0,87.52551268254071
16527,70.0,87.52551268254071
15092,80.0,77.80693064087073
23463,132.0,87.52551268254071
13763,47.0,87.52551268254071
16777,98.0,87.52551268254071
9142,89.0,87.52551268254071
20587,94.0,87.52551268254071
18141,62.0,87.52551268254071
7990,84.0,87.52551268254071
23119,73.0,87.52551268254071
11305,89.0,87.52551268254071
6758,66.0,87.52551268254071
16710,84.0,87.52551268254071
20725,231.0,87.52551268254071
7737,64.0,87.52551268254071
19700,77.0,87.52551268254071
1674,58.0,87.52551268254071
21934,65.0,87.52551268254071
1457,78.0,87.52551268254071
15077,81.0,87.52551268254071
16904,272.0,87.52551268254071
494,202.0,87.52551268254071
22683,129.0,87.52551268254071
3218,89.0,87.52551268254071
257,80.0,87.52551268254071
19004,49.0,87.52551268254071
16026,46.0,87.52551268254071
11082,62.0,87.52551268254071
17727,83.0,104.82479686139133
9339,49.0,87.52551268254071
16083,73.0,87.52551268254071
18604,78.0,87.52551268254071
6123,69.0,87.52551268254071
7068,72.0,87.52551268254071
15177,54.0,87.52551268254071
18401,43.0,87.52551268254071
22687,71.0,87.52551268254071
12753,106.0,87.52551268254071
3073,106.0,87.52551268254071
14772,104.0,87.52551268254071
13108,71.0,87.52551268254071
1812,78.0,87.52551268254071
15009,58.0,87.52551268254071
13103,67.0,87.52551268254071
15244,63.0,87.52551268254071
16276,73.0,87.52551268254071
1963,80.0,87.52551268254071
14751,68.0,87.52551268254071
10309,56.0,87.52551268254071
11595,145.0,87.52551268254071
4037,81.0,78.57635685259292
5415,50.0,87.52551268254071
9821,51.0,87.52551268254071
1636,63.0,87.52551268254071
11550,88.0,87.52551268254071
16023,43.0,87.52551268254071
23239,67.0,87.52551268254071
11684,69.0,87.52551268254071
18289,63.0,87.52551268254071
5600,134.0,87.52551268254071
1586,74.0,87.52551268254071
5296,70.0,87.52551268254071
12214,73.0,87.52551268254071
9858,84.0,85.89906915239378
3185,68.0,87.52551268254071
5776,58.0,66.61398549710277
12837,103.0,87.52551268254071
10461,83.0,87.52551268254071
3847,67.0,87.52551268254071
8340,81.0,87.52551268254071
13434,54.0,87.52551268254071
10702,88.0,87.52551268254071
12410,74.0,87.52551268254071
23196,60.0,87.52551268254071
3202,119.0,87.52551268254071
11321,55.0,87.52551268254071
14976,73.0,87.52551268254071
1347,40.0,87.52551268254071
7254,58.0,87.52551268254071
504,97.0,87.52551268254071
16314,339.0,87.52551268254071
18873,52.0,87.52551268254071
13839,84.0,87.52551268254071
13365,155.0,87.52551268254071
14189,89.0,87.52551268254071
14971,86.0,87.52551268254071
17420,67.0,87.52551268254071
13669,91.0,87.52551268254071
18023,54.0,87.52551268254071
6280,80.0,87.52551268254071
14452,89.0,87.52551268254071
1926,101.0,87.52551268254071
3361,76.0,87.52551268254071
20561,281.0,87.52551268254071
9593,55.0,87.52551268254071
14054,83.0,87.52551268254071
22145,63.0,87.52551268254071
22481,47.0,87.52551268254071
14578,75.0,87.52551268254071
1814,75.0,88.61537291148058
23699,60.0,87.52551268254071
9784,27.0,87.52551268254071
2970,264.0,87.52551268254071
17098,65.0,87.52551268254071
18572,55.0,87.52551268254071
9271,86.0,87.52551268254071
12231,63.0,87.52551268254071
3212,138.0,87.52551268254071
20460,70.0,89.36894822965685
10017,79.0,87.52551268254071
20608,77.0,87.52551268254071
19537,67.0,87.52551268254071
7228,65.0,87.52551268254071
22847,73.0,87.52551268254071
18248,57.0,87.52551268254071
15542,38.0,87.52551268254071
18967,45.0,87.52551268254071
5734,64.0,87.52551268254071
1569,44.0,87.52551268254071
6922,66.0,87.52551268254071
19655,56.0,87.52551268254071
5489,99.0,87.52551268254071
5148,69.0,87.52551268254071
20263,74.0,70.54200743269762
19007,55.0,87.52551268254071
15992,112.0,87.52551268254071
8704,59.0,87.52551268254071
4961,62.0,87.52551268254071
1555,59.0,87.52551268254071
8902,52.0,87.52551268254071
14307,59.0,87.52551268254071
20013,100.0,87.52551268254071
7883,100.0,87.52551268254071
6172,61.0,87.52551268254071
818,54.0,87.52551268254071
4884,71.0,89.75693059562325
6776,70.0,87.52551268254071
3437,63.0,87.52551268254071
23316,58.0,87.52551268254071
2734,117.0,87.52551268254071
2459,81.0,87.52551268254071
5471,634.0,87.52551268254071
15519,38.0,87.52551268254071
9873,39.0,87.52551268254071
7597,99.0,87.52551268254071
12967,71.0,87.52551268254071
6178,63.0,87.52551268254071
16274,80.0,87.52551268254071
4875,203.0,87.52551268254071
9461,95.0,87.52551268254071
4954,69.0,87.52551268254071
744,50.0,87.52551268254071
11004,64.0,87.52551268254071
14105,68.0,97.66550090095579
50,77.0,87.52551268254071
5245,99.0,87.52551268254071
13715,91.0,87.52551268254071
5591,86.0,83.6409458674665
21443,76.0,87.52551268254071
7537,107.0,90.47976085190017
21937,89.0,87.52551268254071
2786,106.0,87.52551268254071
13980,51.0,87.52551268254071
15940,80.0,89.47962995339144
8070,93.0,87.52551268254071
18805,76.0,87.52551268254071
4727,81.0,87.52551268254071
17414,91.0,87.52551268254071
9282,68.0,83.73582246746959
7541,63.0,87.52551268254071
9614,90.0,88.2293558382
16967,70.0,87.52551268254071
14992,50.0,87.52551268254071
8942,129.0,87.52551268254071
1838,59.0,87.52551268254071
189,57.0,87.52551268254071
2217,63.0,87.52551268254071
23100,74.0,87.52551268254071
14083,172.0,87.52551268254071
23733,100.0,87.52551268254071
17555,58.0,87.52551268254071
3192,111.0,87.52551268254071
23582,138.0,87.52551268254071
23972,94.0,87.52551268254071
306,102.0,87.52551268254071
11344,53.0,87.52551268254071
11890,58.0,87.52551268254071
13820,34.0,87.52551268254071
22514,54.0,87.52551268254071
2773,81.0,87.52551268254071
5486,61.0,73.62140399026059
8503,56.0,87.52551268254071
501,169.0,87.52551268254071
4174,81.0,87.52551268254071
21869,87.0,80.32513379296499
21030,55.0,87.52551268254071
16515,184.0,87.52551268254071
9462,96.0,87.52551268254071
7712,60.0,87.52551268254071
2033,65.0,87.52551268254071
9575,67.0,87.52551268254071
21529,84.0,87.52551268254071
3926,73.0,102.00542761628894
2263,86.0,87.52551268254071
1420,98.0,87.52551268254071
22722,50.0,87.52551268254071
2325,60.0,70.49417896408586
1627,54.0,87.52551268254071
3390,78.0,87.52551268254071
10397,56.0,87.52551268254071
22480,55.0,87.52551268254071
3862,65.0,67.71211438536893
1489,91.0,87.52551268254071
13050,53.0,87.52551268254071
12965,80.0,87.52551268254071
16033,32.0,87.52551268254071
7406,42.0,87.52551268254071
1988,65.0,87.52551268254071
5841,80.0,87.52551268254071
20775,71.0,87.52551268254071
19636,95.0,87.52551268254071
19370,74.0,87.52551268254071
20182,98.0,87.52551268254071
424,63.0,87.52551268254071
13507,65.0,83.64162988472121
4583,58.0,78.9714186562456
15286,48.0,61.14016535077779
14953,68.0,69.73277781358856
14644,98.0,89.1359602534625
16374,58.0,87.52551268254071
2065,65.0,87.52551268254071
12947,93.0,99.81176170369669
11301,76.0,87.52551268254071
10030,42.0,87.52551268254071
8134,130.0,87.52551268254071
12801,85.0,87.52551268254071
8793,47.0,87.52551268254071
18588,63.0,87.52551268254071
2447,40.0,87.52551268254071
16302,62.0,87.52551268254071
15657,63.0,87.52551268254071
21154,83.0,89.03567168631729
17976,53.0,87.52551268254071
297,64.0,95.69801332494764
9977,73.0,87.52551268254071
5118,62.0,87.52551268254071
18642,52.0,76.42624435871606
11800,58.0,87.52551268254071
23606,91.0,87.52551268254071
20417,68.0,87.52551268254071
6216,758.0,87.52551268254071
13722,78.0,87.52551268254071
17700,62.0,87.52551268254071
4539,41.0,87.52551268254071
18755,393.0,87.52551268254071
2469,65.0,87.52551268254071
5052,78.0,87.52551268254071
9832,38.0,87.52551268254071
5595,91.0,87.52551268254071
3720,85.0,87.52551268254071
8675,90.0,87.52551268254071
3270,41.0,87.52551268254071
7887,105.0,87.52551268254071
2437,53.0,87.52551268254071
1188,348.0,87.52551268254071
23249,70.0,87.52551268254071
12613,53.0,87.52551268254071
16816,66.0,87.52551268254071
4580,60.0,87.52551268254071
11998,84.0,87.52551268254071
22592,80.0,87.52551268254071
8392,50.0,87.52551268254071
1903,116.0,87.52551268254071
21567,75.0,87.52551268254071
6691,101.0,87.52551268254071
9214,81.0,87.52551268254071
3324,48.0,87.52551268254071
17923,62.0,87.52551268254071
6170,60.0,87.52551268254071
6780,71.0,87.52551268254071
5109,57.0,87.52551268254071
23248,52.0,87.52551268254071
9827,65.0,72.78886016932229
9246,88.0,87.52551268254071
4570,74.0,87.52551268254071
17215,62.0,87.52551268254071
13020,51.0,87.52551268254071
6368,104.0,87.52551268254071
7201,69.0,87.52551268254071
18823,329.0,87.52551268254071
2662,58.0,87.52551268254071
4659,57.0,87.52551268254071
23262,52.0,87.52551268254071
10720,86.0,87.52551268254071
13562,147.0,87.52551268254071
13449,71.0,87.52551268254071
6515,56.0,87.52551268254071
16564,75.0,83.60493409785657
8286,94.0,87.52551268254071
1275,95.0,87.52551268254071
4638,91.0,87.52551268254071
23493,60.0,87.52551268254071
14700,81.0,74.34632500978596
10452,70.0,87.52551268254071
12279,110.0,87.52551268254071
14551,59.0,87.52551268254071
16303,60.0,87.52551268254071
5422,74.0,87.52551268254071
10233,39.0,87.52551268254071
21833,52.0,87.52551268254071
9502,60.0,83.49427473344296
10883,81.0,87.52551268254071
9992,109.0,74.0407837956085
15152,67.0,87.52551268254071
10086,121.0,87.52551268254071
14541,71.0,87.52551268254071
6354,773.0,87.52551268254071
3951,61.0,87.52551268254071
22698,300.0,87.52551268254071
20003,132.0,87.52551268254071
10541,38.0,87.52551268254071
1847,52.0,87.52551268254071
16079,76.0,87.52551268254071
11392,87.0,87.52551268254071
7490,70.0,87.52551268254071
542,77.0,87.52551268254071
13869,51.0,87.52551268254071
4348,72.0,76.93340642139621
19374,84.0,87.52551268254071
13509,74.0,87.52551268254071
9774,101.0,87.52551268254071
23969,81.0,87.52551268254071
8241,75.0,83.98766157485629
10006,60.0,87.52551268254071
13535,55.0,87.52551268254071
13080,47.0,87.52551268254071
20697,88.0,73.65223101591279
13569,114.0,87.52551268254071
3309,49.0,87.52551268254071
1106,77.0,87.52551268254071
20979,58.0,87.52551268254071
14094,86.0,87.52551268254071
17096,67.0,87.52551268254071
6639,120.0,87.52551268254071
23031,57.0,87.52551268254071
6750,75.0,87.52551268254071
1108,71.0,87.52551268254071
19610,78.0,87.52551268254071
12483,62.0,87.52551268254071
15833,70.0,87.52551268254071
22590,60.0,87.52551268254071
20325,56.0,87.52551268254071
8789,52.0,87.52551268254071
16860,66.0,87.52551268254071
8309,75.0,87.52551268254071
22109,107.0,87.52551268254071
14695,111.0,87.52551268254071
680,57.0,87.52551268254071
2419,217.0,87.52551268254071
20634,47.0,87.52551268254071
2552,47.0,87.52551268254071
283,104.0,87.52551268254071
2389,100.0,87.52551268254071
4551,80.0,87.52551268254071
4371,73.0,87.52551268254071
18687,61.0,68.57079794956961
16038,78.0,87.52551268254071
628,112.0,87.52551268254071
7602,91.0,87.52551268254071
20759,49.0,87.52551268254071
3513,63.0,87.52551268254071
1853,95.0,95.84235523677951
21347,39.0,87.52551268254071
14005,45.0,87.52551268254071
20892,58.0,87.52551268254071
9938,43.0,66.61273436165136
4673,44.0,87.52551268254071
19560,43.0,66.94347365083787
19621,143.0,87.52551268254071
23953,70.0,87.52551268254071
3755,70.0,87.52551268254071
16655,72.0,87.52551268254071
15979,50.0,87.52551268254071
22622,78.0,87.52551268254071
23991,55.0,87.52551268254071
2989,103.0,87.52551268254071
14297,96.0,87.52551268254071
18481,47.0,87.52551268254071
5660,42.0,87.52551268254071
20760,63.0,87.52551268254071
17170,141.0,87.52551268254071
14755,69.0,87.52551268254071
23487,71.0,87.52551268254071
14851,92.0,87.52551268254071
11120,67.0,87.52551268254071
10466,89.0,87.52551268254071
21197,41.0,87.52551268254071
2053,58.0,87.52551268254071
23069,56.0,87.52551268254071
12890,101.0,87.52551268254071
9048,77.0,87.52551268254071
1591,78.0,87.52551268254071
4929,68.0,87.52551268254071
5122,54.0,87.52551268254071
17827,54.0,87.52551268254071
4654,119.0,87.52551268254071
12177,55.0,87.52551268254071
13821,39.0,87.52551268254071
3286,41.0,87.52551268254071
22745,53.0,87.52551268254071
966,42.0,87.52551268254071
1860,94.0,87.52551268254071
8153,56.0,87.52551268254071
14738,87.0,87.52551268254071
20214,46.0,77.58570154729385
23351,60.0,87.52551268254071
6312,100.0,87.52551268254071
23447,59.0,87.52551268254071
7316,71.0,87.52551268254071
11401,93.0,87.52551268254071
7336,96.0,87.52551268254071
9864,56.0,87.52551268254071
6268,74.0,87.52551268254071
21233,78.0,87.52551268254071
20906,138.0,87.52551268254071
20227,87.0,87.52551268254071
6284,59.0,87.52551268254071
18205,67.0,87.52551268254071
4708,64.0,87.52551268254071
4145,51.0,87.52551268254071
19046,64.0,87.52551268254071
14343,66.0,87.52551268254071
14145,46.0,87.52551268254071
4425,118.0,74.8132730390413
2277,122.0,87.52551268254071
17082,56.0,87.52551268254071
14966,69.0,87.52551268254071
8875,66.0,87.52551268254071
16832,68.0,87.52551268254071
6874,72.0,87.52551268254071
21461,59.0,87.52551268254071
2639,129.0,87.52551268254071
9524,84.0,87.52551268254071
11074,49.0,87.52551268254071
1855,63.0,73.32428281923153
3257,71.0,87.52551268254071
821,57.0,68.65834724818198
20969,77.0,87.52551268254071
1004,77.0,87.52551268254071
23162,91.0,87.52551268254071
4407,71.0,68.06143218015869
21259,59.0,87.52551268254071
18162,83.0,87.52551268254071
316,66.0,87.52551268254071
14340,69.0,87.52551268254071
17586,34.0,87.52551268254071
12273,89.0,87.52551268254071
21182,58.0,87.52551268254071
20740,29.0,87.52551268254071
12708,79.0,87.52551268254071
22678,64.0,87.52551268254071
9239,83.0,87.52551268254071
22369,73.0,87.52551268254071
20550,77.0,95.3475746062448
1169,113.0,87.52551268254071
4493,77.0,87.52551268254071
14708,56.0,87.52551268254071
18045,80.0,87.52551268254071
2214,56.0,87.52551268254071
13946,188.0,87.52551268254071
12192,65.0,87.52551268254071
22269,79.0,87.52551268254071
17542,105.0,87.52551268254071
13436,51.0,87.52551268254071
20720,92.0,69.41072923421522
7180,74.0,87.52551268254071
5063,81.0,95.47477533137685
6074,83.0,87.52551268254071
19094,47.0,87.52551268254071
3797,69.0,87.52551268254071
17396,57.0,76.08741912908052
10979,729.0,87.52551268254071
21966,94.0,87.52551268254071
23943,75.0,87.52551268254071
7283,50.0,87.52551268254071
11604,61.0,87.52551268254071
14157,45.0,87.52551268254071
23327,113.0,87.52551268254071
273,131.0,87.52551268254071
18194,68.0,87.52551268254071
11026,49.0,63.83524760866244
21384,84.0,90.78695499054727
11633,64.0,82.9165369585234
5964,80.0,87.52551268254071
1398,64.0,87.52551268254071
14603,89.0,87.52551268254071
22951,89.0,87.52551268254071
9633,81.0,87.52551268254071
22365,76.0,79.65983922349493
15316,50.0,87.52551268254071
5638,98.0,87.52551268254071
18172,71.0,87.52551268254071
15431,80.0,87.52551268254071
20537,64.0,63.814053833361825
17571,53.0,87.52551268254071
23091,94.0,87.52551268254071
9931,86.0,87.52551268254071
3679,80.0,87.52551268254071
18484,94.0,87.52551268254071
6278,67.0,87.52551268254071
12042,83.0,87.52551268254071
19986,48.0,87.52551268254071
11157,89.0,91.92642814417111
5219,176.0,87.52551268254071
9287,61.0,87.52551268254071
11109,75.0,87.52551268254071
11185,224.0,87.52551268254071
19092,45.0,87.52551268254071
15910,67.0,59.97125400017593
19126,57.0,76.53926385786734
12074,96.0,87.52551268254071
8273,232.0,87.52551268254071
1253,67.0,87.52551268254071
21950,83.0,87.52551268254071
17956,186.0,87.52551268254071
22461,73.0,87.52551268254071
12418,76.0,87.52551268254071
17150,92.0,87.52551268254071
4507,57.0,87.52551268254071
19749,64.0,87.52551268254071
13474,89.0,84.00630366944033
21357,46.0,87.52551268254071
22483,52.0,87.52551268254071
10238,46.0,87.52551268254071
22860,58.0,87.52551268254071
2586,91.0,87.52551268254071
5389,71.0,87.52551268254071
13176,68.0,87.52551268254071
5064,70.0,87.52551268254071
12990,45.0,87.52551268254071
8564,108.0,87.52551268254071
5651,57.0,87.52551268254071
5120,49.0,87.52551268254071
22203,67.0,67.99291724067957
18027,61.0,87.52551268254071
4501,67.0,76.22937426568247
2955,73.0,87.52551268254071
1105,77.0,87.52551268254071
8702,68.0,87.52551268254071
20987,65.0,87.52551268254071
19215,74.0,93.09092439449172
10258,69.0,87.52551268254071
12012,150.0,87.52551268254071
6895,672.0,87.52551268254071
11645,77.0,87.52551268254071
19998,102.0,97.19376584997197
758,90.0,87.52551268254071
16554,73.0,87.52551268254071
15841,72.0,87.52551268254071
13844,124.0,87.52551268254071
3446,67.0,87.52551268254071
4565,65.0,87.52551268254071
3565,80.0,87.52551268254071
9232,48.0,87.52551268254071
10626,91.0,87.52551268254071
6891,532.0,87.52551268254071
4586,98.0,87.52551268254071
5820,95.0,75.18123685458177
16898,77.0,87.52551268254071
7380,69.0,87.52551268254071
18373,76.0,87.52551268254071
11206,69.0,87.52551268254071
19011,85.0,87.52551268254071
9955,71.0,71.8345337553544
6079,82.0,87.52551268254071
8476,104.0,87.52551268254071
11806,63.0,87.52551268254071
885,78.0,87.52551268254071
1,97.0,76.87444203235076
10718,109.0,87.52551268254071
11813,396.0,87.52551268254071
2653,89.0,87.52551268254071
41,105.0,87.52551268254071
20507,58.0,87.52551268254071
18070,85.0,87.52551268254071
5745,103.0,87.52551268254071
5042,67.0,83.73501513891564
22,72.0,87.52551268254071
6013,650.0,87.52551268254071
8952,73.0,87.52551268254071
3313,72.0,80.49716564708596
9176,77.0,87.52551268254071
22535,76.0,87.52551268254071
21619,76.0,87.52551268254071
18718,62.0,87.52551268254071
10937,50.0,87.52551268254071
1152,82.0,87.52551268254071
387,50.0,87.52551268254071
21514,92.0,87.52551268254071
16334,309.0,87.52551268254071
3492,72.0,87.52551268254071
8283,77.0,87.52551268254071
4497,74.0,87.52551268254071
6211,752.0,87.52551268254071
4293,64.0,87.52551268254071
2059,62.0,87.52551268254071
23832,97.0,87.52551268254071
8713,75.0,87.52551268254071
21991,45.0,87.52551268254071
5034,97.0,87.52551268254071
16679,89.0,87.52551268254071
6168,74.0,87.52551268254071
11234,103.0,87.52551268254071
10356,58.0,87.52551268254071
2811,71.0,87.52551268254071
17526,87.0,87.52551268254071
22173,62.0,87.52551268254071
12354,91.0,87.52551268254071
13771,56.0,87.52551268254071
620,50.0,87.52551268254071
14096,85.0,87.52551268254071
1388,63.0,87.52551268254071
12474,76.0,87.52551268254071
22467,79.0,87.52551268254071
23966,78.0,87.52551268254071
1447,64.0,87.52551268254071
8450,120.0,87.52551268254071
8060,203.0,87.52551268254071
23713,50.0,87.52551268254071
11830,114.0,87.52551268254071
3552,81.0,77.02778131645591
17405,59.0,87.52551268254071
21008,61.0,87.52551268254071
19842,80.0,87.52551268254071
16397,70.0,75.87415705958627
4752,58.0,87.52551268254071
3857,85.0,87.52551268254071
16447,65.0,74.09556700110299
2021,64.0,87.52551268254071
10544,57.0,87.52551268254071
11362,48.0,87.52551268254071
3943,81.0,87.52551268254071
21553,94.0,87.52551268254071
15837,71.0,87.52551268254071
6193,116.0,87.52551268254071
21795,68.0,79.62813113232876
16553,75.0,87.52551268254071
7580,65.0,87.52551268254071
4958,69.0,87.52551268254071
3707,82.0,87.52551268254071
17645,301.0,87.52551268254071
14856,62.0,87.52551268254071
19588,128.0,87.52551268254071
15801,76.0,87.52551268254071
8701,59.0,87.52551268254071
13600,70.0,87.52551268254071
5068,73.0,72.31186892282447
10087,103.0,87.52551268254071
7911,343.0,87.52551268254071
10772,53.0,87.52551268254071
10160,88.0,87.52551268254071
2886,75.0,87.52551268254071
23023,107.0,87.52551268254071
8851,100.0,87.52551268254071
9703,87.0,87.52551268254071
23501,76.0,87.52551268254071
23488,64.0,87.52551268254071
14034,189.0,87.52551268254071
12689,63.0,87.52551268254071
21800,51.0,87.52551268254071
16874,62.0,87.52551268254071
21210,125.0,87.52551268254071
20924,115.0,87.52551268254071
19894,76.0,87.52551268254071
7398,61.0,87.52551268254071
20488,56.0,87.52551268254071
14582,65.0,69.10792971418032
7952,100.0,87.52551268254071
15631,73.0,87.52551268254071
22392,121.0,87.52551268254071
846,71.0,87.52551268254071
11560,49.0,87.52551268254071
13932,106.0,87.52551268254071
730,108.0,87.52551268254071
891,78.0,87.52551268254071
339,70.0,87.52551268254071
13243,72.0,87.52551268254071
3976,65.0,87.52551268254071
4944,204.0,87.52551268254071
9380,67.0,87.52551268254071
23717,76.0,87.52551268254071
5177,91.0,87.52551268254071
16443,106.0,87.52551268254071
5890,60.0,87.52551268254071
5104,52.0,87.52551268254071
13818,29.0,87.52551268254071
3912,61.0,87.52551268254071
15313,63.0,87.52551268254071
8617,86.0,87.52551268254071
5412,70.0,87.52551268254071
4701,88.0,95.32408654669361
17128,70.0,87.52551268254071
13726,83.0,87.52551268254071
1267,60.0,87.52551268254071
5871,88.0,87.52551268254071
2444,36.0,87.52551268254071
979,76.0,94.49290659919076
12821,103.0,87.52551268254071
5482,97.0,87.52551268254071
596,75.0,87.52551268254071
10252,56.0,87.52551268254071
3878,57.0,61.67409749887186
11690,58.0,87.52551268254071
9452,175.0,87.52551268254071
20402,54.0,87.52551268254071
21865,82.0,87.52551268254071
1676,106.0,87.52551268254071
5192,72.0,87.52551268254071
20457,74.0,87.52551268254071
13988,50.0,87.52551268254071
14998,52.0,87.52551268254071
9950,51.0,87.52551268254071
22033,67.0,87.52551268254071
22840,71.0,87.52551268254071
2194,50.0,87.52551268254071
23217,63.0,87.52551268254071
17701,58.0,87.52551268254071
21790,96.0,87.52551268254071
5116,59.0,87.52551268254071
19413,73.0,88.29674563324023
5301,52.0,87.52551268254071
23399,80.0,87.52551268254071
22934,44.0,87.52551268254071
3843,73.0,87.52551268254071
20157,65.0,87.52551268254071
21499,66.0,87.52551268254071
718,83.0,87.52551268254071
14264,127.0,86.57237478547187
23579,90.0,87.52551268254071
1408,71.0,87.52551268254071
1694,110.0,87.52551268254071
16440,101.0,87.52551268254071
21248,64.0,87.52551268254071
21024,65.0,87.52551268254071
6056,65.0,87.52551268254071
1703,18.0,87.52551268254071
11742,201.0,87.52551268254071
19781,86.0,87.52551268254071
5355,82.0,87.52551268254071
