,y_test,prediction
7657,19.8198,27.216798252518338
64,30.6306,27.216798252518338
5964,19.8198,27.216798252518338
7695,27.027,27.216798252518338
4714,23.4234,27.216798252518338
7478,19.8198,27.216798252518338
1428,93.6936,27.216798252518338
14375,12.6126,27.216798252518338
393,12.6126,27.216798252518338
1567,43.2432,27.216798252518338
13452,36.036,27.216798252518338
8340,23.4234,27.216798252518338
18920,14.4144,27.216798252518338
10047,66.6666,43.726544221192405
19623,19.8198,27.216798252518338
13020,32.4324,27.216798252518338
21090,12.6126,27.216798252518338
