,y_test,prediction
7657,19.8198,27.219840420248598
64,30.6306,27.219840420248598
5964,19.8198,27.219840420248598
7695,27.027,27.219840420248598
4714,23.4234,27.219840420248598
7478,19.8198,27.219840420248598
1428,93.6936,27.219840420248598
14375,12.6126,27.219840420248598
393,12.6126,27.219840420248598
1567,43.2432,27.219840420248598
13452,36.036,27.219840420248598
8340,23.4234,27.219840420248598
18920,14.4144,27.219840420248598
10047,66.6666,38.98426168305686
19623,19.8198,27.219840420248598
13020,32.4324,27.219840420248598
21090,12.6126,27.219840420248598
