,y_test,prediction
15331,14.26,6.0172
16860,12.87,9.960281397564492
23000,6.14,9.960281397564492
23245,4.75,9.960281397564492
8315,10.05,9.960281397564492
14293,10.8,9.960281397564492
3391,19.82,9.960281397564492
11925,4.57,9.960281397564492
12871,7.49,9.960281397564492
5643,4.87,9.960281397564492
10079,6.08,9.960281397564492
16408,1.15,9.960281397564492
2251,7.3,9.960281397564492
22655,8.98,9.960281397564492
16210,6.13,9.960281397564492
6409,9.94,9.960281397564492
3132,3.97,6.372999999999999
14471,112.5,9.960281397564492
6239,9.48,9.960281397564492
2527,6.51,9.960281397564492
6421,7.0,9.960281397564492
11460,7.54,9.960281397564492
742,4.12,9.960281397564492
22573,5.99,9.960281397564492
5219,4.58,9.960281397564492
11445,7.34,7.504599999999999
4504,8.54,7.595600000000001
23101,4.17,9.960281397564492
16191,5.15,9.960281397564492
7331,10.78,9.960281397564492
12375,2.56,9.960281397564492
4435,6.72,6.090699999999997
2338,7.79,9.960281397564492
4087,10.42,9.960281397564492
13194,4.32,9.960281397564492
6377,5.35,9.960281397564492
4941,10.37,9.960281397564492
1029,2.29,9.960281397564492
3297,9.61,9.960281397564492
7212,4.11,9.960281397564492
3202,12.55,9.960281397564492
1456,5.99,9.960281397564492
836,91.67,9.960281397564492
23593,5.93,9.960281397564492
7193,7.33,9.960281397564492
21676,4.65,9.960281397564492
8435,6.03,9.960281397564492
705,4.36,9.960281397564492
21932,7.59,9.960281397564492
13040,6.19,9.960281397564492
1032,5.41,6.529699999999996
22764,5.4,9.960281397564492
13581,5.64,9.960281397564492
3152,10.76,9.960281397564492
3677,4.38,9.960281397564492
1681,5.94,9.960281397564492
12034,7.15,9.960281397564492
13454,7.64,9.960281397564492
21052,2.03,9.960281397564492
23967,11.86,9.960281397564492
23831,6.28,9.960281397564492
22722,8.26,9.960281397564492
20417,21.37,9.960281397564492
11974,7.65,9.960281397564492
22264,7.5,6.824299999999999
3724,9.58,9.960281397564492
4950,8.39,9.960281397564492
10936,10.09,9.960281397564492
15165,6.64,9.960281397564492
7815,1.81,9.960281397564492
11128,7.25,6.060299999999999
6802,0.04,9.960281397564492
11935,10.72,9.960281397564492
5482,6.87,9.960281397564492
12894,5.57,9.960281397564492
21928,1.43,9.960281397564492
3199,12.49,9.960281397564492
17086,9.1,9.960281397564492
4666,4.62,6.216499999999997
22290,7.58,6.6047999999999965
13434,1.62,9.960281397564492
17115,9.59,9.960281397564492
6958,11.17,9.960281397564492
6253,10.96,9.960281397564492
22876,5.52,9.960281397564492
22115,6.08,9.960281397564492
6691,5.08,9.960281397564492
7758,10.97,9.960281397564492
21743,6.51,9.960281397564492
1123,14.77,9.960281397564492
19585,7.68,9.960281397564492
12158,8.2,9.960281397564492
10353,5.47,9.960281397564492
8182,20.52,9.960281397564492
14280,7.57,9.960281397564492
9770,7.35,8.989599999999996
17272,4.99,9.960281397564492
9694,3.8,9.960281397564492
15100,9.75,9.960281397564492
22761,5.82,9.960281397564492
1775,8.66,9.960281397564492
16712,9.29,9.960281397564492
5509,15.94,9.960281397564492
14691,6.14,9.960281397564492
7311,10.3,9.960281397564492
15228,12.19,9.960281397564492
18961,2.19,9.960281397564492
16300,6.35,9.960281397564492
10403,9.99,9.960281397564492
5119,6.6,9.960281397564492
14692,7.58,9.960281397564492
8853,10.53,9.960281397564492
11802,4.92,9.960281397564492
5043,9.53,6.257700000000003
22625,4.45,9.960281397564492
7483,7.07,9.960281397564492
17308,0.31,9.960281397564492
19726,6.62,9.960281397564492
19017,1.14,9.960281397564492
3102,8.61,9.960281397564492
11627,9.38,9.960281397564492
14580,6.97,9.960281397564492
7328,9.61,9.960281397564492
13428,1.36,9.960281397564492
5827,7.94,9.960281397564492
19519,6.9,9.960281397564492
2152,7.08,8.834731140707799
17304,0.64,9.960281397564492
5096,6.36,9.960281397564492
1541,2.53,9.960281397564492
3283,10.91,9.960281397564492
13649,5.31,6.822399999999999
3570,6.44,9.960281397564492
20780,10.62,9.960281397564492
19752,3.99,9.960281397564492
8229,7.85,9.960281397564492
1911,5.21,9.960281397564492
18372,8.06,9.960281397564492
15222,15.33,9.960281397564492
19830,9.65,6.8651
19878,7.59,9.960281397564492
3347,7.47,9.960281397564492
18039,41.38,9.960281397564492
7902,0.02,9.960281397564492
10802,0.09,9.960281397564492
7856,7.68,9.960281397564492
23744,2.77,9.960281397564492
8616,20.61,9.960281397564492
1091,3.17,9.960281397564492
17547,5.02,9.960281397564492
21279,5.4,9.960281397564492
8632,7.21,9.960281397564492
8839,7.58,9.960281397564492
2683,8.11,9.960281397564492
5552,8.1,9.960281397564492
20097,18.45,9.960281397564492
1547,4.78,9.960281397564492
16329,32.91,9.960281397564492
74,4.02,9.960281397564492
9187,16.32,9.960281397564492
8478,6.87,9.960281397564492
1502,4.13,6.756699999999998
2491,8.34,9.960281397564492
4214,8.5,9.960281397564492
8419,10.59,6.096199999999999
13896,0.19,9.960281397564492
15289,5.93,6.435699999999996
20648,6.33,9.960281397564492
212,7.34,9.960281397564492
3098,10.02,9.960281397564492
2999,10.25,9.960281397564492
13591,5.06,9.960281397564492
6074,12.04,9.960281397564492
1448,21.86,9.960281397564492
4385,6.75,8.3349
10019,3.47,9.960281397564492
5204,5.94,9.960281397564492
11114,35.09,9.960281397564492
4768,16.79,9.960281397564492
5480,6.8,9.960281397564492
13269,3.94,6.7996999999999925
2027,8.77,7.603500000000001
16604,11.35,9.960281397564492
16116,15.68,9.960281397564492
21785,3.73,6.7178999999999975
14822,5.16,9.960281397564492
11789,6.7,9.960281397564492
7791,5.95,9.960281397564492
3183,9.07,9.960281397564492
21449,5.47,9.960281397564492
17533,8.72,9.960281397564492
10914,8.08,9.960281397564492
12155,9.39,9.960281397564492
18120,5.72,9.960281397564492
10560,6.05,9.960281397564492
2714,3.64,6.408
2908,5.19,9.960281397564492
17881,6.32,9.960281397564492
7343,10.4,9.960281397564492
3449,9.18,9.960281397564492
9821,8.0,9.960281397564492
12958,61.85,9.960281397564492
21614,2.93,9.960281397564492
2159,5.27,5.976135700902741
3536,9.35,9.960281397564492
1016,7.5,9.960281397564492
10531,10.98,9.960281397564492
316,8.19,9.960281397564492
18028,7.95,9.960281397564492
10609,3.21,9.960281397564492
2356,10.01,9.960281397564492
7096,6.91,9.960281397564492
6051,7.25,9.960281397564492
18609,8.8,9.960281397564492
7903,0.03,9.960281397564492
15668,7.36,5.992099999999998
18950,5.53,9.960281397564492
19416,4.37,5.807099999999998
4145,4.64,9.960281397564492
23560,4.66,9.960281397564492
7436,13.24,9.960281397564492
23186,9.23,9.960281397564492
14980,8.34,9.960281397564492
5001,8.39,10.123700000000001
6495,10.39,9.960281397564492
3285,8.78,9.960281397564492
15890,7.44,9.960281397564492
18818,11.65,9.960281397564492
23319,7.38,9.960281397564492
22999,5.55,9.960281397564492
23869,6.53,9.960281397564492
7730,5.99,9.960281397564492
1484,5.72,9.960281397564492
16043,7.87,9.960281397564492
18032,5.66,9.960281397564492
7871,4.1,9.960281397564492
2234,10.21,9.960281397564492
20925,9.27,9.960281397564492
14267,4.19,9.960281397564492
4900,13.05,9.960281397564492
20471,17.11,9.960281397564492
14166,5.19,9.960281397564492
410,3.96,9.960281397564492
11583,8.67,9.960281397564492
4916,7.11,9.960281397564492
10425,11.31,9.960281397564492
1757,8.6,9.960281397564492
11815,5.5,9.960281397564492
17431,7.45,6.8092
6572,9.73,9.960281397564492
23768,6.91,9.960281397564492
137,7.41,9.960281397564492
20721,10.86,9.960281397564492
7729,4.64,7.352199999999998
7875,4.23,9.960281397564492
14838,10.57,9.960281397564492
17317,0.44,9.960281397564492
6325,6.9,9.960281397564492
16113,4.79,7.1508999999999965
8196,8.65,9.960281397564492
1618,11.68,9.960281397564492
21275,9.46,9.960281397564492
22443,3.9,9.960281397564492
22310,7.85,9.960281397564492
16302,9.3,9.960281397564492
7309,12.5,9.960281397564492
302,2.81,9.960281397564492
19373,11.13,9.960281397564492
8880,4.08,9.960281397564492
4517,14.77,9.960281397564492
9283,6.07,9.960281397564492
23526,7.05,9.960281397564492
2654,8.05,9.960281397564492
9043,8.9,9.960281397564492
11833,11.34,9.960281397564492
22057,5.08,9.960281397564492
9569,5.86,6.0310000000000015
23509,7.25,9.960281397564492
9258,8.68,9.552399999999999
801,9.2,6.643600000000001
3529,22.32,9.960281397564492
16783,7.3,9.960281397564492
3262,8.35,9.960281397564492
15977,11.48,9.960281397564492
7771,6.85,9.960281397564492
3180,6.58,9.960281397564492
17653,9.03,9.960281397564492
19652,5.53,9.960281397564492
18544,9.71,9.960281397564492
7173,6.22,9.960281397564492
16532,6.38,9.960281397564492
23608,4.23,9.960281397564492
11539,8.93,9.960281397564492
23845,7.69,9.960281397564492
15387,11.17,9.960281397564492
20538,5.09,6.488199999999998
21141,7.34,9.960281397564492
15035,5.39,9.960281397564492
6833,4.78,9.960281397564492
496,53.5,9.960281397564492
7194,6.71,9.960281397564492
21266,6.25,9.960281397564492
8074,16.13,9.960281397564492
23292,7.81,9.960281397564492
22498,6.96,9.960281397564492
6835,5.08,9.960281397564492
10266,6.17,8.869400000000002
4058,5.78,9.960281397564492
10947,5.24,9.960281397564492
17911,6.33,9.960281397564492
4898,9.98,9.960281397564492
9087,4.57,9.960281397564492
20842,10.52,9.960281397564492
12635,19.17,9.960281397564492
17934,9.92,9.960281397564492
8300,6.33,9.960281397564492
2979,4.44,9.960281397564492
17451,3.35,9.960281397564492
7025,38.67,9.960281397564492
4677,4.96,9.960281397564492
3284,9.74,9.960281397564492
8922,3.91,9.960281397564492
13134,8.53,9.960281397564492
11354,3.76,9.960281397564492
15276,6.33,9.960281397564492
1586,7.44,9.960281397564492
8531,8.44,9.960281397564492
16047,5.72,9.960281397564492
7558,183.5,9.960281397564492
12015,5.44,9.960281397564492
10719,10.66,9.960281397564492
20548,5.83,7.2105
18398,19.17,9.960281397564492
9493,6.81,9.960281397564492
5372,2.08,9.960281397564492
13579,6.13,7.4087
8111,6.26,9.960281397564492
20522,3.2,9.960281397564492
17945,7.58,9.960281397564492
12841,7.59,9.960281397564492
13531,13.82,9.960281397564492
10711,9.2,9.960281397564492
4702,5.55,9.960281397564492
16316,18.81,9.960281397564492
22704,4.42,9.960281397564492
20994,4.61,9.960281397564492
15747,5.03,9.960281397564492
14818,4.06,9.960281397564492
1384,3.27,9.960281397564492
20377,7.8,9.960281397564492
7733,12.92,9.960281397564492
22841,7.67,9.960281397564492
10387,33.26,9.960281397564492
15625,9.29,9.960281397564492
8288,9.43,6.9422999999999995
10391,10.92,9.960281397564492
18751,10.59,9.960281397564492
10535,12.65,9.960281397564492
1762,3.54,7.6346995384732
4689,4.85,9.960281397564492
20875,8.74,9.960281397564492
16338,26.14,9.960281397564492
7433,7.89,9.960281397564492
1953,8.17,9.960281397564492
8624,21.73,9.960281397564492
14679,15.52,9.960281397564492
1729,6.6,6.545400000000004
6657,6.9,9.960281397564492
11438,11.65,9.960281397564492
21133,11.81,9.960281397564492
4130,0.95,9.960281397564492
2201,15.98,9.960281397564492
10072,4.19,9.960281397564492
16481,6.7,7.033499999999999
15465,8.26,9.960281397564492
9490,5.58,9.960281397564492
4610,9.41,9.960281397564492
18780,8.83,9.960281397564492
20299,6.68,9.960281397564492
7238,4.5,9.960281397564492
8674,6.08,9.960281397564492
12077,7.83,9.960281397564492
6643,17.52,9.960281397564492
5104,3.73,9.960281397564492
23499,8.3,9.960281397564492
2075,5.73,9.960281397564492
10360,3.64,9.960281397564492
15476,3.79,9.960281397564492
22161,6.96,9.960281397564492
21591,8.31,9.960281397564492
10029,6.95,9.960281397564492
5596,17.97,9.960281397564492
22960,9.76,9.960281397564492
16666,3.07,9.960281397564492
3717,2.55,9.960281397564492
21691,17.81,9.960281397564492
16804,6.79,9.960281397564492
11610,10.72,9.960281397564492
1258,5.0,9.960281397564492
3221,17.69,9.960281397564492
726,15.43,9.960281397564492
10213,11.91,9.960281397564492
4450,5.24,9.960281397564492
21894,5.87,6.492399999999999
20070,5.68,7.7575999999999965
18882,4.16,9.960281397564492
4026,2.9,9.960281397564492
123,8.85,9.960281397564492
23415,5.06,9.960281397564492
7022,12.02,9.960281397564492
4565,7.13,9.960281397564492
8080,6.46,9.960281397564492
12216,23.34,9.960281397564492
2370,16.62,9.960281397564492
17025,4.12,9.960281397564492
18687,5.8,5.633500000000002
16340,21.76,9.960281397564492
199,7.58,9.960281397564492
14040,29.33,9.960281397564492
9442,4.72,6.744400000000004
10303,37.37,9.960281397564492
7283,7.83,9.960281397564492
10992,8.31,9.960281397564492
1089,3.3,9.960281397564492
18805,5.74,9.960281397564492
20909,6.52,9.960281397564492
23442,9.31,9.960281397564492
9408,7.09,9.960281397564492
22458,8.88,9.960281397564492
15129,5.81,6.695999999999999
8474,19.42,9.960281397564492
23294,5.58,9.960281397564492
5651,6.79,9.960281397564492
4242,6.25,9.960281397564492
23285,7.02,9.960281397564492
18825,10.2,9.960281397564492
10012,3.77,9.960281397564492
20231,8.78,9.960281397564492
9295,7.32,9.960281397564492
10337,6.43,6.8405
8695,9.88,9.960281397564492
7757,8.13,9.960281397564492
9973,5.19,6.2082999999999995
13136,8.09,9.960281397564492
13764,5.54,9.960281397564492
2142,14.17,9.960281397564492
4346,6.46,7.405299999999996
8146,9.12,9.960281397564492
10744,7.16,9.960281397564492
9021,6.01,9.960281397564492
17414,4.36,9.960281397564492
23582,4.16,9.960281397564492
12669,3.45,9.960281397564492
22550,5.42,9.960281397564492
3344,5.03,9.960281397564492
17422,7.42,9.960281397564492
2413,5.12,9.960281397564492
12713,7.39,9.960281397564492
9707,5.3,9.960281397564492
265,13.03,9.960281397564492
23628,8.42,9.960281397564492
16524,8.11,6.0388
12915,54.08,9.960281397564492
18383,5.1,9.960281397564492
14987,3.71,9.960281397564492
13743,5.3,9.960281397564492
15819,6.14,9.960281397564492
4484,10.64,9.960281397564492
15855,5.26,9.960281397564492
5955,10.99,9.960281397564492
23664,9.07,9.960281397564492
7018,11.55,9.960281397564492
21388,5.94,5.710000000000001
6473,9.88,9.960281397564492
23043,11.3,9.960281397564492
14316,6.28,9.960281397564492
14793,5.76,9.960281397564492
10378,10.93,9.960281397564492
3123,10.33,9.960281397564492
4964,9.11,9.960281397564492
15940,5.62,7.129299999999997
13651,5.18,7.344099999999995
4133,2.25,9.960281397564492
19338,7.77,9.960281397564492
2568,10.99,38.533699999999996
459,1.84,9.960281397564492
18776,9.42,9.960281397564492
22580,7.98,9.960281397564492
3154,10.35,9.960281397564492
20860,6.45,8.3327
21912,8.27,9.960281397564492
14462,112.7,9.960281397564492
18527,5.76,9.960281397564492
10254,3.81,9.960281397564492
22527,8.81,9.960281397564492
4776,14.52,9.960281397564492
6930,12.42,8.9906
21150,5.21,9.960281397564492
18199,1.36,9.960281397564492
15071,4.59,9.960281397564492
18746,3.49,9.960281397564492
20257,2.99,9.960281397564492
11066,6.47,9.960281397564492
11551,5.94,9.960281397564492
22201,8.83,9.960281397564492
731,18.81,9.960281397564492
1139,7.92,9.960281397564492
8468,6.49,9.960281397564492
16767,3.05,9.960281397564492
10847,13.25,9.960281397564492
10925,4.51,6.271999999999997
526,7.3,9.960281397564492
14041,21.56,9.960281397564492
8978,84.71,9.960281397564492
14228,8.57,9.960281397564492
3028,27.46,9.960281397564492
13013,6.98,9.960281397564492
23952,1.34,9.960281397564492
21222,5.46,9.960281397564492
3899,11.34,9.960281397564492
10478,7.44,9.960281397564492
1641,6.38,9.960281397564492
2247,7.75,9.960281397564492
1804,10.68,9.960281397564492
3247,7.39,9.960281397564492
18344,5.4,9.960281397564492
19591,5.41,9.960281397564492
14494,0.57,9.960281397564492
21049,2.04,9.960281397564492
22515,6.7,9.960281397564492
14220,26.54,9.960281397564492
20736,4.94,9.960281397564492
23487,7.66,9.960281397564492
10762,7.05,9.960281397564492
15315,6.28,9.960281397564492
15001,8.93,9.960281397564492
15576,4.42,9.960281397564492
14430,9.39,9.960281397564492
23623,6.4,9.960281397564492
9412,5.81,9.960281397564492
3747,12.73,9.960281397564492
18753,8.05,9.960281397564492
20198,6.54,9.960281397564492
23305,5.01,9.960281397564492
15300,5.76,9.960281397564492
10456,5.19,9.960281397564492
9305,10.93,9.960281397564492
21643,4.13,9.960281397564492
19559,8.34,6.296800000000004
5276,5.94,9.960281397564492
23229,4.04,9.960281397564492
17859,7.1,9.960281397564492
22245,5.49,9.960281397564492
3060,4.88,9.960281397564492
13059,2.7,9.960281397564492
17831,6.18,9.960281397564492
10453,4.91,9.960281397564492
7186,8.62,9.960281397564492
13683,7.37,9.960281397564492
1304,9.38,9.960281397564492
23188,7.14,9.960281397564492
10803,0.1,9.960281397564492
1886,7.62,9.960281397564492
23162,4.7,9.960281397564492
23064,5.8,9.960281397564492
9249,5.11,9.960281397564492
22899,3.4,9.960281397564492
17662,6.61,9.960281397564492
23036,15.19,9.960281397564492
8278,13.87,9.960281397564492
20989,5.86,7.9161
4528,5.06,9.960281397564492
8899,5.07,9.960281397564492
21741,8.28,9.960281397564492
13504,7.42,7.4346
9414,9.22,9.960281397564492
20457,4.39,9.960281397564492
20096,13.43,9.960281397564492
12189,3.91,9.960281397564492
23032,6.48,9.960281397564492
15602,4.64,6.356799999999996
544,14.04,9.960281397564492
19627,7.84,9.960281397564492
7802,7.53,9.960281397564492
5365,6.64,9.960281397564492
3833,16.4,9.960281397564492
15449,12.92,9.960281397564492
10234,3.04,9.960281397564492
23094,4.04,9.960281397564492
1071,5.23,9.960281397564492
6193,5.26,9.960281397564492
20523,2.63,9.960281397564492
16457,13.04,9.960281397564492
23882,5.68,9.960281397564492
9430,6.76,9.960281397564492
17982,10.07,9.960281397564492
22650,4.7,9.960281397564492
18947,7.02,9.960281397564492
13479,10.37,6.411500000000001
5201,6.94,9.960281397564492
14358,10.56,9.960281397564492
6962,11.36,9.960281397564492
14072,37.77,9.960281397564492
22618,7.87,9.960281397564492
7844,8.47,9.960281397564492
16382,4.6,9.960281397564492
6617,7.34,9.960281397564492
5588,5.57,9.960281397564492
7522,5.42,9.960281397564492
556,44.13,9.960281397564492
20125,28.72,9.960281397564492
10050,3.13,6.738799999999999
22891,7.47,9.960281397564492
7698,6.26,9.960281397564492
13633,6.17,9.960281397564492
12598,7.23,9.960281397564492
8380,6.43,9.960281397564492
17668,4.15,9.960281397564492
7065,6.94,9.960281397564492
10794,0.08,9.960281397564492
14207,4.93,9.960281397564492
17960,8.47,9.960281397564492
15749,8.88,9.960281397564492
147,7.56,9.960281397564492
21464,5.96,5.397899999999997
4391,6.02,9.960281397564492
20033,6.87,5.782199999999997
6518,7.29,9.960281397564492
683,5.4,9.960281397564492
563,33.7,9.960281397564492
9824,9.22,9.960281397564492
23610,2.98,9.960281397564492
22407,7.38,9.960281397564492
3948,10.93,9.960281397564492
11423,11.22,9.960281397564492
23474,6.44,9.960281397564492
16018,4.53,9.960281397564492
17365,5.81,9.960281397564492
282,13.82,9.960281397564492
5846,6.03,9.960281397564492
11580,7.12,9.960281397564492
4660,6.78,9.960281397564492
22935,5.44,9.960281397564492
3192,14.36,9.960281397564492
11098,3.19,9.960281397564492
10931,10.43,9.960281397564492
815,19.71,9.960281397564492
18733,3.68,9.960281397564492
10841,12.9,9.960281397564492
7550,9.64,9.960281397564492
13872,8.9,9.960281397564492
8747,8.82,8.938773744448248
3255,9.66,6.893000000000001
15013,11.51,9.960281397564492
14756,7.62,9.960281397564492
15245,7.81,9.960281397564492
23799,5.36,9.960281397564492
10875,18.99,9.960281397564492
1773,6.04,9.960281397564492
4957,8.91,9.960281397564492
22567,8.87,9.960281397564492
2933,8.64,9.960281397564492
23884,5.09,9.960281397564492
20313,8.22,9.960281397564492
14438,7.45,9.960281397564492
8091,3.49,9.960281397564492
17456,1.12,9.960281397564492
8713,6.0,9.960281397564492
1227,6.4,9.960281397564492
189,3.42,9.960281397564492
223,5.26,9.960281397564492
9103,3.3,9.960281397564492
3965,15.05,9.960281397564492
11699,8.08,9.960281397564492
10043,6.34,9.960281397564492
21596,7.22,9.960281397564492
10374,15.32,9.960281397564492
2501,11.9,9.960281397564492
23243,4.56,9.960281397564492
7364,5.67,9.960281397564492
23977,4.56,9.960281397564492
1430,10.69,9.960281397564492
7099,5.32,9.960281397564492
4008,7.0,9.960281397564492
12262,5.47,9.960281397564492
5873,5.01,9.960281397564492
14640,4.76,6.904
13497,4.21,9.960281397564492
19976,151.85,9.960281397564492
20608,6.94,9.960281397564492
4502,7.0,7.022900000000004
10441,6.67,9.960281397564492
15098,7.49,7.372100000000002
61,8.25,9.960281397564492
11903,5.51,9.960281397564492
5687,57.05,9.960281397564492
3765,20.29,9.960281397564492
15542,9.02,9.960281397564492
9809,25.57,9.960281397564492
23602,7.4,9.960281397564492
11902,6.3,9.960281397564492
22104,9.44,9.960281397564492
7951,14.27,9.960281397564492
1515,7.51,9.960281397564492
6251,8.23,9.960281397564492
3658,8.3,9.960281397564492
6226,17.76,9.960281397564492
1489,5.65,9.960281397564492
2342,6.95,9.960281397564492
996,6.9,9.960281397564492
22864,14.56,9.960281397564492
9465,10.31,9.960281397564492
6224,20.07,9.960281397564492
10160,36.44,9.960281397564492
2359,13.96,9.960281397564492
19706,6.65,9.960281397564492
15221,15.5,9.960281397564492
12165,14.46,9.960281397564492
17880,6.44,9.960281397564492
23435,2.77,9.960281397564492
11588,5.17,5.7770999999999955
5779,9.61,8.703300000000006
270,7.83,9.960281397564492
15861,4.64,7.416599999999996
2059,4.68,9.960281397564492
6118,7.86,9.960281397564492
20605,8.09,9.960281397564492
13512,8.67,9.960281397564492
9253,7.85,9.960281397564492
13528,8.99,9.960281397564492
19308,11.95,9.960281397564492
15775,0.23,9.960281397564492
13115,0.9,9.960281397564492
4426,3.89,9.960281397564492
9168,4.81,9.542200000000001
17739,4.14,9.960281397564492
20661,23.14,9.960281397564492
13034,10.53,9.960281397564492
17932,11.06,9.960281397564492
5039,4.86,9.960281397564492
14521,13.21,9.960281397564492
382,1.92,9.960281397564492
9588,8.28,9.960281397564492
21074,3.76,5.5455999999999985
13154,9.97,9.960281397564492
23247,9.33,9.960281397564492
21021,1.46,9.960281397564492
12835,6.15,9.960281397564492
15252,7.9,9.960281397564492
19771,12.22,9.960281397564492
5837,28.28,9.960281397564492
23098,4.59,9.960281397564492
5969,7.17,9.960281397564492
12204,5.2,9.960281397564492
22980,3.58,9.960281397564492
8764,10.35,9.960281397564492
15030,6.94,9.960281397564492
9384,8.1,9.960281397564492
23418,0.82,9.960281397564492
19647,6.22,7.47370953374072
5136,10.27,6.437399999999999
15458,13.39,9.960281397564492
23708,6.91,9.960281397564492
3276,6.17,9.960281397564492
23202,5.58,9.960281397564492
5379,3.28,9.960281397564492
8563,2.52,9.960281397564492
14834,15.02,9.960281397564492
5094,6.89,7.296000000000005
5974,4.71,9.960281397564492
22434,7.3,9.960281397564492
7743,8.02,9.960281397564492
22559,5.97,9.960281397564492
12435,7.42,9.960281397564492
14898,27.29,9.960281397564492
8244,4.74,9.960281397564492
22333,10.68,9.960281397564492
11920,6.74,9.960281397564492
2446,9.26,9.960281397564492
5500,12.22,9.960281397564492
19698,11.89,9.960281397564492
18514,7.19,9.960281397564492
2650,7.64,9.960281397564492
176,6.14,9.960281397564492
16951,6.29,9.960281397564492
2324,6.82,6.822499999999999
769,5.85,9.960281397564492
20677,3.47,9.960281397564492
553,19.01,9.960281397564492
21467,7.61,6.484199999999998
51,6.21,9.960281397564492
12143,11.99,9.960281397564492
13052,1.33,9.960281397564492
17646,7.57,9.960281397564492
12060,7.19,9.960281397564492
16333,40.09,9.960281397564492
11550,9.16,9.960281397564492
3106,7.73,9.960281397564492
11096,4.2,9.960281397564492
9204,9.38,9.960281397564492
19962,9.8,9.960281397564492
19022,1.5,9.960281397564492
3704,8.3,6.375
18053,4.46,9.960281397564492
1041,4.56,9.960281397564492
15532,18.96,9.960281397564492
22848,8.44,9.960281397564492
19257,6.89,9.960281397564492
9735,5.05,6.226699999999999
9528,5.45,9.960281397564492
16755,6.74,9.960281397564492
23789,7.78,9.960281397564492
23733,4.93,9.960281397564492
13403,2.87,9.960281397564492
16304,8.07,9.960281397564492
19762,5.78,9.960281397564492
7091,4.98,9.960281397564492
6830,6.65,9.960281397564492
23880,7.2,9.960281397564492
7909,0.03,9.960281397564492
9875,10.82,9.960281397564492
10327,5.72,9.960281397564492
22737,9.1,9.960281397564492
23114,5.38,9.960281397564492
9925,4.25,9.960281397564492
17462,12.18,9.960281397564492
9950,11.92,9.960281397564492
17427,4.48,9.960281397564492
16151,5.9,9.960281397564492
3888,3.9,9.960281397564492
14483,4.12,9.960281397564492
17601,10.25,9.960281397564492
23314,7.51,9.960281397564492
7900,0.19,9.960281397564492
11106,18.86,9.960281397564492
22177,6.18,6.275200000000002
9033,7.37,5.599999999999998
6584,25.22,9.960281397564492
19929,8.22,9.960281397564492
3955,7.88,9.960281397564492
5141,6.99,9.960281397564492
9198,7.37,9.960281397564492
1401,4.16,7.4532000000000025
8852,11.32,9.960281397564492
19300,12.29,9.960281397564492
10860,6.21,9.960281397564492
10398,4.02,6.167599999999998
2810,81.94,9.960281397564492
22947,4.44,9.960281397564492
7080,10.39,9.960281397564492
23904,5.73,9.960281397564492
10718,9.81,9.960281397564492
4196,9.29,9.960281397564492
7217,5.79,9.960281397564492
22831,6.43,9.960281397564492
6844,5.59,9.960281397564492
4929,8.83,9.960281397564492
6637,18.56,9.960281397564492
4974,6.34,9.960281397564492
16848,3.57,9.960281397564492
15841,4.68,9.960281397564492
1546,3.64,9.960281397564492
23579,4.9,9.960281397564492
613,6.57,9.960281397564492
5271,6.29,9.960281397564492
4174,4.43,9.960281397564492
18552,7.52,9.960281397564492
6004,10.16,9.960281397564492
6690,5.39,9.960281397564492
7046,6.09,9.960281397564492
15060,9.78,9.960281397564492
20730,3.87,9.960281397564492
20702,3.3,9.960281397564492
11840,7.29,9.960281397564492
23391,3.96,9.960281397564492
15978,10.01,9.960281397564492
3640,5.64,9.960281397564492
15724,29.1,9.960281397564492
16217,5.5,9.960281397564492
19964,8.46,9.960281397564492
11945,9.13,9.960281397564492
15378,5.45,9.960281397564492
23422,1.01,9.960281397564492
2248,6.76,9.960281397564492
1146,8.89,9.960281397564492
6109,3.99,9.960281397564492
4515,12.42,9.960281397564492
168,6.27,9.960281397564492
23147,7.28,9.960281397564492
2061,3.87,9.960281397564492
13020,15.2,9.960281397564492
13459,5.41,9.960281397564492
542,7.2,9.960281397564492
4940,11.2,9.960281397564492
22572,3.83,9.960281397564492
2481,4.12,9.960281397564492
14211,14.72,9.960281397564492
13900,0.11,9.960281397564492
20229,9.55,9.960281397564492
3361,13.55,9.960281397564492
18261,10.97,9.960281397564492
6137,0.77,9.960281397564492
2886,5.21,9.960281397564492
293,5.39,9.960281397564492
4094,6.29,7.592000000000001
17714,8.33,9.960281397564492
14708,4.69,9.960281397564492
23041,10.42,9.960281397564492
17607,6.0,9.960281397564492
6159,3.72,9.960281397564492
1715,4.56,9.960281397564492
7229,12.89,9.960281397564492
21297,7.0,9.960281397564492
14938,8.2,9.960281397564492
22799,9.09,9.960281397564492
23542,3.47,9.960281397564492
5446,3.01,9.960281397564492
12388,5.21,9.960281397564492
332,14.18,9.960281397564492
8103,5.24,9.960281397564492
11792,5.32,9.960281397564492
18985,3.46,9.960281397564492
22592,5.85,9.960281397564492
10667,12.05,9.960281397564492
407,3.13,9.960281397564492
9913,11.42,9.960281397564492
3691,7.7,9.960281397564492
5301,1.6,9.960281397564492
17939,3.99,9.960281397564492
19200,8.93,9.960281397564492
23926,9.33,9.960281397564492
13498,2.6,9.960281397564492
12341,6.78,9.960281397564492
12617,5.22,9.960281397564492
14628,20.92,9.960281397564492
10060,13.21,9.960281397564492
18191,1.09,9.960281397564492
4455,4.23,9.960281397564492
21384,4.46,6.829099999999995
21035,1.75,9.960281397564492
22318,13.33,9.960281397564492
13207,3.99,9.960281397564492
5249,11.8,9.960281397564492
2195,13.56,9.960281397564492
4109,4.75,9.960281397564492
23111,6.94,9.960281397564492
18591,7.6,9.960281397564492
12114,7.48,9.960281397564492
517,5.3,9.960281397564492
299,2.62,9.960281397564492
1178,9.25,9.960281397564492
6702,12.38,9.960281397564492
23692,7.85,9.960281397564492
3574,5.51,9.960281397564492
13940,11.45,9.960281397564492
2586,7.12,9.960281397564492
22797,1.98,9.960281397564492
18855,5.98,9.960281397564492
20427,7.24,9.960281397564492
23249,5.13,9.960281397564492
16948,7.67,9.960281397564492
18539,9.84,9.960281397564492
8371,5.35,6.4007000000000005
14299,10.95,9.960281397564492
8830,12.28,9.960281397564492
21436,1.34,9.960281397564492
22856,7.35,9.960281397564492
11924,6.03,9.960281397564492
8162,6.39,9.960281397564492
13696,5.14,6.456399999999998
14971,3.25,9.960281397564492
14382,8.69,9.960281397564492
7567,17.76,9.960281397564492
18238,5.09,9.960281397564492
8301,6.06,9.960281397564492
21577,9.23,5.261699999999996
5967,7.06,9.960281397564492
8754,7.35,9.960281397564492
20148,5.91,9.960281397564492
19872,6.99,9.960281397564492
21918,1.47,9.960281397564492
1646,12.21,9.960281397564492
2486,7.35,9.960281397564492
16145,4.62,9.960281397564492
11528,6.38,9.960281397564492
20916,8.99,9.960281397564492
16556,7.03,9.960281397564492
23048,7.22,9.960281397564492
18014,6.47,9.960281397564492
10891,24.28,9.960281397564492
5668,6.26,9.960281397564492
21366,6.46,9.960281397564492
11116,21.35,9.960281397564492
3737,10.56,9.960281397564492
16249,7.45,9.960281397564492
23633,6.07,9.960281397564492
19899,7.86,9.960281397564492
6805,0.08,9.960281397564492
13446,6.81,6.546800000000002
19081,5.55,9.960281397564492
12156,9.32,9.960281397564492
8445,6.93,9.960281397564492
21841,4.26,9.960281397564492
23437,4.35,9.960281397564492
18007,8.15,9.960281397564492
14244,5.89,9.960281397564492
21362,1.9,9.960281397564492
18006,9.78,9.960281397564492
7696,5.63,9.960281397564492
20360,11.91,9.960281397564492
11052,5.49,9.960281397564492
11558,15.61,9.960281397564492
20027,16.94,9.960281397564492
23690,7.37,9.960281397564492
243,9.25,9.960281397564492
23616,7.51,9.960281397564492
20645,7.79,9.960281397564492
4182,5.64,9.960281397564492
15969,15.47,9.960281397564492
11464,3.0,9.960281397564492
19596,7.93,9.960281397564492
10186,7.19,9.960281397564492
20744,6.14,9.960281397564492
16265,11.74,9.960281397564492
5510,13.08,9.960281397564492
13661,4.62,9.960281397564492
4138,11.89,9.960281397564492
15712,3.86,9.960281397564492
16123,11.5,9.960281397564492
14573,8.73,9.960281397564492
4473,4.1,9.960281397564492
115,7.57,9.960281397564492
22213,5.5,9.960281397564492
18272,15.66,9.960281397564492
10506,1.98,9.960281397564492
524,4.53,9.960281397564492
7234,8.42,7.291400000000001
12727,9.05,6.171948740359894
16129,0.79,9.960281397564492
6389,8.86,9.960281397564492
15705,3.75,9.960281397564492
16283,7.9,9.960281397564492
3384,9.09,9.960281397564492
6642,19.43,9.960281397564492
19149,6.92,9.960281397564492
22212,5.7,9.960281397564492
20557,4.82,6.182899999999998
13275,7.21,9.960281397564492
19374,12.59,9.960281397564492
4741,8.85,9.960281397564492
96,8.34,9.960281397564492
7145,4.48,9.960281397564492
6903,8.22,9.960281397564492
10977,34.47,9.960281397564492
18843,9.79,9.960281397564492
12042,8.59,9.960281397564492
12168,18.64,9.960281397564492
1603,8.06,9.960281397564492
19576,5.98,9.960281397564492
1408,7.83,9.960281397564492
21796,5.01,6.4380999999999995
11151,4.87,9.960281397564492
6405,1.42,9.960281397564492
6036,11.59,9.960281397564492
16427,0.14,9.960281397564492
15361,7.85,9.960281397564492
18593,5.88,9.960281397564492
16827,5.77,9.960281397564492
17698,6.43,9.960281397564492
15105,7.6,9.960281397564492
12054,7.15,9.960281397564492
3681,14.1,9.960281397564492
14141,0.28,9.960281397564492
12321,4.46,9.960281397564492
19501,10.98,9.960281397564492
17012,4.24,9.960281397564492
19155,10.18,9.960281397564492
23576,3.04,9.960281397564492
19095,9.8,9.960281397564492
1730,5.25,6.0558
4872,24.14,9.960281397564492
1907,11.08,9.960281397564492
18068,6.6,9.960281397564492
14087,11.11,9.960281397564492
23122,5.96,9.960281397564492
5479,11.61,6.926199999999997
5892,8.14,9.960281397564492
15454,14.38,9.960281397564492
1558,6.31,9.960281397564492
22911,4.23,9.960281397564492
11025,10.14,7.834699999999998
9441,7.09,9.960281397564492
19942,8.72,7.377000000000005
6609,6.82,9.960281397564492
19617,15.43,9.960281397564492
2638,3.16,9.960281397564492
13236,5.3,9.960281397564492
18045,39.32,9.960281397564492
6591,10.6,9.960281397564492
11675,7.23,9.960281397564492
13559,15.83,6.3351999999999995
1273,14.81,9.960281397564492
20631,6.3,9.960281397564492
5176,9.59,9.960281397564492
1290,9.81,9.960281397564492
16663,6.12,9.960281397564492
20952,0.75,9.960281397564492
6652,12.67,9.960281397564492
20434,4.62,9.960281397564492
22973,3.6,9.960281397564492
19790,10.06,9.960281397564492
18409,6.77,9.960281397564492
14417,8.74,9.960281397564492
1878,7.37,8.018200000000004
19608,6.41,9.960281397564492
4144,4.48,9.960281397564492
21099,3.78,9.960281397564492
6416,4.36,5.755799999999998
1737,7.5,9.960281397564492
15538,8.7,9.960281397564492
10637,5.32,6.53
19169,10.35,34.59769999999999
8971,133.3,9.960281397564492
12763,2.58,9.960281397564492
4352,3.29,9.960281397564492
1505,4.68,7.033099999999996
17143,13.25,9.960281397564492
10528,18.64,9.960281397564492
2717,6.48,6.738299999999998
23546,9.75,9.960281397564492
14952,8.57,9.960281397564492
17695,7.02,9.960281397564492
20996,8.9,9.960281397564492
1492,6.11,9.960281397564492
21054,3.5,9.960281397564492
14183,5.87,9.960281397564492
778,3.75,9.960281397564492
23382,9.17,9.960281397564492
18718,7.44,9.960281397564492
2680,4.04,9.960281397564492
2401,3.65,9.960281397564492
16904,6.87,9.960281397564492
20415,20.41,9.960281397564492
9196,7.3,9.960281397564492
11731,5.05,9.960281397564492
23002,4.26,9.960281397564492
1367,11.62,9.960281397564492
5683,207.3,9.960281397564492
9975,7.57,9.960281397564492
12490,10.64,9.960281397564492
722,16.21,9.960281397564492
23816,7.46,9.960281397564492
5102,7.21,9.960281397564492
2194,11.71,9.960281397564492
3244,6.04,9.960281397564492
10630,6.72,6.7174000000000005
4878,17.21,9.960281397564492
16523,6.32,9.960281397564492
7971,9.13,9.960281397564492
11921,6.33,9.960281397564492
14109,6.29,7.278711459589869
18778,8.73,9.960281397564492
6910,5.51,9.960281397564492
3537,5.05,9.960281397564492
22494,6.11,9.960281397564492
22548,7.75,9.960281397564492
23468,2.61,9.960281397564492
192,14.58,9.960281397564492
20149,4.6,9.960281397564492
7133,7.2,9.960281397564492
6700,15.74,9.960281397564492
11712,6.47,9.960281397564492
5739,7.86,9.960281397564492
305,2.69,9.960281397564492
19717,15.27,9.960281397564492
2986,12.23,9.960281397564492
13995,12.21,9.960281397564492
19768,10.71,9.960281397564492
2708,4.96,9.960281397564492
23727,4.77,9.960281397564492
495,45.5,9.960281397564492
7480,12.07,9.960281397564492
9980,5.32,9.960281397564492
1986,6.87,9.960281397564492
20350,5.56,9.960281397564492
13537,57.02,9.960281397564492
14246,9.69,9.960281397564492
1434,10.45,9.960281397564492
15552,4.17,9.960281397564492
13044,10.6,9.960281397564492
14518,15.38,9.960281397564492
1924,8.97,5.7719999999999985
5471,7.3,9.960281397564492
18959,2.22,9.960281397564492
22371,8.33,9.960281397564492
21157,7.37,9.960281397564492
5507,17.17,9.960281397564492
5523,4.64,9.960281397564492
2625,5.09,9.960281397564492
22927,10.15,9.960281397564492
2022,8.6,9.960281397564492
6558,10.21,9.960281397564492
12229,5.08,9.960281397564492
14441,11.21,9.960281397564492
15484,3.68,9.960281397564492
11656,5.35,9.960281397564492
2390,8.45,9.960281397564492
15858,6.47,9.960281397564492
8448,7.69,9.960281397564492
14022,6.13,6.6362
17233,5.05,9.960281397564492
21286,6.96,9.960281397564492
20308,10.44,9.960281397564492
17974,13.44,9.960281397564492
9746,8.29,9.960281397564492
23195,6.56,9.960281397564492
7936,7.8,9.960281397564492
14128,0.02,9.960281397564492
2414,6.48,9.960281397564492
16863,7.25,9.960281397564492
23666,3.76,9.960281397564492
15171,3.82,9.960281397564492
5074,7.88,9.960281397564492
22697,5.39,9.960281397564492
8114,6.5,7.809800000000001
18406,7.32,9.960281397564492
3197,14.02,9.960281397564492
9639,9.57,9.960281397564492
2382,7.23,9.960281397564492
1130,5.39,9.960281397564492
7834,15.22,9.960281397564492
12997,10.04,9.960281397564492
9676,8.03,9.960281397564492
6021,10.11,9.960281397564492
10928,7.39,6.801199999999998
19505,10.94,9.960281397564492
9601,9.59,9.960281397564492
1826,12.25,9.960281397564492
13996,9.67,9.960281397564492
13286,8.3,9.960281397564492
12856,5.84,9.960281397564492
7115,8.44,9.960281397564492
5283,5.5,9.960281397564492
13548,76.06,9.960281397564492
3265,7.89,9.960281397564492
19039,14.58,9.960281397564492
7584,5.55,9.960281397564492
1320,4.99,9.960281397564492
14389,4.62,9.960281397564492
5998,7.42,9.960281397564492
10619,6.2,9.960281397564492
20965,22.77,9.960281397564492
11217,9.72,9.960281397564492
9595,3.52,9.960281397564492
4248,6.17,9.960281397564492
20146,6.57,9.960281397564492
23127,5.74,9.960281397564492
9487,7.21,9.960281397564492
9380,8.57,9.960281397564492
2603,2.63,9.960281397564492
3582,7.2,9.960281397564492
6816,0.04,9.960281397564492
19429,6.76,9.960281397564492
21295,13.6,9.960281397564492
3926,5.08,5.6003
23589,6.21,9.960281397564492
21851,5.74,9.960281397564492
17883,4.51,9.960281397564492
18151,9.87,9.960281397564492
22208,7.7,9.960281397564492
14851,6.7,9.960281397564492
1215,7.98,6.751799999999999
4545,16.54,9.960281397564492
16647,71.25,9.960281397564492
8941,5.96,9.960281397564492
15637,6.37,7.0657000000000005
17153,7.39,9.960281397564492
16424,0.07,9.960281397564492
9580,7.17,9.960281397564492
21254,11.61,9.960281397564492
18470,6.34,9.960281397564492
16467,14.8,9.960281397564492
18760,13.82,9.960281397564492
13984,9.37,9.960281397564492
22020,5.79,6.824499999999997
12767,2.2,9.960281397564492
22778,11.08,9.960281397564492
9382,8.88,9.960281397564492
22449,9.61,9.960281397564492
13362,5.78,9.960281397564492
23093,3.3,9.960281397564492
13168,4.03,9.960281397564492
20063,7.86,9.960281397564492
5753,4.88,9.960281397564492
14544,39.41,9.960281397564492
10673,5.61,5.941399999999999
3680,14.53,9.960281397564492
12684,4.99,9.960281397564492
6373,6.03,9.960281397564492
19218,2.23,9.960281397564492
4570,4.31,9.960281397564492
18999,11.72,9.960281397564492
22530,8.07,9.960281397564492
11109,94.75,9.960281397564492
1781,3.2,6.243700000000002
16067,16.9,9.960281397564492
21694,17.37,9.960281397564492
18060,5.02,9.960281397564492
6290,7.93,9.960281397564492
534,3.26,18.544720978507858
12357,9.52,9.960281397564492
22675,4.14,9.960281397564492
22716,4.04,9.960281397564492
15497,6.74,9.960281397564492
8347,6.45,9.960281397564492
13422,13.23,9.960281397564492
14074,41.6,9.960281397564492
23971,8.57,9.960281397564492
21029,0.85,9.960281397564492
15434,10.9,9.960281397564492
9838,81.55,6.0074000000000005
13273,4.53,9.960281397564492
20630,7.19,9.960281397564492
12277,8.22,9.960281397564492
3233,14.39,9.960281397564492
1054,6.46,9.960281397564492
18572,13.36,9.960281397564492
21801,7.74,9.960281397564492
18278,3.54,9.960281397564492
2759,17.15,9.960281397564492
4452,3.45,9.960281397564492
7202,3.43,9.960281397564492
1060,7.76,9.960281397564492
3807,7.66,9.960281397564492
19346,9.27,9.960281397564492
12404,9.77,9.960281397564492
14061,6.56,9.960281397564492
22565,5.55,9.960281397564492
15510,7.55,9.960281397564492
3539,4.98,9.960281397564492
6161,4.92,9.960281397564492
15472,4.14,9.960281397564492
8706,12.1,9.960281397564492
2124,9.26,9.960281397564492
9535,4.36,9.960281397564492
8130,6.31,9.960281397564492
644,5.76,9.960281397564492
15363,6.13,9.960281397564492
2369,18.09,9.960281397564492
17180,6.34,9.960281397564492
2498,12.62,9.960281397564492
283,12.7,9.960281397564492
2326,6.4,9.960281397564492
5275,6.36,9.960281397564492
9122,8.61,9.960281397564492
8404,8.67,9.960281397564492
3679,10.9,9.960281397564492
11785,7.27,9.960281397564492
16030,6.86,9.960281397564492
3607,6.23,9.960281397564492
612,4.46,9.960281397564492
22753,4.55,9.960281397564492
10777,14.14,9.960281397564492
3436,2.45,9.960281397564492
1783,8.19,7.0849
8183,17.02,9.960281397564492
6197,7.36,9.960281397564492
20088,34.04,9.960281397564492
14931,2.87,5.872299999999999
4141,4.48,5.613099999999998
23605,4.33,9.960281397564492
20961,0.94,9.960281397564492
5438,11.1,9.960281397564492
12555,5.64,6.453099999999998
23757,5.9,9.960281397564492
11541,9.12,9.960281397564492
13805,13.65,9.960281397564492
18002,10.35,9.960281397564492
15990,11.65,9.960281397564492
22598,7.87,9.960281397564492
21024,1.81,9.960281397564492
23374,2.6,9.960281397564492
5255,7.23,9.960281397564492
2926,7.87,9.960281397564492
14233,4.9,6.010800000000001
20177,8.28,9.960281397564492
15352,6.29,9.960281397564492
5850,17.5,9.960281397564492
15445,6.66,6.512399999999998
15595,3.06,9.960281397564492
14748,2.1,9.960281397564492
7128,10.91,9.960281397564492
20664,11.98,9.960281397564492
11638,14.51,9.960281397564492
7602,9.47,9.960281397564492
21102,4.34,9.960281397564492
21088,10.93,9.960281397564492
2014,28.35,9.960281397564492
5464,6.56,9.960281397564492
23061,7.06,9.960281397564492
20552,5.68,6.927599999999997
17596,7.36,6.3007000000000035
1520,8.44,7.506400000000002
4268,6.57,9.960281397564492
20127,10.16,9.960281397564492
10307,14.86,9.960281397564492
17797,9.69,9.960281397564492
20478,11.93,9.960281397564492
19579,6.13,9.960281397564492
14394,9.96,9.960281397564492
3219,19.06,9.960281397564492
17118,13.77,9.960281397564492
910,9.11,9.960281397564492
1791,11.83,9.960281397564492
8557,4.1,9.960281397564492
20794,7.64,9.960281397564492
22590,2.1,9.960281397564492
17007,10.93,9.960281397564492
15730,3.04,9.960281397564492
4531,12.0,9.960281397564492
8990,55.04,9.960281397564492
5727,4.0,9.960281397564492
7704,5.23,9.960281397564492
21679,4.44,9.960281397564492
8093,3.36,9.960281397564492
9039,7.85,9.960281397564492
4783,5.87,6.262799999999999
9038,4.13,6.350899999999998
20157,5.13,9.960281397564492
18434,7.5,9.960281397564492
9884,8.2,9.960281397564492
11589,14.43,9.960281397564492
17838,5.53,9.960281397564492
23856,7.74,9.960281397564492
4986,5.13,6.854099999999999
19275,4.52,7.468000000000003
7073,6.2,9.960281397564492
2213,12.4,9.960281397564492
14574,8.53,9.960281397564492
15371,10.22,9.960281397564492
9341,2.49,9.960281397564492
13241,5.65,9.960281397564492
18767,2.64,9.960281397564492
13936,10.03,9.960281397564492
10036,4.31,9.960281397564492
16290,5.47,9.960281397564492
18410,7.3,9.960281397564492
2574,7.79,9.960281397564492
6172,10.39,9.960281397564492
23187,6.77,9.960281397564492
1789,8.61,9.960281397564492
3187,6.17,9.960281397564492
782,4.49,9.960281397564492
9170,5.48,9.960281397564492
20866,7.27,6.988600000000003
944,89.75,9.960281397564492
9832,5.84,9.960281397564492
5080,8.91,9.960281397564492
17626,6.38,9.960281397564492
15852,5.99,9.960281397564492
13172,8.85,9.960281397564492
312,4.73,9.960281397564492
14290,7.18,9.960281397564492
16436,0.15,9.960281397564492
21905,8.11,9.960281397564492
20675,1.73,9.960281397564492
5518,6.92,9.960281397564492
1720,6.03,9.960281397564492
8309,7.29,9.960281397564492
6754,11.25,9.960281397564492
23065,5.66,9.960281397564492
4336,5.28,6.310600000000001
19193,5.52,9.960281397564492
1118,14.42,9.960281397564492
23309,8.39,9.960281397564492
22802,5.34,9.960281397564492
21472,6.05,9.960281397564492
7904,0.03,9.960281397564492
2149,10.74,9.960281397564492
22430,9.22,9.960281397564492
10509,2.18,9.960281397564492
7820,1.26,9.960281397564492
17788,6.86,9.960281397564492
20234,8.18,9.960281397564492
5638,8.87,9.960281397564492
14080,76.93,9.960281397564492
17539,6.56,9.960281397564492
15200,10.61,9.960281397564492
20700,5.32,9.960281397564492
15659,4.33,9.960281397564492
16004,4.41,9.960281397564492
3693,6.47,9.960281397564492
4356,3.18,9.960281397564492
23712,5.35,9.960281397564492
17053,6.97,9.960281397564492
4795,9.79,9.960281397564492
13301,6.36,9.960281397564492
7780,9.94,9.960281397564492
15585,2.37,9.960281397564492
19443,6.17,9.960281397564492
4754,6.24,9.960281397564492
20560,11.4,9.960281397564492
277,13.4,9.960281397564492
18147,17.28,9.960281397564492
9782,12.44,9.960281397564492
14911,8.67,9.960281397564492
11316,9.28,9.960281397564492
19105,3.88,9.960281397564492
23740,7.94,9.960281397564492
1339,6.8,9.960281397564492
22214,4.76,9.960281397564492
7537,6.73,6.742699999999997
13112,0.91,9.960281397564492
23893,7.57,9.960281397564492
15338,9.47,9.960281397564492
21129,19.36,9.960281397564492
935,4.69,6.084399999999999
18124,6.51,6.485399999999998
13783,6.98,6.121
17727,4.66,5.955199999999999
20468,22.61,9.960281397564492
17956,8.72,9.960281397564492
23084,9.26,9.960281397564492
11814,4.56,9.960281397564492
3598,5.91,6.885800000000001
9000,5.75,9.960281397564492
6864,10.86,9.960281397564492
13160,4.76,9.960281397564492
23347,6.74,9.960281397564492
22067,6.35,9.960281397564492
8393,4.57,9.960281397564492
11260,4.83,9.960281397564492
11331,16.24,29.285599999999985
6097,7.37,9.960281397564492
17670,7.06,9.960281397564492
13818,10.94,9.960281397564492
10940,9.44,9.960281397564492
14387,6.97,9.960281397564492
19020,1.16,9.960281397564492
20720,3.57,8.2225
19968,176.6,9.960281397564492
14121,7.52,6.2935000000000025
9887,9.05,9.960281397564492
23206,5.92,9.960281397564492
1198,8.04,7.246500000000002
10533,11.13,9.960281397564492
17913,14.96,9.960281397564492
6945,11.23,9.960281397564492
8816,8.68,9.960281397564492
13624,5.69,9.960281397564492
10614,5.88,6.4407000000000005
8254,20.18,9.960281397564492
7645,8.2,9.960281397564492
22642,6.65,9.960281397564492
13501,3.84,9.960281397564492
17927,10.42,9.960281397564492
23024,4.08,9.960281397564492
10553,5.5,6.065
21415,7.3,9.960281397564492
4412,5.36,9.960281397564492
2532,6.96,9.960281397564492
5564,5.0,9.960281397564492
5451,5.54,9.960281397564492
5915,6.6,9.960281397564492
20022,15.1,9.960281397564492
8973,121.5,9.960281397564492
20013,10.41,9.960281397564492
14738,2.03,9.960281397564492
15277,7.57,6.257195921864291
14638,2.79,9.960281397564492
11031,4.94,9.960281397564492
12461,8.34,9.960281397564492
14164,7.41,9.960281397564492
5473,4.83,9.960281397564492
17720,24.01,9.960281397564492
2855,8.06,9.960281397564492
1051,5.94,9.960281397564492
9145,10.35,9.960281397564492
18306,2.29,9.960281397564492
19159,6.21,9.960281397564492
10857,9.22,9.960281397564492
8331,6.19,9.960281397564492
17886,4.94,9.960281397564492
6641,14.99,9.960281397564492
9232,15.16,9.960281397564492
728,13.57,9.960281397564492
18894,2.56,9.960281397564492
22164,4.95,5.970400000000001
13794,3.85,9.960281397564492
3365,12.71,9.960281397564492
16492,4.61,6.512199999999999
3503,10.69,9.960281397564492
11138,6.25,9.960281397564492
20897,22.14,9.960281397564492
4618,7.04,6.184000000000001
12729,6.41,5.9727
7297,7.07,6.2753000000000005
5006,8.96,9.960281397564492
