,y_test,prediction
15331,14.26,7.625745777675973
16860,12.87,9.920219231090467
23000,6.14,9.920219231090467
23245,4.75,9.920219231090467
8315,10.05,9.920219231090467
14293,10.8,9.920219231090467
3391,19.82,9.920219231090467
11925,4.57,9.920219231090467
12871,7.49,9.920219231090467
5643,4.87,9.920219231090467
10079,6.08,9.920219231090467
16408,1.15,9.920219231090467
2251,7.3,9.920219231090467
22655,8.98,9.920219231090467
16210,6.13,9.920219231090467
6409,9.94,9.920219231090467
3132,3.97,6.176113658303471
14471,112.5,9.920219231090467
6239,9.48,9.920219231090467
2527,6.51,9.920219231090467
6421,7.0,9.920219231090467
11460,7.54,9.920219231090467
742,4.12,9.920219231090467
22573,5.99,9.920219231090467
5219,4.58,9.920219231090467
11445,7.34,8.803720294253983
4504,8.54,7.849296044724392
23101,4.17,9.920219231090467
16191,5.15,9.920219231090467
7331,10.78,9.920219231090467
12375,2.56,9.920219231090467
4435,6.72,7.095309351692123
2338,7.79,9.920219231090467
4087,10.42,9.920219231090467
13194,4.32,9.920219231090467
6377,5.35,9.920219231090467
4941,10.37,9.920219231090467
1029,2.29,9.920219231090467
3297,9.61,9.920219231090467
7212,4.11,9.920219231090467
3202,12.55,9.920219231090467
1456,5.99,9.920219231090467
836,91.67,9.920219231090467
23593,5.93,9.920219231090467
7193,7.33,9.920219231090467
21676,4.65,9.920219231090467
8435,6.03,9.920219231090467
705,4.36,9.920219231090467
21932,7.59,9.920219231090467
13040,6.19,9.920219231090467
1032,5.41,8.012786918587727
22764,5.4,9.920219231090467
13581,5.64,9.920219231090467
3152,10.76,9.920219231090467
3677,4.38,9.920219231090467
1681,5.94,9.920219231090467
12034,7.15,9.920219231090467
13454,7.64,9.920219231090467
21052,2.03,9.920219231090467
23967,11.86,9.920219231090467
23831,6.28,9.920219231090467
22722,8.26,9.920219231090467
20417,21.37,9.920219231090467
11974,7.65,9.920219231090467
22264,7.5,6.205369277687331
3724,9.58,9.920219231090467
4950,8.39,9.920219231090467
10936,10.09,9.920219231090467
15165,6.64,9.920219231090467
7815,1.81,9.920219231090467
11128,7.25,9.178646639251197
6802,0.04,9.920219231090467
11935,10.72,9.920219231090467
5482,6.87,9.920219231090467
12894,5.57,9.920219231090467
21928,1.43,9.920219231090467
3199,12.49,9.920219231090467
17086,9.1,9.920219231090467
4666,4.62,7.2390040781449585
22290,7.58,6.859225535834016
13434,1.62,9.920219231090467
17115,9.59,9.920219231090467
6958,11.17,9.920219231090467
6253,10.96,9.920219231090467
22876,5.52,9.920219231090467
22115,6.08,9.920219231090467
6691,5.08,9.920219231090467
7758,10.97,9.920219231090467
21743,6.51,9.920219231090467
1123,14.77,9.920219231090467
19585,7.68,9.920219231090467
12158,8.2,9.920219231090467
10353,5.47,9.920219231090467
8182,20.52,9.920219231090467
14280,7.57,9.920219231090467
9770,7.35,6.43220649710638
17272,4.99,9.920219231090467
9694,3.8,9.920219231090467
15100,9.75,9.920219231090467
22761,5.82,9.920219231090467
1775,8.66,9.920219231090467
16712,9.29,9.920219231090467
5509,15.94,9.920219231090467
14691,6.14,9.920219231090467
7311,10.3,9.920219231090467
15228,12.19,9.920219231090467
18961,2.19,9.920219231090467
16300,6.35,9.920219231090467
10403,9.99,9.920219231090467
5119,6.6,9.920219231090467
14692,7.58,9.920219231090467
8853,10.53,9.920219231090467
11802,4.92,9.920219231090467
5043,9.53,8.531783662189774
22625,4.45,9.920219231090467
7483,7.07,9.920219231090467
17308,0.31,9.920219231090467
19726,6.62,9.920219231090467
19017,1.14,9.920219231090467
3102,8.61,9.920219231090467
11627,9.38,9.920219231090467
14580,6.97,9.920219231090467
7328,9.61,9.920219231090467
13428,1.36,9.920219231090467
5827,7.94,9.920219231090467
19519,6.9,9.920219231090467
2152,7.08,9.72762446583631
17304,0.64,9.920219231090467
5096,6.36,9.920219231090467
1541,2.53,9.920219231090467
3283,10.91,9.920219231090467
13649,5.31,8.173387137037217
3570,6.44,9.920219231090467
20780,10.62,9.920219231090467
19752,3.99,9.920219231090467
8229,7.85,9.920219231090467
1911,5.21,9.920219231090467
18372,8.06,9.920219231090467
15222,15.33,9.920219231090467
19830,9.65,7.3883293698641825
19878,7.59,9.920219231090467
3347,7.47,9.920219231090467
18039,41.38,9.920219231090467
7902,0.02,9.920219231090467
10802,0.09,9.920219231090467
7856,7.68,9.920219231090467
23744,2.77,9.920219231090467
8616,20.61,9.920219231090467
1091,3.17,9.920219231090467
17547,5.02,9.920219231090467
21279,5.4,9.920219231090467
8632,7.21,9.920219231090467
8839,7.58,9.920219231090467
2683,8.11,9.920219231090467
5552,8.1,9.920219231090467
20097,18.45,9.920219231090467
1547,4.78,9.920219231090467
16329,32.91,9.920219231090467
74,4.02,9.920219231090467
9187,16.32,9.920219231090467
8478,6.87,9.920219231090467
1502,4.13,7.388290024304162
2491,8.34,9.920219231090467
4214,8.5,9.920219231090467
8419,10.59,7.871451101450395
13896,0.19,9.920219231090467
15289,5.93,8.372393183118827
20648,6.33,9.920219231090467
212,7.34,9.920219231090467
3098,10.02,9.920219231090467
2999,10.25,9.920219231090467
13591,5.06,9.920219231090467
6074,12.04,9.920219231090467
1448,21.86,9.920219231090467
4385,6.75,9.024207003194123
10019,3.47,9.920219231090467
5204,5.94,9.920219231090467
11114,35.09,9.920219231090467
4768,16.79,9.920219231090467
5480,6.8,9.920219231090467
13269,3.94,10.516124743063827
2027,8.77,8.870648456029507
16604,11.35,9.920219231090467
16116,15.68,9.920219231090467
21785,3.73,9.127927604107832
14822,5.16,9.920219231090467
11789,6.7,9.920219231090467
7791,5.95,9.920219231090467
3183,9.07,9.920219231090467
21449,5.47,9.920219231090467
17533,8.72,9.920219231090467
10914,8.08,9.920219231090467
12155,9.39,9.920219231090467
18120,5.72,9.920219231090467
10560,6.05,9.920219231090467
2714,3.64,7.7165733013912625
2908,5.19,9.920219231090467
17881,6.32,9.920219231090467
7343,10.4,9.920219231090467
3449,9.18,9.920219231090467
9821,8.0,9.920219231090467
12958,61.85,9.920219231090467
21614,2.93,9.920219231090467
2159,5.27,6.650638022078042
3536,9.35,9.920219231090467
1016,7.5,9.920219231090467
10531,10.98,9.920219231090467
316,8.19,9.920219231090467
18028,7.95,9.920219231090467
10609,3.21,9.920219231090467
2356,10.01,9.920219231090467
7096,6.91,9.920219231090467
6051,7.25,9.920219231090467
18609,8.8,9.920219231090467
7903,0.03,9.920219231090467
15668,7.36,7.1989258191432235
18950,5.53,9.920219231090467
19416,4.37,6.899374028618033
4145,4.64,9.920219231090467
23560,4.66,9.920219231090467
7436,13.24,9.920219231090467
23186,9.23,9.920219231090467
14980,8.34,9.920219231090467
5001,8.39,9.398023287761255
6495,10.39,9.920219231090467
3285,8.78,9.920219231090467
15890,7.44,9.920219231090467
18818,11.65,9.920219231090467
23319,7.38,9.920219231090467
22999,5.55,9.920219231090467
23869,6.53,9.920219231090467
7730,5.99,9.920219231090467
1484,5.72,9.920219231090467
16043,7.87,9.920219231090467
18032,5.66,9.920219231090467
7871,4.1,9.920219231090467
2234,10.21,9.920219231090467
20925,9.27,9.920219231090467
14267,4.19,9.920219231090467
4900,13.05,9.920219231090467
20471,17.11,9.920219231090467
14166,5.19,9.920219231090467
410,3.96,9.920219231090467
11583,8.67,9.920219231090467
4916,7.11,9.920219231090467
10425,11.31,9.920219231090467
1757,8.6,9.920219231090467
11815,5.5,9.920219231090467
17431,7.45,7.331268288005099
6572,9.73,9.920219231090467
23768,6.91,9.920219231090467
137,7.41,9.920219231090467
20721,10.86,9.920219231090467
7729,4.64,6.8457817066150985
7875,4.23,9.920219231090467
14838,10.57,9.920219231090467
17317,0.44,9.920219231090467
6325,6.9,9.920219231090467
16113,4.79,9.44460626388573
8196,8.65,9.920219231090467
1618,11.68,9.920219231090467
21275,9.46,9.920219231090467
22443,3.9,9.920219231090467
22310,7.85,9.920219231090467
16302,9.3,9.920219231090467
7309,12.5,9.920219231090467
302,2.81,9.920219231090467
19373,11.13,9.920219231090467
8880,4.08,9.920219231090467
4517,14.77,9.920219231090467
9283,6.07,9.920219231090467
23526,7.05,9.920219231090467
2654,8.05,9.920219231090467
9043,8.9,9.920219231090467
11833,11.34,9.920219231090467
22057,5.08,9.920219231090467
9569,5.86,6.587563626960024
23509,7.25,9.920219231090467
9258,8.68,7.354830944064034
801,9.2,9.21937922549262
3529,22.32,9.920219231090467
16783,7.3,9.920219231090467
3262,8.35,9.920219231090467
15977,11.48,9.920219231090467
7771,6.85,9.920219231090467
3180,6.58,9.920219231090467
17653,9.03,9.920219231090467
19652,5.53,9.920219231090467
18544,9.71,9.920219231090467
7173,6.22,9.920219231090467
16532,6.38,9.920219231090467
23608,4.23,9.920219231090467
11539,8.93,9.920219231090467
23845,7.69,9.920219231090467
15387,11.17,9.920219231090467
20538,5.09,7.825590699987654
21141,7.34,9.920219231090467
15035,5.39,9.920219231090467
6833,4.78,9.920219231090467
496,53.5,9.920219231090467
7194,6.71,9.920219231090467
21266,6.25,9.920219231090467
8074,16.13,9.920219231090467
23292,7.81,9.920219231090467
22498,6.96,9.920219231090467
6835,5.08,9.920219231090467
10266,6.17,10.281547185800328
4058,5.78,9.920219231090467
10947,5.24,9.920219231090467
17911,6.33,9.920219231090467
4898,9.98,9.920219231090467
9087,4.57,9.920219231090467
20842,10.52,9.920219231090467
12635,19.17,9.920219231090467
17934,9.92,9.920219231090467
8300,6.33,9.920219231090467
2979,4.44,9.920219231090467
17451,3.35,9.920219231090467
7025,38.67,9.920219231090467
4677,4.96,9.920219231090467
3284,9.74,9.920219231090467
8922,3.91,9.920219231090467
13134,8.53,9.920219231090467
11354,3.76,9.920219231090467
15276,6.33,9.920219231090467
1586,7.44,9.920219231090467
8531,8.44,9.920219231090467
16047,5.72,9.920219231090467
7558,183.5,9.920219231090467
12015,5.44,9.920219231090467
10719,10.66,9.920219231090467
20548,5.83,6.023523412733815
18398,19.17,9.920219231090467
9493,6.81,9.920219231090467
5372,2.08,9.920219231090467
13579,6.13,8.011186581218652
8111,6.26,9.920219231090467
20522,3.2,9.920219231090467
17945,7.58,9.920219231090467
12841,7.59,9.920219231090467
13531,13.82,9.920219231090467
10711,9.2,9.920219231090467
4702,5.55,9.920219231090467
16316,18.81,9.920219231090467
22704,4.42,9.920219231090467
20994,4.61,9.920219231090467
15747,5.03,9.920219231090467
14818,4.06,9.920219231090467
1384,3.27,9.920219231090467
20377,7.8,9.920219231090467
7733,12.92,9.920219231090467
22841,7.67,9.920219231090467
10387,33.26,9.920219231090467
15625,9.29,9.920219231090467
8288,9.43,6.664718949826996
10391,10.92,9.920219231090467
18751,10.59,9.920219231090467
10535,12.65,9.920219231090467
1762,3.54,6.818832811069437
4689,4.85,9.920219231090467
20875,8.74,9.920219231090467
16338,26.14,9.920219231090467
7433,7.89,9.920219231090467
1953,8.17,9.920219231090467
8624,21.73,9.920219231090467
14679,15.52,9.920219231090467
1729,6.6,8.001722872580325
6657,6.9,9.920219231090467
11438,11.65,9.920219231090467
21133,11.81,9.920219231090467
4130,0.95,9.920219231090467
2201,15.98,9.920219231090467
10072,4.19,9.920219231090467
16481,6.7,7.679780699761308
15465,8.26,9.920219231090467
9490,5.58,9.920219231090467
4610,9.41,9.920219231090467
18780,8.83,9.920219231090467
20299,6.68,9.920219231090467
7238,4.5,9.920219231090467
8674,6.08,9.920219231090467
12077,7.83,9.920219231090467
6643,17.52,9.920219231090467
5104,3.73,9.920219231090467
23499,8.3,9.920219231090467
2075,5.73,9.920219231090467
10360,3.64,9.920219231090467
15476,3.79,9.920219231090467
22161,6.96,9.920219231090467
21591,8.31,9.920219231090467
10029,6.95,9.920219231090467
5596,17.97,9.920219231090467
22960,9.76,9.920219231090467
16666,3.07,9.920219231090467
3717,2.55,9.920219231090467
21691,17.81,9.920219231090467
16804,6.79,9.920219231090467
11610,10.72,9.920219231090467
1258,5.0,9.920219231090467
3221,17.69,9.920219231090467
726,15.43,9.920219231090467
10213,11.91,9.920219231090467
4450,5.24,9.920219231090467
21894,5.87,8.082645663576297
20070,5.68,8.261894962382907
18882,4.16,9.920219231090467
4026,2.9,9.920219231090467
123,8.85,9.920219231090467
23415,5.06,9.920219231090467
7022,12.02,9.920219231090467
4565,7.13,9.920219231090467
8080,6.46,9.920219231090467
12216,23.34,9.920219231090467
2370,16.62,9.920219231090467
17025,4.12,9.920219231090467
18687,5.8,6.796772451804494
16340,21.76,9.920219231090467
199,7.58,9.920219231090467
14040,29.33,9.920219231090467
9442,4.72,6.467023697888705
10303,37.37,9.920219231090467
7283,7.83,9.920219231090467
10992,8.31,9.920219231090467
1089,3.3,9.920219231090467
18805,5.74,9.920219231090467
20909,6.52,9.920219231090467
23442,9.31,9.920219231090467
9408,7.09,9.920219231090467
22458,8.88,9.920219231090467
15129,5.81,8.019461420018455
8474,19.42,9.920219231090467
23294,5.58,9.920219231090467
5651,6.79,9.920219231090467
4242,6.25,9.920219231090467
23285,7.02,9.920219231090467
18825,10.2,9.920219231090467
10012,3.77,9.920219231090467
20231,8.78,9.920219231090467
9295,7.32,9.920219231090467
10337,6.43,7.702862546788099
8695,9.88,9.920219231090467
7757,8.13,9.920219231090467
9973,5.19,6.0798364029484535
13136,8.09,9.920219231090467
13764,5.54,9.920219231090467
2142,14.17,9.920219231090467
4346,6.46,9.009424254921676
8146,9.12,9.920219231090467
10744,7.16,9.920219231090467
9021,6.01,9.920219231090467
17414,4.36,9.920219231090467
23582,4.16,9.920219231090467
12669,3.45,9.920219231090467
22550,5.42,9.920219231090467
3344,5.03,9.920219231090467
17422,7.42,9.920219231090467
2413,5.12,9.920219231090467
12713,7.39,9.920219231090467
9707,5.3,9.920219231090467
265,13.03,9.920219231090467
23628,8.42,9.920219231090467
16524,8.11,7.325892853807087
12915,54.08,9.920219231090467
18383,5.1,9.920219231090467
14987,3.71,9.920219231090467
13743,5.3,9.920219231090467
15819,6.14,9.920219231090467
4484,10.64,9.920219231090467
15855,5.26,9.920219231090467
5955,10.99,9.920219231090467
23664,9.07,9.920219231090467
7018,11.55,9.920219231090467
21388,5.94,5.916878961623538
6473,9.88,9.920219231090467
23043,11.3,9.920219231090467
14316,6.28,9.920219231090467
14793,5.76,9.920219231090467
10378,10.93,9.920219231090467
3123,10.33,9.920219231090467
4964,9.11,9.920219231090467
15940,5.62,8.020383904046966
13651,5.18,6.88468740264806
4133,2.25,9.920219231090467
19338,7.77,9.920219231090467
2568,10.99,10.492204903415086
459,1.84,9.920219231090467
18776,9.42,9.920219231090467
22580,7.98,9.920219231090467
3154,10.35,9.920219231090467
20860,6.45,8.613037697789707
21912,8.27,9.920219231090467
14462,112.7,9.920219231090467
18527,5.76,9.920219231090467
10254,3.81,9.920219231090467
22527,8.81,9.920219231090467
4776,14.52,9.920219231090467
6930,12.42,10.9112278775502
21150,5.21,9.920219231090467
18199,1.36,9.920219231090467
15071,4.59,9.920219231090467
18746,3.49,9.920219231090467
20257,2.99,9.920219231090467
11066,6.47,9.920219231090467
11551,5.94,9.920219231090467
22201,8.83,9.920219231090467
731,18.81,9.920219231090467
1139,7.92,9.920219231090467
8468,6.49,9.920219231090467
16767,3.05,9.920219231090467
10847,13.25,9.920219231090467
10925,4.51,7.585943253610318
526,7.3,9.920219231090467
14041,21.56,9.920219231090467
8978,84.71,9.920219231090467
14228,8.57,9.920219231090467
3028,27.46,9.920219231090467
13013,6.98,9.920219231090467
23952,1.34,9.920219231090467
21222,5.46,9.920219231090467
3899,11.34,9.920219231090467
10478,7.44,9.920219231090467
1641,6.38,9.920219231090467
2247,7.75,9.920219231090467
1804,10.68,9.920219231090467
3247,7.39,9.920219231090467
18344,5.4,9.920219231090467
19591,5.41,9.920219231090467
14494,0.57,9.920219231090467
21049,2.04,9.920219231090467
22515,6.7,9.920219231090467
14220,26.54,9.920219231090467
20736,4.94,9.920219231090467
23487,7.66,9.920219231090467
10762,7.05,9.920219231090467
15315,6.28,9.920219231090467
15001,8.93,9.920219231090467
15576,4.42,9.920219231090467
14430,9.39,9.920219231090467
23623,6.4,9.920219231090467
9412,5.81,9.920219231090467
3747,12.73,9.920219231090467
18753,8.05,9.920219231090467
20198,6.54,9.920219231090467
23305,5.01,9.920219231090467
15300,5.76,9.920219231090467
10456,5.19,9.920219231090467
9305,10.93,9.920219231090467
21643,4.13,9.920219231090467
19559,8.34,8.823240073801616
5276,5.94,9.920219231090467
23229,4.04,9.920219231090467
17859,7.1,9.920219231090467
22245,5.49,9.920219231090467
3060,4.88,9.920219231090467
13059,2.7,9.920219231090467
17831,6.18,9.920219231090467
10453,4.91,9.920219231090467
7186,8.62,9.920219231090467
13683,7.37,9.920219231090467
1304,9.38,9.920219231090467
23188,7.14,9.920219231090467
10803,0.1,9.920219231090467
1886,7.62,9.920219231090467
23162,4.7,9.920219231090467
23064,5.8,9.920219231090467
9249,5.11,9.920219231090467
22899,3.4,9.920219231090467
17662,6.61,9.920219231090467
23036,15.19,9.920219231090467
8278,13.87,9.920219231090467
20989,5.86,8.56506166246171
4528,5.06,9.920219231090467
8899,5.07,9.920219231090467
21741,8.28,9.920219231090467
13504,7.42,8.66211339181574
9414,9.22,9.920219231090467
20457,4.39,9.920219231090467
20096,13.43,9.920219231090467
12189,3.91,9.920219231090467
23032,6.48,9.920219231090467
15602,4.64,7.136829668620069
544,14.04,9.920219231090467
19627,7.84,9.920219231090467
7802,7.53,9.920219231090467
5365,6.64,9.920219231090467
3833,16.4,9.920219231090467
15449,12.92,9.920219231090467
10234,3.04,9.920219231090467
23094,4.04,9.920219231090467
1071,5.23,9.920219231090467
6193,5.26,9.920219231090467
20523,2.63,9.920219231090467
16457,13.04,9.920219231090467
23882,5.68,9.920219231090467
9430,6.76,9.920219231090467
17982,10.07,9.920219231090467
22650,4.7,9.920219231090467
18947,7.02,9.920219231090467
13479,10.37,7.903557880015933
5201,6.94,9.920219231090467
14358,10.56,9.920219231090467
6962,11.36,9.920219231090467
14072,37.77,9.920219231090467
22618,7.87,9.920219231090467
7844,8.47,9.920219231090467
16382,4.6,9.920219231090467
6617,7.34,9.920219231090467
5588,5.57,9.920219231090467
7522,5.42,9.920219231090467
556,44.13,9.920219231090467
20125,28.72,9.920219231090467
10050,3.13,7.46220915740617
22891,7.47,9.920219231090467
7698,6.26,9.920219231090467
13633,6.17,9.920219231090467
12598,7.23,9.920219231090467
8380,6.43,9.920219231090467
17668,4.15,9.920219231090467
7065,6.94,9.920219231090467
10794,0.08,9.920219231090467
14207,4.93,9.920219231090467
17960,8.47,9.920219231090467
15749,8.88,9.920219231090467
147,7.56,9.920219231090467
21464,5.96,5.435769149179308
4391,6.02,9.920219231090467
20033,6.87,7.433387320784167
6518,7.29,9.920219231090467
683,5.4,9.920219231090467
563,33.7,9.920219231090467
9824,9.22,9.920219231090467
23610,2.98,9.920219231090467
22407,7.38,9.920219231090467
3948,10.93,9.920219231090467
11423,11.22,9.920219231090467
23474,6.44,9.920219231090467
16018,4.53,9.920219231090467
17365,5.81,9.920219231090467
282,13.82,9.920219231090467
5846,6.03,9.920219231090467
11580,7.12,9.920219231090467
4660,6.78,9.920219231090467
22935,5.44,9.920219231090467
3192,14.36,9.920219231090467
11098,3.19,9.920219231090467
10931,10.43,9.920219231090467
815,19.71,9.920219231090467
18733,3.68,9.920219231090467
10841,12.9,9.920219231090467
7550,9.64,9.920219231090467
13872,8.9,9.920219231090467
8747,8.82,7.838266943055599
3255,9.66,6.531667673665757
15013,11.51,9.920219231090467
14756,7.62,9.920219231090467
15245,7.81,9.920219231090467
23799,5.36,9.920219231090467
10875,18.99,9.920219231090467
1773,6.04,9.920219231090467
4957,8.91,9.920219231090467
22567,8.87,9.920219231090467
2933,8.64,9.920219231090467
23884,5.09,9.920219231090467
20313,8.22,9.920219231090467
14438,7.45,9.920219231090467
8091,3.49,9.920219231090467
17456,1.12,9.920219231090467
8713,6.0,9.920219231090467
1227,6.4,9.920219231090467
189,3.42,9.920219231090467
223,5.26,9.920219231090467
9103,3.3,9.920219231090467
3965,15.05,9.920219231090467
11699,8.08,9.920219231090467
10043,6.34,9.920219231090467
21596,7.22,9.920219231090467
10374,15.32,9.920219231090467
2501,11.9,9.920219231090467
23243,4.56,9.920219231090467
7364,5.67,9.920219231090467
23977,4.56,9.920219231090467
1430,10.69,9.920219231090467
7099,5.32,9.920219231090467
4008,7.0,9.920219231090467
12262,5.47,9.920219231090467
5873,5.01,9.920219231090467
14640,4.76,8.188729274439291
13497,4.21,9.920219231090467
19976,151.85,9.920219231090467
20608,6.94,9.920219231090467
4502,7.0,8.244157893549824
10441,6.67,9.920219231090467
15098,7.49,7.275509468949189
61,8.25,9.920219231090467
11903,5.51,9.920219231090467
5687,57.05,9.920219231090467
3765,20.29,9.920219231090467
15542,9.02,9.920219231090467
9809,25.57,9.920219231090467
23602,7.4,9.920219231090467
11902,6.3,9.920219231090467
22104,9.44,9.920219231090467
7951,14.27,9.920219231090467
1515,7.51,9.920219231090467
6251,8.23,9.920219231090467
3658,8.3,9.920219231090467
6226,17.76,9.920219231090467
1489,5.65,9.920219231090467
2342,6.95,9.920219231090467
996,6.9,9.920219231090467
22864,14.56,9.920219231090467
9465,10.31,9.920219231090467
6224,20.07,9.920219231090467
10160,36.44,9.920219231090467
2359,13.96,9.920219231090467
19706,6.65,9.920219231090467
15221,15.5,9.920219231090467
12165,14.46,9.920219231090467
17880,6.44,9.920219231090467
23435,2.77,9.920219231090467
11588,5.17,6.818327639125723
5779,9.61,8.243707180155347
270,7.83,9.920219231090467
15861,4.64,8.621793994341408
2059,4.68,9.920219231090467
6118,7.86,9.920219231090467
20605,8.09,9.920219231090467
13512,8.67,9.920219231090467
9253,7.85,9.920219231090467
13528,8.99,9.920219231090467
19308,11.95,9.920219231090467
15775,0.23,9.920219231090467
13115,0.9,9.920219231090467
4426,3.89,9.920219231090467
9168,4.81,10.321440204440528
17739,4.14,9.920219231090467
20661,23.14,9.920219231090467
13034,10.53,9.920219231090467
17932,11.06,9.920219231090467
5039,4.86,9.920219231090467
14521,13.21,9.920219231090467
382,1.92,9.920219231090467
9588,8.28,9.920219231090467
21074,3.76,7.063052357394162
13154,9.97,9.920219231090467
23247,9.33,9.920219231090467
21021,1.46,9.920219231090467
12835,6.15,9.920219231090467
15252,7.9,9.920219231090467
19771,12.22,9.920219231090467
5837,28.28,9.920219231090467
23098,4.59,9.920219231090467
5969,7.17,9.920219231090467
12204,5.2,9.920219231090467
22980,3.58,9.920219231090467
8764,10.35,9.920219231090467
15030,6.94,9.920219231090467
9384,8.1,9.920219231090467
23418,0.82,9.920219231090467
19647,6.22,6.607873103434273
5136,10.27,7.395327313783147
15458,13.39,9.920219231090467
23708,6.91,9.920219231090467
3276,6.17,9.920219231090467
23202,5.58,9.920219231090467
5379,3.28,9.920219231090467
8563,2.52,9.920219231090467
14834,15.02,9.920219231090467
5094,6.89,8.509248592225214
5974,4.71,9.920219231090467
22434,7.3,9.920219231090467
7743,8.02,9.920219231090467
22559,5.97,9.920219231090467
12435,7.42,9.920219231090467
14898,27.29,9.920219231090467
8244,4.74,9.920219231090467
22333,10.68,9.920219231090467
11920,6.74,9.920219231090467
2446,9.26,9.920219231090467
5500,12.22,9.920219231090467
19698,11.89,9.920219231090467
18514,7.19,9.920219231090467
2650,7.64,9.920219231090467
176,6.14,9.920219231090467
16951,6.29,9.920219231090467
2324,6.82,7.87804246683789
769,5.85,9.920219231090467
20677,3.47,9.920219231090467
553,19.01,9.920219231090467
21467,7.61,6.950058194777518
51,6.21,9.920219231090467
12143,11.99,9.920219231090467
13052,1.33,9.920219231090467
17646,7.57,9.920219231090467
12060,7.19,9.920219231090467
16333,40.09,9.920219231090467
11550,9.16,9.920219231090467
3106,7.73,9.920219231090467
11096,4.2,9.920219231090467
9204,9.38,9.920219231090467
19962,9.8,9.920219231090467
19022,1.5,9.920219231090467
3704,8.3,7.369563562105041
18053,4.46,9.920219231090467
1041,4.56,9.920219231090467
15532,18.96,9.920219231090467
22848,8.44,9.920219231090467
19257,6.89,9.920219231090467
9735,5.05,4.944552384813275
9528,5.45,9.920219231090467
16755,6.74,9.920219231090467
23789,7.78,9.920219231090467
23733,4.93,9.920219231090467
13403,2.87,9.920219231090467
16304,8.07,9.920219231090467
19762,5.78,9.920219231090467
7091,4.98,9.920219231090467
6830,6.65,9.920219231090467
23880,7.2,9.920219231090467
7909,0.03,9.920219231090467
9875,10.82,9.920219231090467
10327,5.72,9.920219231090467
22737,9.1,9.920219231090467
23114,5.38,9.920219231090467
9925,4.25,9.920219231090467
17462,12.18,9.920219231090467
9950,11.92,9.920219231090467
17427,4.48,9.920219231090467
16151,5.9,9.920219231090467
3888,3.9,9.920219231090467
14483,4.12,9.920219231090467
17601,10.25,9.920219231090467
23314,7.51,9.920219231090467
7900,0.19,9.920219231090467
11106,18.86,9.920219231090467
22177,6.18,9.27819857380192
9033,7.37,5.094398422288603
6584,25.22,9.920219231090467
19929,8.22,9.920219231090467
3955,7.88,9.920219231090467
5141,6.99,9.920219231090467
9198,7.37,9.920219231090467
1401,4.16,7.784208677107308
8852,11.32,9.920219231090467
19300,12.29,9.920219231090467
10860,6.21,9.920219231090467
10398,4.02,6.7018730103469695
2810,81.94,9.920219231090467
22947,4.44,9.920219231090467
7080,10.39,9.920219231090467
23904,5.73,9.920219231090467
10718,9.81,9.920219231090467
4196,9.29,9.920219231090467
7217,5.79,9.920219231090467
22831,6.43,9.920219231090467
6844,5.59,9.920219231090467
4929,8.83,9.920219231090467
6637,18.56,9.920219231090467
4974,6.34,9.920219231090467
16848,3.57,9.920219231090467
15841,4.68,9.920219231090467
1546,3.64,9.920219231090467
23579,4.9,9.920219231090467
613,6.57,9.920219231090467
5271,6.29,9.920219231090467
4174,4.43,9.920219231090467
18552,7.52,9.920219231090467
6004,10.16,9.920219231090467
6690,5.39,9.920219231090467
7046,6.09,9.920219231090467
15060,9.78,9.920219231090467
20730,3.87,9.920219231090467
20702,3.3,9.920219231090467
11840,7.29,9.920219231090467
23391,3.96,9.920219231090467
15978,10.01,9.920219231090467
3640,5.64,9.920219231090467
15724,29.1,9.920219231090467
16217,5.5,9.920219231090467
19964,8.46,9.920219231090467
11945,9.13,9.920219231090467
15378,5.45,9.920219231090467
23422,1.01,9.920219231090467
2248,6.76,9.920219231090467
1146,8.89,9.920219231090467
6109,3.99,9.920219231090467
4515,12.42,9.920219231090467
168,6.27,9.920219231090467
23147,7.28,9.920219231090467
2061,3.87,9.920219231090467
13020,15.2,9.920219231090467
13459,5.41,9.920219231090467
542,7.2,9.920219231090467
4940,11.2,9.920219231090467
22572,3.83,9.920219231090467
2481,4.12,9.920219231090467
14211,14.72,9.920219231090467
13900,0.11,9.920219231090467
20229,9.55,9.920219231090467
3361,13.55,9.920219231090467
18261,10.97,9.920219231090467
6137,0.77,9.920219231090467
2886,5.21,9.920219231090467
293,5.39,9.920219231090467
4094,6.29,8.133153919482217
17714,8.33,9.920219231090467
14708,4.69,9.920219231090467
23041,10.42,9.920219231090467
17607,6.0,9.920219231090467
6159,3.72,9.920219231090467
1715,4.56,9.920219231090467
7229,12.89,9.920219231090467
21297,7.0,9.920219231090467
14938,8.2,9.920219231090467
22799,9.09,9.920219231090467
23542,3.47,9.920219231090467
5446,3.01,9.920219231090467
12388,5.21,9.920219231090467
332,14.18,9.920219231090467
8103,5.24,9.920219231090467
11792,5.32,9.920219231090467
18985,3.46,9.920219231090467
22592,5.85,9.920219231090467
10667,12.05,9.920219231090467
407,3.13,9.920219231090467
9913,11.42,9.920219231090467
3691,7.7,9.920219231090467
5301,1.6,9.920219231090467
17939,3.99,9.920219231090467
19200,8.93,9.920219231090467
23926,9.33,9.920219231090467
13498,2.6,9.920219231090467
12341,6.78,9.920219231090467
12617,5.22,9.920219231090467
14628,20.92,9.920219231090467
10060,13.21,9.920219231090467
18191,1.09,9.920219231090467
4455,4.23,9.920219231090467
21384,4.46,7.922642153738479
21035,1.75,9.920219231090467
22318,13.33,9.920219231090467
13207,3.99,9.920219231090467
5249,11.8,9.920219231090467
2195,13.56,9.920219231090467
4109,4.75,9.920219231090467
23111,6.94,9.920219231090467
18591,7.6,9.920219231090467
12114,7.48,9.920219231090467
517,5.3,9.920219231090467
299,2.62,9.920219231090467
1178,9.25,9.920219231090467
6702,12.38,9.920219231090467
23692,7.85,9.920219231090467
3574,5.51,9.920219231090467
13940,11.45,9.920219231090467
2586,7.12,9.920219231090467
22797,1.98,9.920219231090467
18855,5.98,9.920219231090467
20427,7.24,9.920219231090467
23249,5.13,9.920219231090467
16948,7.67,9.920219231090467
18539,9.84,9.920219231090467
8371,5.35,6.541504874072079
14299,10.95,9.920219231090467
8830,12.28,9.920219231090467
21436,1.34,9.920219231090467
22856,7.35,9.920219231090467
11924,6.03,9.920219231090467
8162,6.39,9.920219231090467
13696,5.14,7.513133409747922
14971,3.25,9.920219231090467
14382,8.69,9.920219231090467
7567,17.76,9.920219231090467
18238,5.09,9.920219231090467
8301,6.06,9.920219231090467
21577,9.23,8.839120682574503
5967,7.06,9.920219231090467
8754,7.35,9.920219231090467
20148,5.91,9.920219231090467
19872,6.99,9.920219231090467
21918,1.47,9.920219231090467
1646,12.21,9.920219231090467
2486,7.35,9.920219231090467
16145,4.62,9.920219231090467
11528,6.38,9.920219231090467
20916,8.99,9.920219231090467
16556,7.03,9.920219231090467
23048,7.22,9.920219231090467
18014,6.47,9.920219231090467
10891,24.28,9.920219231090467
5668,6.26,9.920219231090467
21366,6.46,9.920219231090467
11116,21.35,9.920219231090467
3737,10.56,9.920219231090467
16249,7.45,9.920219231090467
23633,6.07,9.920219231090467
19899,7.86,9.920219231090467
6805,0.08,9.920219231090467
13446,6.81,7.125719622547063
19081,5.55,9.920219231090467
12156,9.32,9.920219231090467
8445,6.93,9.920219231090467
21841,4.26,9.920219231090467
23437,4.35,9.920219231090467
18007,8.15,9.920219231090467
14244,5.89,9.920219231090467
21362,1.9,9.920219231090467
18006,9.78,9.920219231090467
7696,5.63,9.920219231090467
20360,11.91,9.920219231090467
11052,5.49,9.920219231090467
11558,15.61,9.920219231090467
20027,16.94,9.920219231090467
23690,7.37,9.920219231090467
243,9.25,9.920219231090467
23616,7.51,9.920219231090467
20645,7.79,9.920219231090467
4182,5.64,9.920219231090467
15969,15.47,9.920219231090467
11464,3.0,9.920219231090467
19596,7.93,9.920219231090467
10186,7.19,9.920219231090467
20744,6.14,9.920219231090467
16265,11.74,9.920219231090467
5510,13.08,9.920219231090467
13661,4.62,9.920219231090467
4138,11.89,9.920219231090467
15712,3.86,9.920219231090467
16123,11.5,9.920219231090467
14573,8.73,9.920219231090467
4473,4.1,9.920219231090467
115,7.57,9.920219231090467
22213,5.5,9.920219231090467
18272,15.66,9.920219231090467
10506,1.98,9.920219231090467
524,4.53,9.920219231090467
7234,8.42,7.289562959956866
12727,9.05,8.169701643928612
16129,0.79,9.920219231090467
6389,8.86,9.920219231090467
15705,3.75,9.920219231090467
16283,7.9,9.920219231090467
3384,9.09,9.920219231090467
6642,19.43,9.920219231090467
19149,6.92,9.920219231090467
22212,5.7,9.920219231090467
20557,4.82,7.289446948234392
13275,7.21,9.920219231090467
19374,12.59,9.920219231090467
4741,8.85,9.920219231090467
96,8.34,9.920219231090467
7145,4.48,9.920219231090467
6903,8.22,9.920219231090467
10977,34.47,9.920219231090467
18843,9.79,9.920219231090467
12042,8.59,9.920219231090467
12168,18.64,9.920219231090467
1603,8.06,9.920219231090467
19576,5.98,9.920219231090467
1408,7.83,9.920219231090467
21796,5.01,7.113822589008306
11151,4.87,9.920219231090467
6405,1.42,9.920219231090467
6036,11.59,9.920219231090467
16427,0.14,9.920219231090467
15361,7.85,9.920219231090467
18593,5.88,9.920219231090467
16827,5.77,9.920219231090467
17698,6.43,9.920219231090467
15105,7.6,9.920219231090467
12054,7.15,9.920219231090467
3681,14.1,9.920219231090467
14141,0.28,9.920219231090467
12321,4.46,9.920219231090467
19501,10.98,9.920219231090467
17012,4.24,9.920219231090467
19155,10.18,9.920219231090467
23576,3.04,9.920219231090467
19095,9.8,9.920219231090467
1730,5.25,7.854360151977012
4872,24.14,9.920219231090467
1907,11.08,9.920219231090467
18068,6.6,9.920219231090467
14087,11.11,9.920219231090467
23122,5.96,9.920219231090467
5479,11.61,9.33077093718957
5892,8.14,9.920219231090467
15454,14.38,9.920219231090467
1558,6.31,9.920219231090467
22911,4.23,9.920219231090467
11025,10.14,9.454724579035759
9441,7.09,9.920219231090467
19942,8.72,8.345321621469164
6609,6.82,9.920219231090467
19617,15.43,9.920219231090467
2638,3.16,9.920219231090467
13236,5.3,9.920219231090467
18045,39.32,9.920219231090467
6591,10.6,9.920219231090467
11675,7.23,9.920219231090467
13559,15.83,7.507190294158093
1273,14.81,9.920219231090467
20631,6.3,9.920219231090467
5176,9.59,9.920219231090467
1290,9.81,9.920219231090467
16663,6.12,9.920219231090467
20952,0.75,9.920219231090467
6652,12.67,9.920219231090467
20434,4.62,9.920219231090467
22973,3.6,9.920219231090467
19790,10.06,9.920219231090467
18409,6.77,9.920219231090467
14417,8.74,9.920219231090467
1878,7.37,8.87941276196102
19608,6.41,9.920219231090467
4144,4.48,9.920219231090467
21099,3.78,9.920219231090467
6416,4.36,7.152082210233093
1737,7.5,9.920219231090467
15538,8.7,9.920219231090467
10637,5.32,6.777930489260447
19169,10.35,11.822983699548136
8971,133.3,9.920219231090467
12763,2.58,9.920219231090467
4352,3.29,9.920219231090467
1505,4.68,7.384591198769621
17143,13.25,9.920219231090467
10528,18.64,9.920219231090467
2717,6.48,6.482237870078303
23546,9.75,9.920219231090467
14952,8.57,9.920219231090467
17695,7.02,9.920219231090467
20996,8.9,9.920219231090467
1492,6.11,9.920219231090467
21054,3.5,9.920219231090467
14183,5.87,9.920219231090467
778,3.75,9.920219231090467
23382,9.17,9.920219231090467
18718,7.44,9.920219231090467
2680,4.04,9.920219231090467
2401,3.65,9.920219231090467
16904,6.87,9.920219231090467
20415,20.41,9.920219231090467
9196,7.3,9.920219231090467
11731,5.05,9.920219231090467
23002,4.26,9.920219231090467
1367,11.62,9.920219231090467
5683,207.3,9.920219231090467
9975,7.57,9.920219231090467
12490,10.64,9.920219231090467
722,16.21,9.920219231090467
23816,7.46,9.920219231090467
5102,7.21,9.920219231090467
2194,11.71,9.920219231090467
3244,6.04,9.920219231090467
10630,6.72,5.893222047603467
4878,17.21,9.920219231090467
16523,6.32,9.920219231090467
7971,9.13,9.920219231090467
11921,6.33,9.920219231090467
14109,6.29,6.895842809007879
18778,8.73,9.920219231090467
6910,5.51,9.920219231090467
3537,5.05,9.920219231090467
22494,6.11,9.920219231090467
22548,7.75,9.920219231090467
23468,2.61,9.920219231090467
192,14.58,9.920219231090467
20149,4.6,9.920219231090467
7133,7.2,9.920219231090467
6700,15.74,9.920219231090467
11712,6.47,9.920219231090467
5739,7.86,9.920219231090467
305,2.69,9.920219231090467
19717,15.27,9.920219231090467
2986,12.23,9.920219231090467
13995,12.21,9.920219231090467
19768,10.71,9.920219231090467
2708,4.96,9.920219231090467
23727,4.77,9.920219231090467
495,45.5,9.920219231090467
7480,12.07,9.920219231090467
9980,5.32,9.920219231090467
1986,6.87,9.920219231090467
20350,5.56,9.920219231090467
13537,57.02,9.920219231090467
14246,9.69,9.920219231090467
1434,10.45,9.920219231090467
15552,4.17,9.920219231090467
13044,10.6,9.920219231090467
14518,15.38,9.920219231090467
1924,8.97,6.656621573558538
5471,7.3,9.920219231090467
18959,2.22,9.920219231090467
22371,8.33,9.920219231090467
21157,7.37,9.920219231090467
5507,17.17,9.920219231090467
5523,4.64,9.920219231090467
2625,5.09,9.920219231090467
22927,10.15,9.920219231090467
2022,8.6,9.920219231090467
6558,10.21,9.920219231090467
12229,5.08,9.920219231090467
14441,11.21,9.920219231090467
15484,3.68,9.920219231090467
11656,5.35,9.920219231090467
2390,8.45,9.920219231090467
15858,6.47,9.920219231090467
8448,7.69,9.920219231090467
14022,6.13,6.1213928217505735
17233,5.05,9.920219231090467
21286,6.96,9.920219231090467
20308,10.44,9.920219231090467
17974,13.44,9.920219231090467
9746,8.29,9.920219231090467
23195,6.56,9.920219231090467
7936,7.8,9.920219231090467
14128,0.02,9.920219231090467
2414,6.48,9.920219231090467
16863,7.25,9.920219231090467
23666,3.76,9.920219231090467
15171,3.82,9.920219231090467
5074,7.88,9.920219231090467
22697,5.39,9.920219231090467
8114,6.5,8.191242344992784
18406,7.32,9.920219231090467
3197,14.02,9.920219231090467
9639,9.57,9.920219231090467
2382,7.23,9.920219231090467
1130,5.39,9.920219231090467
7834,15.22,9.920219231090467
12997,10.04,9.920219231090467
9676,8.03,9.920219231090467
6021,10.11,9.920219231090467
10928,7.39,9.486441425086396
19505,10.94,9.920219231090467
9601,9.59,9.920219231090467
1826,12.25,9.920219231090467
13996,9.67,9.920219231090467
13286,8.3,9.920219231090467
12856,5.84,9.920219231090467
7115,8.44,9.920219231090467
5283,5.5,9.920219231090467
13548,76.06,9.920219231090467
3265,7.89,9.920219231090467
19039,14.58,9.920219231090467
7584,5.55,9.920219231090467
1320,4.99,9.920219231090467
14389,4.62,9.920219231090467
5998,7.42,9.920219231090467
10619,6.2,9.920219231090467
20965,22.77,9.920219231090467
11217,9.72,9.920219231090467
9595,3.52,9.920219231090467
4248,6.17,9.920219231090467
20146,6.57,9.920219231090467
23127,5.74,9.920219231090467
9487,7.21,9.920219231090467
9380,8.57,9.920219231090467
2603,2.63,9.920219231090467
3582,7.2,9.920219231090467
6816,0.04,9.920219231090467
19429,6.76,9.920219231090467
21295,13.6,9.920219231090467
3926,5.08,6.127341303199682
23589,6.21,9.920219231090467
21851,5.74,9.920219231090467
17883,4.51,9.920219231090467
18151,9.87,9.920219231090467
22208,7.7,9.920219231090467
14851,6.7,9.920219231090467
1215,7.98,7.671892730613926
4545,16.54,9.920219231090467
16647,71.25,9.920219231090467
8941,5.96,9.920219231090467
15637,6.37,6.958976515086825
17153,7.39,9.920219231090467
16424,0.07,9.920219231090467
9580,7.17,9.920219231090467
21254,11.61,9.920219231090467
18470,6.34,9.920219231090467
16467,14.8,9.920219231090467
18760,13.82,9.920219231090467
13984,9.37,9.920219231090467
22020,5.79,6.619568764903186
12767,2.2,9.920219231090467
22778,11.08,9.920219231090467
9382,8.88,9.920219231090467
22449,9.61,9.920219231090467
13362,5.78,9.920219231090467
23093,3.3,9.920219231090467
13168,4.03,9.920219231090467
20063,7.86,9.920219231090467
5753,4.88,9.920219231090467
14544,39.41,9.920219231090467
10673,5.61,7.150541114158055
3680,14.53,9.920219231090467
12684,4.99,9.920219231090467
6373,6.03,9.920219231090467
19218,2.23,9.920219231090467
4570,4.31,9.920219231090467
18999,11.72,9.920219231090467
22530,8.07,9.920219231090467
11109,94.75,9.920219231090467
1781,3.2,7.0766902144075825
16067,16.9,9.920219231090467
21694,17.37,9.920219231090467
18060,5.02,9.920219231090467
6290,7.93,9.920219231090467
534,3.26,10.898569901343247
12357,9.52,9.920219231090467
22675,4.14,9.920219231090467
22716,4.04,9.920219231090467
15497,6.74,9.920219231090467
8347,6.45,9.920219231090467
13422,13.23,9.920219231090467
14074,41.6,9.920219231090467
23971,8.57,9.920219231090467
21029,0.85,9.920219231090467
15434,10.9,9.920219231090467
9838,81.55,6.677682583626993
13273,4.53,9.920219231090467
20630,7.19,9.920219231090467
12277,8.22,9.920219231090467
3233,14.39,9.920219231090467
1054,6.46,9.920219231090467
18572,13.36,9.920219231090467
21801,7.74,9.920219231090467
18278,3.54,9.920219231090467
2759,17.15,9.920219231090467
4452,3.45,9.920219231090467
7202,3.43,9.920219231090467
1060,7.76,9.920219231090467
3807,7.66,9.920219231090467
19346,9.27,9.920219231090467
12404,9.77,9.920219231090467
14061,6.56,9.920219231090467
22565,5.55,9.920219231090467
15510,7.55,9.920219231090467
3539,4.98,9.920219231090467
6161,4.92,9.920219231090467
15472,4.14,9.920219231090467
8706,12.1,9.920219231090467
2124,9.26,9.920219231090467
9535,4.36,9.920219231090467
8130,6.31,9.920219231090467
644,5.76,9.920219231090467
15363,6.13,9.920219231090467
2369,18.09,9.920219231090467
17180,6.34,9.920219231090467
2498,12.62,9.920219231090467
283,12.7,9.920219231090467
2326,6.4,9.920219231090467
5275,6.36,9.920219231090467
9122,8.61,9.920219231090467
8404,8.67,9.920219231090467
3679,10.9,9.920219231090467
11785,7.27,9.920219231090467
16030,6.86,9.920219231090467
3607,6.23,9.920219231090467
612,4.46,9.920219231090467
22753,4.55,9.920219231090467
10777,14.14,9.920219231090467
3436,2.45,9.920219231090467
1783,8.19,8.063630453208498
8183,17.02,9.920219231090467
6197,7.36,9.920219231090467
20088,34.04,9.920219231090467
14931,2.87,7.845606465841117
4141,4.48,7.007210244808441
23605,4.33,9.920219231090467
20961,0.94,9.920219231090467
5438,11.1,9.920219231090467
12555,5.64,5.638384196241245
23757,5.9,9.920219231090467
11541,9.12,9.920219231090467
13805,13.65,9.920219231090467
18002,10.35,9.920219231090467
15990,11.65,9.920219231090467
22598,7.87,9.920219231090467
21024,1.81,9.920219231090467
23374,2.6,9.920219231090467
5255,7.23,9.920219231090467
2926,7.87,9.920219231090467
14233,4.9,6.8242140185829765
20177,8.28,9.920219231090467
15352,6.29,9.920219231090467
5850,17.5,9.920219231090467
15445,6.66,8.788771623870412
15595,3.06,9.920219231090467
14748,2.1,9.920219231090467
7128,10.91,9.920219231090467
20664,11.98,9.920219231090467
11638,14.51,9.920219231090467
7602,9.47,9.920219231090467
21102,4.34,9.920219231090467
21088,10.93,9.920219231090467
2014,28.35,9.920219231090467
5464,6.56,9.920219231090467
23061,7.06,9.920219231090467
20552,5.68,6.8860893001404175
17596,7.36,4.93119711544594
1520,8.44,7.703805170244349
4268,6.57,9.920219231090467
20127,10.16,9.920219231090467
10307,14.86,9.920219231090467
17797,9.69,9.920219231090467
20478,11.93,9.920219231090467
19579,6.13,9.920219231090467
14394,9.96,9.920219231090467
3219,19.06,9.920219231090467
17118,13.77,9.920219231090467
910,9.11,9.920219231090467
1791,11.83,9.920219231090467
8557,4.1,9.920219231090467
20794,7.64,9.920219231090467
22590,2.1,9.920219231090467
17007,10.93,9.920219231090467
15730,3.04,9.920219231090467
4531,12.0,9.920219231090467
8990,55.04,9.920219231090467
5727,4.0,9.920219231090467
7704,5.23,9.920219231090467
21679,4.44,9.920219231090467
8093,3.36,9.920219231090467
9039,7.85,9.920219231090467
4783,5.87,6.121157401499872
9038,4.13,5.24580887857613
20157,5.13,9.920219231090467
18434,7.5,9.920219231090467
9884,8.2,9.920219231090467
11589,14.43,9.920219231090467
17838,5.53,9.920219231090467
23856,7.74,9.920219231090467
4986,5.13,8.024353809071233
19275,4.52,7.112061475021958
7073,6.2,9.920219231090467
2213,12.4,9.920219231090467
14574,8.53,9.920219231090467
15371,10.22,9.920219231090467
9341,2.49,9.920219231090467
13241,5.65,9.920219231090467
18767,2.64,9.920219231090467
13936,10.03,9.920219231090467
10036,4.31,9.920219231090467
16290,5.47,9.920219231090467
18410,7.3,9.920219231090467
2574,7.79,9.920219231090467
6172,10.39,9.920219231090467
23187,6.77,9.920219231090467
1789,8.61,9.920219231090467
3187,6.17,9.920219231090467
782,4.49,9.920219231090467
9170,5.48,9.920219231090467
20866,7.27,7.817980419234069
944,89.75,9.920219231090467
9832,5.84,9.920219231090467
5080,8.91,9.920219231090467
17626,6.38,9.920219231090467
15852,5.99,9.920219231090467
13172,8.85,9.920219231090467
312,4.73,9.920219231090467
14290,7.18,9.920219231090467
16436,0.15,9.920219231090467
21905,8.11,9.920219231090467
20675,1.73,9.920219231090467
5518,6.92,9.920219231090467
1720,6.03,9.920219231090467
8309,7.29,9.920219231090467
6754,11.25,9.920219231090467
23065,5.66,9.920219231090467
4336,5.28,6.623056725137273
19193,5.52,9.920219231090467
1118,14.42,9.920219231090467
23309,8.39,9.920219231090467
22802,5.34,9.920219231090467
21472,6.05,9.920219231090467
7904,0.03,9.920219231090467
2149,10.74,9.920219231090467
22430,9.22,9.920219231090467
10509,2.18,9.920219231090467
7820,1.26,9.920219231090467
17788,6.86,9.920219231090467
20234,8.18,9.920219231090467
5638,8.87,9.920219231090467
14080,76.93,9.920219231090467
17539,6.56,9.920219231090467
15200,10.61,9.920219231090467
20700,5.32,9.920219231090467
15659,4.33,9.920219231090467
16004,4.41,9.920219231090467
3693,6.47,9.920219231090467
4356,3.18,9.920219231090467
23712,5.35,9.920219231090467
17053,6.97,9.920219231090467
4795,9.79,9.920219231090467
13301,6.36,9.920219231090467
7780,9.94,9.920219231090467
15585,2.37,9.920219231090467
19443,6.17,9.920219231090467
4754,6.24,9.920219231090467
20560,11.4,9.920219231090467
277,13.4,9.920219231090467
18147,17.28,9.920219231090467
9782,12.44,9.920219231090467
14911,8.67,9.920219231090467
11316,9.28,9.920219231090467
19105,3.88,9.920219231090467
23740,7.94,9.920219231090467
1339,6.8,9.920219231090467
22214,4.76,9.920219231090467
7537,6.73,6.849371876875296
13112,0.91,9.920219231090467
23893,7.57,9.920219231090467
15338,9.47,9.920219231090467
21129,19.36,9.920219231090467
935,4.69,6.8352018818565625
18124,6.51,7.135823453010486
13783,6.98,4.889635040616331
17727,4.66,8.181622953925636
20468,22.61,9.920219231090467
17956,8.72,9.920219231090467
23084,9.26,9.920219231090467
11814,4.56,9.920219231090467
3598,5.91,5.960544057351189
9000,5.75,9.920219231090467
6864,10.86,9.920219231090467
13160,4.76,9.920219231090467
23347,6.74,9.920219231090467
22067,6.35,9.920219231090467
8393,4.57,9.920219231090467
11260,4.83,9.920219231090467
11331,16.24,10.448262852969766
6097,7.37,9.920219231090467
17670,7.06,9.920219231090467
13818,10.94,9.920219231090467
10940,9.44,9.920219231090467
14387,6.97,9.920219231090467
19020,1.16,9.920219231090467
20720,3.57,6.772748715529307
19968,176.6,9.920219231090467
14121,7.52,7.342096280357406
9887,9.05,9.920219231090467
23206,5.92,9.920219231090467
1198,8.04,8.517280204212518
10533,11.13,9.920219231090467
17913,14.96,9.920219231090467
6945,11.23,9.920219231090467
8816,8.68,9.920219231090467
13624,5.69,9.920219231090467
10614,5.88,8.238235117627559
8254,20.18,9.920219231090467
7645,8.2,9.920219231090467
22642,6.65,9.920219231090467
13501,3.84,9.920219231090467
17927,10.42,9.920219231090467
23024,4.08,9.920219231090467
10553,5.5,6.318419357609654
21415,7.3,9.920219231090467
4412,5.36,9.920219231090467
2532,6.96,9.920219231090467
5564,5.0,9.920219231090467
5451,5.54,9.920219231090467
5915,6.6,9.920219231090467
20022,15.1,9.920219231090467
8973,121.5,9.920219231090467
20013,10.41,9.920219231090467
14738,2.03,9.920219231090467
15277,7.57,9.278427194791792
14638,2.79,9.920219231090467
11031,4.94,9.920219231090467
12461,8.34,9.920219231090467
14164,7.41,9.920219231090467
5473,4.83,9.920219231090467
17720,24.01,9.920219231090467
2855,8.06,9.920219231090467
1051,5.94,9.920219231090467
9145,10.35,9.920219231090467
18306,2.29,9.920219231090467
19159,6.21,9.920219231090467
10857,9.22,9.920219231090467
8331,6.19,9.920219231090467
17886,4.94,9.920219231090467
6641,14.99,9.920219231090467
9232,15.16,9.920219231090467
728,13.57,9.920219231090467
18894,2.56,9.920219231090467
22164,4.95,6.583766429225051
13794,3.85,9.920219231090467
3365,12.71,9.920219231090467
16492,4.61,6.6063261689558495
3503,10.69,9.920219231090467
11138,6.25,9.920219231090467
20897,22.14,9.920219231090467
4618,7.04,6.508371321340974
12729,6.41,7.113560597469721
7297,7.07,7.521943127972799
5006,8.96,9.920219231090467
