,y_test,prediction
1732,1,1
1657,1,1
4129,1,1
3567,1,1
2849,1,1
293,1,1
1383,1,1
3491,1,1
3374,1,1
384,1,1
277,1,1
2993,1,1
2439,1,1
3688,1,1
553,1,1
3871,1,1
1922,1,1
3362,1,1
1934,1,1
564,1,1
1439,1,1
1550,1,1
3349,1,1
2551,1,1
3842,1,1
2308,1,1
1082,1,1
1470,1,1
2729,1,1
94,1,1
1197,1,1
3294,1,1
1675,1,1
1013,1,1
1239,1,1
1820,1,1
1602,1,1
3118,1,1
1610,1,1
1817,1,1
2795,1,1
3648,1,1
348,1,1
1205,1,1
3936,1,1
3945,1,1
2397,1,1
3358,1,1
1172,1,1
719,1,1
880,1,1
1535,1,1
525,1,1
3524,1,1
1030,1,1
1183,1,1
2151,1,1
949,1,1
3430,1,1
3321,1,1
813,1,1
3509,1,1
839,1,1
3508,1,1
1547,1,1
515,1,1
2345,1,1
2760,1,1
2866,1,1
2781,1,1
2962,1,1
3564,1,1
3385,1,1
3740,1,1
1161,1,1
2833,1,1
1088,1,1
3243,1,1
3234,1,1
3530,1,1
2923,1,1
831,1,1
1527,1,1
2538,1,1
1629,1,1
483,1,1
2917,1,1
1099,1,1
1242,1,1
3783,1,1
1234,1,1
1015,0,1
3213,1,1
639,0,1
120,1,1
2902,1,1
3799,1,1
4121,1,1
782,1,1
126,1,1
3015,1,1
1319,1,1
974,1,1
2828,1,1
4055,1,1
68,1,1
4040,1,1
1792,1,1
3047,1,1
2349,1,1
1175,1,1
412,1,1
2492,1,1
1181,1,1
2026,1,1
2569,1,1
3932,1,1
3129,1,1
509,1,1
2965,1,1
2038,1,1
2497,1,1
1601,1,1
3989,1,1
748,1,1
2646,1,1
2604,1,1
2892,1,1
1697,1,1
465,1,1
1621,1,1
3417,1,1
4012,1,1
1562,1,1
1724,0,1
2046,1,1
2664,1,1
3571,1,1
2097,1,1
2501,1,1
3085,1,1
3168,1,1
3822,1,1
3372,1,1
3811,1,1
3804,1,1
42,1,1
1034,1,1
1666,1,1
1431,1,1
714,1,1
500,1,1
1749,1,1
4005,1,1
2665,1,1
1720,1,1
232,1,1
2251,1,1
3307,1,1
3899,1,1
3096,1,1
1084,1,1
187,1,1
2241,1,1
2022,1,1
3909,1,1
1269,1,1
1244,1,1
1694,1,1
2566,1,1
1526,1,1
3742,1,1
897,1,1
1558,1,1
2372,1,1
3995,1,1
1278,1,1
2594,1,1
718,1,1
2924,1,1
1115,1,1
691,1,1
3356,1,1
3977,1,1
1794,1,1
2837,1,1
2009,1,1
1682,1,1
528,1,1
895,1,1
512,1,1
674,1,1
346,1,1
3123,1,1
2580,1,1
4078,1,1
1053,1,1
2502,1,1
1038,1,1
4094,1,1
1017,1,1
40,1,1
1999,1,1
3303,1,1
38,1,1
3683,1,1
2769,1,1
2021,1,1
4025,1,1
381,1,1
1969,1,1
1831,1,1
3757,1,1
3618,1,1
2973,1,1
3074,1,1
1501,1,1
2526,1,1
1401,1,1
1264,1,1
2549,1,1
2188,1,1
2616,1,1
107,1,1
2868,1,1
2127,1,1
3478,1,1
273,1,1
3951,1,1
193,1,1
4100,1,1
3176,1,1
131,1,1
2783,1,1
3707,1,1
49,1,1
3368,1,1
505,1,1
2788,1,1
3636,1,1
1356,1,1
2861,1,1
699,1,1
2571,1,1
975,1,1
2431,1,1
638,1,1
3121,1,1
1043,1,1
3518,1,1
2261,1,1
655,1,1
1565,1,1
252,1,1
4122,1,1
3885,1,1
3414,1,1
841,1,1
472,1,1
954,1,1
1834,1,1
2885,1,1
4092,1,1
1427,1,1
3686,1,1
2903,1,1
3065,1,1
1375,1,1
2432,1,1
2079,1,1
415,1,1
1050,1,1
1377,1,1
3706,1,1
196,1,1
3125,1,1
683,1,1
2980,1,1
1551,1,1
3824,1,1
1399,1,1
4110,1,1
3030,1,1
1510,1,1
2592,1,1
664,1,1
268,0,1
2036,1,1
2613,1,1
1001,1,1
3031,1,1
576,1,1
2754,1,1
4047,1,1
3190,1,1
2235,1,1
213,1,1
391,1,1
560,1,1
3053,1,1
409,1,1
1995,1,1
2700,1,1
2124,1,1
573,1,1
1073,1,1
870,1,1
4134,1,1
2585,1,1
2896,1,1
844,1,1
2532,1,1
1081,1,1
679,1,1
577,1,1
4072,1,1
672,1,1
3937,1,1
1580,1,1
1164,1,1
159,1,1
1397,1,1
2848,1,1
620,1,1
1863,1,1
2406,1,1
537,1,1
2723,1,1
3143,1,1
1057,1,1
916,1,1
468,1,1
1012,1,1
1252,1,1
2893,1,1
328,1,1
3364,1,1
482,1,1
3124,1,1
2299,1,1
600,1,1
2112,1,1
1668,1,1
609,1,1
1741,1,1
3547,1,1
3471,1,1
1446,1,1
1421,1,1
1516,1,1
3152,1,1
1891,1,1
3642,1,1
3327,1,1
2998,1,1
715,1,1
3704,1,1
1829,1,1
3474,1,1
3354,1,1
1192,1,1
1310,1,1
2388,1,1
3946,1,1
1816,1,1
2338,1,1
369,1,1
1599,1,1
3809,1,1
2413,1,1
1150,1,1
3455,1,1
2950,1,1
1857,1,1
260,1,1
1635,1,1
208,1,1
1531,1,1
1393,1,1
4106,1,1
3416,0,1
3644,1,1
1216,1,1
3589,1,1
1060,1,1
2742,1,1
3402,1,1
3136,1,1
4133,1,1
37,1,1
830,1,1
1146,1,1
2090,1,1
1733,1,1
2183,1,1
700,1,1
554,1,1
2688,1,1
1712,1,1
1713,1,1
3622,1,1
1727,1,1
2968,1,1
2730,1,1
2539,1,1
2605,1,1
3250,1,1
3906,1,1
1894,1,1
3384,1,1
99,1,1
1170,1,1
3332,1,1
424,1,1
3160,1,1
223,1,1
2359,0,1
2068,1,1
2834,1,1
1962,1,1
911,0,1
2607,1,1
3230,1,1
2136,1,1
3315,1,1
3201,1,1
1579,1,1
977,1,1
517,1,1
1465,1,1
3881,1,1
4130,1,1
2987,1,1
148,1,1
3434,1,1
3166,1,1
1715,1,1
11,1,1
807,1,1
2185,1,1
2264,1,1
3480,1,1
2130,1,1
2757,0,1
3904,1,1
2955,1,1
3420,1,1
981,1,1
4119,1,1
4,1,1
998,1,1
1808,1,1
3049,1,1
3403,1,1
3481,1,1
2371,1,1
3971,1,1
1139,1,1
1919,1,1
888,1,1
3928,1,1
1739,1,1
3180,1,1
1152,0,1
1187,1,1
523,1,1
3837,1,1
2311,1,1
1769,1,1
3309,1,1
1662,1,1
2258,1,1
1098,1,1
1237,1,1
1325,1,1
2587,1,1
408,1,1
3528,1,1
3643,1,1
3606,1,1
1880,1,1
915,1,1
1067,1,1
3203,1,1
36,1,1
3486,1,1
791,1,1
2309,1,1
1243,1,1
1,1,1
3621,1,1
1447,1,1
3115,1,1
1018,1,1
675,1,1
2362,1,1
407,1,1
914,1,1
1627,1,1
869,1,1
2381,1,1
2652,1,1
2977,1,1
3482,1,1
204,1,1
241,1,1
3576,1,1
1730,1,1
1177,1,1
3632,1,1
160,1,1
411,1,1
1283,1,1
551,1,1
899,1,1
3741,1,1
3963,1,1
2985,1,1
2249,1,1
1998,1,1
1901,1,1
3175,1,1
1803,1,1
3537,1,1
820,1,1
3560,1,1
2243,1,1
1553,1,1
151,1,1
1942,1,1
3037,1,1
1586,1,1
1208,1,1
4035,1,1
3361,1,1
1179,1,1
1341,1,1
1329,1,1
886,1,1
4021,1,1
2858,1,1
4042,1,1
1154,1,1
2226,1,1
3900,1,1
3296,1,1
588,1,1
3164,1,1
2321,1,1
3857,1,1
3107,1,1
2441,1,1
4089,1,1
3106,1,1
867,1,1
2107,1,1
2103,1,1
2198,1,1
3278,1,1
980,1,1
3834,1,1
3497,1,1
2147,1,1
4115,1,1
649,1,1
3146,1,1
1103,1,1
3615,1,1
2785,1,1
3196,1,1
1474,1,1
851,1,1
3784,1,1
3155,1,1
2297,1,1
1890,1,1
1757,1,1
3520,1,1
3036,1,1
1560,1,1
1191,1,1
1667,1,1
643,1,1
3197,1,1
651,1,1
2708,1,1
2559,1,1
501,1,1
4104,1,1
3073,1,1
1476,1,1
583,1,1
853,1,1
846,1,1
167,1,1
656,1,1
1793,1,1
3970,1,1
1970,1,1
3882,1,1
2744,1,1
1738,1,1
1573,1,1
896,1,1
3116,1,1
993,1,1
3941,1,1
123,1,1
1711,1,1
404,1,1
3014,1,1
2118,1,1
3519,1,1
2851,1,1
17,1,1
2750,1,1
2661,1,1
891,1,1
3807,1,1
657,1,1
1087,1,1
2355,1,1
3617,1,1
361,0,1
93,1,1
1230,1,1
2376,1,1
2481,1,1
3631,1,1
800,1,1
1855,1,1
3992,1,1
3472,1,1
3806,1,1
3021,1,1
3539,1,1
641,1,1
1719,1,1
2116,1,1
2268,1,1
4112,0,1
733,1,1
4118,1,1
2929,1,1
302,1,1
1822,1,1
3645,1,1
3939,1,1
3773,1,1
4027,1,1
1878,1,1
3242,1,1
1282,1,1
102,1,1
3525,1,1
79,1,1
1303,1,1
622,1,1
1509,1,1
3256,1,1
403,1,1
988,1,1
3954,1,1
1419,1,1
1353,1,1
992,1,1
3344,1,1
3522,1,1
2779,1,1
1786,1,1
3836,1,1
756,1,1
1335,1,1
1716,1,1
1173,1,1
3901,1,1
1852,1,1
2434,1,1
368,1,1
1037,1,1
3993,1,1
2752,1,1
3506,1,1
631,1,1
978,1,1
3535,1,1
789,1,1
3823,1,1
118,1,1
430,1,1
1523,1,1
2830,1,1
2281,1,1
1143,1,1
3594,1,1
3755,1,1
1931,1,1
3202,1,1
1696,1,1
3976,1,1
197,1,1
1209,1,1
271,1,1
1469,1,1
178,1,1
2824,1,1
3408,1,1
3387,1,1
3227,1,1
390,1,1
2479,1,1
3859,1,1
2818,1,1
3311,1,1
3174,1,1
2796,1,1
3835,1,1
3709,1,1
1617,1,1
2568,1,1
1042,1,1
1222,1,1
1958,1,1
429,1,1
3013,1,1
3878,1,1
3973,1,1
744,1,1
209,1,1
166,1,1
849,1,1
2825,1,1
2860,1,1
53,1,1
3673,1,1
1571,1,1
2673,1,1
310,1,1
3208,1,1
2322,1,1
1663,1,1
903,1,1
2014,1,1
2242,1,1
207,1,1
2491,1,1
3766,1,1
3029,1,1
3004,1,1
2473,1,1
2496,1,1
20,1,1
2773,1,1
1729,1,1
138,1,1
1515,1,1
3944,1,1
2536,1,1
1681,1,1
866,1,1
3075,1,1
3302,1,1
3903,1,1
1859,1,1
2787,1,1
668,1,1
2683,1,1
3383,1,1
3997,1,1
3678,1,1
1414,1,1
2617,1,1
1180,1,1
4008,1,1
2202,1,1
1945,1,1
1837,1,1
769,1,1
2572,1,1
1178,1,1
725,1,1
3930,1,1
1166,1,1
4049,1,1
2992,1,1
2863,1,1
1395,1,1
811,1,1
2891,1,1
1091,1,1
3507,1,1
3057,1,1
4058,1,1
1165,1,1
3128,1,1
3281,1,1
2279,1,1
83,1,1
2739,1,1
1382,1,1
729,1,1
3592,1,1
795,1,1
1768,1,1
2283,1,1
941,1,1
1440,1,1
2620,1,1
766,1,1
3505,1,1
697,1,1
2143,1,1
1929,1,1
1240,1,1
1471,1,1
594,1,1
1276,1,1
779,1,1
3692,1,1
1845,1,1
2841,1,1
3892,1,1
2244,1,1
3458,1,1
1709,1,1
2344,1,1
