,y_test,prediction
496,1,1
1457,1,1
3718,1,1
2877,1,1
2876,1,1
1800,1,1
1199,1,1
3907,1,1
2817,1,1
1572,1,1
3072,1,1
1587,1,1
492,1,1
3277,1,1
3050,1,1
3131,1,1
407,1,1
2651,1,1
3597,1,1
3971,1,1
1614,1,1
3502,1,1
3137,1,1
1642,1,1
2824,1,1
2340,1,1
3099,1,1
705,1,1
803,1,1
1405,1,1
2017,1,1
592,1,1
1695,1,1
3278,1,1
659,1,1
2163,1,1
3302,1,1
3404,1,1
4060,1,1
2091,1,1
564,1,1
3471,1,1
1596,1,1
3836,1,1
822,1,1
1029,1,1
1926,1,1
3920,1,1
3545,1,1
2866,1,1
1502,1,1
1059,1,1
120,1,1
1413,1,1
1228,1,1
1904,1,1
2813,1,1
3591,1,1
148,1,1
20,1,1
2762,1,1
989,1,1
3564,1,1
2104,1,1
3359,1,1
2666,1,1
1820,1,1
416,1,1
506,1,1
1814,1,1
1025,1,1
894,1,1
3729,1,1
3122,1,1
3465,1,1
601,1,1
339,1,1
690,1,1
128,1,1
3013,1,1
634,1,1
3494,1,1
1837,1,1
1841,1,1
1774,1,1
1188,1,1
2416,1,1
3460,1,1
2661,1,1
3083,1,1
859,1,1
851,0,1
3347,1,1
4109,0,1
2898,1,1
256,1,1
2107,1,1
1612,1,1
3929,1,1
863,1,1
2221,1,1
321,1,1
2178,1,1
783,1,1
1008,1,1
3811,1,1
706,1,1
401,1,1
237,1,1
1803,1,1
272,1,1
1777,1,1
145,1,1
3714,1,1
1950,1,1
1696,1,1
1365,1,1
3452,1,1
2594,1,1
615,1,1
1417,1,1
200,1,1
3097,1,1
2366,1,1
3027,1,1
1812,1,1
2916,1,1
2730,1,1
3758,1,1
1990,1,1
1871,1,1
491,1,1
655,1,1
3500,1,1
361,1,1
2590,1,1
2527,1,1
648,1,1
1651,1,1
395,1,1
1724,1,1
3568,1,1
2564,1,1
3878,1,1
99,1,1
2707,1,1
2810,1,1
4100,1,1
3253,1,1
3092,1,1
1648,1,1
3853,1,1
2543,1,1
2062,1,1
2728,1,1
3286,1,1
646,1,1
3204,1,1
1775,1,1
1732,1,1
2003,1,1
4058,1,1
1231,1,1
2584,1,1
3954,1,1
1681,1,1
3383,1,1
2384,1,1
3492,1,1
542,1,1
799,1,1
1168,1,1
163,1,1
3951,1,1
3509,1,1
3986,1,1
831,1,1
1704,1,1
3534,1,1
3082,1,1
906,1,1
2678,1,1
2630,1,1
3455,1,1
2514,1,1
115,1,1
1386,1,1
3408,1,1
1329,1,1
3448,1,1
1693,1,1
2300,1,1
360,1,1
1710,1,1
879,1,1
1314,1,1
2116,1,1
1703,1,1
3881,1,1
1713,1,1
1976,1,1
503,1,1
2536,1,1
228,1,1
3748,1,1
2242,1,1
1401,1,1
3185,1,1
2732,1,1
2334,1,1
4094,1,1
3923,1,1
2019,1,1
1845,1,1
2838,1,1
80,1,1
1165,1,1
3541,1,1
1566,1,1
3128,1,1
1839,1,1
382,1,1
2794,1,1
3094,1,1
2411,1,1
1317,1,1
1213,1,1
881,1,1
3337,1,1
205,1,1
1980,1,1
1817,1,1
3875,1,1
1004,1,1
2686,1,1
845,1,1
748,1,1
459,1,1
1028,1,1
1155,1,1
647,1,1
2288,1,1
3331,1,1
3358,1,1
968,1,1
666,1,1
3007,1,1
3952,1,1
2638,1,1
3947,1,1
1254,1,1
887,1,1
3618,1,1
1834,1,1
182,1,1
665,1,1
1234,1,1
1647,1,1
3269,1,1
1700,1,1
1173,1,1
3857,1,1
3218,1,1
1870,1,1
2800,1,1
838,1,1
3006,1,1
4078,1,1
2991,1,1
3349,1,1
3679,1,1
3008,1,1
1652,1,1
1715,1,1
3231,1,1
1207,1,1
3609,1,1
473,1,1
1496,1,1
1299,1,1
3061,1,1
2597,1,1
3432,1,1
1371,1,1
3623,1,1
1546,1,1
1877,0,1
4000,1,1
971,1,1
1083,1,1
3167,1,1
3930,1,1
1509,1,1
3152,1,1
4039,1,1
1456,1,1
2168,1,1
3377,1,1
567,1,1
3480,1,1
2478,1,1
2082,1,1
3958,1,1
2764,1,1
1995,1,1
2823,1,1
1537,1,1
2765,1,1
1200,1,1
1768,1,1
3444,1,1
1432,1,1
2970,1,1
1425,1,1
1041,1,1
984,1,1
1140,1,1
519,1,1
2746,1,1
1260,1,1
640,1,1
3858,1,1
209,1,1
3153,1,1
2708,1,1
403,1,1
3041,1,1
1065,1,1
3360,1,1
2964,1,1
3580,1,1
1034,1,1
2375,1,1
3884,1,1
4106,1,1
2059,1,1
1786,1,1
1721,1,1
90,1,1
630,1,1
3761,1,1
1021,1,1
670,1,1
1136,1,1
1653,1,1
3179,1,1
3271,1,1
2222,1,1
3818,1,1
203,1,1
3548,1,1
716,1,1
3786,1,1
11,1,1
2950,1,1
17,1,1
3955,1,1
774,1,1
983,1,1
2990,1,1
268,1,1
4121,1,1
1517,1,1
2504,1,1
969,1,1
2182,1,1
1716,1,1
3922,1,1
3454,1,1
248,1,1
2219,1,1
1074,1,1
1585,1,1
2998,1,1
2077,1,1
104,1,1
2275,1,1
1495,1,1
545,1,1
2582,1,1
979,1,1
3389,1,1
2867,1,1
1666,1,1
2758,1,1
3513,1,1
3105,1,1
2642,1,1
3682,1,1
792,1,1
2458,1,1
623,1,1
2408,1,1
940,1,1
710,1,1
3208,1,1
3661,1,1
2257,1,1
516,1,1
3893,1,1
65,1,1
4006,1,1
1091,1,1
758,1,1
2349,1,1
1699,1,1
2975,1,1
1230,1,1
1559,1,1
860,1,1
4027,1,1
1273,1,1
843,1,1
761,1,1
1178,1,1
1433,1,1
2858,1,1
888,1,1
4099,1,1
2841,1,1
2284,0,1
3282,1,1
3091,1,1
2127,1,1
1606,1,1
1076,1,1
3100,1,1
1665,1,1
174,1,1
1680,1,1
2804,1,1
3781,1,1
191,1,1
1382,1,1
2229,1,1
4101,1,1
3867,1,1
500,1,1
2002,1,1
1533,1,1
1979,1,1
3190,1,1
2593,1,1
3732,0,1
1407,1,1
2323,1,1
192,1,1
2110,1,1
3990,1,1
1163,1,1
833,1,1
1487,1,1
399,1,1
117,1,1
404,1,1
2835,1,1
3834,1,1
1859,1,1
1915,1,1
3681,1,1
3519,1,1
1363,1,1
51,1,1
2940,0,1
2287,1,1
2239,1,1
4068,1,1
1150,1,1
3307,1,1
474,1,1
905,1,1
1536,1,1
204,1,1
3916,1,1
2261,1,1
1079,1,1
2165,1,1
1341,1,1
1712,1,1
2944,1,1
1162,1,1
1799,1,1
1620,1,1
3604,1,1
2459,1,1
932,1,1
2236,1,1
155,1,1
2992,1,1
3339,1,1
3329,1,1
739,1,1
2865,1,1
1133,1,1
297,1,1
1602,1,1
1565,1,1
2954,1,1
579,1,1
2981,1,1
1196,1,1
1943,1,1
3797,1,1
688,1,1
4071,1,1
2969,1,1
37,1,1
1344,1,1
341,1,1
2097,1,1
2027,1,1
3143,1,1
2259,1,1
2760,1,1
2624,1,1
463,1,1
3817,1,1
1678,1,1
805,1,1
4134,1,1
2722,1,1
1539,1,1
3663,1,1
3782,1,1
2359,1,1
2089,1,1
890,1,1
771,1,1
2826,1,1
1588,1,1
2516,1,1
135,1,1
3800,1,1
2801,1,1
2469,1,1
4079,1,1
3391,1,1
3217,1,1
1370,1,1
3451,1,1
4019,1,1
1521,1,1
2161,1,1
1167,1,1
3774,1,1
965,1,1
691,1,1
2220,1,1
4086,1,1
709,1,1
3296,1,1
39,1,1
682,1,1
841,1,1
3588,1,1
3860,1,1
1292,1,1
724,1,1
2213,1,1
3481,1,1
3933,1,1
1544,1,1
836,1,1
3734,1,1
663,1,1
2737,1,1
1003,1,1
3741,1,1
2897,1,1
3903,1,1
3141,1,1
1,1,1
2545,1,1
1384,1,1
607,1,1
3104,1,1
872,1,1
2851,1,1
4119,1,1
1739,1,1
1910,1,1
2771,1,1
2324,1,1
1233,1,1
3157,1,1
2204,1,1
123,1,1
188,1,1
3605,1,1
3912,1,1
3975,1,1
613,1,1
1129,1,1
781,1,1
35,1,1
3034,1,1
305,1,1
1513,1,1
642,1,1
1548,1,1
1090,1,1
1460,1,1
3536,1,1
3225,1,1
2557,1,1
1660,1,1
3014,1,1
1235,1,1
1052,1,1
812,1,1
1225,1,1
3178,1,1
1274,1,1
1750,1,1
2095,1,1
4097,1,1
1380,1,1
2529,1,1
3445,1,1
3801,1,1
2809,1,1
862,1,1
3173,1,1
1042,0,0
4113,1,1
2409,1,1
966,1,1
720,1,1
3810,1,1
3429,1,1
568,1,1
1313,1,1
2246,1,1
2843,1,1
3101,1,1
2870,1,1
1153,1,1
992,1,1
4011,1,1
3646,1,1
2861,0,1
2131,1,1
574,1,1
156,1,1
2456,1,1
1751,1,1
1912,1,1
2546,1,1
2924,1,1
3333,1,1
3394,1,1
3203,1,1
3665,1,1
2277,1,1
2086,1,1
3869,1,1
1143,1,1
2317,1,1
653,1,1
1697,1,1
383,1,1
1269,1,1
3035,1,1
3336,1,1
3025,1,1
1722,1,1
508,1,1
2976,1,1
96,1,1
422,1,1
3619,1,1
47,1,1
2720,1,1
3174,1,1
2391,1,1
787,1,1
2569,1,1
1009,1,1
3151,1,1
555,1,1
1156,1,1
4014,1,1
1323,1,1
2468,1,1
585,1,1
3617,1,1
2643,1,1
3848,1,1
288,1,1
3145,1,1
3812,1,1
1049,1,1
2756,1,1
1828,1,1
3496,1,1
3343,1,1
3049,1,1
2571,1,1
4057,1,1
2562,1,1
2227,1,1
4022,1,1
2941,1,1
1551,1,1
514,1,1
2301,1,1
4029,1,1
3940,1,1
1805,1,1
2083,1,1
1308,1,1
2639,1,1
2473,1,1
1243,1,1
3378,1,1
3615,1,1
4,1,1
373,1,1
244,1,1
2474,1,1
3324,1,1
3590,1,1
2123,1,1
1080,1,1
3180,1,1
3456,1,1
2891,1,1
3651,1,1
2290,1,1
1462,1,1
2479,1,1
2903,1,1
4114,1,1
36,1,1
735,1,1
3112,1,1
1033,1,1
551,1,1
2386,1,1
3970,1,1
2702,1,1
400,1,1
3874,1,1
2007,1,1
2048,1,1
2328,1,1
2937,1,1
3479,1,1
1426,1,1
3914,1,1
2581,1,1
3499,1,1
3656,1,1
3031,1,1
4084,1,1
972,1,1
266,1,1
1451,1,1
456,1,1
1923,1,1
1267,1,1
1901,1,1
1939,1,1
528,1,1
2836,1,1
219,1,1
1183,1,1
1557,1,1
1455,1,1
2451,1,1
1221,1,1
1791,1,1
4004,1,1
1106,1,1
4051,1,1
2833,1,1
4108,1,1
3594,1,1
3717,1,1
3493,1,1
4090,1,1
1073,1,1
1095,1,1
4073,1,1
2517,1,1
2350,1,1
3561,1,1
4069,1,1
1952,1,1
2354,1,1
162,1,1
2962,1,1
396,1,1
2548,1,1
91,1,1
76,1,1
823,1,1
2418,1,1
1882,1,1
3319,1,1
1874,1,1
1170,1,1
1512,1,1
4110,1,1
421,1,1
2930,1,1
3362,1,1
1501,1,1
3256,1,1
2957,1,1
1182,1,1
2070,1,1
632,1,1
2510,1,1
3119,1,1
3994,1,1
945,1,1
3976,1,1
904,1,1
886,1,1
2717,1,1
1861,1,1
1169,1,1
3290,1,1
1171,1,1
2549,1,1
