,y_test,prediction
1985,58.0,57.9723186981924
2073,66.0,65.42297143882836
2795,55.0,56.85584256914922
966,55.0,54.2936111721832
780,59.0,59.66948799701461
1013,57.0,57.00350762670332
2916,58.0,57.615123622647275
2880,62.0,61.34786535151664
843,59.0,59.40598270463331
2803,60.0,59.87784306381635
2966,63.0,62.82174445226367
760,73.0,69.45472738062725
767,55.0,55.86134414316802
3006,58.0,58.433453242933396
2918,62.0,62.21177302382215
2999,61.0,61.431109943976885
2946,54.0,55.26358831544008
2085,61.0,60.51281090287694
2867,58.0,58.19835925313168
3783,56.0,56.455587330997126
4051,63.0,62.770722900570256
955,53.0,53.33116926757394
2896,63.0,61.83030252683832
1971,63.0,62.60456622009955
1875,55.0,56.32417662442155
3811,52.0,53.91593417744364
865,60.0,59.60151293357832
3018,58.0,57.96451047879867
2891,57.0,56.228861576786386
4104,62.0,62.45825009397848
2986,61.0,61.114197505779664
895,54.0,56.1329193876544
936,54.0,55.277576638660314
1887,63.0,61.996637216974854
1966,59.0,58.75772739563663
1041,66.0,65.24911124930968
1894,59.0,59.512430875309065
794,59.0,59.418687961489105
2995,65.0,63.86960089158729
4088,64.0,63.69904630743565
3851,63.0,62.24209973174736
837,63.0,62.93716055515329
1917,62.0,61.64141664754124
1752,59.0,59.28997355878878
1899,63.0,61.77163200221932
1863,59.0,59.03439161090009
1910,63.0,63.43293450393978
720,45.0,50.88204147635331
759,59.0,59.74434977919771
2984,64.0,62.35762689665212
964,58.0,58.539166177269145
1914,65.0,64.16105210889165
3934,64.0,64.73152636809368
1824,56.0,56.85545430591776
3867,61.0,61.12554746017184
1865,60.0,60.04001796104913
3919,56.0,54.37880139216004
3028,67.0,63.86032101589474
3943,61.0,60.82417095305736
1017,58.0,58.310760416346106
1054,58.0,58.46949133887496
921,67.0,63.81638615807363
928,55.0,56.1504316380226
3877,57.0,56.225083013552435
4082,59.0,59.320760913488826
4129,54.0,55.350058453441996
769,55.0,56.15694307412087
2044,59.0,59.33595846918425
899,62.0,61.54392588903289
2884,62.0,61.94706581302313
1873,60.0,59.853320650159986
3847,55.0,54.61202333773404
814,65.0,66.12732982575386
775,61.0,60.381367392198236
803,55.0,54.876413482269555
2923,56.0,56.73111852142295
2046,57.0,57.89838483731093
777,63.0,61.54988530417258
1965,60.0,60.288245384119165
1879,61.0,61.104427160016066
4101,55.0,53.59070822329341
845,53.0,50.97692382622408
3615,55.0,55.564894436312514
1938,59.0,58.73919253352823
1067,64.0,64.69508334148391
1988,54.0,55.05253623187434
1990,55.0,56.2195583531123
1036,58.0,58.24655359263959
3927,59.0,59.34703222050627
1822,63.0,62.034424363173166
1937,59.0,59.59910974406403
1021,62.0,61.55126293680143
3837,57.0,56.733086551103916
850,58.0,57.86695836451237
1022,62.0,61.410997575032354
2864,62.0,61.665926195169384
3905,60.0,59.9073946911278
1726,58.0,58.46065311147778
880,58.0,58.46049385853042
1079,55.0,54.5300102178994
986,56.0,53.45296474732553
3824,62.0,61.94395978864472
808,62.0,62.388013463929084
4085,56.0,57.577309582617254
2990,57.0,57.19770100062641
3016,60.0,60.169259472454506
2068,57.0,57.1285677907481
3904,63.0,62.99065586354361
1761,63.0,63.34695571868374
1929,63.0,64.74266082779694
1871,65.0,64.43433985196206
3041,55.0,55.643386055526705
904,64.0,63.213507554778836
911,66.0,64.44879811208885
4079,61.0,61.44931997243459
3993,56.0,56.19436755969522
897,60.0,60.67036444551581
3838,48.0,48.311738043815346
4006,62.0,61.03837569529658
1891,66.0,65.28584323924463
954,66.0,64.29054618619602
3782,61.0,61.2848108743443
1852,66.0,63.50887120886695
3918,57.0,57.109098062777086
1978,59.0,59.64428770366353
2997,59.0,58.93896402448573
3022,60.0,59.757205675252955
2825,57.0,57.10086579305754
956,61.0,61.263882821259266
944,59.0,59.052614365491905
1981,69.0,65.34766150579215
875,61.0,61.23893625013069
3002,53.0,50.40904384584163
1062,64.0,64.92832378054342
2963,61.0,61.455703176987626
1789,56.0,56.38055021847395
3947,55.0,55.47215094273699
2860,58.0,57.56865549458416
3948,53.0,51.35723595006327
2076,65.0,65.27275782784379
3937,61.0,60.5926185038088
2983,56.0,56.80485515635418
3917,57.0,57.57402428838508
1931,59.0,59.64337636684958
2967,60.0,59.83524549822022
2018,58.0,58.78865392430054
3832,66.0,67.7390875069421
2871,62.0,63.80778231051062
3898,62.0,61.63820008801083
1043,69.0,68.68148357774602
1069,56.0,57.17190266875908
917,63.0,62.403516620918154
3830,57.0,56.268922679136736
2089,61.0,61.45004391381302
3995,56.0,57.04945663777064
1818,62.0,61.52698796063083
4027,61.0,61.22861506912439
909,55.0,56.450587997305846
1857,62.0,62.382007146170324
1057,58.0,58.15181002189814
3868,53.0,52.2601993621172
1878,58.0,58.02951918334146
2075,66.0,64.83298355345302
2862,65.0,64.03811619586749
831,57.0,57.620033990705444
2969,61.0,61.00549898042053
738,61.0,61.02629835353134
1718,55.0,56.58243989105658
3005,58.0,58.18773072257301
1817,55.0,56.744040225808455
2027,56.0,57.559407050829314
4026,60.0,60.13412716670612
4116,65.0,63.03188583122597
4100,61.0,61.686903147075256
1039,58.0,58.52691742920693
818,65.0,65.23697995807265
2051,56.0,56.2939698920579
3906,54.0,53.06996609950876
1584,61.0,60.78660503083434
2024,53.0,51.81954992642719
3975,61.0,61.75959749280506
1071,61.0,60.67547324797645
977,57.0,57.394713256241744
1945,65.0,63.78222869785065
943,63.0,64.15904441586594
2850,60.0,60.23778926025595
1859,61.0,60.73304998393282
1528,59.0,59.715613974462826
2003,62.0,62.82840394010588
692,58.0,58.65262667914359
3876,59.0,58.918247821580984
3007,69.0,65.04665466296721
4107,58.0,58.364074557484535
781,57.0,56.76536291214399
1885,60.0,60.17827296636515
990,60.0,59.8872641945879
2870,64.0,63.527133202008564
993,56.0,55.385441715248376
2832,55.0,55.38970094341097
3915,57.0,56.43475994219502
3827,60.0,60.0241662645324
1024,61.0,61.12837513398008
4040,62.0,62.23849418190457
4001,57.0,57.00461484834704
1843,55.0,55.46356894832452
979,56.0,56.380907613469
4060,57.0,57.94509481602328
3926,57.0,58.00794883711241
2962,60.0,60.55008745583595
3051,62.0,61.84150254262156
3037,63.0,62.155548737495025
4068,66.0,65.70876210037706
2081,60.0,60.351425124173005
989,55.0,56.480516259354125
2974,69.0,66.38250980439844
2005,64.0,63.84537472467806
1006,62.0,61.66419394436941
2077,60.0,59.69226398731507
3049,54.0,54.25160287562419
1791,54.0,53.26809012160555
3036,65.0,63.688486115640934
2868,61.0,60.56208769105692
3979,61.0,60.834790532360365
810,59.0,59.45877315367933
4130,58.0,58.51453005476115
2070,59.0,58.927711777098786
1056,58.0,58.58240039603858
866,54.0,54.420012870969074
3048,57.0,55.98113609489373
4049,53.0,51.01221467666351
2845,57.0,57.70604216090532
2855,57.0,57.11527488394414
1979,63.0,62.99403429511189
3977,62.0,61.773029407649496
1011,54.0,54.14906666437211
3025,55.0,55.30484417726943
1076,67.0,67.09901086094685
3967,58.0,58.12381007222397
801,57.0,57.878614817153675
