,y_test,prediction
1985,58.0,58.08931628573593
2073,66.0,66.02240735595807
2795,55.0,56.40276006447857
966,55.0,55.46849608836379
780,59.0,59.548881428138834
1013,57.0,57.00557991584534
2916,58.0,57.28995524432388
2880,62.0,61.37983678492661
843,59.0,59.20324508348271
2803,60.0,59.5148087679727
2966,63.0,62.57320104915707
760,73.0,71.46394684139031
767,55.0,55.442137608485844
3006,58.0,57.960896427775054
2918,62.0,62.6411220223723
2999,61.0,61.25296165353695
2946,54.0,55.23778388208785
2085,61.0,60.59676175634149
2867,58.0,57.968017239912015
3783,56.0,55.87093436381595
4051,63.0,62.54326641982807
955,53.0,52.392083645660406
2896,63.0,62.09045588721786
1971,63.0,62.93613571074131
1875,55.0,55.71503302946205
3811,52.0,52.66654945818382
865,60.0,60.004516280823914
3018,58.0,57.94162290364635
2891,57.0,56.74509726809135
4104,62.0,61.94876175641134
2986,61.0,61.242438799020846
895,54.0,55.52840675005842
936,54.0,54.372509748826985
1887,63.0,62.7219109143889
1966,59.0,58.44553230562031
1041,66.0,65.20323215086299
1894,59.0,59.783965915349086
794,59.0,59.41140519095649
2995,65.0,64.11538045546332
4088,64.0,63.98555087382344
3851,63.0,62.366892007720494
837,63.0,63.10324103219815
1917,62.0,61.734780044962136
1752,59.0,59.150504886120906
1899,63.0,62.072950360875744
1863,59.0,58.85399333131019
1910,63.0,63.223907128894936
720,45.0,50.31743213887443
759,59.0,59.59007926556524
2984,64.0,63.061103750991194
964,58.0,58.3134352981033
1914,65.0,65.30681923856301
3934,64.0,64.34058588345022
1824,56.0,56.63395903824535
3867,61.0,60.950514926055504
1865,60.0,59.8310069079958
3919,56.0,55.22997956253455
3028,67.0,64.85379768255649
3943,61.0,60.65955397207928
1017,58.0,57.833344074067284
1054,58.0,58.20615949806633
921,67.0,65.24282552886477
928,55.0,55.94942617965136
3877,57.0,56.51944288237252
4082,59.0,59.12137655126597
4129,54.0,54.922419189665256
769,55.0,55.61137146601234
2044,59.0,59.1394937431211
899,62.0,61.974116011315274
2884,62.0,61.88657914663789
1873,60.0,59.961710419474805
3847,55.0,55.11528214156451
814,65.0,65.3652662083633
775,61.0,60.643130539571715
803,55.0,55.12338444549581
2923,56.0,56.03431219825597
2046,57.0,57.4714305993253
777,63.0,62.13691560290491
1965,60.0,59.996626753506504
1879,61.0,61.02895700349782
4101,55.0,54.290869530603075
845,53.0,51.49218551735173
3615,55.0,55.67572663607528
1938,59.0,58.56647825247801
1067,64.0,64.52216066102993
1988,54.0,54.541070421076356
1990,55.0,55.483746204811844
1036,58.0,57.89906844099946
3927,59.0,59.19821400180305
1822,63.0,62.04907083384245
1937,59.0,59.4378454537146
1021,62.0,61.912384941467884
3837,57.0,56.73261217727445
850,58.0,57.97326065157779
1022,62.0,61.58781518758883
2864,62.0,61.7630493435456
3905,60.0,59.79800231378046
1726,58.0,58.256823548787324
880,58.0,58.11569771919988
1079,55.0,54.339577805502515
986,56.0,60.18159930552704
3824,62.0,61.851722983024644
808,62.0,61.4332047125175
4085,56.0,57.29029655557194
2990,57.0,57.030320322931445
3016,60.0,59.87703813584281
2068,57.0,56.974672005979706
3904,63.0,62.65734156163886
1761,63.0,62.987099717144844
1929,63.0,63.15562841666927
1871,65.0,64.19456869115058
3041,55.0,55.601687994592886
904,64.0,63.48027457031429
911,66.0,64.60383145686934
4079,61.0,61.07722682517419
3993,56.0,55.92418132319162
897,60.0,60.35544236496233
3838,48.0,46.80131484611988
4006,62.0,61.71451351448048
1891,66.0,65.08009728065552
954,66.0,64.35707323101809
3782,61.0,60.933548320854854
1852,66.0,64.272805740168
3918,57.0,56.795441400882225
1978,59.0,59.26739885551423
2997,59.0,58.793801613766675
3022,60.0,59.76497246060464
2825,57.0,56.753586519656835
956,61.0,61.27603435639863
944,59.0,58.935188637916454
1981,69.0,66.99877641189393
875,61.0,61.210341900441385
3002,53.0,51.0242791199425
1062,64.0,63.83069199385348
2963,61.0,60.99656518550566
1789,56.0,56.08524136513081
3947,55.0,55.28376861686973
2860,58.0,57.488237026827406
3948,53.0,52.62098694078155
2076,65.0,64.99240746490875
3937,61.0,60.95066439229021
2983,56.0,56.304934988774235
3917,57.0,57.194386284517414
1931,59.0,59.406328353400454
2967,60.0,60.11223111711769
2018,58.0,58.48381220566307
3832,66.0,66.16459450426098
2871,62.0,61.98754847901676
3898,62.0,61.78664854692559
1043,69.0,68.87398971848184
1069,56.0,57.00729485022282
917,63.0,63.25334351230265
3830,57.0,56.12533658032788
2089,61.0,61.01102884306665
3995,56.0,56.70375810127269
1818,62.0,61.85591720231544
4027,61.0,61.61639198926204
909,55.0,55.69556324179947
1857,62.0,61.84931245387869
1057,58.0,57.90934644950679
3868,53.0,51.636203466161824
1878,58.0,57.56752274468803
2075,66.0,66.04206610258439
2862,65.0,64.4739527222384
831,57.0,57.24848268517179
2969,61.0,60.556972134608756
738,61.0,60.62713841885618
1718,55.0,56.14084935487771
3005,58.0,57.97781191176024
1817,55.0,56.49984550324546
2027,56.0,57.17343248337652
4026,60.0,59.94477156308792
4116,65.0,63.099619255047934
4100,61.0,61.499631019705234
1039,58.0,58.11566710097728
818,65.0,65.26525330740614
2051,56.0,55.780655709309116
3906,54.0,53.74442439794277
1584,61.0,60.90498404221463
2024,53.0,52.08608937391052
3975,61.0,61.52715191076359
1071,61.0,60.68335845337666
977,57.0,56.97177341246421
1945,65.0,64.39050196169549
943,63.0,62.82111703868117
2850,60.0,59.98998456517474
1859,61.0,60.65113258100918
1528,59.0,59.58262403243911
2003,62.0,62.479806723054466
692,58.0,58.45902656032034
3876,59.0,58.8756048647174
3007,69.0,66.61468145952986
4107,58.0,58.01119862800694
781,57.0,56.505700124659505
1885,60.0,60.01853284791536
990,60.0,59.939370822687486
2870,64.0,63.82307183187548
993,56.0,55.76363045381369
2832,55.0,55.48396301642578
3915,57.0,56.52810348989483
3827,60.0,59.81630992894862
1024,61.0,60.67141094392595
4040,62.0,61.87382870391882
4001,57.0,57.180260363495705
1843,55.0,54.720317630065594
979,56.0,56.253926992209344
4060,57.0,57.646157092643286
3926,57.0,57.46844322640262
2962,60.0,60.137870101037976
3051,62.0,62.004855607128384
3037,63.0,62.94566028042044
4068,66.0,66.5269326569775
2081,60.0,60.159088254244224
989,55.0,56.09241727112736
2974,69.0,66.678222252809
2005,64.0,63.9207302384226
1006,62.0,62.04039705151712
2077,60.0,59.41506018748687
3049,54.0,53.99302640794727
1791,54.0,53.98288973917375
3036,65.0,64.09011143603831
2868,61.0,60.96098505676336
3979,61.0,60.54946455981832
810,59.0,59.3374959161795
4130,58.0,58.30082277699623
2070,59.0,58.75966726407937
1056,58.0,58.210867476280136
866,54.0,54.60924052362553
3048,57.0,56.22661938358179
4049,53.0,52.093940705693264
2845,57.0,57.32848074141855
2855,57.0,57.0309658004357
1979,63.0,62.96569029885556
3977,62.0,62.037205662318016
1011,54.0,54.38579444855801
3025,55.0,54.816775627345365
1076,67.0,68.17465123989922
3967,58.0,58.04184019431278
801,57.0,57.58488096507
