,y_test,prediction
1985,58.0,58.0
2073,66.0,66.0
2795,55.0,55.0
966,55.0,55.0
780,59.0,59.0
1013,57.0,57.0
2916,58.0,58.0
2880,62.0,62.0
843,59.0,59.0
2803,60.0,60.0
2966,63.0,63.0
760,73.0,72.2
767,55.0,55.0
3006,58.0,58.0
2918,62.0,62.0
2999,61.0,61.0
2946,54.0,54.0
2085,61.0,61.0
2867,58.0,58.0
3783,56.0,56.0
4051,63.0,63.0
955,53.0,53.0
2896,63.0,63.0
1971,63.0,63.0
1875,55.0,55.0
3811,52.0,51.97
865,60.0,60.0
3018,58.0,58.0
2891,57.0,57.0
4104,62.0,62.0
2986,61.0,61.0
895,54.0,54.0
936,54.0,54.0
1887,63.0,63.0
1966,59.0,59.0
1041,66.0,66.0
1894,59.0,59.0
794,59.0,59.0
2995,65.0,65.0
4088,64.0,64.0
3851,63.0,63.0
837,63.0,63.0
1917,62.0,62.0
1752,59.0,59.0
1899,63.0,63.0
1863,59.0,59.0
1910,63.0,63.0
720,45.0,46.63
759,59.0,59.0
2984,64.0,64.0
964,58.0,58.0
1914,65.0,65.0
3934,64.0,64.0
1824,56.0,56.0
3867,61.0,61.0
1865,60.0,60.0
3919,56.0,56.0
3028,67.0,67.0
3943,61.0,61.0
1017,58.0,58.0
1054,58.0,58.0
921,67.0,67.0
928,55.0,55.0
3877,57.0,57.0
4082,59.0,59.0
4129,54.0,54.0
769,55.0,55.0
2044,59.0,59.0
899,62.0,62.0
2884,62.0,62.0
1873,60.0,60.0
3847,55.0,55.0
814,65.0,65.0
775,61.0,61.0
803,55.0,55.0
2923,56.0,56.0
2046,57.0,57.0
777,63.0,63.0
1965,60.0,60.0
1879,61.0,61.0
4101,55.0,55.0
845,53.0,53.0
3615,55.0,55.0
1938,59.0,59.0
1067,64.0,64.0
1988,54.0,54.0
1990,55.0,55.0
1036,58.0,58.0
3927,59.0,59.0
1822,63.0,63.0
1937,59.0,59.0
1021,62.0,62.0
3837,57.0,57.0
850,58.0,58.0
1022,62.0,62.0
2864,62.0,62.0
3905,60.0,60.0
1726,58.0,58.0
880,58.0,58.0
1079,55.0,55.0
986,56.0,56.0
3824,62.0,62.0
808,62.0,62.0
4085,56.0,56.0
2990,57.0,57.0
3016,60.0,60.0
2068,57.0,57.0
3904,63.0,63.0
1761,63.0,63.0
1929,63.0,63.0
1871,65.0,65.0
3041,55.0,55.0
904,64.0,64.0
911,66.0,66.0
4079,61.0,61.0
3993,56.0,56.0
897,60.0,60.0
3838,48.0,47.45
4006,62.0,62.0
1891,66.0,66.0
954,66.0,66.0
3782,61.0,61.0
1852,66.0,66.0
3918,57.0,57.0
1978,59.0,59.0
2997,59.0,59.0
3022,60.0,60.0
2825,57.0,57.0
956,61.0,61.0
944,59.0,59.0
1981,69.0,69.11
875,61.0,61.0
3002,53.0,53.0
1062,64.0,64.0
2963,61.0,61.0
1789,56.0,56.0
3947,55.0,55.0
2860,58.0,58.0
3948,53.0,53.0
2076,65.0,65.0
3937,61.0,61.0
2983,56.0,56.0
3917,57.0,57.0
1931,59.0,59.0
2967,60.0,60.0
2018,58.0,58.0
3832,66.0,66.0
2871,62.0,62.0
3898,62.0,62.0
1043,69.0,69.0
1069,56.0,56.0
917,63.0,63.0
3830,57.0,57.0
2089,61.0,61.0
3995,56.0,56.0
1818,62.0,62.0
4027,61.0,61.0
909,55.0,55.0
1857,62.0,62.0
1057,58.0,58.0
3868,53.0,53.0
1878,58.0,58.0
2075,66.0,66.0
2862,65.0,65.0
831,57.0,57.0
2969,61.0,61.0
738,61.0,61.0
1718,55.0,55.0
3005,58.0,58.0
1817,55.0,55.0
2027,56.0,56.0
4026,60.0,60.0
4116,65.0,65.0
4100,61.0,61.0
1039,58.0,58.0
818,65.0,65.0
2051,56.0,56.0
3906,54.0,54.0
1584,61.0,61.0
2024,53.0,53.0
3975,61.0,61.0
1071,61.0,61.0
977,57.0,57.0
1945,65.0,65.0
943,63.0,63.0
2850,60.0,60.0
1859,61.0,61.0
1528,59.0,59.0
2003,62.0,62.0
692,58.0,58.0
3876,59.0,59.0
3007,69.0,69.02
4107,58.0,58.0
781,57.0,57.0
1885,60.0,60.0
990,60.0,60.0
2870,64.0,64.0
993,56.0,56.0
2832,55.0,55.0
3915,57.0,57.0
3827,60.0,60.0
1024,61.0,61.0
4040,62.0,62.0
4001,57.0,57.0
1843,55.0,55.0
979,56.0,56.0
4060,57.0,57.0
3926,57.0,57.0
2962,60.0,60.0
3051,62.0,62.0
3037,63.0,63.0
4068,66.0,66.0
2081,60.0,60.0
989,55.0,55.0
2974,69.0,69.01
2005,64.0,64.0
1006,62.0,62.0
2077,60.0,60.0
3049,54.0,54.0
1791,54.0,54.0
3036,65.0,65.0
2868,61.0,61.0
3979,61.0,61.0
810,59.0,59.0
4130,58.0,58.0
2070,59.0,59.0
1056,58.0,58.0
866,54.0,54.0
3048,57.0,57.0
4049,53.0,53.0
2845,57.0,57.0
2855,57.0,57.0
1979,63.0,63.0
3977,62.0,62.0
1011,54.0,54.0
3025,55.0,55.0
1076,67.0,67.0
3967,58.0,58.0
801,57.0,57.0
