,y_test,prediction
1985,58.0,58.22
2073,66.0,65.18
2795,55.0,56.43
966,55.0,56.13
780,59.0,58.91
1013,57.0,57.08
2916,58.0,56.64
2880,62.0,62.62
843,59.0,60.01
2803,60.0,60.03
2966,63.0,64.08
760,73.0,70.42
767,55.0,54.94
3006,58.0,57.73
2918,62.0,63.32
2999,61.0,61.26
2946,54.0,54.99
2085,61.0,61.18
2867,58.0,58.03
3783,56.0,55.6
4051,63.0,62.82
955,53.0,53.76
2896,63.0,62.14
1971,63.0,62.85
1875,55.0,55.22
3811,52.0,53.63
865,60.0,64.62
3018,58.0,58.0
2891,57.0,56.71
4104,62.0,62.52
2986,61.0,60.68
895,54.0,55.99
936,54.0,55.03
1887,63.0,62.29
1966,59.0,58.54
1041,66.0,66.64
1894,59.0,59.37
794,59.0,59.29
2995,65.0,64.92
4088,64.0,64.2
3851,63.0,62.07
837,63.0,62.47
1917,62.0,63.1
1752,59.0,59.1
1899,63.0,62.29
1863,59.0,59.07
1910,63.0,63.7
720,45.0,54.52
759,59.0,58.58
2984,64.0,64.3
964,58.0,57.5
1914,65.0,64.7
3934,64.0,63.9
1824,56.0,56.09
3867,61.0,61.54
1865,60.0,59.27
3919,56.0,55.56
3028,67.0,64.97
3943,61.0,61.24
1017,58.0,58.2
1054,58.0,57.45
921,67.0,64.8
928,55.0,55.37
3877,57.0,56.65
4082,59.0,58.98
4129,54.0,55.3
769,55.0,55.26
2044,59.0,59.02
899,62.0,61.05
2884,62.0,62.46
1873,60.0,59.25
3847,55.0,55.79
814,65.0,64.57
775,61.0,61.17
803,55.0,55.21
2923,56.0,56.58
2046,57.0,57.41
777,63.0,63.09
1965,60.0,59.63
1879,61.0,61.06
4101,55.0,55.28
845,53.0,54.84
3615,55.0,54.86
1938,59.0,57.9
1067,64.0,63.21
1988,54.0,54.79
1990,55.0,55.44
1036,58.0,58.02
3927,59.0,58.78
1822,63.0,62.66
1937,59.0,59.52
1021,62.0,60.94
3837,57.0,57.09
850,58.0,57.34
1022,62.0,62.03
2864,62.0,61.67
3905,60.0,59.13
1726,58.0,58.08
880,58.0,57.66
1079,55.0,55.78
986,56.0,53.74
3824,62.0,62.38
808,62.0,61.41
4085,56.0,56.3
2990,57.0,56.78
3016,60.0,60.15
2068,57.0,56.86
3904,63.0,62.6
1761,63.0,62.66
1929,63.0,59.51
1871,65.0,64.81
3041,55.0,55.65
904,64.0,63.99
911,66.0,64.8
4079,61.0,60.76
3993,56.0,55.92
897,60.0,59.76
3838,48.0,50.22
4006,62.0,62.47
1891,66.0,66.38
954,66.0,65.03
3782,61.0,60.67
1852,66.0,65.04
3918,57.0,56.45
1978,59.0,59.02
2997,59.0,58.87
3022,60.0,59.05
2825,57.0,56.81
956,61.0,61.2
944,59.0,59.3
1981,69.0,67.13
875,61.0,60.78
3002,53.0,55.56
1062,64.0,64.06
2963,61.0,61.22
1789,56.0,55.99
3947,55.0,55.27
2860,58.0,56.78
3948,53.0,54.25
2076,65.0,65.19
3937,61.0,61.14
2983,56.0,55.51
3917,57.0,57.04
1931,59.0,59.32
2967,60.0,60.22
2018,58.0,58.73
3832,66.0,65.25
2871,62.0,59.88
3898,62.0,61.43
1043,69.0,67.79
1069,56.0,56.08
917,63.0,62.91
3830,57.0,56.54
2089,61.0,60.71
3995,56.0,56.84
1818,62.0,63.39
4027,61.0,61.21
909,55.0,56.41
1857,62.0,63.23
1057,58.0,57.54
3868,53.0,54.96
1878,58.0,58.03
2075,66.0,66.01
2862,65.0,64.46
831,57.0,57.01
2969,61.0,61.13
738,61.0,60.87
1718,55.0,55.56
3005,58.0,58.3
1817,55.0,56.56
2027,56.0,55.95
4026,60.0,59.41
4116,65.0,63.71
4100,61.0,60.93
1039,58.0,58.11
818,65.0,63.5
2051,56.0,55.83
3906,54.0,55.63
1584,61.0,60.17
2024,53.0,53.6
3975,61.0,60.77
1071,61.0,61.17
977,57.0,56.53
1945,65.0,64.96
943,63.0,61.47
2850,60.0,60.02
1859,61.0,61.5
1528,59.0,58.84
2003,62.0,61.79
692,58.0,57.45
3876,59.0,57.84
3007,69.0,66.91
4107,58.0,58.01
781,57.0,56.31
1885,60.0,59.85
990,60.0,59.96
2870,64.0,63.84
993,56.0,55.7
2832,55.0,55.81
3915,57.0,57.18
3827,60.0,60.21
1024,61.0,60.44
4040,62.0,61.15
4001,57.0,57.15
1843,55.0,55.39
979,56.0,56.11
4060,57.0,56.91
3926,57.0,57.36
2962,60.0,60.86
3051,62.0,61.76
3037,63.0,62.11
4068,66.0,64.71
2081,60.0,60.16
989,55.0,55.97
2974,69.0,68.52
2005,64.0,64.31
1006,62.0,62.06
2077,60.0,59.22
3049,54.0,54.77
1791,54.0,53.95
3036,65.0,65.12
2868,61.0,61.03
3979,61.0,61.12
810,59.0,59.61
4130,58.0,58.12
2070,59.0,58.49
1056,58.0,58.03
866,54.0,54.94
3048,57.0,56.81
4049,53.0,54.61
2845,57.0,57.68
2855,57.0,56.41
1979,63.0,62.93
3977,62.0,62.04
1011,54.0,54.71
3025,55.0,55.07
1076,67.0,65.75
3967,58.0,58.05
801,57.0,56.39
