,y_test,prediction
16189,59.0,59.0
16072,69.0,69.08
10052,66.0,66.0
4086,65.0,65.0
21819,66.0,66.0
9454,62.0,62.0
5437,61.0,61.0
16184,68.0,68.0
22242,65.0,65.0
9881,61.0,61.0
10486,54.0,54.0
9238,58.0,58.0
4232,55.0,55.0
4383,60.0,60.0
4858,58.0,58.0
9937,63.0,63.0
11140,58.0,58.0
5726,55.0,55.0
10057,56.0,56.0
5830,64.0,64.0
10078,61.0,61.0
16481,52.0,51.81
9564,59.0,59.0
5232,67.0,67.0
9364,58.0,58.0
22140,61.0,61.0
4688,59.0,59.0
5068,58.0,58.0
15760,56.0,56.0
22298,65.0,65.0
5066,58.0,58.0
5591,59.0,59.0
20639,54.0,54.0
21897,56.0,56.0
11220,55.0,55.0
5408,60.0,60.0
10650,57.0,57.0
22225,63.0,63.0
16179,58.0,58.0
4208,58.0,58.0
10484,63.0,63.0
5258,59.0,59.0
16111,56.0,56.0
3885,61.0,61.0
10288,59.0,59.0
5447,53.0,53.0
10243,58.0,58.0
11209,66.0,66.0
15637,57.0,57.0
21391,58.0,58.0
20551,53.0,53.0
9973,56.0,56.0
14849,56.0,56.0
14673,61.0,61.0
22113,57.0,57.0
21328,57.0,57.0
21484,54.0,54.0
16397,55.0,55.0
22209,66.0,66.0
20808,62.0,62.0
10703,66.0,66.0
10129,61.0,61.0
4427,56.0,56.0
16053,48.0,47.86
22286,54.0,54.0
3968,56.0,56.0
16182,68.0,68.0
9909,61.0,61.0
5027,63.0,63.0
4657,65.0,65.0
10745,63.0,63.0
3975,58.0,58.0
11263,61.0,61.0
21469,63.0,63.0
5768,58.0,58.0
5130,54.0,54.0
16057,56.0,56.0
5136,61.0,61.0
5488,56.0,56.0
5761,58.0,58.0
15638,63.0,63.0
9617,63.0,63.0
21936,60.0,60.0
10265,58.0,58.0
21269,67.0,67.0
22262,60.0,60.0
11278,61.0,61.0
4804,55.0,55.0
21426,61.0,61.0
21615,57.0,57.0
11197,55.0,55.0
20912,48.0,47.35
16090,61.0,61.0
3984,59.0,59.0
9370,55.0,55.0
15816,58.0,58.0
10190,54.0,54.0
10109,64.0,64.0
14881,57.0,57.0
5728,60.0,60.0
20995,56.0,56.0
4672,57.0,57.0
15827,70.0,69.92
15922,54.0,54.0
4060,61.0,61.0
16177,65.0,65.0
5580,61.0,61.0
22362,54.0,54.0
11088,58.0,58.0
15524,64.0,64.0
10267,58.0,58.0
21870,62.0,62.0
4163,58.0,58.0
4736,60.0,60.0
4229,54.0,54.0
10821,61.0,61.0
10569,60.0,60.0
11126,58.0,58.0
10120,62.0,62.0
16353,55.0,55.0
21165,63.0,63.0
4295,57.0,57.0
9979,59.0,59.0
15337,63.0,63.0
16193,53.0,53.0
4532,55.0,55.0
22341,54.0,54.0
5782,64.0,64.0
5669,58.0,58.0
9981,58.0,58.0
5531,57.0,57.0
4886,63.0,63.0
5185,63.0,63.0
9555,63.0,63.0
15329,65.0,65.0
21413,72.0,72.44
10556,65.0,65.0
5230,63.0,63.0
22217,57.0,57.0
10832,61.0,61.0
21454,53.0,53.0
4445,65.0,65.0
20708,64.0,64.0
5263,59.0,59.0
5041,57.0,57.0
10629,56.0,56.0
14833,60.0,60.0
5418,56.0,56.0
5692,66.0,66.0
10295,65.0,65.0
5741,57.0,57.0
5766,58.0,58.0
15326,63.0,63.0
10474,59.0,59.0
21459,63.0,63.0
15817,58.0,58.0
5724,55.0,55.0
10424,60.0,60.0
10639,60.0,60.0
15682,56.0,56.0
22177,56.0,56.0
21508,61.0,61.0
11023,61.0,61.0
4271,61.0,61.0
4408,58.0,58.0
5131,54.0,54.0
9550,56.0,56.0
10602,58.0,58.0
21195,55.0,55.0
21205,60.0,60.0
15091,58.0,58.0
15953,56.0,56.0
9403,63.0,63.0
4093,59.0,59.0
5775,60.0,60.0
4285,63.0,63.0
21988,61.0,61.0
9563,59.0,59.0
4751,54.0,54.0
5752,58.0,58.0
9940,63.0,63.0
11017,59.0,59.0
4443,59.0,59.0
11003,56.0,56.0
16214,60.0,60.0
10958,64.0,64.0
21267,67.0,67.0
10575,54.0,54.0
21453,53.0,53.0
10990,62.0,62.0
21787,59.0,59.0
10410,61.0,61.0
5302,59.0,59.0
15126,63.0,63.0
11226,65.0,65.0
16371,60.0,60.0
10831,61.0,61.0
16480,52.0,51.81
21570,58.0,58.0
5575,61.0,61.0
4220,55.0,55.0
4865,61.0,61.0
9997,61.0,61.0
4575,58.0,58.0
16197,61.0,61.0
10928,62.0,62.0
14775,61.0,61.0
15418,60.0,60.0
10126,61.0,61.0
21177,60.0,60.0
15939,67.0,67.0
15960,55.0,55.0
21156,60.0,60.0
10946,57.0,57.0
11040,62.0,62.0
11261,66.0,66.0
4996,58.0,58.0
4734,55.0,55.0
22192,59.0,59.0
10685,68.0,68.01
5423,55.0,55.0
5450,70.0,70.0
5045,67.0,67.0
21490,60.0,60.0
5845,57.0,57.0
16167,59.0,59.0
9866,58.0,58.0
21998,63.0,63.0
10539,54.0,54.0
16093,58.0,58.0
10482,58.0,58.0
4992,61.0,61.0
10868,54.0,54.0
5373,54.0,54.0
10926,59.0,59.0
16295,67.0,67.0
5048,57.0,57.0
15848,63.0,63.0
5767,58.0,58.0
10691,62.0,62.0
10313,59.0,59.0
21753,59.0,59.0
10578,68.0,68.0
15634,53.0,53.0
11036,52.0,51.75
11160,64.0,64.0
15639,63.0,63.0
5001,58.0,58.0
10697,62.0,62.0
10232,65.0,65.0
9466,57.0,57.0
16188,59.0,59.0
10193,59.0,59.0
22053,58.0,58.0
10142,55.0,55.0
10774,68.0,68.0
4675,64.0,64.0
10392,65.0,65.0
5383,63.0,63.0
5780,58.0,58.0
21276,62.0,62.0
16176,65.0,65.0
10245,61.0,61.0
11259,57.0,57.0
20984,61.0,61.0
5813,61.0,61.0
16256,58.0,58.0
16059,62.0,62.0
4699,61.0,61.0
20718,54.0,54.0
5806,56.0,56.0
5773,60.0,60.0
22141,61.0,61.0
5339,56.0,56.0
10853,59.0,59.0
4796,55.0,55.0
3754,57.0,57.0
21852,61.0,61.0
10225,58.0,58.0
10601,58.0,58.0
5708,69.0,69.05
22254,62.0,62.0
11131,61.0,61.0
16342,64.0,64.0
16017,63.0,63.0
4797,55.0,55.0
21228,63.0,63.0
5770,61.0,61.0
15754,58.0,58.0
22345,62.0,62.0
22374,53.0,53.0
15334,62.0,62.0
15894,65.0,65.0
20538,61.0,61.0
4146,58.0,58.0
16477,68.0,68.01
4057,60.0,60.0
4384,60.0,60.0
5135,63.0,63.0
16115,61.0,61.0
4385,60.0,60.0
11186,57.0,57.0
4406,55.0,55.0
21393,64.0,64.0
9848,59.0,59.0
11142,58.0,58.0
21395,61.0,61.0
10266,58.0,58.0
10653,52.0,52.0
10525,55.0,55.0
21398,61.0,61.0
15370,60.0,60.0
4474,65.0,65.0
5557,61.0,61.0
5492,54.0,54.0
22181,64.0,64.0
16105,65.0,65.0
15861,55.0,55.0
5663,56.0,56.0
10042,57.0,57.0
11280,59.0,59.0
20552,53.0,53.0
16183,68.0,68.0
11022,61.0,61.0
21058,58.0,58.0
10272,60.0,60.0
14643,58.0,58.0
21003,57.0,57.0
15640,62.0,62.0
21317,56.0,56.0
22207,57.0,57.0
15851,57.0,57.0
9959,54.0,54.0
5435,67.0,67.0
4926,59.0,59.0
4948,63.0,63.0
10568,60.0,60.0
