,y_test,prediction
1985,58.0,58.053393507343465
2073,66.0,66.10896542516386
2795,55.0,55.220883426225726
966,55.0,55.130172328461846
780,59.0,58.958554462836794
1013,57.0,57.08502681478875
2916,58.0,57.75108909503018
2880,62.0,61.83344937059471
843,59.0,58.7780896390474
2803,60.0,59.91432603794233
2966,63.0,62.857481740744944
760,73.0,73.48758808392068
767,55.0,55.16578125703026
3006,58.0,57.937803059999425
2918,62.0,61.93929682467602
2999,61.0,60.936594536237166
2946,54.0,54.33018083441219
2085,61.0,60.862878960746954
2867,58.0,58.033811875170485
3783,56.0,55.907592728305694
4051,63.0,62.98493927033316
955,53.0,53.05405334925143
2896,63.0,62.72049173799633
1971,63.0,62.91936123569999
1875,55.0,55.20278544270805
3811,52.0,52.194009372545786
865,60.0,59.93827643783614
3018,58.0,58.02389707398002
2891,57.0,57.08224007244634
4104,62.0,61.8850408584628
2986,61.0,60.89558470701674
895,54.0,54.215026020048626
936,54.0,54.17816273702781
1887,63.0,62.983481775917845
1966,59.0,58.69232915673636
1041,66.0,65.74675256900582
1894,59.0,58.96043944422616
794,59.0,58.99600951810384
2995,65.0,64.73647256085081
4088,64.0,63.95916299869387
3851,63.0,62.79507634488922
837,63.0,63.017036507898744
1917,62.0,61.84021346981593
1752,59.0,58.96207881121448
1899,63.0,62.72603823498696
1863,59.0,58.84612323724158
1910,63.0,62.87534435160464
720,45.0,46.79362195012982
759,59.0,58.97953680684532
2984,64.0,63.91259521220846
964,58.0,58.00162510812398
1914,65.0,65.08053156988069
3934,64.0,64.06076838649103
1824,56.0,56.09754299146669
3867,61.0,60.92036693799203
1865,60.0,59.91076953776452
3919,56.0,55.99078976929948
3028,67.0,66.81282792887362
3943,61.0,60.93507800506646
1017,58.0,58.01782449799911
1054,58.0,58.020767115123945
921,67.0,66.91787761825022
928,55.0,55.2316910275417
3877,57.0,57.07121258425772
4082,59.0,58.987312409354246
4129,54.0,54.324420385595545
769,55.0,55.24222326484827
2044,59.0,58.96731968586384
899,62.0,61.90850489003802
2884,62.0,61.96326680561781
1873,60.0,59.89321632040277
3847,55.0,55.085434958465186
814,65.0,64.9947208089526
775,61.0,60.95582230558108
803,55.0,55.208625230508
2923,56.0,56.03881024823117
2046,57.0,56.95755905490664
777,63.0,62.87156548017875
1965,60.0,59.94525319203773
1879,61.0,60.77117318183617
4101,55.0,54.824402310251806
845,53.0,52.817921833186375
3615,55.0,55.226348811358704
1938,59.0,58.998530908817614
1067,64.0,64.02577807216963
1988,54.0,54.21532146374792
1990,55.0,55.12915154984745
1036,58.0,58.03547059986576
3927,59.0,58.977280577836716
1822,63.0,62.81650341320411
1937,59.0,58.99849280639544
1021,62.0,61.87586129075015
3837,57.0,57.014944376474986
850,58.0,58.03054461649917
1022,62.0,61.76186715075157
2864,62.0,61.90148532185431
3905,60.0,59.98659064977528
1726,58.0,57.94020500835148
880,58.0,58.0276706843223
1079,55.0,54.949479261758455
986,56.0,56.048549221919174
3824,62.0,61.903293289589755
808,62.0,61.95058031367054
4085,56.0,56.13082431288127
2990,57.0,57.08747674983702
3016,60.0,59.910788909665385
2068,57.0,57.07558870855836
3904,63.0,62.96115397234288
1761,63.0,62.91971310012569
1929,63.0,62.98729773886124
1871,65.0,64.733481852506
3041,55.0,55.16863160559524
904,64.0,63.97167593649283
911,66.0,65.71798233829882
4079,61.0,60.924615623160165
3993,56.0,56.079332220665655
897,60.0,59.98649046177913
3838,48.0,48.27454311650115
4006,62.0,61.87493109677687
1891,66.0,65.86293242219551
954,66.0,65.50860316916864
3782,61.0,60.916197445197604
1852,66.0,65.78383607724248
3918,57.0,57.0194878025484
1978,59.0,58.95533863737863
2997,59.0,58.97774907350754
3022,60.0,59.98178735029936
2825,57.0,57.010932277683516
956,61.0,60.926363092370075
944,59.0,58.93136067070575
1981,69.0,69.05902499348339
875,61.0,60.93882284383774
3002,53.0,52.44277378344701
1062,64.0,63.98701049419552
2963,61.0,60.965676913628585
1789,56.0,56.159560444385214
3947,55.0,55.148565918949586
2860,58.0,57.96510835037846
3948,53.0,53.15779076758729
2076,65.0,65.03012470762836
3937,61.0,60.96418161663346
2983,56.0,56.0507810672866
3917,57.0,56.93407943790443
1931,59.0,58.950525762443974
2967,60.0,59.95686587506795
2018,58.0,57.97100073406355
3832,66.0,65.96653074290685
2871,62.0,61.949621283021855
3898,62.0,61.96675286703181
1043,69.0,69.07000015132303
1069,56.0,56.142070146235795
917,63.0,62.91269121458041
3830,57.0,56.80743587957876
2089,61.0,60.97537189161318
3995,56.0,56.07659717736648
1818,62.0,61.829152608179285
4027,61.0,60.940992082407526
909,55.0,55.14109238992651
1857,62.0,61.73313234238694
1057,58.0,58.028054855085514
3868,53.0,52.756033733964486
1878,58.0,57.71852957247806
2075,66.0,66.14136442130658
2862,65.0,64.8599145914533
831,57.0,57.00293911511925
2969,61.0,60.93082912184981
738,61.0,60.939088232471676
1718,55.0,55.17576765145523
3005,58.0,58.027266399530774
1817,55.0,55.216552337956
2027,56.0,56.11166737265504
4026,60.0,59.953422416202486
4116,65.0,64.18281389112097
4100,61.0,60.98336764065267
1039,58.0,58.04842203540957
818,65.0,65.09596728247709
2051,56.0,56.05318430868071
3906,54.0,53.90174888893104
1584,61.0,60.775116177149116
2024,53.0,53.044507647727116
3975,61.0,60.89270665146505
1071,61.0,60.967163436447734
977,57.0,57.0490417848029
1945,65.0,64.81396071715012
943,63.0,62.9813160293091
2850,60.0,59.98043262685604
1859,61.0,60.95134287070968
1528,59.0,58.956823569810034
2003,62.0,61.97667191081132
692,58.0,58.0125902133801
3876,59.0,58.997210299469145
3007,69.0,68.92182379077565
4107,58.0,58.02851813833091
781,57.0,57.01694003151298
1885,60.0,59.95691594181405
990,60.0,59.97976368677044
2870,64.0,64.06650191212648
993,56.0,56.06659965345236
2832,55.0,55.16931501212457
3915,57.0,56.660663069912076
3827,60.0,59.95452801901587
1024,61.0,60.95030973718075
4040,62.0,62.00062925746923
4001,57.0,56.94881893774176
1843,55.0,55.05724721701102
979,56.0,56.088183415407826
4060,57.0,57.07515109014386
3926,57.0,56.86688254576793
2962,60.0,59.967840304643204
3051,62.0,61.961657242741246
3037,63.0,63.01500889275338
4068,66.0,66.1500131091587
2081,60.0,59.977726230917106
989,55.0,55.225534835999255
2974,69.0,68.6081149834348
2005,64.0,63.939588784316854
1006,62.0,61.94761179540265
2077,60.0,59.901313179259134
3049,54.0,54.27452704110115
1791,54.0,53.9849874452777
3036,65.0,64.94597347802554
2868,61.0,60.87276720756611
3979,61.0,60.77730843506149
810,59.0,58.98285342460285
4130,58.0,57.93257403458864
2070,59.0,58.990719604608856
1056,58.0,58.01689078045783
866,54.0,54.315364569391164
3048,57.0,56.95590108431033
4049,53.0,52.94055029700161
2845,57.0,57.0189066884977
2855,57.0,56.88023496697238
1979,63.0,62.93930217884431
3977,62.0,61.958430784394736
1011,54.0,54.336012791228356
3025,55.0,55.00491400707514
1076,67.0,67.23407289396597
3967,58.0,58.041661350763206
801,57.0,56.97284540322026
