,y_test,prediction
16189,59.0,59.0030789255589
16072,69.0,68.94675296883113
10052,66.0,65.9621102280224
4086,65.0,64.96917710822382
21819,66.0,65.96742239294333
9454,62.0,61.98028463547833
5437,61.0,60.988095218768684
16184,68.0,67.95010133358791
22242,65.0,64.96811467523963
9881,61.0,60.991070031124416
10486,54.0,54.03894454305815
9238,58.0,58.00961458926824
4232,55.0,55.031133959767786
4383,60.0,59.99973056080213
4858,58.0,58.00642729031567
9937,63.0,62.981717219150404
11140,58.0,58.001115125394726
5726,55.0,55.02762793091996
10057,56.0,56.016842535273874
5830,64.0,63.97836885439363
10078,61.0,60.99053881463232
16481,52.0,52.03076721079305
9564,59.0,59.00467257503518
5232,67.0,66.95716821378934
9364,58.0,58.00855215628405
22140,61.0,60.98628908269557
4688,59.0,59.003610142050995
5068,58.0,58.004302424347294
15760,56.0,56.01631131878178
22298,65.0,64.97342684016058
5066,58.0,58.004302424347294
5591,59.0,58.99936041011424
20639,54.0,54.03150751216883
21897,56.0,56.02693564862366
11220,55.0,55.02656549793578
5408,60.0,60.001111723681575
10650,57.0,57.00658835611988
22225,63.0,62.97374897176899
16179,58.0,58.00642729031567
4208,58.0,58.014395537697084
10484,63.0,62.96524950789548
5258,59.0,59.000954059590526
16111,56.0,56.02162348370272
3885,61.0,60.98203935075881
10288,59.0,58.99457946168539
5447,53.0,53.03857439237026
10243,58.0,58.01014580576033
11209,66.0,65.9615790115303
15637,57.0,57.00765078910406
21391,58.0,58.01705162015756
20551,53.0,53.03751195938607
9973,56.0,56.021092267210626
14849,56.0,56.013655236321306
14673,61.0,60.98894516515604
22113,57.0,57.01827511894595
21328,57.0,57.01880633543804
21484,54.0,54.028851429708354
16397,55.0,55.02762793091996
22209,66.0,65.96848482592752
20808,62.0,61.986659233383456
10703,66.0,65.95254833116469
10129,61.0,60.99213246410861
4427,56.0,56.02162348370272
16053,48.0,48.081345824266734
22286,54.0,54.0251329142637
3968,56.0,56.023217133179
16182,68.0,67.95010133358791
9909,61.0,60.99903827850583
5027,63.0,62.981717219150404
4657,65.0,64.96970832471592
10745,63.0,62.97534262124527
3975,58.0,58.014395537697084
11263,61.0,60.99585097955327
21469,63.0,62.974811404753176
5768,58.0,58.01120823874452
5130,54.0,54.036288460597675
16057,56.0,56.02534199914738
5136,61.0,60.991070031124416
5488,56.0,56.01153037035293
5761,58.0,58.01227067172871
15638,63.0,62.98012356967412
9617,63.0,62.978529920197836
21936,60.0,59.99601204535747
10265,58.0,58.0128018882208
21269,67.0,66.95291848185259
22262,60.0,59.991762313420715
11278,61.0,60.98628908269557
4804,55.0,55.02709671442787
21426,61.0,60.990007598140224
21615,57.0,57.0134941705171
11197,55.0,55.02656549793578
20912,48.0,48.068065411964376
16090,61.0,60.99075130122916
3984,59.0,59.00467257503518
9370,55.0,55.03453374531719
15816,58.0,58.01067702225242
10190,54.0,54.032569945153014
10109,64.0,63.97783763790154
14881,57.0,57.01827511894595
5728,60.0,59.99973056080213
20995,56.0,56.024279566163194
4672,57.0,57.006057139627785
15827,70.0,69.94340460407436
15922,54.0,54.033632378137206
4060,61.0,60.98841394866395
16177,65.0,64.97023954120802
5580,61.0,60.98628908269557
22362,54.0,54.036288460597675
11088,58.0,58.01067702225242
15524,64.0,63.97252547298059
10267,58.0,58.0128018882208
21870,62.0,61.98347193443089
4163,58.0,58.00908337277614
4736,60.0,60.00716759169145
4229,54.0,54.032569945153014
10821,61.0,60.993726113584884
10569,60.0,59.999199344310036
11126,58.0,57.99952147591844
10120,62.0,61.985596800399264
16353,55.0,55.028159147412055
21165,63.0,62.98384208511878
4295,57.0,57.01136930454872
9979,59.0,59.00201649257471
15337,63.0,62.98012356967412
16193,53.0,53.027950062528376
4532,55.0,55.02337819898321
22341,54.0,54.03575724410558
5782,64.0,63.96615087507546
5669,58.0,58.01014580576033
9981,58.0,58.01120823874452
5531,57.0,57.009244438580346
4886,63.0,62.97906113668993
5185,63.0,62.97959235318203
9555,63.0,62.97374897176899
15329,65.0,64.97289562366848
21413,72.0,71.92661476121103
10556,65.0,64.9718331906843
5230,63.0,62.96578072438757
22217,57.0,57.02199363439061
10832,61.0,60.990007598140224
21454,53.0,53.03007492849675
4445,65.0,64.96439615979497
20708,64.0,63.96827574104384
5263,59.0,59.003610142050995
5041,57.0,57.01561903648548
10629,56.0,56.00728063841618
14833,60.0,59.98963744745234
5418,56.0,56.01524888579759
5692,66.0,65.96317266100658
10295,65.0,64.96917710822382
5741,57.0,57.01455660350129
5766,58.0,58.01120823874452
15326,63.0,62.98277965213459
10474,59.0,59.006266224511464
21459,63.0,62.97906113668993
15817,58.0,58.01067702225242
5724,55.0,55.02762793091996
10424,60.0,59.998136911325844
10639,60.0,59.991762313420715
15682,56.0,56.01578010228968
22177,56.0,56.02959173108414
21508,61.0,60.99346050533884
11023,61.0,60.99531976306117
4271,61.0,60.99585097955327
4408,58.0,58.01120823874452
5131,54.0,54.036288460597675
9550,56.0,56.020561050718534
10602,58.0,57.99633417696588
21195,55.0,55.03825226076185
21205,60.0,59.99707447834166
15091,58.0,58.00483364083939
15953,56.0,56.01578010228968
9403,63.0,62.9822484356425
4093,59.0,59.00679744100356
5775,60.0,59.99973056080213
4285,63.0,62.984904518102965
21988,61.0,60.991070031124416
9563,59.0,59.00467257503518
4751,54.0,54.02938264620045
5752,58.0,58.014395537697084
9940,63.0,62.981717219150404
11017,59.0,59.00785987398775
4443,59.0,59.00785987398775
11003,56.0,56.023217133179
16214,60.0,59.98666263509661
10958,64.0,63.97677520491735
21267,67.0,66.95291848185259
10575,54.0,54.036288460597675
21453,53.0,53.03007492849675
10990,62.0,61.98453436741508
21787,59.0,59.011047172940316
10410,61.0,60.99319489709279
5302,59.0,58.99936041011424
15126,63.0,62.97746748721365
11226,65.0,64.96598980927126
16371,60.0,59.999199344310036
10831,61.0,60.990007598140224
16480,52.0,52.03076721079305
21570,58.0,58.01120823874452
5575,61.0,60.98628908269557
4220,55.0,55.02762793091996
4865,61.0,60.993726113584884
9997,61.0,60.9926636806007
4575,58.0,58.0032399913631
16197,61.0,60.99531976306117
10928,62.0,61.98719044987555
14775,61.0,60.9926636806007
15418,60.0,59.99229352991281
10126,61.0,60.99213246410861
21177,60.0,59.998136911325844
15939,67.0,66.9598242962498
15960,55.0,55.035596178301375
21156,60.0,59.99282474640491
10946,57.0,57.0134941705171
11040,62.0,61.98081585197042
11261,66.0,65.9610477950382
4996,58.0,58.00908337277614
4734,55.0,55.03028401338044
22192,59.0,59.0030789255589
10685,68.0,67.95541349850885
5423,55.0,55.03134644636462
5450,70.0,69.9402173051218
5045,67.0,66.960886729234
21490,60.0,59.999199344310036
5845,57.0,57.0140253870092
16167,59.0,59.00892230697194
9866,58.0,58.00217755837892
21998,63.0,62.97693627072155
10539,54.0,54.0346948111214
16093,58.0,58.0037712078552
10482,58.0,58.01598918717337
4992,61.0,60.979914484790434
10868,54.0,54.02778899672417
5373,54.0,54.02938264620045
10926,59.0,59.000954059590526
16295,67.0,66.960886729234
5048,57.0,57.01721268596176
15848,63.0,62.98437330161087
5767,58.0,58.01120823874452
10691,62.0,61.9919713983044
10313,59.0,59.00414135854309
21753,59.0,59.00892230697194
10578,68.0,67.95275741604839
15634,53.0,53.03751195938607
11036,52.0,52.03926667466656
11160,64.0,63.97677520491735
15639,63.0,62.98012356967412
5001,58.0,58.00908337277614
10697,62.0,61.9919713983044
10232,65.0,64.96864589173173
9466,57.0,57.02146241789852
16188,59.0,58.99882919362214
10193,59.0,58.993517028701206
22053,58.0,58.004302424347294
10142,55.0,55.02337819898321
10774,68.0,67.95328863254048
4675,64.0,63.981024936854105
10392,65.0,64.95961521136613
5383,63.0,62.97534262124527
5780,58.0,58.00642729031567
21276,62.0,61.99090896532021
16176,65.0,64.97023954120802
10245,61.0,60.99531976306117
11259,57.0,57.023056067374796
20984,61.0,60.98958262494655
5813,61.0,60.99213246410861
16256,58.0,58.0037712078552
16059,62.0,61.98719044987555
4699,61.0,60.99531976306117
20718,54.0,54.02672656373998
5806,56.0,56.023748349671095
5773,60.0,59.99973056080213
22141,61.0,60.98628908269557
5339,56.0,56.01949861773434
10853,59.0,58.997235544145866
4796,55.0,55.02656549793578
3754,57.0,57.02571214983527
21852,61.0,60.993726113584884
10225,58.0,58.01705162015756
10601,58.0,57.99633417696588
5708,69.0,68.94303445338647
22254,62.0,61.98347193443089
11131,61.0,60.987351515679755
16342,64.0,63.97093182350431
16017,63.0,62.97906113668993
4797,55.0,55.02656549793578
21228,63.0,62.98277965213459
5770,61.0,60.99319489709279
15754,58.0,58.01120823874452
22345,62.0,61.97497247055738
22374,53.0,53.0438865572912
15334,62.0,61.989846532336024
15894,65.0,64.97236440717639
20538,61.0,60.98575786620347
4146,58.0,58.011739455236615
16477,68.0,67.95222619955628
4057,60.0,59.99601204535747
4384,60.0,59.99973056080213
5135,63.0,62.981186002658305
16115,61.0,60.991070031124416
4385,60.0,59.99973056080213
11186,57.0,57.016150252977575
4406,55.0,55.0239094154753
21393,64.0,63.96933817402803
9848,59.0,59.000954059590526
11142,58.0,58.001115125394726
21395,61.0,60.98682029918766
10266,58.0,58.0128018882208
10653,52.0,52.03767302519027
10525,55.0,55.033736920579045
21398,61.0,60.98682029918766
15370,60.0,59.99866812781794
4474,65.0,64.96492737628706
5557,61.0,60.98788273217185
5492,54.0,54.032569945153014
22181,64.0,63.97518155544107
16105,65.0,64.9718331906843
15861,55.0,55.03453374531719
5663,56.0,56.021092267210626
10042,57.0,57.00765078910406
11280,59.0,59.00414135854309
20552,53.0,53.03751195938607
16183,68.0,67.95010133358791
11022,61.0,60.99531976306117
21058,58.0,58.01652040366546
10272,60.0,59.99707447834166
14643,58.0,58.00961458926824
21003,57.0,57.01721268596176
15640,62.0,61.985596800399264
21317,56.0,56.01153037035293
22207,57.0,57.01774390245386
15851,57.0,57.02146241789852
9959,54.0,54.029913862692545
5435,67.0,66.95238726536049
4926,59.0,59.0025477090668
4948,63.0,62.984904518102965
10568,60.0,59.999199344310036
