,y_test,prediction
10408,55.0,58.78
4343,54.0,64.11
13302,90.0,72.65
10040,72.0,74.83
8947,76.0,74.13
6147,84.0,65.3
19082,48.0,57.16
5519,47.0,47.68
5022,55.0,56.74
7744,62.0,63.33
11878,67.0,74.62
10602,78.0,76.46
124,76.0,58.97
14702,71.0,66.49
11132,48.0,51.24
12000,70.0,68.7
3213,90.0,59.89
6192,93.0,80.23
11696,117.0,94.49
10373,72.0,62.88
11317,77.0,86.38
8746,60.0,60.45
13169,91.0,83.81
11609,54.0,75.67
15944,69.0,66.48
6358,87.0,63.34
374,58.0,63.53
20867,73.0,72.81
13666,59.0,60.93
20946,49.0,78.6
18921,68.0,69.44
13644,41.0,43.4
9536,51.0,60.71
19755,58.0,76.83
8131,35.0,75.41
13631,83.0,81.97
20997,50.0,58.02
22300,50.0,64.17
7303,78.0,74.59
34,113.0,66.74
6370,80.0,74.31
22153,80.0,70.47
20209,56.0,56.7
4143,52.0,69.64
5752,45.0,55.64
14672,51.0,53.34
1604,97.0,84.7
19957,72.0,81.07
15564,53.0,65.2
10266,81.0,78.69
4347,54.0,54.32
14309,53.0,59.73
8933,70.0,64.61
7528,56.0,68.58
13071,81.0,72.74
19381,56.0,63.83
11201,74.0,70.95
18555,84.0,65.29
8065,61.0,61.06
20271,96.0,93.71
5768,63.0,62.77
13653,25.0,28.28
18585,55.0,66.25
13769,56.0,58.14
14579,70.0,54.89
8017,53.0,53.4
19248,48.0,67.09
1980,53.0,77.19
3498,80.0,80.62
674,42.0,63.92
11000,47.0,51.08
6623,67.0,74.64
1244,105.0,87.91
3577,68.0,65.93
3947,51.0,59.44
13649,50.0,55.93
12423,82.0,83.0
4486,53.0,62.86
12498,67.0,58.97
7185,73.0,74.41
6729,87.0,81.68
4481,68.0,69.98
1172,63.0,73.96
15813,72.0,71.31
8016,53.0,53.4
9836,75.0,76.02
20922,77.0,63.58
15346,68.0,73.72
13506,67.0,82.52
13905,39.0,45.98
19844,74.0,69.17
14592,53.0,54.45
22094,63.0,64.03
12729,81.0,75.2
22113,55.0,58.9
95,69.0,79.0
1723,71.0,80.75
10780,43.0,53.02
1151,91.0,76.37
16564,63.0,62.99
4587,91.0,88.91
15131,68.0,68.32
17902,93.0,75.97
17947,54.0,53.4
19298,84.0,72.39
12224,87.0,72.45
63,90.0,80.55
20635,83.0,56.63
350,84.0,71.26
17390,75.0,75.22
3168,62.0,63.45
19777,71.0,76.29
8019,58.0,59.99
1283,71.0,70.3
12549,71.0,65.6
1366,100.0,87.1
16624,81.0,65.34
4869,83.0,66.36
7324,127.0,84.51
1286,99.0,74.04
2257,69.0,78.78
1866,57.0,58.91
7040,63.0,66.23
19049,89.0,82.69
15810,64.0,63.2
1861,47.0,57.84
19560,60.0,60.07
16840,72.0,76.77
7297,94.0,82.64
20080,84.0,70.53
14420,49.0,63.04
20641,54.0,49.86
5429,43.0,61.83
20270,96.0,93.71
832,61.0,83.85
9659,75.0,60.02
2862,74.0,81.16
21456,52.0,54.99
8059,71.0,74.1
3791,66.0,67.89
6838,60.0,67.51
14456,68.0,66.06
17535,63.0,60.36
16447,58.0,61.72
6256,83.0,78.31
13882,58.0,59.92
16449,64.0,66.73
20502,71.0,69.61
15956,75.0,72.84
16396,43.0,45.21
17030,91.0,89.28
15023,53.0,61.15
19331,66.0,70.14
16216,63.0,58.69
10566,83.0,75.88
844,56.0,76.44
21292,66.0,67.26
11556,83.0,74.87
15640,48.0,68.52
12313,90.0,69.98
20584,71.0,67.56
20720,68.0,65.06
2777,81.0,79.4
9850,60.0,72.41
20947,49.0,78.6
18113,62.0,63.21
21426,70.0,69.55
354,87.0,66.24
3362,61.0,66.37
18388,70.0,63.75
8294,90.0,65.28
7271,61.0,62.12
1749,59.0,55.08
13238,48.0,82.69
7365,62.0,87.15
18852,81.0,79.44
1865,57.0,58.91
3688,92.0,65.84
17326,82.0,71.6
12391,56.0,58.6
8061,71.0,74.1
16550,77.0,72.64
15427,82.0,97.57
3072,68.0,69.09
16583,60.0,58.62
1732,69.0,68.64
8062,71.0,74.1
1145,99.0,82.15
15318,45.0,59.41
9777,63.0,84.61
21916,71.0,72.9
15733,73.0,68.63
6188,51.0,64.31
4445,77.0,63.78
2304,67.0,66.25
9840,79.0,67.39
16576,83.0,67.77
4469,77.0,71.01
10582,61.0,63.95
20717,72.0,67.43
1100,72.0,72.18
20340,42.0,44.39
7794,71.0,69.68
18634,79.0,77.6
19805,61.0,60.81
20595,59.0,68.22
9486,69.0,59.43
14179,71.0,75.3
1785,62.0,69.45
12400,128.0,81.67
9706,62.0,82.48
17948,54.0,53.4
1817,98.0,84.25
5845,29.0,57.07
108,81.0,83.81
14238,54.0,55.46
21521,60.0,70.64
21190,50.0,51.87
6329,59.0,71.62
14369,66.0,65.06
8906,71.0,69.53
1263,72.0,69.61
15126,55.0,56.91
7840,91.0,80.77
1505,71.0,71.95
20356,68.0,69.89
14705,66.0,69.96
17239,79.0,76.35
7495,52.0,53.86
9962,86.0,61.04
19956,72.0,81.07
1701,55.0,56.85
4506,53.0,78.09
19937,79.0,78.26
4901,71.0,58.85
11860,76.0,69.55
16794,60.0,66.3
4966,59.0,66.27
2896,57.0,58.32
8866,41.0,54.55
17253,52.0,79.69
15729,64.0,60.6
5953,53.0,72.15
18165,85.0,84.06
18638,64.0,62.18
1493,72.0,65.14
6715,105.0,76.87
2344,64.0,67.46
21058,72.0,66.94
9656,58.0,57.1
19959,72.0,81.07
2470,68.0,54.63
21683,77.0,75.13
527,70.0,51.56
9868,79.0,72.31
8050,43.0,72.46
1375,69.0,67.59
18348,59.0,62.17
12387,44.0,72.22
4246,66.0,57.05
15797,66.0,64.39
7352,62.0,62.88
8848,66.0,63.99
3360,78.0,83.51
18474,102.0,90.05
794,74.0,66.75
253,77.0,61.47
17686,76.0,68.68
14276,92.0,90.2
6540,52.0,68.35
5560,72.0,64.3
5806,61.0,50.6
19088,59.0,60.96
9055,105.0,74.61
7293,71.0,71.12
20040,66.0,65.79
5138,64.0,64.19
15284,58.0,57.85
2134,60.0,60.65
9231,78.0,63.39
8811,104.0,72.73
1563,55.0,53.17
9009,62.0,72.27
13304,90.0,72.65
3307,47.0,48.4
17849,88.0,80.19
779,91.0,87.94
2085,50.0,51.68
5959,113.0,91.33
4140,55.0,67.03
21013,47.0,49.97
2842,60.0,64.49
8507,69.0,71.74
17596,86.0,85.4
10142,75.0,74.88
10856,65.0,69.29
1560,62.0,60.0
9833,56.0,59.48
6332,79.0,67.24
4593,54.0,56.35
12800,60.0,95.4
20995,63.0,73.42
16683,98.0,74.8
11477,107.0,72.39
15951,58.0,66.82
16645,89.0,72.83
7662,73.0,61.97
11343,85.0,57.63
1443,54.0,54.7
8007,83.0,77.43
1177,76.0,74.45
15379,54.0,53.79
19389,71.0,71.78
21251,71.0,65.24
3669,68.0,76.93
1078,59.0,86.93
6160,111.0,76.68
4039,74.0,81.95
9221,57.0,61.74
18768,57.0,62.64
10131,65.0,55.02
11371,92.0,84.82
12578,55.0,63.1
3034,86.0,81.61
1855,56.0,55.38
2054,78.0,64.74
16003,70.0,62.76
18262,53.0,61.14
18343,51.0,76.5
1270,85.0,69.35
7416,102.0,74.85
13587,27.0,53.01
16184,57.0,59.76
4442,59.0,59.44
4424,64.0,66.16
9188,53.0,58.55
8287,48.0,56.09
1728,95.0,87.96
2889,83.0,71.91
5478,55.0,57.07
12834,81.0,62.34
5332,69.0,70.78
7121,48.0,56.93
16342,78.0,79.04
19319,61.0,60.68
21390,42.0,49.84
4962,70.0,68.92
7785,70.0,68.59
8881,61.0,74.21
12675,37.0,43.61
3641,82.0,79.18
16010,69.0,68.32
5816,83.0,79.3
2315,55.0,57.52
14120,68.0,67.38
18594,93.0,82.98
14390,77.0,74.75
21802,48.0,63.69
17598,50.0,66.77
1685,63.0,63.83
13973,77.0,64.86
14872,91.0,90.11
3331,79.0,76.03
20814,65.0,64.57
14229,64.0,69.85
521,77.0,68.03
11091,79.0,64.25
12301,86.0,78.22
10604,42.0,46.07
2494,45.0,62.62
6505,70.0,62.89
1910,61.0,79.52
6345,121.0,83.8
14582,57.0,65.27
17486,81.0,80.72
14109,42.0,50.2
13303,90.0,72.65
11984,85.0,73.92
19010,89.0,75.5
12075,59.0,80.83
10140,75.0,74.88
15817,71.0,70.35
6689,61.0,65.75
3636,89.0,86.64
4271,59.0,63.67
2975,62.0,62.34
16793,60.0,66.3
7916,44.0,71.14
18170,55.0,71.42
1922,66.0,64.91
10550,54.0,57.66
5160,43.0,48.2
905,66.0,69.54
19789,76.0,73.94
15861,54.0,55.5
14862,44.0,67.81
14256,58.0,67.38
21589,69.0,75.94
2158,49.0,55.46
12831,91.0,72.78
10655,79.0,73.61
4062,69.0,67.26
19602,55.0,57.13
14174,71.0,66.17
18675,55.0,75.63
2161,75.0,69.94
11261,77.0,55.69
3634,89.0,86.64
18888,51.0,62.69
9036,87.0,85.94
22354,82.0,74.52
12848,78.0,78.59
6796,51.0,77.49
12560,91.0,60.29
15312,54.0,58.79
9614,74.0,68.27
13107,78.0,64.54
11245,49.0,51.75
16257,73.0,67.31
20612,44.0,61.99
13306,78.0,72.16
10598,60.0,75.48
8489,67.0,66.66
20537,48.0,51.87
13958,82.0,78.04
21785,73.0,73.06
9596,50.0,47.51
14161,69.0,69.31
7001,95.0,92.97
5105,93.0,64.26
18417,97.0,73.26
21466,81.0,80.2
12553,90.0,66.35
1216,61.0,61.33
2098,73.0,81.58
19882,41.0,51.57
12982,90.0,79.32
22022,57.0,62.4
8932,70.0,64.61
14284,30.0,53.87
2343,77.0,78.55
10369,56.0,55.74
2934,92.0,88.28
16970,81.0,81.53
4380,55.0,69.99
14954,65.0,62.31
8680,93.0,88.23
12292,77.0,79.66
10344,53.0,67.34
18405,112.0,72.03
11912,92.0,83.39
21009,72.0,48.53
5786,54.0,58.28
15385,96.0,60.21
14422,63.0,71.37
8338,79.0,63.21
18724,64.0,62.92
11475,91.0,72.96
14849,69.0,60.61
4676,47.0,48.12
14226,62.0,62.75
1191,92.0,87.29
18681,71.0,70.16
1254,50.0,83.56
2825,65.0,56.49
11507,74.0,87.7
19327,59.0,75.97
1946,67.0,78.03
19361,70.0,71.19
4316,64.0,72.56
1650,62.0,61.54
6089,93.0,68.0
9816,47.0,63.35
12636,77.0,55.79
19317,61.0,60.68
15847,45.0,49.64
3335,53.0,55.73
1966,99.0,73.61
20806,88.0,83.28
979,69.0,71.13
18167,44.0,50.18
5058,43.0,50.29
11422,50.0,60.17
4020,53.0,54.87
12947,75.0,78.4
1161,91.0,77.1
17708,81.0,81.74
17635,89.0,88.05
17666,113.0,83.64
4613,66.0,70.28
19609,80.0,78.93
7514,58.0,69.4
8203,96.0,75.95
13438,88.0,81.93
17938,84.0,78.21
17467,59.0,75.02
4295,89.0,77.66
3875,79.0,81.66
7268,56.0,64.7
21581,48.0,59.33
10183,99.0,62.95
16076,69.0,58.38
15866,54.0,55.95
13235,65.0,81.36
18722,60.0,68.2
13084,66.0,66.39
21165,43.0,57.94
18815,62.0,83.51
8592,66.0,64.04
12288,76.0,71.43
4423,64.0,66.16
22368,70.0,65.44
20781,61.0,62.06
1082,74.0,68.53
15762,50.0,68.82
19900,55.0,69.38
14859,57.0,68.33
16380,53.0,58.64
4414,59.0,59.24
69,62.0,81.78
6619,76.0,79.89
7547,72.0,61.85
6061,92.0,81.66
1801,73.0,78.9
7981,62.0,64.75
145,66.0,66.44
5410,56.0,63.88
22127,52.0,58.11
7804,71.0,62.61
8085,78.0,53.36
19299,84.0,72.39
19276,72.0,71.32
7148,66.0,65.76
10518,56.0,49.92
5431,43.0,61.83
22013,73.0,65.57
6418,57.0,63.09
6327,85.0,72.01
22364,55.0,59.3
3353,77.0,55.45
21512,75.0,76.3
399,72.0,68.77
21328,61.0,60.63
20496,81.0,83.3
2477,53.0,62.87
20571,71.0,67.95
14404,91.0,75.35
19761,61.0,57.14
9968,55.0,55.37
5832,46.0,64.36
753,93.0,89.99
10850,58.0,62.67
6618,75.0,82.58
13696,68.0,85.19
13182,133.0,104.26
13043,56.0,69.02
21459,65.0,60.22
10575,51.0,54.76
17271,64.0,67.94
1900,116.0,85.13
10447,37.0,50.29
6845,60.0,60.61
10416,52.0,65.69
19195,91.0,79.56
6768,129.0,80.77
17435,63.0,63.75
2664,62.0,66.36
7729,45.0,65.74
19902,63.0,65.45
17508,86.0,71.67
12484,85.0,73.6
7962,56.0,70.62
19897,61.0,61.57
17004,88.0,69.09
7153,87.0,91.45
12688,71.0,67.92
486,46.0,78.53
13682,78.0,71.84
15166,66.0,63.92
12438,92.0,90.86
4970,75.0,65.12
5483,63.0,63.63
4796,66.0,64.97
11447,47.0,68.56
5979,68.0,75.84
19940,62.0,61.77
5557,81.0,70.04
534,40.0,58.11
19904,63.0,65.45
17256,84.0,81.6
19173,99.0,98.41
3762,55.0,55.96
9643,68.0,62.7
11872,79.0,80.73
11051,54.0,64.0
6996,81.0,71.35
21958,67.0,73.88
6546,87.0,84.25
10814,63.0,62.09
16277,48.0,71.61
3992,34.0,70.82
5469,69.0,61.96
16522,100.0,90.8
9427,54.0,73.52
10102,76.0,59.59
14119,57.0,63.91
13448,67.0,77.46
9436,54.0,54.0
1323,82.0,81.93
19085,66.0,65.6
16284,59.0,71.53
3135,78.0,57.04
16054,46.0,47.72
14324,81.0,78.43
20862,77.0,61.97
12190,100.0,69.3
4800,68.0,67.75
1115,104.0,71.18
13663,59.0,60.93
9916,52.0,62.87
22357,82.0,74.52
4364,64.0,63.13
13093,57.0,61.18
4583,56.0,58.4
5220,54.0,56.97
5866,64.0,70.79
9139,63.0,64.68
6608,64.0,90.71
16072,50.0,64.09
16042,3.0,66.55
18605,42.0,65.7
1783,62.0,69.45
7358,72.0,72.04
11615,59.0,70.59
3040,72.0,65.04
16502,52.0,59.9
19152,55.0,63.88
768,94.0,79.58
2312,69.0,70.02
21127,72.0,72.6
1782,45.0,49.11
52,47.0,70.25
447,95.0,74.7
15877,65.0,67.92
16958,72.0,77.14
3293,76.0,76.25
2601,56.0,65.99
5477,55.0,57.07
3298,79.0,79.44
22264,65.0,64.58
22019,63.0,64.73
12643,71.0,70.28
10774,67.0,69.02
6367,116.0,76.7
8376,49.0,55.71
9006,67.0,64.87
20038,66.0,65.79
15908,75.0,74.33
15370,49.0,69.07
22125,82.0,75.9
2659,73.0,68.67
1761,87.0,82.12
9516,69.0,77.55
9942,34.0,62.72
3606,52.0,65.58
16454,76.0,65.92
10450,58.0,66.58
9442,71.0,79.2
248,66.0,61.32
3012,61.0,69.51
10413,48.0,52.16
19887,40.0,50.86
21075,56.0,65.82
17258,62.0,62.9
17980,79.0,65.65
20388,67.0,66.75
5669,77.0,60.03
11257,39.0,64.06
4783,66.0,66.75
12904,55.0,74.93
21156,86.0,82.62
5900,59.0,60.49
1255,50.0,83.56
15281,75.0,73.44
14264,63.0,71.33
10990,65.0,74.75
4798,66.0,64.97
10141,75.0,74.88
2180,41.0,42.45
11652,76.0,76.04
5693,69.0,65.59
11706,55.0,72.95
17022,99.0,74.36
16247,80.0,69.26
2917,49.0,47.94
12873,48.0,59.34
11011,66.0,70.3
21429,65.0,53.47
5993,101.0,92.48
3042,56.0,66.96
17166,57.0,57.93
9532,68.0,60.22
18309,49.0,65.66
5190,66.0,64.87
18517,53.0,62.87
4255,58.0,61.24
10076,53.0,62.63
21181,48.0,68.47
19665,68.0,77.62
15325,60.0,62.76
5749,64.0,61.16
11023,60.0,59.55
11238,66.0,57.72
19864,82.0,80.35
8469,67.0,67.31
9454,88.0,72.41
11718,48.0,71.02
4521,52.0,55.9
3550,55.0,59.25
19566,61.0,69.55
3256,70.0,69.63
8887,73.0,75.55
12690,62.0,71.12
4158,62.0,67.22
12119,86.0,78.47
21733,71.0,67.66
1718,49.0,62.95
16499,52.0,59.9
15019,62.0,63.05
10199,69.0,66.36
19835,60.0,60.17
5037,61.0,52.15
20305,72.0,70.71
16287,47.0,64.65
6889,86.0,72.89
1179,73.0,69.04
15942,69.0,66.48
2663,62.0,66.36
1504,71.0,71.95
5310,74.0,72.14
8818,60.0,70.32
6662,100.0,97.89
1843,75.0,63.46
10908,72.0,63.85
12056,58.0,66.72
414,76.0,85.04
18102,86.0,86.41
19945,60.0,60.1
20431,56.0,79.97
102,54.0,64.19
10489,76.0,61.06
2152,35.0,39.41
913,71.0,70.75
21265,61.0,66.27
1203,70.0,70.44
5027,70.0,68.94
5068,58.0,58.56
19890,69.0,59.52
11366,56.0,70.9
13755,74.0,74.15
12502,58.0,84.27
11130,48.0,51.24
20412,49.0,59.11
12332,68.0,73.14
19527,47.0,59.55
15578,58.0,59.86
10580,49.0,55.81
4861,44.0,56.15
20928,41.0,43.6
15348,62.0,76.83
16207,71.0,63.91
18619,56.0,56.25
12068,112.0,76.05
6034,89.0,73.83
288,96.0,75.27
4884,72.0,70.98
10563,55.0,64.82
2732,72.0,67.51
18515,51.0,58.79
22100,56.0,63.49
11531,94.0,67.84
13858,83.0,66.1
984,82.0,81.93
15736,60.0,61.1
1466,59.0,60.4
8801,72.0,75.02
1638,68.0,67.04
12258,65.0,60.94
20554,52.0,68.15
19053,44.0,46.0
6376,77.0,59.65
17138,61.0,60.09
11259,39.0,64.06
20001,86.0,86.06
10336,48.0,50.02
3800,50.0,69.27
10192,66.0,68.88
16098,72.0,65.45
1047,99.0,81.65
2736,73.0,78.78
22204,67.0,63.63
19635,62.0,72.35
5667,77.0,60.03
17328,98.0,63.45
3895,79.0,70.81
18250,91.0,84.81
14956,70.0,79.81
9731,59.0,66.45
17664,49.0,55.72
5999,68.0,76.66
13966,65.0,65.93
20404,92.0,68.46
899,63.0,65.54
18329,90.0,84.14
9856,55.0,68.77
9492,55.0,66.02
14865,63.0,57.04
10836,67.0,57.44
18095,59.0,63.22
9040,46.0,68.55
20045,55.0,74.49
3873,46.0,49.93
2963,37.0,60.2
2366,120.0,73.5
12662,63.0,58.86
18847,56.0,71.63
11512,97.0,85.3
18495,80.0,62.89
9368,46.0,56.38
15098,43.0,43.57
15294,52.0,51.1
2047,68.0,68.17
4897,55.0,54.76
14567,89.0,88.14
19430,75.0,73.73
4619,92.0,89.7
2772,65.0,67.04
18694,61.0,57.78
14231,64.0,69.85
11016,66.0,70.3
15853,45.0,70.09
19690,76.0,75.62
3316,72.0,83.89
15120,55.0,62.79
12405,74.0,67.98
12863,76.0,64.89
12807,63.0,71.36
8012,65.0,73.99
12450,76.0,53.24
1038,39.0,42.56
14321,53.0,53.14
16177,72.0,68.74
2302,67.0,66.25
10816,67.0,74.48
21083,87.0,70.06
174,75.0,81.22
20460,87.0,64.6
1001,99.0,74.66
21560,53.0,53.86
1509,71.0,69.87
4336,65.0,65.05
6141,61.0,63.68
20871,67.0,65.86
1881,58.0,77.7
12454,50.0,62.98
3462,61.0,63.91
21445,24.0,56.88
1552,82.0,87.33
11855,77.0,66.01
19833,77.0,77.16
14855,52.0,54.49
689,75.0,75.29
19394,60.0,72.1
200,58.0,58.33
2909,165.0,123.57
17020,95.0,91.75
7051,89.0,73.76
16571,77.0,87.04
9111,40.0,60.14
2719,61.0,63.32
13453,66.0,62.32
17867,102.0,100.88
11198,51.0,63.98
244,96.0,74.5
19599,59.0,66.99
18547,63.0,63.0
10729,64.0,67.35
458,48.0,71.42
11054,69.0,70.37
1880,58.0,77.7
621,77.0,66.06
3510,38.0,66.35
7465,81.0,80.88
20349,75.0,81.9
7276,72.0,73.61
4833,62.0,68.69
6287,63.0,74.7
19040,63.0,62.51
21276,53.0,60.13
14539,96.0,73.29
4290,88.0,87.05
2837,54.0,62.5
19294,99.0,66.14
15958,75.0,72.84
1397,72.0,67.0
6122,61.0,63.25
21267,68.0,60.25
15839,82.0,63.26
20834,50.0,50.21
17616,54.0,55.12
12237,82.0,66.73
9157,65.0,59.09
8884,70.0,80.72
3474,75.0,73.73
16936,68.0,71.92
18668,50.0,62.35
7537,74.0,74.92
21268,68.0,60.25
14752,45.0,69.42
2960,79.0,78.92
1444,54.0,54.7
1266,95.0,75.19
13865,64.0,69.52
918,74.0,64.43
5809,60.0,61.05
16113,60.0,64.38
8165,49.0,66.26
2071,66.0,92.6
8652,53.0,52.31
14562,62.0,73.79
16139,72.0,63.63
9047,54.0,68.07
22270,51.0,63.2
10829,56.0,59.28
2667,60.0,66.04
18124,70.0,77.91
8710,78.0,62.5
17534,63.0,60.36
20505,64.0,66.24
14399,64.0,64.53
3706,71.0,80.82
12073,116.0,79.01
1760,87.0,82.12
17426,87.0,84.39
5428,69.0,63.16
15848,45.0,49.64
13006,73.0,76.96
14108,42.0,50.2
6070,62.0,73.06
15514,87.0,63.7
14804,47.0,60.85
5830,41.0,60.81
13439,88.0,81.93
10557,56.0,57.8
17642,99.0,80.59
12395,73.0,80.87
9466,56.0,65.15
16057,41.0,40.67
10285,52.0,55.27
16262,39.0,54.01
9079,53.0,50.72
8004,70.0,69.0
4815,53.0,63.46
9959,61.0,62.54
6748,96.0,68.58
10703,90.0,66.44
20383,61.0,75.85
22139,53.0,55.17
6761,73.0,65.47
7057,71.0,96.25
15569,52.0,67.28
18702,74.0,60.51
21988,69.0,58.15
6534,56.0,77.94
3149,70.0,68.3
16001,84.0,76.86
19488,103.0,97.93
7298,94.0,82.64
10863,49.0,50.97
19230,85.0,76.81
22261,53.0,53.54
7807,50.0,54.66
5674,62.0,60.73
503,104.0,73.91
8307,72.0,69.66
17473,67.0,66.63
19055,76.0,61.2
5908,96.0,93.96
19663,70.0,71.33
6921,96.0,69.71
9264,41.0,62.71
10555,56.0,57.8
297,109.0,96.55
5158,61.0,60.84
10568,83.0,75.88
19578,59.0,78.92
10295,49.0,58.65
18692,71.0,71.81
6124,53.0,76.58
15844,73.0,69.97
3469,69.0,53.68
15912,85.0,77.05
5886,99.0,66.06
9768,79.0,77.14
14673,51.0,53.34
1140,54.0,72.89
4759,51.0,69.24
10524,76.0,59.07
20761,43.0,56.81
3702,54.0,54.46
9168,51.0,52.21
21602,80.0,61.93
4318,52.0,68.5
17679,92.0,82.06
4736,57.0,58.91
8021,58.0,59.99
14608,62.0,67.5
4152,62.0,67.22
20839,70.0,68.63
16479,75.0,74.81
17850,88.0,80.19
7369,71.0,74.09
21816,63.0,60.64
18332,79.0,72.26
4007,57.0,60.64
4425,64.0,66.16
4618,92.0,89.7
7499,56.0,63.76
21039,102.0,83.3
21604,49.0,53.12
22068,63.0,64.59
13732,65.0,65.2
13642,91.0,89.4
10396,39.0,46.51
3894,79.0,70.81
21081,55.0,56.24
17560,64.0,52.71
2553,71.0,73.87
20619,66.0,66.16
1952,42.0,49.77
5771,55.0,55.79
1721,71.0,80.75
9997,63.0,57.0
11162,59.0,56.21
9284,56.0,57.65
21269,68.0,60.25
3112,58.0,63.55
21273,55.0,48.69
4328,51.0,71.24
10007,59.0,61.75
20620,66.0,66.16
12320,50.0,58.95
14620,52.0,56.99
2331,70.0,65.57
12209,91.0,77.19
11017,66.0,70.3
2648,111.0,78.72
11157,70.0,69.31
5270,55.0,65.01
11793,65.0,79.35
5863,72.0,73.26
5788,49.0,53.13
12812,73.0,66.79
325,63.0,72.42
7649,96.0,92.35
12348,96.0,88.18
15217,93.0,81.58
16390,60.0,59.43
5149,68.0,67.3
4992,67.0,65.79
6474,73.0,73.74
14977,69.0,58.34
21701,75.0,59.79
4183,66.0,63.54
4287,88.0,87.05
6443,65.0,64.45
3450,100.0,72.21
14019,55.0,62.26
460,45.0,76.63
20774,70.0,58.05
