,y_test,prediction
1683,48.0,53.91
492,63.0,60.8
1707,44.0,48.65
517,86.0,76.35
2168,76.0,72.74
390,49.0,59.82
953,60.0,64.59
3891,50.0,63.33
3159,110.0,85.79
1291,95.0,87.66
2993,60.0,71.13
3686,56.0,56.88
1551,82.0,73.03
1172,85.0,66.57
2470,81.0,68.35
2580,57.0,63.93
2678,74.0,68.7
745,46.0,47.01
15,120.0,72.49
1075,35.0,60.48
997,43.0,52.77
2989,44.0,57.71
343,73.0,80.12
3088,98.0,72.46
1789,64.0,64.35
2818,90.0,84.77
2725,63.0,58.82
1794,63.0,75.85
3680,99.0,81.07
3298,83.0,84.37
2731,55.0,72.67
3303,65.0,81.53
1479,45.0,61.82
182,82.0,60.39
427,86.0,74.98
3960,43.0,55.56
2095,101.0,78.17
3510,38.0,57.03
4019,48.0,56.8
214,91.0,66.32
3913,57.0,75.51
1576,41.0,60.88
582,70.0,68.08
2995,72.0,61.01
2104,103.0,81.96
2684,67.0,62.29
1918,61.0,61.6
33,63.0,72.05
72,113.0,70.93
641,83.0,81.62
3310,67.0,55.21
874,50.0,74.42
2979,67.0,68.92
2487,63.0,59.27
1919,72.0,68.71
490,76.0,60.78
2560,60.0,82.49
793,65.0,61.72
229,63.0,75.22
2600,50.0,60.95
4117,50.0,63.36
2173,75.0,63.11
608,72.0,85.41
2801,49.0,59.76
1069,61.0,59.18
1871,69.0,65.31
1194,57.0,63.23
1827,76.0,65.15
817,66.0,77.19
3014,62.0,75.29
1804,79.0,70.53
3101,87.0,73.23
2458,56.0,84.08
1847,77.0,63.56
1965,76.0,71.8
3702,71.0,61.31
159,65.0,75.69
1505,60.0,80.91
195,70.0,58.9
1112,59.0,75.54
1759,65.0,73.18
1493,42.0,65.93
2284,90.0,66.48
1788,56.0,78.75
2837,95.0,63.5
1432,41.0,66.24
1077,29.0,64.08
2456,65.0,66.21
567,72.0,71.11
2493,63.0,76.74
2871,90.0,81.77
3687,64.0,63.53
2422,78.0,67.41
2847,86.0,62.65
2220,61.0,88.84
2878,45.0,56.36
3065,58.0,67.59
2199,135.0,83.86
4007,84.0,59.62
1593,78.0,70.88
679,54.0,73.14
2381,75.0,67.11
3107,84.0,86.89
2055,52.0,60.37
1102,124.0,80.23
2449,69.0,65.54
377,67.0,74.39
3340,76.0,79.14
859,64.0,55.59
1670,52.0,60.55
3630,87.0,70.72
2130,64.0,65.88
2479,67.0,61.57
2212,77.0,69.08
588,25.0,50.32
4125,64.0,61.68
1473,66.0,63.85
3328,55.0,80.26
1714,65.0,57.32
1074,72.0,71.93
2563,101.0,76.45
2527,36.0,54.86
1716,54.0,69.47
4064,60.0,58.04
3005,52.0,60.72
3273,58.0,89.13
3701,37.0,73.12
8,62.0,68.92
291,59.0,68.0
3487,66.0,80.96
599,89.0,72.45
3559,69.0,57.82
1983,52.0,69.38
2592,74.0,62.04
248,48.0,62.5
948,58.0,59.0
1950,51.0,62.42
3075,94.0,76.91
1070,60.0,61.63
796,64.0,66.03
761,72.0,57.29
4135,48.0,74.51
3456,56.0,62.63
2524,75.0,62.53
1419,54.0,56.07
603,50.0,54.69
3041,60.0,63.6
97,56.0,80.78
259,49.0,76.28
3424,54.0,72.2
3534,72.0,74.02
3498,77.0,68.1
2135,55.0,68.4
2446,53.0,57.66
907,92.0,71.03
2753,55.0,50.69
2062,70.0,71.97
1151,51.0,60.15
4051,52.0,70.37
3571,74.0,88.18
1084,67.0,67.29
844,92.0,70.21
2453,70.0,76.21
3650,51.0,86.71
1050,70.0,61.15
3760,56.0,73.93
3872,102.0,94.06
1706,51.0,92.48
3537,56.0,60.47
347,65.0,64.2
2717,82.0,62.08
1597,53.0,63.65
2751,72.0,68.86
2296,51.0,49.84
498,60.0,66.9
3764,52.0,49.15
435,45.0,59.21
2581,65.0,67.83
1441,83.0,69.75
1770,75.0,67.25
168,74.0,68.92
3252,54.0,67.77
128,42.0,55.23
563,68.0,81.54
3806,54.0,62.47
3388,102.0,70.29
3541,96.0,77.91
2037,59.0,63.02
1223,81.0,66.57
1970,79.0,70.44
488,54.0,59.84
3555,77.0,66.75
3939,60.0,59.46
18,55.0,58.87
2406,78.0,68.8
905,85.0,64.65
201,74.0,67.24
3242,64.0,52.19
3354,48.0,65.37
694,61.0,71.06
3209,75.0,85.48
3181,72.0,77.31
4031,55.0,59.31
1545,65.0,60.21
34,66.0,81.96
223,76.0,58.82
3669,69.0,62.85
2885,71.0,59.17
885,62.0,67.09
4085,66.0,55.11
3635,82.0,78.2
602,61.0,63.43
1113,68.0,79.96
3492,66.0,68.29
1025,74.0,73.08
3494,56.0,76.1
2815,64.0,60.21
1344,76.0,71.56
2202,65.0,72.12
1564,106.0,93.2
115,77.0,75.08
2507,67.0,68.44
2385,63.0,64.6
2068,75.0,73.05
2558,43.0,75.7
3344,74.0,70.98
1747,68.0,68.73
52,79.0,65.7
2112,87.0,69.35
1390,44.0,65.02
2379,90.0,83.24
1746,56.0,64.84
75,77.0,69.27
1869,66.0,72.53
4089,75.0,59.69
1357,62.0,66.92
1131,93.0,62.02
1198,87.0,69.38
2377,56.0,75.05
2480,38.0,60.19
2549,31.0,62.73
826,52.0,58.26
465,76.0,70.02
1342,72.0,70.12
2552,78.0,71.73
3846,49.0,76.05
3513,91.0,73.91
3676,79.0,83.35
170,56.0,75.78
2335,119.0,64.34
914,94.0,60.1
1855,60.0,64.25
3285,85.0,93.95
53,76.0,72.03
3370,74.0,57.56
239,85.0,69.54
3051,60.0,70.19
27,81.0,91.05
3042,43.0,58.73
2131,74.0,76.7
232,57.0,76.94
2332,81.0,50.27
1127,72.0,73.2
1738,44.0,57.23
4132,70.0,61.84
3132,78.0,71.19
1130,61.0,62.42
3710,88.0,80.91
4077,53.0,68.7
846,54.0,59.69
3791,71.0,77.05
3835,74.0,66.25
2488,49.0,62.04
4070,55.0,60.18
513,68.0,59.19
985,79.0,71.73
2867,87.0,63.68
3980,48.0,59.98
1500,96.0,81.99
3331,65.0,68.54
3683,84.0,64.56
3069,77.0,83.04
1916,71.0,69.2
433,95.0,70.98
1397,46.0,64.39
340,62.0,73.94
337,52.0,53.94
3617,68.0,74.3
276,70.0,93.97
3366,88.0,85.79
484,72.0,85.88
1577,50.0,62.09
2283,78.0,73.97
1710,42.0,60.0
3801,92.0,75.65
2840,90.0,70.07
320,95.0,77.62
2239,63.0,64.85
3609,55.0,63.04
2570,58.0,61.52
313,75.0,63.0
2187,71.0,68.99
1899,77.0,59.16
144,91.0,79.97
2662,46.0,62.14
1302,87.0,68.63
3204,58.0,70.45
283,71.0,64.9
707,68.0,66.08
3734,38.0,50.55
4024,56.0,58.89
758,57.0,59.58
1662,72.0,66.46
3461,45.0,66.98
556,37.0,57.34
1275,94.0,79.2
839,62.0,67.97
2326,67.0,73.11
692,38.0,60.08
529,60.0,64.25
1124,92.0,85.53
2687,89.0,90.56
3963,71.0,70.56
2874,58.0,67.04
2440,49.0,56.91
3671,61.0,59.04
186,99.0,80.09
3450,63.0,56.48
2641,48.0,60.17
1587,64.0,82.51
1625,73.0,87.06
3363,52.0,63.04
206,104.0,69.45
12,100.0,71.03
1168,80.0,66.94
344,70.0,74.45
1424,45.0,79.63
3271,70.0,50.35
1803,94.0,63.45
1494,49.0,66.54
2952,58.0,60.64
3183,57.0,66.38
3073,89.0,88.31
975,74.0,65.54
1846,50.0,55.38
1945,57.0,63.02
3422,55.0,61.25
1117,101.0,81.05
802,75.0,69.62
257,54.0,63.82
190,60.0,66.99
575,30.0,46.02
2669,67.0,55.66
3178,85.0,76.24
1839,42.0,63.73
1399,106.0,79.68
1279,96.0,56.17
3197,54.0,69.86
760,42.0,53.4
2376,73.0,79.79
4023,49.0,53.51
4128,43.0,64.87
246,67.0,65.03
4001,72.0,75.54
2881,54.0,80.7
4078,52.0,64.35
374,62.0,59.6
3490,75.0,70.3
1290,81.0,72.27
1308,62.0,71.52
732,74.0,82.33
3468,52.0,70.2
418,43.0,67.21
3570,23.0,48.21
2906,63.0,62.5
71,80.0,70.19
1703,50.0,52.82
46,87.0,66.84
3624,48.0,61.55
200,59.0,84.36
1247,93.0,77.44
3027,61.0,81.02
1299,83.0,68.02
4114,50.0,52.43
149,84.0,70.34
2121,75.0,71.11
1783,64.0,67.71
331,57.0,51.38
287,64.0,75.47
440,75.0,62.18
2250,60.0,76.1
3337,85.0,71.59
1589,93.0,74.59
2673,75.0,70.58
1328,73.0,69.95
2154,128.0,94.11
3250,92.0,75.39
154,61.0,53.95
3586,86.0,63.05
3080,72.0,80.52
3645,82.0,65.53
1656,54.0,54.3
634,53.0,64.91
785,64.0,70.51
924,64.0,64.94
1853,51.0,72.46
3144,52.0,69.93
3999,73.0,73.79
959,53.0,59.81
860,47.0,74.7
270,54.0,53.79
3986,73.0,68.99
854,47.0,55.29
2435,66.0,68.59
458,82.0,72.22
2189,75.0,66.67
1081,53.0,63.62
2307,104.0,84.43
300,70.0,61.79
1458,62.0,59.8
3212,89.0,68.34
713,47.0,62.22
381,81.0,75.03
3401,84.0,82.2
321,63.0,76.33
3019,72.0,63.43
3305,63.0,74.46
2772,62.0,67.3
630,74.0,74.06
2086,64.0,54.82
3245,65.0,58.73
441,67.0,66.71
2478,101.0,80.01
2005,49.0,54.86
2537,78.0,77.85
3478,76.0,84.2
1773,39.0,52.37
2526,83.0,82.57
330,69.0,70.08
1569,66.0,75.32
522,67.0,76.52
3175,57.0,59.11
1754,61.0,79.95
540,83.0,66.41
1095,59.0,62.87
3166,88.0,85.66
2730,54.0,79.72
1269,44.0,67.74
3518,82.0,65.46
1926,62.0,70.94
2739,69.0,68.23
962,68.0,63.29
3428,55.0,65.99
59,57.0,64.15
78,58.0,58.18
3917,66.0,62.26
2003,65.0,73.22
3334,65.0,67.3
2306,74.0,72.41
1517,64.0,58.74
3191,64.0,56.53
852,64.0,69.13
933,93.0,61.91
2122,77.0,68.84
1027,70.0,73.41
2408,83.0,81.68
2393,77.0,70.57
2320,76.0,57.89
1304,81.0,71.45
2262,100.0,66.37
3539,67.0,65.78
2489,69.0,68.83
2956,82.0,72.27
132,90.0,67.45
336,87.0,79.81
2031,55.0,62.69
327,71.0,84.21
2445,56.0,59.74
1234,67.0,63.24
1251,103.0,67.63
2926,58.0,44.37
2612,57.0,83.39
455,120.0,67.4
1459,98.0,74.38
2087,61.0,57.42
912,60.0,70.27
45,58.0,73.08
2096,77.0,65.41
2235,44.0,60.08
2724,88.0,94.81
1748,51.0,64.48
848,51.0,80.13
2984,41.0,59.24
774,70.0,72.51
1314,81.0,81.47
2586,77.0,65.49
3383,74.0,67.26
412,93.0,84.43
31,76.0,69.99
3446,57.0,59.81
2963,69.0,68.35
221,70.0,73.82
3152,101.0,80.5
1872,65.0,72.76
2816,76.0,72.91
2773,62.0,65.86
3992,53.0,53.88
3192,65.0,66.6
65,96.0,79.08
853,74.0,75.37
392,77.0,76.5
3950,73.0,71.79
1111,113.0,63.11
1977,56.0,62.46
2774,76.0,67.88
505,59.0,88.03
980,56.0,49.66
3544,87.0,74.29
470,89.0,58.55
1720,71.0,69.39
1370,80.0,78.81
210,54.0,77.06
2749,63.0,63.34
900,82.0,70.74
6,113.0,73.0
466,103.0,69.72
311,104.0,67.49
3648,112.0,71.71
2428,149.0,85.43
858,68.0,54.49
2119,47.0,62.04
1943,77.0,69.82
2503,56.0,58.64
2779,82.0,69.97
2565,61.0,61.56
843,66.0,68.11
212,91.0,82.81
477,96.0,60.08
881,68.0,57.94
3775,81.0,89.35
30,56.0,66.72
3699,55.0,73.62
2736,72.0,76.58
3097,60.0,70.2
2477,58.0,71.1
3076,108.0,75.75
1558,79.0,72.94
871,50.0,56.57
1035,53.0,63.47
1386,52.0,53.11
3795,66.0,67.88
1845,54.0,69.52
241,45.0,61.37
1058,55.0,59.0
3381,68.0,57.3
4080,80.0,64.6
3664,58.0,73.03
1574,63.0,65.47
1941,68.0,60.15
1705,52.0,70.37
635,69.0,59.16
82,54.0,64.53
277,64.0,62.27
317,69.0,71.99
2034,72.0,69.26
4046,65.0,73.97
3920,61.0,61.4
3403,78.0,73.16
3633,50.0,62.64
3905,54.0,63.16
1798,47.0,62.26
3528,69.0,67.33
2971,41.0,46.1
4006,41.0,57.57
1392,76.0,68.72
1541,98.0,92.7
882,81.0,70.67
2516,42.0,65.91
1413,96.0,70.61
3355,60.0,80.79
1336,63.0,80.0
3965,46.0,69.14
3615,84.0,72.61
2288,68.0,69.72
437,69.0,65.23
1966,47.0,65.08
3803,64.0,69.29
3796,56.0,74.39
3231,86.0,73.54
1741,52.0,65.44
770,77.0,62.28
164,63.0,71.2
1756,81.0,76.1
3368,51.0,78.59
2670,56.0,68.34
108,72.0,67.88
720,104.0,56.55
258,69.0,64.91
2268,89.0,89.2
2587,68.0,71.96
1097,96.0,90.73
1596,53.0,69.12
3884,81.0,79.83
2462,44.0,59.34
3546,57.0,48.88
2621,72.0,74.23
3438,53.0,68.0
2365,68.0,78.23
2371,81.0,65.23
1552,57.0,54.43
354,53.0,66.47
3412,60.0,60.77
1415,71.0,78.46
2146,86.0,68.39
1175,97.0,61.86
1174,79.0,75.78
2304,128.0,83.02
1063,54.0,61.74
2074,43.0,57.43
2947,85.0,77.41
1704,55.0,60.43
3020,39.0,56.5
3856,63.0,63.81
2373,55.0,60.21
1120,113.0,85.02
2073,64.0,58.71
1584,49.0,58.92
1154,169.0,97.25
2134,71.0,72.18
587,93.0,89.94
1256,73.0,66.28
3902,70.0,64.59
1592,70.0,59.76
1141,81.0,81.3
3668,40.0,50.5
2463,100.0,74.93
1495,68.0,81.95
2835,67.0,55.43
1672,40.0,60.84
2149,94.0,70.12
4108,54.0,60.25
1250,87.0,88.76
2924,71.0,61.79
4009,77.0,71.33
2603,47.0,52.2
942,90.0,76.95
1487,114.0,76.74
3940,70.0,65.79
2861,65.0,65.27
1573,64.0,61.71
1375,67.0,57.2
2870,70.0,63.56
1585,64.0,59.31
368,61.0,72.65
1917,42.0,53.04
2721,63.0,80.15
3717,62.0,77.66
4068,66.0,69.4
3406,57.0,71.78
1265,83.0,71.97
1360,49.0,69.85
3994,77.0,63.25
1948,54.0,61.95
2907,42.0,48.21
194,99.0,81.43
3396,53.0,62.36
805,55.0,67.28
828,64.0,68.87
2100,85.0,52.16
3585,56.0,67.63
2114,50.0,52.87
2958,58.0,56.96
1000,58.0,70.8
2258,43.0,65.6
2395,76.0,67.46
189,55.0,63.88
1533,71.0,78.79
3180,89.0,71.69
353,75.0,59.34
3330,70.0,85.72
456,72.0,59.23
1829,60.0,60.46
2049,56.0,64.53
3247,86.0,75.6
4079,37.0,67.23
506,61.0,78.28
2630,54.0,57.11
3480,60.0,59.58
2294,96.0,73.31
1087,85.0,72.93
1595,83.0,63.42
3883,83.0,77.07
1984,56.0,56.39
1836,60.0,57.68
346,75.0,63.92
1296,49.0,53.97
495,62.0,77.48
595,81.0,75.75
1989,39.0,65.11
2025,66.0,54.85
3845,90.0,79.93
1236,81.0,68.28
2159,65.0,66.3
2915,79.0,70.47
63,80.0,93.95
2430,81.0,80.68
3878,72.0,82.93
2893,48.0,64.48
274,89.0,62.95
2803,69.0,65.3
4119,79.0,70.01
1837,59.0,57.9
787,57.0,75.99
1693,117.0,89.75
1052,60.0,60.75
1017,64.0,60.75
2671,93.0,85.34
2869,87.0,67.22
240,53.0,75.86
4082,55.0,62.76
1289,73.0,72.63
850,76.0,74.75
91,48.0,66.65
1012,71.0,65.37
2923,72.0,63.1
3040,52.0,56.85
2747,46.0,57.92
4111,50.0,55.19
1880,69.0,79.01
3440,60.0,81.99
463,181.0,81.73
4102,60.0,70.34
4091,63.0,61.0
2834,60.0,62.52
1621,60.0,57.67
1955,62.0,59.26
3572,114.0,86.29
2473,40.0,78.7
2754,39.0,80.68
3402,27.0,58.22
1079,72.0,77.1
3637,82.0,76.44
304,73.0,71.0
752,55.0,80.37
295,64.0,66.84
2519,27.0,51.71
658,68.0,73.54
2129,73.0,75.65
4015,67.0,67.06
1643,81.0,57.88
1639,67.0,80.83
2028,65.0,71.35
3681,72.0,69.9
449,77.0,88.12
3109,60.0,59.47
2363,71.0,67.41
535,89.0,72.35
1181,67.0,71.8
3838,76.0,36.5
3667,41.0,75.86
2613,57.0,69.16
528,57.0,62.14
1129,82.0,80.13
3268,71.0,70.06
580,68.0,67.86
591,73.0,83.8
1166,63.0,68.87
638,118.0,91.05
469,100.0,61.23
1821,58.0,66.96
236,72.0,78.09
3023,59.0,60.63
2909,64.0,67.34
777,61.0,48.46
3451,52.0,71.74
3678,60.0,67.55
3951,81.0,69.18
1476,61.0,80.97
1409,96.0,57.13
3509,99.0,78.29
1164,54.0,62.88
1887,52.0,52.88
2945,41.0,61.68
1702,56.0,59.92
3453,49.0,56.08
3729,55.0,53.95
1054,45.0,55.45
2056,48.0,66.5
