,y_test,prediction
1683,48.0,46.857721732329836
492,63.0,63.98806728242081
1707,44.0,44.94887354861675
517,86.0,86.85898991462673
2168,76.0,77.43664642830878
390,49.0,48.281661550807286
953,60.0,60.24470829753875
3891,50.0,50.45705249286619
3159,110.0,107.0465229542005
1291,95.0,94.11059512260888
2993,60.0,56.49883479747951
3686,56.0,57.03402126108671
1551,82.0,81.16178581763282
1172,85.0,85.26593302297661
2470,81.0,81.1065858466266
2580,57.0,57.52677811183483
2678,74.0,75.45456646317945
745,46.0,44.45708261429117
15,120.0,117.24593314538039
1075,35.0,28.070389293397696
997,43.0,41.81078955413579
2989,44.0,39.70541286599782
343,73.0,72.42740084373212
3088,98.0,96.29793047636747
1789,64.0,63.794281585615195
2818,90.0,89.63435746459425
2725,63.0,65.90184106788155
1794,63.0,61.78847044710082
3680,99.0,98.18890019841017
3298,83.0,82.39698585850358
2731,55.0,56.96481309370154
3303,65.0,66.57026529534744
1479,45.0,46.368628958293215
182,82.0,80.98375072759885
427,86.0,84.23496860112895
3960,43.0,39.07995842668189
2095,101.0,100.18992312161726
3510,38.0,35.15874845517678
4019,48.0,45.769686593692406
214,91.0,87.52807752284149
3913,57.0,56.220516133799414
1576,41.0,43.13075238090567
582,70.0,71.28851410390665
2995,72.0,71.70407412991433
2104,103.0,101.61732470290059
2684,67.0,67.63197691052848
1918,61.0,61.328799248965275
33,63.0,63.21081448648078
72,113.0,108.74347389901405
641,83.0,82.85440505799991
3310,67.0,66.17468256658485
874,50.0,46.5400333821158
2979,67.0,66.86751553122383
2487,63.0,64.561805320015
1919,72.0,71.84725629250975
490,76.0,77.33768674696533
2560,60.0,60.506292069613615
793,65.0,66.36436021901972
229,63.0,63.46715994096057
2600,50.0,51.86102692972207
4117,50.0,47.81038692514854
2173,75.0,74.84149874142773
608,72.0,72.32400054562956
2801,49.0,49.101116319911526
1069,61.0,61.21178922478417
1871,69.0,69.52867448700266
1194,57.0,57.564495368610636
1827,76.0,76.15674775265227
817,66.0,66.1142425094643
3014,62.0,62.227896547797414
1804,79.0,84.32197006194008
3101,87.0,87.34063851163131
2458,56.0,56.06683292149415
1847,77.0,80.51789313897014
1965,76.0,77.5299787222052
3702,71.0,71.56569495106
159,65.0,65.48368468422036
1505,60.0,62.351930548474826
195,70.0,70.52518508406354
1112,59.0,58.94423906676631
1759,65.0,65.26266950061691
1493,42.0,40.035820622703326
2284,90.0,88.59807357496123
1788,56.0,52.83050048658875
2837,95.0,98.51714455374544
1432,41.0,41.266422205315315
1077,29.0,22.4310552266136
2456,65.0,66.72137462876643
567,72.0,73.21426573293532
2493,63.0,62.814821818795515
2871,90.0,93.68625397096272
3687,64.0,65.2391140569658
2422,78.0,78.67478462014057
2847,86.0,86.16520917651175
2220,61.0,58.63407741411367
2878,45.0,44.11672027463912
3065,58.0,59.83417423549062
2199,135.0,126.03729824686133
4007,84.0,85.80758337564399
1593,78.0,77.74816925550209
679,54.0,53.63534961094898
2381,75.0,75.88650044755641
3107,84.0,84.23743731807775
2055,52.0,49.329519864837025
1102,124.0,117.20779376458258
2449,69.0,70.08520999606989
377,67.0,66.7092297336016
3340,76.0,75.48504243635108
859,64.0,64.40613020866394
1670,52.0,51.37465897729834
3630,87.0,86.35089082888409
2130,64.0,66.47216889612397
2479,67.0,67.3656629736061
2212,77.0,76.43051234871884
588,25.0,20.764700586348354
4125,64.0,64.51275082917428
1473,66.0,65.38445912166796
3328,55.0,56.30849480507496
1714,65.0,65.81192498101647
1074,72.0,74.54281667978265
2563,101.0,98.93225136009184
2527,36.0,35.48007103393435
1716,54.0,58.15860148027379
4064,60.0,59.96239866238207
3005,52.0,51.26801892817853
3273,58.0,59.196541778661384
3701,37.0,35.78738146591072
8,62.0,62.07465999518066
291,59.0,58.56517754603906
3487,66.0,67.88086638069423
599,89.0,88.58889446743959
3559,69.0,68.4702855290864
1983,52.0,47.871000454033016
2592,74.0,74.97808355224002
248,48.0,47.427609497391266
948,58.0,58.03154756373259
1950,51.0,49.86478015875667
3075,94.0,92.64592417127561
1070,60.0,60.46498046353146
796,64.0,63.09799386089556
761,72.0,75.36392444224812
4135,48.0,44.78441027234582
3456,56.0,57.74067421216715
2524,75.0,75.32888201629478
1419,54.0,54.694905719257704
603,50.0,50.375582125879205
3041,60.0,64.34074855231177
97,56.0,57.020786432072484
259,49.0,48.89016571595224
3424,54.0,54.85893326590946
3534,72.0,73.09946430713104
3498,77.0,77.44117222435271
2135,55.0,55.966647018105185
2446,53.0,52.37661751891004
907,92.0,92.36858108850842
2753,55.0,55.93923161021801
2062,70.0,71.18986325224603
1151,51.0,52.87220241709133
4051,52.0,48.53061981825813
3571,74.0,74.64288659223652
1084,67.0,67.53875201633076
844,92.0,90.32130988869991
2453,70.0,71.20710321204899
3650,51.0,48.330148537721385
1050,70.0,70.95920044629375
3760,56.0,55.76705049724609
3872,102.0,99.91327012261075
1706,51.0,51.81423175784836
3537,56.0,56.8796644723529
347,65.0,64.91560948663992
2717,82.0,81.21094404811879
1597,53.0,51.7789946216653
2751,72.0,72.3349831517562
2296,51.0,50.24880635219215
498,60.0,60.42329800131343
3764,52.0,52.72709680765412
435,45.0,45.36936789071796
2581,65.0,65.49884754811242
1441,83.0,81.86602693723027
1770,75.0,75.07407857214592
168,74.0,73.3801969218278
3252,54.0,52.998625797709224
128,42.0,41.09613183440564
563,68.0,69.07927684518404
3806,54.0,54.49012272597683
3388,102.0,100.65317951221658
3541,96.0,95.21561473014108
2037,59.0,59.85863091481319
1223,81.0,82.34112133532258
1970,79.0,81.70146867628566
488,54.0,54.1988739923227
3555,77.0,76.58189423482195
3939,60.0,61.17081100239302
18,55.0,55.4933115171543
2406,78.0,79.0460068994388
905,85.0,84.06670501232612
201,74.0,74.54577278813308
3242,64.0,64.70379895719202
3354,48.0,47.39892292726755
694,61.0,60.74070955666876
3209,75.0,73.95614038591565
3181,72.0,72.01345946311488
4031,55.0,55.318826488289425
1545,65.0,66.22577867893193
34,66.0,67.3949833382477
223,76.0,75.12803842692145
3669,69.0,69.71673119172794
2885,71.0,72.26119510123974
885,62.0,62.266251412673626
4085,66.0,65.93811782796391
3635,82.0,82.1101957119603
602,61.0,61.23221566518662
1113,68.0,70.3628221156185
3492,66.0,66.20639520026837
1025,74.0,74.47078930351913
3494,56.0,59.599946583773786
2815,64.0,63.70996208547892
1344,76.0,77.77234144923216
2202,65.0,66.54892159750756
1564,106.0,100.94921586999499
115,77.0,76.08153647491402
2507,67.0,67.86893310364637
2385,63.0,64.16335987320619
2068,75.0,74.47983142364706
2558,43.0,42.010204540413625
3344,74.0,75.3589482771291
1747,68.0,67.90743875244522
52,79.0,78.71587453920647
2112,87.0,84.28601150288071
1390,44.0,45.17927913092643
2379,90.0,87.88482782303304
1746,56.0,58.13909157632021
75,77.0,78.2909498588294
1869,66.0,64.76065296311579
4089,75.0,73.56909562042317
1357,62.0,62.14569670053358
1131,93.0,92.01555435884337
1198,87.0,86.78774144340164
2377,56.0,55.203482169116455
2480,38.0,36.22749878088064
2549,31.0,29.425682171331516
826,52.0,52.02346538576544
465,76.0,74.98932603885416
1342,72.0,72.93115498821919
2552,78.0,79.42326698625108
3846,49.0,47.70383479731849
3513,91.0,90.52350750790595
3676,79.0,79.50471565824355
170,56.0,55.67830095298059
2335,119.0,111.81032989888394
914,94.0,92.56200890140796
1855,60.0,59.426842087011124
3285,85.0,84.44563530653745
53,76.0,76.58801313982613
3370,74.0,74.95242720320553
239,85.0,83.74598109929846
3051,60.0,60.285992903424045
27,81.0,80.35425873047376
3042,43.0,40.71524546539836
2131,74.0,74.23304644825998
232,57.0,55.910843401868405
2332,81.0,79.85860181756799
1127,72.0,72.20274262210947
1738,44.0,43.8121629040887
4132,70.0,75.154552886765
3132,78.0,78.53738904345144
1130,61.0,60.60310266623286
3710,88.0,86.49940924974281
4077,53.0,52.82433483614386
846,54.0,56.138482840191436
3791,71.0,71.3993292492517
3835,74.0,75.35916499400588
2488,49.0,48.164129069011416
4070,55.0,55.04285395499887
513,68.0,69.87289499508758
985,79.0,83.04022456429362
2867,87.0,86.60021587317107
3980,48.0,45.88129643724249
1500,96.0,89.42306111635884
3331,65.0,65.43530375882466
3683,84.0,83.74704443540833
3069,77.0,78.34099765221045
1916,71.0,73.16037351587829
433,95.0,94.75406949662563
1397,46.0,49.155528688601464
340,62.0,63.6405322663211
337,52.0,51.91394125869955
3617,68.0,68.55650138458307
276,70.0,70.87618300655598
3366,88.0,87.7907811111398
484,72.0,71.66881578110201
1577,50.0,50.335912977396575
2283,78.0,79.23331579762575
1710,42.0,42.03164106285482
3801,92.0,87.63879034036268
2840,90.0,87.0707869928597
320,95.0,91.51883983963324
2239,63.0,64.09605241811961
3609,55.0,56.513207538603496
2570,58.0,58.323770788655025
313,75.0,74.85649360952881
2187,71.0,72.49943664528841
1899,77.0,75.99628076542018
144,91.0,91.1495268450541
2662,46.0,46.72337123504548
1302,87.0,86.73616686939832
3204,58.0,57.36017596627925
283,71.0,71.9310440186783
707,68.0,69.27961274070077
3734,38.0,38.335634871606146
4024,56.0,57.257250888748274
758,57.0,56.3117608195108
1662,72.0,72.90186732069384
3461,45.0,45.47082731579319
556,37.0,32.1355751636051
1275,94.0,93.61129007708003
839,62.0,62.22802925742381
2326,67.0,67.7079763952001
692,38.0,35.67412934875739
529,60.0,62.594069139537154
1124,92.0,91.22944578698747
2687,89.0,89.5703250599923
3963,71.0,71.87702231702978
2874,58.0,58.33802609251068
2440,49.0,50.419645959360935
3671,61.0,60.76555462780183
186,99.0,96.96126365541805
3450,63.0,63.854838166743455
2641,48.0,49.16654043060741
1587,64.0,63.44595030198141
1625,73.0,72.0951067248717
3363,52.0,52.13804664637562
206,104.0,98.30084987102873
12,100.0,98.26068769070055
1168,80.0,80.09742683214048
344,70.0,70.10717321123357
1424,45.0,44.503353692713006
3271,70.0,70.44289162459168
1803,94.0,89.9147985919611
1494,49.0,48.202734183159635
2952,58.0,58.00458007511628
3183,57.0,58.311548762049796
3073,89.0,88.54873085995537
975,74.0,75.84545106978449
1846,50.0,49.329159817444186
1945,57.0,56.910384946491206
3422,55.0,54.72928610154596
1117,101.0,97.4887569755053
802,75.0,76.06252772699882
257,54.0,51.38393809970497
190,60.0,60.163007970615354
575,30.0,26.34376097194358
2669,67.0,67.49436705616098
3178,85.0,84.28794127886528
1839,42.0,38.34529483921881
1399,106.0,106.44708769570725
1279,96.0,79.07707216772755
3197,54.0,55.21845305525156
760,42.0,38.18158180385509
2376,73.0,72.08675498932428
4023,49.0,49.69074319932766
4128,43.0,35.82652982430099
246,67.0,70.47929173998784
4001,72.0,72.68184423084901
2881,54.0,51.78568583960288
4078,52.0,53.75309272222758
374,62.0,62.409644612083895
3490,75.0,75.04335428900512
1290,81.0,82.95038844276652
1308,62.0,62.674620839446675
732,74.0,74.67681996038417
3468,52.0,49.99811974105497
418,43.0,44.250118902055135
3570,23.0,21.043466657410605
2906,63.0,62.92481031240487
71,80.0,80.28900197335224
1703,50.0,51.23566889955917
46,87.0,88.15878874156456
3624,48.0,49.360682161429736
200,59.0,57.360372497316334
1247,93.0,90.42867520754913
3027,61.0,60.29263201218828
1299,83.0,81.65724269298919
4114,50.0,49.25060780550035
149,84.0,84.01509593710972
2121,75.0,75.20014511982964
1783,64.0,67.85212224759827
331,57.0,63.40881468027362
287,64.0,64.94071788282133
440,75.0,75.76459954524535
2250,60.0,60.65047185751382
3337,85.0,84.26603578449527
1589,93.0,75.02108733750603
2673,75.0,74.96143391266698
1328,73.0,73.4209418913252
2154,128.0,122.84548741633152
3250,92.0,91.5753173290326
154,61.0,62.06032590927495
3586,86.0,86.51400162839522
3080,72.0,73.25017023457949
3645,82.0,82.96879655057629
1656,54.0,54.97955639900447
634,53.0,52.7229096966712
785,64.0,62.38489794480398
924,64.0,63.775726326439425
1853,51.0,51.07692253127902
3144,52.0,51.411938934326855
3999,73.0,75.20734230262372
959,53.0,53.90260923364885
860,47.0,45.9447903019687
270,54.0,55.082838880565035
3986,73.0,73.71983482285401
854,47.0,46.26712747476542
2435,66.0,66.8580098706215
458,82.0,82.272914297596
2189,75.0,75.99179779195481
1081,53.0,52.44873375109503
2307,104.0,102.39982422660864
300,70.0,68.55754931054517
1458,62.0,62.90204349000338
3212,89.0,89.79569120821365
713,47.0,45.550905084058634
381,81.0,80.68870949542293
3401,84.0,82.9485147795784
321,63.0,63.94365574151301
3019,72.0,72.38985548429028
3305,63.0,62.58503986669667
2772,62.0,63.19368735735303
630,74.0,75.45825778295495
2086,64.0,63.88383029367761
3245,65.0,66.3644996621488
441,67.0,67.47670336162987
2478,101.0,82.19231955217279
2005,49.0,47.49934089814863
2537,78.0,78.83334971444987
3478,76.0,70.35818538249504
1773,39.0,36.841847385102376
2526,83.0,82.16410699876482
330,69.0,70.59399380626598
1569,66.0,66.71172146665415
522,67.0,68.52043353883867
3175,57.0,57.6015827916968
1754,61.0,62.114144795820216
540,83.0,82.9134197050665
1095,59.0,62.0366552959248
3166,88.0,89.29910552526293
2730,54.0,52.46542389128811
1269,44.0,44.13903559426689
3518,82.0,82.1313481025482
1926,62.0,63.95360384398727
2739,69.0,71.05728517611834
962,68.0,67.61444404493372
3428,55.0,56.132987465906595
59,57.0,56.97008045138562
78,58.0,56.06870522622589
3917,66.0,66.79214463790628
2003,65.0,66.22577804739956
3334,65.0,66.78676103600857
2306,74.0,74.37562817975828
1517,64.0,65.05368874313899
3191,64.0,65.66004120954584
852,64.0,63.59583984330965
933,93.0,92.54827933082855
2122,77.0,77.84433355056026
1027,70.0,73.75608414041719
2408,83.0,83.8678808625708
2393,77.0,77.05791030546074
2320,76.0,74.34580062940292
1304,81.0,80.42652740950817
2262,100.0,100.85731177218076
3539,67.0,69.11529124950329
2489,69.0,70.12297190299103
2956,82.0,83.85067431852862
132,90.0,87.14586730969876
336,87.0,87.38150351477861
2031,55.0,55.59783792364637
327,71.0,72.61045367752469
2445,56.0,57.014674843737126
1234,67.0,69.42396421993277
1251,103.0,97.63888179103697
2926,58.0,58.48902338030365
2612,57.0,57.49354237027757
455,120.0,110.21191651251462
1459,98.0,96.4525396048195
2087,61.0,63.24779974567636
912,60.0,61.10533317312729
45,58.0,58.889146848251265
2096,77.0,76.66938079572239
2235,44.0,45.16609352203347
2724,88.0,86.75684499901966
1748,51.0,48.5742032306123
848,51.0,49.21352113614856
2984,41.0,36.96356401241245
774,70.0,70.93873039230675
1314,81.0,82.39286751051748
2586,77.0,77.54391642985132
3383,74.0,75.49449786661452
412,93.0,92.12388002075221
31,76.0,76.21326861212475
3446,57.0,57.32575226493898
2963,69.0,71.22792017892316
221,70.0,71.01313539791683
3152,101.0,98.15581747560256
1872,65.0,65.29289177281349
2816,76.0,77.23378936281529
2773,62.0,62.91854935741623
3992,53.0,57.42693260895144
3192,65.0,71.76257738387869
65,96.0,94.64526474954113
853,74.0,75.34268774314141
392,77.0,77.39884044814738
3950,73.0,73.68291093519696
1111,113.0,105.67496364066668
1977,56.0,55.44198106423005
2774,76.0,76.36077960686265
505,59.0,59.61878826056295
980,56.0,55.958752846189924
3544,87.0,86.83377470197294
470,89.0,86.66280503689364
1720,71.0,70.07135252191233
1370,80.0,80.41417739356918
210,54.0,54.533334633458026
2749,63.0,64.02361043568366
900,82.0,86.0359019333778
6,113.0,109.13135334946605
466,103.0,100.18319116762036
311,104.0,99.21858631742138
3648,112.0,107.1637448244362
2428,149.0,141.1345577091664
858,68.0,69.40312367382123
2119,47.0,49.40319178815356
1943,77.0,79.6697898380385
2503,56.0,57.563730258874166
2779,82.0,82.74623612266362
2565,61.0,63.43522576097715
843,66.0,66.38129613616572
212,91.0,89.82985473901205
477,96.0,93.81788545608131
881,68.0,70.60973942813841
3775,81.0,81.42755926809299
30,56.0,57.91916146436435
3699,55.0,55.804074496675284
2736,72.0,72.5758570481994
3097,60.0,58.282865248374996
2477,58.0,59.51937572046149
3076,108.0,99.17716098707771
1558,79.0,79.37294429668326
871,50.0,47.83639686076185
1035,53.0,48.239117995797585
1386,52.0,53.17741296368722
3795,66.0,65.38007910884754
1845,54.0,54.62172329152043
241,45.0,44.12437349063187
1058,55.0,54.1230853529653
3381,68.0,66.80480267541164
4080,80.0,85.3927182260258
3664,58.0,55.41254966525883
1574,63.0,64.00041619770776
1941,68.0,67.47222026309271
1705,52.0,51.272359615600145
635,69.0,68.68018588570295
82,54.0,55.11464805030566
277,64.0,64.62257381776493
317,69.0,70.34351458363363
2034,72.0,71.63137146116665
4046,65.0,64.83109722164832
3920,61.0,60.95098231703982
3403,78.0,78.36523543894496
3633,50.0,51.87691518185052
3905,54.0,53.16626280055733
1798,47.0,47.98952240756386
3528,69.0,69.98347994122804
2971,41.0,37.15813852097926
4006,41.0,36.83927382011805
1392,76.0,77.66453519872749
1541,98.0,94.68960260989962
882,81.0,82.73647476364206
2516,42.0,39.960456676914006
1413,96.0,94.71927090300667
3355,60.0,62.899402619026255
1336,63.0,62.94120478684252
3965,46.0,41.01664302235005
3615,84.0,85.86629767410508
2288,68.0,69.3395276642172
437,69.0,69.61332808715957
1966,47.0,38.41333905279144
3803,64.0,64.9565705508474
3796,56.0,57.72317753418405
3231,86.0,87.50503979313436
1741,52.0,51.801753372871126
770,77.0,77.66776158485226
164,63.0,62.495183273777904
1756,81.0,80.5132246841606
3368,51.0,50.0491819036352
2670,56.0,58.258543822561876
108,72.0,73.77302028520688
720,104.0,84.31811543205427
258,69.0,69.47194901035216
2268,89.0,89.02693769679811
2587,68.0,67.93651996743637
1097,96.0,95.86869951540294
1596,53.0,53.31983690868006
3884,81.0,80.7307614706405
2462,44.0,42.23349530009717
3546,57.0,58.576824111836274
2621,72.0,73.71426902321878
3438,53.0,50.950661218191755
2365,68.0,69.02700351866032
2371,81.0,82.0327130530745
1552,57.0,56.34982555937678
354,53.0,53.43371376213009
3412,60.0,60.48575422841181
1415,71.0,71.9077149537355
2146,86.0,87.13179354902368
1175,97.0,89.83287844994473
1174,79.0,73.86002145737581
2304,128.0,120.93556195017743
1063,54.0,52.48287189065561
2074,43.0,38.82852623549336
2947,85.0,85.90475090493922
1704,55.0,56.39464633171051
3020,39.0,33.99199945309552
3856,63.0,64.74038107172834
2373,55.0,56.59029962166949
1120,113.0,109.51160537256253
2073,64.0,64.88598585276232
1584,49.0,49.3184590339797
1154,169.0,159.0340917109683
2134,71.0,70.89774788104845
587,93.0,93.17401014977366
1256,73.0,73.52264738293731
3902,70.0,70.23034507241708
1592,70.0,71.86610224312861
1141,81.0,80.87883056914674
3668,40.0,41.88404840450502
2463,100.0,99.39831498051134
1495,68.0,68.37223840238542
2835,67.0,67.39658332507676
1672,40.0,36.31756316424879
2149,94.0,91.38360629648714
4108,54.0,52.746850733692895
1250,87.0,87.00069867027776
2924,71.0,74.16714143825948
4009,77.0,81.376403838295
2603,47.0,48.88139972370066
942,90.0,92.11199706504654
1487,114.0,110.76264157000386
3940,70.0,71.45186588473439
2861,65.0,68.08969220322675
1573,64.0,64.50535618042852
1375,67.0,67.51948725349757
2870,70.0,72.13699322443767
1585,64.0,65.45131855588711
368,61.0,62.13768373097146
1917,42.0,40.39127822590957
2721,63.0,65.28110026102141
3717,62.0,62.373329778169804
4068,66.0,65.47999043558613
3406,57.0,56.888801774658745
1265,83.0,82.51798503846594
1360,49.0,53.49577972308426
3994,77.0,78.70322765000104
1948,54.0,54.36705107811984
2907,42.0,36.86736932919357
194,99.0,98.08450878868956
3396,53.0,53.62625312407533
805,55.0,55.45072562707347
828,64.0,63.03054333670353
2100,85.0,82.13391216279464
3585,56.0,57.443743834328394
2114,50.0,77.2993366535159
2958,58.0,58.00165880740992
1000,58.0,57.015406485830006
2258,43.0,40.63015151181354
2395,76.0,75.11541566404675
189,55.0,54.389068243268255
1533,71.0,70.6929698874554
3180,89.0,89.1631569524003
353,75.0,75.59732416750298
3330,70.0,70.67965651246048
456,72.0,73.09413374399855
1829,60.0,61.29223699911003
2049,56.0,55.68156540161272
3247,86.0,85.70487266331203
4079,37.0,29.733568254231592
506,61.0,63.248146684363036
2630,54.0,55.94408764197071
3480,60.0,61.07960291204169
2294,96.0,95.29934047357662
1087,85.0,85.0648113664779
1595,83.0,82.49255702661561
3883,83.0,82.84616566283158
1984,56.0,54.69861895861704
1836,60.0,60.543336041337504
346,75.0,76.35229423740995
1296,49.0,50.093489452398956
495,62.0,63.42917342758139
595,81.0,81.62127103742165
1989,39.0,36.91447873619842
2025,66.0,68.83524558683094
3845,90.0,98.5501931001404
1236,81.0,75.75145993055386
2159,65.0,66.53918502814184
2915,79.0,81.3848362816849
63,80.0,80.6530684065416
2430,81.0,81.21225518069772
3878,72.0,71.65950353789876
2893,48.0,44.33143229312716
274,89.0,81.86859922737737
2803,69.0,70.66406339937981
4119,79.0,79.55935110520211
1837,59.0,59.27379294018683
787,57.0,56.13379572196298
1693,117.0,115.29239945965044
1052,60.0,60.15266479233102
1017,64.0,64.59006337265876
2671,93.0,91.72530946300955
2869,87.0,85.96820390641113
240,53.0,52.158488031820745
4082,55.0,55.73374963036194
1289,73.0,74.50864801323614
850,76.0,77.52354765623168
91,48.0,47.676472691739875
1012,71.0,76.5977156194125
2923,72.0,72.28849892792783
3040,52.0,50.21178218627434
2747,46.0,48.585889929358814
4111,50.0,48.52324511449561
1880,69.0,69.9273750029699
3440,60.0,58.65898986820514
463,181.0,153.66516168075464
4102,60.0,58.289999582246566
4091,63.0,63.75702126604878
2834,60.0,63.86874125515563
1621,60.0,60.65611133704472
1955,62.0,63.52524174261558
3572,114.0,106.47218902843052
2473,40.0,38.13651370436127
2754,39.0,33.41380389936309
3402,27.0,24.846556496572592
1079,72.0,72.44605096895557
3637,82.0,83.81630504686669
304,73.0,82.87736116440738
752,55.0,56.5719258081017
295,64.0,64.85068208238332
2519,27.0,21.707860143520605
658,68.0,67.96642049882766
2129,73.0,73.55987674875342
4015,67.0,75.09072303348192
1643,81.0,82.81774993224617
1639,67.0,66.94743914477925
2028,65.0,66.06050697675144
3681,72.0,72.23139640995305
449,77.0,76.62656331946917
3109,60.0,60.091889250339534
2363,71.0,71.40856261330093
535,89.0,88.19130946226838
1181,67.0,72.27708320650851
3838,76.0,77.65774905287083
3667,41.0,37.80478241181889
2613,57.0,57.19752426819642
528,57.0,56.59557923124397
1129,82.0,83.7451527557095
3268,71.0,72.82031010200768
580,68.0,69.3706064601128
591,73.0,71.7494971648058
1166,63.0,63.32707448504544
638,118.0,114.2702233142816
469,100.0,96.63513540425754
1821,58.0,57.577326425645225
236,72.0,72.12846786642638
3023,59.0,58.81793653448209
2909,64.0,64.3513672342378
777,61.0,61.349326504714476
3451,52.0,46.58813029909919
3678,60.0,59.49874851888215
3951,81.0,84.18673028951261
1476,61.0,61.14526476389775
1409,96.0,88.78178586337623
3509,99.0,94.95583606420685
1164,54.0,55.45148224248439
1887,52.0,50.53744954908495
2945,41.0,35.52479167330715
1702,56.0,56.74087198057031
3453,49.0,60.84237356367309
3729,55.0,55.31319339047567
1054,45.0,42.68107459217468
2056,48.0,45.699570605376024
