,y_test,prediction
10408,55.0,62.419232614372696
4343,54.0,64.22565962077522
13302,90.0,87.6161639754474
10040,72.0,70.34529966031332
8947,76.0,73.22690982862855
6147,84.0,65.18690845341932
19082,48.0,71.85619214026678
5519,47.0,52.037379186131524
5022,55.0,64.65449058331313
7744,62.0,69.94980642912155
11878,67.0,75.93525763377417
10602,78.0,83.93255655488005
124,76.0,58.937816922413134
14702,71.0,68.49659539038475
11132,48.0,59.94611927444035
12000,70.0,65.06291469900907
3213,90.0,61.55368222474143
6192,93.0,88.21237910176289
11696,117.0,86.35708260671153
10373,72.0,58.348964801959795
11317,77.0,75.38057268200085
8746,60.0,55.70416094314595
13169,91.0,68.85771250847124
11609,54.0,72.20577569192818
15944,69.0,61.52026093141123
6358,87.0,67.30792567513139
374,58.0,65.63122423213814
20867,73.0,76.13595513588015
13666,59.0,63.3589268126789
20946,49.0,77.96589830323134
18921,68.0,80.43770048933084
13644,41.0,57.63042003340125
9536,51.0,65.00960510728268
19755,58.0,70.93427800998747
8131,35.0,73.29454520187515
13631,83.0,77.4675843910008
20997,50.0,59.4174762521821
22300,50.0,67.04120445381018
7303,78.0,76.68865498203365
34,113.0,72.28176397516049
6370,80.0,73.94597129494372
22153,80.0,80.09721504536414
20209,56.0,62.670427635267785
4143,52.0,67.45120202175453
5752,45.0,62.84924059469086
14672,51.0,55.56041709541958
1604,97.0,69.47070824709724
19957,72.0,73.18371191324505
15564,53.0,63.560191525922654
10266,81.0,58.11082507000882
4347,54.0,59.29744188967022
14309,53.0,63.601417223303656
8933,70.0,66.79258206081121
7528,56.0,62.153047915264885
13071,81.0,67.9634367909364
19381,56.0,68.54336253575147
11201,74.0,61.82806962239334
18555,84.0,66.2119603760118
8065,61.0,67.57521653185748
20271,96.0,72.4667868033451
5768,63.0,62.2538764435336
13653,25.0,46.236814371491825
18585,55.0,70.16644651669071
13769,56.0,63.05031372621765
14579,70.0,64.10508383423301
8017,53.0,56.88608885762954
19248,48.0,61.52710062126923
1980,53.0,75.19105548886208
3498,80.0,85.7487975463887
674,42.0,64.00629857844375
11000,47.0,52.49088539048827
6623,67.0,72.95482487442798
1244,105.0,72.59152262160558
3577,68.0,61.951238649992845
3947,51.0,65.23186629163139
13649,50.0,67.79287480810554
12423,82.0,70.73793067946487
4486,53.0,68.9767780902844
12498,67.0,61.21058797866408
7185,73.0,79.34316501015637
6729,87.0,78.1575985238193
4481,68.0,66.62513074578676
1172,63.0,75.85859116255583
15813,72.0,62.14552726344231
8016,53.0,56.88608885762954
9836,75.0,69.05461057889781
20922,77.0,69.70361900562386
15346,68.0,66.75649371430212
13506,67.0,76.65103883716966
13905,39.0,57.01325271928201
19844,74.0,70.35745542743977
14592,53.0,64.28667672306082
22094,63.0,55.91457223922644
12729,81.0,65.78503730069417
22113,55.0,64.44485704928543
95,69.0,77.37192762933867
1723,71.0,82.28931518594105
10780,43.0,58.23157927810936
1151,91.0,74.87378935342467
16564,63.0,73.84126373747762
4587,91.0,70.10297502788569
15131,68.0,68.91542355887765
17902,93.0,76.44955848048431
17947,54.0,58.35768066337304
19298,84.0,65.81920632740575
12224,87.0,68.92824563017581
63,90.0,74.52132539789932
20635,83.0,53.57057356715607
350,84.0,71.99866854949784
17390,75.0,73.69081119438248
3168,62.0,72.7995824008666
19777,71.0,80.04446400097754
8019,58.0,66.78589576824655
1283,71.0,68.38404383849655
12549,71.0,73.94125473935017
1366,100.0,73.14651552061366
16624,81.0,63.852893886822905
4869,83.0,66.04006903215333
7324,127.0,80.08416765165367
1286,99.0,74.85101630757106
2257,69.0,72.39577008209471
1866,57.0,69.01242439065456
7040,63.0,68.66038731242209
19049,89.0,76.60830077209634
15810,64.0,61.656573111986326
1861,47.0,71.37761993554197
19560,60.0,64.50349114478786
16840,72.0,69.96797818707395
7297,94.0,81.79395584352808
20080,84.0,75.19045843491179
14420,49.0,66.43858286071465
20641,54.0,55.59213403812588
5429,43.0,57.29330491021965
20270,96.0,72.4667868033451
832,61.0,66.3497653258357
9659,75.0,60.67339413054594
2862,74.0,76.27678416354183
21456,52.0,65.31047753394415
8059,71.0,70.6932172851501
3791,66.0,74.8463398484891
6838,60.0,71.75367938906922
14456,68.0,69.07562044467664
17535,63.0,59.657466077410945
16447,58.0,64.66072630194355
6256,83.0,79.96622403480987
13882,58.0,68.3469515088994
16449,64.0,79.39157756247958
20502,71.0,66.4534492831275
15956,75.0,61.93434810311245
16396,43.0,62.42771973084837
17030,91.0,86.5853122418756
15023,53.0,66.74074502202527
19331,66.0,76.47271289083044
16216,63.0,68.8799945383885
10566,83.0,65.17727272599986
844,56.0,73.46602111804158
21292,66.0,63.87802952039703
11556,83.0,70.72750333983633
15640,48.0,64.67038840619314
12313,90.0,67.90855975517628
20584,71.0,70.93468126689564
20720,68.0,56.556342469734716
2777,81.0,76.13536115010247
9850,60.0,69.14182159711022
20947,49.0,77.96589830323134
18113,62.0,66.64052667954037
21426,70.0,60.821067892752296
354,87.0,80.16619047525111
3362,61.0,66.39519428992843
18388,70.0,67.4151572667663
8294,90.0,60.98927617372167
7271,61.0,68.66455191182888
1749,59.0,60.71599409391268
13238,48.0,79.20405369703118
7365,62.0,80.05965769326332
18852,81.0,69.95966644675916
1865,57.0,69.01242439065456
3688,92.0,66.80456497444014
17326,82.0,51.90990701620849
12391,56.0,58.88385704806104
8061,71.0,70.6932172851501
16550,77.0,72.65345726115048
15427,82.0,88.50984755354014
3072,68.0,73.19622939297594
16583,60.0,59.85260668011409
1732,69.0,68.38259954046467
8062,71.0,70.6932172851501
1145,99.0,88.98518708463725
15318,45.0,66.92560476949629
9777,63.0,86.32655611254378
21916,71.0,76.2046636107728
15733,73.0,64.55270697844281
6188,51.0,67.7513078741641
4445,77.0,67.03055664776102
2304,67.0,68.07557242347863
9840,79.0,66.13357375588848
16576,83.0,62.730014668648806
4469,77.0,57.599467365277384
10582,61.0,62.233560429240626
20717,72.0,63.20605410324401
1100,72.0,69.21282139083675
20340,42.0,61.89193452253459
7794,71.0,70.34110065610108
18634,79.0,76.28637949522393
19805,61.0,73.78436791460483
20595,59.0,61.587137309903355
9486,69.0,67.03628984404173
14179,71.0,71.54184846883226
1785,62.0,66.21620955744602
12400,128.0,78.22316441281595
9706,62.0,75.44470478753655
17948,54.0,58.35768066337304
1817,98.0,80.72272797257637
5845,29.0,52.45081618555022
108,81.0,75.7249305006401
14238,54.0,70.76577358367439
21521,60.0,81.0141931691544
21190,50.0,56.35994193440173
6329,59.0,75.03615605901105
14369,66.0,68.93674305137486
8906,71.0,69.80117780234491
1263,72.0,68.26812652259862
15126,55.0,61.934554703166135
7840,91.0,78.33778810011975
1505,71.0,61.40108956832525
20356,68.0,75.35818092187763
14705,66.0,71.92567167926974
17239,79.0,76.08106782010891
7495,52.0,59.806879835295675
9962,86.0,65.67055516425967
19956,72.0,73.18371191324505
1701,55.0,56.193877315039046
4506,53.0,78.24024946993165
19937,79.0,73.02627898010041
4901,71.0,62.55231501439879
11860,76.0,66.3161333555181
16794,60.0,66.2521473371211
4966,59.0,68.27648847249529
2896,57.0,62.091068380791086
8866,41.0,57.102553246636795
17253,52.0,75.02975570382716
15729,64.0,59.20806589878851
5953,53.0,72.81765084206071
18165,85.0,76.92107993966599
18638,64.0,61.903026822991635
1493,72.0,68.93758164084545
6715,105.0,79.02005577520139
2344,64.0,63.60116339966218
21058,72.0,62.890946867098755
9656,58.0,47.618883294060865
19959,72.0,73.18371191324505
2470,68.0,55.963741027833294
21683,77.0,61.422297989767294
527,70.0,60.07780998857515
9868,79.0,65.6184097364835
8050,43.0,67.10063609615844
1375,69.0,66.60962351849548
18348,59.0,69.47917463537738
12387,44.0,70.64879512999505
4246,66.0,59.2089629841724
15797,66.0,65.67522153167936
7352,62.0,68.40970339657306
8848,66.0,51.723519670357085
3360,78.0,74.82665057137764
18474,102.0,81.07204144806862
794,74.0,62.82948997965782
253,77.0,62.741001508329376
17686,76.0,67.89127668441917
14276,92.0,75.74114032996287
6540,52.0,66.35588264095009
5560,72.0,63.769651100785225
5806,61.0,61.60480993420712
19088,59.0,59.48108193706628
9055,105.0,80.80486136123113
7293,71.0,71.2940306602029
20040,66.0,70.74712217114046
5138,64.0,57.361648701100805
15284,58.0,64.0185778910321
2134,60.0,60.246501207072576
9231,78.0,62.329435173221036
8811,104.0,72.83364185315114
1563,55.0,57.041508530557955
9009,62.0,71.92122899406138
13304,90.0,87.6161639754474
3307,47.0,50.98192191658375
17849,88.0,76.79571714515664
779,91.0,75.07860696612877
2085,50.0,60.44295855949645
5959,113.0,78.41785430770906
4140,55.0,76.86400590022427
21013,47.0,55.96756855921185
2842,60.0,66.8399134789978
8507,69.0,71.2301171649614
17596,86.0,74.69590290085806
10142,75.0,71.36324400619624
10856,65.0,69.26262874613178
1560,62.0,59.79366353107568
9833,56.0,53.15347387219931
6332,79.0,64.6787470195387
4593,54.0,62.53099379956994
12800,60.0,85.33259785175943
20995,63.0,70.55286415859942
16683,98.0,86.73512725775923
11477,107.0,79.29943727217241
15951,58.0,68.97960428404475
16645,89.0,76.36173759812337
7662,73.0,65.0721056338381
11343,85.0,55.48503279511037
1443,54.0,59.65973635389886
8007,83.0,66.79481067462011
1177,76.0,67.58584618680204
15379,54.0,62.80598726535854
19389,71.0,74.55167180485381
21251,71.0,70.71489786996253
3669,68.0,74.72387587641924
1078,59.0,86.6411465435271
6160,111.0,85.53592267624681
4039,74.0,72.80998595537217
9221,57.0,64.25452335331116
18768,57.0,62.49617020488218
10131,65.0,60.757885644745585
11371,92.0,77.40906348793239
12578,55.0,64.79477203583933
3034,86.0,62.44476841742238
1855,56.0,56.779786289171625
2054,78.0,65.72133258999592
16003,70.0,65.59053217837753
18262,53.0,58.56526596078544
18343,51.0,73.12734922030204
1270,85.0,63.890403028688816
7416,102.0,74.39842814859546
13587,27.0,49.79999837675684
16184,57.0,64.43620590358373
4442,59.0,62.395921448990585
4424,64.0,68.29200078182421
9188,53.0,66.53404940794788
8287,48.0,65.50147468474404
1728,95.0,75.63966438167358
2889,83.0,70.29938767176161
5478,55.0,59.54174738836742
12834,81.0,63.65026047837365
5332,69.0,70.09849038562314
7121,48.0,76.19289658803365
16342,78.0,72.18647380038476
19319,61.0,59.19694240615924
21390,42.0,65.51217404147884
4962,70.0,65.79269480625157
7785,70.0,67.76881934878465
8881,61.0,73.8303499188078
12675,37.0,47.29629645450015
3641,82.0,76.22364917592418
16010,69.0,66.07479283319071
5816,83.0,65.04404845073216
2315,55.0,74.24627891838715
14120,68.0,65.93535280441276
18594,93.0,77.61027114465705
14390,77.0,71.28851840526487
21802,48.0,60.04148849997581
17598,50.0,60.03529147848593
1685,63.0,73.3607142663161
13973,77.0,62.77871039545925
14872,91.0,82.24964031921095
3331,79.0,65.7389071488372
20814,65.0,60.56369428468828
14229,64.0,79.01724911710835
521,77.0,76.91730125519895
11091,79.0,62.00825951752951
12301,86.0,75.19892681311825
10604,42.0,62.39593361989396
2494,45.0,64.8811583730718
6505,70.0,55.50533538752059
1910,61.0,71.6285777949955
6345,121.0,76.67450082216808
14582,57.0,63.532695527964414
17486,81.0,75.09141238653656
14109,42.0,68.40868985047551
13303,90.0,87.6161639754474
11984,85.0,67.67716031367192
19010,89.0,70.16095579646993
12075,59.0,75.46313495219609
10140,75.0,71.36324400619624
15817,71.0,63.13272870905618
6689,61.0,68.72508705993913
3636,89.0,83.78996472248399
4271,59.0,63.1990482211972
2975,62.0,62.58546336489209
16793,60.0,66.2521473371211
7916,44.0,74.09214493056291
18170,55.0,75.5804277009949
1922,66.0,64.29060345343302
10550,54.0,62.08952465841814
5160,43.0,55.33586017510333
905,66.0,81.99640477545104
19789,76.0,66.64762260495911
15861,54.0,61.768964907189485
14862,44.0,70.81432817689183
14256,58.0,65.84629399799906
21589,69.0,66.11120609772692
2158,49.0,58.13936980817135
12831,91.0,68.93382911430366
10655,79.0,60.77797114174454
4062,69.0,53.6942355134877
19602,55.0,63.2236019030962
14174,71.0,66.21679155885302
18675,55.0,73.89265672045698
2161,75.0,72.01236476413027
11261,77.0,57.21052578386459
3634,89.0,83.78996472248399
18888,51.0,71.11280312907805
9036,87.0,85.49968663570442
22354,82.0,67.94169539022057
12848,78.0,80.25486107370072
6796,51.0,77.34422830578653
12560,91.0,71.69418467664777
15312,54.0,59.48165457265176
9614,74.0,69.38175975235207
13107,78.0,63.4372751667684
11245,49.0,63.49937410807927
16257,73.0,63.054943409839495
20612,44.0,60.34481435876421
13306,78.0,61.37162358631532
10598,60.0,70.95979401159646
8489,67.0,69.88532119785235
20537,48.0,58.57945905194944
13958,82.0,74.5566426296302
21785,73.0,67.69645154730947
9596,50.0,52.313471189662
14161,69.0,60.53937318517843
7001,95.0,82.89963312835917
5105,93.0,65.46624896997723
18417,97.0,72.80336710519897
21466,81.0,71.65727571228052
12553,90.0,70.37914198973763
1216,61.0,57.74011120759842
2098,73.0,76.35510155956825
19882,41.0,75.92736203315789
12982,90.0,79.8868091218209
22022,57.0,63.66882400285067
8932,70.0,66.79258206081121
14284,30.0,50.71310426747987
2343,77.0,85.48485040834471
10369,56.0,56.061911941436406
2934,92.0,74.36718680085768
16970,81.0,74.67458267411507
4380,55.0,67.42493704776084
14954,65.0,58.577548045965905
8680,93.0,74.71287588118193
12292,77.0,80.2411426514587
10344,53.0,64.61388944845828
18405,112.0,80.3268855487047
11912,92.0,69.50853970007884
21009,72.0,61.02893890640741
5786,54.0,65.74836885665498
15385,96.0,60.546415541605754
14422,63.0,67.4848120837191
8338,79.0,63.560630226662965
18724,64.0,67.79990363454043
11475,91.0,76.13597589112666
14849,69.0,64.52564043058197
4676,47.0,60.33337681099142
14226,62.0,65.01975481752766
1191,92.0,65.92257552972575
18681,71.0,71.01142505695158
1254,50.0,70.57512738348176
2825,65.0,48.90264431110052
11507,74.0,77.9764491124791
19327,59.0,71.74876243568636
1946,67.0,74.44802522177052
19361,70.0,71.66977936568162
4316,64.0,69.36155140157648
1650,62.0,65.21998049194767
6089,93.0,70.82749230392098
9816,47.0,65.5115508837837
12636,77.0,65.92554582570565
19317,61.0,59.19694240615924
15847,45.0,57.644714981113765
3335,53.0,53.51589634243453
1966,99.0,80.62637778605368
20806,88.0,72.4217199314372
979,69.0,66.87032311864853
18167,44.0,61.68820445291176
5058,43.0,55.005654529063634
11422,50.0,61.38420438327124
4020,53.0,62.958367195385215
12947,75.0,80.14954551862563
1161,91.0,62.04559702827426
17708,81.0,73.91133530330552
17635,89.0,71.00120426950004
17666,113.0,81.29570488631931
4613,66.0,69.78947199286102
19609,80.0,68.77778564697786
7514,58.0,69.8887423548745
8203,96.0,76.06829692354069
13438,88.0,80.06153052216455
17938,84.0,62.66040547962419
17467,59.0,74.96272706190118
4295,89.0,73.028949112399
3875,79.0,83.73999588613046
7268,56.0,66.75860867821034
21581,48.0,63.73457494964356
10183,99.0,74.73285389382235
16076,69.0,60.80387270464584
15866,54.0,65.55378175650912
13235,65.0,72.6867320543
18722,60.0,75.33413646731039
13084,66.0,64.723402460726
21165,43.0,49.47623546036754
18815,62.0,72.41286394118377
8592,66.0,60.622521136095145
12288,76.0,70.07587522077144
4423,64.0,68.29200078182421
22368,70.0,63.46382882209783
20781,61.0,66.7048252387187
1082,74.0,72.62391404617874
15762,50.0,63.1594774223112
19900,55.0,74.22926319277309
14859,57.0,70.22874390780508
16380,53.0,64.04036848179155
4414,59.0,58.57739881784804
69,62.0,72.25983570132118
6619,76.0,74.77179017910558
7547,72.0,62.234868496569696
6061,92.0,75.05093945332038
1801,73.0,80.12640114994569
7981,62.0,67.84754595219053
145,66.0,65.37592375476727
5410,56.0,63.13719291655882
22127,52.0,59.72598151847139
7804,71.0,61.17902886614105
8085,78.0,62.87505487366635
19299,84.0,65.81920632740575
19276,72.0,68.06930109173486
7148,66.0,71.01969590349277
10518,56.0,60.70250179450756
5431,43.0,57.29330491021965
22013,73.0,50.923234165007344
6418,57.0,67.36931740517765
6327,85.0,73.68171217679938
22364,55.0,63.68661947671282
3353,77.0,61.68275065509965
21512,75.0,72.73590134936742
399,72.0,62.115324530286344
21328,61.0,61.68382678349665
20496,81.0,81.30686562064454
2477,53.0,57.7328534650911
20571,71.0,68.1936932594968
14404,91.0,77.45175204914213
19761,61.0,60.621837011586074
9968,55.0,57.16856665194425
5832,46.0,61.69988057997494
753,93.0,63.104953676367174
10850,58.0,57.41995133215676
6618,75.0,75.0776826114632
13696,68.0,84.49398496114424
13182,133.0,91.62714229353696
13043,56.0,67.28150691143317
21459,65.0,65.0118685748069
10575,51.0,59.503512880057826
17271,64.0,69.61541489262925
1900,116.0,81.33361131320018
10447,37.0,62.44990734436593
6845,60.0,65.5001633766012
10416,52.0,62.0326675705079
19195,91.0,78.1134909451552
6768,129.0,77.29727399844593
17435,63.0,64.25169496604076
2664,62.0,73.76795519482403
7729,45.0,64.54369770761446
19902,63.0,65.10807152694531
17508,86.0,75.38817260911443
12484,85.0,72.3366181484127
7962,56.0,73.5210783010698
19897,61.0,61.52491192831682
17004,88.0,71.48761135717831
7153,87.0,89.29885360503151
12688,71.0,56.48408639813057
486,46.0,70.10163881410952
13682,78.0,73.50012925672864
15166,66.0,61.706724823501844
12438,92.0,78.56456524049672
4970,75.0,66.5919282159663
5483,63.0,62.51493887349851
4796,66.0,67.74451369027815
11447,47.0,67.74378500469777
5979,68.0,82.50011201856812
19940,62.0,66.16547028375231
5557,81.0,62.21975916766157
534,40.0,81.23848303658129
19904,63.0,65.10807152694531
17256,84.0,79.15361667624123
19173,99.0,72.40825568548975
3762,55.0,59.91022500843006
9643,68.0,63.790130865359025
11872,79.0,74.2816172364596
11051,54.0,69.35954491599095
6996,81.0,67.05223204698538
21958,67.0,66.10256225658277
6546,87.0,72.73095057389524
10814,63.0,55.45483549110074
16277,48.0,64.11552058590712
3992,34.0,63.276624572522735
5469,69.0,64.38090639353453
16522,100.0,82.25906164940785
9427,54.0,56.934183977613216
10102,76.0,64.2689554519599
14119,57.0,78.70400954249703
13448,67.0,76.38906185913822
9436,54.0,61.57089155949324
1323,82.0,76.50253823601994
19085,66.0,72.15683338969612
16284,59.0,63.83333430880833
3135,78.0,63.55112913029972
16054,46.0,53.45103958370087
14324,81.0,74.5764654241755
20862,77.0,64.61582944772873
12190,100.0,70.08053124903348
4800,68.0,62.86131853191576
1115,104.0,69.14416230488179
13663,59.0,63.3589268126789
9916,52.0,56.34235300317519
22357,82.0,67.94169539022057
4364,64.0,63.15172403552052
13093,57.0,63.079871954984
4583,56.0,70.05542180748378
5220,54.0,59.16708426344724
5866,64.0,66.36506980557242
9139,63.0,73.18124710119608
6608,64.0,83.33550681833768
16072,50.0,54.2442721133604
16042,3.0,62.31376736147115
18605,42.0,75.09696755647208
1783,62.0,66.21620955744602
7358,72.0,73.86284963179669
11615,59.0,69.83633269130587
3040,72.0,65.51671920382718
16502,52.0,63.02537303642711
19152,55.0,51.68372905012404
768,94.0,77.50931525196386
2312,69.0,68.84664695353763
21127,72.0,70.66517020698753
1782,45.0,64.71840746626225
52,47.0,68.0163841054456
447,95.0,70.73691124168103
15877,65.0,70.35708334189462
16958,72.0,74.35899155528611
3293,76.0,72.66838664958276
2601,56.0,60.223640216092214
5477,55.0,59.54174738836742
3298,79.0,76.46408942184046
22264,65.0,65.48353129934151
22019,63.0,68.04765047916982
12643,71.0,66.44113678255931
10774,67.0,59.7893699817407
6367,116.0,76.88227933421226
8376,49.0,64.9751759975666
9006,67.0,57.8299254063093
20038,66.0,70.74712217114046
15908,75.0,68.09892692762435
15370,49.0,61.29442658435013
22125,82.0,65.06933734874218
2659,73.0,63.59948087758343
1761,87.0,71.90164508590337
9516,69.0,75.97159267101287
9942,34.0,60.32138680571346
3606,52.0,58.7462529528604
16454,76.0,58.29566290202488
10450,58.0,60.62087323162826
9442,71.0,81.81397165238931
248,66.0,65.4044769422218
3012,61.0,70.88916565289486
10413,48.0,58.381569092971446
19887,40.0,53.78458549062013
21075,56.0,69.20942589325202
17258,62.0,68.27555163611942
17980,79.0,63.306832550255
20388,67.0,59.90091960884679
5669,77.0,62.541204828898785
11257,39.0,60.30633752142842
4783,66.0,68.84812743342178
12904,55.0,69.66323012306066
21156,86.0,66.85297557873149
5900,59.0,67.41848937056255
1255,50.0,70.57512738348176
15281,75.0,67.97020764499153
14264,63.0,77.55510028237865
10990,65.0,67.60283819304249
4798,66.0,67.74451369027815
10141,75.0,71.36324400619624
2180,41.0,51.83537827869144
11652,76.0,83.6466818288593
5693,69.0,53.21107814198565
11706,55.0,64.18774649149651
17022,99.0,65.80527124240095
16247,80.0,70.44767278470162
2917,49.0,57.47077002018753
12873,48.0,84.31361842095453
11011,66.0,72.53581641156353
21429,65.0,55.75850017595841
5993,101.0,77.30755596209278
3042,56.0,66.07736009156558
17166,57.0,62.90895004745469
9532,68.0,63.5290704288418
18309,49.0,70.15128001414254
5190,66.0,64.43556998153653
18517,53.0,63.309356062489925
4255,58.0,59.71147934791586
10076,53.0,63.89019004348051
21181,48.0,63.4139796456456
19665,68.0,76.87408993610349
15325,60.0,64.24702403952736
5749,64.0,55.74774555845717
11023,60.0,60.05910527557486
11238,66.0,63.96301227381929
19864,82.0,76.57115019502197
8469,67.0,71.57008616669283
9454,88.0,71.94872179009616
11718,48.0,64.2421558905148
4521,52.0,59.49045601655858
3550,55.0,71.97329000506582
19566,61.0,72.07773490545063
3256,70.0,73.95846639896541
8887,73.0,80.48712474498231
12690,62.0,66.49030058500743
4158,62.0,67.00307163990539
12119,86.0,71.81902089509548
21733,71.0,66.77236900610654
1718,49.0,66.30297193287313
16499,52.0,63.02537303642711
15019,62.0,76.46971523219321
10199,69.0,63.465190428467
19835,60.0,66.97705524846108
5037,61.0,64.2536174019422
20305,72.0,66.47489997797452
16287,47.0,68.86470324050701
6889,86.0,72.02815270628068
1179,73.0,69.46992084611539
15942,69.0,61.52026093141123
2663,62.0,73.76795519482403
1504,71.0,61.40108956832525
5310,74.0,70.7811139654844
8818,60.0,70.98309990927
6662,100.0,79.64468482648223
1843,75.0,68.1154051959484
10908,72.0,60.4731465230586
12056,58.0,71.34158859310455
414,76.0,81.10657142543528
18102,86.0,81.15531119861339
19945,60.0,61.86235930064224
20431,56.0,79.98599220614925
102,54.0,68.38897861653132
10489,76.0,58.112090080519415
2152,35.0,69.61579295169537
913,71.0,66.84723451650899
21265,61.0,64.76204378026691
1203,70.0,73.29592986786925
5027,70.0,61.873256769213484
5068,58.0,61.299902026418856
19890,69.0,66.02490722485562
11366,56.0,71.05423043692949
13755,74.0,71.94286249702752
12502,58.0,80.92562915108779
11130,48.0,59.94611927444035
20412,49.0,63.943916083358594
12332,68.0,81.79876674393508
19527,47.0,63.49097155193326
15578,58.0,59.92632318346034
10580,49.0,58.295748712062235
4861,44.0,53.79766599645895
20928,41.0,60.37132587796546
15348,62.0,71.18206135102581
16207,71.0,59.133037202780024
18619,56.0,68.07545927963268
12068,112.0,78.93617531508056
6034,89.0,69.97189088392336
288,96.0,74.15381133495261
4884,72.0,65.57327736991222
10563,55.0,62.89700889673204
2732,72.0,68.21978666954448
18515,51.0,65.78030896563659
22100,56.0,62.63201610483192
11531,94.0,51.61922596552432
13858,83.0,69.09220349694152
984,82.0,73.62731749387896
15736,60.0,67.15085084969833
1466,59.0,60.97472370853896
8801,72.0,92.9027738354325
1638,68.0,70.01396632653736
12258,65.0,58.804559212004605
20554,52.0,66.16460338316803
19053,44.0,65.50872926779195
6376,77.0,66.97193636589176
17138,61.0,68.05199744133611
11259,39.0,60.30633752142842
20001,86.0,79.35323593141261
10336,48.0,61.677795247722635
3800,50.0,76.82569305564718
10192,66.0,69.61008404137002
16098,72.0,71.46165492635868
1047,99.0,75.94955485959444
2736,73.0,77.60966818893412
22204,67.0,61.268064555909696
19635,62.0,74.08411668848392
5667,77.0,62.541204828898785
17328,98.0,65.90563541713436
3895,79.0,70.12149216387022
18250,91.0,71.11216755489382
14956,70.0,76.76430090560548
9731,59.0,66.77018058631225
17664,49.0,70.49240581603621
5999,68.0,80.11600554624535
13966,65.0,70.37033048327399
20404,92.0,69.22702983072824
899,63.0,68.76026064105596
18329,90.0,69.62695220838134
9856,55.0,64.13699323380514
9492,55.0,65.65200469232616
14865,63.0,57.71059841303121
10836,67.0,58.6699966431689
18095,59.0,70.81012256669274
9040,46.0,66.74642427609584
20045,55.0,70.79777765569662
3873,46.0,58.01671719593196
2963,37.0,60.495043833234305
2366,120.0,64.52995281493412
12662,63.0,60.71380082776646
18847,56.0,71.40948597009495
11512,97.0,80.39284136023028
18495,80.0,60.15013371499688
9368,46.0,61.166802359848546
15098,43.0,65.36266256617134
15294,52.0,55.225974363134135
2047,68.0,63.85865407935984
4897,55.0,53.880443369398876
14567,89.0,82.67945488277226
19430,75.0,73.25884110855083
4619,92.0,62.3505394512197
2772,65.0,66.87129149326654
18694,61.0,59.86420748980379
14231,64.0,79.01724911710835
11016,66.0,72.53581641156353
15853,45.0,65.56905408921111
19690,76.0,77.3759459686719
3316,72.0,88.31682664490188
15120,55.0,74.64653658566083
12405,74.0,67.17043271176189
12863,76.0,65.08139648765278
12807,63.0,62.33326110789719
8012,65.0,74.47346925328961
12450,76.0,54.13169214931331
1038,39.0,59.62788837291214
14321,53.0,59.51066051208269
16177,72.0,59.8176989155735
2302,67.0,68.07557242347863
10816,67.0,74.0539160631375
21083,87.0,70.2734112287241
174,75.0,80.7677360344861
20460,87.0,71.3126441696561
1001,99.0,75.27808681448138
21560,53.0,64.6385863129498
1509,71.0,74.51671197537453
4336,65.0,65.42462120073844
6141,61.0,65.8261086094302
20871,67.0,64.52642023005853
1881,58.0,72.08467159685274
12454,50.0,58.9415245429749
3462,61.0,62.445922410291324
21445,24.0,57.87250740544866
1552,82.0,83.84970344763224
11855,77.0,66.74988232233
19833,77.0,79.87060631947472
14855,52.0,73.30571162584201
689,75.0,74.25985047831377
19394,60.0,71.32606617803307
200,58.0,58.43778425180027
2909,165.0,80.9036852578217
17020,95.0,65.71530381595329
7051,89.0,67.74604226003052
16571,77.0,84.55059815579871
9111,40.0,60.42905975463936
2719,61.0,68.28203077486648
13453,66.0,57.81929192564268
17867,102.0,81.05397175075613
11198,51.0,58.27169362441554
244,96.0,75.61894976270906
19599,59.0,64.59400025028401
18547,63.0,74.37590806638615
10729,64.0,64.32397322437998
458,48.0,73.5120395602659
11054,69.0,65.50803516256025
1880,58.0,72.08467159685274
621,77.0,63.932952501453826
3510,38.0,59.620632521231755
7465,81.0,79.54333340030698
20349,75.0,74.21479365797876
7276,72.0,70.98105158584626
4833,62.0,68.12409500239283
6287,63.0,65.21281847382268
19040,63.0,63.725957790115004
21276,53.0,51.09136626412044
14539,96.0,69.50367878557557
4290,88.0,74.367323893291
2837,54.0,74.63672342689902
19294,99.0,71.70580396621106
15958,75.0,61.93434810311245
1397,72.0,67.61819688772978
6122,61.0,66.25914370111387
21267,68.0,61.401110913125144
15839,82.0,64.21878085566651
20834,50.0,48.50418273914705
17616,54.0,71.71195282384502
12237,82.0,69.40051471498889
9157,65.0,63.28021725446562
8884,70.0,76.36742632719933
3474,75.0,71.71718389252118
16936,68.0,75.64425424806691
18668,50.0,59.90140735538081
7537,74.0,75.00927255188985
21268,68.0,61.401110913125144
14752,45.0,59.90955342895194
2960,79.0,79.52615735498654
1444,54.0,59.65973635389886
1266,95.0,67.82512483245654
13865,64.0,54.957481473818135
918,74.0,64.52899788393226
5809,60.0,62.733819859173444
16113,60.0,60.23612431802821
8165,49.0,64.32855974783531
2071,66.0,78.46373154658401
8652,53.0,52.24823441519295
14562,62.0,72.4275509562367
16139,72.0,61.174681042706496
9047,54.0,57.06200702858387
22270,51.0,64.02721655330785
10829,56.0,59.48237659183266
2667,60.0,72.34157060608008
18124,70.0,83.90853535057212
8710,78.0,72.73804921633855
17534,63.0,59.657466077410945
20505,64.0,72.1453570289792
14399,64.0,64.38504037889932
3706,71.0,84.1603317158548
12073,116.0,71.18992258473241
1760,87.0,71.90164508590337
17426,87.0,78.73122234961812
5428,69.0,67.1581335849672
15848,45.0,57.644714981113765
13006,73.0,72.01709997667162
14108,42.0,68.40868985047551
6070,62.0,75.01359733097627
15514,87.0,62.25323812467079
14804,47.0,64.42415170749473
5830,41.0,61.9569265908275
13439,88.0,80.06153052216455
10557,56.0,58.74071621807437
17642,99.0,73.44529780814143
12395,73.0,83.67571009990901
9466,56.0,62.972482087214175
16057,41.0,45.653987379812236
10285,52.0,62.29690974082027
16262,39.0,50.00346404728826
9079,53.0,50.22374228489363
8004,70.0,69.7463407888086
4815,53.0,61.06034398643352
9959,61.0,64.8698082863383
6748,96.0,72.41419435293776
10703,90.0,71.93689353138649
20383,61.0,71.6693165163431
22139,53.0,67.0869598603382
6761,73.0,68.92067805299831
7057,71.0,83.97025171358122
15569,52.0,68.52355373028925
18702,74.0,63.56242925543396
21988,69.0,56.78131299815335
6534,56.0,70.29336865214422
3149,70.0,76.99280534114077
16001,84.0,61.67604784414977
19488,103.0,81.57889414705217
7298,94.0,81.79395584352808
10863,49.0,63.27818489394594
19230,85.0,64.04319268584466
22261,53.0,64.03244547212034
7807,50.0,52.19809852264036
5674,62.0,58.814636850981444
503,104.0,76.54547560905777
8307,72.0,63.722906654768096
17473,67.0,65.8564489908912
19055,76.0,64.54545781164961
5908,96.0,84.79611346783392
19663,70.0,78.4297318645361
6921,96.0,66.127821033622
9264,41.0,64.12286821922368
10555,56.0,58.74071621807437
297,109.0,71.02891479305411
5158,61.0,60.42952209411276
10568,83.0,65.17727272599986
19578,59.0,74.5799765159605
10295,49.0,65.64311318937268
18692,71.0,70.73080582648797
6124,53.0,72.75996750321262
15844,73.0,56.45517529380593
3469,69.0,55.50865226850503
15912,85.0,72.92095834753249
5886,99.0,57.109292000254285
9768,79.0,53.39754474699575
14673,51.0,55.56041709541958
1140,54.0,69.25281960323746
4759,51.0,65.90650538395353
10524,76.0,62.90484925045439
20761,43.0,57.0566857767455
3702,54.0,64.74409608790327
9168,51.0,60.486543944189705
21602,80.0,67.96472769452289
4318,52.0,73.04454037872027
17679,92.0,68.58551924165239
4736,57.0,64.9723845854926
8021,58.0,66.78589576824655
14608,62.0,67.28916171034717
4152,62.0,67.00307163990539
20839,70.0,65.90160548866336
16479,75.0,63.87840397967737
17850,88.0,76.79571714515664
7369,71.0,73.51900546758277
21816,63.0,58.5453655139058
18332,79.0,67.74601885506493
4007,57.0,65.94914317010944
4425,64.0,68.29200078182421
4618,92.0,62.3505394512197
7499,56.0,61.40651344137858
21039,102.0,78.93979612435055
21604,49.0,62.7200947123131
22068,63.0,66.5890419944331
13732,65.0,66.35427429803825
13642,91.0,70.82418071327257
10396,39.0,62.0387006650871
3894,79.0,70.12149216387022
21081,55.0,69.7468476270484
17560,64.0,56.59118490612232
2553,71.0,75.53461608049673
20619,66.0,67.22496118885167
1952,42.0,61.45455142394784
5771,55.0,58.57229652296414
1721,71.0,82.28931518594105
9997,63.0,57.41008795928678
11162,59.0,62.025989573410016
9284,56.0,54.16466440705939
21269,68.0,61.401110913125144
3112,58.0,54.48519967871077
21273,55.0,51.39965211633276
4328,51.0,67.04092640685207
10007,59.0,60.7281474996224
20620,66.0,67.22496118885167
12320,50.0,69.55731425325968
14620,52.0,70.85043793641911
2331,70.0,67.61956978187533
12209,91.0,68.32564324619285
11017,66.0,72.53581641156353
2648,111.0,74.70940758157376
11157,70.0,73.80094317006898
5270,55.0,70.70050450879062
11793,65.0,80.73328860682199
5863,72.0,72.40603167922889
5788,49.0,62.52909428998347
12812,73.0,63.15909840254949
325,63.0,69.20623553681654
7649,96.0,60.6163368913659
12348,96.0,74.28211949842081
15217,93.0,63.525518743029
16390,60.0,56.118047956871486
5149,68.0,63.288500062229055
4992,67.0,74.58147431370617
6474,73.0,72.79675441117693
14977,69.0,61.20562874580754
21701,75.0,66.25888511794318
4183,66.0,56.2542036805157
4287,88.0,74.367323893291
6443,65.0,74.55478272935865
3450,100.0,66.89280039671176
14019,55.0,72.58097162586444
460,45.0,71.39677776084655
20774,70.0,57.68676510031896
