,y_test,prediction
1683,48.0,51.33889904075406
492,63.0,63.359802378046254
1707,44.0,48.73383855552268
517,86.0,77.73906869556413
2168,76.0,69.96074991484377
390,49.0,59.19483633841243
953,60.0,65.01491353535289
3891,50.0,61.50441882510556
3159,110.0,78.02576481940463
1291,95.0,82.36231327844126
2993,60.0,69.14997391486392
3686,56.0,57.0857239197818
1551,82.0,73.19324776374464
1172,85.0,70.13832032365141
2470,81.0,67.10474052382665
2580,57.0,67.3430808573772
2678,74.0,69.54629060183848
745,46.0,45.431919990204946
15,120.0,68.7008496602916
1075,35.0,63.34283293879173
997,43.0,47.38951427099599
2989,44.0,58.39369757697065
343,73.0,78.05755045567008
3088,98.0,75.94383580007192
1789,64.0,61.17148836526712
2818,90.0,87.19320275817276
2725,63.0,61.413810680702596
1794,63.0,71.05871033790311
3680,99.0,81.78956421477187
3298,83.0,83.88422661352217
2731,55.0,65.61421595006357
3303,65.0,74.74777610504171
1479,45.0,68.17035339177271
182,82.0,62.024426443476386
427,86.0,72.73566602303438
3960,43.0,58.91873669221823
2095,101.0,76.01365766760989
3510,38.0,56.26726903177662
4019,48.0,57.75432293328929
214,91.0,66.04084804334516
3913,57.0,74.91859012504162
1576,41.0,61.099906309460835
582,70.0,70.31667651703705
2995,72.0,61.13402436869086
2104,103.0,76.76626347191012
2684,67.0,56.207054921998065
1918,61.0,59.092079068755
33,63.0,66.72836600338456
72,113.0,74.24710739727254
641,83.0,77.5352926819842
3310,67.0,57.912255047476464
874,50.0,79.4059802910757
2979,67.0,63.72782050222017
2487,63.0,59.80262188671374
1919,72.0,63.256129611147216
490,76.0,63.994181752258754
2560,60.0,74.23857646050158
793,65.0,65.5300458864615
229,63.0,68.85079243810111
2600,50.0,63.69555451428167
4117,50.0,61.83367251522873
2173,75.0,65.98881936660644
608,72.0,86.88880925551368
2801,49.0,61.35231731832839
1069,61.0,63.30554259805251
1871,69.0,66.4819982161471
1194,57.0,65.75271010893456
1827,76.0,68.16135705229377
817,66.0,80.86016440380115
3014,62.0,72.68147653619044
1804,79.0,69.11233934675172
3101,87.0,71.64073854900855
2458,56.0,78.97024530871326
1847,77.0,50.34355802883779
1965,76.0,74.25157628830686
3702,71.0,61.784947332672544
159,65.0,71.26378639008317
1505,60.0,76.23217790552005
195,70.0,58.2968769587126
1112,59.0,74.39257540610146
1759,65.0,63.94491948431255
1493,42.0,66.46866648810101
2284,90.0,61.82266197589246
1788,56.0,73.85481162461866
2837,95.0,56.549469693940495
1432,41.0,64.70123172499504
1077,29.0,57.85689625659988
2456,65.0,69.79172264986764
567,72.0,60.62176973332973
2493,63.0,80.5592852279407
2871,90.0,87.57809019185467
3687,64.0,68.43129780871493
2422,78.0,66.80628870206095
2847,86.0,72.73788670628949
2220,61.0,94.98563676734133
2878,45.0,51.52215656926546
3065,58.0,69.30187081148799
2199,135.0,80.29979744624472
4007,84.0,59.85864252503845
1593,78.0,73.85889478996208
679,54.0,67.14087756448251
2381,75.0,65.54948284886564
3107,84.0,83.667212527555
2055,52.0,60.273749013403034
1102,124.0,78.19917702401455
2449,69.0,66.98333368999396
377,67.0,76.50673913875238
3340,76.0,74.75156261602464
859,64.0,54.01355511739675
1670,52.0,68.08497640601558
3630,87.0,71.40232982722705
2130,64.0,61.048697154580935
2479,67.0,62.156099316545266
2212,77.0,67.70303811731603
588,25.0,54.9840515075482
4125,64.0,63.59748297253503
1473,66.0,68.15714583220995
3328,55.0,72.28101102338633
1714,65.0,58.90160906102946
1074,72.0,69.08770116714072
2563,101.0,78.1646500661947
2527,36.0,59.74171963738016
1716,54.0,72.24713446753347
4064,60.0,72.47243772794482
3005,52.0,61.73900255908106
3273,58.0,74.15558246863878
3701,37.0,70.61998073404543
8,62.0,67.19856458220696
291,59.0,77.96820061806784
3487,66.0,70.46021774920183
599,89.0,74.16362001538855
3559,69.0,63.894690428276135
1983,52.0,68.80559996287036
2592,74.0,62.05399453830691
248,48.0,62.35467742185705
948,58.0,62.92605223873488
1950,51.0,57.07251656946232
3075,94.0,79.31465165535752
1070,60.0,63.20841519144781
796,64.0,64.8274698018858
761,72.0,57.86973792000374
4135,48.0,66.9423181751485
3456,56.0,65.65233943360374
2524,75.0,56.74588781279269
1419,54.0,63.35006163137898
603,50.0,53.59509741057025
3041,60.0,57.15711727209792
97,56.0,72.55346080843842
259,49.0,76.2645352400641
3424,54.0,69.87798920870216
3534,72.0,79.9467422233952
3498,77.0,70.18089359478662
2135,55.0,62.04580186582962
2446,53.0,61.5129586355763
907,92.0,71.19978181364661
2753,55.0,55.95619847915465
2062,70.0,73.11343021836166
1151,51.0,58.62008546537578
4051,52.0,70.90574976446106
3571,74.0,83.08781530421484
1084,67.0,66.49728550964085
844,92.0,63.317893905856266
2453,70.0,73.40788113745128
3650,51.0,83.78271929339829
1050,70.0,61.16016629016474
3760,56.0,74.21063679108246
3872,102.0,83.44479870778878
1706,51.0,78.04248391725656
3537,56.0,63.68755030595648
347,65.0,53.42443747744764
2717,82.0,65.17247551919783
1597,53.0,67.50377225133246
2751,72.0,62.78429724438966
2296,51.0,51.415140987910576
498,60.0,70.94169913817532
3764,52.0,54.88862655888819
435,45.0,65.60847626544623
2581,65.0,69.95442043045506
1441,83.0,74.58343884774368
1770,75.0,71.82020000915492
168,74.0,62.44406816456417
3252,54.0,67.97735572269423
128,42.0,55.47253284125975
563,68.0,80.38870439747228
3806,54.0,61.5313833257413
3388,102.0,76.02477383724653
3541,96.0,75.40776892322933
2037,59.0,61.943307088397546
1223,81.0,64.64711756738495
1970,79.0,67.74710609245193
488,54.0,62.19785890832179
3555,77.0,67.98874912898941
3939,60.0,54.10047071937274
18,55.0,52.30187377979651
2406,78.0,68.93292113634325
905,85.0,65.75291287400097
201,74.0,75.72484700153106
3242,64.0,54.96582190432825
3354,48.0,63.60345056342075
694,61.0,67.73598349584964
3209,75.0,83.51306874868698
3181,72.0,77.4126779967064
4031,55.0,58.63272722043183
1545,65.0,66.23371096195476
34,66.0,76.8644747954431
223,76.0,68.33239090672464
3669,69.0,66.15291599159889
2885,71.0,58.674410268770856
885,62.0,65.12032068528126
4085,66.0,56.46057496486401
3635,82.0,82.35440967675069
602,61.0,58.85168457549952
1113,68.0,75.6685266897002
3492,66.0,66.57341269516061
1025,74.0,71.08606763440073
3494,56.0,67.96510536877292
2815,64.0,58.2483191393617
1344,76.0,64.61131726004882
2202,65.0,69.59196091708776
1564,106.0,86.55655554083941
115,77.0,68.23290513347504
2507,67.0,67.7203551856098
2385,63.0,58.54214110759165
2068,75.0,73.00612316344308
2558,43.0,71.84091725909752
3344,74.0,75.29824719480959
1747,68.0,74.35888262376244
52,79.0,66.70711664861406
2112,87.0,71.77077779138384
1390,44.0,63.08347304563655
2379,90.0,77.77562893279443
1746,56.0,73.25750429001653
75,77.0,72.24114747837575
1869,66.0,72.96073919411069
4089,75.0,63.25680938247456
1357,62.0,71.3214617286761
1131,93.0,66.2143969002494
1198,87.0,69.4651152078446
2377,56.0,67.94673826728155
2480,38.0,52.256912636855446
2549,31.0,62.05197086287508
826,52.0,52.560149059159855
465,76.0,65.16115906480798
1342,72.0,67.62729545965271
2552,78.0,71.03777194730549
3846,49.0,75.13972268395574
3513,91.0,68.23933495162785
3676,79.0,73.51909267819028
170,56.0,63.65809467196209
2335,119.0,70.52726421664546
914,94.0,63.373086219024344
1855,60.0,53.466969542038925
3285,85.0,83.30614181464443
53,76.0,73.68026980471117
3370,74.0,59.43628570856424
239,85.0,69.40657575135359
3051,60.0,65.70241227128054
27,81.0,83.35751622024048
3042,43.0,60.618747250195725
2131,74.0,78.81214564825609
232,57.0,73.2935543720414
2332,81.0,53.32832307402737
1127,72.0,71.89188211291847
1738,44.0,60.02182151446141
4132,70.0,65.2529285100004
3132,78.0,60.39211503784907
1130,61.0,69.82408060145596
3710,88.0,82.59162819574647
4077,53.0,66.8203767514301
846,54.0,61.8132625726885
3791,71.0,73.89830669653486
3835,74.0,70.1055413225335
2488,49.0,59.04660015158524
4070,55.0,63.213200013201714
513,68.0,57.81861791742574
985,79.0,83.35237520214898
2867,87.0,67.70398003764828
3980,48.0,54.610968285518254
1500,96.0,74.93229112436467
3331,65.0,65.86696561574692
3683,84.0,63.01022356451347
3069,77.0,81.47940860355254
1916,71.0,69.47444134105461
433,95.0,71.5914691829908
1397,46.0,65.4480764056703
340,62.0,69.43890488408093
337,52.0,64.56277046345735
3617,68.0,71.4271743618284
276,70.0,89.1471080695386
3366,88.0,79.98476400855748
484,72.0,83.29502300567779
1577,50.0,66.67160688628988
2283,78.0,72.83214960514758
1710,42.0,60.86505635200419
3801,92.0,77.60066706483914
2840,90.0,65.22726899491926
320,95.0,75.70423566670681
2239,63.0,65.61609860461886
3609,55.0,61.55500336498642
2570,58.0,73.21651701061259
313,75.0,64.04386068918897
2187,71.0,68.65546892187118
1899,77.0,57.28684868148014
144,91.0,72.42697969967355
2662,46.0,64.13491536329367
1302,87.0,65.10895792405631
3204,58.0,73.00005797018329
283,71.0,62.475785582752465
707,68.0,66.33512708466685
3734,38.0,54.03091394680722
4024,56.0,60.138685445758796
758,57.0,60.32145134619135
1662,72.0,68.3684681466195
3461,45.0,64.03530869052611
556,37.0,59.71563512829829
1275,94.0,74.77231675478342
839,62.0,67.81404379508405
2326,67.0,79.60663783308178
692,38.0,56.6022461617183
529,60.0,66.84222162277891
1124,92.0,82.96232445338941
2687,89.0,87.34058684609718
3963,71.0,62.7127718908975
2874,58.0,65.51334915063262
2440,49.0,60.74598927096825
3671,61.0,57.09519621900775
186,99.0,80.74291636800473
3450,63.0,59.26471856922056
2641,48.0,65.0442275832605
1587,64.0,75.4013890185276
1625,73.0,88.99203465397522
3363,52.0,68.54642125490923
206,104.0,63.87826134225091
12,100.0,67.55824081588887
1168,80.0,71.157555900168
344,70.0,77.12986551756842
1424,45.0,72.80762468478034
3271,70.0,49.872131742674355
1803,94.0,60.648882395561586
1494,49.0,65.29121182001876
2952,58.0,55.08390264515066
3183,57.0,66.5238295442382
3073,89.0,79.03414417061512
975,74.0,72.32319091229616
1846,50.0,60.02398767109722
1945,57.0,61.57347165653721
3422,55.0,62.85466034789832
1117,101.0,78.59914427717487
802,75.0,66.12401030839987
257,54.0,61.87188087088285
190,60.0,65.57389285577628
575,30.0,49.55401336560024
2669,67.0,52.8848288239039
3178,85.0,71.05509641956826
1839,42.0,62.54487452659632
1399,106.0,76.83777483108696
1279,96.0,59.19564215724205
3197,54.0,62.81043485282167
760,42.0,47.48297484160318
2376,73.0,61.74983740221907
4023,49.0,45.422160717137885
4128,43.0,61.50719490515792
246,67.0,72.06217524280666
4001,72.0,71.0433249744346
2881,54.0,76.17274361669513
4078,52.0,64.3690322248303
374,62.0,65.45699795086497
3490,75.0,69.53623863740003
1290,81.0,71.9594390157936
1308,62.0,70.4782135190502
732,74.0,77.63818210039463
3468,52.0,74.05103430101155
418,43.0,66.5075088004389
3570,23.0,46.87684479606193
2906,63.0,61.42642499296727
71,80.0,71.1430771382183
1703,50.0,51.64372677015177
46,87.0,71.87762485574765
3624,48.0,62.544718629183095
200,59.0,86.89272500498382
1247,93.0,75.81588985209675
3027,61.0,58.10627088671262
1299,83.0,62.65438012289479
4114,50.0,51.30597960235437
149,84.0,74.18924333926901
2121,75.0,74.64594538436452
1783,64.0,63.31415646280996
331,57.0,54.14775611015142
287,64.0,78.20340210391356
440,75.0,67.89130314349487
2250,60.0,70.53077955832362
3337,85.0,70.72290242800685
1589,93.0,69.83619988507564
2673,75.0,65.11887782620602
1328,73.0,71.88918745910783
2154,128.0,93.46140118282312
3250,92.0,81.31510877590921
154,61.0,64.23297763864025
3586,86.0,63.3858832997083
3080,72.0,74.28297622634688
3645,82.0,66.93471653563444
1656,54.0,55.336460887644364
634,53.0,64.27721135376234
785,64.0,68.7288754360226
924,64.0,64.38033681700642
1853,51.0,60.86433095709498
3144,52.0,69.07153576869467
3999,73.0,70.35984572596635
959,53.0,62.489435819965735
860,47.0,70.05746612397358
270,54.0,58.703018728002974
3986,73.0,68.66765128275443
854,47.0,54.25370569350001
2435,66.0,59.21750065789007
458,82.0,70.16458093323081
2189,75.0,68.50268904448606
1081,53.0,65.4627918506109
2307,104.0,78.55955328830115
300,70.0,58.84223564787655
1458,62.0,61.83757102217959
3212,89.0,75.01934533361069
713,47.0,55.81665611026912
381,81.0,73.11278929179151
3401,84.0,78.54165221294866
321,63.0,74.02623247999836
3019,72.0,67.32739655661445
3305,63.0,77.03668296182997
2772,62.0,67.10465098479807
630,74.0,78.73185331863115
2086,64.0,59.22918076053634
3245,65.0,55.96711337165988
441,67.0,65.18046143784775
2478,101.0,76.93758796774839
2005,49.0,60.66800087426165
2537,78.0,82.54032660033442
3478,76.0,79.75830816334002
1773,39.0,53.42247028793663
2526,83.0,74.29845188109027
330,69.0,73.58396003885198
1569,66.0,69.48075668592637
522,67.0,77.33844479946458
3175,57.0,57.379811674257724
1754,61.0,75.21672085157871
540,83.0,69.94093154576979
1095,59.0,62.88431494903938
3166,88.0,80.35033390018899
2730,54.0,66.55717222063936
1269,44.0,66.00079970963907
3518,82.0,71.05779583680834
1926,62.0,70.30253298716099
2739,69.0,66.63299380609791
962,68.0,62.71122886329829
3428,55.0,66.38612105619134
59,57.0,62.132087532500265
78,58.0,54.28795514983159
3917,66.0,62.06579850696326
2003,65.0,72.52850284204791
3334,65.0,70.28177435043125
2306,74.0,71.32082925963275
1517,64.0,59.27969719627285
3191,64.0,53.43865796850277
852,64.0,67.75428774244918
933,93.0,63.401803092006645
2122,77.0,69.56476909000332
1027,70.0,74.97380843503271
2408,83.0,80.78620035430296
2393,77.0,75.34702155552776
2320,76.0,58.811492468200456
1304,81.0,72.94286736038356
2262,100.0,72.16975276547996
3539,67.0,67.66202684606002
2489,69.0,71.42381714577522
2956,82.0,73.12929607315144
132,90.0,65.34385525461961
336,87.0,81.79855479512284
2031,55.0,59.900688042250366
327,71.0,86.64341411191563
2445,56.0,57.5964856311288
1234,67.0,59.77962695466394
1251,103.0,66.25435993134326
2926,58.0,37.46009408080964
2612,57.0,77.91490277650377
455,120.0,62.92741456385218
1459,98.0,68.48379747946095
2087,61.0,60.78716453114808
912,60.0,67.1808468159989
45,58.0,67.98970061591623
2096,77.0,71.40692305149841
2235,44.0,55.43462206607383
2724,88.0,96.94659468248835
1748,51.0,59.744009541943456
848,51.0,76.56371286352373
2984,41.0,56.625237477413805
774,70.0,69.04425406455451
1314,81.0,84.58583461881207
2586,77.0,66.10786573833286
3383,74.0,67.24720738571114
412,93.0,80.25150646460412
31,76.0,64.98161650924763
3446,57.0,59.81401149218277
2963,69.0,67.7449567419124
221,70.0,73.58740875796627
3152,101.0,74.9697357453883
1872,65.0,69.9513379692279
2816,76.0,70.30826750559783
2773,62.0,72.91764833589244
3992,53.0,55.08273510974567
3192,65.0,70.48008128873687
65,96.0,73.5111725508286
853,74.0,73.06368952549798
392,77.0,76.37174620013229
3950,73.0,73.13685266070917
1111,113.0,68.45004965858092
1977,56.0,61.67419030729488
2774,76.0,65.69539197554215
505,59.0,72.64804544301376
980,56.0,50.865751115111394
3544,87.0,75.29379250317564
470,89.0,60.709430206532005
1720,71.0,67.3021020984612
1370,80.0,78.81864085889754
210,54.0,74.03414720269024
2749,63.0,62.50007011906598
900,82.0,76.40014996952075
6,113.0,80.04543177881521
466,103.0,74.16303127139648
311,104.0,75.43490563529943
3648,112.0,72.13802611267889
2428,149.0,74.67885251782795
858,68.0,52.17397275149969
2119,47.0,65.36855871003499
1943,77.0,71.78804503967365
2503,56.0,66.50653209121643
2779,82.0,75.51002748666832
2565,61.0,70.09803924088166
843,66.0,67.96430457089957
212,91.0,75.5333560424692
477,96.0,62.18021217207287
881,68.0,61.071384213504615
3775,81.0,88.55846975774534
30,56.0,66.00751570484886
3699,55.0,74.29616922878628
2736,72.0,75.63591692561275
3097,60.0,78.24777744407615
2477,58.0,74.44028914220203
3076,108.0,69.2929888270317
1558,79.0,71.53080712452504
871,50.0,53.47846508880738
1035,53.0,61.517193116503336
1386,52.0,54.659702102919596
3795,66.0,67.73691761407966
1845,54.0,69.57724329382731
241,45.0,57.53337771226116
1058,55.0,55.679272547187196
3381,68.0,54.67789492305987
4080,80.0,63.30232101752944
3664,58.0,67.61877716393707
1574,63.0,71.10359909580434
1941,68.0,52.4297977291813
1705,52.0,63.38007849709325
635,69.0,59.80818425967841
82,54.0,65.58775030468118
277,64.0,64.77598159923186
317,69.0,77.23468542653492
2034,72.0,66.81754476342888
4046,65.0,63.29319164106448
3920,61.0,59.922495620635544
3403,78.0,75.62954959925801
3633,50.0,63.46800049710424
3905,54.0,65.41595204776957
1798,47.0,63.41070024220082
3528,69.0,62.96528418026435
2971,41.0,40.9643078453373
4006,41.0,53.681227589874595
1392,76.0,61.8857934218575
1541,98.0,82.55348915400978
882,81.0,67.5068072408998
2516,42.0,62.44027189001896
1413,96.0,72.50589656639187
3355,60.0,82.45822812005997
1336,63.0,78.55115433092584
3965,46.0,64.76066577767966
3615,84.0,70.87860584732543
2288,68.0,77.13633307612056
437,69.0,69.68758868052029
1966,47.0,60.57240424176638
3803,64.0,71.60285408609428
3796,56.0,72.08479473778513
3231,86.0,71.43871252308108
1741,52.0,68.5813334530421
770,77.0,58.19391717202086
164,63.0,73.07618921332775
1756,81.0,75.48842864047054
3368,51.0,77.78082641209988
2670,56.0,66.79335771583666
108,72.0,71.13552523091869
720,104.0,59.196646321395036
258,69.0,65.47556452788018
2268,89.0,86.948769365615
2587,68.0,74.19781337568438
1097,96.0,91.28973506979534
1596,53.0,60.39581291882081
3884,81.0,76.61497022590322
2462,44.0,59.29588056392291
3546,57.0,46.52858639671133
2621,72.0,72.67839016511249
3438,53.0,67.3619407787674
2365,68.0,81.16078475890802
2371,81.0,69.67613093094553
1552,57.0,63.25440932926861
354,53.0,65.9701632850327
3412,60.0,61.042283641419445
1415,71.0,79.8452687903995
2146,86.0,71.28456239790839
1175,97.0,59.40148773962713
1174,79.0,71.3530703904176
2304,128.0,76.88350318725617
1063,54.0,64.54389579905438
2074,43.0,64.10422718680252
2947,85.0,77.47226547653185
1704,55.0,62.55652953279906
3020,39.0,50.18529289955309
3856,63.0,68.99324674652593
2373,55.0,58.22662502800671
1120,113.0,92.06916814292117
2073,64.0,62.01167489113982
1584,49.0,59.702206190256135
1154,169.0,102.46075353990713
2134,71.0,68.06200875852323
587,93.0,82.22366995292802
1256,73.0,71.53927207635664
3902,70.0,56.95140688619904
1592,70.0,65.76402369028224
1141,81.0,76.99035495200309
3668,40.0,50.007801885932025
2463,100.0,79.43318662154982
1495,68.0,78.6600402038159
2835,67.0,53.41972527063196
1672,40.0,64.24761480754952
2149,94.0,74.2805876304696
4108,54.0,63.32362680431561
1250,87.0,81.63292764357286
2924,71.0,62.69960192432359
4009,77.0,63.72081354586214
2603,47.0,52.82075067430357
942,90.0,75.01625892484498
1487,114.0,74.37686386536566
3940,70.0,61.02431323953769
2861,65.0,61.80707090359715
1573,64.0,57.43408115284649
1375,67.0,57.59662517879784
2870,70.0,59.69598809147189
1585,64.0,60.814829829254194
368,61.0,72.65218801880533
1917,42.0,47.530099728118344
2721,63.0,74.5508500284335
3717,62.0,74.39519158372673
4068,66.0,65.80704227940078
3406,57.0,73.36642454927232
1265,83.0,67.48507158642624
1360,49.0,63.7215381016529
3994,77.0,61.472725368179056
1948,54.0,58.960838287003696
2907,42.0,42.88342090209683
194,99.0,76.53474286569337
3396,53.0,58.09767289204686
805,55.0,72.94018755220299
828,64.0,63.290541782505045
2100,85.0,54.47244615110455
3585,56.0,68.49783731038531
2114,50.0,51.581655163739114
2958,58.0,54.62932235512834
1000,58.0,66.2966437440198
2258,43.0,65.78381177273766
2395,76.0,66.29390366751534
189,55.0,65.21251290176629
1533,71.0,76.98722595335954
3180,89.0,75.39954145639413
353,75.0,58.911630504510654
3330,70.0,82.34197714452768
456,72.0,65.12645380959856
1829,60.0,65.09511815236891
2049,56.0,65.72975887389859
3247,86.0,84.42597395955318
4079,37.0,61.829802199026005
506,61.0,73.59977025421108
2630,54.0,59.39128614623493
3480,60.0,58.85675703765564
2294,96.0,67.01753835575684
1087,85.0,71.2602228683798
1595,83.0,64.80842184849882
3883,83.0,65.97479170891012
1984,56.0,59.02960012995206
1836,60.0,58.537707539974775
346,75.0,66.38250910029859
1296,49.0,54.5907854383004
495,62.0,76.19857985259577
595,81.0,71.86132551646307
1989,39.0,61.07716436149357
2025,66.0,60.58758386623947
3845,90.0,78.77414592915741
1236,81.0,65.425795871055
2159,65.0,64.75931238691572
2915,79.0,66.46127769222494
63,80.0,89.86765150279052
2430,81.0,72.6168477288318
3878,72.0,76.93392658899967
2893,48.0,61.42138226164366
274,89.0,62.98240961403775
2803,69.0,63.80134973432365
4119,79.0,66.30933673128922
1837,59.0,59.486573720382324
787,57.0,70.57530908099622
1693,117.0,86.73428134958075
1052,60.0,63.37439859714323
1017,64.0,58.56187036864711
2671,93.0,86.59954800640105
2869,87.0,67.56981250119448
240,53.0,71.27291445694371
4082,55.0,66.29924925617806
1289,73.0,77.59479037026037
850,76.0,71.58935536360508
91,48.0,62.179278819812396
1012,71.0,67.04070075767902
2923,72.0,56.91199907430331
3040,52.0,61.28406323407805
2747,46.0,56.73574144167884
4111,50.0,51.52960934718074
1880,69.0,74.4337396203419
3440,60.0,74.32165490395798
463,181.0,79.6525197505467
4102,60.0,64.02843747116495
4091,63.0,63.376153684666036
2834,60.0,62.437887273249316
1621,60.0,59.40447314904026
1955,62.0,56.82018719912105
3572,114.0,75.88424696845217
2473,40.0,75.40348641169274
2754,39.0,69.24957132743603
3402,27.0,58.65500061298195
1079,72.0,71.51972007926742
3637,82.0,78.87413438607075
304,73.0,72.8946790343191
752,55.0,75.02206674373326
295,64.0,68.06343056209923
2519,27.0,49.91571860376962
658,68.0,69.54567238537544
2129,73.0,68.15332936447837
4015,67.0,69.02966862680213
1643,81.0,60.6122333255974
1639,67.0,73.66337071878777
2028,65.0,66.82681940887201
3681,72.0,70.20517001822273
449,77.0,94.74466859690256
3109,60.0,60.22161934681674
2363,71.0,64.95013171021431
535,89.0,80.69640679697645
1181,67.0,80.58738395959332
3838,76.0,69.66342748216692
3667,41.0,73.89522392863427
2613,57.0,70.6865295393196
528,57.0,68.42027398564309
1129,82.0,76.94593302631682
3268,71.0,68.2357485539936
580,68.0,65.1153046337376
591,73.0,83.37824311477777
1166,63.0,68.24543969801238
638,118.0,91.2399744251585
469,100.0,67.9678084230301
1821,58.0,62.76682460732387
236,72.0,78.38514897668594
3023,59.0,56.284873702945305
2909,64.0,70.54642667736971
777,61.0,45.708008037177336
3451,52.0,77.64973812298516
3678,60.0,70.08702467838529
3951,81.0,68.26710388171446
1476,61.0,76.7064184203461
1409,96.0,56.291088887304326
3509,99.0,80.70477304242607
1164,54.0,60.90148564897268
1887,52.0,54.873117273910054
2945,41.0,60.008534366912045
1702,56.0,56.752921934713186
3453,49.0,65.24824200507224
3729,55.0,54.34463150128572
1054,45.0,57.696886850853986
2056,48.0,62.4560123939642
