,y_test,prediction
1683,48.0,51.427671757346765
492,63.0,64.09229850469046
1707,44.0,47.145537341493736
517,86.0,75.02459519522246
2168,76.0,68.90381952731865
390,49.0,58.43576269063847
953,60.0,65.58843121486493
3891,50.0,59.56790662542676
3159,110.0,77.26864396415198
1291,95.0,76.76207293544424
2993,60.0,68.22606613745106
3686,56.0,57.122230375408634
1551,82.0,73.91109143402396
1172,85.0,67.90287522863068
2470,81.0,66.76191804813948
2580,57.0,67.13667891488907
2678,74.0,70.3450296375769
745,46.0,45.25867700503143
15,120.0,70.09826495410772
1075,35.0,62.13804768158506
997,43.0,52.36202978384497
2989,44.0,60.1428086813802
343,73.0,80.2921385459158
3088,98.0,74.43063329434261
1789,64.0,59.9980267409208
2818,90.0,87.72993083516351
2725,63.0,60.34641775128945
1794,63.0,66.94595421433769
3680,99.0,83.63257617819535
3298,83.0,83.06907078726624
2731,55.0,67.17122115444573
3303,65.0,75.97559573988454
1479,45.0,67.88346265507973
182,82.0,62.214556922259895
427,86.0,73.36227719421181
3960,43.0,58.56211960999782
2095,101.0,76.48956104544489
3510,38.0,55.231130649274064
4019,48.0,56.65951625274782
214,91.0,64.55511775187136
3913,57.0,75.11174694830314
1576,41.0,64.90422172402552
582,70.0,69.40507904556429
2995,72.0,61.43357970135626
2104,103.0,77.97087250340505
2684,67.0,58.62606398237686
1918,61.0,58.24212376116284
33,63.0,63.88866133104464
72,113.0,75.32722000287484
641,83.0,78.44003396593854
3310,67.0,60.63658839938669
874,50.0,77.78795120401386
2979,67.0,62.199776115797405
2487,63.0,59.47757994213847
1919,72.0,60.62048703072291
490,76.0,63.221145843516325
2560,60.0,73.3331371071382
793,65.0,65.23891675482773
229,63.0,67.90985039998057
2600,50.0,65.10824817694838
4117,50.0,62.18956454164326
2173,75.0,67.67160806389684
608,72.0,88.28585357951447
2801,49.0,61.29917344922249
1069,61.0,62.63649318158239
1871,69.0,64.9145001294996
1194,57.0,66.5011659816083
1827,76.0,66.7856381141204
817,66.0,77.06021478079703
3014,62.0,74.03872841204503
1804,79.0,69.1054183069644
3101,87.0,71.09683834946057
2458,56.0,78.42597509858071
1847,77.0,57.51124483496034
1965,76.0,74.06525326181345
3702,71.0,60.58282447743416
159,65.0,70.98788253370165
1505,60.0,75.17997319565194
195,70.0,59.83231905005559
1112,59.0,70.9910739482697
1759,65.0,63.68854800376512
1493,42.0,67.57525689596935
2284,90.0,61.7140204165925
1788,56.0,79.03961473754465
2837,95.0,56.93514544830724
1432,41.0,65.55075958969755
1077,29.0,55.40160803610715
2456,65.0,70.59657286730496
567,72.0,61.29216100941114
2493,63.0,79.20066936421537
2871,90.0,85.87517453353657
3687,64.0,67.37610572888042
2422,78.0,68.42694081653792
2847,86.0,69.55228254073447
2220,61.0,88.75950011546584
2878,45.0,53.15829650344779
3065,58.0,70.99858432508324
2199,135.0,79.65343524466661
4007,84.0,60.13297440566128
1593,78.0,73.88158756898996
679,54.0,65.48467921681583
2381,75.0,65.871450294331
3107,84.0,82.4898554095995
2055,52.0,60.25171006328346
1102,124.0,77.35713717779335
2449,69.0,65.8479510578382
377,67.0,75.32792843779185
3340,76.0,71.60193869956123
859,64.0,56.165498133383586
1670,52.0,67.73771768107449
3630,87.0,70.88994135174457
2130,64.0,61.57087327276999
2479,67.0,61.410534020372864
2212,77.0,67.79087402407865
588,25.0,55.80531284675453
4125,64.0,63.20323688227507
1473,66.0,69.37541798666165
3328,55.0,71.28967090034624
1714,65.0,58.81693433895412
1074,72.0,68.29810143815222
2563,101.0,76.12867922933704
2527,36.0,62.3102463750168
1716,54.0,73.02767246994625
4064,60.0,71.01244479432009
3005,52.0,61.08834249439247
3273,58.0,73.64873736445975
3701,37.0,71.9340648201657
8,62.0,67.39036376363964
291,59.0,77.07721160234281
3487,66.0,68.89683296553825
599,89.0,73.54006973411401
3559,69.0,64.148790702128
1983,52.0,68.03165931682844
2592,74.0,62.24751725355511
248,48.0,61.629954721642875
948,58.0,63.157126821662246
1950,51.0,56.22757576497265
3075,94.0,80.72720898675084
1070,60.0,62.917378682536594
796,64.0,63.89325273352931
761,72.0,58.816963242373845
4135,48.0,66.17443243429247
3456,56.0,66.38140538775446
2524,75.0,55.268836467527755
1419,54.0,65.12956274878643
603,50.0,54.58457780712545
3041,60.0,56.542296646303896
97,56.0,71.52799661176243
259,49.0,77.17184933743121
3424,54.0,69.31740598102894
3534,72.0,77.39859461643476
3498,77.0,69.05536408680697
2135,55.0,61.929907210263785
2446,53.0,59.70443632144748
907,92.0,67.73945197082247
2753,55.0,57.690347668689604
2062,70.0,73.65280397054656
1151,51.0,58.56886122201003
4051,52.0,69.91132092135734
3571,74.0,82.13717906848566
1084,67.0,68.25048909089477
844,92.0,63.01840537440619
2453,70.0,73.33044201063522
3650,51.0,83.19926886477518
1050,70.0,60.56901170947537
3760,56.0,70.77242669741841
3872,102.0,81.25222907865009
1706,51.0,77.23032635384624
3537,56.0,64.31895040329712
347,65.0,54.045654157360524
2717,82.0,63.81986845546545
1597,53.0,67.13427221395999
2751,72.0,62.30880576088391
2296,51.0,54.38070425542861
498,60.0,70.93552198608077
3764,52.0,54.68572292269106
435,45.0,66.40373404054708
2581,65.0,69.85558308037838
1441,83.0,73.13843438719337
1770,75.0,69.73932605630631
168,74.0,63.96632303400883
3252,54.0,68.33720273713995
128,42.0,60.380102327165744
563,68.0,79.2427105915855
3806,54.0,65.80528706713523
3388,102.0,76.33609558038239
3541,96.0,74.25756322972775
2037,59.0,61.38065792547749
1223,81.0,65.40422671310984
1970,79.0,66.13427067303118
488,54.0,62.425246539742176
3555,77.0,67.17114129666166
3939,60.0,59.00876297364921
18,55.0,53.332528526834416
2406,78.0,67.87651038475454
905,85.0,65.1455766583162
201,74.0,75.34044302764792
3242,64.0,57.04407552311749
3354,48.0,63.01127834960661
694,61.0,65.34853646952122
3209,75.0,82.72875564699979
3181,72.0,75.41364970422751
4031,55.0,58.47424414604223
1545,65.0,65.81182254362908
34,66.0,75.97784284440395
223,76.0,68.75144598488498
3669,69.0,65.84009287530233
2885,71.0,58.313804114919215
885,62.0,63.922809594077684
4085,66.0,56.676611685315684
3635,82.0,81.40948773746143
602,61.0,56.21627464070208
1113,68.0,75.51938884166074
3492,66.0,66.75170999516601
1025,74.0,69.7940157857638
3494,56.0,69.21240334052683
2815,64.0,57.87666158816712
1344,76.0,65.21593755178256
2202,65.0,69.81088431407315
1564,106.0,84.01137066317492
115,77.0,68.43914970378981
2507,67.0,67.6423731461168
2385,63.0,58.25940591685763
2068,75.0,73.83395525228468
2558,43.0,70.37517658541043
3344,74.0,74.35817277610838
1747,68.0,75.2383067749144
52,79.0,65.92773733719733
2112,87.0,70.9087042331691
1390,44.0,63.067294453699304
2379,90.0,75.7370669228032
1746,56.0,73.43697641235008
75,77.0,71.64497863949941
1869,66.0,73.84760897889723
4089,75.0,61.48822149253837
1357,62.0,70.895035221706
1131,93.0,66.23276884195118
1198,87.0,70.61589625565013
2377,56.0,68.25177898414836
2480,38.0,49.776999983426236
2549,31.0,62.3622497720649
826,52.0,54.15569007704921
465,76.0,65.39732592071067
1342,72.0,67.72989813299122
2552,78.0,70.55182577252694
3846,49.0,70.56918359161497
3513,91.0,69.78412173269139
3676,79.0,73.12506947814643
170,56.0,63.661725457382
2335,119.0,69.90373218733478
914,94.0,63.150280519744996
1855,60.0,48.44712458751683
3285,85.0,82.03916342417367
53,76.0,72.89596956184808
3370,74.0,61.45258265929005
239,85.0,68.19553814095946
3051,60.0,64.45113088387181
27,81.0,82.75475306231434
3042,43.0,60.55762718161635
2131,74.0,75.64815321071771
232,57.0,70.88261802058761
2332,81.0,54.35899395156694
1127,72.0,73.83775091876447
1738,44.0,61.93236600604649
4132,70.0,64.77372475180303
3132,78.0,58.94161215632852
1130,61.0,69.24579833947865
3710,88.0,87.5397257883349
4077,53.0,68.78482604756782
846,54.0,61.79373268123811
3791,71.0,73.5396075635046
3835,74.0,72.98420242086561
2488,49.0,61.59052740851093
4070,55.0,62.655450011790556
513,68.0,55.59120870765286
985,79.0,80.05447427300197
2867,87.0,66.86790104359505
3980,48.0,55.10382477545773
1500,96.0,73.49721309079985
3331,65.0,64.50470795910584
3683,84.0,65.57942859867549
3069,77.0,79.65332020081249
1916,71.0,71.20340293959471
433,95.0,70.81546517959686
1397,46.0,65.88493507117815
340,62.0,69.5022109108557
337,52.0,65.3342931767313
3617,68.0,68.9760745090829
276,70.0,89.32252747041935
3366,88.0,81.93469740495824
484,72.0,80.77070413177483
1577,50.0,67.59594100284805
2283,78.0,72.73283677846275
1710,42.0,61.177266132809216
3801,92.0,76.67908121858997
2840,90.0,68.70104413414387
320,95.0,75.2446080159934
2239,63.0,66.26334567809047
3609,55.0,62.13337582716699
2570,58.0,72.68339601518092
313,75.0,64.76353179991153
2187,71.0,69.6330712979028
1899,77.0,56.8733310265837
144,91.0,71.23758547562832
2662,46.0,63.962398854695074
1302,87.0,64.82119186849084
3204,58.0,74.93987197247654
283,71.0,61.86160904100347
707,68.0,66.653743704985
3734,38.0,53.90348705136407
4024,56.0,59.44148318404461
758,57.0,59.34335502282759
1662,72.0,66.69692587400405
3461,45.0,66.56447667052566
556,37.0,56.80033642113221
1275,94.0,72.9787912946345
839,62.0,66.7446846172779
2326,67.0,78.37392001692953
692,38.0,57.33249007021726
529,60.0,67.06346572657847
1124,92.0,83.05857549695688
2687,89.0,87.12635814248792
3963,71.0,67.48609422438454
2874,58.0,65.48600263785018
2440,49.0,61.607649605551124
3671,61.0,57.06365125737803
186,99.0,78.87007702120495
3450,63.0,59.03918795292699
2641,48.0,65.25700153458489
1587,64.0,74.4838280664532
1625,73.0,88.20199472829134
3363,52.0,67.30875443230839
206,104.0,66.61263958926162
12,100.0,66.46253260928894
1168,80.0,71.72739976376076
344,70.0,79.63814903622625
1424,45.0,73.86928725734936
3271,70.0,53.901301195285264
1803,94.0,62.474438651160135
1494,49.0,64.39925276323521
2952,58.0,55.45272473155176
3183,57.0,68.11138965339237
3073,89.0,78.05185460076102
975,74.0,71.60134438583577
1846,50.0,58.48512353476668
1945,57.0,60.24936370426155
3422,55.0,62.55253567187207
1117,101.0,77.94908813724328
802,75.0,63.97861394521785
257,54.0,59.67141774470521
190,60.0,64.91243857083438
575,30.0,51.62351585834648
2669,67.0,54.943340492405
3178,85.0,70.18364640847018
1839,42.0,62.026674085297394
1399,106.0,79.42472547027937
1279,96.0,61.88140257000122
3197,54.0,64.95380157027964
760,42.0,52.22117504779501
2376,73.0,65.11970125683372
4023,49.0,48.03453922402988
4128,43.0,61.44540220681691
246,67.0,70.48014126796548
4001,72.0,71.66806794621618
2881,54.0,75.52593089820814
4078,52.0,65.31255619599634
374,62.0,66.75716203285049
3490,75.0,67.44399946445614
1290,81.0,75.35903655876635
1308,62.0,70.27991051786333
732,74.0,75.707219088947
3468,52.0,73.74584477574307
418,43.0,64.7437471025672
3570,23.0,50.31050851040556
2906,63.0,60.722188732758916
71,80.0,71.60086077047123
1703,50.0,52.76516589704744
46,87.0,71.03374987890061
3624,48.0,63.983141160561146
200,59.0,81.10918919091876
1247,93.0,75.22562926139678
3027,61.0,69.27244613055893
1299,83.0,63.611160729269926
4114,50.0,47.99851289926082
149,84.0,76.72551636836167
2121,75.0,74.45193545992706
1783,64.0,70.39874544956308
331,57.0,57.52592035209545
287,64.0,75.64259528770691
440,75.0,68.64431374215138
2250,60.0,68.5728693675072
3337,85.0,74.00214606016284
1589,93.0,68.33454210800564
2673,75.0,67.01032130296576
1328,73.0,69.91131698368244
2154,128.0,93.85059694006542
3250,92.0,86.23320677773401
154,61.0,65.41851136962742
3586,86.0,62.41543722278371
3080,72.0,72.8713227399783
3645,82.0,67.92911673106212
1656,54.0,51.65059046138578
634,53.0,63.189076795222356
785,64.0,70.48953386463914
924,64.0,63.2116506815577
1853,51.0,60.51862733386486
3144,52.0,68.12454346217459
3999,73.0,72.12290193106557
959,53.0,62.70143588869911
860,47.0,64.95139084125671
270,54.0,59.60268978263962
3986,73.0,68.09562756211793
854,47.0,55.23826394654612
2435,66.0,58.77843326008786
458,82.0,68.92635570166075
2189,75.0,67.9364087245416
1081,53.0,64.50422681194105
2307,104.0,78.59987898720013
300,70.0,60.10863563753719
1458,62.0,61.8091094965085
3212,89.0,74.37532624783869
713,47.0,58.67837964833803
381,81.0,73.06413010250648
3401,84.0,78.64416294080564
321,63.0,72.13312211729519
3019,72.0,67.582347614589
3305,63.0,72.78416568438803
2772,62.0,66.36282489212925
630,74.0,78.04973993684143
2086,64.0,60.838952128527346
3245,65.0,56.851113969619746
441,67.0,65.0917624680988
2478,101.0,75.64909529611376
2005,49.0,62.021501876632165
2537,78.0,82.97953057710757
3478,76.0,79.17985175395432
1773,39.0,54.64393555140335
2526,83.0,75.33115926804828
330,69.0,72.96071507182559
1569,66.0,68.30668344018449
522,67.0,75.83070915748122
3175,57.0,58.388007435296785
1754,61.0,76.40748943309507
540,83.0,68.78632315613916
1095,59.0,64.59130273607055
3166,88.0,75.58625880797354
2730,54.0,72.45792325574375
1269,44.0,66.15504960308746
3518,82.0,70.77544010968825
1926,62.0,72.62548235784341
2739,69.0,68.2364970655793
962,68.0,61.319901106129045
3428,55.0,65.97185582548812
59,57.0,61.13621783815443
78,58.0,62.48079824752315
3917,66.0,61.3642556501511
2003,65.0,71.69482437640767
3334,65.0,71.54357136672563
2306,74.0,71.72811085812134
1517,64.0,59.4497499913722
3191,64.0,55.52443567462706
852,64.0,68.7714721501166
933,93.0,65.5994175127164
2122,77.0,69.1281670481452
1027,70.0,72.94026323276745
2408,83.0,80.52750091725926
2393,77.0,77.68128894383884
2320,76.0,59.287720615937
1304,81.0,72.54782149658311
2262,100.0,72.21908393300403
3539,67.0,66.22385957282667
2489,69.0,72.1797855120171
2956,82.0,73.27659194749006
132,90.0,64.99349622308966
336,87.0,79.36782621830216
2031,55.0,59.60486105177696
327,71.0,85.41300159081722
2445,56.0,59.486882366017504
1234,67.0,60.506933373745255
1251,103.0,65.81865471031288
2926,58.0,41.77839585592245
2612,57.0,76.70863189349538
455,120.0,65.04553802474462
1459,98.0,67.21364240037859
2087,61.0,61.68520221510282
912,60.0,67.91800713791255
45,58.0,64.22171386735667
2096,77.0,69.82169073410533
2235,44.0,59.11747100024783
2724,88.0,94.01180200735352
1748,51.0,60.485345933826494
848,51.0,75.24966715882462
2984,41.0,57.195312238602426
774,70.0,68.18936828490267
1314,81.0,88.66140659578745
2586,77.0,65.84184201181793
3383,74.0,65.82267385063
412,93.0,79.30182253219331
31,76.0,64.12835896159406
3446,57.0,60.179566113869406
2963,69.0,68.88592339487755
221,70.0,72.87380235124968
3152,101.0,74.73019295818986
1872,65.0,69.24074671111734
2816,76.0,69.92962785318471
2773,62.0,72.92637005798912
3992,53.0,57.43203343566239
3192,65.0,70.12623064455835
65,96.0,72.63723716526115
853,74.0,75.22541551985469
392,77.0,77.86718476185757
3950,73.0,74.70508114076634
1111,113.0,68.57943575569836
1977,56.0,61.4910899916378
2774,76.0,65.47785108758252
505,59.0,71.84430339577067
980,56.0,54.52544683720581
3544,87.0,74.29144749118655
470,89.0,60.67303002561737
1720,71.0,64.4913969545888
1370,80.0,81.58093127888937
210,54.0,73.01149245996618
2749,63.0,62.61496210571242
900,82.0,75.54444685750823
6,113.0,81.22074894924656
466,103.0,75.7099689412517
311,104.0,74.61452684768187
3648,112.0,72.08198298340722
2428,149.0,76.04556380452833
858,68.0,51.67081225083501
2119,47.0,66.32403122710473
1943,77.0,72.89874286653243
2503,56.0,69.57876261485177
2779,82.0,77.16367472870598
2565,61.0,70.15032001250677
843,66.0,68.27086103309895
212,91.0,74.50753944618157
477,96.0,61.74518270339783
881,68.0,61.199936310543336
3775,81.0,86.63846388747051
30,56.0,66.14706200274871
3699,55.0,73.97966221423648
2736,72.0,75.4351682721365
3097,60.0,77.62024954069204
2477,58.0,73.55848548637042
3076,108.0,70.74684893051005
1558,79.0,72.48786846596329
871,50.0,51.934114463522505
1035,53.0,61.60857424480827
1386,52.0,54.939368977074885
3795,66.0,67.01404895037109
1845,54.0,69.83165417477935
241,45.0,57.742741006404145
1058,55.0,54.838884999043735
3381,68.0,57.206389888642306
4080,80.0,73.77814056015285
3664,58.0,71.96606129796513
1574,63.0,70.79971737434036
1941,68.0,49.47955573307563
1705,52.0,61.942964291704634
635,69.0,59.37449507743081
82,54.0,66.68420912349272
277,64.0,62.19695678879133
317,69.0,76.02379657938488
2034,72.0,64.34714343433012
4046,65.0,61.928900582561035
3920,61.0,60.55268104125853
3403,78.0,77.92728020423414
3633,50.0,63.722709233359836
3905,54.0,64.08191960510422
1798,47.0,63.69067903831705
3528,69.0,63.30093925150026
2971,41.0,43.350022608405226
4006,41.0,52.20685854888611
1392,76.0,61.75017162127895
1541,98.0,82.68293560278397
882,81.0,68.20923410770642
2516,42.0,61.1056856648871
1413,96.0,71.28388799835841
3355,60.0,81.4492081670507
1336,63.0,77.49902032547556
3965,46.0,64.87360079477048
3615,84.0,71.36430581101249
2288,68.0,75.67783135847156
437,69.0,66.70292344674823
1966,47.0,58.92141446592889
3803,64.0,71.39213587207172
3796,56.0,71.9844113284286
3231,86.0,73.61000363159843
1741,52.0,69.40414147747995
770,77.0,59.588875238989466
164,63.0,73.51282693839855
1756,81.0,75.39245640769492
3368,51.0,77.22636454149088
2670,56.0,67.56584726800736
108,72.0,70.85739741430594
720,104.0,60.21574823572982
258,69.0,66.87281434508557
2268,89.0,85.94432983357228
2587,68.0,72.39579475302762
1097,96.0,86.48727017337946
1596,53.0,70.98050955254976
3884,81.0,78.68868108852769
2462,44.0,57.87016843881549
3546,57.0,49.22061780703089
2621,72.0,77.52114060997228
3438,53.0,68.47829174406715
2365,68.0,79.94994301724566
2371,81.0,70.66726349827084
1552,57.0,65.6644255695671
354,53.0,66.03520545498318
3412,60.0,60.97829118091955
1415,71.0,78.38002520183082
2146,86.0,71.08254074955468
1175,97.0,58.474710812999454
1174,79.0,71.42163434391856
2304,128.0,77.6081285610636
1063,54.0,65.38201711198238
2074,43.0,63.46743391553812
2947,85.0,81.00941600730116
1704,55.0,62.79516675561067
3020,39.0,49.64238383492136
3856,63.0,65.7601568718287
2373,55.0,58.915888111859594
1120,113.0,92.53710398621418
2073,64.0,61.707315663714525
1584,49.0,60.06711083345152
1154,169.0,100.53432623523774
2134,71.0,67.54148147875276
587,93.0,85.44155796436254
1256,73.0,70.81229955523858
3902,70.0,57.145286860885854
1592,70.0,64.74716486360167
1141,81.0,74.52376521867566
3668,40.0,53.148904553688425
2463,100.0,78.66596286140616
1495,68.0,78.44153870351758
2835,67.0,55.04155004693438
1672,40.0,63.37439714917681
2149,94.0,74.97540226520516
4108,54.0,64.1049708600026
1250,87.0,80.96486197667772
2924,71.0,60.9062085375876
4009,77.0,66.27231320694571
2603,47.0,53.89662124461915
942,90.0,78.31366180066956
1487,114.0,72.90189878103207
3940,70.0,60.04616253025409
2861,65.0,58.178342126922175
1573,64.0,57.50594728177975
1375,67.0,57.63629785819652
2870,70.0,63.5809461802372
1585,64.0,61.84262659686499
368,61.0,71.37891588957373
1917,42.0,50.68614135305998
2721,63.0,72.83899623360297
3717,62.0,74.45296066111351
4068,66.0,64.41239421870873
3406,57.0,71.52772641854688
1265,83.0,66.98598028394973
1360,49.0,64.51678057127225
3994,77.0,61.43147490916708
1948,54.0,58.78504221675011
2907,42.0,50.81426256414326
194,99.0,74.95998202781954
3396,53.0,59.21152543288912
805,55.0,72.59914030674526
828,64.0,64.86447529453469
2100,85.0,54.64788992439518
3585,56.0,68.25730758815854
2114,50.0,54.588095909118884
2958,58.0,55.62028711617005
1000,58.0,68.0195061764889
2258,43.0,64.7990875404962
2395,76.0,67.26217337571825
189,55.0,65.75503761983023
1533,71.0,75.80785387952403
3180,89.0,74.4478460625444
353,75.0,59.78002121975625
3330,70.0,79.50037047311118
456,72.0,66.00134251859691
1829,60.0,65.01128525915998
2049,56.0,64.88942833829256
3247,86.0,83.73650040535139
4079,37.0,61.14179395997867
506,61.0,75.25169262006258
2630,54.0,61.25950506444999
3480,60.0,57.730077982074555
2294,96.0,65.19068730698032
1087,85.0,71.549620788771
1595,83.0,59.64410738426152
3883,83.0,65.89918721181621
1984,56.0,59.47859265731474
1836,60.0,59.73148064848303
346,75.0,66.55235965429647
1296,49.0,56.474842820490345
495,62.0,74.25355659673897
595,81.0,71.70513440043901
1989,39.0,62.72506234128711
2025,66.0,61.57233285398683
3845,90.0,78.73269374624928
1236,81.0,63.51231758812775
2159,65.0,64.61143603458044
2915,79.0,67.08171825052034
63,80.0,86.72001837430331
2430,81.0,72.3859527234676
3878,72.0,77.92184818960521
2893,48.0,61.79188056951135
274,89.0,62.541264068238405
2803,69.0,63.88784846621956
4119,79.0,67.80359207134714
1837,59.0,60.83991603544921
787,57.0,68.42660436966068
1693,117.0,86.72556586249942
1052,60.0,62.291199641940906
1017,64.0,59.0044667092469
2671,93.0,86.42085333055044
2869,87.0,68.5964451686551
240,53.0,71.14949364456973
4082,55.0,65.24916263875875
1289,73.0,76.78644395913761
850,76.0,72.25131736047675
91,48.0,64.86041107677865
1012,71.0,68.45935169509775
2923,72.0,56.71523594611793
3040,52.0,61.04519021147367
2747,46.0,57.01116854523393
4111,50.0,51.76100684060102
1880,69.0,75.7558687200086
3440,60.0,81.28358458639018
463,181.0,79.02271880446082
4102,60.0,66.31204443671926
4091,63.0,63.37263674425624
2834,60.0,61.17929176434834
1621,60.0,61.14417086284027
1955,62.0,58.987369233614615
3572,114.0,76.37481271104645
2473,40.0,75.66769462528555
2754,39.0,67.72655471721762
3402,27.0,57.77078316050541
1079,72.0,72.69228628195025
3637,82.0,81.3784747764852
304,73.0,72.24725551321852
752,55.0,73.98986274484957
295,64.0,67.28499231817275
2519,27.0,53.255576110359044
658,68.0,70.60363288134558
2129,73.0,70.07590936868218
4015,67.0,69.97520577625855
1643,81.0,58.913796857649196
1639,67.0,72.07719272566673
2028,65.0,65.47859740899702
3681,72.0,69.92485845071425
449,77.0,96.99907602232129
3109,60.0,59.75840439677128
2363,71.0,64.09067237828397
535,89.0,80.90909744207875
1181,67.0,81.86375683600575
3838,76.0,72.17245991947311
3667,41.0,74.74624634645178
2613,57.0,69.19667615654356
528,57.0,68.69011522324439
1129,82.0,75.83261197448493
3268,71.0,67.93021483420318
580,68.0,65.29442867139895
591,73.0,83.10988070398693
1166,63.0,67.82125472550464
638,118.0,84.71718785544923
469,100.0,67.58186102071232
1821,58.0,62.799109073712344
236,72.0,77.4614867384771
3023,59.0,58.474230206436495
2909,64.0,69.60620036972716
777,61.0,48.705320015171196
3451,52.0,79.01891874299416
3678,60.0,73.19830970114197
3951,81.0,69.99447123198608
1476,61.0,75.80159227223164
1409,96.0,59.72271754232984
3509,99.0,79.38990917600017
1164,54.0,61.45554326276667
1887,52.0,57.281878154480445
2945,41.0,60.50295718417317
1702,56.0,57.431053192797194
3453,49.0,65.4696670390734
3729,55.0,55.31800592029618
1054,45.0,58.53651118634196
2056,48.0,63.0598021780589
