,y_test,prediction
1683,48.0,43.38
492,63.0,62.98
1707,44.0,49.67
517,86.0,88.87
2168,76.0,76.64
390,49.0,48.9
953,60.0,57.14
3891,50.0,49.93
3159,110.0,107.69
1291,95.0,94.56
2993,60.0,61.12
3686,56.0,55.44
1551,82.0,76.5
1172,85.0,91.93
2470,81.0,80.76
2580,57.0,57.76
2678,74.0,71.08
745,46.0,57.16
15,120.0,112.32
1075,35.0,41.82
997,43.0,46.84
2989,44.0,43.44
343,73.0,70.7
3088,98.0,91.19
1789,64.0,61.25
2818,90.0,89.46
2725,63.0,61.36
1794,63.0,72.76
3680,99.0,100.12
3298,83.0,84.82
2731,55.0,63.67
3303,65.0,66.05
1479,45.0,44.78
182,82.0,82.84
427,86.0,86.2
3960,43.0,46.87
2095,101.0,101.5
3510,38.0,41.01
4019,48.0,47.58
214,91.0,86.09
3913,57.0,59.12
1576,41.0,42.35
582,70.0,70.61
2995,72.0,69.0
2104,103.0,95.43
2684,67.0,65.08
1918,61.0,61.84
33,63.0,64.97
72,113.0,108.68
641,83.0,85.56
3310,67.0,57.82
874,50.0,49.35
2979,67.0,62.64
2487,63.0,62.71
1919,72.0,73.0
490,76.0,73.61
2560,60.0,59.23
793,65.0,65.66
229,63.0,62.45
2600,50.0,52.65
4117,50.0,52.28
2173,75.0,72.57
608,72.0,69.25
2801,49.0,49.82
1069,61.0,58.8
1871,69.0,68.55
1194,57.0,56.27
1827,76.0,75.08
817,66.0,62.79
3014,62.0,67.56
1804,79.0,74.22
3101,87.0,85.89
2458,56.0,58.69
1847,77.0,78.01
1965,76.0,79.87
3702,71.0,71.42
159,65.0,61.82
1505,60.0,61.09
195,70.0,68.71
1112,59.0,57.73
1759,65.0,63.76
1493,42.0,44.95
2284,90.0,92.82
1788,56.0,59.4
2837,95.0,90.6
1432,41.0,42.34
1077,29.0,38.53
2456,65.0,62.36
567,72.0,73.66
2493,63.0,64.36
2871,90.0,87.73
3687,64.0,61.42
2422,78.0,76.7
2847,86.0,86.27
2220,61.0,69.35
2878,45.0,44.2
3065,58.0,59.65
2199,135.0,120.73
4007,84.0,88.4
1593,78.0,76.81
679,54.0,53.88
2381,75.0,76.96
3107,84.0,81.78
2055,52.0,54.77
1102,124.0,112.42
2449,69.0,68.39
377,67.0,67.16
3340,76.0,80.17
859,64.0,65.56
1670,52.0,51.86
3630,87.0,87.75
2130,64.0,62.69
2479,67.0,66.28
2212,77.0,76.3
588,25.0,34.77
4125,64.0,67.2
1473,66.0,71.21
3328,55.0,57.24
1714,65.0,63.64
1074,72.0,72.27
2563,101.0,100.79
2527,36.0,36.74
1716,54.0,56.07
4064,60.0,60.48
3005,52.0,53.44
3273,58.0,55.96
3701,37.0,42.87
8,62.0,58.74
291,59.0,58.89
3487,66.0,69.02
599,89.0,90.37
3559,69.0,66.03
1983,52.0,51.2
2592,74.0,73.85
248,48.0,50.36
948,58.0,57.18
1950,51.0,51.23
3075,94.0,91.63
1070,60.0,61.94
796,64.0,67.04
761,72.0,73.06
4135,48.0,51.09
3456,56.0,57.99
2524,75.0,73.1
1419,54.0,54.04
603,50.0,51.82
3041,60.0,56.96
97,56.0,58.12
259,49.0,52.92
3424,54.0,52.66
3534,72.0,74.54
3498,77.0,63.6
2135,55.0,57.07
2446,53.0,52.86
907,92.0,91.91
2753,55.0,53.79
2062,70.0,73.53
1151,51.0,62.43
4051,52.0,53.47
3571,74.0,71.48
1084,67.0,68.61
844,92.0,88.66
2453,70.0,69.4
3650,51.0,49.56
1050,70.0,69.2
3760,56.0,57.81
3872,102.0,97.83
1706,51.0,53.6
3537,56.0,55.81
347,65.0,59.07
2717,82.0,81.6
1597,53.0,54.27
2751,72.0,70.69
2296,51.0,47.78
498,60.0,58.36
3764,52.0,51.72
435,45.0,50.65
2581,65.0,66.51
1441,83.0,77.62
1770,75.0,72.4
168,74.0,70.86
3252,54.0,52.56
128,42.0,42.84
563,68.0,67.4
3806,54.0,52.51
3388,102.0,98.51
3541,96.0,92.68
2037,59.0,62.88
1223,81.0,85.85
1970,79.0,78.34
488,54.0,53.74
3555,77.0,85.83
3939,60.0,58.66
18,55.0,61.71
2406,78.0,76.12
905,85.0,86.94
201,74.0,74.2
3242,64.0,63.78
3354,48.0,48.13
694,61.0,64.47
3209,75.0,74.81
3181,72.0,72.08
4031,55.0,54.47
1545,65.0,67.63
34,66.0,65.97
223,76.0,72.58
3669,69.0,68.89
2885,71.0,71.11
885,62.0,62.06
4085,66.0,63.88
3635,82.0,82.81
602,61.0,62.01
1113,68.0,73.77
3492,66.0,75.95
1025,74.0,74.2
3494,56.0,55.5
2815,64.0,59.3
1344,76.0,76.94
2202,65.0,60.61
1564,106.0,98.28
115,77.0,77.42
2507,67.0,64.91
2385,63.0,65.7
2068,75.0,72.83
2558,43.0,43.53
3344,74.0,74.47
1747,68.0,70.27
52,79.0,75.01
2112,87.0,79.67
1390,44.0,47.71
2379,90.0,81.48
1746,56.0,60.41
75,77.0,76.14
1869,66.0,70.71
4089,75.0,70.2
1357,62.0,62.11
1131,93.0,93.67
1198,87.0,78.78
2377,56.0,56.85
2480,38.0,38.44
2549,31.0,34.02
826,52.0,53.12
465,76.0,74.09
1342,72.0,70.85
2552,78.0,77.17
3846,49.0,50.97
3513,91.0,83.83
3676,79.0,77.23
170,56.0,67.38
2335,119.0,107.3
914,94.0,96.21
1855,60.0,64.49
3285,85.0,83.83
53,76.0,76.88
3370,74.0,66.09
239,85.0,81.46
3051,60.0,63.06
27,81.0,74.67
3042,43.0,43.82
2131,74.0,74.61
232,57.0,59.61
2332,81.0,78.73
1127,72.0,72.92
1738,44.0,45.53
4132,70.0,60.44
3132,78.0,77.8
1130,61.0,59.08
3710,88.0,94.12
4077,53.0,54.35
846,54.0,53.4
3791,71.0,68.13
3835,74.0,71.59
2488,49.0,52.4
4070,55.0,55.91
513,68.0,65.92
985,79.0,83.11
2867,87.0,80.1
3980,48.0,47.74
1500,96.0,91.3
3331,65.0,65.44
3683,84.0,82.93
3069,77.0,77.57
1916,71.0,68.59
433,95.0,98.16
1397,46.0,47.37
340,62.0,63.24
337,52.0,55.25
3617,68.0,71.9
276,70.0,68.31
3366,88.0,86.54
484,72.0,70.92
1577,50.0,52.07
2283,78.0,76.31
1710,42.0,41.63
3801,92.0,77.64
2840,90.0,85.03
320,95.0,83.85
2239,63.0,65.71
3609,55.0,55.75
2570,58.0,57.14
313,75.0,70.7
2187,71.0,72.0
1899,77.0,74.48
144,91.0,93.15
2662,46.0,50.59
1302,87.0,87.91
3204,58.0,57.74
283,71.0,73.59
707,68.0,69.78
3734,38.0,38.82
4024,56.0,54.53
758,57.0,59.31
1662,72.0,71.24
3461,45.0,50.8
556,37.0,43.67
1275,94.0,95.72
839,62.0,64.4
2326,67.0,60.92
692,38.0,38.71
529,60.0,61.66
1124,92.0,84.8
2687,89.0,88.66
3963,71.0,70.78
2874,58.0,64.52
2440,49.0,48.91
3671,61.0,64.37
186,99.0,93.17
3450,63.0,61.65
2641,48.0,51.27
1587,64.0,64.65
1625,73.0,73.0
3363,52.0,53.83
206,104.0,84.5
12,100.0,100.46
1168,80.0,82.11
344,70.0,72.5
1424,45.0,47.69
3271,70.0,61.32
1803,94.0,86.61
1494,49.0,48.98
2952,58.0,58.26
3183,57.0,59.05
3073,89.0,84.98
975,74.0,75.56
1846,50.0,52.68
1945,57.0,56.92
3422,55.0,58.15
1117,101.0,96.96
802,75.0,76.98
257,54.0,58.66
190,60.0,59.12
575,30.0,35.5
2669,67.0,61.79
3178,85.0,80.03
1839,42.0,45.22
1399,106.0,108.19
1279,96.0,77.34
3197,54.0,51.7
760,42.0,40.0
2376,73.0,67.8
4023,49.0,51.18
4128,43.0,44.87
246,67.0,70.09
4001,72.0,72.45
2881,54.0,57.5
4078,52.0,51.61
374,62.0,58.94
3490,75.0,78.96
1290,81.0,76.15
1308,62.0,64.13
732,74.0,67.18
3468,52.0,55.34
418,43.0,48.5
3570,23.0,36.03
2906,63.0,61.84
71,80.0,78.86
1703,50.0,47.87
46,87.0,80.74
3624,48.0,54.13
200,59.0,65.13
1247,93.0,85.5
3027,61.0,68.91
1299,83.0,80.07
4114,50.0,51.74
149,84.0,76.9
2121,75.0,75.1
1783,64.0,63.04
331,57.0,65.33
287,64.0,64.24
440,75.0,76.13
2250,60.0,59.96
3337,85.0,85.08
1589,93.0,73.08
2673,75.0,69.3
1328,73.0,77.85
2154,128.0,114.64
3250,92.0,86.95
154,61.0,61.23
3586,86.0,86.63
3080,72.0,72.95
3645,82.0,85.08
1656,54.0,56.72
634,53.0,53.0
785,64.0,67.49
924,64.0,74.81
1853,51.0,54.45
3144,52.0,50.7
3999,73.0,72.95
959,53.0,50.92
860,47.0,46.23
270,54.0,53.38
3986,73.0,73.49
854,47.0,43.41
2435,66.0,64.37
458,82.0,83.89
2189,75.0,73.58
1081,53.0,52.78
2307,104.0,98.57
300,70.0,72.88
1458,62.0,61.67
3212,89.0,91.17
713,47.0,48.04
381,81.0,78.63
3401,84.0,84.62
321,63.0,65.53
3019,72.0,69.35
3305,63.0,58.87
2772,62.0,66.68
630,74.0,69.77
2086,64.0,64.93
3245,65.0,61.61
441,67.0,65.57
2478,101.0,85.01
2005,49.0,49.15
2537,78.0,79.33
3478,76.0,68.95
1773,39.0,42.45
2526,83.0,79.44
330,69.0,68.93
1569,66.0,64.62
522,67.0,69.08
3175,57.0,57.43
1754,61.0,63.85
540,83.0,79.6
1095,59.0,59.28
3166,88.0,81.12
2730,54.0,58.18
1269,44.0,46.22
3518,82.0,76.85
1926,62.0,64.12
2739,69.0,69.11
962,68.0,65.2
3428,55.0,55.17
59,57.0,52.11
78,58.0,53.0
3917,66.0,67.33
2003,65.0,63.59
3334,65.0,64.62
2306,74.0,73.6
1517,64.0,63.22
3191,64.0,69.45
852,64.0,64.99
933,93.0,92.47
2122,77.0,73.83
1027,70.0,70.12
2408,83.0,84.07
2393,77.0,80.02
2320,76.0,74.62
1304,81.0,75.57
2262,100.0,96.51
3539,67.0,68.69
2489,69.0,66.68
2956,82.0,83.28
132,90.0,86.78
336,87.0,88.02
2031,55.0,54.77
327,71.0,68.17
2445,56.0,55.43
1234,67.0,63.46
1251,103.0,97.56
2926,58.0,56.9
2612,57.0,56.16
455,120.0,105.95
1459,98.0,100.09
2087,61.0,61.63
912,60.0,59.62
45,58.0,54.56
2096,77.0,74.72
2235,44.0,47.0
2724,88.0,85.59
1748,51.0,54.98
848,51.0,52.18
2984,41.0,41.22
774,70.0,72.04
1314,81.0,83.13
2586,77.0,77.14
3383,74.0,71.37
412,93.0,101.52
31,76.0,75.89
3446,57.0,58.13
2963,69.0,71.5
221,70.0,71.69
3152,101.0,96.28
1872,65.0,61.09
2816,76.0,73.21
2773,62.0,60.82
3992,53.0,53.18
3192,65.0,67.43
65,96.0,92.74
853,74.0,73.99
392,77.0,76.92
3950,73.0,74.43
1111,113.0,112.16
1977,56.0,57.81
2774,76.0,78.78
505,59.0,62.53
980,56.0,56.52
3544,87.0,87.76
470,89.0,84.76
1720,71.0,70.33
1370,80.0,83.49
210,54.0,55.62
2749,63.0,64.03
900,82.0,76.05
6,113.0,103.07
466,103.0,93.67
311,104.0,102.1
3648,112.0,107.03
2428,149.0,119.91
858,68.0,68.63
2119,47.0,45.5
1943,77.0,78.88
2503,56.0,55.78
2779,82.0,83.01
2565,61.0,62.82
843,66.0,70.13
212,91.0,84.52
477,96.0,94.45
881,68.0,66.92
3775,81.0,82.35
30,56.0,56.06
3699,55.0,52.59
2736,72.0,69.55
3097,60.0,59.79
2477,58.0,57.46
3076,108.0,94.75
1558,79.0,75.92
871,50.0,51.93
1035,53.0,59.39
1386,52.0,51.69
3795,66.0,63.82
1845,54.0,55.22
241,45.0,52.74
1058,55.0,56.13
3381,68.0,65.92
4080,80.0,81.5
3664,58.0,69.36
1574,63.0,62.46
1941,68.0,68.4
1705,52.0,53.48
635,69.0,69.84
82,54.0,54.05
277,64.0,67.1
317,69.0,69.33
2034,72.0,71.51
4046,65.0,62.2
3920,61.0,60.31
3403,78.0,76.75
3633,50.0,54.42
3905,54.0,53.38
1798,47.0,45.92
3528,69.0,65.35
2971,41.0,39.02
4006,41.0,45.27
1392,76.0,76.17
1541,98.0,96.07
882,81.0,82.32
2516,42.0,43.19
1413,96.0,90.9
3355,60.0,58.0
1336,63.0,63.57
3965,46.0,51.0
3615,84.0,81.1
2288,68.0,69.1
437,69.0,72.14
1966,47.0,52.04
3803,64.0,65.05
3796,56.0,58.25
3231,86.0,81.94
1741,52.0,51.31
770,77.0,79.1
164,63.0,61.73
1756,81.0,80.79
3368,51.0,53.02
2670,56.0,60.92
108,72.0,71.71
720,104.0,73.96
258,69.0,70.1
2268,89.0,87.99
2587,68.0,68.16
1097,96.0,98.5
1596,53.0,52.88
3884,81.0,78.98
2462,44.0,46.92
3546,57.0,58.03
2621,72.0,73.42
3438,53.0,51.93
2365,68.0,67.1
2371,81.0,80.7
1552,57.0,55.61
354,53.0,50.53
3412,60.0,60.89
1415,71.0,67.79
2146,86.0,85.84
1175,97.0,79.25
1174,79.0,66.82
2304,128.0,117.51
1063,54.0,59.09
2074,43.0,41.75
2947,85.0,82.8
1704,55.0,53.61
3020,39.0,40.28
3856,63.0,62.3
2373,55.0,54.82
1120,113.0,105.23
2073,64.0,63.37
1584,49.0,47.72
1154,169.0,120.0
2134,71.0,68.7
587,93.0,103.2
1256,73.0,74.64
3902,70.0,66.74
1592,70.0,71.59
1141,81.0,81.37
3668,40.0,40.52
2463,100.0,93.9
1495,68.0,68.22
2835,67.0,73.99
1672,40.0,43.22
2149,94.0,88.21
4108,54.0,54.92
1250,87.0,90.61
2924,71.0,71.99
4009,77.0,77.35
2603,47.0,47.53
942,90.0,91.64
1487,114.0,113.38
3940,70.0,71.53
2861,65.0,62.55
1573,64.0,60.26
1375,67.0,66.7
2870,70.0,69.36
1585,64.0,63.79
368,61.0,60.64
1917,42.0,40.45
2721,63.0,69.5
3717,62.0,67.65
4068,66.0,67.38
3406,57.0,69.38
1265,83.0,86.04
1360,49.0,50.11
3994,77.0,78.43
1948,54.0,54.52
2907,42.0,37.42
194,99.0,97.69
3396,53.0,51.67
805,55.0,54.52
828,64.0,67.83
2100,85.0,82.53
3585,56.0,55.4
2114,50.0,61.2
2958,58.0,55.72
1000,58.0,61.91
2258,43.0,47.11
2395,76.0,70.99
189,55.0,54.51
1533,71.0,70.06
3180,89.0,96.18
353,75.0,77.25
3330,70.0,71.31
456,72.0,71.81
1829,60.0,63.55
2049,56.0,54.05
3247,86.0,86.28
4079,37.0,39.2
506,61.0,63.45
2630,54.0,55.72
3480,60.0,57.12
2294,96.0,95.31
1087,85.0,85.2
1595,83.0,82.71
3883,83.0,81.12
1984,56.0,53.38
1836,60.0,62.17
346,75.0,76.1
1296,49.0,45.21
495,62.0,62.51
595,81.0,82.55
1989,39.0,48.45
2025,66.0,69.06
3845,90.0,104.21
1236,81.0,74.25
2159,65.0,67.03
2915,79.0,82.03
63,80.0,80.16
2430,81.0,78.0
3878,72.0,68.91
2893,48.0,46.32
274,89.0,75.09
2803,69.0,69.32
4119,79.0,77.49
1837,59.0,59.06
787,57.0,59.05
1693,117.0,118.61
1052,60.0,60.69
1017,64.0,65.35
2671,93.0,90.23
2869,87.0,80.04
240,53.0,60.27
4082,55.0,54.48
1289,73.0,74.22
850,76.0,78.62
91,48.0,48.41
1012,71.0,71.67
2923,72.0,73.33
3040,52.0,52.0
2747,46.0,46.2
4111,50.0,51.93
1880,69.0,66.73
3440,60.0,61.82
463,181.0,131.9
4102,60.0,62.45
4091,63.0,64.99
2834,60.0,56.41
1621,60.0,61.2
1955,62.0,69.25
3572,114.0,102.15
2473,40.0,45.01
2754,39.0,46.77
3402,27.0,33.61
1079,72.0,74.09
3637,82.0,84.21
304,73.0,79.85
752,55.0,55.05
295,64.0,64.34
2519,27.0,34.6
658,68.0,68.55
2129,73.0,69.92
4015,67.0,59.31
1643,81.0,83.0
1639,67.0,66.76
2028,65.0,66.45
3681,72.0,68.9
449,77.0,78.01
3109,60.0,59.8
2363,71.0,64.68
535,89.0,86.7
1181,67.0,70.75
3838,76.0,80.88
3667,41.0,47.3
2613,57.0,55.82
528,57.0,55.68
1129,82.0,81.8
3268,71.0,74.49
580,68.0,68.6
591,73.0,70.14
1166,63.0,57.33
638,118.0,104.94
469,100.0,96.47
1821,58.0,58.12
236,72.0,70.81
3023,59.0,61.07
2909,64.0,63.92
777,61.0,59.58
3451,52.0,56.78
3678,60.0,58.73
3951,81.0,89.04
1476,61.0,61.3
1409,96.0,88.08
3509,99.0,93.31
1164,54.0,54.61
1887,52.0,53.9
2945,41.0,44.02
1702,56.0,58.08
3453,49.0,64.28
3729,55.0,57.29
1054,45.0,47.52
2056,48.0,49.37
