,y_test,prediction
1683,48.0,52.01
492,63.0,65.54
1707,44.0,47.74
517,86.0,76.73
2168,76.0,70.58
390,49.0,59.1
953,60.0,63.76
3891,50.0,62.5
3159,110.0,85.57
1291,95.0,89.74
2993,60.0,75.51
3686,56.0,53.21
1551,82.0,75.96
1172,85.0,69.72
2470,81.0,69.81
2580,57.0,64.97
2678,74.0,71.55
745,46.0,46.55
15,120.0,70.89
1075,35.0,60.73
997,43.0,57.7
2989,44.0,58.28
343,73.0,83.44
3088,98.0,74.35
1789,64.0,65.25
2818,90.0,86.05
2725,63.0,59.05
1794,63.0,73.85
3680,99.0,81.24
3298,83.0,86.1
2731,55.0,66.51
3303,65.0,81.88
1479,45.0,64.8
182,82.0,62.81
427,86.0,75.83
3960,43.0,55.44
2095,101.0,80.43
3510,38.0,55.6
4019,48.0,58.08
214,91.0,62.3
3913,57.0,75.12
1576,41.0,61.12
582,70.0,71.21
2995,72.0,56.05
2104,103.0,84.88
2684,67.0,61.24
1918,61.0,62.37
33,63.0,70.74
72,113.0,75.5
641,83.0,77.12
3310,67.0,57.87
874,50.0,74.98
2979,67.0,68.32
2487,63.0,60.26
1919,72.0,69.02
490,76.0,64.35
2560,60.0,79.8
793,65.0,56.66
229,63.0,75.56
2600,50.0,59.7
4117,50.0,57.03
2173,75.0,65.02
608,72.0,94.31
2801,49.0,61.89
1069,61.0,56.07
1871,69.0,64.81
1194,57.0,61.03
1827,76.0,68.15
817,66.0,80.67
3014,62.0,73.8
1804,79.0,68.8
3101,87.0,74.49
2458,56.0,82.67
1847,77.0,64.4
1965,76.0,72.32
3702,71.0,60.98
159,65.0,77.0
1505,60.0,80.53
195,70.0,59.89
1112,59.0,80.65
1759,65.0,67.27
1493,42.0,64.36
2284,90.0,64.99
1788,56.0,73.64
2837,95.0,63.79
1432,41.0,65.5
1077,29.0,64.08
2456,65.0,71.11
567,72.0,72.23
2493,63.0,76.23
2871,90.0,85.13
3687,64.0,61.97
2422,78.0,64.01
2847,86.0,70.62
2220,61.0,81.12
2878,45.0,57.06
3065,58.0,67.05
2199,135.0,83.85
4007,84.0,58.56
1593,78.0,72.29
679,54.0,69.02
2381,75.0,65.69
3107,84.0,85.93
2055,52.0,59.61
1102,124.0,79.76
2449,69.0,61.42
377,67.0,75.17
3340,76.0,77.63
859,64.0,58.99
1670,52.0,61.08
3630,87.0,70.45
2130,64.0,57.09
2479,67.0,60.96
2212,77.0,72.36
588,25.0,50.71
4125,64.0,62.74
1473,66.0,65.54
3328,55.0,76.96
1714,65.0,59.26
1074,72.0,72.02
2563,101.0,76.17
2527,36.0,60.37
1716,54.0,71.28
4064,60.0,69.49
3005,52.0,61.99
3273,58.0,86.65
3701,37.0,68.8
8,62.0,67.84
291,59.0,72.61
3487,66.0,75.75
599,89.0,74.47
3559,69.0,56.79
1983,52.0,73.07
2592,74.0,62.91
248,48.0,58.79
948,58.0,60.68
1950,51.0,60.11
3075,94.0,77.08
1070,60.0,63.23
796,64.0,67.25
761,72.0,55.88
4135,48.0,66.18
3456,56.0,66.87
2524,75.0,63.88
1419,54.0,53.78
603,50.0,51.49
3041,60.0,62.24
97,56.0,79.44
259,49.0,78.49
3424,54.0,75.25
3534,72.0,76.63
3498,77.0,68.71
2135,55.0,62.34
2446,53.0,56.37
907,92.0,69.17
2753,55.0,51.08
2062,70.0,69.77
1151,51.0,58.93
4051,52.0,67.67
3571,74.0,83.54
1084,67.0,67.76
844,92.0,69.6
2453,70.0,80.03
3650,51.0,82.35
1050,70.0,62.15
3760,56.0,73.03
3872,102.0,101.05
1706,51.0,88.21
3537,56.0,60.29
347,65.0,59.76
2717,82.0,63.92
1597,53.0,63.36
2751,72.0,68.15
2296,51.0,48.01
498,60.0,70.82
3764,52.0,51.22
435,45.0,59.54
2581,65.0,66.44
1441,83.0,74.05
1770,75.0,68.19
168,74.0,64.55
3252,54.0,68.14
128,42.0,52.4
563,68.0,85.28
3806,54.0,58.85
3388,102.0,69.57
3541,96.0,77.55
2037,59.0,63.83
1223,81.0,66.05
1970,79.0,72.63
488,54.0,59.5
3555,77.0,68.3
3939,60.0,59.32
18,55.0,54.76
2406,78.0,70.0
905,85.0,63.68
201,74.0,71.08
3242,64.0,53.73
3354,48.0,66.35
694,61.0,67.94
3209,75.0,86.11
3181,72.0,78.9
4031,55.0,55.49
1545,65.0,60.52
34,66.0,79.13
223,76.0,58.73
3669,69.0,62.54
2885,71.0,60.48
885,62.0,62.99
4085,66.0,55.16
3635,82.0,81.05
602,61.0,60.62
1113,68.0,76.38
3492,66.0,70.43
1025,74.0,72.56
3494,56.0,66.43
2815,64.0,57.52
1344,76.0,72.31
2202,65.0,70.2
1564,106.0,103.03
115,77.0,69.31
2507,67.0,66.33
2385,63.0,62.09
2068,75.0,72.07
2558,43.0,71.35
3344,74.0,73.62
1747,68.0,66.4
52,79.0,62.69
2112,87.0,69.03
1390,44.0,67.18
2379,90.0,81.64
1746,56.0,72.64
75,77.0,73.94
1869,66.0,76.03
4089,75.0,54.03
1357,62.0,66.14
1131,93.0,59.08
1198,87.0,71.36
2377,56.0,62.19
2480,38.0,54.95
2549,31.0,62.87
826,52.0,55.61
465,76.0,67.62
1342,72.0,71.5
2552,78.0,72.27
3846,49.0,75.02
3513,91.0,64.49
3676,79.0,80.38
170,56.0,77.6
2335,119.0,65.37
914,94.0,59.34
1855,60.0,60.13
3285,85.0,92.09
53,76.0,71.12
3370,74.0,58.96
239,85.0,69.99
3051,60.0,67.75
27,81.0,85.52
3042,43.0,57.82
2131,74.0,75.76
232,57.0,78.7
2332,81.0,47.41
1127,72.0,69.91
1738,44.0,56.82
4132,70.0,65.05
3132,78.0,68.62
1130,61.0,69.41
3710,88.0,79.08
4077,53.0,69.43
846,54.0,60.31
3791,71.0,75.3
3835,74.0,67.17
2488,49.0,60.46
4070,55.0,58.93
513,68.0,57.67
985,79.0,68.78
2867,87.0,62.86
3980,48.0,63.26
1500,96.0,78.52
3331,65.0,65.73
3683,84.0,62.71
3069,77.0,78.05
1916,71.0,66.19
433,95.0,73.17
1397,46.0,64.7
340,62.0,72.82
337,52.0,59.41
3617,68.0,69.97
276,70.0,87.98
3366,88.0,85.01
484,72.0,89.32
1577,50.0,59.23
2283,78.0,73.69
1710,42.0,60.32
3801,92.0,77.15
2840,90.0,68.09
320,95.0,82.84
2239,63.0,61.77
3609,55.0,61.45
2570,58.0,67.33
313,75.0,64.67
2187,71.0,66.71
1899,77.0,56.3
144,91.0,80.61
2662,46.0,64.59
1302,87.0,69.69
3204,58.0,77.12
283,71.0,63.81
707,68.0,65.34
3734,38.0,50.4
4024,56.0,56.35
758,57.0,63.48
1662,72.0,66.36
3461,45.0,66.14
556,37.0,54.61
1275,94.0,76.81
839,62.0,70.02
2326,67.0,76.96
692,38.0,54.64
529,60.0,63.69
1124,92.0,83.61
2687,89.0,83.93
3963,71.0,68.26
2874,58.0,69.23
2440,49.0,58.96
3671,61.0,55.97
186,99.0,82.27
3450,63.0,57.71
2641,48.0,63.52
1587,64.0,77.42
1625,73.0,92.64
3363,52.0,62.93
206,104.0,61.32
12,100.0,68.83
1168,80.0,67.28
344,70.0,73.84
1424,45.0,79.17
3271,70.0,48.08
1803,94.0,61.78
1494,49.0,66.64
2952,58.0,58.84
3183,57.0,68.17
3073,89.0,84.53
975,74.0,67.16
1846,50.0,53.45
1945,57.0,63.88
3422,55.0,61.1
1117,101.0,83.31
802,75.0,70.9
257,54.0,65.23
190,60.0,64.93
575,30.0,44.98
2669,67.0,54.01
3178,85.0,77.5
1839,42.0,62.78
1399,106.0,74.95
1279,96.0,55.08
3197,54.0,71.28
760,42.0,52.43
2376,73.0,70.55
4023,49.0,50.5
4128,43.0,64.97
246,67.0,64.53
4001,72.0,69.23
2881,54.0,83.39
4078,52.0,60.77
374,62.0,62.97
3490,75.0,69.15
1290,81.0,73.0
1308,62.0,74.59
732,74.0,78.27
3468,52.0,75.67
418,43.0,64.43
3570,23.0,46.26
2906,63.0,62.96
71,80.0,68.72
1703,50.0,50.3
46,87.0,64.54
3624,48.0,60.22
200,59.0,83.74
1247,93.0,78.64
3027,61.0,73.78
1299,83.0,63.07
4114,50.0,48.99
149,84.0,70.69
2121,75.0,69.09
1783,64.0,64.66
331,57.0,51.71
287,64.0,76.97
440,75.0,62.99
2250,60.0,73.88
3337,85.0,75.49
1589,93.0,74.8
2673,75.0,68.2
1328,73.0,68.66
2154,128.0,88.72
3250,92.0,77.79
154,61.0,60.26
3586,86.0,57.8
3080,72.0,74.53
3645,82.0,65.04
1656,54.0,56.27
634,53.0,65.81
785,64.0,71.06
924,64.0,68.33
1853,51.0,67.22
3144,52.0,65.79
3999,73.0,70.95
959,53.0,60.47
860,47.0,62.8
270,54.0,57.8
3986,73.0,67.96
854,47.0,57.7
2435,66.0,63.07
458,82.0,74.53
2189,75.0,69.22
1081,53.0,65.58
2307,104.0,81.01
300,70.0,62.24
1458,62.0,61.44
3212,89.0,67.5
713,47.0,59.13
381,81.0,74.1
3401,84.0,81.82
321,63.0,76.23
3019,72.0,64.82
3305,63.0,71.46
2772,62.0,70.99
630,74.0,77.55
2086,64.0,55.32
3245,65.0,58.72
441,67.0,67.14
2478,101.0,76.88
2005,49.0,61.16
2537,78.0,78.29
3478,76.0,85.82
1773,39.0,52.26
2526,83.0,82.43
330,69.0,69.83
1569,66.0,68.94
522,67.0,76.59
3175,57.0,59.25
1754,61.0,83.63
540,83.0,65.82
1095,59.0,60.61
3166,88.0,82.52
2730,54.0,72.97
1269,44.0,63.38
3518,82.0,68.05
1926,62.0,72.07
2739,69.0,68.14
962,68.0,65.35
3428,55.0,63.59
59,57.0,57.72
78,58.0,52.95
3917,66.0,58.59
2003,65.0,73.9
3334,65.0,66.91
2306,74.0,75.54
1517,64.0,57.57
3191,64.0,56.53
852,64.0,62.69
933,93.0,61.15
2122,77.0,73.36
1027,70.0,79.4
2408,83.0,82.39
2393,77.0,72.93
2320,76.0,55.42
1304,81.0,69.96
2262,100.0,67.18
3539,67.0,67.63
2489,69.0,71.17
2956,82.0,74.6
132,90.0,65.13
336,87.0,87.11
2031,55.0,63.34
327,71.0,89.97
2445,56.0,62.41
1234,67.0,64.32
1251,103.0,66.84
2926,58.0,44.77
2612,57.0,82.53
455,120.0,66.53
1459,98.0,69.98
2087,61.0,59.09
912,60.0,71.03
45,58.0,68.89
2096,77.0,66.22
2235,44.0,56.46
2724,88.0,95.73
1748,51.0,64.84
848,51.0,81.16
2984,41.0,56.72
774,70.0,72.1
1314,81.0,78.3
2586,77.0,64.32
3383,74.0,67.49
412,93.0,83.37
31,76.0,70.69
3446,57.0,61.14
2963,69.0,65.58
221,70.0,72.42
3152,101.0,78.4
1872,65.0,72.27
2816,76.0,66.85
2773,62.0,70.19
3992,53.0,52.68
3192,65.0,65.02
65,96.0,73.53
853,74.0,70.98
392,77.0,75.22
3950,73.0,73.27
1111,113.0,66.28
1977,56.0,61.07
2774,76.0,71.26
505,59.0,83.94
980,56.0,48.62
3544,87.0,75.16
470,89.0,62.21
1720,71.0,69.72
1370,80.0,77.68
210,54.0,72.83
2749,63.0,65.09
900,82.0,68.49
6,113.0,74.05
466,103.0,72.72
311,104.0,72.93
3648,112.0,70.51
2428,149.0,85.58
858,68.0,55.11
2119,47.0,57.38
1943,77.0,74.93
2503,56.0,67.35
2779,82.0,72.05
2565,61.0,64.94
843,66.0,71.01
212,91.0,85.35
477,96.0,59.42
881,68.0,59.06
3775,81.0,90.56
30,56.0,66.33
3699,55.0,73.16
2736,72.0,80.49
3097,60.0,75.09
2477,58.0,69.06
3076,108.0,73.86
1558,79.0,70.43
871,50.0,56.33
1035,53.0,61.82
1386,52.0,50.65
3795,66.0,66.41
1845,54.0,68.12
241,45.0,60.28
1058,55.0,60.03
3381,68.0,55.07
4080,80.0,66.89
3664,58.0,72.99
1574,63.0,64.1
1941,68.0,58.88
1705,52.0,63.68
635,69.0,61.64
82,54.0,61.89
277,64.0,69.99
317,69.0,72.0
2034,72.0,65.89
4046,65.0,69.3
3920,61.0,62.4
3403,78.0,75.29
3633,50.0,62.99
3905,54.0,60.61
1798,47.0,62.93
3528,69.0,68.39
2971,41.0,47.35
4006,41.0,55.9
1392,76.0,62.39
1541,98.0,86.46
882,81.0,76.16
2516,42.0,64.1
1413,96.0,67.85
3355,60.0,79.58
1336,63.0,78.32
3965,46.0,67.94
3615,84.0,71.75
2288,68.0,74.02
437,69.0,64.05
1966,47.0,62.47
3803,64.0,71.86
3796,56.0,72.15
3231,86.0,77.14
1741,52.0,65.9
770,77.0,65.67
164,63.0,71.08
1756,81.0,76.45
3368,51.0,78.06
2670,56.0,66.96
108,72.0,67.65
720,104.0,54.27
258,69.0,63.13
2268,89.0,84.71
2587,68.0,74.61
1097,96.0,92.81
1596,53.0,69.53
3884,81.0,78.86
2462,44.0,59.85
3546,57.0,45.82
2621,72.0,77.87
3438,53.0,65.41
2365,68.0,79.19
2371,81.0,66.41
1552,57.0,57.25
354,53.0,64.11
3412,60.0,63.21
1415,71.0,78.74
2146,86.0,68.48
1175,97.0,63.2
1174,79.0,71.26
2304,128.0,79.03
1063,54.0,62.54
2074,43.0,61.09
2947,85.0,77.74
1704,55.0,60.97
3020,39.0,51.07
3856,63.0,65.57
2373,55.0,59.93
1120,113.0,84.66
2073,64.0,64.22
1584,49.0,56.44
1154,169.0,96.64
2134,71.0,65.78
587,93.0,91.93
1256,73.0,65.77
3902,70.0,64.19
1592,70.0,58.91
1141,81.0,78.96
3668,40.0,50.92
2463,100.0,78.24
1495,68.0,80.56
2835,67.0,54.09
1672,40.0,59.97
2149,94.0,74.69
4108,54.0,61.51
1250,87.0,86.74
2924,71.0,62.47
4009,77.0,68.09
2603,47.0,54.11
942,90.0,76.54
1487,114.0,79.42
3940,70.0,63.64
2861,65.0,66.77
1573,64.0,58.28
1375,67.0,60.91
2870,70.0,58.56
1585,64.0,58.72
368,61.0,77.78
1917,42.0,51.82
2721,63.0,78.39
3717,62.0,82.49
4068,66.0,70.31
3406,57.0,74.85
1265,83.0,68.78
1360,49.0,73.03
3994,77.0,61.43
1948,54.0,64.27
2907,42.0,49.46
194,99.0,82.21
3396,53.0,61.13
805,55.0,67.4
828,64.0,71.62
2100,85.0,49.84
3585,56.0,69.45
2114,50.0,51.78
2958,58.0,58.04
1000,58.0,73.76
2258,43.0,66.21
2395,76.0,68.05
189,55.0,62.22
1533,71.0,82.37
3180,89.0,74.17
353,75.0,60.1
3330,70.0,82.15
456,72.0,61.25
1829,60.0,59.99
2049,56.0,70.35
3247,86.0,75.69
4079,37.0,68.03
506,61.0,81.31
2630,54.0,60.8
3480,60.0,62.13
2294,96.0,70.37
1087,85.0,72.65
1595,83.0,66.11
3883,83.0,68.43
1984,56.0,60.77
1836,60.0,55.61
346,75.0,65.41
1296,49.0,53.76
495,62.0,75.93
595,81.0,74.8
1989,39.0,56.99
2025,66.0,57.12
3845,90.0,81.72
1236,81.0,62.06
2159,65.0,67.0
2915,79.0,68.43
63,80.0,109.61
2430,81.0,81.84
3878,72.0,84.27
2893,48.0,61.03
274,89.0,59.63
2803,69.0,64.86
4119,79.0,65.88
1837,59.0,57.67
787,57.0,81.71
1693,117.0,90.12
1052,60.0,61.83
1017,64.0,57.49
2671,93.0,86.42
2869,87.0,68.81
240,53.0,68.54
4082,55.0,64.36
1289,73.0,76.21
850,76.0,70.93
91,48.0,66.98
1012,71.0,66.93
2923,72.0,62.02
3040,52.0,55.79
2747,46.0,55.7
4111,50.0,55.41
1880,69.0,75.27
3440,60.0,78.56
463,181.0,80.58
4102,60.0,66.63
4091,63.0,62.83
2834,60.0,61.72
1621,60.0,57.77
1955,62.0,60.99
3572,114.0,82.56
2473,40.0,78.47
2754,39.0,70.25
3402,27.0,58.07
1079,72.0,73.3
3637,82.0,77.48
304,73.0,70.83
752,55.0,79.52
295,64.0,66.0
2519,27.0,50.72
658,68.0,74.94
2129,73.0,73.76
4015,67.0,68.12
1643,81.0,60.23
1639,67.0,79.68
2028,65.0,68.21
3681,72.0,70.29
449,77.0,91.69
3109,60.0,58.48
2363,71.0,61.56
535,89.0,73.99
1181,67.0,75.32
3838,76.0,69.16
3667,41.0,71.31
2613,57.0,68.0
528,57.0,67.07
1129,82.0,79.99
3268,71.0,71.53
580,68.0,66.99
591,73.0,86.6
1166,63.0,67.82
638,118.0,93.21
469,100.0,64.85
1821,58.0,64.35
236,72.0,75.81
3023,59.0,60.4
2909,64.0,70.6
777,61.0,48.68
3451,52.0,72.45
3678,60.0,65.76
3951,81.0,66.11
1476,61.0,82.88
1409,96.0,54.63
3509,99.0,78.31
1164,54.0,60.86
1887,52.0,49.76
2945,41.0,62.73
1702,56.0,59.52
3453,49.0,60.26
3729,55.0,55.5
1054,45.0,56.85
2056,48.0,64.48
