,y_test,prediction
15327,1.81,2.105529416761042
19200,2.11,2.105529416761042
15375,1.58,2.105529416761042
5879,2.63,2.105529416761042
11354,0.77,2.105529416761042
11901,0.73,2.105529416761042
18147,2.8,2.105529416761042
22515,2.05,2.105529416761042
21702,1.55,2.105529416761042
15940,2.02,2.2493721441265264
14187,1.6,2.105529416761042
5747,1.57,2.105529416761042
21040,0.94,2.105529416761042
7668,1.84,2.105529416761042
5086,0.8,2.105529416761042
8616,3.19,2.105529416761042
14998,0.79,2.105529416761042
4738,3.38,2.105529416761042
19612,2.01,2.05993950512698
18406,0.99,2.105529416761042
6656,1.27,2.105529416761042
16712,0.61,2.105529416761042
17972,1.21,2.105529416761042
17711,1.51,2.105529416761042
16417,0.11,2.105529416761042
16779,0.84,2.105529416761042
12515,1.65,2.105529416761042
20576,1.5,2.105529416761042
19763,2.4,2.105529416761042
2013,1.25,2.105529416761042
12201,1.93,2.105529416761042
14142,0.02,2.105529416761042
7968,1.36,2.105529416761042
22792,2.01,2.105529416761042
15828,0.89,2.105529416761042
6354,1.58,2.105529416761042
4367,2.46,2.105529416761042
4317,2.57,2.105529416761042
557,2.18,2.105529416761042
2201,1.38,2.105529416761042
13005,38.11,2.105529416761042
18120,2.12,2.105529416761042
14684,1.03,2.105529416761042
8498,1.28,2.105529416761042
21899,2.45,1.934142494018869
15798,1.34,2.105529416761042
2573,0.52,2.105529416761042
3384,2.21,2.105529416761042
13689,1.05,2.105529416761042
5503,2.11,2.105529416761042
6328,2.18,2.105529416761042
6628,0.92,2.105529416761042
2811,7.44,2.105529416761042
8802,2.38,1.905303209670369
23447,1.92,2.105529416761042
23375,0.3,2.105529416761042
5241,1.04,2.105529416761042
1489,2.67,2.105529416761042
6236,0.94,2.105529416761042
13320,1.18,2.105529416761042
23707,1.61,2.105529416761042
23118,1.79,2.105529416761042
4346,1.86,1.7659304120456785
11721,1.47,2.105529416761042
14207,1.11,2.105529416761042
10875,2.29,2.105529416761042
19867,2.54,1.8320332855936647
3886,0.91,2.105529416761042
21771,1.74,2.105529416761042
3262,2.25,2.105529416761042
9527,0.68,2.105529416761042
21632,2.99,2.105529416761042
338,0.69,2.105529416761042
11034,2.94,2.105529416761042
17455,0.23,2.105529416761042
15852,1.87,2.105529416761042
20587,1.14,2.105529416761042
23639,1.96,2.105529416761042
22538,1.45,2.105529416761042
16636,2.29,2.105529416761042
23293,1.47,2.105529416761042
22007,0.68,2.105529416761042
10549,3.26,2.105529416761042
8060,1.38,2.105529416761042
20866,2.08,2.426357298468878
13814,3.04,2.105529416761042
12470,2.28,2.105529416761042
18609,1.28,2.105529416761042
7771,1.39,2.105529416761042
9239,2.1,2.105529416761042
6069,1.35,2.105529416761042
18468,1.98,2.105529416761042
6023,1.15,2.105529416761042
12633,1.27,2.105529416761042
14618,1.35,2.105529416761042
5744,1.19,2.062332138601323
7529,2.2,2.105529416761042
22264,2.74,2.012505367830851
4872,2.21,2.105529416761042
10804,0.03,2.105529416761042
2572,0.42,2.105529416761042
4580,0.91,2.105529416761042
16943,2.1,2.105529416761042
10534,1.03,2.105529416761042
10941,0.52,2.105529416761042
8269,1.64,2.105529416761042
16131,0.02,2.105529416761042
5796,2.64,2.105529416761042
446,2.31,2.105529416761042
13113,0.43,2.105529416761042
4266,2.16,2.105529416761042
13677,1.71,2.105529416761042
14856,1.36,2.105529416761042
8502,1.79,2.105529416761042
9553,1.31,2.219571709470059
22404,2.21,2.105529416761042
19312,2.57,2.105529416761042
5781,1.82,2.105529416761042
22918,1.61,2.105529416761042
1515,1.84,2.105529416761042
10617,1.15,2.105529416761042
7309,1.13,2.105529416761042
8052,1.81,2.105529416761042
13016,2.23,2.105529416761042
19966,3.98,2.105529416761042
11699,2.03,2.105529416761042
15833,2.87,2.105529416761042
1546,0.95,2.105529416761042
6509,0.42,2.105529416761042
17643,0.23,2.105529416761042
17347,0.94,2.105529416761042
1656,2.53,2.105529416761042
10984,1.36,2.105529416761042
16871,1.92,2.105529416761042
2490,1.38,2.105529416761042
1917,2.1,2.105529416761042
2414,1.35,2.105529416761042
8070,0.75,2.105529416761042
14175,0.74,2.404802438339688
7687,2.5,2.105529416761042
5807,1.52,2.105529416761042
5128,0.37,2.105529416761042
16178,2.18,2.105529416761042
189,0.57,2.105529416761042
14009,1.16,2.105529416761042
15307,1.1,2.105529416761042
20586,1.58,2.105529416761042
20247,1.75,2.105529416761042
19955,1.53,2.1287613510008825
23371,0.86,2.105529416761042
21854,1.7,2.105529416761042
737,0.98,2.105529416761042
12958,9.12,2.105529416761042
12713,1.65,2.105529416761042
2951,1.71,2.105529416761042
9268,3.42,2.105529416761042
4420,0.79,2.105529416761042
12017,1.49,2.105529416761042
20538,1.55,1.6377194930538423
20605,3.1,2.105529416761042
18466,3.3,2.105529416761042
21042,0.82,2.105529416761042
8590,1.35,2.105529416761042
12930,2.63,2.105529416761042
1506,2.92,2.105529416761042
18931,3.33,2.105529416761042
16879,2.03,2.105529416761042
9121,2.45,2.105529416761042
1381,2.0,2.105529416761042
15224,1.16,2.105529416761042
589,3.44,2.105529416761042
22727,1.61,2.105529416761042
7637,2.57,2.105529416761042
23760,2.09,2.105529416761042
8523,1.48,2.105529416761042
12456,0.43,2.105529416761042
19219,0.72,2.105529416761042
11171,1.01,2.105529416761042
18030,0.93,2.105529416761042
11106,1.29,2.105529416761042
20703,1.44,2.105529416761042
818,5.06,2.105529416761042
11636,6.48,2.105529416761042
23781,1.93,2.105529416761042
13465,1.14,2.105529416761042
6319,2.21,2.105529416761042
18207,2.03,2.105529416761042
13548,5.55,2.105529416761042
20097,0.53,2.105529416761042
1684,1.59,2.105529416761042
4263,0.73,2.105529416761042
7081,0.55,2.105529416761042
6253,1.98,2.105529416761042
20371,2.23,2.105529416761042
4889,2.47,2.105529416761042
19039,3.46,2.105529416761042
805,14.81,2.105529416761042
3977,2.3,2.105529416761042
1659,2.3,2.105529416761042
23122,1.65,2.105529416761042
3582,1.31,2.105529416761042
16023,0.56,2.105529416761042
1835,1.18,2.142963407593985
20823,0.56,2.105529416761042
18394,2.39,1.7742550030944244
20702,1.26,2.105529416761042
11466,1.32,2.105529416761042
21846,1.84,2.105529416761042
22982,0.91,2.105529416761042
7848,2.99,2.105529416761042
18644,1.95,2.105529416761042
6583,2.42,2.105529416761042
11330,1.65,2.105529416761042
20426,1.84,2.105529416761042
11814,1.13,2.105529416761042
9646,0.55,2.105529416761042
5323,1.99,2.105529416761042
22495,1.13,2.105529416761042
17678,1.69,2.105529416761042
11351,0.52,2.105529416761042
316,1.69,2.105529416761042
787,1.94,2.653480733578944
6591,5.38,2.105529416761042
16684,0.74,2.105529416761042
20354,3.54,2.105529416761042
3933,1.44,2.105529416761042
7297,1.28,2.035603580829558
4536,0.98,2.105529416761042
17773,1.19,2.105529416761042
7567,14.71,2.105529416761042
17649,0.12,2.105529416761042
1681,2.17,2.105529416761042
13265,0.89,2.105529416761042
17057,0.98,2.105529416761042
19455,0.79,2.105529416761042
20473,1.04,2.105529416761042
21099,1.21,2.105529416761042
23113,1.27,2.105529416761042
17821,2.06,2.105529416761042
23020,2.32,2.105529416761042
14529,1.56,2.105529416761042
6395,3.11,2.105529416761042
18776,1.45,2.105529416761042
5957,1.94,2.105529416761042
280,0.75,2.105529416761042
5460,1.78,2.105529416761042
12189,1.44,2.105529416761042
11138,0.92,2.105529416761042
8754,2.41,2.105529416761042
20741,0.44,2.105529416761042
8044,2.88,2.105529416761042
9344,0.71,2.105529416761042
7338,1.51,2.105529416761042
18536,0.49,2.105529416761042
1591,2.13,2.105529416761042
10975,1.31,2.105529416761042
6010,0.82,2.105529416761042
17829,2.36,2.105529416761042
18169,2.08,2.105529416761042
20070,2.26,2.156160246364146
4268,2.64,2.105529416761042
12900,1.46,2.105529416761042
7730,1.66,2.105529416761042
23878,0.87,2.105529416761042
4151,2.9,2.105529416761042
7520,0.98,2.105529416761042
9153,3.2,2.105529416761042
3395,1.28,2.105529416761042
22879,3.14,2.105529416761042
12706,0.33,2.105529416761042
15747,1.74,2.105529416761042
17263,1.22,2.105529416761042
11337,1.43,2.105529416761042
216,2.43,2.105529416761042
22952,1.27,2.105529416761042
2916,1.88,2.105529416761042
16329,0.9,2.105529416761042
4539,1.28,2.105529416761042
19492,3.27,2.105529416761042
15625,1.36,2.105529416761042
18104,1.11,2.105529416761042
85,0.96,2.105529416761042
7391,2.34,2.105529416761042
11563,0.18,2.105529416761042
5785,1.22,2.105529416761042
19993,0.61,2.105529416761042
2945,1.58,2.105529416761042
14512,1.74,2.105529416761042
23800,1.32,2.105529416761042
15222,0.73,2.105529416761042
21957,1.58,2.105529416761042
4048,1.55,2.105529416761042
22182,2.54,2.105529416761042
11792,0.95,2.105529416761042
4330,1.13,2.105529416761042
15602,1.28,1.942969693979086
851,0.42,2.105529416761042
5170,1.62,2.105529416761042
19980,5.13,2.105529416761042
23166,1.87,2.105529416761042
18751,0.45,2.105529416761042
11100,0.58,2.105529416761042
23689,1.81,2.105529416761042
17222,0.43,2.105529416761042
15622,1.36,2.105529416761042
8515,4.29,2.105529416761042
22641,1.87,2.105529416761042
20961,0.78,2.105529416761042
3563,1.2,2.105529416761042
22875,2.21,2.105529416761042
15276,2.48,2.105529416761042
10377,2.8,2.105529416761042
15637,1.7,1.7357483566893626
3275,1.59,2.105529416761042
5275,3.16,2.105529416761042
23249,1.79,2.105529416761042
3901,2.95,2.105529416761042
10206,3.02,2.105529416761042
4862,1.8,2.105529416761042
11508,1.71,2.105529416761042
20523,0.45,2.105529416761042
2276,0.38,2.105529416761042
22934,1.94,2.105529416761042
135,2.43,2.105529416761042
1697,2.88,2.105529416761042
17431,2.28,2.2958891986296623
13818,3.01,2.105529416761042
20245,1.22,2.105529416761042
14882,8.23,2.105529416761042
15807,1.48,2.105529416761042
19193,0.71,2.105529416761042
11416,0.79,2.105529416761042
20093,0.56,2.105529416761042
13864,0.73,2.105529416761042
18577,0.97,2.105529416761042
70,1.51,2.3311657224174667
320,1.77,2.105529416761042
6433,1.35,2.105529416761042
6346,1.27,2.105529416761042
19694,0.38,2.105529416761042
13225,3.84,2.105529416761042
13286,0.48,2.105529416761042
3629,3.78,2.105529416761042
16885,3.02,2.105529416761042
14125,0.01,2.105529416761042
2980,0.58,2.105529416761042
1122,2.46,2.105529416761042
3707,2.3,2.105529416761042
21614,1.22,2.105529416761042
4379,1.75,2.105529416761042
8924,3.33,2.105529416761042
9347,2.56,2.105529416761042
21738,1.17,2.105529416761042
19191,0.57,2.105529416761042
23599,1.1,2.105529416761042
19805,2.06,2.2921904745398267
1924,2.81,2.0065388256889447
281,0.56,2.105529416761042
12744,1.22,2.105529416761042
8558,1.14,2.105529416761042
23548,1.56,2.105529416761042
1948,1.84,2.105529416761042
11755,2.23,2.105529416761042
13349,1.21,2.105529416761042
8718,1.37,2.105529416761042
9513,0.78,2.105529416761042
10384,35.73,2.105529416761042
14931,1.28,2.074477019080137
2075,1.77,2.105529416761042
21221,1.36,2.105529416761042
11368,2.19,2.105529416761042
10955,1.42,2.105529416761042
23729,2.32,2.105529416761042
16759,1.12,2.105529416761042
16941,3.11,2.105529416761042
309,0.66,2.105529416761042
23456,1.3,2.105529416761042
11974,1.67,2.105529416761042
4281,0.39,2.105529416761042
3285,0.99,2.105529416761042
13873,1.35,2.105529416761042
16450,3.28,2.105529416761042
12903,2.03,2.105529416761042
154,6.89,2.105529416761042
6122,1.45,2.0452566911603984
2469,0.94,2.105529416761042
8315,1.9,2.105529416761042
6120,2.82,2.105529416761042
16129,0.03,2.105529416761042
3441,1.05,2.105529416761042
9337,0.74,2.105529416761042
17167,3.57,2.105529416761042
2773,0.63,2.105529416761042
7861,0.81,2.105529416761042
17971,1.21,2.105529416761042
17887,1.57,2.105529416761042
14296,2.33,2.105529416761042
22642,1.52,2.105529416761042
8927,2.5,2.105529416761042
23075,2.21,2.105529416761042
14056,2.01,2.182205156386292
11190,1.32,2.105529416761042
11684,0.92,2.105529416761042
7712,2.83,2.105529416761042
19396,2.22,2.105529416761042
7333,0.9,2.105529416761042
22107,1.62,2.105529416761042
20594,1.25,2.105529416761042
910,2.09,2.105529416761042
23648,1.72,2.105529416761042
10453,1.56,2.105529416761042
12001,1.19,2.105529416761042
14293,1.6,2.105529416761042
4819,1.91,2.105529416761042
6874,0.69,2.105529416761042
22542,1.45,2.105529416761042
1166,0.87,2.105529416761042
21109,2.03,2.105529416761042
12623,3.11,2.105529416761042
15887,2.06,2.105529416761042
7314,1.46,2.105529416761042
20184,1.93,2.105529416761042
103,1.39,2.105529416761042
23746,0.69,2.105529416761042
9601,2.48,2.105529416761042
2047,2.95,2.5344102559303963
6093,2.58,2.105529416761042
4141,1.01,2.028472633564553
5201,1.31,2.105529416761042
22518,1.86,2.105529416761042
9847,2.21,2.105529416761042
10152,2.77,2.105529416761042
8253,0.76,2.105529416761042
3570,2.28,2.105529416761042
13868,0.59,2.105529416761042
9853,1.82,2.105529416761042
9341,0.87,2.105529416761042
22310,2.69,2.105529416761042
22418,2.45,2.105529416761042
11125,1.44,2.105529416761042
6543,1.12,2.105529416761042
16382,1.39,2.105529416761042
13599,2.73,2.105529416761042
4455,2.13,2.105529416761042
18801,1.72,2.105529416761042
9506,1.04,2.105529416761042
8537,0.27,2.105529416761042
13115,0.17,2.105529416761042
18803,1.73,2.105529416761042
6159,1.09,2.105529416761042
1794,1.41,2.105529416761042
8252,1.37,2.105529416761042
13808,1.63,2.105529416761042
23823,1.92,2.105529416761042
15535,1.7,2.105529416761042
19003,2.81,2.105529416761042
16116,2.56,2.105529416761042
9378,1.27,2.105529416761042
15405,1.64,2.002616149503206
21481,1.62,2.105529416761042
10246,1.47,2.105529416761042
23232,1.81,2.105529416761042
23530,2.34,2.105529416761042
7002,2.72,2.105529416761042
1773,1.53,2.105529416761042
1313,3.16,2.105529416761042
22750,2.38,2.105529416761042
5479,1.74,1.928691293817945
22389,2.83,2.105529416761042
681,2.16,2.105529416761042
10555,1.76,2.1831663066942597
526,2.11,2.105529416761042
14453,1.47,2.105529416761042
22618,2.3,2.105529416761042
7423,2.61,2.105529416761042
10463,1.85,2.105529416761042
12592,1.4,2.105529416761042
8010,0.94,1.9789298655165093
5219,1.37,2.105529416761042
6827,1.61,2.105529416761042
3993,1.54,2.059270321792702
5915,2.29,2.105529416761042
23945,1.54,2.105529416761042
15881,1.86,1.5774902578395635
18719,2.32,2.105529416761042
21150,0.31,2.105529416761042
6359,1.34,2.105529416761042
20957,0.68,2.105529416761042
12009,1.15,2.105529416761042
9206,1.09,2.105529416761042
8410,1.37,2.105529416761042
15390,0.98,2.105529416761042
19990,0.33,2.105529416761042
4336,0.92,1.7843995080034354
16681,1.14,2.105529416761042
10867,2.16,2.105529416761042
23079,0.99,2.105529416761042
17025,0.76,2.105529416761042
2188,3.22,2.105529416761042
1334,1.68,2.1140010392090427
21963,1.44,2.105529416761042
15874,2.04,2.105529416761042
5770,4.37,2.001845520980858
7673,1.55,2.105529416761042
23481,1.68,2.105529416761042
21994,1.14,2.105529416761042
6888,3.07,2.105529416761042
2147,1.18,2.105529416761042
1434,1.54,2.105529416761042
2886,1.31,2.105529416761042
11864,1.09,2.105529416761042
22603,3.0,2.105529416761042
20885,2.74,2.105529416761042
18789,1.3,2.105529416761042
7680,0.7,2.105529416761042
19008,1.79,2.105529416761042
7818,0.56,2.105529416761042
3678,0.98,2.105529416761042
6939,2.12,2.105529416761042
18100,1.54,2.105529416761042
1915,1.44,2.105529416761042
6869,1.4,2.105529416761042
22397,1.75,2.105529416761042
5054,2.58,2.105529416761042
16775,0.94,2.105529416761042
7115,3.07,2.105529416761042
1956,0.94,2.105529416761042
1757,0.96,2.105529416761042
7023,1.41,2.105529416761042
16014,1.28,2.105529416761042
1125,1.43,2.105529416761042
20091,0.48,2.105529416761042
10931,0.77,2.105529416761042
10386,22.38,2.105529416761042
23629,1.85,2.105529416761042
13352,2.06,2.105529416761042
23125,2.16,2.105529416761042
23971,1.62,2.105529416761042
1130,2.31,2.105529416761042
12880,1.29,2.105529416761042
12814,2.5,2.105529416761042
18755,1.71,2.105529416761042
7302,1.35,2.105529416761042
5713,2.04,2.105529416761042
15965,0.77,2.105529416761042
12181,1.56,2.105529416761042
2078,1.45,2.105529416761042
17656,2.09,2.105529416761042
23630,3.03,2.105529416761042
301,0.73,2.105529416761042
6513,2.77,2.105529416761042
12307,0.53,2.105529416761042
19811,1.36,2.105529416761042
9099,2.54,2.105529416761042
2620,1.69,2.105529416761042
15556,2.47,2.105529416761042
675,1.82,2.105529416761042
16688,1.28,2.105529416761042
9168,2.27,1.6418773356687848
16443,1.28,2.105529416761042
265,2.02,2.105529416761042
22753,1.07,2.105529416761042
22494,1.64,2.105529416761042
5187,2.42,2.105529416761042
5593,1.74,2.105529416761042
12997,3.26,2.105529416761042
16222,1.96,1.852919903956177
8637,1.99,2.105529416761042
9130,1.74,2.105529416761042
13604,2.13,2.105529416761042
22247,1.08,2.105529416761042
6473,2.88,2.105529416761042
2105,0.62,2.105529416761042
6143,1.12,2.105529416761042
22352,2.94,1.9068885342300401
16752,2.21,2.105529416761042
16333,1.22,2.105529416761042
22801,1.49,2.105529416761042
23487,0.99,2.105529416761042
17588,1.28,2.105529416761042
18773,1.63,2.105529416761042
21019,0.54,2.105529416761042
13581,1.67,2.105529416761042
22706,1.71,2.105529416761042
7018,1.84,2.105529416761042
21274,1.82,2.105529416761042
712,1.5,2.105529416761042
15502,1.49,2.105529416761042
10021,0.81,2.105529416761042
11918,0.43,2.105529416761042
23056,1.3,2.105529416761042
22904,0.63,2.105529416761042
23094,1.58,2.105529416761042
3552,0.89,2.0889592511850186
3882,2.96,2.105529416761042
8173,2.7,2.105529416761042
20759,3.71,2.105529416761042
11614,3.83,2.105529416761042
11079,0.95,2.105529416761042
23563,1.36,2.105529416761042
23678,1.63,2.105529416761042
6944,1.32,2.105529416761042
7915,0.33,2.105529416761042
20618,1.22,2.0214000055402446
17223,0.5,2.105529416761042
16397,1.54,1.9138836644290909
17012,1.46,2.105529416761042
13469,2.63,2.105529416761042
7690,3.18,2.105529416761042
16055,1.37,1.8864731902935359
1408,1.38,2.105529416761042
14565,1.44,2.105529416761042
12162,2.56,2.105529416761042
166,0.66,2.105529416761042
13126,4.63,2.105529416761042
19126,2.09,2.3158687942752625
10772,2.74,2.105529416761042
15476,1.68,2.105529416761042
14603,0.71,2.105529416761042
6135,0.39,2.105529416761042
19700,0.96,2.105529416761042
2397,1.32,2.105529416761042
2500,0.42,2.105529416761042
7817,1.02,2.105529416761042
23229,1.66,2.105529416761042
9930,2.9,2.105529416761042
3693,2.83,2.105529416761042
2554,4.27,2.105529416761042
19549,2.91,2.105529416761042
5046,0.84,2.105529416761042
22484,2.46,2.105529416761042
12784,2.52,2.105529416761042
22273,1.56,2.105529416761042
23171,2.05,2.105529416761042
3035,0.1,2.105529416761042
10029,0.91,2.105529416761042
23485,2.26,2.105529416761042
1962,0.84,2.105529416761042
2634,0.36,2.105529416761042
22932,1.87,2.105529416761042
12138,4.84,2.105529416761042
1054,1.6,2.105529416761042
16599,0.84,2.105529416761042
19991,0.39,2.105529416761042
23890,1.81,2.105529416761042
17620,1.24,2.105529416761042
19375,1.67,2.105529416761042
16744,79.97,2.105529416761042
10427,1.77,2.105529416761042
3918,1.66,2.105529416761042
11072,1.2,2.105529416761042
21487,1.77,2.105529416761042
23612,2.1,2.105529416761042
16827,0.94,2.105529416761042
20608,1.73,2.105529416761042
14090,2.31,2.105529416761042
20279,2.0,2.105529416761042
4134,0.11,2.105529416761042
20725,0.94,2.105529416761042
4633,1.71,2.105529416761042
2430,1.33,2.4769100531181145
4444,0.25,2.105529416761042
1219,1.95,2.105529416761042
8474,0.95,2.105529416761042
13031,0.27,2.105529416761042
22665,0.56,2.105529416761042
21063,1.44,2.105529416761042
15357,1.66,2.105529416761042
17156,1.76,2.105529416761042
299,0.92,2.105529416761042
1646,3.08,2.105529416761042
5980,1.58,2.105529416761042
12381,1.66,2.105529416761042
5212,1.49,2.105529416761042
6169,1.01,2.105529416761042
20925,1.42,2.105529416761042
18807,1.67,2.105529416761042
20411,0.88,2.105529416761042
531,0.65,2.105529416761042
1236,0.98,2.105529416761042
12111,2.28,2.105529416761042
4836,2.06,2.105529416761042
11904,2.26,2.105529416761042
14166,1.71,2.105529416761042
9770,2.32,1.6633307506099047
9820,0.4,2.105529416761042
14766,31.73,2.105529416761042
20736,0.55,2.105529416761042
12222,0.52,2.105529416761042
19926,3.22,2.105529416761042
9366,2.07,2.105529416761042
7936,3.16,2.105529416761042
11234,1.58,2.105529416761042
8247,1.65,2.105529416761042
23535,0.78,2.105529416761042
12584,1.36,2.105529416761042
17999,2.93,2.105529416761042
3429,2.24,2.105529416761042
9806,2.42,2.105529416761042
18362,2.85,2.105529416761042
13610,1.43,2.105529416761042
4644,1.33,2.105529416761042
20543,4.12,2.105529416761042
18133,1.66,2.105529416761042
554,1.97,2.105529416761042
5043,2.78,2.197893765304426
20522,0.24,2.105529416761042
10692,1.75,2.105529416761042
16492,2.0,1.68690668358967
17987,1.54,2.105529416761042
18823,0.88,2.105529416761042
22250,1.15,2.105529416761042
12014,1.05,2.105529416761042
11639,5.4,2.105529416761042
9900,1.36,2.105529416761042
23978,2.15,2.105529416761042
17749,0.06,2.105529416761042
9334,0.84,2.105529416761042
2557,3.33,2.105529416761042
9857,1.12,2.105529416761042
12407,2.53,2.105529416761042
11562,0.83,2.105529416761042
14692,1.06,2.105529416761042
21169,1.35,2.105529416761042
13102,1.85,2.105529416761042
19072,0.91,2.105529416761042
23506,1.14,2.105529416761042
2766,2.96,2.105529416761042
9330,0.94,2.105529416761042
1303,1.01,2.105529416761042
19016,1.05,2.105529416761042
20828,0.41,2.105529416761042
1092,1.62,2.105529416761042
8516,2.77,2.105529416761042
17317,0.43,2.105529416761042
15669,0.81,2.105529416761042
3899,5.76,2.105529416761042
2654,1.55,2.105529416761042
7898,0.0,2.105529416761042
22864,2.76,2.105529416761042
19742,1.63,2.105529416761042
15631,1.99,2.105529416761042
19870,2.18,1.6325803799787701
15543,0.67,2.105529416761042
3727,1.64,2.105529416761042
3799,1.58,2.105529416761042
4211,1.28,2.105529416761042
22591,1.34,2.105529416761042
11305,3.39,2.105529416761042
5813,1.16,1.8721607826935016
8342,2.09,2.105529416761042
15685,2.66,2.105529416761042
11920,0.27,2.105529416761042
19339,1.95,2.105529416761042
10833,1.8,2.105529416761042
1123,2.04,2.105529416761042
853,0.19,2.105529416761042
19784,1.73,2.105529416761042
17454,0.36,2.105529416761042
5564,1.84,2.105529416761042
17406,2.08,2.105529416761042
793,2.49,2.105529416761042
15454,1.28,2.105529416761042
16939,1.56,2.105529416761042
22580,1.53,2.105529416761042
21997,1.97,2.105529416761042
17162,1.84,2.105529416761042
6532,0.49,2.105529416761042
306,0.68,2.105529416761042
21556,3.25,2.105529416761042
1116,2.72,2.105529416761042
14255,1.89,2.105529416761042
12303,1.34,2.105529416761042
4884,2.29,1.906107268503001
23966,1.53,2.105529416761042
4941,1.08,2.105529416761042
10266,1.63,2.340699940361505
19105,1.18,2.105529416761042
14438,1.4,2.105529416761042
7844,2.73,2.105529416761042
18549,2.54,2.1141560348595583
14708,1.35,2.105529416761042
10054,1.99,1.616365791914963
21656,1.11,2.105529416761042
22985,2.42,2.105529416761042
21915,0.3,2.105529416761042
9922,0.93,2.105529416761042
10209,1.32,2.105529416761042
15020,1.79,2.293017903606661
20739,0.71,2.105529416761042
13070,3.38,2.105529416761042
23428,1.15,2.105529416761042
18854,1.65,2.105529416761042
23980,1.86,2.105529416761042
9392,0.97,2.105529416761042
9523,1.17,2.105529416761042
919,1.36,2.105529416761042
13272,0.57,2.105529416761042
18088,1.45,2.105529416761042
14314,2.85,2.105529416761042
17075,2.61,2.105529416761042
8612,1.55,2.105529416761042
9417,2.13,2.105529416761042
13740,3.34,2.105529416761042
18998,3.4,2.105529416761042
61,1.26,2.105529416761042
23573,0.62,2.105529416761042
2812,6.74,2.105529416761042
20481,2.02,2.105529416761042
31,2.58,2.105529416761042
8971,6.83,2.105529416761042
4574,2.05,2.105529416761042
1157,2.03,2.160786690451666
21259,2.05,2.105529416761042
19956,2.77,2.053514421588577
12705,1.28,2.105529416761042
21526,0.73,2.105529416761042
8657,0.59,2.105529416761042
16689,2.61,2.105529416761042
17584,2.23,2.105529416761042
1178,2.02,2.105529416761042
18539,0.54,2.105529416761042
3491,2.26,2.105529416761042
16647,2.49,2.105529416761042
11813,1.36,2.105529416761042
6962,1.59,2.105529416761042
8188,0.79,2.105529416761042
23369,1.72,2.105529416761042
2194,2.71,2.105529416761042
14781,1.58,1.8252307730050537
9460,1.81,2.105529416761042
23846,2.82,2.105529416761042
4015,1.49,1.8211175750336959
3691,4.04,2.105529416761042
7576,1.43,2.105529416761042
10469,1.39,2.105529416761042
19413,1.19,2.759264718731172
4184,2.49,2.105529416761042
18959,1.49,2.105529416761042
23731,1.78,2.105529416761042
11133,0.95,2.105529416761042
22881,1.79,2.105529416761042
18639,2.5,2.0350888160171854
22526,0.59,2.105529416761042
7068,2.75,2.105529416761042
17906,1.83,2.105529416761042
663,2.85,2.105529416761042
15818,1.43,2.2805248327382817
17315,0.45,2.105529416761042
14156,2.92,2.105529416761042
11987,1.73,2.105529416761042
6779,0.06,2.105529416761042
14132,0.0,2.105529416761042
1498,1.84,2.105529416761042
10999,0.88,2.105529416761042
11240,2.12,2.105529416761042
18897,1.22,2.105529416761042
23173,2.43,2.105529416761042
22607,1.21,2.105529416761042
15338,1.68,2.105529416761042
7592,2.35,2.105529416761042
23870,1.5,2.105529416761042
17768,0.94,2.105529416761042
291,1.9,2.105529416761042
17589,1.07,2.105529416761042
22094,1.42,2.161768538040406
23432,1.15,2.105529416761042
1482,1.48,2.105529416761042
16377,2.95,2.105529416761042
13866,1.01,2.105529416761042
22333,2.05,2.105529416761042
8644,2.63,2.0070982351449014
16812,1.08,2.105529416761042
2129,0.91,2.105529416761042
21011,2.06,2.105529416761042
16856,4.42,2.105529416761042
20787,2.0,2.105529416761042
19337,1.73,2.105529416761042
14209,0.98,2.105529416761042
22911,2.06,2.105529416761042
20694,2.44,2.105529416761042
16528,2.25,2.105529416761042
612,0.57,2.105529416761042
23184,0.92,2.105529416761042
9081,2.81,1.813955293283228
10291,0.78,2.105529416761042
19330,1.34,2.105529416761042
13205,0.52,2.105529416761042
22318,2.31,2.105529416761042
23035,0.73,2.105529416761042
10414,2.59,2.0765108249602235
19518,2.43,2.105529416761042
7572,2.11,2.105529416761042
1720,0.43,2.105529416761042
10614,1.15,1.8903858064031933
15768,0.14,2.105529416761042
13056,2.67,2.105529416761042
18251,1.15,2.0371682081084566
13815,1.71,2.105529416761042
3734,1.14,2.105529416761042
11634,7.45,2.105529416761042
11643,5.14,2.105529416761042
6905,1.24,2.105529416761042
5073,0.61,2.105529416761042
17659,1.65,1.9496968045672594
845,1.07,2.105529416761042
14663,0.76,2.105529416761042
7091,1.77,2.105529416761042
23041,1.99,2.105529416761042
15282,1.3,2.105529416761042
21267,1.55,1.919762648669658
6810,0.05,2.105529416761042
778,1.12,2.105529416761042
11121,0.76,2.105529416761042
23607,1.2,2.105529416761042
15335,1.92,2.105529416761042
10718,1.03,2.105529416761042
6943,1.22,1.9348249875112684
22973,0.3,2.105529416761042
13667,0.94,2.105529416761042
337,0.69,2.105529416761042
22840,1.41,2.105529416761042
16236,2.78,2.105529416761042
18060,2.02,2.105529416761042
23337,3.09,2.105529416761042
6832,1.18,2.105529416761042
18907,0.84,2.105529416761042
14528,1.12,2.105529416761042
12856,1.51,2.105529416761042
14183,1.6,2.105529416761042
5233,0.67,2.105529416761042
3942,1.81,2.105529416761042
14121,1.59,2.2812854011845487
8750,1.78,2.1784289344711985
11930,0.25,2.105529416761042
23385,1.38,2.105529416761042
7990,0.97,2.105529416761042
872,2.19,2.105529416761042
10397,4.89,2.105529416761042
22268,1.68,1.9439982820362305
6108,1.9,2.105529416761042
4907,1.25,2.105529416761042
744,0.26,2.105529416761042
23440,2.92,2.105529416761042
6017,1.38,2.105529416761042
233,1.81,2.821571250211902
8844,3.07,2.105529416761042
12253,2.74,2.105529416761042
11409,1.42,2.105529416761042
9803,2.12,2.105529416761042
3539,0.82,2.105529416761042
22221,2.44,2.105529416761042
7460,2.15,2.105529416761042
8695,1.9,2.105529416761042
19960,2.86,2.105529416761042
6789,0.04,2.105529416761042
21610,1.19,2.105529416761042
5861,0.52,2.105529416761042
11359,3.5,2.105529416761042
21024,0.23,2.105529416761042
21491,1.31,2.105529416761042
5827,1.82,2.105529416761042
5251,0.92,2.105529416761042
12094,2.5,2.105529416761042
5600,2.03,2.105529416761042
20677,1.67,2.105529416761042
9294,1.14,2.100836112052955
14458,3.07,2.105529416761042
6831,1.38,2.105529416761042
7046,2.08,2.105529416761042
1306,1.26,2.105529416761042
21180,1.58,2.105529416761042
1941,2.5,2.105529416761042
5050,2.23,2.105529416761042
5311,2.94,2.017232102849221
19540,0.96,2.105529416761042
2631,0.35,2.105529416761042
17741,0.4,2.105529416761042
1021,2.29,2.105529416761042
5284,1.74,2.105529416761042
6700,1.24,2.105529416761042
2655,1.74,2.105529416761042
8335,2.06,2.1391182292335045
6425,1.9,2.105529416761042
620,1.54,2.105529416761042
5344,1.15,2.105529416761042
579,2.04,2.105529416761042
12530,1.81,2.105529416761042
11629,1.1,2.105529416761042
5249,0.84,2.105529416761042
22695,2.88,2.105529416761042
13497,1.61,2.105529416761042
1789,1.19,2.105529416761042
18621,1.29,2.2385779989067895
21544,1.53,2.105529416761042
8930,0.88,1.7099152428622175
11015,2.79,2.105529416761042
13912,4.47,2.105529416761042
11027,1.76,2.105529416761042
16750,0.9,2.105529416761042
2590,1.45,2.105529416761042
22859,1.35,2.105529416761042
2386,2.12,2.105529416761042
13579,1.99,1.791003534555166
16773,2.53,2.105529416761042
23129,0.51,2.105529416761042
18589,0.89,2.105529416761042
3804,0.38,2.105529416761042
19860,2.06,2.105529416761042
19369,1.3,2.105529416761042
6453,1.96,2.105529416761042
21122,2.34,2.105529416761042
19475,3.98,2.105529416761042
556,1.61,2.105529416761042
19559,2.64,2.207984142622381
13166,1.69,2.105529416761042
5296,0.51,2.105529416761042
17564,2.03,2.105529416761042
1867,0.32,2.105529416761042
23617,1.21,2.105529416761042
735,1.25,2.105529416761042
11107,0.99,2.105529416761042
1118,2.62,2.105529416761042
12371,0.67,2.105529416761042
6596,1.1,2.105529416761042
21937,2.14,2.105529416761042
12753,1.15,2.105529416761042
1819,2.4,2.105529416761042
23413,2.52,2.105529416761042
11908,0.54,2.105529416761042
4008,0.64,2.105529416761042
11601,0.83,2.105529416761042
15988,2.36,2.105529416761042
23234,3.3,2.105529416761042
22085,1.43,2.105529416761042
23628,2.1,2.105529416761042
15819,0.71,2.105529416761042
8851,1.03,2.105529416761042
1223,2.45,2.105529416761042
14083,2.77,2.105529416761042
1165,2.01,2.105529416761042
16412,0.1,2.105529416761042
6251,1.14,2.105529416761042
19132,1.28,2.105529416761042
23010,2.34,2.105529416761042
9669,1.75,2.105529416761042
10827,2.18,1.6785708782076232
2586,1.9,2.105529416761042
9572,1.78,2.105529416761042
5552,2.39,2.105529416761042
23206,1.32,2.105529416761042
22704,1.86,2.105529416761042
12851,1.73,2.105529416761042
8501,1.5,2.105529416761042
894,2.45,2.105529416761042
22548,0.55,2.105529416761042
11254,0.04,2.105529416761042
20956,0.59,2.105529416761042
17115,0.7,2.105529416761042
22848,1.91,2.105529416761042
2120,1.47,2.105529416761042
178,0.33,2.105529416761042
16755,1.84,2.105529416761042
12461,0.33,2.105529416761042
20916,1.6,2.105529416761042
23365,1.86,2.105529416761042
11410,0.97,2.105529416761042
7093,0.66,2.105529416761042
6861,1.65,2.105529416761042
8912,1.58,2.105529416761042
12312,2.25,2.105529416761042
16032,1.92,2.105529416761042
1484,2.37,2.105529416761042
23261,1.32,2.105529416761042
2788,2.02,2.105529416761042
1438,1.33,2.105529416761042
14667,2.48,2.184328615992538
18575,2.05,2.105529416761042
1516,1.49,2.105529416761042
13675,1.39,2.105529416761042
1505,1.09,2.0392460815035176
6031,0.81,2.105529416761042
9237,1.91,2.105529416761042
12617,1.55,2.105529416761042
12264,1.67,2.105529416761042
6366,1.62,2.105529416761042
21565,1.95,2.105529416761042
8738,2.2,2.105529416761042
3744,2.95,2.105529416761042
2203,1.6,2.105529416761042
6847,1.21,2.105529416761042
718,1.69,2.105529416761042
7733,1.13,2.105529416761042
23974,2.61,2.105529416761042
20084,0.17,2.105529416761042
191,0.76,2.105529416761042
17811,2.39,2.105529416761042
13924,2.43,2.105529416761042
7880,0.01,2.105529416761042
13517,1.42,2.105529416761042
18634,2.71,2.395796872494753
21157,2.42,2.105529416761042
14714,0.77,2.105529416761042
6893,1.05,2.105529416761042
12044,0.44,2.105529416761042
7890,0.0,2.105529416761042
7120,3.24,2.105529416761042
19288,1.36,2.244312624701532
10299,5.82,2.105529416761042
22823,1.1,2.105529416761042
10011,1.51,2.560758711698523
13826,1.49,2.105529416761042
2489,0.8,2.105529416761042
19627,2.57,2.105529416761042
21266,1.54,2.105529416761042
20173,2.62,2.105529416761042
5870,1.78,2.22263352627868
1899,1.2,2.105529416761042
5062,1.96,2.105529416761042
2019,1.5,2.105529416761042
20145,1.29,2.105529416761042
7793,1.23,2.105529416761042
2272,0.58,2.105529416761042
4989,2.6,2.105529416761042
2548,0.89,2.105529416761042
9132,1.57,2.105529416761042
15177,2.52,2.105529416761042
1135,2.41,2.105529416761042
1016,2.29,2.105529416761042
15822,0.75,2.105529416761042
21993,0.96,2.105529416761042
5598,1.23,2.105529416761042
18264,1.81,2.105529416761042
14413,1.8,2.105529416761042
21648,2.74,1.9789271925630794
9125,3.24,2.105529416761042
3034,0.1,2.6234903542654666
16481,1.7,1.564809338138995
21102,0.25,2.105529416761042
19986,0.9,2.105529416761042
19594,1.93,2.105529416761042
10575,2.3,1.879122482582269
14130,0.01,2.105529416761042
1300,0.97,2.105529416761042
6871,1.55,2.105529416761042
9266,3.48,2.105529416761042
5692,1.41,2.242567535713095
5136,3.0,2.259418453929507
19848,3.72,2.105529416761042
23258,0.33,2.105529416761042
18195,0.4,2.105529416761042
6362,1.01,2.105529416761042
23300,1.4,2.105529416761042
7561,41.05,2.105529416761042
11008,2.51,2.105529416761042
21408,2.81,2.105529416761042
11789,1.56,2.105529416761042
6837,1.47,2.105529416761042
410,0.98,2.105529416761042
1705,0.79,2.105529416761042
5412,1.8,2.105529416761042
20838,3.14,2.105529416761042
6161,2.13,2.105529416761042
13591,0.7,2.105529416761042
16542,1.74,2.105529416761042
3320,0.81,2.105529416761042
4435,1.64,2.192978027196647
20007,3.7,2.2387250303060444
1520,1.59,2.56111696216417
14624,1.79,2.105529416761042
5109,0.89,2.105529416761042
23922,1.12,2.105529416761042
22822,1.03,2.105529416761042
21087,1.48,2.4752785652186486
4262,1.03,2.105529416761042
13131,2.2,2.105529416761042
8722,1.27,2.105529416761042
5588,1.61,2.105529416761042
19320,1.9,2.105529416761042
23210,0.21,2.105529416761042
10625,2.34,2.105529416761042
19686,1.33,2.105529416761042
972,1.08,2.105529416761042
22145,1.17,2.105529416761042
5192,2.25,2.105529416761042
22720,2.14,2.105529416761042
22061,0.83,2.105529416761042
21601,1.45,2.105529416761042
18158,2.46,2.105529416761042
3990,1.68,1.9087445513540184
22514,0.64,2.105529416761042
21918,0.39,2.105529416761042
6440,2.33,2.105529416761042
2049,3.5,2.105529416761042
212,2.38,2.105529416761042
10658,0.71,2.105529416761042
2718,2.07,2.105529416761042
12401,2.12,2.105529416761042
23654,2.53,2.105529416761042
15573,1.89,2.105529416761042
14264,1.25,2.02539011947516
17992,2.3,2.105529416761042
7959,2.88,2.105529416761042
4290,1.59,2.327624089802967
11948,0.89,2.105529416761042
22732,1.75,2.105529416761042
23393,1.89,2.105529416761042
5742,1.33,2.105529416761042
18537,0.36,2.105529416761042
14405,2.62,2.105529416761042
1462,1.97,2.105529416761042
17312,0.4,2.105529416761042
1986,2.39,2.105529416761042
5798,2.58,2.105529416761042
7089,1.22,2.105529416761042
22582,1.71,2.105529416761042
11128,1.53,2.276592096476462
13112,0.14,2.105529416761042
9404,0.46,2.105529416761042
17745,0.1,2.105529416761042
5162,1.74,2.105529416761042
22608,1.82,2.105529416761042
16283,2.44,2.105529416761042
19767,1.66,2.105529416761042
601,0.52,2.105529416761042
12114,1.9,2.105529416761042
2749,0.24,2.105529416761042
5734,1.4,2.105529416761042
22174,2.82,2.105529416761042
13512,1.55,2.105529416761042
22184,1.92,2.105529416761042
6558,0.74,2.105529416761042
6786,0.06,2.105529416761042
15343,2.77,2.105529416761042
17956,0.96,2.105529416761042
1905,1.05,2.105529416761042
19231,1.93,2.105529416761042
2497,1.54,2.105529416761042
21485,0.79,1.9502790071288085
11932,1.27,2.105529416761042
20166,2.51,2.105529416761042
20994,1.64,2.105529416761042
7897,0.0,2.105529416761042
23107,1.41,2.105529416761042
3199,1.99,2.105529416761042
10170,1.88,2.105529416761042
21119,0.95,2.105529416761042
12490,1.6,2.105529416761042
5815,0.67,2.0609680931841248
19466,1.56,2.105529416761042
23952,0.32,2.105529416761042
20175,1.63,2.105529416761042
19307,4.21,2.105529416761042
3273,1.89,2.105529416761042
23956,2.18,2.105529416761042
22836,0.41,2.105529416761042
67,1.8,2.105529416761042
22536,0.99,2.105529416761042
1108,1.31,2.105529416761042
20924,2.52,2.105529416761042
17633,2.14,2.105529416761042
4201,4.26,2.105529416761042
6946,1.28,2.105529416761042
20436,1.68,2.105529416761042
9384,0.65,2.105529416761042
21289,1.2,2.105529416761042
4415,1.81,2.105529416761042
4681,0.66,2.105529416761042
5838,1.65,2.105529416761042
6334,1.38,2.105529416761042
19304,3.72,2.105529416761042
20728,1.09,2.105529416761042
21428,0.42,2.105529416761042
6480,2.98,2.105529416761042
14022,1.2,1.7894617003818596
8880,1.13,2.105529416761042
21388,2.07,2.157510404494613
6702,0.19,2.105529416761042
18718,2.15,2.105529416761042
22232,1.49,2.105529416761042
13275,0.86,2.105529416761042
10784,0.04,2.105529416761042
18818,0.36,2.105529416761042
18197,0.46,2.105529416761042
9689,0.96,2.105529416761042
3665,1.94,2.105529416761042
15923,1.93,2.105529416761042
13461,1.01,2.105529416761042
5018,0.63,2.105529416761042
23096,0.8,2.105529416761042
13129,2.6,2.105529416761042
3593,1.96,1.9020837242578024
21691,4.22,2.105529416761042
20469,1.89,2.105529416761042
2450,2.6,2.105529416761042
1912,2.11,2.105529416761042
21561,2.57,1.859791950118785
19652,2.4,2.105529416761042
2315,2.32,1.8738023306690488
141,1.85,2.105529416761042
6110,1.18,2.105529416761042
176,0.95,2.105529416761042
21449,1.7,2.105529416761042
14109,2.05,1.4937637417279968
3427,1.15,2.105529416761042
13432,0.36,2.105529416761042
5049,1.98,2.054710738325749
23262,1.66,2.105529416761042
8719,1.09,2.105529416761042
9889,2.42,2.105529416761042
21831,1.68,2.105529416761042
8068,0.45,2.105529416761042
5419,1.89,2.105529416761042
18533,0.32,2.105529416761042
20789,1.11,2.105529416761042
115,2.28,2.105529416761042
12364,2.88,2.105529416761042
223,1.69,2.105529416761042
3719,0.57,2.105529416761042
15590,0.29,2.105529416761042
13872,1.33,2.105529416761042
772,1.73,2.105529416761042
18742,0.66,2.105529416761042
20457,1.38,2.105529416761042
14873,1.04,2.105529416761042
16513,1.15,2.105529416761042
15805,1.54,2.105529416761042
15361,0.61,2.105529416761042
3438,1.08,2.105529416761042
20406,0.49,2.105529416761042
17831,2.8,2.105529416761042
15990,3.16,2.105529416761042
14237,2.57,2.105529416761042
6733,2.33,2.105529416761042
20151,3.53,2.105529416761042
8183,1.28,2.105529416761042
17876,0.86,2.033325125572796
7708,2.84,2.105529416761042
15592,0.25,2.105529416761042
22434,1.27,2.105529416761042
5352,1.11,2.105529416761042
10781,3.69,2.105529416761042
860,1.85,2.105529416761042
18733,0.87,2.105529416761042
23967,0.03,2.105529416761042
13836,1.6,2.105529416761042
17084,0.35,2.105529416761042
20252,1.86,2.105529416761042
9721,0.78,2.105529416761042
23048,1.01,2.105529416761042
15536,1.89,2.105529416761042
16932,2.83,2.105529416761042
13993,0.76,2.105529416761042
18335,2.35,2.105529416761042
13494,1.22,2.105529416761042
13661,0.92,2.105529416761042
2274,0.38,2.105529416761042
12357,0.81,2.105529416761042
13276,0.73,2.105529416761042
23810,0.67,2.105529416761042
1060,2.51,2.105529416761042
1084,1.38,2.105529416761042
8114,2.36,2.1924191948693
16385,1.04,1.9126152164678338
10938,0.33,2.105529416761042
9797,3.02,2.105529416761042
23466,0.17,2.105529416761042
2338,1.54,2.105529416761042
18420,1.44,2.105529416761042
