,y_test,prediction
15327,1.81,2.0983947114852484
19200,2.11,2.0983947114852484
15375,1.58,2.0983947114852484
5879,2.63,2.0983947114852484
11354,0.77,2.0983947114852484
11901,0.73,2.0983947114852484
18147,2.8,2.0983947114852484
22515,2.05,2.0983947114852484
21702,1.55,2.0983947114852484
15940,2.02,1.9403605724652297
14187,1.6,2.0983947114852484
5747,1.57,2.0983947114852484
21040,0.94,2.0983947114852484
7668,1.84,2.0983947114852484
5086,0.8,2.0983947114852484
8616,3.19,2.0983947114852484
14998,0.79,2.0983947114852484
4738,3.38,2.0983947114852484
19612,2.01,1.9842999999999997
18406,0.99,2.0983947114852484
6656,1.27,2.0983947114852484
16712,0.61,2.0983947114852484
17972,1.21,2.0983947114852484
17711,1.51,2.0983947114852484
16417,0.11,2.0983947114852484
16779,0.84,2.0983947114852484
12515,1.65,2.0983947114852484
20576,1.5,2.0983947114852484
19763,2.4,2.0983947114852484
2013,1.25,2.0983947114852484
12201,1.93,2.0983947114852484
14142,0.02,2.0983947114852484
7968,1.36,2.0983947114852484
22792,2.01,2.0983947114852484
15828,0.89,2.0983947114852484
6354,1.58,2.0983947114852484
4367,2.46,2.0983947114852484
4317,2.57,2.0983947114852484
557,2.18,2.0983947114852484
2201,1.38,2.0983947114852484
13005,38.11,2.0983947114852484
18120,2.12,2.0983947114852484
14684,1.03,2.0983947114852484
8498,1.28,2.0983947114852484
21899,2.45,1.5223999999999998
15798,1.34,2.0983947114852484
2573,0.52,2.0983947114852484
3384,2.21,2.0983947114852484
13689,1.05,2.0983947114852484
5503,2.11,2.0983947114852484
6328,2.18,2.0983947114852484
6628,0.92,2.0983947114852484
2811,7.44,2.0983947114852484
8802,2.38,2.0251999999999994
23447,1.92,2.0983947114852484
23375,0.3,2.0983947114852484
5241,1.04,2.0983947114852484
1489,2.67,2.0983947114852484
6236,0.94,2.0983947114852484
13320,1.18,2.0983947114852484
23707,1.61,2.0983947114852484
23118,1.79,2.0983947114852484
4346,1.86,1.8191000000000002
11721,1.47,2.0983947114852484
14207,1.11,2.0983947114852484
10875,2.29,2.0983947114852484
19867,2.54,2.5147000000000004
3886,0.91,2.0983947114852484
21771,1.74,2.0983947114852484
3262,2.25,2.0983947114852484
9527,0.68,2.0983947114852484
21632,2.99,2.0983947114852484
338,0.69,2.0983947114852484
11034,2.94,2.0983947114852484
17455,0.23,2.0983947114852484
15852,1.87,2.0983947114852484
20587,1.14,2.0983947114852484
23639,1.96,2.0983947114852484
22538,1.45,2.0983947114852484
16636,2.29,2.0983947114852484
23293,1.47,2.0983947114852484
22007,0.68,2.0983947114852484
10549,3.26,2.0983947114852484
8060,1.38,2.0983947114852484
20866,2.08,2.1896000000000004
13814,3.04,2.0983947114852484
12470,2.28,2.0983947114852484
18609,1.28,2.0983947114852484
7771,1.39,2.0983947114852484
9239,2.1,2.0983947114852484
6069,1.35,2.0983947114852484
18468,1.98,2.0983947114852484
6023,1.15,2.0983947114852484
12633,1.27,2.0983947114852484
14618,1.35,2.0983947114852484
5744,1.19,1.4903000000000006
7529,2.2,2.0983947114852484
22264,2.74,1.6494999999999995
4872,2.21,2.0983947114852484
10804,0.03,2.0983947114852484
2572,0.42,2.0983947114852484
4580,0.91,2.0983947114852484
16943,2.1,2.0983947114852484
10534,1.03,2.0983947114852484
10941,0.52,2.0983947114852484
8269,1.64,2.0983947114852484
16131,0.02,2.0983947114852484
5796,2.64,2.0983947114852484
446,2.31,2.0983947114852484
13113,0.43,2.0983947114852484
4266,2.16,2.0983947114852484
13677,1.71,2.0983947114852484
14856,1.36,2.0983947114852484
8502,1.79,2.0983947114852484
9553,1.31,3.8722999999999996
22404,2.21,2.0983947114852484
19312,2.57,2.0983947114852484
5781,1.82,2.0983947114852484
22918,1.61,2.0983947114852484
1515,1.84,2.0983947114852484
10617,1.15,2.0983947114852484
7309,1.13,2.0983947114852484
8052,1.81,2.0983947114852484
13016,2.23,2.0983947114852484
19966,3.98,2.0983947114852484
11699,2.03,2.0983947114852484
15833,2.87,2.0983947114852484
1546,0.95,2.0983947114852484
6509,0.42,2.0983947114852484
17643,0.23,2.0983947114852484
17347,0.94,2.0983947114852484
1656,2.53,2.0983947114852484
10984,1.36,2.0983947114852484
16871,1.92,2.0983947114852484
2490,1.38,2.0983947114852484
1917,2.1,2.0983947114852484
2414,1.35,2.0983947114852484
8070,0.75,2.0983947114852484
14175,0.74,1.6125000000000003
7687,2.5,2.0983947114852484
5807,1.52,2.0983947114852484
5128,0.37,2.0983947114852484
16178,2.18,2.0983947114852484
189,0.57,2.0983947114852484
14009,1.16,2.0983947114852484
15307,1.1,2.0983947114852484
20586,1.58,2.0983947114852484
20247,1.75,2.0983947114852484
19955,1.53,2.3694
23371,0.86,2.0983947114852484
21854,1.7,2.0983947114852484
737,0.98,2.0983947114852484
12958,9.12,2.0983947114852484
12713,1.65,2.0983947114852484
2951,1.71,2.0983947114852484
9268,3.42,2.0983947114852484
4420,0.79,2.0983947114852484
12017,1.49,2.0983947114852484
20538,1.55,1.5408000000000002
20605,3.1,2.0983947114852484
18466,3.3,2.0983947114852484
21042,0.82,2.0983947114852484
8590,1.35,2.0983947114852484
12930,2.63,2.0983947114852484
1506,2.92,2.0983947114852484
18931,3.33,2.0983947114852484
16879,2.03,2.0983947114852484
9121,2.45,2.0983947114852484
1381,2.0,2.0983947114852484
15224,1.16,2.0983947114852484
589,3.44,2.0983947114852484
22727,1.61,2.0983947114852484
7637,2.57,2.0983947114852484
23760,2.09,2.0983947114852484
8523,1.48,2.0983947114852484
12456,0.43,2.0983947114852484
19219,0.72,2.0983947114852484
11171,1.01,2.0983947114852484
18030,0.93,2.0983947114852484
11106,1.29,2.0983947114852484
20703,1.44,2.0983947114852484
818,5.06,2.0983947114852484
11636,6.48,2.0983947114852484
23781,1.93,2.0983947114852484
13465,1.14,2.0983947114852484
6319,2.21,2.0983947114852484
18207,2.03,2.0983947114852484
13548,5.55,2.0983947114852484
20097,0.53,2.0983947114852484
1684,1.59,2.0983947114852484
4263,0.73,2.0983947114852484
7081,0.55,2.0983947114852484
6253,1.98,2.0983947114852484
20371,2.23,2.0983947114852484
4889,2.47,2.0983947114852484
19039,3.46,2.0983947114852484
805,14.81,2.0983947114852484
3977,2.3,2.0983947114852484
1659,2.3,2.0983947114852484
23122,1.65,2.0983947114852484
3582,1.31,2.0983947114852484
16023,0.56,2.0983947114852484
1835,1.18,2.076799999999999
20823,0.56,2.0983947114852484
18394,2.39,2.3971999999999998
20702,1.26,2.0983947114852484
11466,1.32,2.0983947114852484
21846,1.84,2.0983947114852484
22982,0.91,2.0983947114852484
7848,2.99,2.0983947114852484
18644,1.95,2.0983947114852484
6583,2.42,2.0983947114852484
11330,1.65,2.0983947114852484
20426,1.84,2.0983947114852484
11814,1.13,2.0983947114852484
9646,0.55,2.0983947114852484
5323,1.99,2.0983947114852484
22495,1.13,2.0983947114852484
17678,1.69,2.0983947114852484
11351,0.52,2.0983947114852484
316,1.69,2.0983947114852484
787,1.94,1.8985999999999992
6591,5.38,2.0983947114852484
16684,0.74,2.0983947114852484
20354,3.54,2.0983947114852484
3933,1.44,2.0983947114852484
7297,1.28,2.6697999999999995
4536,0.98,2.0983947114852484
17773,1.19,2.0983947114852484
7567,14.71,2.0983947114852484
17649,0.12,2.0983947114852484
1681,2.17,2.0983947114852484
13265,0.89,2.0983947114852484
17057,0.98,2.0983947114852484
19455,0.79,2.0983947114852484
20473,1.04,2.0983947114852484
21099,1.21,2.0983947114852484
23113,1.27,2.0983947114852484
17821,2.06,2.0983947114852484
23020,2.32,2.0983947114852484
14529,1.56,2.0983947114852484
6395,3.11,2.0983947114852484
18776,1.45,2.0983947114852484
5957,1.94,2.0983947114852484
280,0.75,2.0983947114852484
5460,1.78,2.0983947114852484
12189,1.44,2.0983947114852484
11138,0.92,2.0983947114852484
8754,2.41,2.0983947114852484
20741,0.44,2.0983947114852484
8044,2.88,2.0983947114852484
9344,0.71,2.0983947114852484
7338,1.51,2.0983947114852484
18536,0.49,2.0983947114852484
1591,2.13,2.0983947114852484
10975,1.31,2.0983947114852484
6010,0.82,2.0983947114852484
17829,2.36,2.0983947114852484
18169,2.08,2.0983947114852484
20070,2.26,1.6155499999999998
4268,2.64,2.0983947114852484
12900,1.46,2.0983947114852484
7730,1.66,2.0983947114852484
23878,0.87,2.0983947114852484
4151,2.9,2.0983947114852484
7520,0.98,2.0983947114852484
9153,3.2,2.0983947114852484
3395,1.28,2.0983947114852484
22879,3.14,2.0983947114852484
12706,0.33,2.0983947114852484
15747,1.74,2.0983947114852484
17263,1.22,2.0983947114852484
11337,1.43,2.0983947114852484
216,2.43,2.0983947114852484
22952,1.27,2.0983947114852484
2916,1.88,2.0983947114852484
16329,0.9,2.0983947114852484
4539,1.28,2.0983947114852484
19492,3.27,2.0983947114852484
15625,1.36,2.0983947114852484
18104,1.11,2.0983947114852484
85,0.96,2.0983947114852484
7391,2.34,2.0983947114852484
11563,0.18,2.0983947114852484
5785,1.22,2.0983947114852484
19993,0.61,2.0983947114852484
2945,1.58,2.0983947114852484
14512,1.74,2.0983947114852484
23800,1.32,2.0983947114852484
15222,0.73,2.0983947114852484
21957,1.58,2.0983947114852484
4048,1.55,2.0983947114852484
22182,2.54,2.0983947114852484
11792,0.95,2.0983947114852484
4330,1.13,2.0983947114852484
15602,1.28,1.7436000000000005
851,0.42,2.0983947114852484
5170,1.62,2.0983947114852484
19980,5.13,2.0983947114852484
23166,1.87,2.0983947114852484
18751,0.45,2.0983947114852484
11100,0.58,2.0983947114852484
23689,1.81,2.0983947114852484
17222,0.43,2.0983947114852484
15622,1.36,2.0983947114852484
8515,4.29,2.0983947114852484
22641,1.87,2.0983947114852484
20961,0.78,2.0983947114852484
3563,1.2,2.0983947114852484
22875,2.21,2.0983947114852484
15276,2.48,2.0983947114852484
10377,2.8,2.0983947114852484
15637,1.7,2.2415
3275,1.59,2.0983947114852484
5275,3.16,2.0983947114852484
23249,1.79,2.0983947114852484
3901,2.95,2.0983947114852484
10206,3.02,2.0983947114852484
4862,1.8,2.0983947114852484
11508,1.71,2.0983947114852484
20523,0.45,2.0983947114852484
2276,0.38,2.0983947114852484
22934,1.94,2.0983947114852484
135,2.43,2.0983947114852484
1697,2.88,2.0983947114852484
17431,2.28,2.061733333333334
13818,3.01,2.0983947114852484
20245,1.22,2.0983947114852484
14882,8.23,2.0983947114852484
15807,1.48,2.0983947114852484
19193,0.71,2.0983947114852484
11416,0.79,2.0983947114852484
20093,0.56,2.0983947114852484
13864,0.73,2.0983947114852484
18577,0.97,2.0983947114852484
70,1.51,2.5982999999999987
320,1.77,2.0983947114852484
6433,1.35,2.0983947114852484
6346,1.27,2.0983947114852484
19694,0.38,2.0983947114852484
13225,3.84,2.0983947114852484
13286,0.48,2.0983947114852484
3629,3.78,2.0983947114852484
16885,3.02,2.0983947114852484
14125,0.01,2.0983947114852484
2980,0.58,2.0983947114852484
1122,2.46,2.0983947114852484
3707,2.3,2.0983947114852484
21614,1.22,2.0983947114852484
4379,1.75,2.0983947114852484
8924,3.33,2.0983947114852484
9347,2.56,2.0983947114852484
21738,1.17,2.0983947114852484
19191,0.57,2.0983947114852484
23599,1.1,2.0983947114852484
19805,2.06,1.7091999999999996
1924,2.81,1.7767000000000002
281,0.56,2.0983947114852484
12744,1.22,2.0983947114852484
8558,1.14,2.0983947114852484
23548,1.56,2.0983947114852484
1948,1.84,2.0983947114852484
11755,2.23,2.0983947114852484
13349,1.21,2.0983947114852484
8718,1.37,2.0983947114852484
9513,0.78,2.0983947114852484
10384,35.73,2.0983947114852484
14931,1.28,1.7602999999999998
2075,1.77,2.0983947114852484
21221,1.36,2.0983947114852484
11368,2.19,2.0983947114852484
10955,1.42,2.0983947114852484
23729,2.32,2.0983947114852484
16759,1.12,2.0983947114852484
16941,3.11,2.0983947114852484
309,0.66,2.0983947114852484
23456,1.3,2.0983947114852484
11974,1.67,2.0983947114852484
4281,0.39,2.0983947114852484
3285,0.99,2.0983947114852484
13873,1.35,2.0983947114852484
16450,3.28,2.0983947114852484
12903,2.03,2.0983947114852484
154,6.89,2.0983947114852484
6122,1.45,1.7683000000000009
2469,0.94,2.0983947114852484
8315,1.9,2.0983947114852484
6120,2.82,2.0983947114852484
16129,0.03,2.0983947114852484
3441,1.05,2.0983947114852484
9337,0.74,2.0983947114852484
17167,3.57,2.0983947114852484
2773,0.63,2.0983947114852484
7861,0.81,2.0983947114852484
17971,1.21,2.0983947114852484
17887,1.57,2.0983947114852484
14296,2.33,2.0983947114852484
22642,1.52,2.0983947114852484
8927,2.5,2.0983947114852484
23075,2.21,2.0983947114852484
14056,2.01,2.4774
11190,1.32,2.0983947114852484
11684,0.92,2.0983947114852484
7712,2.83,2.0983947114852484
19396,2.22,2.0983947114852484
7333,0.9,2.0983947114852484
22107,1.62,2.0983947114852484
20594,1.25,2.0983947114852484
910,2.09,2.0983947114852484
23648,1.72,2.0983947114852484
10453,1.56,2.0983947114852484
12001,1.19,2.0983947114852484
14293,1.6,2.0983947114852484
4819,1.91,2.0983947114852484
6874,0.69,2.0983947114852484
22542,1.45,2.0983947114852484
1166,0.87,2.0983947114852484
21109,2.03,2.0983947114852484
12623,3.11,2.0983947114852484
15887,2.06,2.0983947114852484
7314,1.46,2.0983947114852484
20184,1.93,2.0983947114852484
103,1.39,2.0983947114852484
23746,0.69,2.0983947114852484
9601,2.48,2.0983947114852484
2047,2.95,2.187033333333333
6093,2.58,2.0983947114852484
4141,1.01,1.8015999999999999
5201,1.31,2.0983947114852484
22518,1.86,2.0983947114852484
9847,2.21,2.0983947114852484
10152,2.77,2.0983947114852484
8253,0.76,2.0983947114852484
3570,2.28,2.0983947114852484
13868,0.59,2.0983947114852484
9853,1.82,2.0983947114852484
9341,0.87,2.0983947114852484
22310,2.69,2.0983947114852484
22418,2.45,2.0983947114852484
11125,1.44,2.0983947114852484
6543,1.12,2.0983947114852484
16382,1.39,2.0983947114852484
13599,2.73,2.0983947114852484
4455,2.13,2.0983947114852484
18801,1.72,2.0983947114852484
9506,1.04,2.0983947114852484
8537,0.27,2.0983947114852484
13115,0.17,2.0983947114852484
18803,1.73,2.0983947114852484
6159,1.09,2.0983947114852484
1794,1.41,2.0983947114852484
8252,1.37,2.0983947114852484
13808,1.63,2.0983947114852484
23823,1.92,2.0983947114852484
15535,1.7,2.0983947114852484
19003,2.81,2.0983947114852484
16116,2.56,2.0983947114852484
9378,1.27,2.0983947114852484
15405,1.64,1.8856675702811259
21481,1.62,2.0983947114852484
10246,1.47,2.0983947114852484
23232,1.81,2.0983947114852484
23530,2.34,2.0983947114852484
7002,2.72,2.0983947114852484
1773,1.53,2.0983947114852484
1313,3.16,2.0983947114852484
22750,2.38,2.0983947114852484
5479,1.74,1.5063083333333345
22389,2.83,2.0983947114852484
681,2.16,2.0983947114852484
10555,1.76,1.731700000000001
526,2.11,2.0983947114852484
14453,1.47,2.0983947114852484
22618,2.3,2.0983947114852484
7423,2.61,2.0983947114852484
10463,1.85,2.0983947114852484
12592,1.4,2.0983947114852484
8010,0.94,2.0637000000000008
5219,1.37,2.0983947114852484
6827,1.61,2.0983947114852484
3993,1.54,1.7768000000000008
5915,2.29,2.0983947114852484
23945,1.54,2.0983947114852484
15881,1.86,2.0018283080040535
18719,2.32,2.0983947114852484
21150,0.31,2.0983947114852484
6359,1.34,2.0983947114852484
20957,0.68,2.0983947114852484
12009,1.15,2.0983947114852484
9206,1.09,2.0983947114852484
8410,1.37,2.0983947114852484
15390,0.98,2.0983947114852484
19990,0.33,2.0983947114852484
4336,0.92,1.766
16681,1.14,2.0983947114852484
10867,2.16,2.0983947114852484
23079,0.99,2.0983947114852484
17025,0.76,2.0983947114852484
2188,3.22,2.0983947114852484
1334,1.68,1.5715999999999999
21963,1.44,2.0983947114852484
15874,2.04,2.0983947114852484
5770,4.37,1.7908283080040526
7673,1.55,2.0983947114852484
23481,1.68,2.0983947114852484
21994,1.14,2.0983947114852484
6888,3.07,2.0983947114852484
2147,1.18,2.0983947114852484
1434,1.54,2.0983947114852484
2886,1.31,2.0983947114852484
11864,1.09,2.0983947114852484
22603,3.0,2.0983947114852484
20885,2.74,2.0983947114852484
18789,1.3,2.0983947114852484
7680,0.7,2.0983947114852484
19008,1.79,2.0983947114852484
7818,0.56,2.0983947114852484
3678,0.98,2.0983947114852484
6939,2.12,2.0983947114852484
18100,1.54,2.0983947114852484
1915,1.44,2.0983947114852484
6869,1.4,2.0983947114852484
22397,1.75,2.0983947114852484
5054,2.58,2.0983947114852484
16775,0.94,2.0983947114852484
7115,3.07,2.0983947114852484
1956,0.94,2.0983947114852484
1757,0.96,2.0983947114852484
7023,1.41,2.0983947114852484
16014,1.28,2.0983947114852484
1125,1.43,2.0983947114852484
20091,0.48,2.0983947114852484
10931,0.77,2.0983947114852484
10386,22.38,2.0983947114852484
23629,1.85,2.0983947114852484
13352,2.06,2.0983947114852484
23125,2.16,2.0983947114852484
23971,1.62,2.0983947114852484
1130,2.31,2.0983947114852484
12880,1.29,2.0983947114852484
12814,2.5,2.0983947114852484
18755,1.71,2.0983947114852484
7302,1.35,2.0983947114852484
5713,2.04,2.0983947114852484
15965,0.77,2.0983947114852484
12181,1.56,2.0983947114852484
2078,1.45,2.0983947114852484
17656,2.09,2.0983947114852484
23630,3.03,2.0983947114852484
301,0.73,2.0983947114852484
6513,2.77,2.0983947114852484
12307,0.53,2.0983947114852484
19811,1.36,2.0983947114852484
9099,2.54,2.0983947114852484
2620,1.69,2.0983947114852484
15556,2.47,2.0983947114852484
675,1.82,2.0983947114852484
16688,1.28,2.0983947114852484
9168,2.27,1.1978049999999998
16443,1.28,2.0983947114852484
265,2.02,2.0983947114852484
22753,1.07,2.0983947114852484
22494,1.64,2.0983947114852484
5187,2.42,2.0983947114852484
5593,1.74,2.0983947114852484
12997,3.26,2.0983947114852484
16222,1.96,2.284300000000001
8637,1.99,2.0983947114852484
9130,1.74,2.0983947114852484
13604,2.13,2.0983947114852484
22247,1.08,2.0983947114852484
6473,2.88,2.0983947114852484
2105,0.62,2.0983947114852484
6143,1.12,2.0983947114852484
22352,2.94,1.7527000000000001
16752,2.21,2.0983947114852484
16333,1.22,2.0983947114852484
22801,1.49,2.0983947114852484
23487,0.99,2.0983947114852484
17588,1.28,2.0983947114852484
18773,1.63,2.0983947114852484
21019,0.54,2.0983947114852484
13581,1.67,2.0983947114852484
22706,1.71,2.0983947114852484
7018,1.84,2.0983947114852484
21274,1.82,2.0983947114852484
712,1.5,2.0983947114852484
15502,1.49,2.0983947114852484
10021,0.81,2.0983947114852484
11918,0.43,2.0983947114852484
23056,1.3,2.0983947114852484
22904,0.63,2.0983947114852484
23094,1.58,2.0983947114852484
3552,0.89,1.6278000000000004
3882,2.96,2.0983947114852484
8173,2.7,2.0983947114852484
20759,3.71,2.0983947114852484
11614,3.83,2.0983947114852484
11079,0.95,2.0983947114852484
23563,1.36,2.0983947114852484
23678,1.63,2.0983947114852484
6944,1.32,2.0983947114852484
7915,0.33,2.0983947114852484
20618,1.22,1.7794999999999999
17223,0.5,2.0983947114852484
16397,1.54,2.010099999999999
17012,1.46,2.0983947114852484
13469,2.63,2.0983947114852484
7690,3.18,2.0983947114852484
16055,1.37,2.4041000000000006
1408,1.38,2.0983947114852484
14565,1.44,2.0983947114852484
12162,2.56,2.0983947114852484
166,0.66,2.0983947114852484
13126,4.63,2.0983947114852484
19126,2.09,5.211000000000001
10772,2.74,2.0983947114852484
15476,1.68,2.0983947114852484
14603,0.71,2.0983947114852484
6135,0.39,2.0983947114852484
19700,0.96,2.0983947114852484
2397,1.32,2.0983947114852484
2500,0.42,2.0983947114852484
7817,1.02,2.0983947114852484
23229,1.66,2.0983947114852484
9930,2.9,2.0983947114852484
3693,2.83,2.0983947114852484
2554,4.27,2.0983947114852484
19549,2.91,2.0983947114852484
5046,0.84,2.0983947114852484
22484,2.46,2.0983947114852484
12784,2.52,2.0983947114852484
22273,1.56,2.0983947114852484
23171,2.05,2.0983947114852484
3035,0.1,2.0983947114852484
10029,0.91,2.0983947114852484
23485,2.26,2.0983947114852484
1962,0.84,2.0983947114852484
2634,0.36,2.0983947114852484
22932,1.87,2.0983947114852484
12138,4.84,2.0983947114852484
1054,1.6,2.0983947114852484
16599,0.84,2.0983947114852484
19991,0.39,2.0983947114852484
23890,1.81,2.0983947114852484
17620,1.24,2.0983947114852484
19375,1.67,2.0983947114852484
16744,79.97,2.0983947114852484
10427,1.77,2.0983947114852484
3918,1.66,2.0983947114852484
11072,1.2,2.0983947114852484
21487,1.77,2.0983947114852484
23612,2.1,2.0983947114852484
16827,0.94,2.0983947114852484
20608,1.73,2.0983947114852484
14090,2.31,2.0983947114852484
20279,2.0,2.0983947114852484
4134,0.11,2.0983947114852484
20725,0.94,2.0983947114852484
4633,1.71,2.0983947114852484
2430,1.33,2.3613000000000004
4444,0.25,2.0983947114852484
1219,1.95,2.0983947114852484
8474,0.95,2.0983947114852484
13031,0.27,2.0983947114852484
22665,0.56,2.0983947114852484
21063,1.44,2.0983947114852484
15357,1.66,2.0983947114852484
17156,1.76,2.0983947114852484
299,0.92,2.0983947114852484
1646,3.08,2.0983947114852484
5980,1.58,2.0983947114852484
12381,1.66,2.0983947114852484
5212,1.49,2.0983947114852484
6169,1.01,2.0983947114852484
20925,1.42,2.0983947114852484
18807,1.67,2.0983947114852484
20411,0.88,2.0983947114852484
531,0.65,2.0983947114852484
1236,0.98,2.0983947114852484
12111,2.28,2.0983947114852484
4836,2.06,2.0983947114852484
11904,2.26,2.0983947114852484
14166,1.71,2.0983947114852484
9770,2.32,3.3022000000000005
9820,0.4,2.0983947114852484
14766,31.73,2.0983947114852484
20736,0.55,2.0983947114852484
12222,0.52,2.0983947114852484
19926,3.22,2.0983947114852484
9366,2.07,2.0983947114852484
7936,3.16,2.0983947114852484
11234,1.58,2.0983947114852484
8247,1.65,2.0983947114852484
23535,0.78,2.0983947114852484
12584,1.36,2.0983947114852484
17999,2.93,2.0983947114852484
3429,2.24,2.0983947114852484
9806,2.42,2.0983947114852484
18362,2.85,2.0983947114852484
13610,1.43,2.0983947114852484
4644,1.33,2.0983947114852484
20543,4.12,2.0983947114852484
18133,1.66,2.0983947114852484
554,1.97,2.0983947114852484
5043,2.78,2.6907000000000005
20522,0.24,2.0983947114852484
10692,1.75,2.0983947114852484
16492,2.0,2.0201649689191905
17987,1.54,2.0983947114852484
18823,0.88,2.0983947114852484
22250,1.15,2.0983947114852484
12014,1.05,2.0983947114852484
11639,5.4,2.0983947114852484
9900,1.36,2.0983947114852484
23978,2.15,2.0983947114852484
17749,0.06,2.0983947114852484
9334,0.84,2.0983947114852484
2557,3.33,2.0983947114852484
9857,1.12,2.0983947114852484
12407,2.53,2.0983947114852484
11562,0.83,2.0983947114852484
14692,1.06,2.0983947114852484
21169,1.35,2.0983947114852484
13102,1.85,2.0983947114852484
19072,0.91,2.0983947114852484
23506,1.14,2.0983947114852484
2766,2.96,2.0983947114852484
9330,0.94,2.0983947114852484
1303,1.01,2.0983947114852484
19016,1.05,2.0983947114852484
20828,0.41,2.0983947114852484
1092,1.62,2.0983947114852484
8516,2.77,2.0983947114852484
17317,0.43,2.0983947114852484
15669,0.81,2.0983947114852484
3899,5.76,2.0983947114852484
2654,1.55,2.0983947114852484
7898,0.0,2.0983947114852484
22864,2.76,2.0983947114852484
19742,1.63,2.0983947114852484
15631,1.99,2.0983947114852484
19870,2.18,4.1923
15543,0.67,2.0983947114852484
3727,1.64,2.0983947114852484
3799,1.58,2.0983947114852484
4211,1.28,2.0983947114852484
22591,1.34,2.0983947114852484
11305,3.39,2.0983947114852484
5813,1.16,1.790000000000001
8342,2.09,2.0983947114852484
15685,2.66,2.0983947114852484
11920,0.27,2.0983947114852484
19339,1.95,2.0983947114852484
10833,1.8,2.0983947114852484
1123,2.04,2.0983947114852484
853,0.19,2.0983947114852484
19784,1.73,2.0983947114852484
17454,0.36,2.0983947114852484
5564,1.84,2.0983947114852484
17406,2.08,2.0983947114852484
793,2.49,2.0983947114852484
15454,1.28,2.0983947114852484
16939,1.56,2.0983947114852484
22580,1.53,2.0983947114852484
21997,1.97,2.0983947114852484
17162,1.84,2.0983947114852484
6532,0.49,2.0983947114852484
306,0.68,2.0983947114852484
21556,3.25,2.0983947114852484
1116,2.72,2.0983947114852484
14255,1.89,2.0983947114852484
12303,1.34,2.0983947114852484
4884,2.29,2.0437000000000007
23966,1.53,2.0983947114852484
4941,1.08,2.0983947114852484
10266,1.63,2.0478666666666676
19105,1.18,2.0983947114852484
14438,1.4,2.0983947114852484
7844,2.73,2.0983947114852484
18549,2.54,1.9752943108974361
14708,1.35,2.0983947114852484
10054,1.99,2.149431133773246
21656,1.11,2.0983947114852484
22985,2.42,2.0983947114852484
21915,0.3,2.0983947114852484
9922,0.93,2.0983947114852484
10209,1.32,2.0983947114852484
15020,1.79,1.8773297730036496
20739,0.71,2.0983947114852484
13070,3.38,2.0983947114852484
23428,1.15,2.0983947114852484
18854,1.65,2.0983947114852484
23980,1.86,2.0983947114852484
9392,0.97,2.0983947114852484
9523,1.17,2.0983947114852484
919,1.36,2.0983947114852484
13272,0.57,2.0983947114852484
18088,1.45,2.0983947114852484
14314,2.85,2.0983947114852484
17075,2.61,2.0983947114852484
8612,1.55,2.0983947114852484
9417,2.13,2.0983947114852484
13740,3.34,2.0983947114852484
18998,3.4,2.0983947114852484
61,1.26,2.0983947114852484
23573,0.62,2.0983947114852484
2812,6.74,2.0983947114852484
20481,2.02,2.0983947114852484
31,2.58,2.0983947114852484
8971,6.83,2.0983947114852484
4574,2.05,2.0983947114852484
1157,2.03,1.5758499999999995
21259,2.05,2.0983947114852484
19956,2.77,1.6498000000000002
12705,1.28,2.0983947114852484
21526,0.73,2.0983947114852484
8657,0.59,2.0983947114852484
16689,2.61,2.0983947114852484
17584,2.23,2.0983947114852484
1178,2.02,2.0983947114852484
18539,0.54,2.0983947114852484
3491,2.26,2.0983947114852484
16647,2.49,2.0983947114852484
11813,1.36,2.0983947114852484
6962,1.59,2.0983947114852484
8188,0.79,2.0983947114852484
23369,1.72,2.0983947114852484
2194,2.71,2.0983947114852484
14781,1.58,2.5765
9460,1.81,2.0983947114852484
23846,2.82,2.0983947114852484
4015,1.49,1.5859999999999996
3691,4.04,2.0983947114852484
7576,1.43,2.0983947114852484
10469,1.39,2.0983947114852484
19413,1.19,3.3386
4184,2.49,2.0983947114852484
18959,1.49,2.0983947114852484
23731,1.78,2.0983947114852484
11133,0.95,2.0983947114852484
22881,1.79,2.0983947114852484
18639,2.5,1.7571999999999994
22526,0.59,2.0983947114852484
7068,2.75,2.0983947114852484
17906,1.83,2.0983947114852484
663,2.85,2.0983947114852484
15818,1.43,1.773300000000001
17315,0.45,2.0983947114852484
14156,2.92,2.0983947114852484
11987,1.73,2.0983947114852484
6779,0.06,2.0983947114852484
14132,0.0,2.0983947114852484
1498,1.84,2.0983947114852484
10999,0.88,2.0983947114852484
11240,2.12,2.0983947114852484
18897,1.22,2.0983947114852484
23173,2.43,2.0983947114852484
22607,1.21,2.0983947114852484
15338,1.68,2.0983947114852484
7592,2.35,2.0983947114852484
23870,1.5,2.0983947114852484
17768,0.94,2.0983947114852484
291,1.9,2.0983947114852484
17589,1.07,2.0983947114852484
22094,1.42,1.8482358932902179
23432,1.15,2.0983947114852484
1482,1.48,2.0983947114852484
16377,2.95,2.0983947114852484
13866,1.01,2.0983947114852484
22333,2.05,2.0983947114852484
8644,2.63,1.7259000000000007
16812,1.08,2.0983947114852484
2129,0.91,2.0983947114852484
21011,2.06,2.0983947114852484
16856,4.42,2.0983947114852484
20787,2.0,2.0983947114852484
19337,1.73,2.0983947114852484
14209,0.98,2.0983947114852484
22911,2.06,2.0983947114852484
20694,2.44,2.0983947114852484
16528,2.25,2.0983947114852484
612,0.57,2.0983947114852484
23184,0.92,2.0983947114852484
9081,2.81,2.2194000000000003
10291,0.78,2.0983947114852484
19330,1.34,2.0983947114852484
13205,0.52,2.0983947114852484
22318,2.31,2.0983947114852484
23035,0.73,2.0983947114852484
10414,2.59,1.8226000000000013
19518,2.43,2.0983947114852484
7572,2.11,2.0983947114852484
1720,0.43,2.0983947114852484
10614,1.15,1.4301500000000005
15768,0.14,2.0983947114852484
13056,2.67,2.0983947114852484
18251,1.15,1.6801000000000008
13815,1.71,2.0983947114852484
3734,1.14,2.0983947114852484
11634,7.45,2.0983947114852484
11643,5.14,2.0983947114852484
6905,1.24,2.0983947114852484
5073,0.61,2.0983947114852484
17659,1.65,1.735
845,1.07,2.0983947114852484
14663,0.76,2.0983947114852484
7091,1.77,2.0983947114852484
23041,1.99,2.0983947114852484
15282,1.3,2.0983947114852484
21267,1.55,2.1021000000000005
6810,0.05,2.0983947114852484
778,1.12,2.0983947114852484
11121,0.76,2.0983947114852484
23607,1.2,2.0983947114852484
15335,1.92,2.0983947114852484
10718,1.03,2.0983947114852484
6943,1.22,1.5400999999999998
22973,0.3,2.0983947114852484
13667,0.94,2.0983947114852484
337,0.69,2.0983947114852484
22840,1.41,2.0983947114852484
16236,2.78,2.0983947114852484
18060,2.02,2.0983947114852484
23337,3.09,2.0983947114852484
6832,1.18,2.0983947114852484
18907,0.84,2.0983947114852484
14528,1.12,2.0983947114852484
12856,1.51,2.0983947114852484
14183,1.6,2.0983947114852484
5233,0.67,2.0983947114852484
3942,1.81,2.0983947114852484
14121,1.59,1.7711000000000001
8750,1.78,1.6406283080040536
11930,0.25,2.0983947114852484
23385,1.38,2.0983947114852484
7990,0.97,2.0983947114852484
872,2.19,2.0983947114852484
10397,4.89,2.0983947114852484
22268,1.68,1.7298999999999998
6108,1.9,2.0983947114852484
4907,1.25,2.0983947114852484
744,0.26,2.0983947114852484
23440,2.92,2.0983947114852484
6017,1.38,2.0983947114852484
233,1.81,1.7864999999999995
8844,3.07,2.0983947114852484
12253,2.74,2.0983947114852484
11409,1.42,2.0983947114852484
9803,2.12,2.0983947114852484
3539,0.82,2.0983947114852484
22221,2.44,2.0983947114852484
7460,2.15,2.0983947114852484
8695,1.9,2.0983947114852484
19960,2.86,2.0983947114852484
6789,0.04,2.0983947114852484
21610,1.19,2.0983947114852484
5861,0.52,2.0983947114852484
11359,3.5,2.0983947114852484
21024,0.23,2.0983947114852484
21491,1.31,2.0983947114852484
5827,1.82,2.0983947114852484
5251,0.92,2.0983947114852484
12094,2.5,2.0983947114852484
5600,2.03,2.0983947114852484
20677,1.67,2.0983947114852484
9294,1.14,1.7255000000000005
14458,3.07,2.0983947114852484
6831,1.38,2.0983947114852484
7046,2.08,2.0983947114852484
1306,1.26,2.0983947114852484
21180,1.58,2.0983947114852484
1941,2.5,2.0983947114852484
5050,2.23,2.0983947114852484
5311,2.94,1.5843000000000007
19540,0.96,2.0983947114852484
2631,0.35,2.0983947114852484
17741,0.4,2.0983947114852484
1021,2.29,2.0983947114852484
5284,1.74,2.0983947114852484
6700,1.24,2.0983947114852484
2655,1.74,2.0983947114852484
8335,2.06,1.5829000000000002
6425,1.9,2.0983947114852484
620,1.54,2.0983947114852484
5344,1.15,2.0983947114852484
579,2.04,2.0983947114852484
12530,1.81,2.0983947114852484
11629,1.1,2.0983947114852484
5249,0.84,2.0983947114852484
22695,2.88,2.0983947114852484
13497,1.61,2.0983947114852484
1789,1.19,2.0983947114852484
18621,1.29,3.9142
21544,1.53,2.0983947114852484
8930,0.88,2.5694000000000004
11015,2.79,2.0983947114852484
13912,4.47,2.0983947114852484
11027,1.76,2.0983947114852484
16750,0.9,2.0983947114852484
2590,1.45,2.0983947114852484
22859,1.35,2.0983947114852484
2386,2.12,2.0983947114852484
13579,1.99,2.216800000000001
16773,2.53,2.0983947114852484
23129,0.51,2.0983947114852484
18589,0.89,2.0983947114852484
3804,0.38,2.0983947114852484
19860,2.06,2.0983947114852484
19369,1.3,2.0983947114852484
6453,1.96,2.0983947114852484
21122,2.34,2.0983947114852484
19475,3.98,2.0983947114852484
556,1.61,2.0983947114852484
19559,2.64,1.7595999999999996
13166,1.69,2.0983947114852484
5296,0.51,2.0983947114852484
17564,2.03,2.0983947114852484
1867,0.32,2.0983947114852484
23617,1.21,2.0983947114852484
735,1.25,2.0983947114852484
11107,0.99,2.0983947114852484
1118,2.62,2.0983947114852484
12371,0.67,2.0983947114852484
6596,1.1,2.0983947114852484
21937,2.14,2.0983947114852484
12753,1.15,2.0983947114852484
1819,2.4,2.0983947114852484
23413,2.52,2.0983947114852484
11908,0.54,2.0983947114852484
4008,0.64,2.0983947114852484
11601,0.83,2.0983947114852484
15988,2.36,2.0983947114852484
23234,3.3,2.0983947114852484
22085,1.43,2.0983947114852484
23628,2.1,2.0983947114852484
15819,0.71,2.0983947114852484
8851,1.03,2.0983947114852484
1223,2.45,2.0983947114852484
14083,2.77,2.0983947114852484
1165,2.01,2.0983947114852484
16412,0.1,2.0983947114852484
6251,1.14,2.0983947114852484
19132,1.28,2.0983947114852484
23010,2.34,2.0983947114852484
9669,1.75,2.0983947114852484
10827,2.18,1.8998000000000004
2586,1.9,2.0983947114852484
9572,1.78,2.0983947114852484
5552,2.39,2.0983947114852484
23206,1.32,2.0983947114852484
22704,1.86,2.0983947114852484
12851,1.73,2.0983947114852484
8501,1.5,2.0983947114852484
894,2.45,2.0983947114852484
22548,0.55,2.0983947114852484
11254,0.04,2.0983947114852484
20956,0.59,2.0983947114852484
17115,0.7,2.0983947114852484
22848,1.91,2.0983947114852484
2120,1.47,2.0983947114852484
178,0.33,2.0983947114852484
16755,1.84,2.0983947114852484
12461,0.33,2.0983947114852484
20916,1.6,2.0983947114852484
23365,1.86,2.0983947114852484
11410,0.97,2.0983947114852484
7093,0.66,2.0983947114852484
6861,1.65,2.0983947114852484
8912,1.58,2.0983947114852484
12312,2.25,2.0983947114852484
16032,1.92,2.0983947114852484
1484,2.37,2.0983947114852484
23261,1.32,2.0983947114852484
2788,2.02,2.0983947114852484
1438,1.33,2.0983947114852484
14667,2.48,2.0979072574178033
18575,2.05,2.0983947114852484
1516,1.49,2.0983947114852484
13675,1.39,2.0983947114852484
1505,1.09,1.7245000000000004
6031,0.81,2.0983947114852484
9237,1.91,2.0983947114852484
12617,1.55,2.0983947114852484
12264,1.67,2.0983947114852484
6366,1.62,2.0983947114852484
21565,1.95,2.0983947114852484
8738,2.2,2.0983947114852484
3744,2.95,2.0983947114852484
2203,1.6,2.0983947114852484
6847,1.21,2.0983947114852484
718,1.69,2.0983947114852484
7733,1.13,2.0983947114852484
23974,2.61,2.0983947114852484
20084,0.17,2.0983947114852484
191,0.76,2.0983947114852484
17811,2.39,2.0983947114852484
13924,2.43,2.0983947114852484
7880,0.01,2.0983947114852484
13517,1.42,2.0983947114852484
18634,2.71,2.3098
21157,2.42,2.0983947114852484
14714,0.77,2.0983947114852484
6893,1.05,2.0983947114852484
12044,0.44,2.0983947114852484
7890,0.0,2.0983947114852484
7120,3.24,2.0983947114852484
19288,1.36,2.4164999999999996
10299,5.82,2.0983947114852484
22823,1.1,2.0983947114852484
10011,1.51,2.4412000000000003
13826,1.49,2.0983947114852484
2489,0.8,2.0983947114852484
19627,2.57,2.0983947114852484
21266,1.54,2.0983947114852484
20173,2.62,2.0983947114852484
5870,1.78,1.7753000000000005
1899,1.2,2.0983947114852484
5062,1.96,2.0983947114852484
2019,1.5,2.0983947114852484
20145,1.29,2.0983947114852484
7793,1.23,2.0983947114852484
2272,0.58,2.0983947114852484
4989,2.6,2.0983947114852484
2548,0.89,2.0983947114852484
9132,1.57,2.0983947114852484
15177,2.52,2.0983947114852484
1135,2.41,2.0983947114852484
1016,2.29,2.0983947114852484
15822,0.75,2.0983947114852484
21993,0.96,2.0983947114852484
5598,1.23,2.0983947114852484
18264,1.81,2.0983947114852484
14413,1.8,2.0983947114852484
21648,2.74,3.1421999999999985
9125,3.24,2.0983947114852484
3034,0.1,1.6088000000000002
16481,1.7,2.9675000000000016
21102,0.25,2.0983947114852484
19986,0.9,2.0983947114852484
19594,1.93,2.0983947114852484
10575,2.3,1.8938000000000006
14130,0.01,2.0983947114852484
1300,0.97,2.0983947114852484
6871,1.55,2.0983947114852484
9266,3.48,2.0983947114852484
5692,1.41,1.8471000000000004
5136,3.0,1.9026000000000003
19848,3.72,2.0983947114852484
23258,0.33,2.0983947114852484
18195,0.4,2.0983947114852484
6362,1.01,2.0983947114852484
23300,1.4,2.0983947114852484
7561,41.05,2.0983947114852484
11008,2.51,2.0983947114852484
21408,2.81,2.0983947114852484
11789,1.56,2.0983947114852484
6837,1.47,2.0983947114852484
410,0.98,2.0983947114852484
1705,0.79,2.0983947114852484
5412,1.8,2.0983947114852484
20838,3.14,2.0983947114852484
6161,2.13,2.0983947114852484
13591,0.7,2.0983947114852484
16542,1.74,2.0983947114852484
3320,0.81,2.0983947114852484
4435,1.64,1.7765999999999993
20007,3.7,2.3675
1520,1.59,2.0634999999999994
14624,1.79,2.0983947114852484
5109,0.89,2.0983947114852484
23922,1.12,2.0983947114852484
22822,1.03,2.0983947114852484
21087,1.48,1.8410999999999993
4262,1.03,2.0983947114852484
13131,2.2,2.0983947114852484
8722,1.27,2.0983947114852484
5588,1.61,2.0983947114852484
19320,1.9,2.0983947114852484
23210,0.21,2.0983947114852484
10625,2.34,2.0983947114852484
19686,1.33,2.0983947114852484
972,1.08,2.0983947114852484
22145,1.17,2.0983947114852484
5192,2.25,2.0983947114852484
22720,2.14,2.0983947114852484
22061,0.83,2.0983947114852484
21601,1.45,2.0983947114852484
18158,2.46,2.0983947114852484
3990,1.68,1.7623333333333333
22514,0.64,2.0983947114852484
21918,0.39,2.0983947114852484
6440,2.33,2.0983947114852484
2049,3.5,2.0983947114852484
212,2.38,2.0983947114852484
10658,0.71,2.0983947114852484
2718,2.07,2.0983947114852484
12401,2.12,2.0983947114852484
23654,2.53,2.0983947114852484
15573,1.89,2.0983947114852484
14264,1.25,1.7059000000000004
17992,2.3,2.0983947114852484
7959,2.88,2.0983947114852484
4290,1.59,6.024099999999999
11948,0.89,2.0983947114852484
22732,1.75,2.0983947114852484
23393,1.89,2.0983947114852484
5742,1.33,2.0983947114852484
18537,0.36,2.0983947114852484
14405,2.62,2.0983947114852484
1462,1.97,2.0983947114852484
17312,0.4,2.0983947114852484
1986,2.39,2.0983947114852484
5798,2.58,2.0983947114852484
7089,1.22,2.0983947114852484
22582,1.71,2.0983947114852484
11128,1.53,1.36742
13112,0.14,2.0983947114852484
9404,0.46,2.0983947114852484
17745,0.1,2.0983947114852484
5162,1.74,2.0983947114852484
22608,1.82,2.0983947114852484
16283,2.44,2.0983947114852484
19767,1.66,2.0983947114852484
601,0.52,2.0983947114852484
12114,1.9,2.0983947114852484
2749,0.24,2.0983947114852484
5734,1.4,2.0983947114852484
22174,2.82,2.0983947114852484
13512,1.55,2.0983947114852484
22184,1.92,2.0983947114852484
6558,0.74,2.0983947114852484
6786,0.06,2.0983947114852484
15343,2.77,2.0983947114852484
17956,0.96,2.0983947114852484
1905,1.05,2.0983947114852484
19231,1.93,2.0983947114852484
2497,1.54,2.0983947114852484
21485,0.79,2.2896999999999994
11932,1.27,2.0983947114852484
20166,2.51,2.0983947114852484
20994,1.64,2.0983947114852484
7897,0.0,2.0983947114852484
23107,1.41,2.0983947114852484
3199,1.99,2.0983947114852484
10170,1.88,2.0983947114852484
21119,0.95,2.0983947114852484
12490,1.6,2.0983947114852484
5815,0.67,1.5108000000000004
19466,1.56,2.0983947114852484
23952,0.32,2.0983947114852484
20175,1.63,2.0983947114852484
19307,4.21,2.0983947114852484
3273,1.89,2.0983947114852484
23956,2.18,2.0983947114852484
22836,0.41,2.0983947114852484
67,1.8,2.0983947114852484
22536,0.99,2.0983947114852484
1108,1.31,2.0983947114852484
20924,2.52,2.0983947114852484
17633,2.14,2.0983947114852484
4201,4.26,2.0983947114852484
6946,1.28,2.0983947114852484
20436,1.68,2.0983947114852484
9384,0.65,2.0983947114852484
21289,1.2,2.0983947114852484
4415,1.81,2.0983947114852484
4681,0.66,2.0983947114852484
5838,1.65,2.0983947114852484
6334,1.38,2.0983947114852484
19304,3.72,2.0983947114852484
20728,1.09,2.0983947114852484
21428,0.42,2.0983947114852484
6480,2.98,2.0983947114852484
14022,1.2,1.7721
8880,1.13,2.0983947114852484
21388,2.07,1.7164999999999995
6702,0.19,2.0983947114852484
18718,2.15,2.0983947114852484
22232,1.49,2.0983947114852484
13275,0.86,2.0983947114852484
10784,0.04,2.0983947114852484
18818,0.36,2.0983947114852484
18197,0.46,2.0983947114852484
9689,0.96,2.0983947114852484
3665,1.94,2.0983947114852484
15923,1.93,2.0983947114852484
13461,1.01,2.0983947114852484
5018,0.63,2.0983947114852484
23096,0.8,2.0983947114852484
13129,2.6,2.0983947114852484
3593,1.96,1.7063000000000008
21691,4.22,2.0983947114852484
20469,1.89,2.0983947114852484
2450,2.6,2.0983947114852484
1912,2.11,2.0983947114852484
21561,2.57,2.2507
19652,2.4,2.0983947114852484
2315,2.32,1.9022000000000017
141,1.85,2.0983947114852484
6110,1.18,2.0983947114852484
176,0.95,2.0983947114852484
21449,1.7,2.0983947114852484
14109,2.05,1.9158000000000004
3427,1.15,2.0983947114852484
13432,0.36,2.0983947114852484
5049,1.98,1.5954311337732452
23262,1.66,2.0983947114852484
8719,1.09,2.0983947114852484
9889,2.42,2.0983947114852484
21831,1.68,2.0983947114852484
8068,0.45,2.0983947114852484
5419,1.89,2.0983947114852484
18533,0.32,2.0983947114852484
20789,1.11,2.0983947114852484
115,2.28,2.0983947114852484
12364,2.88,2.0983947114852484
223,1.69,2.0983947114852484
3719,0.57,2.0983947114852484
15590,0.29,2.0983947114852484
13872,1.33,2.0983947114852484
772,1.73,2.0983947114852484
18742,0.66,2.0983947114852484
20457,1.38,2.0983947114852484
14873,1.04,2.0983947114852484
16513,1.15,2.0983947114852484
15805,1.54,2.0983947114852484
15361,0.61,2.0983947114852484
3438,1.08,2.0983947114852484
20406,0.49,2.0983947114852484
17831,2.8,2.0983947114852484
15990,3.16,2.0983947114852484
14237,2.57,2.0983947114852484
6733,2.33,2.0983947114852484
20151,3.53,2.0983947114852484
8183,1.28,2.0983947114852484
17876,0.86,1.8689000000000004
7708,2.84,2.0983947114852484
15592,0.25,2.0983947114852484
22434,1.27,2.0983947114852484
5352,1.11,2.0983947114852484
10781,3.69,2.0983947114852484
860,1.85,2.0983947114852484
18733,0.87,2.0983947114852484
23967,0.03,2.0983947114852484
13836,1.6,2.0983947114852484
17084,0.35,2.0983947114852484
20252,1.86,2.0983947114852484
9721,0.78,2.0983947114852484
23048,1.01,2.0983947114852484
15536,1.89,2.0983947114852484
16932,2.83,2.0983947114852484
13993,0.76,2.0983947114852484
18335,2.35,2.0983947114852484
13494,1.22,2.0983947114852484
13661,0.92,2.0983947114852484
2274,0.38,2.0983947114852484
12357,0.81,2.0983947114852484
13276,0.73,2.0983947114852484
23810,0.67,2.0983947114852484
1060,2.51,2.0983947114852484
1084,1.38,2.0983947114852484
8114,2.36,1.4521666666666664
16385,1.04,1.598
10938,0.33,2.0983947114852484
9797,3.02,2.0983947114852484
23466,0.17,2.0983947114852484
2338,1.54,2.0983947114852484
18420,1.44,2.0983947114852484
