,y_test,prediction
2900,1,1
5274,1,1
21552,1,1
8449,0,1
18570,1,1
21328,1,1
21967,1,1
3686,1,1
9489,1,1
7745,1,1
1766,1,1
21488,1,1
148,1,1
12599,1,1
7528,1,1
9643,1,1
14936,1,1
12254,1,1
8388,1,1
15849,1,1
2789,1,1
1954,1,1
11751,1,1
19870,1,1
760,1,1
1913,1,1
18666,1,1
16253,1,1
14505,1,1
19685,0,1
1126,1,1
12091,1,1
21064,1,1
9034,1,1
19947,1,1
1248,1,1
21768,0,1
16587,1,1
11338,1,1
20538,1,1
8021,1,1
2844,1,1
4590,1,1
13473,1,1
5226,0,1
20539,1,1
5272,1,1
21709,1,1
11233,1,1
11816,1,1
19290,1,1
8374,1,1
12687,1,1
19237,1,1
11470,1,1
21163,1,1
3416,1,1
18316,1,1
3234,1,1
1916,1,1
9756,1,1
18653,1,1
7646,1,1
19381,1,1
8650,1,1
7177,1,1
13643,1,1
11668,1,1
11807,1,1
21604,1,1
7381,1,1
16438,0,0
18242,1,1
15505,1,1
6843,1,1
18811,1,1
7578,1,1
20541,1,1
20122,1,1
22133,0,0
8961,1,1
6914,1,1
14819,1,1
21639,1,1
16397,1,1
18680,1,1
21648,1,1
7641,1,1
14275,1,1
9258,1,1
5538,1,1
11988,0,1
9773,1,1
17940,1,1
1532,1,1
14406,1,1
20871,1,1
4782,1,1
15250,1,1
10274,1,1
16232,1,1
21425,1,1
4017,1,1
14235,1,1
4312,1,1
1509,1,1
16995,1,1
20412,1,1
12931,1,1
21103,1,1
19871,1,1
12439,1,1
1373,1,1
11269,1,1
21956,1,1
13974,1,1
16970,1,1
2730,1,1
19261,1,1
11529,1,1
7807,1,1
16706,1,1
9614,1,1
7301,1,1
5904,1,1
1037,1,1
16626,1,1
17779,1,1
5741,0,1
19831,1,1
8527,1,1
20355,1,1
2429,1,1
5572,0,1
1548,1,1
17600,1,1
3569,1,1
258,1,1
12071,1,1
14804,1,1
19,1,1
47,1,1
8362,1,1
11812,1,1
10563,1,1
17467,1,1
3405,1,1
5041,1,1
19747,1,1
14859,1,1
18239,1,1
17326,1,1
1308,1,1
11793,1,1
19690,1,1
10568,1,1
5664,1,1
8530,1,1
8598,1,1
22125,1,1
935,1,1
994,1,1
19490,1,1
13777,1,1
10313,1,1
1814,1,1
14881,1,1
10674,1,1
190,1,1
16221,1,1
11980,1,1
15059,1,1
14466,1,1
7670,1,1
3307,1,1
14292,1,1
21685,1,1
9368,1,1
2896,1,1
9856,1,1
2808,1,1
12400,1,1
3252,1,1
13270,1,1
992,1,1
16383,1,1
15099,1,1
17525,1,1
10410,1,1
3995,1,1
8015,1,1
15443,1,1
15111,1,1
13235,1,1
18921,1,1
10672,1,1
17618,1,1
20431,1,1
226,1,1
2000,1,1
8257,1,1
18986,1,1
15956,1,1
11653,1,1
1055,1,1
14677,1,1
3911,1,1
10077,1,1
12727,1,1
14177,1,1
19331,1,1
15520,1,1
10396,1,1
1966,1,1
238,1,1
12873,1,1
17423,1,1
17728,1,1
14321,1,1
22216,1,1
16477,1,1
10298,1,1
7699,1,1
13081,1,1
587,1,1
5671,1,1
11729,1,1
5262,1,1
9753,1,1
1471,1,1
9044,1,1
6201,1,1
7783,1,1
17485,1,1
1952,0,1
9973,1,1
21303,1,1
15488,1,1
6493,1,1
17663,1,1
18771,1,1
13210,1,1
9157,1,1
13731,1,1
4318,1,1
21469,1,1
1998,1,1
3279,1,1
19294,1,1
5312,1,1
10653,1,1
9171,1,1
12329,1,1
21188,0,0
3606,1,1
3170,1,1
18343,1,1
13663,1,1
18953,1,1
20722,1,1
8308,1,1
1392,1,1
8092,1,1
11405,1,1
11040,1,1
16824,1,1
11248,1,1
1652,1,1
19227,1,1
22034,1,0
20007,1,1
18605,1,1
19558,1,1
11158,1,1
3294,1,1
5114,1,1
12622,1,1
13641,1,1
18548,1,1
13865,1,1
8630,1,1
7449,1,1
4525,1,1
1642,1,1
8815,1,1
20143,1,1
21889,1,1
5821,1,1
15697,1,1
18808,1,1
8008,1,1
4666,1,1
8964,1,1
2005,1,1
806,1,1
15191,1,1
6578,1,1
8601,1,1
10590,1,1
19665,1,1
5565,1,1
5281,1,1
10080,1,1
10524,1,1
14931,1,1
44,1,1
6820,1,1
21400,1,1
17343,1,1
6441,1,1
10834,1,1
1264,1,1
988,1,1
17325,1,1
9738,1,1
3700,1,1
5320,1,1
13786,1,1
11997,1,1
9133,1,1
14924,0,1
10592,1,1
7150,0,1
5068,1,1
14612,1,1
11461,1,1
9501,1,1
1179,1,1
3634,0,0
9126,1,1
10183,1,1
8884,1,1
2314,1,1
5479,1,1
1556,1,1
11144,1,1
13353,1,1
17036,1,1
21081,1,1
15704,1,1
12260,1,1
11518,1,1
15638,1,1
10691,1,1
17546,1,1
19855,1,1
11026,1,1
19791,1,1
19600,1,1
4521,1,1
20113,1,1
14539,1,1
3280,1,1
6445,1,1
19614,1,1
11587,1,1
20624,1,1
13071,1,1
16384,1,1
10217,1,1
11652,1,1
4674,1,1
12433,1,1
7656,1,1
4243,1,1
1666,1,1
4506,1,1
10099,1,1
17936,1,1
21555,1,1
19897,0,0
19350,1,1
10616,1,1
10525,1,1
17660,1,1
2158,1,1
16902,1,1
6302,1,1
14108,1,1
2702,0,1
20812,1,1
1100,1,1
5055,1,1
5673,1,1
13664,1,1
6458,1,1
12118,1,1
5889,1,1
10195,1,1
3873,1,1
7473,1,1
17239,1,1
17611,1,1
20571,1,1
8670,1,1
63,1,1
757,1,1
21386,1,1
12115,1,1
2864,1,1
8135,1,1
11241,1,1
12681,1,1
11044,1,1
7775,1,1
2832,1,1
13644,1,1
2121,1,1
1458,1,1
8071,1,1
5414,1,1
7344,1,1
4705,1,1
11300,1,1
19407,1,1
13093,1,1
14263,1,1
13246,1,1
14323,1,1
13926,1,1
1032,1,1
17379,1,1
19084,1,1
5708,1,1
16992,1,1
10575,1,1
5161,1,1
19725,1,1
15700,1,1
4582,1,1
19941,1,1
14404,0,1
21657,1,1
20621,0,0
8818,1,1
7029,1,1
14068,1,1
10243,1,1
5667,1,1
12148,1,1
7147,1,1
9229,1,1
10554,1,1
8338,1,1
19172,1,1
17482,1,1
8553,0,1
8489,1,1
10109,1,1
21276,1,1
20862,1,1
8341,1,1
11378,1,1
5383,1,1
18299,1,1
1830,1,1
13917,1,1
13388,1,1
19288,1,1
12339,1,1
20521,1,1
15524,1,1
19052,0,0
8573,1,1
12163,1,1
13640,1,1
9848,0,1
20988,1,1
3213,1,1
12059,1,1
18694,1,1
13774,1,1
17432,1,1
11162,1,1
13861,1,1
9758,1,1
13010,1,1
15263,1,1
8463,1,1
3295,1,1
642,1,1
19076,1,1
10352,1,1
4901,1,0
20582,1,1
2293,1,1
158,1,1
17158,1,1
9625,1,1
15812,1,1
4621,1,1
21733,1,1
15613,1,1
14570,1,1
16964,1,1
18323,1,1
21154,1,1
19394,1,1
8710,1,1
19399,1,1
5433,1,1
5410,1,1
18078,1,1
2704,1,1
14853,1,1
13632,1,1
11340,1,1
16007,1,1
14965,1,1
8673,1,1
3024,1,1
3072,1,1
7170,1,1
4914,1,1
16690,1,1
19651,1,1
7354,1,1
3020,1,1
19340,1,1
8676,1,1
14203,1,1
3706,1,1
19255,1,1
6289,1,1
5669,1,1
3240,1,1
659,1,1
13829,1,1
12541,1,1
4600,1,1
22080,0,1
5066,1,1
13302,1,1
9075,1,1
6737,1,1
13107,1,1
15847,1,1
6987,1,1
1530,1,1
7981,1,1
1250,1,1
2623,1,1
22002,1,1
4700,1,1
3859,1,1
15296,1,1
6950,1,1
15759,1,1
21243,1,1
9177,1,1
19864,1,1
12352,1,1
16046,1,1
6,1,1
14604,1,1
11855,1,1
5343,0,0
7767,1,1
11444,1,1
15668,1,1
19709,1,1
8405,1,1
14726,1,1
17268,1,1
14672,1,1
21258,1,1
12230,1,1
17657,1,1
4618,1,1
11553,1,1
1136,1,1
2396,1,1
4858,1,1
3792,1,1
9995,1,1
8191,1,1
20271,1,1
19386,0,0
2191,1,1
10009,1,1
8866,1,1
14962,1,1
15960,1,1
13257,1,1
2345,1,1
6729,1,1
14534,1,1
7358,1,1
13488,1,1
10825,1,1
8879,1,1
19319,1,1
22343,0,1
18692,1,1
21844,1,1
9120,1,1
16522,0,1
224,1,1
904,1,1
18114,1,1
4775,1,1
19866,1,1
3613,1,1
580,1,1
5881,1,1
15557,0,0
16500,1,1
17074,1,1
11195,1,1
4326,1,1
17518,1,1
22300,0,1
11,1,1
6667,1,1
10474,1,1
8029,1,1
21473,1,1
21722,1,1
8568,1,1
21819,1,1
18244,1,1
14567,1,1
15126,1,1
8889,1,1
15277,1,1
3738,1,1
17853,1,1
15094,1,1
11564,1,1
12431,1,1
18857,1,1
4869,1,1
13587,1,1
1589,1,1
3313,1,1
21244,1,1
10967,1,1
15337,1,1
19494,1,1
13578,1,1
13019,1,1
22270,1,1
9009,1,1
17729,1,1
11157,1,1
4350,1,1
11244,1,1
645,1,1
6080,0,1
1325,1,1
5353,1,1
19205,1,1
21190,1,1
12288,1,1
5063,1,1
22078,1,1
977,1,1
21906,1,1
13443,1,1
18005,1,1
4308,1,1
7785,1,1
21130,1,1
2944,1,1
6751,1,1
2604,1,1
19798,1,1
1321,1,1
9320,1,1
21701,1,1
22235,1,1
12775,1,1
5298,1,1
4699,1,1
8386,1,1
20687,1,1
14956,1,1
3685,1,1
14210,1,1
12301,1,1
14175,1,1
22206,1,1
19787,1,1
12320,1,1
19152,1,1
22096,1,1
20448,1,1
2312,1,1
14019,1,1
13973,1,1
13300,1,1
11984,1,1
17877,1,1
20302,1,1
11140,1,1
16247,1,1
1894,1,1
21602,1,1
20254,1,1
1563,1,1
748,1,1
19673,1,1
3176,1,1
11366,1,1
8682,1,1
18835,1,1
13772,1,1
11570,1,1
7317,1,1
19215,1,1
2729,1,1
16003,1,1
21753,1,1
10539,1,1
17593,1,1
4335,1,1
20419,1,1
12812,1,1
12932,1,1
8644,1,1
13885,1,1
15946,1,1
16531,1,1
3878,1,1
20341,1,1
21003,1,1
19896,0,0
7626,1,1
8383,1,1
10173,1,1
5762,1,1
9024,1,1
5999,1,1
7119,1,1
2249,1,1
4891,1,1
17556,1,1
13476,1,1
21933,1,1
15323,1,1
12498,1,1
21195,1,1
17287,1,1
2269,1,1
1473,1,1
18687,1,1
19117,1,1
18614,1,1
14313,1,1
21454,1,1
14974,1,1
14422,1,1
8322,1,1
21427,1,1
674,1,1
12728,1,1
16287,0,1
6661,1,1
15813,1,1
1855,1,1
17535,1,1
13021,1,1
14594,1,1
8693,1,1
20639,1,1
779,1,1
20930,1,1
585,1,1
17686,1,1
22065,0,0
13419,1,1
17681,1,1
12664,1,1
12889,1,1
21459,1,1
14194,1,1
19527,1,1
16776,1,1
2845,1,1
21080,1,1
11778,1,1
16933,1,1
3635,0,0
12938,1,1
17281,1,1
19456,1,1
15417,0,0
3071,1,1
20209,1,1
7151,0,1
17484,1,1
787,1,1
5488,1,1
12735,1,1
15405,1,1
13177,1,1
922,1,1
3782,1,1
10685,1,1
10342,1,1
10852,1,1
12807,1,1
5876,1,1
3875,1,1
19137,1,1
19169,1,1
21899,0,0
7253,1,1
6242,1,1
16677,1,1
1201,1,1
21384,0,0
1366,1,1
17214,1,1
11211,1,1
12928,1,1
6576,1,1
6582,1,1
22286,1,1
12309,0,1
14324,1,1
16105,1,1
4104,1,1
14979,1,1
20974,1,1
22265,0,0
14642,1,1
6141,1,1
18093,1,1
5886,0,1
17595,1,1
11939,1,1
14289,1,1
12290,1,1
10908,1,1
3968,1,1
1918,1,1
20062,1,1
9012,1,1
19301,1,1
599,1,1
14001,1,1
2857,1,1
19751,1,1
20433,1,1
1610,1,1
14485,1,1
10818,1,1
1803,1,1
19344,1,1
22167,1,1
7585,1,1
11273,1,1
11615,1,1
15789,0,1
2587,1,1
3825,1,1
6365,1,1
10580,1,1
21748,1,1
3382,1,1
4665,1,1
18847,1,1
3510,1,1
3898,1,1
6761,1,1
4692,1,1
15575,1,1
11174,1,1
11727,1,1
21484,1,1
13968,1,1
1878,1,1
18221,1,1
19071,1,1
21407,0,1
15863,1,1
2585,1,1
9013,1,1
3880,1,1
9836,1,1
449,1,1
13060,1,1
20485,1,1
8747,1,1
4295,1,1
18799,1,1
11463,1,1
2068,1,1
16509,1,1
7623,1,1
2020,1,1
9083,1,1
17160,1,1
17567,1,1
12560,1,1
5045,1,1
21118,1,1
18165,1,1
21798,0,0
11886,0,1
1156,1,1
14643,1,1
18134,1,1
717,1,1
8600,1,1
17860,1,1
7057,1,1
3546,1,1
3618,1,1
20635,1,1
17461,1,1
8284,1,1
19712,1,1
10344,1,1
16184,1,1
6443,1,1
20552,1,1
14284,1,1
16914,0,1
20380,1,1
6683,1,1
15396,1,1
2983,1,1
16728,1,1
7542,1,1
886,1,1
653,1,1
5470,1,1
20584,1,1
10813,1,1
7801,1,1
15881,1,1
17168,1,1
1075,1,1
15053,1,1
22136,1,1
6070,1,1
9486,1,1
20997,1,1
13685,1,1
17188,1,1
21232,1,1
19695,1,1
15120,1,1
6930,1,1
7032,1,1
18567,1,1
2086,1,1
7830,1,1
12359,1,1
20305,1,1
11371,1,1
20805,1,1
18368,1,1
8318,1,1
10326,1,1
3120,1,1
9940,1,1
8542,1,1
4113,1,1
4595,1,1
14373,1,1
19956,1,1
17264,1,1
13649,1,1
10521,1,1
9907,1,1
8826,1,1
14098,1,1
8906,1,1
9027,1,1
20537,1,1
2376,1,1
21867,1,1
1862,1,1
8453,0,1
2770,1,1
14015,1,1
21089,1,1
7351,1,1
19782,1,1
19677,1,1
1957,1,1
9814,1,1
15964,1,1
12683,1,1
7493,1,1
1404,1,1
8634,1,1
14239,1,1
20617,1,1
13958,1,1
9701,0,1
16526,1,1
13598,1,1
16852,1,1
10399,1,1
3925,1,1
3598,1,1
22242,1,1
2617,1,1
486,1,1
8570,1,1
3281,1,1
1808,1,1
3894,1,1
19484,1,1
13695,1,1
15096,1,1
20460,1,1
14621,1,1
12652,1,1
3664,1,1
19688,1,1
14360,1,1
16252,1,1
9166,1,1
14055,0,1
5311,1,1
20356,1,1
12271,1,1
5874,1,1
315,1,1
17938,1,1
15641,1,1
20147,1,1
2835,1,1
6768,1,1
17661,1,1
12057,1,1
1038,1,1
4009,1,1
3293,1,1
7003,1,1
2936,1,1
8609,1,1
21789,1,1
20446,1,1
19411,1,1
9959,1,1
18585,1,1
1848,1,1
20699,1,1
18513,1,1
3764,1,1
6186,1,1
12949,1,1
6822,1,1
17413,1,1
17970,1,1
17220,1,1
5752,0,0
4364,1,1
10961,1,1
20101,1,1
20922,1,1
11581,1,1
5936,1,1
10288,0,1
18139,1,1
3208,1,1
11708,1,1
11257,1,1
1208,1,1
13520,1,1
5408,1,1
1764,1,1
4797,1,1
4023,1,1
1728,1,1
17004,1,1
20304,1,1
7051,1,1
2903,0,1
9571,1,1
694,1,1
10774,1,1
6166,1,1
13427,1,1
20387,1,1
12946,1,1
11011,0,0
6461,1,1
12729,1,1
9114,1,1
14673,1,1
5059,1,1
19607,1,1
12129,1,1
5156,1,1
640,1,1
16192,1,1
21193,1,1
4647,1,1
16451,1,1
3298,0,1
19365,1,1
2138,1,1
20910,1,1
11176,1,1
17296,1,1
18622,1,1
12553,1,1
9928,1,1
20927,1,1
14510,1,1
336,1,1
8946,1,1
2227,1,1
8364,1,1
15658,1,1
4024,1,1
16495,1,1
15570,1,1
14118,1,1
20551,1,1
5403,1,1
19027,1,1
1695,1,1
11000,1,1
16550,1,1
14722,1,1
9169,1,1
14910,1,1
6992,1,1
3688,1,1
12324,1,1
16394,1,1
11677,1,1
5435,1,1
10450,0,1
18652,1,1
