,y_test,prediction
825,1,1
2977,1,1
2461,1,1
2825,1,1
909,1,1
995,1,1
3820,1,1
1128,1,1
729,1,1
954,1,1
2914,1,1
1240,1,1
407,1,1
287,1,1
4128,1,1
2865,1,1
1456,1,1
2932,1,1
1866,1,1
842,1,1
1476,1,1
535,1,1
275,1,1
420,1,1
1214,1,1
777,1,1
2495,1,1
3221,1,1
3091,1,1
3447,1,1
2909,1,1
3605,1,1
1419,1,1
997,1,1
3269,1,1
786,1,1
590,1,1
1927,1,1
3637,1,1
3667,0,1
852,1,1
404,1,1
1863,1,1
3388,1,1
3054,1,1
4112,1,1
4097,1,1
3015,1,1
3349,1,1
3860,1,1
269,1,1
178,1,1
3415,0,0
521,1,1
242,1,1
2983,1,1
2248,1,1
610,1,1
2804,1,1
3077,1,1
1893,1,1
3178,1,1
1462,1,1
3792,1,1
865,1,1
618,1,1
3166,1,1
93,1,1
1144,1,1
2064,1,1
1781,1,1
405,1,1
1194,0,1
1505,1,1
695,1,1
3187,1,1
3515,1,1
3529,1,1
809,1,1
2297,1,1
2662,1,1
1224,1,1
3858,1,1
3638,1,1
3298,1,1
751,1,1
2181,1,1
980,0,0
3206,1,1
1309,1,1
1711,1,1
2021,1,1
686,1,1
158,1,1
1974,1,1
1743,1,1
2716,1,1
3297,1,1
510,1,1
3723,1,1
3701,1,1
2164,1,1
854,1,1
1482,1,1
2244,1,1
3011,1,1
2260,1,1
2915,1,1
1222,1,1
4037,0,1
2229,1,1
526,1,1
2093,1,1
3408,1,1
2193,1,1
1206,1,1
3835,1,1
3673,1,1
2252,1,1
2199,1,1
1553,1,1
3386,1,1
736,1,1
3043,1,1
3395,1,1
2555,1,1
3828,1,1
642,1,1
1793,1,1
3555,1,1
3327,1,1
411,1,1
3218,1,1
656,1,1
2184,1,1
445,1,1
2566,1,1
4093,1,1
2605,1,1
2200,1,1
1779,0,1
376,1,1
928,1,1
724,0,1
1092,1,1
3012,1,1
1881,1,1
2038,1,1
498,1,1
1652,1,1
1396,1,1
3105,1,1
4107,0,1
1739,1,1
131,1,1
1129,1,1
3697,1,1
308,1,1
2634,1,1
196,1,1
2258,1,1
4063,0,1
1009,1,1
2946,1,1
1197,1,1
3478,1,1
1977,1,1
549,1,1
693,1,1
4109,1,1
623,1,1
2665,1,1
2860,1,1
4042,1,1
2638,1,1
1528,1,1
2254,1,1
1204,1,1
1645,1,1
739,1,1
4005,1,1
1169,1,1
774,1,1
1454,1,1
381,1,1
1797,1,1
3814,0,1
1910,1,1
1626,1,1
2478,1,1
291,1,1
2180,1,1
3121,1,1
4041,1,1
3897,1,1
1605,1,1
478,1,1
3552,1,1
4123,0,1
1394,1,1
2503,1,1
674,1,1
2302,1,1
2022,0,1
1180,1,1
1302,1,1
4040,1,1
676,1,1
3088,1,1
425,1,1
2082,1,1
3817,1,1
2673,1,1
3268,1,1
461,1,1
1016,1,1
186,1,1
3639,1,1
1620,1,1
2943,1,1
3449,1,1
2919,1,1
3556,1,1
1537,1,1
3800,1,1
2637,1,1
2594,1,1
16,1,1
3477,1,1
2591,1,1
2556,1,1
1902,1,1
2544,1,1
3293,1,1
2681,1,1
197,1,1
917,1,1
3832,1,1
3628,1,1
3977,1,1
3453,1,1
1431,1,1
2388,1,1
3601,1,1
454,1,1
2053,1,1
1212,1,1
1196,1,1
994,1,1
3623,1,1
4003,1,1
2385,1,1
507,1,1
1723,1,1
704,1,1
1412,1,1
3067,1,1
857,1,1
344,1,1
2007,1,1
1994,1,1
1570,1,1
1163,0,1
868,1,1
3140,1,1
3494,1,1
2304,1,1
2618,1,1
2464,0,0
2223,1,1
3210,1,1
2941,1,1
2864,1,1
4047,1,1
1203,1,1
1038,1,1
1274,1,1
37,1,1
256,1,1
1838,1,1
70,1,1
1299,1,1
2887,1,1
912,1,1
1247,1,1
1127,0,1
1272,1,1
4025,1,1
562,1,1
3142,1,1
3271,1,1
1266,1,1
211,1,1
2440,1,1
3509,1,1
1704,1,1
3499,1,1
1602,1,1
881,1,1
1359,1,1
2622,1,1
1315,1,1
685,1,1
408,1,1
2724,0,1
1940,1,1
1699,0,1
1970,1,1
523,1,1
147,1,1
2069,1,1
3016,1,1
2247,1,1
3275,1,1
2783,1,1
209,1,1
4125,1,1
1772,1,1
933,1,1
3153,1,1
2920,0,1
2951,1,1
1262,1,1
2173,1,1
3579,1,1
3796,0,0
2659,1,1
1736,1,1
2758,1,1
3757,1,1
1538,1,1
36,1,1
582,1,1
755,1,1
2549,0,1
2091,1,1
2872,1,1
3309,1,1
3427,1,1
991,1,1
1276,1,1
2268,1,1
3617,1,1
2402,1,1
2635,1,1
2148,1,1
2625,1,1
657,1,1
3103,1,1
1561,1,1
3216,1,1
1738,1,1
2873,1,1
763,1,1
3104,1,1
3402,1,1
1756,1,1
1853,1,1
3217,1,1
41,1,1
363,1,1
2414,1,1
43,1,1
120,1,1
2934,1,1
2603,1,1
3596,1,1
1375,1,1
3572,1,1
3414,1,1
2968,1,1
1848,1,1
3742,1,1
605,0,1
859,1,1
1566,1,1
300,1,1
2319,1,1
1784,1,1
3258,1,1
3051,1,1
3359,1,1
2775,1,1
882,1,1
2733,1,1
1311,1,1
2834,0,1
223,1,1
96,1,1
2346,1,1
1450,1,1
1775,1,1
3799,1,1
2049,1,1
3254,1,1
3627,1,1
1483,1,1
3074,1,1
3197,1,1
3958,1,1
970,1,1
2295,1,1
1574,1,1
3582,1,1
1284,1,1
1109,1,1
1907,1,1
3329,1,1
123,1,1
3191,1,1
3371,1,1
3301,1,1
3510,1,1
3856,1,1
2135,1,1
1983,1,1
1363,1,1
3299,1,1
3960,1,1
701,1,1
1709,1,1
1936,1,1
3520,1,1
3323,1,1
107,1,1
82,1,1
2205,1,1
3870,1,1
2339,0,1
3165,1,1
2862,1,1
2312,1,1
1115,1,1
3404,1,1
2911,1,1
3607,1,1
204,1,1
63,1,1
4115,1,1
652,1,1
141,1,1
1269,1,1
3003,1,1
3042,1,1
1328,0,1
1587,1,1
2988,1,1
364,1,1
3342,1,1
1195,1,1
1884,1,1
1512,1,1
3037,1,1
2537,1,1
2080,1,1
2363,1,1
3829,1,1
1558,1,1
3966,1,1
1763,1,1
2906,1,1
534,1,1
1759,1,1
904,1,1
3975,1,1
575,1,1
232,1,1
94,1,1
2116,1,1
4,1,1
3075,1,1
396,1,1
1297,1,1
442,1,1
342,1,1
528,1,1
3057,1,1
1666,1,1
3027,1,1
3049,1,1
2849,1,1
1435,1,1
68,0,1
1710,1,1
3655,1,1
3100,1,1
2305,1,1
1762,1,1
255,1,1
1113,0,1
1771,1,1
2015,0,1
3672,1,1
4015,0,1
2209,1,1
3877,1,1
3965,0,1
1034,1,1
3848,1,1
230,1,1
2736,1,1
366,1,1
4121,1,1
1989,1,1
1392,1,1
2698,1,1
2850,1,1
1437,1,1
1176,1,1
3273,1,1
1077,1,1
2169,1,1
3797,1,1
3714,1,1
3737,1,1
3176,1,1
794,1,1
51,1,1
719,1,1
1074,1,1
1388,1,1
1321,1,1
1209,1,1
3239,1,1
908,1,1
1223,1,1
929,1,1
484,1,1
2155,1,1
4086,0,1
1201,1,1
824,1,1
2987,1,1
1211,1,1
1782,1,1
1837,1,1
1868,1,1
2329,1,1
4105,1,1
558,1,1
3486,1,1
1967,1,1
3156,1,1
3850,1,1
77,1,1
600,1,1
3482,1,1
412,1,1
3198,1,1
782,1,1
1019,1,1
2245,1,1
2078,1,1
863,1,1
1061,1,1
1507,1,1
3713,1,1
2103,1,1
1639,1,1
784,1,1
19,1,1
193,1,1
1183,1,1
1598,1,1
3110,1,1
678,1,1
2949,1,1
3813,1,1
3676,1,1
252,1,1
1506,1,1
708,1,1
241,1,1
2336,0,1
1758,1,1
3082,1,1
1932,1,1
1058,1,1
1271,1,1
2243,1,1
731,0,1
638,1,1
2337,1,1
884,1,1
3769,1,1
1354,1,1
3662,1,1
3752,1,1
1116,1,1
2993,1,1
2616,1,1
4089,1,1
2685,1,1
1708,1,1
1111,1,1
2027,1,1
3641,1,1
2632,1,1
3246,1,1
3868,1,1
118,1,1
137,1,1
456,1,1
2303,1,1
3236,1,1
3815,1,1
1862,1,1
4067,1,1
4118,1,1
1590,1,1
3567,1,1
1253,1,1
2845,1,1
2498,1,1
85,1,1
497,1,1
621,1,1
1133,1,1
2020,1,1
1613,1,1
3448,1,1
1210,1,1
1600,1,1
1005,1,1
3864,1,1
1769,1,1
718,1,1
515,1,1
1173,1,1
1065,1,1
3229,1,1
150,1,1
587,1,1
2420,1,1
2276,1,1
2040,1,1
3463,1,1
1724,1,1
3929,1,1
3456,1,1
2711,1,1
797,1,1
3422,1,1
468,1,1
2175,1,1
2815,1,1
1813,1,1
3512,1,1
2559,1,1
1755,1,1
1510,1,1
843,1,1
2980,1,1
3703,1,1
1239,1,1
3063,1,1
3184,1,1
2917,1,1
3070,1,1
3585,1,1
3803,1,1
1119,1,1
1991,1,1
3292,1,1
883,1,1
3886,1,1
2306,1,1
2652,1,1
4053,1,1
3374,1,1
3295,1,1
2971,0,1
899,1,0
2284,1,1
1414,1,1
3392,1,1
2496,1,1
1980,1,1
3343,1,1
1981,1,1
3308,1,1
1081,1,1
2611,1,1
2409,1,1
3608,1,1
3967,1,1
2944,1,1
392,1,1
1400,0,1
2953,1,1
1642,1,1
1619,1,1
2675,1,1
2827,1,1
4069,1,1
1228,1,1
1689,1,1
1053,1,1
2835,1,1
723,1,1
2057,0,1
2975,1,1
3112,1,1
2097,1,1
3480,1,1
1906,1,1
3038,1,1
2969,1,1
3504,1,1
126,1,1
2263,0,1
3322,1,1
1424,1,1
170,1,1
3680,1,1
1495,1,1
650,1,1
644,1,1
1875,1,1
3479,1,1
2322,1,1
2310,1,1
1541,1,1
740,1,1
1814,1,1
3335,1,1
631,1,1
1275,1,1
2505,1,1
965,1,1
3439,1,1
39,1,1
2829,1,1
2408,1,1
4064,1,1
464,1,1
3260,1,1
3010,1,1
3128,1,1
3525,1,1
1281,1,1
102,1,1
790,1,1
2147,1,1
1322,0,1
3753,1,1
3645,1,1
3902,1,1
670,1,1
260,1,1
1922,1,1
960,1,1
3996,1,1
1675,1,1
2435,1,1
3863,1,1
3164,1,1
3129,1,1
47,1,1
1960,1,1
1062,1,1
2561,1,1
1706,1,1
1698,1,1
2976,1,1
2436,1,1
3400,1,1
2737,1,1
2471,1,1
2325,1,1
3773,1,1
2918,0,1
2654,1,1
1611,1,1
4057,1,0
1033,1,1
4012,1,1
4056,1,1
157,1,1
3368,1,1
2052,1,1
3711,1,1
593,1,1
397,1,1
3094,1,1
3947,1,1
3755,1,1
2606,1,1
262,1,1
271,1,1
3288,1,1
787,1,1
2597,1,1
11,1,1
61,1,1
3857,1,1
3120,1,1
3918,1,1
1752,1,1
3580,1,1
3459,1,1
380,1,1
927,1,1
799,1,1
2372,1,1
479,1,1
9,1,1
1904,1,1
3611,0,1
1925,1,1
690,1,1
164,1,1
1937,1,1
3149,1,1
1899,1,1
572,1,1
3244,1,1
3485,0,0
992,1,1
2373,1,1
403,1,1
3826,1,1
3351,1,1
274,1,1
553,1,1
764,1,1
551,1,1
