,y_test,prediction
446,0.97,0.982474800641817
6135,0.08,0.982474800641817
19013,0.17,0.982474800641817
23909,0.41,0.982474800641817
12605,0.99,0.982474800641817
17277,0.48,0.982474800641817
6781,0.01,0.982474800641817
14536,0.26,0.982474800641817
13136,0.86,0.982474800641817
11419,0.6,0.982474800641817
5251,0.57,0.982474800641817
18634,0.46,0.5891
21209,0.11,0.982474800641817
19338,0.73,0.982474800641817
14175,0.33,0.4812000000000001
8616,0.55,0.982474800641817
737,3.35,0.982474800641817
1546,0.33,0.982474800641817
2075,0.51,0.982474800641817
7959,0.89,0.982474800641817
20162,0.14,0.982474800641817
13859,0.38,0.982474800641817
1697,0.49,0.982474800641817
9875,0.74,0.982474800641817
10888,2.4,0.982474800641817
11781,0.14,0.982474800641817
6509,0.32,0.982474800641817
19545,0.92,0.982474800641817
5241,0.53,0.982474800641817
11606,0.85,0.982474800641817
20091,0.08,0.982474800641817
13661,0.36,0.982474800641817
4015,0.29,0.5122999999999998
23519,0.57,0.982474800641817
6236,0.51,0.982474800641817
12692,1.0,0.982474800641817
5352,1.09,0.982474800641817
10777,1.32,0.982474800641817
5503,1.13,0.982474800641817
3441,0.14,0.982474800641817
14529,0.51,0.982474800641817
12094,0.48,0.982474800641817
11305,0.97,0.982474800641817
557,0.59,0.982474800641817
9294,0.25,0.5011000000000001
2490,0.25,0.982474800641817
16959,0.4,0.982474800641817
23640,0.47,0.982474800641817
17451,0.07,0.982474800641817
589,1.0,0.982474800641817
16061,1.09,0.982474800641817
9941,0.55,0.982474800641817
13126,0.28,0.982474800641817
6012,0.71,0.982474800641817
1381,0.36,0.982474800641817
11508,0.39,0.982474800641817
14145,0.59,0.982474800641817
7680,0.56,0.982474800641817
21220,0.59,0.982474800641817
7890,0.0,0.982474800641817
4536,0.44,0.982474800641817
10303,0.18,0.982474800641817
16976,0.01,0.982474800641817
21491,0.57,0.982474800641817
21536,0.4,0.982474800641817
5960,0.59,0.982474800641817
338,0.99,0.982474800641817
12629,0.28,0.982474800641817
20245,0.53,0.982474800641817
15478,0.62,0.982474800641817
20522,0.31,0.982474800641817
2886,0.56,0.982474800641817
7848,1.87,0.982474800641817
17301,0.24,0.982474800641817
2188,0.78,0.982474800641817
12674,0.92,0.982474800641817
9056,0.49,0.982474800641817
22693,0.54,0.982474800641817
2276,0.43,0.982474800641817
10562,0.38,0.982474800641817
23450,0.5,0.982474800641817
22759,0.37,0.982474800641817
15103,0.63,0.982474800641817
8183,1.25,0.982474800641817
15967,1.79,0.982474800641817
9986,0.3,0.982474800641817
17295,0.33,0.982474800641817
3691,0.7,0.982474800641817
20586,0.68,0.982474800641817
9258,0.56,0.6313999999999999
4941,0.33,0.982474800641817
13535,1.18,0.982474800641817
16860,1.26,0.982474800641817
2773,0.6,0.982474800641817
2634,0.19,0.982474800641817
9890,0.94,0.982474800641817
9900,0.4,0.982474800641817
11639,0.82,0.982474800641817
2500,0.95,0.982474800641817
22014,0.21,0.982474800641817
6093,0.54,0.982474800641817
4872,2.51,0.982474800641817
10931,0.36,0.982474800641817
20700,0.37,0.982474800641817
3899,0.78,0.982474800641817
805,0.12,0.982474800641817
5062,0.35,0.982474800641817
5600,1.72,0.982474800641817
1506,0.73,0.982474800641817
9382,0.67,0.982474800641817
6869,1.35,0.982474800641817
1591,0.84,0.982474800641817
4989,0.41,0.982474800641817
19002,0.77,0.982474800641817
14464,68.35,0.982474800641817
5692,0.51,0.5006
16941,0.97,0.982474800641817
15328,1.63,0.982474800641817
11334,0.54,0.982474800641817
2812,23.53,0.982474800641817
18407,1.14,0.982474800641817
5861,1.28,0.982474800641817
189,0.24,0.982474800641817
6440,0.55,0.982474800641817
14908,0.43,0.982474800641817
1948,0.72,0.982474800641817
17806,0.36,0.982474800641817
22258,0.54,0.982474800641817
19765,0.86,0.982474800641817
5564,0.52,0.982474800641817
5815,0.48,0.4998999999999997
20736,0.45,0.982474800641817
23546,0.4,0.982474800641817
17246,0.46,0.982474800641817
19717,7.2,0.982474800641817
8229,0.89,0.982474800641817
22484,0.32,0.982474800641817
5460,0.61,0.982474800641817
23760,0.54,0.982474800641817
9337,0.49,0.982474800641817
6831,0.81,0.982474800641817
4435,0.72,0.44169999999999987
9198,0.78,0.982474800641817
3901,0.62,0.982474800641817
19540,0.3,0.982474800641817
2766,2.81,0.982474800641817
20180,1.01,0.982474800641817
11731,0.59,0.982474800641817
10191,0.32,0.5642999999999998
6779,0.01,0.982474800641817
8010,0.37,0.7268999999999997
22020,0.39,0.5423
818,0.03,0.982474800641817
5086,0.48,0.982474800641817
10427,0.89,0.982474800641817
22304,0.71,0.982474800641817
3285,0.29,0.982474800641817
21144,0.35,0.982474800641817
13040,0.31,0.982474800641817
23878,0.86,0.982474800641817
17396,0.56,0.5657000000000001
7068,0.68,0.982474800641817
17821,0.6,0.982474800641817
12997,0.75,0.982474800641817
20585,0.67,0.982474800641817
20096,0.02,0.982474800641817
20215,0.93,0.982474800641817
4336,0.34,0.49339999999999995
21110,1.09,0.982474800641817
2980,0.42,0.982474800641817
19851,2.35,0.982474800641817
18558,0.45,0.982474800641817
8044,1.73,0.982474800641817
4330,0.46,0.982474800641817
6023,0.62,0.982474800641817
15046,0.51,0.5327000000000001
23219,0.4,0.982474800641817
11432,0.65,0.982474800641817
19808,0.66,0.5943381853157512
12138,1.76,0.982474800641817
20247,0.88,0.982474800641817
7668,0.47,0.982474800641817
20765,0.49,0.982474800641817
12461,0.85,0.982474800641817
12176,0.43,0.982474800641817
13241,0.37,0.982474800641817
20721,0.33,0.982474800641817
5249,0.53,0.982474800641817
7650,0.35,0.982474800641817
23043,0.71,0.982474800641817
17233,0.87,0.982474800641817
22208,0.66,0.982474800641817
14222,1.45,0.982474800641817
6656,0.78,0.982474800641817
18945,0.52,0.982474800641817
15222,0.93,0.982474800641817
316,0.97,0.982474800641817
20951,0.05,0.982474800641817
14618,0.5,0.982474800641817
9655,0.27,0.982474800641817
1681,0.36,0.982474800641817
13614,0.43,0.982474800641817
17162,0.38,0.982474800641817
7844,0.99,0.982474800641817
20956,0.06,0.982474800641817
12427,0.32,0.982474800641817
21289,0.42,0.982474800641817
17972,0.69,0.982474800641817
12194,0.45,0.982474800641817
11515,0.34,0.982474800641817
23215,0.39,0.982474800641817
5050,0.5,0.982474800641817
14153,0.87,0.982474800641817
3918,0.75,0.982474800641817
13611,0.73,0.982474800641817
6905,0.9,0.982474800641817
20659,1.61,0.982474800641817
787,0.62,0.5275999999999998
280,1.11,0.982474800641817
21801,0.59,0.982474800641817
2557,1.12,0.982474800641817
10186,0.5,0.982474800641817
20156,0.08,0.982474800641817
8252,0.87,0.982474800641817
6110,1.2,0.982474800641817
3629,0.93,0.982474800641817
7906,0.01,0.982474800641817
22310,0.6,0.982474800641817
15282,0.76,0.982474800641817
14957,0.36,0.982474800641817
9643,0.09,0.478
22536,0.28,0.982474800641817
8750,0.59,0.5415000000000001
6473,1.06,0.982474800641817
18133,0.24,0.982474800641817
17454,0.04,0.982474800641817
21605,0.58,0.982474800641817
4317,1.0,0.982474800641817
20728,0.43,0.982474800641817
18750,0.5,0.982474800641817
18213,0.54,0.982474800641817
2945,0.52,0.982474800641817
11985,0.33,0.982474800641817
12752,0.79,0.982474800641817
18361,0.47,0.982474800641817
10833,0.73,0.982474800641817
8911,0.02,0.982474800641817
11485,0.24,0.982474800641817
10115,1.8,0.982474800641817
8796,0.01,0.982474800641817
20816,0.61,0.982474800641817
23823,0.28,0.982474800641817
19969,77.5,0.982474800641817
13431,0.01,0.982474800641817
16915,0.49,0.982474800641817
14358,1.04,0.982474800641817
11726,0.43,0.982474800641817
15668,0.47,0.5017999999999999
15792,0.54,0.982474800641817
10975,1.05,0.982474800641817
22539,0.3,0.982474800641817
21471,0.49,0.982474800641817
18464,0.68,0.982474800641817
1773,0.47,0.982474800641817
13516,0.77,0.982474800641817
6010,0.18,0.982474800641817
216,0.51,0.982474800641817
4444,0.33,0.982474800641817
16084,0.88,0.982474800641817
20785,0.5,0.982474800641817
18770,0.47,0.982474800641817
20371,0.64,0.982474800641817
19956,0.69,0.49839999999999995
2414,0.41,0.982474800641817
85,0.41,0.982474800641817
15375,0.54,0.982474800641817
11561,1.71,0.982474800641817
1656,0.62,0.982474800641817
1684,0.57,0.982474800641817
2105,0.09,0.982474800641817
15421,0.88,0.982474800641817
18621,0.57,0.6038000000000001
23164,0.58,0.982474800641817
15362,0.45,0.982474800641817
22409,0.96,0.982474800641817
11324,0.41,0.982474800641817
9366,0.36,0.982474800641817
1515,0.78,0.982474800641817
851,0.36,0.982474800641817
3491,0.5,0.982474800641817
23331,0.69,0.982474800641817
23590,0.33,0.982474800641817
13836,0.33,0.982474800641817
15622,0.97,0.982474800641817
8695,0.38,0.982474800641817
12713,0.39,0.982474800641817
18146,0.73,0.982474800641817
22761,0.4,0.982474800641817
20406,0.32,0.982474800641817
15357,0.47,0.982474800641817
8537,0.84,0.982474800641817
2147,0.47,0.982474800641817
9358,0.52,0.982474800641817
13854,0.36,0.982474800641817
19114,0.58,0.982474800641817
23171,0.79,0.982474800641817
3275,0.29,0.982474800641817
18823,0.73,0.982474800641817
16508,1.08,0.982474800641817
9770,0.41,0.7006
4836,0.54,0.982474800641817
18578,1.08,0.982474800641817
1924,0.57,0.4197000000000002
18780,2.06,0.982474800641817
14917,0.65,0.982474800641817
135,0.5,0.982474800641817
22082,0.53,0.982474800641817
11684,0.56,0.982474800641817
17743,0.55,0.982474800641817
9268,0.81,0.982474800641817
12490,1.02,0.982474800641817
14765,0.1,0.982474800641817
19505,1.04,0.982474800641817
17291,1.17,0.982474800641817
13984,0.26,0.982474800641817
1659,0.48,0.982474800641817
70,1.15,0.5013999999999998
320,1.0,0.982474800641817
13281,0.11,0.982474800641817
17967,0.76,0.982474800641817
17574,0.93,0.982474800641817
23075,0.82,0.982474800641817
6847,0.54,0.982474800641817
9733,0.39,0.982474800641817
14041,1.28,0.982474800641817
4681,0.6,0.982474800641817
1122,0.98,0.982474800641817
10397,0.77,0.982474800641817
11927,0.27,0.982474800641817
4346,0.53,0.5618000000000001
11664,0.37,0.982474800641817
11796,0.38,0.982474800641817
16113,0.35,0.5640999999999999
5049,0.54,0.5549
2572,0.19,0.982474800641817
12364,0.45,0.982474800641817
1915,0.84,0.982474800641817
281,2.06,0.982474800641817
23753,0.53,0.982474800641817
21031,0.09,0.982474800641817
15573,0.48,0.982474800641817
17187,0.33,0.5154999999999997
11920,0.44,0.982474800641817
4889,0.47,0.982474800641817
23027,0.26,0.982474800641817
21366,0.25,0.982474800641817
13868,0.21,0.982474800641817
3262,0.6,0.982474800641817
5046,0.39,0.982474800641817
19193,0.47,0.982474800641817
5798,0.41,0.982474800641817
2430,0.92,0.5721999999999997
7234,0.45,0.5568999999999997
16274,0.62,0.982474800641817
309,0.78,0.982474800641817
11027,0.8,0.982474800641817
5807,0.49,0.982474800641817
18092,0.73,0.982474800641817
1489,0.47,0.982474800641817
22478,0.69,0.982474800641817
18195,0.06,0.982474800641817
6362,0.22,0.982474800641817
154,1.19,0.982474800641817
23269,0.58,0.982474800641817
1917,0.51,0.982474800641817
14992,0.84,0.982474800641817
4281,0.03,0.982474800641817
10532,1.17,0.982474800641817
3429,0.25,0.982474800641817
13125,0.31,0.982474800641817
7309,1.02,0.982474800641817
11351,0.28,0.982474800641817
22879,0.74,0.982474800641817
15923,0.56,0.982474800641817
19312,0.14,0.982474800641817
2201,0.99,0.982474800641817
20123,1.13,0.982474800641817
6334,0.61,0.982474800641817
8871,0.32,0.982474800641817
8590,0.3,0.982474800641817
22617,0.55,0.982474800641817
23890,0.59,0.982474800641817
17899,0.25,0.982474800641817
19387,0.67,0.4797
15876,0.5,0.982474800641817
23398,0.59,0.982474800641817
15655,0.95,0.982474800641817
910,0.97,0.982474800641817
15510,0.78,0.982474800641817
16339,0.87,0.982474800641817
5109,0.38,0.982474800641817
5980,0.43,0.982474800641817
13826,0.23,0.982474800641817
15361,0.18,0.982474800641817
2047,0.79,0.6618000000000002
1166,0.7,0.982474800641817
20234,0.68,0.982474800641817
20145,0.57,0.982474800641817
21626,0.9,0.982474800641817
8612,1.28,0.982474800641817
19320,0.61,0.982474800641817
103,0.38,0.982474800641817
23746,0.34,0.982474800641817
6120,0.57,0.982474800641817
22750,0.83,0.982474800641817
4574,0.52,0.982474800641817
11905,0.48,0.982474800641817
14549,12.54,0.982474800641817
23195,0.59,0.982474800641817
8880,0.35,0.982474800641817
7676,0.45,0.982474800641817
4211,0.64,0.982474800641817
7817,0.02,0.982474800641817
23977,0.21,0.982474800641817
18409,1.07,0.982474800641817
10473,0.53,0.982474800641817
8052,0.45,0.982474800641817
21905,0.51,0.982474800641817
12371,0.3,0.982474800641817
10938,0.17,0.982474800641817
8433,0.67,0.982474800641817
7912,0.0,0.982474800641817
18773,0.72,0.982474800641817
20837,0.43,0.982474800641817
4907,0.72,0.982474800641817
22424,0.89,0.982474800641817
16963,0.63,0.982474800641817
2013,1.94,0.982474800641817
3804,0.23,0.982474800641817
2916,0.37,0.982474800641817
13778,0.62,0.982474800641817
6403,0.12,0.982474800641817
13764,0.44,0.982474800641817
23131,0.19,0.982474800641817
14856,0.7,0.982474800641817
8802,0.71,0.6197999999999998
16775,0.61,0.982474800641817
23526,0.39,0.982474800641817
6480,1.28,0.982474800641817
12665,0.61,0.982474800641817
8657,0.29,0.982474800641817
11100,0.65,0.982474800641817
1313,0.46,0.982474800641817
5311,0.53,0.5055000000000001
18220,0.8,0.982474800641817
17837,0.1,0.982474800641817
681,0.56,0.982474800641817
1835,0.4,0.6258
526,0.59,0.982474800641817
12903,0.98,0.982474800641817
6395,0.85,0.982474800641817
10711,0.93,0.982474800641817
22704,0.59,0.982474800641817
17167,1.58,0.982474800641817
21390,0.61,0.6816999999999998
22951,0.05,0.982474800641817
3570,0.87,0.982474800641817
16767,0.24,0.982474800641817
1956,0.57,0.982474800641817
22352,0.64,0.5002999999999999
21894,0.4,0.5583
6888,0.48,0.982474800641817
23114,0.5,0.982474800641817
22331,0.76,0.982474800641817
4048,0.43,0.982474800641817
16688,0.19,0.982474800641817
15910,0.4,0.7511999999999999
23623,0.29,0.982474800641817
18468,0.75,0.982474800641817
9793,0.51,0.982474800641817
13005,1.08,0.982474800641817
20924,0.53,0.982474800641817
18466,0.64,0.982474800641817
23882,0.73,0.982474800641817
9239,2.59,0.982474800641817
22641,0.36,0.982474800641817
1334,0.92,0.5831000000000001
11603,0.07,0.982474800641817
3035,0.38,0.982474800641817
5747,0.5,0.982474800641817
22901,0.46,0.982474800641817
6251,0.24,0.982474800641817
18315,0.72,0.982474800641817
6874,0.31,0.982474800641817
6944,0.82,0.982474800641817
1794,0.71,0.982474800641817
10661,0.19,0.982474800641817
23494,0.64,0.982474800641817
21011,0.4,0.982474800641817
9519,0.63,0.982474800641817
3942,0.51,0.982474800641817
13667,0.31,0.982474800641817
5344,0.58,0.982474800641817
1434,1.31,0.982474800641817
16969,0.62,0.982474800641817
22799,0.49,0.982474800641817
21006,0.62,0.982474800641817
8959,0.46,0.982474800641817
13562,0.92,0.982474800641817
14671,0.34,0.982474800641817
14011,0.94,0.982474800641817
22051,0.59,0.43959999999999977
3678,1.58,0.982474800641817
13607,0.7,0.982474800641817
15568,0.4,0.982474800641817
2554,0.85,0.982474800641817
6161,0.39,0.982474800641817
11814,0.4,0.982474800641817
13184,1.34,0.982474800641817
8821,0.45,0.982474800641817
8064,0.54,0.982474800641817
7093,0.44,0.982474800641817
15187,0.52,0.4590599999999997
1757,0.55,0.982474800641817
17317,0.0,0.982474800641817
22639,0.64,0.982474800641817
1125,0.9,0.982474800641817
12880,0.37,0.982474800641817
15454,1.19,0.982474800641817
22140,0.36,0.4982999999999999
14483,0.41,0.982474800641817
13349,1.82,0.982474800641817
22877,0.76,0.982474800641817
23971,0.54,0.982474800641817
1130,0.38,0.982474800641817
7091,0.36,0.982474800641817
22213,0.47,0.982474800641817
17913,0.48,0.982474800641817
8080,0.3,0.982474800641817
15837,0.59,0.982474800641817
22268,0.49,0.47035999999999994
12001,0.35,0.982474800641817
17057,0.42,0.982474800641817
13986,1.59,0.982474800641817
8754,0.48,0.982474800641817
301,0.52,0.982474800641817
2951,0.66,0.982474800641817
2654,0.76,0.982474800641817
16684,0.09,0.982474800641817
22161,0.67,0.982474800641817
9011,0.8,0.982474800641817
14214,0.86,0.982474800641817
675,0.29,0.982474800641817
10758,0.64,0.982474800641817
9153,0.75,0.982474800641817
6167,0.26,0.982474800641817
265,1.41,0.982474800641817
10514,0.6,0.982474800641817
23483,0.76,0.982474800641817
21147,0.33,0.982474800641817
11745,0.54,0.982474800641817
5813,0.53,0.49029999999999985
21267,0.58,0.7254999999999997
14624,0.78,0.982474800641817
8971,26.04,0.982474800641817
15542,0.79,0.982474800641817
2078,0.5,0.982474800641817
20110,0.95,0.982474800641817
13814,1.01,0.982474800641817
15872,0.63,0.982474800641817
15691,0.56,0.982474800641817
20866,0.6,0.6144999999999998
16329,2.5,0.982474800641817
19009,0.08,0.982474800641817
21141,0.48,0.982474800641817
6893,0.72,0.982474800641817
11128,0.7,0.48649999999999993
21018,0.18,0.982474800641817
11034,0.67,0.982474800641817
21054,0.11,0.982474800641817
22559,0.47,0.982474800641817
18955,0.23,0.982474800641817
712,5.19,0.982474800641817
17551,0.31,0.982474800641817
9378,0.62,0.982474800641817
14575,0.84,0.982474800641817
23678,0.36,0.982474800641817
14193,0.56,0.982474800641817
23093,0.34,0.982474800641817
7338,0.5,0.982474800641817
6700,0.5,0.982474800641817
19723,2.97,0.982474800641817
23324,0.46,0.982474800641817
5219,0.43,0.982474800641817
4539,0.75,0.982474800641817
6871,1.24,0.982474800641817
23611,0.43,0.982474800641817
20263,0.25,0.4316000000000001
12316,0.96,0.982474800641817
6810,0.01,0.982474800641817
8177,2.02,0.982474800641817
15532,1.28,0.982474800641817
17007,0.67,0.982474800641817
4738,0.68,0.982474800641817
15389,1.32,0.982474800641817
19121,0.56,0.982474800641817
1408,0.7,0.982474800641817
18533,1.57,0.982474800641817
17827,0.08,0.982474800641817
166,0.7,0.982474800641817
15555,0.61,0.982474800641817
5419,0.57,0.982474800641817
11693,0.78,0.8766799999999998
19991,0.65,0.982474800641817
6425,0.78,0.982474800641817
21408,0.56,0.982474800641817
23980,0.8,0.982474800641817
3552,0.31,0.5787
22684,1.2,0.982474800641817
18759,0.82,0.982474800641817
14190,0.37,0.982474800641817
21989,1.55,0.982474800641817
20611,0.55,0.982474800641817
5742,0.44,0.982474800641817
14851,0.39,0.982474800641817
21021,0.16,0.982474800641817
6017,0.6,0.982474800641817
11410,0.56,0.982474800641817
19915,0.4,0.982474800641817
5989,0.29,0.7075
22838,0.62,0.982474800641817
9782,1.22,0.982474800641817
15179,0.6,0.982474800641817
1962,0.65,0.982474800641817
2620,0.48,0.982474800641817
15881,0.3,0.6092799360511588
11568,0.06,0.982474800641817
1054,0.57,0.982474800641817
13225,1.49,0.982474800641817
21422,0.31,0.982474800641817
2573,0.17,0.982474800641817
17617,0.45,0.982474800641817
19374,1.47,0.982474800641817
12162,0.64,0.982474800641817
15080,0.9,0.982474800641817
11833,1.43,0.982474800641817
2397,0.58,0.982474800641817
16683,0.46,0.6195999999999999
4263,0.19,0.982474800641817
20078,0.75,0.982474800641817
7673,0.53,0.982474800641817
16655,0.65,0.982474800641817
11466,0.31,0.982474800641817
7708,0.51,0.982474800641817
21266,0.43,0.982474800641817
17987,1.01,0.982474800641817
8392,0.33,0.982474800641817
16563,0.61,0.982474800641817
1219,0.71,0.982474800641817
15341,0.86,0.982474800641817
17886,0.44,0.982474800641817
7529,0.32,0.982474800641817
23712,0.51,0.982474800641817
21912,0.55,0.982474800641817
18337,0.56,0.982474800641817
299,0.72,0.982474800641817
1646,0.53,0.982474800641817
13815,0.62,0.982474800641817
3707,0.59,0.982474800641817
5201,0.73,0.982474800641817
5558,0.66,0.982474800641817
16755,0.36,0.982474800641817
23647,0.96,0.982474800641817
8851,2.82,0.982474800641817
531,0.76,0.982474800641817
1236,0.73,0.982474800641817
2469,0.37,0.982474800641817
11857,0.5,0.982474800641817
14296,1.12,0.982474800641817
4644,1.12,0.982474800641817
20267,0.6,0.982474800641817
9812,1.72,0.982474800641817
13425,1.17,0.982474800641817
10021,0.04,0.982474800641817
9132,0.4,0.982474800641817
18158,0.76,0.982474800641817
13155,1.15,0.982474800641817
10713,0.81,0.982474800641817
23148,0.57,0.982474800641817
22961,0.31,0.982474800641817
12037,0.52,0.982474800641817
5957,0.47,0.982474800641817
6122,0.41,0.4726000000000001
3395,2.12,0.982474800641817
6108,2.0,0.982474800641817
7089,0.3,0.982474800641817
22588,0.28,0.982474800641817
4633,0.41,0.982474800641817
22350,0.35,0.982474800641817
18130,0.62,0.4540999999999999
554,0.38,0.982474800641817
21986,0.63,0.982474800641817
20506,0.43,0.982474800641817
15382,0.3,0.982474800641817
13912,0.78,0.982474800641817
9797,1.86,0.982474800641817
18820,0.28,0.982474800641817
11125,0.52,0.982474800641817
12009,0.66,0.982474800641817
14161,0.26,0.44439999999999985
9820,0.44,0.982474800641817
11285,0.46,0.5467999999999998
14148,0.23,0.982474800641817
14748,0.18,0.982474800641817
23717,0.66,0.982474800641817
7899,0.01,0.982474800641817
12106,0.56,0.982474800641817
22245,0.59,0.982474800641817
16653,14.22,0.982474800641817
9329,0.26,0.982474800641817
19184,0.28,0.982474800641817
23723,0.43,0.982474800641817
10977,1.58,0.982474800641817
13722,0.0,0.982474800641817
2811,21.58,0.982474800641817
1303,0.43,0.982474800641817
17645,0.55,0.982474800641817
13675,0.37,0.982474800641817
1092,0.26,0.982474800641817
20538,0.5,0.5068999999999998
16206,0.75,0.982474800641817
12181,0.35,0.982474800641817
3886,0.46,0.982474800641817
14658,0.32,0.982474800641817
7895,0.0,0.982474800641817
4134,0.15,0.982474800641817
23248,0.32,0.982474800641817
6381,0.7,0.982474800641817
23642,0.36,0.982474800641817
18934,0.97,0.982474800641817
18008,0.54,0.982474800641817
13906,0.96,0.982474800641817
21164,0.42,0.982474800641817
10658,0.13,0.982474800641817
11023,0.34,0.5591
11789,0.46,0.982474800641817
22863,0.49,0.982474800641817
12014,0.67,0.982474800641817
22591,0.15,0.982474800641817
23424,0.02,0.982474800641817
6861,0.06,0.982474800641817
1123,0.98,0.982474800641817
853,0.14,0.982474800641817
7880,0.0,0.982474800641817
8335,0.43,0.46310000000000007
6816,0.0,0.982474800641817
7046,0.72,0.982474800641817
793,0.73,0.982474800641817
8171,2.72,0.982474800641817
9227,0.83,0.982474800641817
15307,0.3,0.982474800641817
15260,0.36,0.982474800641817
11002,0.54,0.982474800641817
4008,0.46,0.982474800641817
306,0.68,0.982474800641817
4862,0.52,0.982474800641817
1116,0.96,0.982474800641817
23633,0.61,0.982474800641817
11634,1.05,0.982474800641817
4151,0.89,0.982474800641817
13371,0.55,0.982474800641817
9430,0.65,0.982474800641817
12494,0.76,0.982474800641817
4262,0.7,0.982474800641817
16681,0.35,0.982474800641817
13201,0.2,0.982474800641817
3693,0.62,0.982474800641817
7081,0.18,0.982474800641817
14695,0.85,0.982474800641817
22264,0.44,0.5233000000000001
12710,0.62,0.982474800641817
3882,1.0,0.982474800641817
6409,0.45,0.982474800641817
10198,0.67,0.4872000000000001
10549,0.52,0.982474800641817
4884,0.6,0.5367999999999998
15114,0.49,0.982474800641817
9093,0.41,0.982474800641817
16848,0.29,0.982474800641817
5744,0.44,0.4839
23505,0.49,0.982474800641817
8135,0.7,0.7351000000000001
919,0.55,0.982474800641817
16630,0.15,0.982474800641817
11577,0.53,0.982474800641817
12169,0.83,0.982474800641817
15940,0.28,0.586
8722,0.22,0.982474800641817
9412,0.2,0.982474800641817
23729,0.3,0.982474800641817
17880,0.62,0.982474800641817
61,0.86,0.982474800641817
10441,0.34,0.982474800641817
9176,0.59,0.982474800641817
7815,0.03,0.982474800641817
31,0.68,0.982474800641817
3563,0.74,0.982474800641817
4184,1.2,0.982474800641817
1157,0.47,0.5246000000000002
17971,0.87,0.982474800641817
5796,0.54,0.982474800641817
17315,0.0,0.982474800641817
9646,0.22,0.982474800641817
8637,0.53,0.982474800641817
8943,0.31,0.982474800641817
9822,0.95,0.982474800641817
1178,0.56,0.982474800641817
19186,0.5,0.982474800641817
10534,1.24,0.982474800641817
16644,43.07,0.982474800641817
12584,0.86,0.982474800641817
6946,0.78,0.982474800641817
22768,0.37,0.982474800641817
8247,0.96,0.982474800641817
2194,0.53,0.982474800641817
4141,0.54,0.4595000000000001
14630,23.03,0.982474800641817
23846,0.46,0.982474800641817
16876,0.64,0.982474800641817
9627,0.47,0.982474800641817
5879,0.45,0.982474800641817
13272,0.07,0.982474800641817
19699,0.79,0.982474800641817
23431,0.34,0.982474800641817
7520,0.8,0.982474800641817
19024,0.11,0.982474800641817
20170,1.2,0.982474800641817
20789,0.23,0.982474800641817
10263,0.43,0.982474800641817
22507,0.75,0.982474800641817
23810,0.41,0.982474800641817
18639,0.66,0.5167999999999998
663,0.53,0.982474800641817
14685,0.82,0.982474800641817
9081,0.45,0.5025000000000001
18995,0.81,0.982474800641817
17745,0.46,0.982474800641817
3727,0.63,0.982474800641817
13832,0.36,0.982474800641817
1498,0.72,0.982474800641817
13239,0.38,0.982474800641817
7592,0.42,0.982474800641817
19039,1.55,0.982474800641817
22610,0.41,0.982474800641817
8581,0.53,0.982474800641817
13067,0.29,0.982474800641817
22835,0.76,0.982474800641817
3384,0.68,0.982474800641817
10617,0.32,0.982474800641817
291,0.32,0.982474800641817
15452,1.07,0.982474800641817
21688,1.78,0.982474800641817
17763,0.7,0.982474800641817
1482,0.26,0.982474800641817
16376,0.61,0.982474800641817
12888,0.78,0.982474800641817
17263,0.84,0.982474800641817
17054,0.87,0.982474800641817
14009,1.05,0.982474800641817
2129,0.91,0.982474800641817
22727,0.35,0.982474800641817
8769,0.93,0.982474800641817
13891,0.01,0.982474800641817
17749,0.08,0.982474800641817
3734,0.4,0.982474800641817
23261,0.37,0.982474800641817
19977,56.96,0.982474800641817
16524,0.76,0.4876000000000002
612,0.58,0.982474800641817
23884,0.67,0.982474800641817
20166,1.24,0.982474800641817
3539,0.41,0.982474800641817
3582,0.45,0.982474800641817
12017,0.73,0.982474800641817
5128,0.11,0.982474800641817
14592,0.28,0.5147999999999999
20671,0.09,0.982474800641817
20689,0.8,0.5026000000000003
17386,0.6,0.982474800641817
1720,0.5,0.982474800641817
18906,11.5,0.982474800641817
19616,1.1,0.982474800641817
16294,0.49,0.982474800641817
18246,0.36,0.982474800641817
15592,0.26,0.982474800641817
10893,3.36,0.982474800641817
8558,0.13,0.982474800641817
11190,0.51,0.982474800641817
9330,0.43,0.982474800641817
5054,0.54,0.982474800641817
11918,0.26,0.982474800641817
7018,0.87,0.982474800641817
21259,0.63,0.982474800641817
23781,0.61,0.982474800641817
17668,0.7,0.982474800641817
21845,0.29,0.4944999999999997
4379,0.57,0.982474800641817
778,0.38,0.982474800641817
18051,0.47,0.982474800641817
5915,0.75,0.982474800641817
19770,1.01,0.982474800641817
14603,0.01,0.982474800641817
8738,0.67,0.982474800641817
12851,0.73,0.982474800641817
21254,0.96,0.982474800641817
337,1.02,0.982474800641817
11428,0.68,0.982474800641817
16397,0.36,0.5006999999999997
15295,0.51,0.982474800641817
7561,0.13,0.982474800641817
6359,0.26,0.982474800641817
13150,1.02,0.982474800641817
22483,0.37,0.982474800641817
6319,0.4,0.982474800641817
19311,0.27,0.982474800641817
5212,0.4,0.982474800641817
3933,0.52,0.982474800641817
14109,0.49,0.5303999999999996
20940,0.63,0.982474800641817
11928,0.28,0.982474800641817
10380,0.75,0.982474800641817
7968,0.78,0.982474800641817
872,0.75,0.982474800641817
18104,0.4,0.982474800641817
19623,0.66,0.982474800641817
8315,0.7,0.982474800641817
9847,0.75,0.982474800641817
744,0.95,0.982474800641817
21738,0.62,0.982474800641817
18263,0.54,0.982474800641817
233,0.75,0.5677999999999999
6069,0.1,0.982474800641817
5517,0.48,0.982474800641817
21169,0.69,0.982474800641817
12282,0.79,0.982474800641817
23516,0.49,0.982474800641817
11038,0.56,0.982474800641817
23870,0.26,0.982474800641817
22387,0.83,0.982474800641817
21384,0.46,0.5722
13591,0.32,0.982474800641817
14064,0.88,0.982474800641817
15335,0.6,0.982474800641817
15265,0.65,0.982474800641817
10253,0.4,0.982474800641817
7423,1.39,0.982474800641817
14405,0.72,0.982474800641817
5233,1.27,0.982474800641817
10519,0.49,0.982474800641817
5588,0.58,0.982474800641817
15631,0.93,0.982474800641817
16055,0.27,0.4802189336681216
22602,0.64,0.982474800641817
17137,0.49,0.982474800641817
19802,0.64,0.982474800641817
1306,0.55,0.982474800641817
4266,0.05,0.982474800641817
1941,0.46,0.982474800641817
5598,1.78,0.982474800641817
5296,0.07,0.982474800641817
17957,1.16,0.982474800641817
2631,0.2,0.982474800641817
17453,0.18,0.982474800641817
1021,0.4,0.982474800641817
9404,0.18,0.982474800641817
2655,0.87,0.982474800641817
18192,0.04,0.982474800641817
14441,0.92,0.982474800641817
620,0.78,0.982474800641817
19246,0.46,0.982474800641817
579,0.49,0.982474800641817
18259,0.71,0.982474800641817
8502,0.7,0.982474800641817
12404,0.96,0.982474800641817
6453,0.15,0.982474800641817
13469,1.24,0.982474800641817
1789,0.88,0.982474800641817
23127,0.36,0.982474800641817
8269,1.08,0.982474800641817
21388,0.39,0.5153000000000003
11008,0.53,0.982474800641817
23096,0.24,0.982474800641817
21082,0.61,0.5332519495458165
18600,0.54,0.982474800641817
2590,1.12,0.982474800641817
23748,0.83,0.982474800641817
2386,0.88,0.982474800641817
15579,0.24,0.982474800641817
3977,0.93,0.982474800641817
21653,0.69,0.982474800641817
6433,0.16,0.982474800641817
18168,0.44,0.49849999999999994
22699,0.85,0.982474800641817
22503,0.43,0.982474800641817
4580,0.43,0.982474800641817
23260,0.58,0.982474800641817
19473,1.65,0.982474800641817
556,0.4,0.982474800641817
7483,0.54,0.982474800641817
6806,0.0,0.982474800641817
5275,0.53,0.982474800641817
21481,0.52,0.982474800641817
1867,0.28,0.982474800641817
4455,0.51,0.982474800641817
735,4.24,0.982474800641817
14132,0.01,0.982474800641817
1118,0.84,0.982474800641817
18725,0.22,0.982474800641817
20957,0.03,0.982474800641817
16412,0.14,0.982474800641817
845,0.34,0.982474800641817
23628,1.24,0.982474800641817
7328,0.82,0.982474800641817
8709,0.72,0.982474800641817
1819,1.32,0.982474800641817
6253,0.31,0.982474800641817
11904,0.46,0.982474800641817
22005,0.39,0.982474800641817
4268,0.09,0.982474800641817
20081,0.55,0.982474800641817
9511,0.7,0.982474800641817
16190,0.54,0.5757000000000001
3799,0.19,0.982474800641817
15818,0.48,0.4934999999999998
8731,1.23,0.982474800641817
1223,0.82,0.982474800641817
5734,0.49,0.982474800641817
1165,0.83,0.982474800641817
20605,0.83,0.982474800641817
16326,1.69,0.982474800641817
19131,1.16,0.982474800641817
23006,0.49,0.982474800641817
9658,0.45,0.982474800641817
6346,0.42,0.982474800641817
2586,0.43,0.982474800641817
13016,0.36,0.982474800641817
18353,0.5,0.982474800641817
11746,0.81,0.982474800641817
19966,91.74,0.982474800641817
22262,0.52,0.5061999999999997
9527,0.48,0.982474800641817
894,0.75,0.982474800641817
13512,0.92,0.982474800641817
11251,0.01,0.982474800641817
20916,1.04,0.982474800641817
14496,0.01,0.982474800641817
7567,0.03,0.982474800641817
2120,0.65,0.982474800641817
178,0.16,0.982474800641817
15768,0.04,0.982474800641817
12452,1.09,0.982474800641817
17982,0.96,0.982474800641817
23363,0.59,0.982474800641817
8844,0.81,0.982474800641817
10918,0.61,0.982474800641817
6837,0.57,0.982474800641817
16636,0.78,0.982474800641817
14119,0.49,0.618
20436,0.56,0.982474800641817
1484,0.42,0.982474800641817
16500,0.68,0.54056
2788,0.43,0.982474800641817
1438,0.68,0.982474800641817
23249,0.42,0.982474800641817
16377,0.94,0.982474800641817
1516,0.62,0.982474800641817
21771,0.48,0.982474800641817
1505,0.39,0.5515000000000002
6019,0.71,0.982474800641817
23987,0.37,0.982474800641817
21982,0.33,0.982474800641817
12258,0.91,0.4858999999999999
22078,0.75,0.49039999999999984
15405,0.43,0.5842
19990,1.99,0.982474800641817
3744,1.49,0.982474800641817
2203,0.82,0.982474800641817
6159,0.37,0.982474800641817
718,0.86,0.982474800641817
11908,0.76,0.982474800641817
21249,0.38,0.982474800641817
20909,0.44,0.982474800641817
191,0.23,0.982474800641817
3993,0.65,0.6017000000000001
14054,0.39,0.982474800641817
12732,0.4,0.982474800641817
5073,0.08,0.982474800641817
17306,0.0,0.982474800641817
21472,0.57,0.982474800641817
4367,1.24,0.982474800641817
10374,0.57,0.982474800641817
19627,0.88,0.982474800641817
19780,0.27,0.5668000000000001
10469,0.45,0.982474800641817
21393,0.49,0.6339326930772308
10291,0.91,0.982474800641817
18514,0.38,0.982474800641817
19549,0.43,0.982474800641817
6169,0.16,0.982474800641817
2489,0.24,0.982474800641817
15841,0.53,0.982474800641817
6786,0.0,0.982474800641817
15749,0.66,0.982474800641817
23180,0.44,0.982474800641817
1899,1.22,0.982474800641817
5043,0.81,0.6464129782950827
2019,0.73,0.982474800641817
11075,0.52,0.982474800641817
17696,0.63,0.982474800641817
2272,0.56,0.982474800641817
8498,0.75,0.982474800641817
2548,0.05,0.982474800641817
7900,0.04,0.982474800641817
21063,0.03,0.982474800641817
1135,0.77,0.982474800641817
1016,0.46,0.982474800641817
5192,1.65,0.982474800641817
17625,0.48,0.982474800641817
12388,0.28,0.982474800641817
14228,0.93,0.982474800641817
7793,0.79,0.982474800641817
13024,1.48,0.982474800641817
5701,1.0,0.982474800641817
3034,0.5,0.6569999999999997
9130,0.56,0.982474800641817
21099,0.31,0.982474800641817
22746,0.47,0.982474800641817
19269,0.34,0.982474800641817
7757,0.89,0.982474800641817
14125,0.0,0.982474800641817
1300,0.53,0.982474800641817
21428,0.17,0.982474800641817
17720,1.0,0.982474800641817
12970,6.28,0.982474800641817
23229,0.32,0.982474800641817
14005,1.05,0.982474800641817
22102,1.26,0.982474800641817
17012,0.36,0.982474800641817
11629,0.61,0.982474800641817
22553,0.15,0.982474800641817
12503,0.52,0.982474800641817
10999,0.5,0.982474800641817
13439,1.09,0.6054
16865,0.84,0.982474800641817
13934,1.22,0.982474800641817
410,0.51,0.982474800641817
1705,0.66,0.982474800641817
13852,1.19,0.982474800641817
10762,0.51,0.982474800641817
6143,0.31,0.982474800641817
23560,0.87,0.982474800641817
16069,1.31,0.982474800641817
3320,0.99,0.982474800641817
4420,0.39,0.982474800641817
18180,0.47,0.982474800641817
1520,0.55,0.5477000000000002
14611,1.34,0.982474800641817
17222,0.31,0.982474800641817
8276,0.38,0.982474800641817
9994,0.59,0.982474800641817
19647,0.34,0.5248999999999999
13128,0.27,0.982474800641817
8718,0.37,0.982474800641817
12767,0.36,0.982474800641817
22547,1.01,0.982474800641817
23465,0.24,0.982474800641817
8725,0.73,0.982474800641817
17174,1.22,0.982474800641817
972,0.61,0.982474800641817
7572,0.06,0.982474800641817
5170,0.26,0.982474800641817
12907,9.24,0.982474800641817
18805,0.48,0.982474800641817
21593,0.57,0.982474800641817
13579,0.49,0.5679000000000001
3990,0.57,0.5498000000000001
9490,0.64,0.982474800641817
6354,0.33,0.982474800641817
10087,0.61,0.982474800641817
2049,0.98,0.982474800641817
212,0.47,0.982474800641817
10591,0.56,0.5646
2718,0.29,0.982474800641817
8414,0.37,0.4671000000000001
15721,1.98,0.982474800641817
9689,0.25,0.982474800641817
22668,0.37,0.982474800641817
18818,0.35,0.982474800641817
5323,1.05,0.982474800641817
4290,0.34,0.5027
17053,0.59,0.982474800641817
22729,0.56,0.982474800641817
22821,0.42,0.982474800641817
23726,0.56,0.982474800641817
23368,0.65,0.982474800641817
7002,1.0,0.982474800641817
1462,0.6,0.982474800641817
17311,0.0,0.982474800641817
1986,0.78,0.982474800641817
5781,0.56,0.982474800641817
20607,0.26,0.982474800641817
5552,0.65,0.982474800641817
10718,0.68,0.982474800641817
11552,0.24,0.982474800641817
21150,0.2,0.982474800641817
5284,0.38,0.982474800641817
7915,0.23,0.982474800641817
23147,0.44,0.982474800641817
5018,0.07,0.982474800641817
5469,0.54,0.4999000000000004
601,0.18,0.982474800641817
23553,0.36,0.982474800641817
2749,0.2,0.982474800641817
5785,0.43,0.982474800641817
20825,0.54,0.982474800641817
20986,0.42,0.982474800641817
21591,0.76,0.982474800641817
13692,1.13,0.982474800641817
7687,1.03,0.982474800641817
16989,0.38,0.982474800641817
17954,0.97,0.982474800641817
1905,1.17,0.982474800641817
23668,0.33,0.982474800641817
2497,0.7,0.982474800641817
15738,0.5,0.982474800641817
6328,0.34,0.982474800641817
18947,0.52,0.982474800641817
23382,0.85,0.982474800641817
21766,0.37,0.982474800641817
23106,0.61,0.982474800641817
3199,0.63,0.982474800641817
18544,1.22,0.982474800641817
23015,0.5,0.982474800641817
12483,0.65,0.982474800641817
23354,0.48,0.982474800641817
13274,0.18,0.982474800641817
12816,3.89,0.982474800641817
9889,0.81,0.982474800641817
12958,23.8,0.982474800641817
3273,0.39,0.982474800641817
8515,2.83,0.982474800641817
5412,0.37,0.982474800641817
67,0.44,0.982474800641817
22534,0.2,0.982474800641817
1108,0.88,0.982474800641817
8342,0.77,0.982474800641817
17629,0.45,0.982474800641817
4201,1.03,0.982474800641817
11562,2.31,0.982474800641817
11893,0.54,0.982474800641817
14030,1.01,0.982474800641817
19939,0.46,0.982474800641817
4415,0.64,0.982474800641817
17699,0.45,0.982474800641817
16604,0.49,0.982474800641817
14438,0.56,0.982474800641817
23750,0.37,0.982474800641817
20725,0.43,0.982474800641817
12015,0.69,0.982474800641817
7637,0.33,0.982474800641817
22316,0.61,0.982474800641817
8867,0.43,0.4662000000000001
4819,0.65,0.982474800641817
6669,0.57,0.982474800641817
18967,0.02,0.982474800641817
18410,1.18,0.982474800641817
6558,0.28,0.982474800641817
10581,0.51,0.982474800641817
6596,0.14,0.982474800641817
5593,0.72,0.982474800641817
23118,0.4,0.982474800641817
3665,0.59,0.982474800641817
15916,0.77,0.982474800641817
17213,0.5,0.982474800641817
13320,1.2,0.982474800641817
23094,0.51,0.982474800641817
13403,0.14,0.982474800641817
3593,0.41,0.49639999999999995
5187,0.5,0.982474800641817
13573,1.43,0.982474800641817
2450,0.58,0.982474800641817
1912,0.77,0.982474800641817
12012,0.73,0.982474800641817
7128,1.03,0.982474800641817
2315,0.52,0.5291999999999998
141,0.49,0.982474800641817
22984,1.23,0.982474800641817
176,0.43,0.982474800641817
11707,0.23,0.982474800641817
17533,0.4,0.982474800641817
3427,0.31,0.982474800641817
22228,0.78,0.982474800641817
18341,0.38,0.4273000000000001
7133,0.68,0.982474800641817
7771,0.61,0.982474800641817
8253,0.21,0.982474800641817
17689,0.29,0.982474800641817
8060,0.47,0.982474800641817
5136,0.85,0.4939
23555,0.64,0.982474800641817
14417,0.55,0.982474800641817
115,0.7,0.982474800641817
16980,0.02,0.982474800641817
223,0.43,0.982474800641817
3719,0.7,0.982474800641817
9206,0.59,0.982474800641817
12114,0.68,0.982474800641817
772,0.33,0.982474800641817
10152,0.72,0.982474800641817
23393,0.3,0.982474800641817
11451,0.51,0.982474800641817
11019,0.46,0.982474800641817
20532,0.25,0.982474800641817
7550,0.59,0.982474800641817
3438,0.17,0.982474800641817
16158,0.65,0.982474800641817
21344,0.26,0.982474800641817
6939,0.73,0.982474800641817
5162,0.73,0.982474800641817
12157,1.16,0.982474800641817
6393,0.63,0.982474800641817
15390,0.98,0.982474800641817
7391,0.94,0.982474800641817
7704,0.6,0.982474800641817
21178,0.66,0.982474800641817
10694,1.09,0.982474800641817
22287,0.38,0.6378
7576,0.91,0.982474800641817
860,0.94,0.982474800641817
10266,0.28,0.8898
19993,0.35,0.982474800641817
23304,0.73,0.982474800641817
17075,0.49,0.982474800641817
22802,0.41,0.982474800641817
9709,0.93,0.982474800641817
11121,0.31,0.982474800641817
15535,1.45,0.982474800641817
21865,0.56,0.982474800641817
14413,0.33,0.982474800641817
18333,1.18,0.982474800641817
13465,0.63,0.982474800641817
7823,0.02,0.982474800641817
2274,0.31,0.982474800641817
12351,0.66,0.982474800641817
10955,0.36,0.982474800641817
1060,0.63,0.982474800641817
1084,0.59,0.982474800641817
23579,0.42,0.982474800641817
14659,0.43,0.982474800641817
22512,1.66,0.982474800641817
19305,0.51,0.982474800641817
9857,0.57,0.982474800641817
2338,0.53,0.982474800641817
6832,0.59,0.982474800641817
20759,0.69,0.982474800641817
14164,0.43,0.982474800641817
821,0.46,0.5194
2710,0.71,0.982474800641817
4999,0.07,0.982474800641817
