,y_test,prediction
446,0.97,0.9574315192365591
6135,0.08,0.9574315192365591
19013,0.17,0.9574315192365591
23909,0.41,0.9574315192365591
12605,0.99,0.9574315192365591
17277,0.48,0.9574315192365591
6781,0.01,0.9574315192365591
14536,0.26,0.9574315192365591
13136,0.86,0.9574315192365591
11419,0.6,0.9574315192365591
5251,0.57,0.9574315192365591
18634,0.46,0.7568807482989637
21209,0.11,0.9574315192365591
19338,0.73,0.9574315192365591
14175,0.33,0.8915974210696541
8616,0.55,0.9574315192365591
737,3.35,0.9574315192365591
1546,0.33,0.9574315192365591
2075,0.51,0.9574315192365591
7959,0.89,0.9574315192365591
20162,0.14,0.9574315192365591
13859,0.38,0.9574315192365591
1697,0.49,0.9574315192365591
9875,0.74,0.9574315192365591
10888,2.4,0.9574315192365591
11781,0.14,0.9574315192365591
6509,0.32,0.9574315192365591
19545,0.92,0.9574315192365591
5241,0.53,0.9574315192365591
11606,0.85,0.9574315192365591
20091,0.08,0.9574315192365591
13661,0.36,0.9574315192365591
4015,0.29,0.7472428321649022
23519,0.57,0.9574315192365591
6236,0.51,0.9574315192365591
12692,1.0,0.9574315192365591
5352,1.09,0.9574315192365591
10777,1.32,0.9574315192365591
5503,1.13,0.9574315192365591
3441,0.14,0.9574315192365591
14529,0.51,0.9574315192365591
12094,0.48,0.9574315192365591
11305,0.97,0.9574315192365591
557,0.59,0.9574315192365591
9294,0.25,0.9332238497323687
2490,0.25,0.9574315192365591
16959,0.4,0.9574315192365591
23640,0.47,0.9574315192365591
17451,0.07,0.9574315192365591
589,1.0,0.9574315192365591
16061,1.09,0.9574315192365591
9941,0.55,0.9574315192365591
13126,0.28,0.9574315192365591
6012,0.71,0.9574315192365591
1381,0.36,0.9574315192365591
11508,0.39,0.9574315192365591
14145,0.59,0.9574315192365591
7680,0.56,0.9574315192365591
21220,0.59,0.9574315192365591
7890,0.0,0.9574315192365591
4536,0.44,0.9574315192365591
10303,0.18,0.9574315192365591
16976,0.01,0.9574315192365591
21491,0.57,0.9574315192365591
21536,0.4,0.9574315192365591
5960,0.59,0.9574315192365591
338,0.99,0.9574315192365591
12629,0.28,0.9574315192365591
20245,0.53,0.9574315192365591
15478,0.62,0.9574315192365591
20522,0.31,0.9574315192365591
2886,0.56,0.9574315192365591
7848,1.87,0.9574315192365591
17301,0.24,0.9574315192365591
2188,0.78,0.9574315192365591
12674,0.92,0.9574315192365591
9056,0.49,0.9574315192365591
22693,0.54,0.9574315192365591
2276,0.43,0.9574315192365591
10562,0.38,0.9574315192365591
23450,0.5,0.9574315192365591
22759,0.37,0.9574315192365591
15103,0.63,0.9574315192365591
8183,1.25,0.9574315192365591
15967,1.79,0.9574315192365591
9986,0.3,0.9574315192365591
17295,0.33,0.9574315192365591
3691,0.7,0.9574315192365591
20586,0.68,0.9574315192365591
9258,0.56,0.455306981353237
4941,0.33,0.9574315192365591
13535,1.18,0.9574315192365591
16860,1.26,0.9574315192365591
2773,0.6,0.9574315192365591
2634,0.19,0.9574315192365591
9890,0.94,0.9574315192365591
9900,0.4,0.9574315192365591
11639,0.82,0.9574315192365591
2500,0.95,0.9574315192365591
22014,0.21,0.9574315192365591
6093,0.54,0.9574315192365591
4872,2.51,0.9574315192365591
10931,0.36,0.9574315192365591
20700,0.37,0.9574315192365591
3899,0.78,0.9574315192365591
805,0.12,0.9574315192365591
5062,0.35,0.9574315192365591
5600,1.72,0.9574315192365591
1506,0.73,0.9574315192365591
9382,0.67,0.9574315192365591
6869,1.35,0.9574315192365591
1591,0.84,0.9574315192365591
4989,0.41,0.9574315192365591
19002,0.77,0.9574315192365591
14464,68.35,0.9574315192365591
5692,0.51,0.9528812837100047
16941,0.97,0.9574315192365591
15328,1.63,0.9574315192365591
11334,0.54,0.9574315192365591
2812,23.53,0.9574315192365591
18407,1.14,0.9574315192365591
5861,1.28,0.9574315192365591
189,0.24,0.9574315192365591
6440,0.55,0.9574315192365591
14908,0.43,0.9574315192365591
1948,0.72,0.9574315192365591
17806,0.36,0.9574315192365591
22258,0.54,0.9574315192365591
19765,0.86,0.9574315192365591
5564,0.52,0.9574315192365591
5815,0.48,0.6061737901610792
20736,0.45,0.9574315192365591
23546,0.4,0.9574315192365591
17246,0.46,0.9574315192365591
19717,7.2,0.9574315192365591
8229,0.89,0.9574315192365591
22484,0.32,0.9574315192365591
5460,0.61,0.9574315192365591
23760,0.54,0.9574315192365591
9337,0.49,0.9574315192365591
6831,0.81,0.9574315192365591
4435,0.72,0.8081205512214528
9198,0.78,0.9574315192365591
3901,0.62,0.9574315192365591
19540,0.3,0.9574315192365591
2766,2.81,0.9574315192365591
20180,1.01,0.9574315192365591
11731,0.59,0.9574315192365591
10191,0.32,0.7470125525107422
6779,0.01,0.9574315192365591
8010,0.37,0.772125242620125
22020,0.39,0.7485752995784932
818,0.03,0.9574315192365591
5086,0.48,0.9574315192365591
10427,0.89,0.9574315192365591
22304,0.71,0.9574315192365591
3285,0.29,0.9574315192365591
21144,0.35,0.9574315192365591
13040,0.31,0.9574315192365591
23878,0.86,0.9574315192365591
17396,0.56,0.8503493175986887
7068,0.68,0.9574315192365591
17821,0.6,0.9574315192365591
12997,0.75,0.9574315192365591
20585,0.67,0.9574315192365591
20096,0.02,0.9574315192365591
20215,0.93,0.9574315192365591
4336,0.34,0.7249936133188893
21110,1.09,0.9574315192365591
2980,0.42,0.9574315192365591
19851,2.35,0.9574315192365591
18558,0.45,0.9574315192365591
8044,1.73,0.9574315192365591
4330,0.46,0.9574315192365591
6023,0.62,0.9574315192365591
15046,0.51,0.6782622647810337
23219,0.4,0.9574315192365591
11432,0.65,0.9574315192365591
19808,0.66,0.8010769180002271
12138,1.76,0.9574315192365591
20247,0.88,0.9574315192365591
7668,0.47,0.9574315192365591
20765,0.49,0.9574315192365591
12461,0.85,0.9574315192365591
12176,0.43,0.9574315192365591
13241,0.37,0.9574315192365591
20721,0.33,0.9574315192365591
5249,0.53,0.9574315192365591
7650,0.35,0.9574315192365591
23043,0.71,0.9574315192365591
17233,0.87,0.9574315192365591
22208,0.66,0.9574315192365591
14222,1.45,0.9574315192365591
6656,0.78,0.9574315192365591
18945,0.52,0.9574315192365591
15222,0.93,0.9574315192365591
316,0.97,0.9574315192365591
20951,0.05,0.9574315192365591
14618,0.5,0.9574315192365591
9655,0.27,0.9574315192365591
1681,0.36,0.9574315192365591
13614,0.43,0.9574315192365591
17162,0.38,0.9574315192365591
7844,0.99,0.9574315192365591
20956,0.06,0.9574315192365591
12427,0.32,0.9574315192365591
21289,0.42,0.9574315192365591
17972,0.69,0.9574315192365591
12194,0.45,0.9574315192365591
11515,0.34,0.9574315192365591
23215,0.39,0.9574315192365591
5050,0.5,0.9574315192365591
14153,0.87,0.9574315192365591
3918,0.75,0.9574315192365591
13611,0.73,0.9574315192365591
6905,0.9,0.9574315192365591
20659,1.61,0.9574315192365591
787,0.62,0.859318869868194
280,1.11,0.9574315192365591
21801,0.59,0.9574315192365591
2557,1.12,0.9574315192365591
10186,0.5,0.9574315192365591
20156,0.08,0.9574315192365591
8252,0.87,0.9574315192365591
6110,1.2,0.9574315192365591
3629,0.93,0.9574315192365591
7906,0.01,0.9574315192365591
22310,0.6,0.9574315192365591
15282,0.76,0.9574315192365591
14957,0.36,0.9574315192365591
9643,0.09,0.7303378153111517
22536,0.28,0.9574315192365591
8750,0.59,0.9234930764150233
6473,1.06,0.9574315192365591
18133,0.24,0.9574315192365591
17454,0.04,0.9574315192365591
21605,0.58,0.9574315192365591
4317,1.0,0.9574315192365591
20728,0.43,0.9574315192365591
18750,0.5,0.9574315192365591
18213,0.54,0.9574315192365591
2945,0.52,0.9574315192365591
11985,0.33,0.9574315192365591
12752,0.79,0.9574315192365591
18361,0.47,0.9574315192365591
10833,0.73,0.9574315192365591
8911,0.02,0.9574315192365591
11485,0.24,0.9574315192365591
10115,1.8,0.9574315192365591
8796,0.01,0.9574315192365591
20816,0.61,0.9574315192365591
23823,0.28,0.9574315192365591
19969,77.5,0.9574315192365591
13431,0.01,0.9574315192365591
16915,0.49,0.9574315192365591
14358,1.04,0.9574315192365591
11726,0.43,0.9574315192365591
15668,0.47,0.7427725186517531
15792,0.54,0.9574315192365591
10975,1.05,0.9574315192365591
22539,0.3,0.9574315192365591
21471,0.49,0.9574315192365591
18464,0.68,0.9574315192365591
1773,0.47,0.9574315192365591
13516,0.77,0.9574315192365591
6010,0.18,0.9574315192365591
216,0.51,0.9574315192365591
4444,0.33,0.9574315192365591
16084,0.88,0.9574315192365591
20785,0.5,0.9574315192365591
18770,0.47,0.9574315192365591
20371,0.64,0.9574315192365591
19956,0.69,0.7919428531777654
2414,0.41,0.9574315192365591
85,0.41,0.9574315192365591
15375,0.54,0.9574315192365591
11561,1.71,0.9574315192365591
1656,0.62,0.9574315192365591
1684,0.57,0.9574315192365591
2105,0.09,0.9574315192365591
15421,0.88,0.9574315192365591
18621,0.57,0.8492679674452304
23164,0.58,0.9574315192365591
15362,0.45,0.9574315192365591
22409,0.96,0.9574315192365591
11324,0.41,0.9574315192365591
9366,0.36,0.9574315192365591
1515,0.78,0.9574315192365591
851,0.36,0.9574315192365591
3491,0.5,0.9574315192365591
23331,0.69,0.9574315192365591
23590,0.33,0.9574315192365591
13836,0.33,0.9574315192365591
15622,0.97,0.9574315192365591
8695,0.38,0.9574315192365591
12713,0.39,0.9574315192365591
18146,0.73,0.9574315192365591
22761,0.4,0.9574315192365591
20406,0.32,0.9574315192365591
15357,0.47,0.9574315192365591
8537,0.84,0.9574315192365591
2147,0.47,0.9574315192365591
9358,0.52,0.9574315192365591
13854,0.36,0.9574315192365591
19114,0.58,0.9574315192365591
23171,0.79,0.9574315192365591
3275,0.29,0.9574315192365591
18823,0.73,0.9574315192365591
16508,1.08,0.9574315192365591
9770,0.41,0.40753178292796277
4836,0.54,0.9574315192365591
18578,1.08,0.9574315192365591
1924,0.57,0.8014650911111127
18780,2.06,0.9574315192365591
14917,0.65,0.9574315192365591
135,0.5,0.9574315192365591
22082,0.53,0.9574315192365591
11684,0.56,0.9574315192365591
17743,0.55,0.9574315192365591
9268,0.81,0.9574315192365591
12490,1.02,0.9574315192365591
14765,0.1,0.9574315192365591
19505,1.04,0.9574315192365591
17291,1.17,0.9574315192365591
13984,0.26,0.9574315192365591
1659,0.48,0.9574315192365591
70,1.15,0.8771460477411147
320,1.0,0.9574315192365591
13281,0.11,0.9574315192365591
17967,0.76,0.9574315192365591
17574,0.93,0.9574315192365591
23075,0.82,0.9574315192365591
6847,0.54,0.9574315192365591
9733,0.39,0.9574315192365591
14041,1.28,0.9574315192365591
4681,0.6,0.9574315192365591
1122,0.98,0.9574315192365591
10397,0.77,0.9574315192365591
11927,0.27,0.9574315192365591
4346,0.53,0.7651261426527427
11664,0.37,0.9574315192365591
11796,0.38,0.9574315192365591
16113,0.35,0.7954333801805823
5049,0.54,0.7814370302012638
2572,0.19,0.9574315192365591
12364,0.45,0.9574315192365591
1915,0.84,0.9574315192365591
281,2.06,0.9574315192365591
23753,0.53,0.9574315192365591
21031,0.09,0.9574315192365591
15573,0.48,0.9574315192365591
17187,0.33,0.8114849558951881
11920,0.44,0.9574315192365591
4889,0.47,0.9574315192365591
23027,0.26,0.9574315192365591
21366,0.25,0.9574315192365591
13868,0.21,0.9574315192365591
3262,0.6,0.9574315192365591
5046,0.39,0.9574315192365591
19193,0.47,0.9574315192365591
5798,0.41,0.9574315192365591
2430,0.92,0.721411199686131
7234,0.45,0.7233378681822122
16274,0.62,0.9574315192365591
309,0.78,0.9574315192365591
11027,0.8,0.9574315192365591
5807,0.49,0.9574315192365591
18092,0.73,0.9574315192365591
1489,0.47,0.9574315192365591
22478,0.69,0.9574315192365591
18195,0.06,0.9574315192365591
6362,0.22,0.9574315192365591
154,1.19,0.9574315192365591
23269,0.58,0.9574315192365591
1917,0.51,0.9574315192365591
14992,0.84,0.9574315192365591
4281,0.03,0.9574315192365591
10532,1.17,0.9574315192365591
3429,0.25,0.9574315192365591
13125,0.31,0.9574315192365591
7309,1.02,0.9574315192365591
11351,0.28,0.9574315192365591
22879,0.74,0.9574315192365591
15923,0.56,0.9574315192365591
19312,0.14,0.9574315192365591
2201,0.99,0.9574315192365591
20123,1.13,0.9574315192365591
6334,0.61,0.9574315192365591
8871,0.32,0.9574315192365591
8590,0.3,0.9574315192365591
22617,0.55,0.9574315192365591
23890,0.59,0.9574315192365591
17899,0.25,0.9574315192365591
19387,0.67,0.7506635222858867
15876,0.5,0.9574315192365591
23398,0.59,0.9574315192365591
15655,0.95,0.9574315192365591
910,0.97,0.9574315192365591
15510,0.78,0.9574315192365591
16339,0.87,0.9574315192365591
5109,0.38,0.9574315192365591
5980,0.43,0.9574315192365591
13826,0.23,0.9574315192365591
15361,0.18,0.9574315192365591
2047,0.79,0.9617021511549292
1166,0.7,0.9574315192365591
20234,0.68,0.9574315192365591
20145,0.57,0.9574315192365591
21626,0.9,0.9574315192365591
8612,1.28,0.9574315192365591
19320,0.61,0.9574315192365591
103,0.38,0.9574315192365591
23746,0.34,0.9574315192365591
6120,0.57,0.9574315192365591
22750,0.83,0.9574315192365591
4574,0.52,0.9574315192365591
11905,0.48,0.9574315192365591
14549,12.54,0.9574315192365591
23195,0.59,0.9574315192365591
8880,0.35,0.9574315192365591
7676,0.45,0.9574315192365591
4211,0.64,0.9574315192365591
7817,0.02,0.9574315192365591
23977,0.21,0.9574315192365591
18409,1.07,0.9574315192365591
10473,0.53,0.9574315192365591
8052,0.45,0.9574315192365591
21905,0.51,0.9574315192365591
12371,0.3,0.9574315192365591
10938,0.17,0.9574315192365591
8433,0.67,0.9574315192365591
7912,0.0,0.9574315192365591
18773,0.72,0.9574315192365591
20837,0.43,0.9574315192365591
4907,0.72,0.9574315192365591
22424,0.89,0.9574315192365591
16963,0.63,0.9574315192365591
2013,1.94,0.9574315192365591
3804,0.23,0.9574315192365591
2916,0.37,0.9574315192365591
13778,0.62,0.9574315192365591
6403,0.12,0.9574315192365591
13764,0.44,0.9574315192365591
23131,0.19,0.9574315192365591
14856,0.7,0.9574315192365591
8802,0.71,0.6444867880148885
16775,0.61,0.9574315192365591
23526,0.39,0.9574315192365591
6480,1.28,0.9574315192365591
12665,0.61,0.9574315192365591
8657,0.29,0.9574315192365591
11100,0.65,0.9574315192365591
1313,0.46,0.9574315192365591
5311,0.53,0.7446317009025047
18220,0.8,0.9574315192365591
17837,0.1,0.9574315192365591
681,0.56,0.9574315192365591
1835,0.4,0.5939284651719282
526,0.59,0.9574315192365591
12903,0.98,0.9574315192365591
6395,0.85,0.9574315192365591
10711,0.93,0.9574315192365591
22704,0.59,0.9574315192365591
17167,1.58,0.9574315192365591
21390,0.61,0.8836834763297287
22951,0.05,0.9574315192365591
3570,0.87,0.9574315192365591
16767,0.24,0.9574315192365591
1956,0.57,0.9574315192365591
22352,0.64,0.8257989059530713
21894,0.4,0.8402836421107464
6888,0.48,0.9574315192365591
23114,0.5,0.9574315192365591
22331,0.76,0.9574315192365591
4048,0.43,0.9574315192365591
16688,0.19,0.9574315192365591
15910,0.4,0.8591064273598933
23623,0.29,0.9574315192365591
18468,0.75,0.9574315192365591
9793,0.51,0.9574315192365591
13005,1.08,0.9574315192365591
20924,0.53,0.9574315192365591
18466,0.64,0.9574315192365591
23882,0.73,0.9574315192365591
9239,2.59,0.9574315192365591
22641,0.36,0.9574315192365591
1334,0.92,0.6913222246512951
11603,0.07,0.9574315192365591
3035,0.38,0.9574315192365591
5747,0.5,0.9574315192365591
22901,0.46,0.9574315192365591
6251,0.24,0.9574315192365591
18315,0.72,0.9574315192365591
6874,0.31,0.9574315192365591
6944,0.82,0.9574315192365591
1794,0.71,0.9574315192365591
10661,0.19,0.9574315192365591
23494,0.64,0.9574315192365591
21011,0.4,0.9574315192365591
9519,0.63,0.9574315192365591
3942,0.51,0.9574315192365591
13667,0.31,0.9574315192365591
5344,0.58,0.9574315192365591
1434,1.31,0.9574315192365591
16969,0.62,0.9574315192365591
22799,0.49,0.9574315192365591
21006,0.62,0.9574315192365591
8959,0.46,0.9574315192365591
13562,0.92,0.9574315192365591
14671,0.34,0.9574315192365591
14011,0.94,0.9574315192365591
22051,0.59,0.8775193261031885
3678,1.58,0.9574315192365591
13607,0.7,0.9574315192365591
15568,0.4,0.9574315192365591
2554,0.85,0.9574315192365591
6161,0.39,0.9574315192365591
11814,0.4,0.9574315192365591
13184,1.34,0.9574315192365591
8821,0.45,0.9574315192365591
8064,0.54,0.9574315192365591
7093,0.44,0.9574315192365591
15187,0.52,0.9063432813148167
1757,0.55,0.9574315192365591
17317,0.0,0.9574315192365591
22639,0.64,0.9574315192365591
1125,0.9,0.9574315192365591
12880,0.37,0.9574315192365591
15454,1.19,0.9574315192365591
22140,0.36,0.71177903531297
14483,0.41,0.9574315192365591
13349,1.82,0.9574315192365591
22877,0.76,0.9574315192365591
23971,0.54,0.9574315192365591
1130,0.38,0.9574315192365591
7091,0.36,0.9574315192365591
22213,0.47,0.9574315192365591
17913,0.48,0.9574315192365591
8080,0.3,0.9574315192365591
15837,0.59,0.9574315192365591
22268,0.49,0.8105602417623068
12001,0.35,0.9574315192365591
17057,0.42,0.9574315192365591
13986,1.59,0.9574315192365591
8754,0.48,0.9574315192365591
301,0.52,0.9574315192365591
2951,0.66,0.9574315192365591
2654,0.76,0.9574315192365591
16684,0.09,0.9574315192365591
22161,0.67,0.9574315192365591
9011,0.8,0.9574315192365591
14214,0.86,0.9574315192365591
675,0.29,0.9574315192365591
10758,0.64,0.9574315192365591
9153,0.75,0.9574315192365591
6167,0.26,0.9574315192365591
265,1.41,0.9574315192365591
10514,0.6,0.9574315192365591
23483,0.76,0.9574315192365591
21147,0.33,0.9574315192365591
11745,0.54,0.9574315192365591
5813,0.53,0.7827057972339468
21267,0.58,0.7203858991145857
14624,0.78,0.9574315192365591
8971,26.04,0.9574315192365591
15542,0.79,0.9574315192365591
2078,0.5,0.9574315192365591
20110,0.95,0.9574315192365591
13814,1.01,0.9574315192365591
15872,0.63,0.9574315192365591
15691,0.56,0.9574315192365591
20866,0.6,0.9008134507206778
16329,2.5,0.9574315192365591
19009,0.08,0.9574315192365591
21141,0.48,0.9574315192365591
6893,0.72,0.9574315192365591
11128,0.7,1.0010123161626054
21018,0.18,0.9574315192365591
11034,0.67,0.9574315192365591
21054,0.11,0.9574315192365591
22559,0.47,0.9574315192365591
18955,0.23,0.9574315192365591
712,5.19,0.9574315192365591
17551,0.31,0.9574315192365591
9378,0.62,0.9574315192365591
14575,0.84,0.9574315192365591
23678,0.36,0.9574315192365591
14193,0.56,0.9574315192365591
23093,0.34,0.9574315192365591
7338,0.5,0.9574315192365591
6700,0.5,0.9574315192365591
19723,2.97,0.9574315192365591
23324,0.46,0.9574315192365591
5219,0.43,0.9574315192365591
4539,0.75,0.9574315192365591
6871,1.24,0.9574315192365591
23611,0.43,0.9574315192365591
20263,0.25,0.8722229722268761
12316,0.96,0.9574315192365591
6810,0.01,0.9574315192365591
8177,2.02,0.9574315192365591
15532,1.28,0.9574315192365591
17007,0.67,0.9574315192365591
4738,0.68,0.9574315192365591
15389,1.32,0.9574315192365591
19121,0.56,0.9574315192365591
1408,0.7,0.9574315192365591
18533,1.57,0.9574315192365591
17827,0.08,0.9574315192365591
166,0.7,0.9574315192365591
15555,0.61,0.9574315192365591
5419,0.57,0.9574315192365591
11693,0.78,0.7264440626505957
19991,0.65,0.9574315192365591
6425,0.78,0.9574315192365591
21408,0.56,0.9574315192365591
23980,0.8,0.9574315192365591
3552,0.31,0.6556809857675736
22684,1.2,0.9574315192365591
18759,0.82,0.9574315192365591
14190,0.37,0.9574315192365591
21989,1.55,0.9574315192365591
20611,0.55,0.9574315192365591
5742,0.44,0.9574315192365591
14851,0.39,0.9574315192365591
21021,0.16,0.9574315192365591
6017,0.6,0.9574315192365591
11410,0.56,0.9574315192365591
19915,0.4,0.9574315192365591
5989,0.29,0.8098903497258905
22838,0.62,0.9574315192365591
9782,1.22,0.9574315192365591
15179,0.6,0.9574315192365591
1962,0.65,0.9574315192365591
2620,0.48,0.9574315192365591
15881,0.3,0.682125788745933
11568,0.06,0.9574315192365591
1054,0.57,0.9574315192365591
13225,1.49,0.9574315192365591
21422,0.31,0.9574315192365591
2573,0.17,0.9574315192365591
17617,0.45,0.9574315192365591
19374,1.47,0.9574315192365591
12162,0.64,0.9574315192365591
15080,0.9,0.9574315192365591
11833,1.43,0.9574315192365591
2397,0.58,0.9574315192365591
16683,0.46,0.8710118518841758
4263,0.19,0.9574315192365591
20078,0.75,0.9574315192365591
7673,0.53,0.9574315192365591
16655,0.65,0.9574315192365591
11466,0.31,0.9574315192365591
7708,0.51,0.9574315192365591
21266,0.43,0.9574315192365591
17987,1.01,0.9574315192365591
8392,0.33,0.9574315192365591
16563,0.61,0.9574315192365591
1219,0.71,0.9574315192365591
15341,0.86,0.9574315192365591
17886,0.44,0.9574315192365591
7529,0.32,0.9574315192365591
23712,0.51,0.9574315192365591
21912,0.55,0.9574315192365591
18337,0.56,0.9574315192365591
299,0.72,0.9574315192365591
1646,0.53,0.9574315192365591
13815,0.62,0.9574315192365591
3707,0.59,0.9574315192365591
5201,0.73,0.9574315192365591
5558,0.66,0.9574315192365591
16755,0.36,0.9574315192365591
23647,0.96,0.9574315192365591
8851,2.82,0.9574315192365591
531,0.76,0.9574315192365591
1236,0.73,0.9574315192365591
2469,0.37,0.9574315192365591
11857,0.5,0.9574315192365591
14296,1.12,0.9574315192365591
4644,1.12,0.9574315192365591
20267,0.6,0.9574315192365591
9812,1.72,0.9574315192365591
13425,1.17,0.9574315192365591
10021,0.04,0.9574315192365591
9132,0.4,0.9574315192365591
18158,0.76,0.9574315192365591
13155,1.15,0.9574315192365591
10713,0.81,0.9574315192365591
23148,0.57,0.9574315192365591
22961,0.31,0.9574315192365591
12037,0.52,0.9574315192365591
5957,0.47,0.9574315192365591
6122,0.41,0.856451943200327
3395,2.12,0.9574315192365591
6108,2.0,0.9574315192365591
7089,0.3,0.9574315192365591
22588,0.28,0.9574315192365591
4633,0.41,0.9574315192365591
22350,0.35,0.9574315192365591
18130,0.62,0.8503574017865474
554,0.38,0.9574315192365591
21986,0.63,0.9574315192365591
20506,0.43,0.9574315192365591
15382,0.3,0.9574315192365591
13912,0.78,0.9574315192365591
9797,1.86,0.9574315192365591
18820,0.28,0.9574315192365591
11125,0.52,0.9574315192365591
12009,0.66,0.9574315192365591
14161,0.26,0.7894671980700001
9820,0.44,0.9574315192365591
11285,0.46,0.5694159440614783
14148,0.23,0.9574315192365591
14748,0.18,0.9574315192365591
23717,0.66,0.9574315192365591
7899,0.01,0.9574315192365591
12106,0.56,0.9574315192365591
22245,0.59,0.9574315192365591
16653,14.22,0.9574315192365591
9329,0.26,0.9574315192365591
19184,0.28,0.9574315192365591
23723,0.43,0.9574315192365591
10977,1.58,0.9574315192365591
13722,0.0,0.9574315192365591
2811,21.58,0.9574315192365591
1303,0.43,0.9574315192365591
17645,0.55,0.9574315192365591
13675,0.37,0.9574315192365591
1092,0.26,0.9574315192365591
20538,0.5,0.6892070942620251
16206,0.75,0.9574315192365591
12181,0.35,0.9574315192365591
3886,0.46,0.9574315192365591
14658,0.32,0.9574315192365591
7895,0.0,0.9574315192365591
4134,0.15,0.9574315192365591
23248,0.32,0.9574315192365591
6381,0.7,0.9574315192365591
23642,0.36,0.9574315192365591
18934,0.97,0.9574315192365591
18008,0.54,0.9574315192365591
13906,0.96,0.9574315192365591
21164,0.42,0.9574315192365591
10658,0.13,0.9574315192365591
11023,0.34,0.8513884012709033
11789,0.46,0.9574315192365591
22863,0.49,0.9574315192365591
12014,0.67,0.9574315192365591
22591,0.15,0.9574315192365591
23424,0.02,0.9574315192365591
6861,0.06,0.9574315192365591
1123,0.98,0.9574315192365591
853,0.14,0.9574315192365591
7880,0.0,0.9574315192365591
8335,0.43,0.8742383347188203
6816,0.0,0.9574315192365591
7046,0.72,0.9574315192365591
793,0.73,0.9574315192365591
8171,2.72,0.9574315192365591
9227,0.83,0.9574315192365591
15307,0.3,0.9574315192365591
15260,0.36,0.9574315192365591
11002,0.54,0.9574315192365591
4008,0.46,0.9574315192365591
306,0.68,0.9574315192365591
4862,0.52,0.9574315192365591
1116,0.96,0.9574315192365591
23633,0.61,0.9574315192365591
11634,1.05,0.9574315192365591
4151,0.89,0.9574315192365591
13371,0.55,0.9574315192365591
9430,0.65,0.9574315192365591
12494,0.76,0.9574315192365591
4262,0.7,0.9574315192365591
16681,0.35,0.9574315192365591
13201,0.2,0.9574315192365591
3693,0.62,0.9574315192365591
7081,0.18,0.9574315192365591
14695,0.85,0.9574315192365591
22264,0.44,0.7262118027010318
12710,0.62,0.9574315192365591
3882,1.0,0.9574315192365591
6409,0.45,0.9574315192365591
10198,0.67,0.7304471959576267
10549,0.52,0.9574315192365591
4884,0.6,0.6465400210745906
15114,0.49,0.9574315192365591
9093,0.41,0.9574315192365591
16848,0.29,0.9574315192365591
5744,0.44,0.7973817824824101
23505,0.49,0.9574315192365591
8135,0.7,0.8143184373996657
919,0.55,0.9574315192365591
16630,0.15,0.9574315192365591
11577,0.53,0.9574315192365591
12169,0.83,0.9574315192365591
15940,0.28,0.934189222590863
8722,0.22,0.9574315192365591
9412,0.2,0.9574315192365591
23729,0.3,0.9574315192365591
17880,0.62,0.9574315192365591
61,0.86,0.9574315192365591
10441,0.34,0.9574315192365591
9176,0.59,0.9574315192365591
7815,0.03,0.9574315192365591
31,0.68,0.9574315192365591
3563,0.74,0.9574315192365591
4184,1.2,0.9574315192365591
1157,0.47,0.8615959881246995
17971,0.87,0.9574315192365591
5796,0.54,0.9574315192365591
17315,0.0,0.9574315192365591
9646,0.22,0.9574315192365591
8637,0.53,0.9574315192365591
8943,0.31,0.9574315192365591
9822,0.95,0.9574315192365591
1178,0.56,0.9574315192365591
19186,0.5,0.9574315192365591
10534,1.24,0.9574315192365591
16644,43.07,0.9574315192365591
12584,0.86,0.9574315192365591
6946,0.78,0.9574315192365591
22768,0.37,0.9574315192365591
8247,0.96,0.9574315192365591
2194,0.53,0.9574315192365591
4141,0.54,0.8879455253411546
14630,23.03,0.9574315192365591
23846,0.46,0.9574315192365591
16876,0.64,0.9574315192365591
9627,0.47,0.9574315192365591
5879,0.45,0.9574315192365591
13272,0.07,0.9574315192365591
19699,0.79,0.9574315192365591
23431,0.34,0.9574315192365591
7520,0.8,0.9574315192365591
19024,0.11,0.9574315192365591
20170,1.2,0.9574315192365591
20789,0.23,0.9574315192365591
10263,0.43,0.9574315192365591
22507,0.75,0.9574315192365591
23810,0.41,0.9574315192365591
18639,0.66,0.8482609810176842
663,0.53,0.9574315192365591
14685,0.82,0.9574315192365591
9081,0.45,0.8191751306183144
18995,0.81,0.9574315192365591
17745,0.46,0.9574315192365591
3727,0.63,0.9574315192365591
13832,0.36,0.9574315192365591
1498,0.72,0.9574315192365591
13239,0.38,0.9574315192365591
7592,0.42,0.9574315192365591
19039,1.55,0.9574315192365591
22610,0.41,0.9574315192365591
8581,0.53,0.9574315192365591
13067,0.29,0.9574315192365591
22835,0.76,0.9574315192365591
3384,0.68,0.9574315192365591
10617,0.32,0.9574315192365591
291,0.32,0.9574315192365591
15452,1.07,0.9574315192365591
21688,1.78,0.9574315192365591
17763,0.7,0.9574315192365591
1482,0.26,0.9574315192365591
16376,0.61,0.9574315192365591
12888,0.78,0.9574315192365591
17263,0.84,0.9574315192365591
17054,0.87,0.9574315192365591
14009,1.05,0.9574315192365591
2129,0.91,0.9574315192365591
22727,0.35,0.9574315192365591
8769,0.93,0.9574315192365591
13891,0.01,0.9574315192365591
17749,0.08,0.9574315192365591
3734,0.4,0.9574315192365591
23261,0.37,0.9574315192365591
19977,56.96,0.9574315192365591
16524,0.76,0.9027003056575199
612,0.58,0.9574315192365591
23884,0.67,0.9574315192365591
20166,1.24,0.9574315192365591
3539,0.41,0.9574315192365591
3582,0.45,0.9574315192365591
12017,0.73,0.9574315192365591
5128,0.11,0.9574315192365591
14592,0.28,0.9605473339951418
20671,0.09,0.9574315192365591
20689,0.8,0.6610134073788134
17386,0.6,0.9574315192365591
1720,0.5,0.9574315192365591
18906,11.5,0.9574315192365591
19616,1.1,0.9574315192365591
16294,0.49,0.9574315192365591
18246,0.36,0.9574315192365591
15592,0.26,0.9574315192365591
10893,3.36,0.9574315192365591
8558,0.13,0.9574315192365591
11190,0.51,0.9574315192365591
9330,0.43,0.9574315192365591
5054,0.54,0.9574315192365591
11918,0.26,0.9574315192365591
7018,0.87,0.9574315192365591
21259,0.63,0.9574315192365591
23781,0.61,0.9574315192365591
17668,0.7,0.9574315192365591
21845,0.29,0.7295195570792424
4379,0.57,0.9574315192365591
778,0.38,0.9574315192365591
18051,0.47,0.9574315192365591
5915,0.75,0.9574315192365591
19770,1.01,0.9574315192365591
14603,0.01,0.9574315192365591
8738,0.67,0.9574315192365591
12851,0.73,0.9574315192365591
21254,0.96,0.9574315192365591
337,1.02,0.9574315192365591
11428,0.68,0.9574315192365591
16397,0.36,0.8066489389378672
15295,0.51,0.9574315192365591
7561,0.13,0.9574315192365591
6359,0.26,0.9574315192365591
13150,1.02,0.9574315192365591
22483,0.37,0.9574315192365591
6319,0.4,0.9574315192365591
19311,0.27,0.9574315192365591
5212,0.4,0.9574315192365591
3933,0.52,0.9574315192365591
14109,0.49,0.6707492394501654
20940,0.63,0.9574315192365591
11928,0.28,0.9574315192365591
10380,0.75,0.9574315192365591
7968,0.78,0.9574315192365591
872,0.75,0.9574315192365591
18104,0.4,0.9574315192365591
19623,0.66,0.9574315192365591
8315,0.7,0.9574315192365591
9847,0.75,0.9574315192365591
744,0.95,0.9574315192365591
21738,0.62,0.9574315192365591
18263,0.54,0.9574315192365591
233,0.75,0.8478146471057083
6069,0.1,0.9574315192365591
5517,0.48,0.9574315192365591
21169,0.69,0.9574315192365591
12282,0.79,0.9574315192365591
23516,0.49,0.9574315192365591
11038,0.56,0.9574315192365591
23870,0.26,0.9574315192365591
22387,0.83,0.9574315192365591
21384,0.46,0.7324417692851957
13591,0.32,0.9574315192365591
14064,0.88,0.9574315192365591
15335,0.6,0.9574315192365591
15265,0.65,0.9574315192365591
10253,0.4,0.9574315192365591
7423,1.39,0.9574315192365591
14405,0.72,0.9574315192365591
5233,1.27,0.9574315192365591
10519,0.49,0.9574315192365591
5588,0.58,0.9574315192365591
15631,0.93,0.9574315192365591
16055,0.27,0.9256397667528051
22602,0.64,0.9574315192365591
17137,0.49,0.9574315192365591
19802,0.64,0.9574315192365591
1306,0.55,0.9574315192365591
4266,0.05,0.9574315192365591
1941,0.46,0.9574315192365591
5598,1.78,0.9574315192365591
5296,0.07,0.9574315192365591
17957,1.16,0.9574315192365591
2631,0.2,0.9574315192365591
17453,0.18,0.9574315192365591
1021,0.4,0.9574315192365591
9404,0.18,0.9574315192365591
2655,0.87,0.9574315192365591
18192,0.04,0.9574315192365591
14441,0.92,0.9574315192365591
620,0.78,0.9574315192365591
19246,0.46,0.9574315192365591
579,0.49,0.9574315192365591
18259,0.71,0.9574315192365591
8502,0.7,0.9574315192365591
12404,0.96,0.9574315192365591
6453,0.15,0.9574315192365591
13469,1.24,0.9574315192365591
1789,0.88,0.9574315192365591
23127,0.36,0.9574315192365591
8269,1.08,0.9574315192365591
21388,0.39,0.8114198588916165
11008,0.53,0.9574315192365591
23096,0.24,0.9574315192365591
21082,0.61,0.9046055664916166
18600,0.54,0.9574315192365591
2590,1.12,0.9574315192365591
23748,0.83,0.9574315192365591
2386,0.88,0.9574315192365591
15579,0.24,0.9574315192365591
3977,0.93,0.9574315192365591
21653,0.69,0.9574315192365591
6433,0.16,0.9574315192365591
18168,0.44,0.9476476693497405
22699,0.85,0.9574315192365591
22503,0.43,0.9574315192365591
4580,0.43,0.9574315192365591
23260,0.58,0.9574315192365591
19473,1.65,0.9574315192365591
556,0.4,0.9574315192365591
7483,0.54,0.9574315192365591
6806,0.0,0.9574315192365591
5275,0.53,0.9574315192365591
21481,0.52,0.9574315192365591
1867,0.28,0.9574315192365591
4455,0.51,0.9574315192365591
735,4.24,0.9574315192365591
14132,0.01,0.9574315192365591
1118,0.84,0.9574315192365591
18725,0.22,0.9574315192365591
20957,0.03,0.9574315192365591
16412,0.14,0.9574315192365591
845,0.34,0.9574315192365591
23628,1.24,0.9574315192365591
7328,0.82,0.9574315192365591
8709,0.72,0.9574315192365591
1819,1.32,0.9574315192365591
6253,0.31,0.9574315192365591
11904,0.46,0.9574315192365591
22005,0.39,0.9574315192365591
4268,0.09,0.9574315192365591
20081,0.55,0.9574315192365591
9511,0.7,0.9574315192365591
16190,0.54,0.6799032896310901
3799,0.19,0.9574315192365591
15818,0.48,0.8587987351542758
8731,1.23,0.9574315192365591
1223,0.82,0.9574315192365591
5734,0.49,0.9574315192365591
1165,0.83,0.9574315192365591
20605,0.83,0.9574315192365591
16326,1.69,0.9574315192365591
19131,1.16,0.9574315192365591
23006,0.49,0.9574315192365591
9658,0.45,0.9574315192365591
6346,0.42,0.9574315192365591
2586,0.43,0.9574315192365591
13016,0.36,0.9574315192365591
18353,0.5,0.9574315192365591
11746,0.81,0.9574315192365591
19966,91.74,0.9574315192365591
22262,0.52,0.6732949069279028
9527,0.48,0.9574315192365591
894,0.75,0.9574315192365591
13512,0.92,0.9574315192365591
11251,0.01,0.9574315192365591
20916,1.04,0.9574315192365591
14496,0.01,0.9574315192365591
7567,0.03,0.9574315192365591
2120,0.65,0.9574315192365591
178,0.16,0.9574315192365591
15768,0.04,0.9574315192365591
12452,1.09,0.9574315192365591
17982,0.96,0.9574315192365591
23363,0.59,0.9574315192365591
8844,0.81,0.9574315192365591
10918,0.61,0.9574315192365591
6837,0.57,0.9574315192365591
16636,0.78,0.9574315192365591
14119,0.49,0.890488039332551
20436,0.56,0.9574315192365591
1484,0.42,0.9574315192365591
16500,0.68,0.9264902801528564
2788,0.43,0.9574315192365591
1438,0.68,0.9574315192365591
23249,0.42,0.9574315192365591
16377,0.94,0.9574315192365591
1516,0.62,0.9574315192365591
21771,0.48,0.9574315192365591
1505,0.39,0.8065392509906868
6019,0.71,0.9574315192365591
23987,0.37,0.9574315192365591
21982,0.33,0.9574315192365591
12258,0.91,0.8258608166121719
22078,0.75,0.6541882752224084
15405,0.43,0.9061118086828112
19990,1.99,0.9574315192365591
3744,1.49,0.9574315192365591
2203,0.82,0.9574315192365591
6159,0.37,0.9574315192365591
718,0.86,0.9574315192365591
11908,0.76,0.9574315192365591
21249,0.38,0.9574315192365591
20909,0.44,0.9574315192365591
191,0.23,0.9574315192365591
3993,0.65,0.8084988353784165
14054,0.39,0.9574315192365591
12732,0.4,0.9574315192365591
5073,0.08,0.9574315192365591
17306,0.0,0.9574315192365591
21472,0.57,0.9574315192365591
4367,1.24,0.9574315192365591
10374,0.57,0.9574315192365591
19627,0.88,0.9574315192365591
19780,0.27,0.760080479868431
10469,0.45,0.9574315192365591
21393,0.49,0.847559304474498
10291,0.91,0.9574315192365591
18514,0.38,0.9574315192365591
19549,0.43,0.9574315192365591
6169,0.16,0.9574315192365591
2489,0.24,0.9574315192365591
15841,0.53,0.9574315192365591
6786,0.0,0.9574315192365591
15749,0.66,0.9574315192365591
23180,0.44,0.9574315192365591
1899,1.22,0.9574315192365591
5043,0.81,0.9700893970182505
2019,0.73,0.9574315192365591
11075,0.52,0.9574315192365591
17696,0.63,0.9574315192365591
2272,0.56,0.9574315192365591
8498,0.75,0.9574315192365591
2548,0.05,0.9574315192365591
7900,0.04,0.9574315192365591
21063,0.03,0.9574315192365591
1135,0.77,0.9574315192365591
1016,0.46,0.9574315192365591
5192,1.65,0.9574315192365591
17625,0.48,0.9574315192365591
12388,0.28,0.9574315192365591
14228,0.93,0.9574315192365591
7793,0.79,0.9574315192365591
13024,1.48,0.9574315192365591
5701,1.0,0.9574315192365591
3034,0.5,0.7504858970759751
9130,0.56,0.9574315192365591
21099,0.31,0.9574315192365591
22746,0.47,0.9574315192365591
19269,0.34,0.9574315192365591
7757,0.89,0.9574315192365591
14125,0.0,0.9574315192365591
1300,0.53,0.9574315192365591
21428,0.17,0.9574315192365591
17720,1.0,0.9574315192365591
12970,6.28,0.9574315192365591
23229,0.32,0.9574315192365591
14005,1.05,0.9574315192365591
22102,1.26,0.9574315192365591
17012,0.36,0.9574315192365591
11629,0.61,0.9574315192365591
22553,0.15,0.9574315192365591
12503,0.52,0.9574315192365591
10999,0.5,0.9574315192365591
13439,1.09,0.6354459538413171
16865,0.84,0.9574315192365591
13934,1.22,0.9574315192365591
410,0.51,0.9574315192365591
1705,0.66,0.9574315192365591
13852,1.19,0.9574315192365591
10762,0.51,0.9574315192365591
6143,0.31,0.9574315192365591
23560,0.87,0.9574315192365591
16069,1.31,0.9574315192365591
3320,0.99,0.9574315192365591
4420,0.39,0.9574315192365591
18180,0.47,0.9574315192365591
1520,0.55,0.8064666970321932
14611,1.34,0.9574315192365591
17222,0.31,0.9574315192365591
8276,0.38,0.9574315192365591
9994,0.59,0.9574315192365591
19647,0.34,0.7794569195367861
13128,0.27,0.9574315192365591
8718,0.37,0.9574315192365591
12767,0.36,0.9574315192365591
22547,1.01,0.9574315192365591
23465,0.24,0.9574315192365591
8725,0.73,0.9574315192365591
17174,1.22,0.9574315192365591
972,0.61,0.9574315192365591
7572,0.06,0.9574315192365591
5170,0.26,0.9574315192365591
12907,9.24,0.9574315192365591
18805,0.48,0.9574315192365591
21593,0.57,0.9574315192365591
13579,0.49,0.8588293016436629
3990,0.57,0.7360165286387008
9490,0.64,0.9574315192365591
6354,0.33,0.9574315192365591
10087,0.61,0.9574315192365591
2049,0.98,0.9574315192365591
212,0.47,0.9574315192365591
10591,0.56,0.7457339041256066
2718,0.29,0.9574315192365591
8414,0.37,0.5982751056038712
15721,1.98,0.9574315192365591
9689,0.25,0.9574315192365591
22668,0.37,0.9574315192365591
18818,0.35,0.9574315192365591
5323,1.05,0.9574315192365591
4290,0.34,0.7503070683563191
17053,0.59,0.9574315192365591
22729,0.56,0.9574315192365591
22821,0.42,0.9574315192365591
23726,0.56,0.9574315192365591
23368,0.65,0.9574315192365591
7002,1.0,0.9574315192365591
1462,0.6,0.9574315192365591
17311,0.0,0.9574315192365591
1986,0.78,0.9574315192365591
5781,0.56,0.9574315192365591
20607,0.26,0.9574315192365591
5552,0.65,0.9574315192365591
10718,0.68,0.9574315192365591
11552,0.24,0.9574315192365591
21150,0.2,0.9574315192365591
5284,0.38,0.9574315192365591
7915,0.23,0.9574315192365591
23147,0.44,0.9574315192365591
5018,0.07,0.9574315192365591
5469,0.54,0.9894210279807159
601,0.18,0.9574315192365591
23553,0.36,0.9574315192365591
2749,0.2,0.9574315192365591
5785,0.43,0.9574315192365591
20825,0.54,0.9574315192365591
20986,0.42,0.9574315192365591
21591,0.76,0.9574315192365591
13692,1.13,0.9574315192365591
7687,1.03,0.9574315192365591
16989,0.38,0.9574315192365591
17954,0.97,0.9574315192365591
1905,1.17,0.9574315192365591
23668,0.33,0.9574315192365591
2497,0.7,0.9574315192365591
15738,0.5,0.9574315192365591
6328,0.34,0.9574315192365591
18947,0.52,0.9574315192365591
23382,0.85,0.9574315192365591
21766,0.37,0.9574315192365591
23106,0.61,0.9574315192365591
3199,0.63,0.9574315192365591
18544,1.22,0.9574315192365591
23015,0.5,0.9574315192365591
12483,0.65,0.9574315192365591
23354,0.48,0.9574315192365591
13274,0.18,0.9574315192365591
12816,3.89,0.9574315192365591
9889,0.81,0.9574315192365591
12958,23.8,0.9574315192365591
3273,0.39,0.9574315192365591
8515,2.83,0.9574315192365591
5412,0.37,0.9574315192365591
67,0.44,0.9574315192365591
22534,0.2,0.9574315192365591
1108,0.88,0.9574315192365591
8342,0.77,0.9574315192365591
17629,0.45,0.9574315192365591
4201,1.03,0.9574315192365591
11562,2.31,0.9574315192365591
11893,0.54,0.9574315192365591
14030,1.01,0.9574315192365591
19939,0.46,0.9574315192365591
4415,0.64,0.9574315192365591
17699,0.45,0.9574315192365591
16604,0.49,0.9574315192365591
14438,0.56,0.9574315192365591
23750,0.37,0.9574315192365591
20725,0.43,0.9574315192365591
12015,0.69,0.9574315192365591
7637,0.33,0.9574315192365591
22316,0.61,0.9574315192365591
8867,0.43,0.9068960189868741
4819,0.65,0.9574315192365591
6669,0.57,0.9574315192365591
18967,0.02,0.9574315192365591
18410,1.18,0.9574315192365591
6558,0.28,0.9574315192365591
10581,0.51,0.9574315192365591
6596,0.14,0.9574315192365591
5593,0.72,0.9574315192365591
23118,0.4,0.9574315192365591
3665,0.59,0.9574315192365591
15916,0.77,0.9574315192365591
17213,0.5,0.9574315192365591
13320,1.2,0.9574315192365591
23094,0.51,0.9574315192365591
13403,0.14,0.9574315192365591
3593,0.41,0.6659383192006127
5187,0.5,0.9574315192365591
13573,1.43,0.9574315192365591
2450,0.58,0.9574315192365591
1912,0.77,0.9574315192365591
12012,0.73,0.9574315192365591
7128,1.03,0.9574315192365591
2315,0.52,0.8085142131868019
141,0.49,0.9574315192365591
22984,1.23,0.9574315192365591
176,0.43,0.9574315192365591
11707,0.23,0.9574315192365591
17533,0.4,0.9574315192365591
3427,0.31,0.9574315192365591
22228,0.78,0.9574315192365591
18341,0.38,0.7343584882295845
7133,0.68,0.9574315192365591
7771,0.61,0.9574315192365591
8253,0.21,0.9574315192365591
17689,0.29,0.9574315192365591
8060,0.47,0.9574315192365591
5136,0.85,0.7409675133023611
23555,0.64,0.9574315192365591
14417,0.55,0.9574315192365591
115,0.7,0.9574315192365591
16980,0.02,0.9574315192365591
223,0.43,0.9574315192365591
3719,0.7,0.9574315192365591
9206,0.59,0.9574315192365591
12114,0.68,0.9574315192365591
772,0.33,0.9574315192365591
10152,0.72,0.9574315192365591
23393,0.3,0.9574315192365591
11451,0.51,0.9574315192365591
11019,0.46,0.9574315192365591
20532,0.25,0.9574315192365591
7550,0.59,0.9574315192365591
3438,0.17,0.9574315192365591
16158,0.65,0.9574315192365591
21344,0.26,0.9574315192365591
6939,0.73,0.9574315192365591
5162,0.73,0.9574315192365591
12157,1.16,0.9574315192365591
6393,0.63,0.9574315192365591
15390,0.98,0.9574315192365591
7391,0.94,0.9574315192365591
7704,0.6,0.9574315192365591
21178,0.66,0.9574315192365591
10694,1.09,0.9574315192365591
22287,0.38,0.5874566301115036
7576,0.91,0.9574315192365591
860,0.94,0.9574315192365591
10266,0.28,0.8505110020809625
19993,0.35,0.9574315192365591
23304,0.73,0.9574315192365591
17075,0.49,0.9574315192365591
22802,0.41,0.9574315192365591
9709,0.93,0.9574315192365591
11121,0.31,0.9574315192365591
15535,1.45,0.9574315192365591
21865,0.56,0.9574315192365591
14413,0.33,0.9574315192365591
18333,1.18,0.9574315192365591
13465,0.63,0.9574315192365591
7823,0.02,0.9574315192365591
2274,0.31,0.9574315192365591
12351,0.66,0.9574315192365591
10955,0.36,0.9574315192365591
1060,0.63,0.9574315192365591
1084,0.59,0.9574315192365591
23579,0.42,0.9574315192365591
14659,0.43,0.9574315192365591
22512,1.66,0.9574315192365591
19305,0.51,0.9574315192365591
9857,0.57,0.9574315192365591
2338,0.53,0.9574315192365591
6832,0.59,0.9574315192365591
20759,0.69,0.9574315192365591
14164,0.43,0.9574315192365591
821,0.46,0.8999833259421388
2710,0.71,0.9574315192365591
4999,0.07,0.9574315192365591
