,y_test,prediction
446,0.97,0.9824748006418169
6135,0.08,0.9824748006418169
19013,0.17,0.9824748006418169
23909,0.41,0.9824748006418169
12605,0.99,0.9824748006418169
17277,0.48,0.9824748006418169
6781,0.01,0.9824748006418169
14536,0.26,0.9824748006418169
13136,0.86,0.9824748006418169
11419,0.6,0.9824748006418169
5251,0.57,0.9824748006418169
18634,0.46,0.5779000000000001
21209,0.11,0.9824748006418169
19338,0.73,0.9824748006418169
14175,0.33,0.4712000000000001
8616,0.55,0.9824748006418169
737,3.35,0.9824748006418169
1546,0.33,0.9824748006418169
2075,0.51,0.9824748006418169
7959,0.89,0.9824748006418169
20162,0.14,0.9824748006418169
13859,0.38,0.9824748006418169
1697,0.49,0.9824748006418169
9875,0.74,0.9824748006418169
10888,2.4,0.9824748006418169
11781,0.14,0.9824748006418169
6509,0.32,0.9824748006418169
19545,0.92,0.9824748006418169
5241,0.53,0.9824748006418169
11606,0.85,0.9824748006418169
20091,0.08,0.9824748006418169
13661,0.36,0.9824748006418169
4015,0.29,0.4973999999999998
23519,0.57,0.9824748006418169
6236,0.51,0.9824748006418169
12692,1.0,0.9824748006418169
5352,1.09,0.9824748006418169
10777,1.32,0.9824748006418169
5503,1.13,0.9824748006418169
3441,0.14,0.9824748006418169
14529,0.51,0.9824748006418169
12094,0.48,0.9824748006418169
11305,0.97,0.9824748006418169
557,0.59,0.9824748006418169
9294,0.25,0.4865
2490,0.25,0.9824748006418169
16959,0.4,0.9824748006418169
23640,0.47,0.9824748006418169
17451,0.07,0.9824748006418169
589,1.0,0.9824748006418169
16061,1.09,0.9824748006418169
9941,0.55,0.9824748006418169
13126,0.28,0.9824748006418169
6012,0.71,0.9824748006418169
1381,0.36,0.9824748006418169
11508,0.39,0.9824748006418169
14145,0.59,0.9824748006418169
7680,0.56,0.9824748006418169
21220,0.59,0.9824748006418169
7890,0.0,0.9824748006418169
4536,0.44,0.9824748006418169
10303,0.18,0.9824748006418169
16976,0.01,0.9824748006418169
21491,0.57,0.9824748006418169
21536,0.4,0.9824748006418169
5960,0.59,0.9824748006418169
338,0.99,0.9824748006418169
12629,0.28,0.9824748006418169
20245,0.53,0.9824748006418169
15478,0.62,0.9824748006418169
20522,0.31,0.9824748006418169
2886,0.56,0.9824748006418169
7848,1.87,0.9824748006418169
17301,0.24,0.9824748006418169
2188,0.78,0.9824748006418169
12674,0.92,0.9824748006418169
9056,0.49,0.9824748006418169
22693,0.54,0.9824748006418169
2276,0.43,0.9824748006418169
10562,0.38,0.9824748006418169
23450,0.5,0.9824748006418169
22759,0.37,0.9824748006418169
15103,0.63,0.9824748006418169
8183,1.25,0.9824748006418169
15967,1.79,0.9824748006418169
9986,0.3,0.9824748006418169
17295,0.33,0.9824748006418169
3691,0.7,0.9824748006418169
20586,0.68,0.9824748006418169
9258,0.56,0.6373999999999996
4941,0.33,0.9824748006418169
13535,1.18,0.9824748006418169
16860,1.26,0.9824748006418169
2773,0.6,0.9824748006418169
2634,0.19,0.9824748006418169
9890,0.94,0.9824748006418169
9900,0.4,0.9824748006418169
11639,0.82,0.9824748006418169
2500,0.95,0.9824748006418169
22014,0.21,0.9824748006418169
6093,0.54,0.9824748006418169
4872,2.51,0.9824748006418169
10931,0.36,0.9824748006418169
20700,0.37,0.9824748006418169
3899,0.78,0.9824748006418169
805,0.12,0.9824748006418169
5062,0.35,0.9824748006418169
5600,1.72,0.9824748006418169
1506,0.73,0.9824748006418169
9382,0.67,0.9824748006418169
6869,1.35,0.9824748006418169
1591,0.84,0.9824748006418169
4989,0.41,0.9824748006418169
19002,0.77,0.9824748006418169
14464,68.35,0.9824748006418169
5692,0.51,0.49439999999999995
16941,0.97,0.9824748006418169
15328,1.63,0.9824748006418169
11334,0.54,0.9824748006418169
2812,23.53,0.9824748006418169
18407,1.14,0.9824748006418169
5861,1.28,0.9824748006418169
189,0.24,0.9824748006418169
6440,0.55,0.9824748006418169
14908,0.43,0.9824748006418169
1948,0.72,0.9824748006418169
17806,0.36,0.9824748006418169
22258,0.54,0.9824748006418169
19765,0.86,0.9824748006418169
5564,0.52,0.9824748006418169
5815,0.48,0.5386999999999997
20736,0.45,0.9824748006418169
23546,0.4,0.9824748006418169
17246,0.46,0.9824748006418169
19717,7.2,0.9824748006418169
8229,0.89,0.9824748006418169
22484,0.32,0.9824748006418169
5460,0.61,0.9824748006418169
23760,0.54,0.9824748006418169
9337,0.49,0.9824748006418169
6831,0.81,0.9824748006418169
4435,0.72,0.5195000000000001
9198,0.78,0.9824748006418169
3901,0.62,0.9824748006418169
19540,0.3,0.9824748006418169
2766,2.81,0.9824748006418169
20180,1.01,0.9824748006418169
11731,0.59,0.9824748006418169
10191,0.32,0.666875
6779,0.01,0.9824748006418169
8010,0.37,0.5901
22020,0.39,0.5120000000000003
818,0.03,0.9824748006418169
5086,0.48,0.9824748006418169
10427,0.89,0.9824748006418169
22304,0.71,0.9824748006418169
3285,0.29,0.9824748006418169
21144,0.35,0.9824748006418169
13040,0.31,0.9824748006418169
23878,0.86,0.9824748006418169
17396,0.56,0.5776
7068,0.68,0.9824748006418169
17821,0.6,0.9824748006418169
12997,0.75,0.9824748006418169
20585,0.67,0.9824748006418169
20096,0.02,0.9824748006418169
20215,0.93,0.9824748006418169
4336,0.34,0.5176000000000002
21110,1.09,0.9824748006418169
2980,0.42,0.9824748006418169
19851,2.35,0.9824748006418169
18558,0.45,0.9824748006418169
8044,1.73,0.9824748006418169
4330,0.46,0.9824748006418169
6023,0.62,0.9824748006418169
15046,0.51,0.5531999999999998
23219,0.4,0.9824748006418169
11432,0.65,0.9824748006418169
19808,0.66,0.5078999999999999
12138,1.76,0.9824748006418169
20247,0.88,0.9824748006418169
7668,0.47,0.9824748006418169
20765,0.49,0.9824748006418169
12461,0.85,0.9824748006418169
12176,0.43,0.9824748006418169
13241,0.37,0.9824748006418169
20721,0.33,0.9824748006418169
5249,0.53,0.9824748006418169
7650,0.35,0.9824748006418169
23043,0.71,0.9824748006418169
17233,0.87,0.9824748006418169
22208,0.66,0.9824748006418169
14222,1.45,0.9824748006418169
6656,0.78,0.9824748006418169
18945,0.52,0.9824748006418169
15222,0.93,0.9824748006418169
316,0.97,0.9824748006418169
20951,0.05,0.9824748006418169
14618,0.5,0.9824748006418169
9655,0.27,0.9824748006418169
1681,0.36,0.9824748006418169
13614,0.43,0.9824748006418169
17162,0.38,0.9824748006418169
7844,0.99,0.9824748006418169
20956,0.06,0.9824748006418169
12427,0.32,0.9824748006418169
21289,0.42,0.9824748006418169
17972,0.69,0.9824748006418169
12194,0.45,0.9824748006418169
11515,0.34,0.9824748006418169
23215,0.39,0.9824748006418169
5050,0.5,0.9824748006418169
14153,0.87,0.9824748006418169
3918,0.75,0.9824748006418169
13611,0.73,0.9824748006418169
6905,0.9,0.9824748006418169
20659,1.61,0.9824748006418169
787,0.62,0.5607
280,1.11,0.9824748006418169
21801,0.59,0.9824748006418169
2557,1.12,0.9824748006418169
10186,0.5,0.9824748006418169
20156,0.08,0.9824748006418169
8252,0.87,0.9824748006418169
6110,1.2,0.9824748006418169
3629,0.93,0.9824748006418169
7906,0.01,0.9824748006418169
22310,0.6,0.9824748006418169
15282,0.76,0.9824748006418169
14957,0.36,0.9824748006418169
9643,0.09,0.47240000000000015
22536,0.28,0.9824748006418169
8750,0.59,0.521
6473,1.06,0.9824748006418169
18133,0.24,0.9824748006418169
17454,0.04,0.9824748006418169
21605,0.58,0.9824748006418169
4317,1.0,0.9824748006418169
20728,0.43,0.9824748006418169
18750,0.5,0.9824748006418169
18213,0.54,0.9824748006418169
2945,0.52,0.9824748006418169
11985,0.33,0.9824748006418169
12752,0.79,0.9824748006418169
18361,0.47,0.9824748006418169
10833,0.73,0.9824748006418169
8911,0.02,0.9824748006418169
11485,0.24,0.9824748006418169
10115,1.8,0.9824748006418169
8796,0.01,0.9824748006418169
20816,0.61,0.9824748006418169
23823,0.28,0.9824748006418169
19969,77.5,0.9824748006418169
13431,0.01,0.9824748006418169
16915,0.49,0.9824748006418169
14358,1.04,0.9824748006418169
11726,0.43,0.9824748006418169
15668,0.47,0.5022000000000001
15792,0.54,0.9824748006418169
10975,1.05,0.9824748006418169
22539,0.3,0.9824748006418169
21471,0.49,0.9824748006418169
18464,0.68,0.9824748006418169
1773,0.47,0.9824748006418169
13516,0.77,0.9824748006418169
6010,0.18,0.9824748006418169
216,0.51,0.9824748006418169
4444,0.33,0.9824748006418169
16084,0.88,0.9824748006418169
20785,0.5,0.9824748006418169
18770,0.47,0.9824748006418169
20371,0.64,0.9824748006418169
19956,0.69,0.48310000000000003
2414,0.41,0.9824748006418169
85,0.41,0.9824748006418169
15375,0.54,0.9824748006418169
11561,1.71,0.9824748006418169
1656,0.62,0.9824748006418169
1684,0.57,0.9824748006418169
2105,0.09,0.9824748006418169
15421,0.88,0.9824748006418169
18621,0.57,0.5761999999999999
23164,0.58,0.9824748006418169
15362,0.45,0.9824748006418169
22409,0.96,0.9824748006418169
11324,0.41,0.9824748006418169
9366,0.36,0.9824748006418169
1515,0.78,0.9824748006418169
851,0.36,0.9824748006418169
3491,0.5,0.9824748006418169
23331,0.69,0.9824748006418169
23590,0.33,0.9824748006418169
13836,0.33,0.9824748006418169
15622,0.97,0.9824748006418169
8695,0.38,0.9824748006418169
12713,0.39,0.9824748006418169
18146,0.73,0.9824748006418169
22761,0.4,0.9824748006418169
20406,0.32,0.9824748006418169
15357,0.47,0.9824748006418169
8537,0.84,0.9824748006418169
2147,0.47,0.9824748006418169
9358,0.52,0.9824748006418169
13854,0.36,0.9824748006418169
19114,0.58,0.9824748006418169
23171,0.79,0.9824748006418169
3275,0.29,0.9824748006418169
18823,0.73,0.9824748006418169
16508,1.08,0.9824748006418169
9770,0.41,0.5158
4836,0.54,0.9824748006418169
18578,1.08,0.9824748006418169
1924,0.57,0.43190000000000006
18780,2.06,0.9824748006418169
14917,0.65,0.9824748006418169
135,0.5,0.9824748006418169
22082,0.53,0.9824748006418169
11684,0.56,0.9824748006418169
17743,0.55,0.9824748006418169
9268,0.81,0.9824748006418169
12490,1.02,0.9824748006418169
14765,0.1,0.9824748006418169
19505,1.04,0.9824748006418169
17291,1.17,0.9824748006418169
13984,0.26,0.9824748006418169
1659,0.48,0.9824748006418169
70,1.15,0.4268999999999999
320,1.0,0.9824748006418169
13281,0.11,0.9824748006418169
17967,0.76,0.9824748006418169
17574,0.93,0.9824748006418169
23075,0.82,0.9824748006418169
6847,0.54,0.9824748006418169
9733,0.39,0.9824748006418169
14041,1.28,0.9824748006418169
4681,0.6,0.9824748006418169
1122,0.98,0.9824748006418169
10397,0.77,0.9824748006418169
11927,0.27,0.9824748006418169
4346,0.53,0.6757
11664,0.37,0.9824748006418169
11796,0.38,0.9824748006418169
16113,0.35,0.6564
5049,0.54,0.5199999999999997
2572,0.19,0.9824748006418169
12364,0.45,0.9824748006418169
1915,0.84,0.9824748006418169
281,2.06,0.9824748006418169
23753,0.53,0.9824748006418169
21031,0.09,0.9824748006418169
15573,0.48,0.9824748006418169
17187,0.33,0.47290000000000015
11920,0.44,0.9824748006418169
4889,0.47,0.9824748006418169
23027,0.26,0.9824748006418169
21366,0.25,0.9824748006418169
13868,0.21,0.9824748006418169
3262,0.6,0.9824748006418169
5046,0.39,0.9824748006418169
19193,0.47,0.9824748006418169
5798,0.41,0.9824748006418169
2430,0.92,0.5712999999999999
7234,0.45,0.5751999999999999
16274,0.62,0.9824748006418169
309,0.78,0.9824748006418169
11027,0.8,0.9824748006418169
5807,0.49,0.9824748006418169
18092,0.73,0.9824748006418169
1489,0.47,0.9824748006418169
22478,0.69,0.9824748006418169
18195,0.06,0.9824748006418169
6362,0.22,0.9824748006418169
154,1.19,0.9824748006418169
23269,0.58,0.9824748006418169
1917,0.51,0.9824748006418169
14992,0.84,0.9824748006418169
4281,0.03,0.9824748006418169
10532,1.17,0.9824748006418169
3429,0.25,0.9824748006418169
13125,0.31,0.9824748006418169
7309,1.02,0.9824748006418169
11351,0.28,0.9824748006418169
22879,0.74,0.9824748006418169
15923,0.56,0.9824748006418169
19312,0.14,0.9824748006418169
2201,0.99,0.9824748006418169
20123,1.13,0.9824748006418169
6334,0.61,0.9824748006418169
8871,0.32,0.9824748006418169
8590,0.3,0.9824748006418169
22617,0.55,0.9824748006418169
23890,0.59,0.9824748006418169
17899,0.25,0.9824748006418169
19387,0.67,0.4605000000000002
15876,0.5,0.9824748006418169
23398,0.59,0.9824748006418169
15655,0.95,0.9824748006418169
910,0.97,0.9824748006418169
15510,0.78,0.9824748006418169
16339,0.87,0.9824748006418169
5109,0.38,0.9824748006418169
5980,0.43,0.9824748006418169
13826,0.23,0.9824748006418169
15361,0.18,0.9824748006418169
2047,0.79,0.5603999999999999
1166,0.7,0.9824748006418169
20234,0.68,0.9824748006418169
20145,0.57,0.9824748006418169
21626,0.9,0.9824748006418169
8612,1.28,0.9824748006418169
19320,0.61,0.9824748006418169
103,0.38,0.9824748006418169
23746,0.34,0.9824748006418169
6120,0.57,0.9824748006418169
22750,0.83,0.9824748006418169
4574,0.52,0.9824748006418169
11905,0.48,0.9824748006418169
14549,12.54,0.9824748006418169
23195,0.59,0.9824748006418169
8880,0.35,0.9824748006418169
7676,0.45,0.9824748006418169
4211,0.64,0.9824748006418169
7817,0.02,0.9824748006418169
23977,0.21,0.9824748006418169
18409,1.07,0.9824748006418169
10473,0.53,0.9824748006418169
8052,0.45,0.9824748006418169
21905,0.51,0.9824748006418169
12371,0.3,0.9824748006418169
10938,0.17,0.9824748006418169
8433,0.67,0.9824748006418169
7912,0.0,0.9824748006418169
18773,0.72,0.9824748006418169
20837,0.43,0.9824748006418169
4907,0.72,0.9824748006418169
22424,0.89,0.9824748006418169
16963,0.63,0.9824748006418169
2013,1.94,0.9824748006418169
3804,0.23,0.9824748006418169
2916,0.37,0.9824748006418169
13778,0.62,0.9824748006418169
6403,0.12,0.9824748006418169
13764,0.44,0.9824748006418169
23131,0.19,0.9824748006418169
14856,0.7,0.9824748006418169
8802,0.71,0.5977999999999998
16775,0.61,0.9824748006418169
23526,0.39,0.9824748006418169
6480,1.28,0.9824748006418169
12665,0.61,0.9824748006418169
8657,0.29,0.9824748006418169
11100,0.65,0.9824748006418169
1313,0.46,0.9824748006418169
5311,0.53,0.49969999999999976
18220,0.8,0.9824748006418169
17837,0.1,0.9824748006418169
681,0.56,0.9824748006418169
1835,0.4,0.5932999999999998
526,0.59,0.9824748006418169
12903,0.98,0.9824748006418169
6395,0.85,0.9824748006418169
10711,0.93,0.9824748006418169
22704,0.59,0.9824748006418169
17167,1.58,0.9824748006418169
21390,0.61,0.6553999999999999
22951,0.05,0.9824748006418169
3570,0.87,0.9824748006418169
16767,0.24,0.9824748006418169
1956,0.57,0.9824748006418169
22352,0.64,0.5331
21894,0.4,0.5019
6888,0.48,0.9824748006418169
23114,0.5,0.9824748006418169
22331,0.76,0.9824748006418169
4048,0.43,0.9824748006418169
16688,0.19,0.9824748006418169
15910,0.4,0.7208999999999999
23623,0.29,0.9824748006418169
18468,0.75,0.9824748006418169
9793,0.51,0.9824748006418169
13005,1.08,0.9824748006418169
20924,0.53,0.9824748006418169
18466,0.64,0.9824748006418169
23882,0.73,0.9824748006418169
9239,2.59,0.9824748006418169
22641,0.36,0.9824748006418169
1334,0.92,0.5160000000000001
11603,0.07,0.9824748006418169
3035,0.38,0.9824748006418169
5747,0.5,0.9824748006418169
22901,0.46,0.9824748006418169
6251,0.24,0.9824748006418169
18315,0.72,0.9824748006418169
6874,0.31,0.9824748006418169
6944,0.82,0.9824748006418169
1794,0.71,0.9824748006418169
10661,0.19,0.9824748006418169
23494,0.64,0.9824748006418169
21011,0.4,0.9824748006418169
9519,0.63,0.9824748006418169
3942,0.51,0.9824748006418169
13667,0.31,0.9824748006418169
5344,0.58,0.9824748006418169
1434,1.31,0.9824748006418169
16969,0.62,0.9824748006418169
22799,0.49,0.9824748006418169
21006,0.62,0.9824748006418169
8959,0.46,0.9824748006418169
13562,0.92,0.9824748006418169
14671,0.34,0.9824748006418169
14011,0.94,0.9824748006418169
22051,0.59,0.4431000000000001
3678,1.58,0.9824748006418169
13607,0.7,0.9824748006418169
15568,0.4,0.9824748006418169
2554,0.85,0.9824748006418169
6161,0.39,0.9824748006418169
11814,0.4,0.9824748006418169
13184,1.34,0.9824748006418169
8821,0.45,0.9824748006418169
8064,0.54,0.9824748006418169
7093,0.44,0.9824748006418169
15187,0.52,0.4599999999999999
1757,0.55,0.9824748006418169
17317,0.0,0.9824748006418169
22639,0.64,0.9824748006418169
1125,0.9,0.9824748006418169
12880,0.37,0.9824748006418169
15454,1.19,0.9824748006418169
22140,0.36,0.47699999999999965
14483,0.41,0.9824748006418169
13349,1.82,0.9824748006418169
22877,0.76,0.9824748006418169
23971,0.54,0.9824748006418169
1130,0.38,0.9824748006418169
7091,0.36,0.9824748006418169
22213,0.47,0.9824748006418169
17913,0.48,0.9824748006418169
8080,0.3,0.9824748006418169
15837,0.59,0.9824748006418169
22268,0.49,0.4788
12001,0.35,0.9824748006418169
17057,0.42,0.9824748006418169
13986,1.59,0.9824748006418169
8754,0.48,0.9824748006418169
301,0.52,0.9824748006418169
2951,0.66,0.9824748006418169
2654,0.76,0.9824748006418169
16684,0.09,0.9824748006418169
22161,0.67,0.9824748006418169
9011,0.8,0.9824748006418169
14214,0.86,0.9824748006418169
675,0.29,0.9824748006418169
10758,0.64,0.9824748006418169
9153,0.75,0.9824748006418169
6167,0.26,0.9824748006418169
265,1.41,0.9824748006418169
10514,0.6,0.9824748006418169
23483,0.76,0.9824748006418169
21147,0.33,0.9824748006418169
11745,0.54,0.9824748006418169
5813,0.53,0.5056999999999999
21267,0.58,0.6695999999999998
14624,0.78,0.9824748006418169
8971,26.04,0.9824748006418169
15542,0.79,0.9824748006418169
2078,0.5,0.9824748006418169
20110,0.95,0.9824748006418169
13814,1.01,0.9824748006418169
15872,0.63,0.9824748006418169
15691,0.56,0.9824748006418169
20866,0.6,0.5999
16329,2.5,0.9824748006418169
19009,0.08,0.9824748006418169
21141,0.48,0.9824748006418169
6893,0.72,0.9824748006418169
11128,0.7,0.47759999999999975
21018,0.18,0.9824748006418169
11034,0.67,0.9824748006418169
21054,0.11,0.9824748006418169
22559,0.47,0.9824748006418169
18955,0.23,0.9824748006418169
712,5.19,0.9824748006418169
17551,0.31,0.9824748006418169
9378,0.62,0.9824748006418169
14575,0.84,0.9824748006418169
23678,0.36,0.9824748006418169
14193,0.56,0.9824748006418169
23093,0.34,0.9824748006418169
7338,0.5,0.9824748006418169
6700,0.5,0.9824748006418169
19723,2.97,0.9824748006418169
23324,0.46,0.9824748006418169
5219,0.43,0.9824748006418169
4539,0.75,0.9824748006418169
6871,1.24,0.9824748006418169
23611,0.43,0.9824748006418169
20263,0.25,0.4032
12316,0.96,0.9824748006418169
6810,0.01,0.9824748006418169
8177,2.02,0.9824748006418169
15532,1.28,0.9824748006418169
17007,0.67,0.9824748006418169
4738,0.68,0.9824748006418169
15389,1.32,0.9824748006418169
19121,0.56,0.9824748006418169
1408,0.7,0.9824748006418169
18533,1.57,0.9824748006418169
17827,0.08,0.9824748006418169
166,0.7,0.9824748006418169
15555,0.61,0.9824748006418169
5419,0.57,0.9824748006418169
11693,0.78,0.6002500000000001
19991,0.65,0.9824748006418169
6425,0.78,0.9824748006418169
21408,0.56,0.9824748006418169
23980,0.8,0.9824748006418169
3552,0.31,0.5109999999999999
22684,1.2,0.9824748006418169
18759,0.82,0.9824748006418169
14190,0.37,0.9824748006418169
21989,1.55,0.9824748006418169
20611,0.55,0.9824748006418169
5742,0.44,0.9824748006418169
14851,0.39,0.9824748006418169
21021,0.16,0.9824748006418169
6017,0.6,0.9824748006418169
11410,0.56,0.9824748006418169
19915,0.4,0.9824748006418169
5989,0.29,0.6241
22838,0.62,0.9824748006418169
9782,1.22,0.9824748006418169
15179,0.6,0.9824748006418169
1962,0.65,0.9824748006418169
2620,0.48,0.9824748006418169
15881,0.3,0.5372
11568,0.06,0.9824748006418169
1054,0.57,0.9824748006418169
13225,1.49,0.9824748006418169
21422,0.31,0.9824748006418169
2573,0.17,0.9824748006418169
17617,0.45,0.9824748006418169
19374,1.47,0.9824748006418169
12162,0.64,0.9824748006418169
15080,0.9,0.9824748006418169
11833,1.43,0.9824748006418169
2397,0.58,0.9824748006418169
16683,0.46,0.5803999999999997
4263,0.19,0.9824748006418169
20078,0.75,0.9824748006418169
7673,0.53,0.9824748006418169
16655,0.65,0.9824748006418169
11466,0.31,0.9824748006418169
7708,0.51,0.9824748006418169
21266,0.43,0.9824748006418169
17987,1.01,0.9824748006418169
8392,0.33,0.9824748006418169
16563,0.61,0.9824748006418169
1219,0.71,0.9824748006418169
15341,0.86,0.9824748006418169
17886,0.44,0.9824748006418169
7529,0.32,0.9824748006418169
23712,0.51,0.9824748006418169
21912,0.55,0.9824748006418169
18337,0.56,0.9824748006418169
299,0.72,0.9824748006418169
1646,0.53,0.9824748006418169
13815,0.62,0.9824748006418169
3707,0.59,0.9824748006418169
5201,0.73,0.9824748006418169
5558,0.66,0.9824748006418169
16755,0.36,0.9824748006418169
23647,0.96,0.9824748006418169
8851,2.82,0.9824748006418169
531,0.76,0.9824748006418169
1236,0.73,0.9824748006418169
2469,0.37,0.9824748006418169
11857,0.5,0.9824748006418169
14296,1.12,0.9824748006418169
4644,1.12,0.9824748006418169
20267,0.6,0.9824748006418169
9812,1.72,0.9824748006418169
13425,1.17,0.9824748006418169
10021,0.04,0.9824748006418169
9132,0.4,0.9824748006418169
18158,0.76,0.9824748006418169
13155,1.15,0.9824748006418169
10713,0.81,0.9824748006418169
23148,0.57,0.9824748006418169
22961,0.31,0.9824748006418169
12037,0.52,0.9824748006418169
5957,0.47,0.9824748006418169
6122,0.41,0.41870000000000024
3395,2.12,0.9824748006418169
6108,2.0,0.9824748006418169
7089,0.3,0.9824748006418169
22588,0.28,0.9824748006418169
4633,0.41,0.9824748006418169
22350,0.35,0.9824748006418169
18130,0.62,0.4647000000000001
554,0.38,0.9824748006418169
21986,0.63,0.9824748006418169
20506,0.43,0.9824748006418169
15382,0.3,0.9824748006418169
13912,0.78,0.9824748006418169
9797,1.86,0.9824748006418169
18820,0.28,0.9824748006418169
11125,0.52,0.9824748006418169
12009,0.66,0.9824748006418169
14161,0.26,0.45749999999999985
9820,0.44,0.9824748006418169
11285,0.46,0.4603000000000001
14148,0.23,0.9824748006418169
14748,0.18,0.9824748006418169
23717,0.66,0.9824748006418169
7899,0.01,0.9824748006418169
12106,0.56,0.9824748006418169
22245,0.59,0.9824748006418169
16653,14.22,0.9824748006418169
9329,0.26,0.9824748006418169
19184,0.28,0.9824748006418169
23723,0.43,0.9824748006418169
10977,1.58,0.9824748006418169
13722,0.0,0.9824748006418169
2811,21.58,0.9824748006418169
1303,0.43,0.9824748006418169
17645,0.55,0.9824748006418169
13675,0.37,0.9824748006418169
1092,0.26,0.9824748006418169
20538,0.5,0.5011999999999998
16206,0.75,0.9824748006418169
12181,0.35,0.9824748006418169
3886,0.46,0.9824748006418169
14658,0.32,0.9824748006418169
7895,0.0,0.9824748006418169
4134,0.15,0.9824748006418169
23248,0.32,0.9824748006418169
6381,0.7,0.9824748006418169
23642,0.36,0.9824748006418169
18934,0.97,0.9824748006418169
18008,0.54,0.9824748006418169
13906,0.96,0.9824748006418169
21164,0.42,0.9824748006418169
10658,0.13,0.9824748006418169
11023,0.34,0.5338000000000003
11789,0.46,0.9824748006418169
22863,0.49,0.9824748006418169
12014,0.67,0.9824748006418169
22591,0.15,0.9824748006418169
23424,0.02,0.9824748006418169
6861,0.06,0.9824748006418169
1123,0.98,0.9824748006418169
853,0.14,0.9824748006418169
7880,0.0,0.9824748006418169
8335,0.43,0.44720000000000004
6816,0.0,0.9824748006418169
7046,0.72,0.9824748006418169
793,0.73,0.9824748006418169
8171,2.72,0.9824748006418169
9227,0.83,0.9824748006418169
15307,0.3,0.9824748006418169
15260,0.36,0.9824748006418169
11002,0.54,0.9824748006418169
4008,0.46,0.9824748006418169
306,0.68,0.9824748006418169
4862,0.52,0.9824748006418169
1116,0.96,0.9824748006418169
23633,0.61,0.9824748006418169
11634,1.05,0.9824748006418169
4151,0.89,0.9824748006418169
13371,0.55,0.9824748006418169
9430,0.65,0.9824748006418169
12494,0.76,0.9824748006418169
4262,0.7,0.9824748006418169
16681,0.35,0.9824748006418169
13201,0.2,0.9824748006418169
3693,0.62,0.9824748006418169
7081,0.18,0.9824748006418169
14695,0.85,0.9824748006418169
22264,0.44,0.5600000000000002
12710,0.62,0.9824748006418169
3882,1.0,0.9824748006418169
6409,0.45,0.9824748006418169
10198,0.67,0.49340000000000006
10549,0.52,0.9824748006418169
4884,0.6,0.5463999999999999
15114,0.49,0.9824748006418169
9093,0.41,0.9824748006418169
16848,0.29,0.9824748006418169
5744,0.44,0.6967000000000002
23505,0.49,0.9824748006418169
8135,0.7,0.7094
919,0.55,0.9824748006418169
16630,0.15,0.9824748006418169
11577,0.53,0.9824748006418169
12169,0.83,0.9824748006418169
15940,0.28,0.6119
8722,0.22,0.9824748006418169
9412,0.2,0.9824748006418169
23729,0.3,0.9824748006418169
17880,0.62,0.9824748006418169
61,0.86,0.9824748006418169
10441,0.34,0.9824748006418169
9176,0.59,0.9824748006418169
7815,0.03,0.9824748006418169
31,0.68,0.9824748006418169
3563,0.74,0.9824748006418169
4184,1.2,0.9824748006418169
1157,0.47,0.6242750000000001
17971,0.87,0.9824748006418169
5796,0.54,0.9824748006418169
17315,0.0,0.9824748006418169
9646,0.22,0.9824748006418169
8637,0.53,0.9824748006418169
8943,0.31,0.9824748006418169
9822,0.95,0.9824748006418169
1178,0.56,0.9824748006418169
19186,0.5,0.9824748006418169
10534,1.24,0.9824748006418169
16644,43.07,0.9824748006418169
12584,0.86,0.9824748006418169
6946,0.78,0.9824748006418169
22768,0.37,0.9824748006418169
8247,0.96,0.9824748006418169
2194,0.53,0.9824748006418169
4141,0.54,0.4931000000000003
14630,23.03,0.9824748006418169
23846,0.46,0.9824748006418169
16876,0.64,0.9824748006418169
9627,0.47,0.9824748006418169
5879,0.45,0.9824748006418169
13272,0.07,0.9824748006418169
19699,0.79,0.9824748006418169
23431,0.34,0.9824748006418169
7520,0.8,0.9824748006418169
19024,0.11,0.9824748006418169
20170,1.2,0.9824748006418169
20789,0.23,0.9824748006418169
10263,0.43,0.9824748006418169
22507,0.75,0.9824748006418169
23810,0.41,0.9824748006418169
18639,0.66,0.4488
663,0.53,0.9824748006418169
14685,0.82,0.9824748006418169
9081,0.45,0.5096
18995,0.81,0.9824748006418169
17745,0.46,0.9824748006418169
3727,0.63,0.9824748006418169
13832,0.36,0.9824748006418169
1498,0.72,0.9824748006418169
13239,0.38,0.9824748006418169
7592,0.42,0.9824748006418169
19039,1.55,0.9824748006418169
22610,0.41,0.9824748006418169
8581,0.53,0.9824748006418169
13067,0.29,0.9824748006418169
22835,0.76,0.9824748006418169
3384,0.68,0.9824748006418169
10617,0.32,0.9824748006418169
291,0.32,0.9824748006418169
15452,1.07,0.9824748006418169
21688,1.78,0.9824748006418169
17763,0.7,0.9824748006418169
1482,0.26,0.9824748006418169
16376,0.61,0.9824748006418169
12888,0.78,0.9824748006418169
17263,0.84,0.9824748006418169
17054,0.87,0.9824748006418169
14009,1.05,0.9824748006418169
2129,0.91,0.9824748006418169
22727,0.35,0.9824748006418169
8769,0.93,0.9824748006418169
13891,0.01,0.9824748006418169
17749,0.08,0.9824748006418169
3734,0.4,0.9824748006418169
23261,0.37,0.9824748006418169
19977,56.96,0.9824748006418169
16524,0.76,0.47400000000000003
612,0.58,0.9824748006418169
23884,0.67,0.9824748006418169
20166,1.24,0.9824748006418169
3539,0.41,0.9824748006418169
3582,0.45,0.9824748006418169
12017,0.73,0.9824748006418169
5128,0.11,0.9824748006418169
14592,0.28,0.5163
20671,0.09,0.9824748006418169
20689,0.8,0.5207000000000003
17386,0.6,0.9824748006418169
1720,0.5,0.9824748006418169
18906,11.5,0.9824748006418169
19616,1.1,0.9824748006418169
16294,0.49,0.9824748006418169
18246,0.36,0.9824748006418169
15592,0.26,0.9824748006418169
10893,3.36,0.9824748006418169
8558,0.13,0.9824748006418169
11190,0.51,0.9824748006418169
9330,0.43,0.9824748006418169
5054,0.54,0.9824748006418169
11918,0.26,0.9824748006418169
7018,0.87,0.9824748006418169
21259,0.63,0.9824748006418169
23781,0.61,0.9824748006418169
17668,0.7,0.9824748006418169
21845,0.29,0.5265999999999998
4379,0.57,0.9824748006418169
778,0.38,0.9824748006418169
18051,0.47,0.9824748006418169
5915,0.75,0.9824748006418169
19770,1.01,0.9824748006418169
14603,0.01,0.9824748006418169
8738,0.67,0.9824748006418169
12851,0.73,0.9824748006418169
21254,0.96,0.9824748006418169
337,1.02,0.9824748006418169
11428,0.68,0.9824748006418169
16397,0.36,0.4796999999999999
15295,0.51,0.9824748006418169
7561,0.13,0.9824748006418169
6359,0.26,0.9824748006418169
13150,1.02,0.9824748006418169
22483,0.37,0.9824748006418169
6319,0.4,0.9824748006418169
19311,0.27,0.9824748006418169
5212,0.4,0.9824748006418169
3933,0.52,0.9824748006418169
14109,0.49,0.5325
20940,0.63,0.9824748006418169
11928,0.28,0.9824748006418169
10380,0.75,0.9824748006418169
7968,0.78,0.9824748006418169
872,0.75,0.9824748006418169
18104,0.4,0.9824748006418169
19623,0.66,0.9824748006418169
8315,0.7,0.9824748006418169
9847,0.75,0.9824748006418169
744,0.95,0.9824748006418169
21738,0.62,0.9824748006418169
18263,0.54,0.9824748006418169
233,0.75,0.5687999999999999
6069,0.1,0.9824748006418169
5517,0.48,0.9824748006418169
21169,0.69,0.9824748006418169
12282,0.79,0.9824748006418169
23516,0.49,0.9824748006418169
11038,0.56,0.9824748006418169
23870,0.26,0.9824748006418169
22387,0.83,0.9824748006418169
21384,0.46,0.5372999999999998
13591,0.32,0.9824748006418169
14064,0.88,0.9824748006418169
15335,0.6,0.9824748006418169
15265,0.65,0.9824748006418169
10253,0.4,0.9824748006418169
7423,1.39,0.9824748006418169
14405,0.72,0.9824748006418169
5233,1.27,0.9824748006418169
10519,0.49,0.9824748006418169
5588,0.58,0.9824748006418169
15631,0.93,0.9824748006418169
16055,0.27,0.4211666666666667
22602,0.64,0.9824748006418169
17137,0.49,0.9824748006418169
19802,0.64,0.9824748006418169
1306,0.55,0.9824748006418169
4266,0.05,0.9824748006418169
1941,0.46,0.9824748006418169
5598,1.78,0.9824748006418169
5296,0.07,0.9824748006418169
17957,1.16,0.9824748006418169
2631,0.2,0.9824748006418169
17453,0.18,0.9824748006418169
1021,0.4,0.9824748006418169
9404,0.18,0.9824748006418169
2655,0.87,0.9824748006418169
18192,0.04,0.9824748006418169
14441,0.92,0.9824748006418169
620,0.78,0.9824748006418169
19246,0.46,0.9824748006418169
579,0.49,0.9824748006418169
18259,0.71,0.9824748006418169
8502,0.7,0.9824748006418169
12404,0.96,0.9824748006418169
6453,0.15,0.9824748006418169
13469,1.24,0.9824748006418169
1789,0.88,0.9824748006418169
23127,0.36,0.9824748006418169
8269,1.08,0.9824748006418169
21388,0.39,0.5309000000000004
11008,0.53,0.9824748006418169
23096,0.24,0.9824748006418169
21082,0.61,0.5407000000000001
18600,0.54,0.9824748006418169
2590,1.12,0.9824748006418169
23748,0.83,0.9824748006418169
2386,0.88,0.9824748006418169
15579,0.24,0.9824748006418169
3977,0.93,0.9824748006418169
21653,0.69,0.9824748006418169
6433,0.16,0.9824748006418169
18168,0.44,0.47223333333333317
22699,0.85,0.9824748006418169
22503,0.43,0.9824748006418169
4580,0.43,0.9824748006418169
23260,0.58,0.9824748006418169
19473,1.65,0.9824748006418169
556,0.4,0.9824748006418169
7483,0.54,0.9824748006418169
6806,0.0,0.9824748006418169
5275,0.53,0.9824748006418169
21481,0.52,0.9824748006418169
1867,0.28,0.9824748006418169
4455,0.51,0.9824748006418169
735,4.24,0.9824748006418169
14132,0.01,0.9824748006418169
1118,0.84,0.9824748006418169
18725,0.22,0.9824748006418169
20957,0.03,0.9824748006418169
16412,0.14,0.9824748006418169
845,0.34,0.9824748006418169
23628,1.24,0.9824748006418169
7328,0.82,0.9824748006418169
8709,0.72,0.9824748006418169
1819,1.32,0.9824748006418169
6253,0.31,0.9824748006418169
11904,0.46,0.9824748006418169
22005,0.39,0.9824748006418169
4268,0.09,0.9824748006418169
20081,0.55,0.9824748006418169
9511,0.7,0.9824748006418169
16190,0.54,0.6344999999999997
3799,0.19,0.9824748006418169
15818,0.48,0.5872999999999999
8731,1.23,0.9824748006418169
1223,0.82,0.9824748006418169
5734,0.49,0.9824748006418169
1165,0.83,0.9824748006418169
20605,0.83,0.9824748006418169
16326,1.69,0.9824748006418169
19131,1.16,0.9824748006418169
23006,0.49,0.9824748006418169
9658,0.45,0.9824748006418169
6346,0.42,0.9824748006418169
2586,0.43,0.9824748006418169
13016,0.36,0.9824748006418169
18353,0.5,0.9824748006418169
11746,0.81,0.9824748006418169
19966,91.74,0.9824748006418169
22262,0.52,0.5217999999999997
9527,0.48,0.9824748006418169
894,0.75,0.9824748006418169
13512,0.92,0.9824748006418169
11251,0.01,0.9824748006418169
20916,1.04,0.9824748006418169
14496,0.01,0.9824748006418169
7567,0.03,0.9824748006418169
2120,0.65,0.9824748006418169
178,0.16,0.9824748006418169
15768,0.04,0.9824748006418169
12452,1.09,0.9824748006418169
17982,0.96,0.9824748006418169
23363,0.59,0.9824748006418169
8844,0.81,0.9824748006418169
10918,0.61,0.9824748006418169
6837,0.57,0.9824748006418169
16636,0.78,0.9824748006418169
14119,0.49,0.6463
20436,0.56,0.9824748006418169
1484,0.42,0.9824748006418169
16500,0.68,0.5392750000000001
2788,0.43,0.9824748006418169
1438,0.68,0.9824748006418169
23249,0.42,0.9824748006418169
16377,0.94,0.9824748006418169
1516,0.62,0.9824748006418169
21771,0.48,0.9824748006418169
1505,0.39,0.5068000000000001
6019,0.71,0.9824748006418169
23987,0.37,0.9824748006418169
21982,0.33,0.9824748006418169
12258,0.91,0.5155000000000001
22078,0.75,0.5311
15405,0.43,0.5349000000000003
19990,1.99,0.9824748006418169
3744,1.49,0.9824748006418169
2203,0.82,0.9824748006418169
6159,0.37,0.9824748006418169
718,0.86,0.9824748006418169
11908,0.76,0.9824748006418169
21249,0.38,0.9824748006418169
20909,0.44,0.9824748006418169
191,0.23,0.9824748006418169
3993,0.65,0.7167666666666664
14054,0.39,0.9824748006418169
12732,0.4,0.9824748006418169
5073,0.08,0.9824748006418169
17306,0.0,0.9824748006418169
21472,0.57,0.9824748006418169
4367,1.24,0.9824748006418169
10374,0.57,0.9824748006418169
19627,0.88,0.9824748006418169
19780,0.27,0.5028000000000001
10469,0.45,0.9824748006418169
21393,0.49,0.5713999999999997
10291,0.91,0.9824748006418169
18514,0.38,0.9824748006418169
19549,0.43,0.9824748006418169
6169,0.16,0.9824748006418169
2489,0.24,0.9824748006418169
15841,0.53,0.9824748006418169
6786,0.0,0.9824748006418169
15749,0.66,0.9824748006418169
23180,0.44,0.9824748006418169
1899,1.22,0.9824748006418169
5043,0.81,0.648657169686845
2019,0.73,0.9824748006418169
11075,0.52,0.9824748006418169
17696,0.63,0.9824748006418169
2272,0.56,0.9824748006418169
8498,0.75,0.9824748006418169
2548,0.05,0.9824748006418169
7900,0.04,0.9824748006418169
21063,0.03,0.9824748006418169
1135,0.77,0.9824748006418169
1016,0.46,0.9824748006418169
5192,1.65,0.9824748006418169
17625,0.48,0.9824748006418169
12388,0.28,0.9824748006418169
14228,0.93,0.9824748006418169
7793,0.79,0.9824748006418169
13024,1.48,0.9824748006418169
5701,1.0,0.9824748006418169
3034,0.5,0.6078999999999999
9130,0.56,0.9824748006418169
21099,0.31,0.9824748006418169
22746,0.47,0.9824748006418169
19269,0.34,0.9824748006418169
7757,0.89,0.9824748006418169
14125,0.0,0.9824748006418169
1300,0.53,0.9824748006418169
21428,0.17,0.9824748006418169
17720,1.0,0.9824748006418169
12970,6.28,0.9824748006418169
23229,0.32,0.9824748006418169
14005,1.05,0.9824748006418169
22102,1.26,0.9824748006418169
17012,0.36,0.9824748006418169
11629,0.61,0.9824748006418169
22553,0.15,0.9824748006418169
12503,0.52,0.9824748006418169
10999,0.5,0.9824748006418169
13439,1.09,0.6324000000000001
16865,0.84,0.9824748006418169
13934,1.22,0.9824748006418169
410,0.51,0.9824748006418169
1705,0.66,0.9824748006418169
13852,1.19,0.9824748006418169
10762,0.51,0.9824748006418169
6143,0.31,0.9824748006418169
23560,0.87,0.9824748006418169
16069,1.31,0.9824748006418169
3320,0.99,0.9824748006418169
4420,0.39,0.9824748006418169
18180,0.47,0.9824748006418169
1520,0.55,0.5511999999999998
14611,1.34,0.9824748006418169
17222,0.31,0.9824748006418169
8276,0.38,0.9824748006418169
9994,0.59,0.9824748006418169
19647,0.34,0.5827999999999998
13128,0.27,0.9824748006418169
8718,0.37,0.9824748006418169
12767,0.36,0.9824748006418169
22547,1.01,0.9824748006418169
23465,0.24,0.9824748006418169
8725,0.73,0.9824748006418169
17174,1.22,0.9824748006418169
972,0.61,0.9824748006418169
7572,0.06,0.9824748006418169
5170,0.26,0.9824748006418169
12907,9.24,0.9824748006418169
18805,0.48,0.9824748006418169
21593,0.57,0.9824748006418169
13579,0.49,0.6236000000000002
3990,0.57,0.5916999999999999
9490,0.64,0.9824748006418169
6354,0.33,0.9824748006418169
10087,0.61,0.9824748006418169
2049,0.98,0.9824748006418169
212,0.47,0.9824748006418169
10591,0.56,0.5457
2718,0.29,0.9824748006418169
8414,0.37,0.5092
15721,1.98,0.9824748006418169
9689,0.25,0.9824748006418169
22668,0.37,0.9824748006418169
18818,0.35,0.9824748006418169
5323,1.05,0.9824748006418169
4290,0.34,0.48650000000000027
17053,0.59,0.9824748006418169
22729,0.56,0.9824748006418169
22821,0.42,0.9824748006418169
23726,0.56,0.9824748006418169
23368,0.65,0.9824748006418169
7002,1.0,0.9824748006418169
1462,0.6,0.9824748006418169
17311,0.0,0.9824748006418169
1986,0.78,0.9824748006418169
5781,0.56,0.9824748006418169
20607,0.26,0.9824748006418169
5552,0.65,0.9824748006418169
10718,0.68,0.9824748006418169
11552,0.24,0.9824748006418169
21150,0.2,0.9824748006418169
5284,0.38,0.9824748006418169
7915,0.23,0.9824748006418169
23147,0.44,0.9824748006418169
5018,0.07,0.9824748006418169
5469,0.54,0.5234999999999999
601,0.18,0.9824748006418169
23553,0.36,0.9824748006418169
2749,0.2,0.9824748006418169
5785,0.43,0.9824748006418169
20825,0.54,0.9824748006418169
20986,0.42,0.9824748006418169
21591,0.76,0.9824748006418169
13692,1.13,0.9824748006418169
7687,1.03,0.9824748006418169
16989,0.38,0.9824748006418169
17954,0.97,0.9824748006418169
1905,1.17,0.9824748006418169
23668,0.33,0.9824748006418169
2497,0.7,0.9824748006418169
15738,0.5,0.9824748006418169
6328,0.34,0.9824748006418169
18947,0.52,0.9824748006418169
23382,0.85,0.9824748006418169
21766,0.37,0.9824748006418169
23106,0.61,0.9824748006418169
3199,0.63,0.9824748006418169
18544,1.22,0.9824748006418169
23015,0.5,0.9824748006418169
12483,0.65,0.9824748006418169
23354,0.48,0.9824748006418169
13274,0.18,0.9824748006418169
12816,3.89,0.9824748006418169
9889,0.81,0.9824748006418169
12958,23.8,0.9824748006418169
3273,0.39,0.9824748006418169
8515,2.83,0.9824748006418169
5412,0.37,0.9824748006418169
67,0.44,0.9824748006418169
22534,0.2,0.9824748006418169
1108,0.88,0.9824748006418169
8342,0.77,0.9824748006418169
17629,0.45,0.9824748006418169
4201,1.03,0.9824748006418169
11562,2.31,0.9824748006418169
11893,0.54,0.9824748006418169
14030,1.01,0.9824748006418169
19939,0.46,0.9824748006418169
4415,0.64,0.9824748006418169
17699,0.45,0.9824748006418169
16604,0.49,0.9824748006418169
14438,0.56,0.9824748006418169
23750,0.37,0.9824748006418169
20725,0.43,0.9824748006418169
12015,0.69,0.9824748006418169
7637,0.33,0.9824748006418169
22316,0.61,0.9824748006418169
8867,0.43,0.4885000000000001
4819,0.65,0.9824748006418169
6669,0.57,0.9824748006418169
18967,0.02,0.9824748006418169
18410,1.18,0.9824748006418169
6558,0.28,0.9824748006418169
10581,0.51,0.9824748006418169
6596,0.14,0.9824748006418169
5593,0.72,0.9824748006418169
23118,0.4,0.9824748006418169
3665,0.59,0.9824748006418169
15916,0.77,0.9824748006418169
17213,0.5,0.9824748006418169
13320,1.2,0.9824748006418169
23094,0.51,0.9824748006418169
13403,0.14,0.9824748006418169
3593,0.41,0.5204999999999999
5187,0.5,0.9824748006418169
13573,1.43,0.9824748006418169
2450,0.58,0.9824748006418169
1912,0.77,0.9824748006418169
12012,0.73,0.9824748006418169
7128,1.03,0.9824748006418169
2315,0.52,0.5587000000000001
141,0.49,0.9824748006418169
22984,1.23,0.9824748006418169
176,0.43,0.9824748006418169
11707,0.23,0.9824748006418169
17533,0.4,0.9824748006418169
3427,0.31,0.9824748006418169
22228,0.78,0.9824748006418169
18341,0.38,0.44190000000000007
7133,0.68,0.9824748006418169
7771,0.61,0.9824748006418169
8253,0.21,0.9824748006418169
17689,0.29,0.9824748006418169
8060,0.47,0.9824748006418169
5136,0.85,0.5046000000000003
23555,0.64,0.9824748006418169
14417,0.55,0.9824748006418169
115,0.7,0.9824748006418169
16980,0.02,0.9824748006418169
223,0.43,0.9824748006418169
3719,0.7,0.9824748006418169
9206,0.59,0.9824748006418169
12114,0.68,0.9824748006418169
772,0.33,0.9824748006418169
10152,0.72,0.9824748006418169
23393,0.3,0.9824748006418169
11451,0.51,0.9824748006418169
11019,0.46,0.9824748006418169
20532,0.25,0.9824748006418169
7550,0.59,0.9824748006418169
3438,0.17,0.9824748006418169
16158,0.65,0.9824748006418169
21344,0.26,0.9824748006418169
6939,0.73,0.9824748006418169
5162,0.73,0.9824748006418169
12157,1.16,0.9824748006418169
6393,0.63,0.9824748006418169
15390,0.98,0.9824748006418169
7391,0.94,0.9824748006418169
7704,0.6,0.9824748006418169
21178,0.66,0.9824748006418169
10694,1.09,0.9824748006418169
22287,0.38,0.6013000000000001
7576,0.91,0.9824748006418169
860,0.94,0.9824748006418169
10266,0.28,0.9120833333333332
19993,0.35,0.9824748006418169
23304,0.73,0.9824748006418169
17075,0.49,0.9824748006418169
22802,0.41,0.9824748006418169
9709,0.93,0.9824748006418169
11121,0.31,0.9824748006418169
15535,1.45,0.9824748006418169
21865,0.56,0.9824748006418169
14413,0.33,0.9824748006418169
18333,1.18,0.9824748006418169
13465,0.63,0.9824748006418169
7823,0.02,0.9824748006418169
2274,0.31,0.9824748006418169
12351,0.66,0.9824748006418169
10955,0.36,0.9824748006418169
1060,0.63,0.9824748006418169
1084,0.59,0.9824748006418169
23579,0.42,0.9824748006418169
14659,0.43,0.9824748006418169
22512,1.66,0.9824748006418169
19305,0.51,0.9824748006418169
9857,0.57,0.9824748006418169
2338,0.53,0.9824748006418169
6832,0.59,0.9824748006418169
20759,0.69,0.9824748006418169
14164,0.43,0.9824748006418169
821,0.46,0.5391999999999999
2710,0.71,0.9824748006418169
4999,0.07,0.9824748006418169
