,y_test,prediction
446,0.97,0.9487223132041467
6135,0.08,0.9487223132041467
19013,0.17,0.9487223132041467
23909,0.41,0.9487223132041467
12605,0.99,0.9487223132041467
17277,0.48,0.9487223132041467
6781,0.01,0.9487223132041467
14536,0.26,0.9487223132041467
13136,0.86,0.9487223132041467
11419,0.6,0.9487223132041467
5251,0.57,0.9487223132041467
18634,0.46,0.887860389785897
21209,0.11,0.9487223132041467
19338,0.73,0.9487223132041467
14175,0.33,0.9773933338792948
8616,0.55,0.9487223132041467
737,3.35,0.9487223132041467
1546,0.33,0.9487223132041467
2075,0.51,0.9487223132041467
7959,0.89,0.9487223132041467
20162,0.14,0.9487223132041467
13859,0.38,0.9487223132041467
1697,0.49,0.9487223132041467
9875,0.74,0.9487223132041467
10888,2.4,0.9487223132041467
11781,0.14,0.9487223132041467
6509,0.32,0.9487223132041467
19545,0.92,0.9487223132041467
5241,0.53,0.9487223132041467
11606,0.85,0.9487223132041467
20091,0.08,0.9487223132041467
13661,0.36,0.9487223132041467
4015,0.29,0.8127354280868679
23519,0.57,0.9487223132041467
6236,0.51,0.9487223132041467
12692,1.0,0.9487223132041467
5352,1.09,0.9487223132041467
10777,1.32,0.9487223132041467
5503,1.13,0.9487223132041467
3441,0.14,0.9487223132041467
14529,0.51,0.9487223132041467
12094,0.48,0.9487223132041467
11305,0.97,0.9487223132041467
557,0.59,0.9487223132041467
9294,0.25,0.9476429239052306
2490,0.25,0.9487223132041467
16959,0.4,0.9487223132041467
23640,0.47,0.9487223132041467
17451,0.07,0.9487223132041467
589,1.0,0.9487223132041467
16061,1.09,0.9487223132041467
9941,0.55,0.9487223132041467
13126,0.28,0.9487223132041467
6012,0.71,0.9487223132041467
1381,0.36,0.9487223132041467
11508,0.39,0.9487223132041467
14145,0.59,0.9487223132041467
7680,0.56,0.9487223132041467
21220,0.59,0.9487223132041467
7890,0.0,0.9487223132041467
4536,0.44,0.9487223132041467
10303,0.18,0.9487223132041467
16976,0.01,0.9487223132041467
21491,0.57,0.9487223132041467
21536,0.4,0.9487223132041467
5960,0.59,0.9487223132041467
338,0.99,0.9487223132041467
12629,0.28,0.9487223132041467
20245,0.53,0.9487223132041467
15478,0.62,0.9487223132041467
20522,0.31,0.9487223132041467
2886,0.56,0.9487223132041467
7848,1.87,0.9487223132041467
17301,0.24,0.9487223132041467
2188,0.78,0.9487223132041467
12674,0.92,0.9487223132041467
9056,0.49,0.9487223132041467
22693,0.54,0.9487223132041467
2276,0.43,0.9487223132041467
10562,0.38,0.9487223132041467
23450,0.5,0.9487223132041467
22759,0.37,0.9487223132041467
15103,0.63,0.9487223132041467
8183,1.25,0.9487223132041467
15967,1.79,0.9487223132041467
9986,0.3,0.9487223132041467
17295,0.33,0.9487223132041467
3691,0.7,0.9487223132041467
20586,0.68,0.9487223132041467
9258,0.56,0.5123351023075873
4941,0.33,0.9487223132041467
13535,1.18,0.9487223132041467
16860,1.26,0.9487223132041467
2773,0.6,0.9487223132041467
2634,0.19,0.9487223132041467
9890,0.94,0.9487223132041467
9900,0.4,0.9487223132041467
11639,0.82,0.9487223132041467
2500,0.95,0.9487223132041467
22014,0.21,0.9487223132041467
6093,0.54,0.9487223132041467
4872,2.51,0.9487223132041467
10931,0.36,0.9487223132041467
20700,0.37,0.9487223132041467
3899,0.78,0.9487223132041467
805,0.12,0.9487223132041467
5062,0.35,0.9487223132041467
5600,1.72,0.9487223132041467
1506,0.73,0.9487223132041467
9382,0.67,0.9487223132041467
6869,1.35,0.9487223132041467
1591,0.84,0.9487223132041467
4989,0.41,0.9487223132041467
19002,0.77,0.9487223132041467
14464,68.35,0.9487223132041467
5692,0.51,0.9764592596751978
16941,0.97,0.9487223132041467
15328,1.63,0.9487223132041467
11334,0.54,0.9487223132041467
2812,23.53,0.9487223132041467
18407,1.14,0.9487223132041467
5861,1.28,0.9487223132041467
189,0.24,0.9487223132041467
6440,0.55,0.9487223132041467
14908,0.43,0.9487223132041467
1948,0.72,0.9487223132041467
17806,0.36,0.9487223132041467
22258,0.54,0.9487223132041467
19765,0.86,0.9487223132041467
5564,0.52,0.9487223132041467
5815,0.48,0.7491155517626649
20736,0.45,0.9487223132041467
23546,0.4,0.9487223132041467
17246,0.46,0.9487223132041467
19717,7.2,0.9487223132041467
8229,0.89,0.9487223132041467
22484,0.32,0.9487223132041467
5460,0.61,0.9487223132041467
23760,0.54,0.9487223132041467
9337,0.49,0.9487223132041467
6831,0.81,0.9487223132041467
4435,0.72,0.8413930984076694
9198,0.78,0.9487223132041467
3901,0.62,0.9487223132041467
19540,0.3,0.9487223132041467
2766,2.81,0.9487223132041467
20180,1.01,0.9487223132041467
11731,0.59,0.9487223132041467
10191,0.32,0.8173485887348877
6779,0.01,0.9487223132041467
8010,0.37,0.8885856473889835
22020,0.39,0.8038426955495348
818,0.03,0.9487223132041467
5086,0.48,0.9487223132041467
10427,0.89,0.9487223132041467
22304,0.71,0.9487223132041467
3285,0.29,0.9487223132041467
21144,0.35,0.9487223132041467
13040,0.31,0.9487223132041467
23878,0.86,0.9487223132041467
17396,0.56,0.9394978865470205
7068,0.68,0.9487223132041467
17821,0.6,0.9487223132041467
12997,0.75,0.9487223132041467
20585,0.67,0.9487223132041467
20096,0.02,0.9487223132041467
20215,0.93,0.9487223132041467
4336,0.34,0.8016707332956416
21110,1.09,0.9487223132041467
2980,0.42,0.9487223132041467
19851,2.35,0.9487223132041467
18558,0.45,0.9487223132041467
8044,1.73,0.9487223132041467
4330,0.46,0.9487223132041467
6023,0.62,0.9487223132041467
15046,0.51,0.7072725662672181
23219,0.4,0.9487223132041467
11432,0.65,0.9487223132041467
19808,0.66,0.8263522118923846
12138,1.76,0.9487223132041467
20247,0.88,0.9487223132041467
7668,0.47,0.9487223132041467
20765,0.49,0.9487223132041467
12461,0.85,0.9487223132041467
12176,0.43,0.9487223132041467
13241,0.37,0.9487223132041467
20721,0.33,0.9487223132041467
5249,0.53,0.9487223132041467
7650,0.35,0.9487223132041467
23043,0.71,0.9487223132041467
17233,0.87,0.9487223132041467
22208,0.66,0.9487223132041467
14222,1.45,0.9487223132041467
6656,0.78,0.9487223132041467
18945,0.52,0.9487223132041467
15222,0.93,0.9487223132041467
316,0.97,0.9487223132041467
20951,0.05,0.9487223132041467
14618,0.5,0.9487223132041467
9655,0.27,0.9487223132041467
1681,0.36,0.9487223132041467
13614,0.43,0.9487223132041467
17162,0.38,0.9487223132041467
7844,0.99,0.9487223132041467
20956,0.06,0.9487223132041467
12427,0.32,0.9487223132041467
21289,0.42,0.9487223132041467
17972,0.69,0.9487223132041467
12194,0.45,0.9487223132041467
11515,0.34,0.9487223132041467
23215,0.39,0.9487223132041467
5050,0.5,0.9487223132041467
14153,0.87,0.9487223132041467
3918,0.75,0.9487223132041467
13611,0.73,0.9487223132041467
6905,0.9,0.9487223132041467
20659,1.61,0.9487223132041467
787,0.62,0.872678610367635
280,1.11,0.9487223132041467
21801,0.59,0.9487223132041467
2557,1.12,0.9487223132041467
10186,0.5,0.9487223132041467
20156,0.08,0.9487223132041467
8252,0.87,0.9487223132041467
6110,1.2,0.9487223132041467
3629,0.93,0.9487223132041467
7906,0.01,0.9487223132041467
22310,0.6,0.9487223132041467
15282,0.76,0.9487223132041467
14957,0.36,0.9487223132041467
9643,0.09,0.931567532653454
22536,0.28,0.9487223132041467
8750,0.59,0.9584896335531761
6473,1.06,0.9487223132041467
18133,0.24,0.9487223132041467
17454,0.04,0.9487223132041467
21605,0.58,0.9487223132041467
4317,1.0,0.9487223132041467
20728,0.43,0.9487223132041467
18750,0.5,0.9487223132041467
18213,0.54,0.9487223132041467
2945,0.52,0.9487223132041467
11985,0.33,0.9487223132041467
12752,0.79,0.9487223132041467
18361,0.47,0.9487223132041467
10833,0.73,0.9487223132041467
8911,0.02,0.9487223132041467
11485,0.24,0.9487223132041467
10115,1.8,0.9487223132041467
8796,0.01,0.9487223132041467
20816,0.61,0.9487223132041467
23823,0.28,0.9487223132041467
19969,77.5,0.9487223132041467
13431,0.01,0.9487223132041467
16915,0.49,0.9487223132041467
14358,1.04,0.9487223132041467
11726,0.43,0.9487223132041467
15668,0.47,0.7866484815065728
15792,0.54,0.9487223132041467
10975,1.05,0.9487223132041467
22539,0.3,0.9487223132041467
21471,0.49,0.9487223132041467
18464,0.68,0.9487223132041467
1773,0.47,0.9487223132041467
13516,0.77,0.9487223132041467
6010,0.18,0.9487223132041467
216,0.51,0.9487223132041467
4444,0.33,0.9487223132041467
16084,0.88,0.9487223132041467
20785,0.5,0.9487223132041467
18770,0.47,0.9487223132041467
20371,0.64,0.9487223132041467
19956,0.69,0.7758159194065094
2414,0.41,0.9487223132041467
85,0.41,0.9487223132041467
15375,0.54,0.9487223132041467
11561,1.71,0.9487223132041467
1656,0.62,0.9487223132041467
1684,0.57,0.9487223132041467
2105,0.09,0.9487223132041467
15421,0.88,0.9487223132041467
18621,0.57,1.0209125769308058
23164,0.58,0.9487223132041467
15362,0.45,0.9487223132041467
22409,0.96,0.9487223132041467
11324,0.41,0.9487223132041467
9366,0.36,0.9487223132041467
1515,0.78,0.9487223132041467
851,0.36,0.9487223132041467
3491,0.5,0.9487223132041467
23331,0.69,0.9487223132041467
23590,0.33,0.9487223132041467
13836,0.33,0.9487223132041467
15622,0.97,0.9487223132041467
8695,0.38,0.9487223132041467
12713,0.39,0.9487223132041467
18146,0.73,0.9487223132041467
22761,0.4,0.9487223132041467
20406,0.32,0.9487223132041467
15357,0.47,0.9487223132041467
8537,0.84,0.9487223132041467
2147,0.47,0.9487223132041467
9358,0.52,0.9487223132041467
13854,0.36,0.9487223132041467
19114,0.58,0.9487223132041467
23171,0.79,0.9487223132041467
3275,0.29,0.9487223132041467
18823,0.73,0.9487223132041467
16508,1.08,0.9487223132041467
9770,0.41,0.5037112920202058
4836,0.54,0.9487223132041467
18578,1.08,0.9487223132041467
1924,0.57,0.9120656726101699
18780,2.06,0.9487223132041467
14917,0.65,0.9487223132041467
135,0.5,0.9487223132041467
22082,0.53,0.9487223132041467
11684,0.56,0.9487223132041467
17743,0.55,0.9487223132041467
9268,0.81,0.9487223132041467
12490,1.02,0.9487223132041467
14765,0.1,0.9487223132041467
19505,1.04,0.9487223132041467
17291,1.17,0.9487223132041467
13984,0.26,0.9487223132041467
1659,0.48,0.9487223132041467
70,1.15,0.9408878752628059
320,1.0,0.9487223132041467
13281,0.11,0.9487223132041467
17967,0.76,0.9487223132041467
17574,0.93,0.9487223132041467
23075,0.82,0.9487223132041467
6847,0.54,0.9487223132041467
9733,0.39,0.9487223132041467
14041,1.28,0.9487223132041467
4681,0.6,0.9487223132041467
1122,0.98,0.9487223132041467
10397,0.77,0.9487223132041467
11927,0.27,0.9487223132041467
4346,0.53,0.8517260220357297
11664,0.37,0.9487223132041467
11796,0.38,0.9487223132041467
16113,0.35,0.9550276999135462
5049,0.54,0.8622999731622908
2572,0.19,0.9487223132041467
12364,0.45,0.9487223132041467
1915,0.84,0.9487223132041467
281,2.06,0.9487223132041467
23753,0.53,0.9487223132041467
21031,0.09,0.9487223132041467
15573,0.48,0.9487223132041467
17187,0.33,0.8657288396586987
11920,0.44,0.9487223132041467
4889,0.47,0.9487223132041467
23027,0.26,0.9487223132041467
21366,0.25,0.9487223132041467
13868,0.21,0.9487223132041467
3262,0.6,0.9487223132041467
5046,0.39,0.9487223132041467
19193,0.47,0.9487223132041467
5798,0.41,0.9487223132041467
2430,0.92,0.7481296235536816
7234,0.45,0.7859267385410185
16274,0.62,0.9487223132041467
309,0.78,0.9487223132041467
11027,0.8,0.9487223132041467
5807,0.49,0.9487223132041467
18092,0.73,0.9487223132041467
1489,0.47,0.9487223132041467
22478,0.69,0.9487223132041467
18195,0.06,0.9487223132041467
6362,0.22,0.9487223132041467
154,1.19,0.9487223132041467
23269,0.58,0.9487223132041467
1917,0.51,0.9487223132041467
14992,0.84,0.9487223132041467
4281,0.03,0.9487223132041467
10532,1.17,0.9487223132041467
3429,0.25,0.9487223132041467
13125,0.31,0.9487223132041467
7309,1.02,0.9487223132041467
11351,0.28,0.9487223132041467
22879,0.74,0.9487223132041467
15923,0.56,0.9487223132041467
19312,0.14,0.9487223132041467
2201,0.99,0.9487223132041467
20123,1.13,0.9487223132041467
6334,0.61,0.9487223132041467
8871,0.32,0.9487223132041467
8590,0.3,0.9487223132041467
22617,0.55,0.9487223132041467
23890,0.59,0.9487223132041467
17899,0.25,0.9487223132041467
19387,0.67,0.8732060811292829
15876,0.5,0.9487223132041467
23398,0.59,0.9487223132041467
15655,0.95,0.9487223132041467
910,0.97,0.9487223132041467
15510,0.78,0.9487223132041467
16339,0.87,0.9487223132041467
5109,0.38,0.9487223132041467
5980,0.43,0.9487223132041467
13826,0.23,0.9487223132041467
15361,0.18,0.9487223132041467
2047,0.79,1.0508462199198179
1166,0.7,0.9487223132041467
20234,0.68,0.9487223132041467
20145,0.57,0.9487223132041467
21626,0.9,0.9487223132041467
8612,1.28,0.9487223132041467
19320,0.61,0.9487223132041467
103,0.38,0.9487223132041467
23746,0.34,0.9487223132041467
6120,0.57,0.9487223132041467
22750,0.83,0.9487223132041467
4574,0.52,0.9487223132041467
11905,0.48,0.9487223132041467
14549,12.54,0.9487223132041467
23195,0.59,0.9487223132041467
8880,0.35,0.9487223132041467
7676,0.45,0.9487223132041467
4211,0.64,0.9487223132041467
7817,0.02,0.9487223132041467
23977,0.21,0.9487223132041467
18409,1.07,0.9487223132041467
10473,0.53,0.9487223132041467
8052,0.45,0.9487223132041467
21905,0.51,0.9487223132041467
12371,0.3,0.9487223132041467
10938,0.17,0.9487223132041467
8433,0.67,0.9487223132041467
7912,0.0,0.9487223132041467
18773,0.72,0.9487223132041467
20837,0.43,0.9487223132041467
4907,0.72,0.9487223132041467
22424,0.89,0.9487223132041467
16963,0.63,0.9487223132041467
2013,1.94,0.9487223132041467
3804,0.23,0.9487223132041467
2916,0.37,0.9487223132041467
13778,0.62,0.9487223132041467
6403,0.12,0.9487223132041467
13764,0.44,0.9487223132041467
23131,0.19,0.9487223132041467
14856,0.7,0.9487223132041467
8802,0.71,0.6798496790468991
16775,0.61,0.9487223132041467
23526,0.39,0.9487223132041467
6480,1.28,0.9487223132041467
12665,0.61,0.9487223132041467
8657,0.29,0.9487223132041467
11100,0.65,0.9487223132041467
1313,0.46,0.9487223132041467
5311,0.53,0.7829371987089616
18220,0.8,0.9487223132041467
17837,0.1,0.9487223132041467
681,0.56,0.9487223132041467
1835,0.4,0.7753001634469077
526,0.59,0.9487223132041467
12903,0.98,0.9487223132041467
6395,0.85,0.9487223132041467
10711,0.93,0.9487223132041467
22704,0.59,0.9487223132041467
17167,1.58,0.9487223132041467
21390,0.61,0.9468176292093616
22951,0.05,0.9487223132041467
3570,0.87,0.9487223132041467
16767,0.24,0.9487223132041467
1956,0.57,0.9487223132041467
22352,0.64,0.8920880563427102
21894,0.4,0.9142169643267145
6888,0.48,0.9487223132041467
23114,0.5,0.9487223132041467
22331,0.76,0.9487223132041467
4048,0.43,0.9487223132041467
16688,0.19,0.9487223132041467
15910,0.4,0.9393039343576908
23623,0.29,0.9487223132041467
18468,0.75,0.9487223132041467
9793,0.51,0.9487223132041467
13005,1.08,0.9487223132041467
20924,0.53,0.9487223132041467
18466,0.64,0.9487223132041467
23882,0.73,0.9487223132041467
9239,2.59,0.9487223132041467
22641,0.36,0.9487223132041467
1334,0.92,0.7774358450377773
11603,0.07,0.9487223132041467
3035,0.38,0.9487223132041467
5747,0.5,0.9487223132041467
22901,0.46,0.9487223132041467
6251,0.24,0.9487223132041467
18315,0.72,0.9487223132041467
6874,0.31,0.9487223132041467
6944,0.82,0.9487223132041467
1794,0.71,0.9487223132041467
10661,0.19,0.9487223132041467
23494,0.64,0.9487223132041467
21011,0.4,0.9487223132041467
9519,0.63,0.9487223132041467
3942,0.51,0.9487223132041467
13667,0.31,0.9487223132041467
5344,0.58,0.9487223132041467
1434,1.31,0.9487223132041467
16969,0.62,0.9487223132041467
22799,0.49,0.9487223132041467
21006,0.62,0.9487223132041467
8959,0.46,0.9487223132041467
13562,0.92,0.9487223132041467
14671,0.34,0.9487223132041467
14011,0.94,0.9487223132041467
22051,0.59,0.9882835836162642
3678,1.58,0.9487223132041467
13607,0.7,0.9487223132041467
15568,0.4,0.9487223132041467
2554,0.85,0.9487223132041467
6161,0.39,0.9487223132041467
11814,0.4,0.9487223132041467
13184,1.34,0.9487223132041467
8821,0.45,0.9487223132041467
8064,0.54,0.9487223132041467
7093,0.44,0.9487223132041467
15187,0.52,0.865429540393169
1757,0.55,0.9487223132041467
17317,0.0,0.9487223132041467
22639,0.64,0.9487223132041467
1125,0.9,0.9487223132041467
12880,0.37,0.9487223132041467
15454,1.19,0.9487223132041467
22140,0.36,0.7854491100508308
14483,0.41,0.9487223132041467
13349,1.82,0.9487223132041467
22877,0.76,0.9487223132041467
23971,0.54,0.9487223132041467
1130,0.38,0.9487223132041467
7091,0.36,0.9487223132041467
22213,0.47,0.9487223132041467
17913,0.48,0.9487223132041467
8080,0.3,0.9487223132041467
15837,0.59,0.9487223132041467
22268,0.49,0.8802239978580894
12001,0.35,0.9487223132041467
17057,0.42,0.9487223132041467
13986,1.59,0.9487223132041467
8754,0.48,0.9487223132041467
301,0.52,0.9487223132041467
2951,0.66,0.9487223132041467
2654,0.76,0.9487223132041467
16684,0.09,0.9487223132041467
22161,0.67,0.9487223132041467
9011,0.8,0.9487223132041467
14214,0.86,0.9487223132041467
675,0.29,0.9487223132041467
10758,0.64,0.9487223132041467
9153,0.75,0.9487223132041467
6167,0.26,0.9487223132041467
265,1.41,0.9487223132041467
10514,0.6,0.9487223132041467
23483,0.76,0.9487223132041467
21147,0.33,0.9487223132041467
11745,0.54,0.9487223132041467
5813,0.53,0.8649962216982242
21267,0.58,0.8192716721050566
14624,0.78,0.9487223132041467
8971,26.04,0.9487223132041467
15542,0.79,0.9487223132041467
2078,0.5,0.9487223132041467
20110,0.95,0.9487223132041467
13814,1.01,0.9487223132041467
15872,0.63,0.9487223132041467
15691,0.56,0.9487223132041467
20866,0.6,0.9509268002648482
16329,2.5,0.9487223132041467
19009,0.08,0.9487223132041467
21141,0.48,0.9487223132041467
6893,0.72,0.9487223132041467
11128,0.7,1.0110909973183706
21018,0.18,0.9487223132041467
11034,0.67,0.9487223132041467
21054,0.11,0.9487223132041467
22559,0.47,0.9487223132041467
18955,0.23,0.9487223132041467
712,5.19,0.9487223132041467
17551,0.31,0.9487223132041467
9378,0.62,0.9487223132041467
14575,0.84,0.9487223132041467
23678,0.36,0.9487223132041467
14193,0.56,0.9487223132041467
23093,0.34,0.9487223132041467
7338,0.5,0.9487223132041467
6700,0.5,0.9487223132041467
19723,2.97,0.9487223132041467
23324,0.46,0.9487223132041467
5219,0.43,0.9487223132041467
4539,0.75,0.9487223132041467
6871,1.24,0.9487223132041467
23611,0.43,0.9487223132041467
20263,0.25,0.9153869450316009
12316,0.96,0.9487223132041467
6810,0.01,0.9487223132041467
8177,2.02,0.9487223132041467
15532,1.28,0.9487223132041467
17007,0.67,0.9487223132041467
4738,0.68,0.9487223132041467
15389,1.32,0.9487223132041467
19121,0.56,0.9487223132041467
1408,0.7,0.9487223132041467
18533,1.57,0.9487223132041467
17827,0.08,0.9487223132041467
166,0.7,0.9487223132041467
15555,0.61,0.9487223132041467
5419,0.57,0.9487223132041467
11693,0.78,0.897868321906395
19991,0.65,0.9487223132041467
6425,0.78,0.9487223132041467
21408,0.56,0.9487223132041467
23980,0.8,0.9487223132041467
3552,0.31,0.8082132873253662
22684,1.2,0.9487223132041467
18759,0.82,0.9487223132041467
14190,0.37,0.9487223132041467
21989,1.55,0.9487223132041467
20611,0.55,0.9487223132041467
5742,0.44,0.9487223132041467
14851,0.39,0.9487223132041467
21021,0.16,0.9487223132041467
6017,0.6,0.9487223132041467
11410,0.56,0.9487223132041467
19915,0.4,0.9487223132041467
5989,0.29,0.8241313242652469
22838,0.62,0.9487223132041467
9782,1.22,0.9487223132041467
15179,0.6,0.9487223132041467
1962,0.65,0.9487223132041467
2620,0.48,0.9487223132041467
15881,0.3,0.6683746729604944
11568,0.06,0.9487223132041467
1054,0.57,0.9487223132041467
13225,1.49,0.9487223132041467
21422,0.31,0.9487223132041467
2573,0.17,0.9487223132041467
17617,0.45,0.9487223132041467
19374,1.47,0.9487223132041467
12162,0.64,0.9487223132041467
15080,0.9,0.9487223132041467
11833,1.43,0.9487223132041467
2397,0.58,0.9487223132041467
16683,0.46,0.9461858951389779
4263,0.19,0.9487223132041467
20078,0.75,0.9487223132041467
7673,0.53,0.9487223132041467
16655,0.65,0.9487223132041467
11466,0.31,0.9487223132041467
7708,0.51,0.9487223132041467
21266,0.43,0.9487223132041467
17987,1.01,0.9487223132041467
8392,0.33,0.9487223132041467
16563,0.61,0.9487223132041467
1219,0.71,0.9487223132041467
15341,0.86,0.9487223132041467
17886,0.44,0.9487223132041467
7529,0.32,0.9487223132041467
23712,0.51,0.9487223132041467
21912,0.55,0.9487223132041467
18337,0.56,0.9487223132041467
299,0.72,0.9487223132041467
1646,0.53,0.9487223132041467
13815,0.62,0.9487223132041467
3707,0.59,0.9487223132041467
5201,0.73,0.9487223132041467
5558,0.66,0.9487223132041467
16755,0.36,0.9487223132041467
23647,0.96,0.9487223132041467
8851,2.82,0.9487223132041467
531,0.76,0.9487223132041467
1236,0.73,0.9487223132041467
2469,0.37,0.9487223132041467
11857,0.5,0.9487223132041467
14296,1.12,0.9487223132041467
4644,1.12,0.9487223132041467
20267,0.6,0.9487223132041467
9812,1.72,0.9487223132041467
13425,1.17,0.9487223132041467
10021,0.04,0.9487223132041467
9132,0.4,0.9487223132041467
18158,0.76,0.9487223132041467
13155,1.15,0.9487223132041467
10713,0.81,0.9487223132041467
23148,0.57,0.9487223132041467
22961,0.31,0.9487223132041467
12037,0.52,0.9487223132041467
5957,0.47,0.9487223132041467
6122,0.41,0.941895519240575
3395,2.12,0.9487223132041467
6108,2.0,0.9487223132041467
7089,0.3,0.9487223132041467
22588,0.28,0.9487223132041467
4633,0.41,0.9487223132041467
22350,0.35,0.9487223132041467
18130,0.62,0.9007894788339076
554,0.38,0.9487223132041467
21986,0.63,0.9487223132041467
20506,0.43,0.9487223132041467
15382,0.3,0.9487223132041467
13912,0.78,0.9487223132041467
9797,1.86,0.9487223132041467
18820,0.28,0.9487223132041467
11125,0.52,0.9487223132041467
12009,0.66,0.9487223132041467
14161,0.26,0.8799571772052046
9820,0.44,0.9487223132041467
11285,0.46,0.6721597368049035
14148,0.23,0.9487223132041467
14748,0.18,0.9487223132041467
23717,0.66,0.9487223132041467
7899,0.01,0.9487223132041467
12106,0.56,0.9487223132041467
22245,0.59,0.9487223132041467
16653,14.22,0.9487223132041467
9329,0.26,0.9487223132041467
19184,0.28,0.9487223132041467
23723,0.43,0.9487223132041467
10977,1.58,0.9487223132041467
13722,0.0,0.9487223132041467
2811,21.58,0.9487223132041467
1303,0.43,0.9487223132041467
17645,0.55,0.9487223132041467
13675,0.37,0.9487223132041467
1092,0.26,0.9487223132041467
20538,0.5,0.7736036418030674
16206,0.75,0.9487223132041467
12181,0.35,0.9487223132041467
3886,0.46,0.9487223132041467
14658,0.32,0.9487223132041467
7895,0.0,0.9487223132041467
4134,0.15,0.9487223132041467
23248,0.32,0.9487223132041467
6381,0.7,0.9487223132041467
23642,0.36,0.9487223132041467
18934,0.97,0.9487223132041467
18008,0.54,0.9487223132041467
13906,0.96,0.9487223132041467
21164,0.42,0.9487223132041467
10658,0.13,0.9487223132041467
11023,0.34,0.9313837026693863
11789,0.46,0.9487223132041467
22863,0.49,0.9487223132041467
12014,0.67,0.9487223132041467
22591,0.15,0.9487223132041467
23424,0.02,0.9487223132041467
6861,0.06,0.9487223132041467
1123,0.98,0.9487223132041467
853,0.14,0.9487223132041467
7880,0.0,0.9487223132041467
8335,0.43,0.9726201314873846
6816,0.0,0.9487223132041467
7046,0.72,0.9487223132041467
793,0.73,0.9487223132041467
8171,2.72,0.9487223132041467
9227,0.83,0.9487223132041467
15307,0.3,0.9487223132041467
15260,0.36,0.9487223132041467
11002,0.54,0.9487223132041467
4008,0.46,0.9487223132041467
306,0.68,0.9487223132041467
4862,0.52,0.9487223132041467
1116,0.96,0.9487223132041467
23633,0.61,0.9487223132041467
11634,1.05,0.9487223132041467
4151,0.89,0.9487223132041467
13371,0.55,0.9487223132041467
9430,0.65,0.9487223132041467
12494,0.76,0.9487223132041467
4262,0.7,0.9487223132041467
16681,0.35,0.9487223132041467
13201,0.2,0.9487223132041467
3693,0.62,0.9487223132041467
7081,0.18,0.9487223132041467
14695,0.85,0.9487223132041467
22264,0.44,0.823206628171741
12710,0.62,0.9487223132041467
3882,1.0,0.9487223132041467
6409,0.45,0.9487223132041467
10198,0.67,0.9023880343225149
10549,0.52,0.9487223132041467
4884,0.6,0.7108171851239257
15114,0.49,0.9487223132041467
9093,0.41,0.9487223132041467
16848,0.29,0.9487223132041467
5744,0.44,0.9003475596301359
23505,0.49,0.9487223132041467
8135,0.7,0.9028596471187139
919,0.55,0.9487223132041467
16630,0.15,0.9487223132041467
11577,0.53,0.9487223132041467
12169,0.83,0.9487223132041467
15940,0.28,1.0360323561466944
8722,0.22,0.9487223132041467
9412,0.2,0.9487223132041467
23729,0.3,0.9487223132041467
17880,0.62,0.9487223132041467
61,0.86,0.9487223132041467
10441,0.34,0.9487223132041467
9176,0.59,0.9487223132041467
7815,0.03,0.9487223132041467
31,0.68,0.9487223132041467
3563,0.74,0.9487223132041467
4184,1.2,0.9487223132041467
1157,0.47,0.9598918700635151
17971,0.87,0.9487223132041467
5796,0.54,0.9487223132041467
17315,0.0,0.9487223132041467
9646,0.22,0.9487223132041467
8637,0.53,0.9487223132041467
8943,0.31,0.9487223132041467
9822,0.95,0.9487223132041467
1178,0.56,0.9487223132041467
19186,0.5,0.9487223132041467
10534,1.24,0.9487223132041467
16644,43.07,0.9487223132041467
12584,0.86,0.9487223132041467
6946,0.78,0.9487223132041467
22768,0.37,0.9487223132041467
8247,0.96,0.9487223132041467
2194,0.53,0.9487223132041467
4141,0.54,0.947891995098789
14630,23.03,0.9487223132041467
23846,0.46,0.9487223132041467
16876,0.64,0.9487223132041467
9627,0.47,0.9487223132041467
5879,0.45,0.9487223132041467
13272,0.07,0.9487223132041467
19699,0.79,0.9487223132041467
23431,0.34,0.9487223132041467
7520,0.8,0.9487223132041467
19024,0.11,0.9487223132041467
20170,1.2,0.9487223132041467
20789,0.23,0.9487223132041467
10263,0.43,0.9487223132041467
22507,0.75,0.9487223132041467
23810,0.41,0.9487223132041467
18639,0.66,0.8805847055567684
663,0.53,0.9487223132041467
14685,0.82,0.9487223132041467
9081,0.45,0.8861534721354171
18995,0.81,0.9487223132041467
17745,0.46,0.9487223132041467
3727,0.63,0.9487223132041467
13832,0.36,0.9487223132041467
1498,0.72,0.9487223132041467
13239,0.38,0.9487223132041467
7592,0.42,0.9487223132041467
19039,1.55,0.9487223132041467
22610,0.41,0.9487223132041467
8581,0.53,0.9487223132041467
13067,0.29,0.9487223132041467
22835,0.76,0.9487223132041467
3384,0.68,0.9487223132041467
10617,0.32,0.9487223132041467
291,0.32,0.9487223132041467
15452,1.07,0.9487223132041467
21688,1.78,0.9487223132041467
17763,0.7,0.9487223132041467
1482,0.26,0.9487223132041467
16376,0.61,0.9487223132041467
12888,0.78,0.9487223132041467
17263,0.84,0.9487223132041467
17054,0.87,0.9487223132041467
14009,1.05,0.9487223132041467
2129,0.91,0.9487223132041467
22727,0.35,0.9487223132041467
8769,0.93,0.9487223132041467
13891,0.01,0.9487223132041467
17749,0.08,0.9487223132041467
3734,0.4,0.9487223132041467
23261,0.37,0.9487223132041467
19977,56.96,0.9487223132041467
16524,0.76,0.9792697868594458
612,0.58,0.9487223132041467
23884,0.67,0.9487223132041467
20166,1.24,0.9487223132041467
3539,0.41,0.9487223132041467
3582,0.45,0.9487223132041467
12017,0.73,0.9487223132041467
5128,0.11,0.9487223132041467
14592,0.28,1.0978030275647868
20671,0.09,0.9487223132041467
20689,0.8,0.8026196589679053
17386,0.6,0.9487223132041467
1720,0.5,0.9487223132041467
18906,11.5,0.9487223132041467
19616,1.1,0.9487223132041467
16294,0.49,0.9487223132041467
18246,0.36,0.9487223132041467
15592,0.26,0.9487223132041467
10893,3.36,0.9487223132041467
8558,0.13,0.9487223132041467
11190,0.51,0.9487223132041467
9330,0.43,0.9487223132041467
5054,0.54,0.9487223132041467
11918,0.26,0.9487223132041467
7018,0.87,0.9487223132041467
21259,0.63,0.9487223132041467
23781,0.61,0.9487223132041467
17668,0.7,0.9487223132041467
21845,0.29,0.7958450535866346
4379,0.57,0.9487223132041467
778,0.38,0.9487223132041467
18051,0.47,0.9487223132041467
5915,0.75,0.9487223132041467
19770,1.01,0.9487223132041467
14603,0.01,0.9487223132041467
8738,0.67,0.9487223132041467
12851,0.73,0.9487223132041467
21254,0.96,0.9487223132041467
337,1.02,0.9487223132041467
11428,0.68,0.9487223132041467
16397,0.36,0.8692692031928132
15295,0.51,0.9487223132041467
7561,0.13,0.9487223132041467
6359,0.26,0.9487223132041467
13150,1.02,0.9487223132041467
22483,0.37,0.9487223132041467
6319,0.4,0.9487223132041467
19311,0.27,0.9487223132041467
5212,0.4,0.9487223132041467
3933,0.52,0.9487223132041467
14109,0.49,0.7118518146795123
20940,0.63,0.9487223132041467
11928,0.28,0.9487223132041467
10380,0.75,0.9487223132041467
7968,0.78,0.9487223132041467
872,0.75,0.9487223132041467
18104,0.4,0.9487223132041467
19623,0.66,0.9487223132041467
8315,0.7,0.9487223132041467
9847,0.75,0.9487223132041467
744,0.95,0.9487223132041467
21738,0.62,0.9487223132041467
18263,0.54,0.9487223132041467
233,0.75,0.8633574004638411
6069,0.1,0.9487223132041467
5517,0.48,0.9487223132041467
21169,0.69,0.9487223132041467
12282,0.79,0.9487223132041467
23516,0.49,0.9487223132041467
11038,0.56,0.9487223132041467
23870,0.26,0.9487223132041467
22387,0.83,0.9487223132041467
21384,0.46,0.9019374554912742
13591,0.32,0.9487223132041467
14064,0.88,0.9487223132041467
15335,0.6,0.9487223132041467
15265,0.65,0.9487223132041467
10253,0.4,0.9487223132041467
7423,1.39,0.9487223132041467
14405,0.72,0.9487223132041467
5233,1.27,0.9487223132041467
10519,0.49,0.9487223132041467
5588,0.58,0.9487223132041467
15631,0.93,0.9487223132041467
16055,0.27,0.9935240810199744
22602,0.64,0.9487223132041467
17137,0.49,0.9487223132041467
19802,0.64,0.9487223132041467
1306,0.55,0.9487223132041467
4266,0.05,0.9487223132041467
1941,0.46,0.9487223132041467
5598,1.78,0.9487223132041467
5296,0.07,0.9487223132041467
17957,1.16,0.9487223132041467
2631,0.2,0.9487223132041467
17453,0.18,0.9487223132041467
1021,0.4,0.9487223132041467
9404,0.18,0.9487223132041467
2655,0.87,0.9487223132041467
18192,0.04,0.9487223132041467
14441,0.92,0.9487223132041467
620,0.78,0.9487223132041467
19246,0.46,0.9487223132041467
579,0.49,0.9487223132041467
18259,0.71,0.9487223132041467
8502,0.7,0.9487223132041467
12404,0.96,0.9487223132041467
6453,0.15,0.9487223132041467
13469,1.24,0.9487223132041467
1789,0.88,0.9487223132041467
23127,0.36,0.9487223132041467
8269,1.08,0.9487223132041467
21388,0.39,0.8666070267716717
11008,0.53,0.9487223132041467
23096,0.24,0.9487223132041467
21082,0.61,0.9518820683794156
18600,0.54,0.9487223132041467
2590,1.12,0.9487223132041467
23748,0.83,0.9487223132041467
2386,0.88,0.9487223132041467
15579,0.24,0.9487223132041467
3977,0.93,0.9487223132041467
21653,0.69,0.9487223132041467
6433,0.16,0.9487223132041467
18168,0.44,1.0144376677497682
22699,0.85,0.9487223132041467
22503,0.43,0.9487223132041467
4580,0.43,0.9487223132041467
23260,0.58,0.9487223132041467
19473,1.65,0.9487223132041467
556,0.4,0.9487223132041467
7483,0.54,0.9487223132041467
6806,0.0,0.9487223132041467
5275,0.53,0.9487223132041467
21481,0.52,0.9487223132041467
1867,0.28,0.9487223132041467
4455,0.51,0.9487223132041467
735,4.24,0.9487223132041467
14132,0.01,0.9487223132041467
1118,0.84,0.9487223132041467
18725,0.22,0.9487223132041467
20957,0.03,0.9487223132041467
16412,0.14,0.9487223132041467
845,0.34,0.9487223132041467
23628,1.24,0.9487223132041467
7328,0.82,0.9487223132041467
8709,0.72,0.9487223132041467
1819,1.32,0.9487223132041467
6253,0.31,0.9487223132041467
11904,0.46,0.9487223132041467
22005,0.39,0.9487223132041467
4268,0.09,0.9487223132041467
20081,0.55,0.9487223132041467
9511,0.7,0.9487223132041467
16190,0.54,0.8024422577946909
3799,0.19,0.9487223132041467
15818,0.48,0.9208316802895417
8731,1.23,0.9487223132041467
1223,0.82,0.9487223132041467
5734,0.49,0.9487223132041467
1165,0.83,0.9487223132041467
20605,0.83,0.9487223132041467
16326,1.69,0.9487223132041467
19131,1.16,0.9487223132041467
23006,0.49,0.9487223132041467
9658,0.45,0.9487223132041467
6346,0.42,0.9487223132041467
2586,0.43,0.9487223132041467
13016,0.36,0.9487223132041467
18353,0.5,0.9487223132041467
11746,0.81,0.9487223132041467
19966,91.74,0.9487223132041467
22262,0.52,0.7613459975477328
9527,0.48,0.9487223132041467
894,0.75,0.9487223132041467
13512,0.92,0.9487223132041467
11251,0.01,0.9487223132041467
20916,1.04,0.9487223132041467
14496,0.01,0.9487223132041467
7567,0.03,0.9487223132041467
2120,0.65,0.9487223132041467
178,0.16,0.9487223132041467
15768,0.04,0.9487223132041467
12452,1.09,0.9487223132041467
17982,0.96,0.9487223132041467
23363,0.59,0.9487223132041467
8844,0.81,0.9487223132041467
10918,0.61,0.9487223132041467
6837,0.57,0.9487223132041467
16636,0.78,0.9487223132041467
14119,0.49,1.0116349951893902
20436,0.56,0.9487223132041467
1484,0.42,0.9487223132041467
16500,0.68,0.9151222524926941
2788,0.43,0.9487223132041467
1438,0.68,0.9487223132041467
23249,0.42,0.9487223132041467
16377,0.94,0.9487223132041467
1516,0.62,0.9487223132041467
21771,0.48,0.9487223132041467
1505,0.39,0.8538781349380343
6019,0.71,0.9487223132041467
23987,0.37,0.9487223132041467
21982,0.33,0.9487223132041467
12258,0.91,0.9150501632502267
22078,0.75,0.7648540620255209
15405,0.43,0.9331206646528334
19990,1.99,0.9487223132041467
3744,1.49,0.9487223132041467
2203,0.82,0.9487223132041467
6159,0.37,0.9487223132041467
718,0.86,0.9487223132041467
11908,0.76,0.9487223132041467
21249,0.38,0.9487223132041467
20909,0.44,0.9487223132041467
191,0.23,0.9487223132041467
3993,0.65,0.9075612033970238
14054,0.39,0.9487223132041467
12732,0.4,0.9487223132041467
5073,0.08,0.9487223132041467
17306,0.0,0.9487223132041467
21472,0.57,0.9487223132041467
4367,1.24,0.9487223132041467
10374,0.57,0.9487223132041467
19627,0.88,0.9487223132041467
19780,0.27,0.8776882426334564
10469,0.45,0.9487223132041467
21393,0.49,0.8109850199511374
10291,0.91,0.9487223132041467
18514,0.38,0.9487223132041467
19549,0.43,0.9487223132041467
6169,0.16,0.9487223132041467
2489,0.24,0.9487223132041467
15841,0.53,0.9487223132041467
6786,0.0,0.9487223132041467
15749,0.66,0.9487223132041467
23180,0.44,0.9487223132041467
1899,1.22,0.9487223132041467
5043,0.81,1.093296105279634
2019,0.73,0.9487223132041467
11075,0.52,0.9487223132041467
17696,0.63,0.9487223132041467
2272,0.56,0.9487223132041467
8498,0.75,0.9487223132041467
2548,0.05,0.9487223132041467
7900,0.04,0.9487223132041467
21063,0.03,0.9487223132041467
1135,0.77,0.9487223132041467
1016,0.46,0.9487223132041467
5192,1.65,0.9487223132041467
17625,0.48,0.9487223132041467
12388,0.28,0.9487223132041467
14228,0.93,0.9487223132041467
7793,0.79,0.9487223132041467
13024,1.48,0.9487223132041467
5701,1.0,0.9487223132041467
3034,0.5,1.0045043873801198
9130,0.56,0.9487223132041467
21099,0.31,0.9487223132041467
22746,0.47,0.9487223132041467
19269,0.34,0.9487223132041467
7757,0.89,0.9487223132041467
14125,0.0,0.9487223132041467
1300,0.53,0.9487223132041467
21428,0.17,0.9487223132041467
17720,1.0,0.9487223132041467
12970,6.28,0.9487223132041467
23229,0.32,0.9487223132041467
14005,1.05,0.9487223132041467
22102,1.26,0.9487223132041467
17012,0.36,0.9487223132041467
11629,0.61,0.9487223132041467
22553,0.15,0.9487223132041467
12503,0.52,0.9487223132041467
10999,0.5,0.9487223132041467
13439,1.09,0.7697359130677511
16865,0.84,0.9487223132041467
13934,1.22,0.9487223132041467
410,0.51,0.9487223132041467
1705,0.66,0.9487223132041467
13852,1.19,0.9487223132041467
10762,0.51,0.9487223132041467
6143,0.31,0.9487223132041467
23560,0.87,0.9487223132041467
16069,1.31,0.9487223132041467
3320,0.99,0.9487223132041467
4420,0.39,0.9487223132041467
18180,0.47,0.9487223132041467
1520,0.55,0.8940352205657985
14611,1.34,0.9487223132041467
17222,0.31,0.9487223132041467
8276,0.38,0.9487223132041467
9994,0.59,0.9487223132041467
19647,0.34,0.875022081215044
13128,0.27,0.9487223132041467
8718,0.37,0.9487223132041467
12767,0.36,0.9487223132041467
22547,1.01,0.9487223132041467
23465,0.24,0.9487223132041467
8725,0.73,0.9487223132041467
17174,1.22,0.9487223132041467
972,0.61,0.9487223132041467
7572,0.06,0.9487223132041467
5170,0.26,0.9487223132041467
12907,9.24,0.9487223132041467
18805,0.48,0.9487223132041467
21593,0.57,0.9487223132041467
13579,0.49,0.9326587455813486
3990,0.57,0.8859184843231297
9490,0.64,0.9487223132041467
6354,0.33,0.9487223132041467
10087,0.61,0.9487223132041467
2049,0.98,0.9487223132041467
212,0.47,0.9487223132041467
10591,0.56,0.7805590003137581
2718,0.29,0.9487223132041467
8414,0.37,0.6536477002942316
15721,1.98,0.9487223132041467
9689,0.25,0.9487223132041467
22668,0.37,0.9487223132041467
18818,0.35,0.9487223132041467
5323,1.05,0.9487223132041467
4290,0.34,0.8146981528983035
17053,0.59,0.9487223132041467
22729,0.56,0.9487223132041467
22821,0.42,0.9487223132041467
23726,0.56,0.9487223132041467
23368,0.65,0.9487223132041467
7002,1.0,0.9487223132041467
1462,0.6,0.9487223132041467
17311,0.0,0.9487223132041467
1986,0.78,0.9487223132041467
5781,0.56,0.9487223132041467
20607,0.26,0.9487223132041467
5552,0.65,0.9487223132041467
10718,0.68,0.9487223132041467
11552,0.24,0.9487223132041467
21150,0.2,0.9487223132041467
5284,0.38,0.9487223132041467
7915,0.23,0.9487223132041467
23147,0.44,0.9487223132041467
5018,0.07,0.9487223132041467
5469,0.54,0.9025336215329424
601,0.18,0.9487223132041467
23553,0.36,0.9487223132041467
2749,0.2,0.9487223132041467
5785,0.43,0.9487223132041467
20825,0.54,0.9487223132041467
20986,0.42,0.9487223132041467
21591,0.76,0.9487223132041467
13692,1.13,0.9487223132041467
7687,1.03,0.9487223132041467
16989,0.38,0.9487223132041467
17954,0.97,0.9487223132041467
1905,1.17,0.9487223132041467
23668,0.33,0.9487223132041467
2497,0.7,0.9487223132041467
15738,0.5,0.9487223132041467
6328,0.34,0.9487223132041467
18947,0.52,0.9487223132041467
23382,0.85,0.9487223132041467
21766,0.37,0.9487223132041467
23106,0.61,0.9487223132041467
3199,0.63,0.9487223132041467
18544,1.22,0.9487223132041467
23015,0.5,0.9487223132041467
12483,0.65,0.9487223132041467
23354,0.48,0.9487223132041467
13274,0.18,0.9487223132041467
12816,3.89,0.9487223132041467
9889,0.81,0.9487223132041467
12958,23.8,0.9487223132041467
3273,0.39,0.9487223132041467
8515,2.83,0.9487223132041467
5412,0.37,0.9487223132041467
67,0.44,0.9487223132041467
22534,0.2,0.9487223132041467
1108,0.88,0.9487223132041467
8342,0.77,0.9487223132041467
17629,0.45,0.9487223132041467
4201,1.03,0.9487223132041467
11562,2.31,0.9487223132041467
11893,0.54,0.9487223132041467
14030,1.01,0.9487223132041467
19939,0.46,0.9487223132041467
4415,0.64,0.9487223132041467
17699,0.45,0.9487223132041467
16604,0.49,0.9487223132041467
14438,0.56,0.9487223132041467
23750,0.37,0.9487223132041467
20725,0.43,0.9487223132041467
12015,0.69,0.9487223132041467
7637,0.33,0.9487223132041467
22316,0.61,0.9487223132041467
8867,0.43,0.9538518541162773
4819,0.65,0.9487223132041467
6669,0.57,0.9487223132041467
18967,0.02,0.9487223132041467
18410,1.18,0.9487223132041467
6558,0.28,0.9487223132041467
10581,0.51,0.9487223132041467
6596,0.14,0.9487223132041467
5593,0.72,0.9487223132041467
23118,0.4,0.9487223132041467
3665,0.59,0.9487223132041467
15916,0.77,0.9487223132041467
17213,0.5,0.9487223132041467
13320,1.2,0.9487223132041467
23094,0.51,0.9487223132041467
13403,0.14,0.9487223132041467
3593,0.41,0.7417072740026197
5187,0.5,0.9487223132041467
13573,1.43,0.9487223132041467
2450,0.58,0.9487223132041467
1912,0.77,0.9487223132041467
12012,0.73,0.9487223132041467
7128,1.03,0.9487223132041467
2315,0.52,0.889688885685078
141,0.49,0.9487223132041467
22984,1.23,0.9487223132041467
176,0.43,0.9487223132041467
11707,0.23,0.9487223132041467
17533,0.4,0.9487223132041467
3427,0.31,0.9487223132041467
22228,0.78,0.9487223132041467
18341,0.38,0.797807965678971
7133,0.68,0.9487223132041467
7771,0.61,0.9487223132041467
8253,0.21,0.9487223132041467
17689,0.29,0.9487223132041467
8060,0.47,0.9487223132041467
5136,0.85,0.8310540931287232
23555,0.64,0.9487223132041467
14417,0.55,0.9487223132041467
115,0.7,0.9487223132041467
16980,0.02,0.9487223132041467
223,0.43,0.9487223132041467
3719,0.7,0.9487223132041467
9206,0.59,0.9487223132041467
12114,0.68,0.9487223132041467
772,0.33,0.9487223132041467
10152,0.72,0.9487223132041467
23393,0.3,0.9487223132041467
11451,0.51,0.9487223132041467
11019,0.46,0.9487223132041467
20532,0.25,0.9487223132041467
7550,0.59,0.9487223132041467
3438,0.17,0.9487223132041467
16158,0.65,0.9487223132041467
21344,0.26,0.9487223132041467
6939,0.73,0.9487223132041467
5162,0.73,0.9487223132041467
12157,1.16,0.9487223132041467
6393,0.63,0.9487223132041467
15390,0.98,0.9487223132041467
7391,0.94,0.9487223132041467
7704,0.6,0.9487223132041467
21178,0.66,0.9487223132041467
10694,1.09,0.9487223132041467
22287,0.38,0.6288549291136885
7576,0.91,0.9487223132041467
860,0.94,0.9487223132041467
10266,0.28,0.9885491837094806
19993,0.35,0.9487223132041467
23304,0.73,0.9487223132041467
17075,0.49,0.9487223132041467
22802,0.41,0.9487223132041467
9709,0.93,0.9487223132041467
11121,0.31,0.9487223132041467
15535,1.45,0.9487223132041467
21865,0.56,0.9487223132041467
14413,0.33,0.9487223132041467
18333,1.18,0.9487223132041467
13465,0.63,0.9487223132041467
7823,0.02,0.9487223132041467
2274,0.31,0.9487223132041467
12351,0.66,0.9487223132041467
10955,0.36,0.9487223132041467
1060,0.63,0.9487223132041467
1084,0.59,0.9487223132041467
23579,0.42,0.9487223132041467
14659,0.43,0.9487223132041467
22512,1.66,0.9487223132041467
19305,0.51,0.9487223132041467
9857,0.57,0.9487223132041467
2338,0.53,0.9487223132041467
6832,0.59,0.9487223132041467
20759,0.69,0.9487223132041467
14164,0.43,0.9487223132041467
821,0.46,1.0156626039992442
2710,0.71,0.9487223132041467
4999,0.07,0.9487223132041467
