,y_test,prediction
500,143.0,138.94608564024492
9971,140.0,139.1613285719163
18767,139.0,138.94608564024492
5289,137.0,138.94608564024492
15391,136.0,138.94608564024492
22782,140.0,138.94608564024492
13032,139.0,138.94608564024492
17589,142.0,138.94608564024492
21275,136.0,138.94608564024492
10777,139.0,138.94608564024492
4507,139.0,138.94608564024492
8270,135.0,138.94608564024492
20457,143.0,138.94608564024492
23882,142.0,138.94608564024492
11380,140.0,138.94608564024492
22477,139.0,138.94608564024492
812,140.0,138.94608564024492
1659,139.0,138.94608564024492
2153,137.0,139.0084140468542
23069,143.0,138.94608564024492
22626,141.0,138.94608564024492
6440,137.0,138.94608564024492
1781,142.0,138.84632005769586
16893,142.0,138.94608564024492
19803,141.0,138.94608564024492
12401,137.0,138.94608564024492
7903,147.0,138.94608564024492
9524,143.0,138.94608564024492
11700,137.0,139.26318944356984
10651,141.0,139.68059545502535
18013,129.0,138.94608564024492
18207,145.0,138.94608564024492
4072,144.0,138.94608564024492
18894,139.0,138.94608564024492
13226,139.0,138.94608564024492
12439,142.0,138.7026010469533
4097,143.0,138.94608564024492
10875,136.0,138.94608564024492
21766,140.0,138.94608564024492
3559,128.0,138.94608564024492
15610,140.0,138.94608564024492
21934,140.0,138.94608564024492
4776,137.0,138.94608564024492
616,140.0,138.94608564024492
4367,139.0,138.94608564024492
2600,140.0,138.94608564024492
9309,125.0,138.94608564024492
4595,138.0,139.12256512616176
12388,138.0,138.94608564024492
661,137.0,138.94608564024492
17510,142.0,138.94608564024492
23666,139.0,138.94608564024492
22685,139.0,138.94608564024492
15568,140.0,138.94608564024492
1457,136.0,138.94608564024492
15497,142.0,138.94608564024492
13275,142.0,138.94608564024492
8213,139.0,138.94608564024492
19416,141.0,139.63850648992747
14628,141.0,138.94608564024492
11225,140.0,138.94608564024492
17837,141.0,138.94608564024492
8976,140.0,138.94608564024492
17150,141.0,138.94608564024492
4903,136.0,138.94608564024492
5881,143.0,139.03289755882076
351,141.0,138.94608564024492
22414,144.0,138.94608564024492
20231,138.0,138.94608564024492
16896,141.0,138.94608564024492
14049,142.0,138.94608564024492
3068,142.0,138.94608564024492
22517,141.0,138.94608564024492
21815,140.0,138.94608564024492
2274,133.0,138.94608564024492
11838,139.0,138.94608564024492
8617,134.0,138.94608564024492
11911,132.0,138.94608564024492
2377,138.0,138.94608564024492
10661,139.0,138.94608564024492
23394,142.0,138.94608564024492
18533,131.0,138.94608564024492
4969,144.0,138.94608564024492
15796,137.0,138.94608564024492
4025,140.0,139.07141052793472
17434,140.0,138.89320104064728
7311,142.0,138.94608564024492
21894,139.0,138.9491214470707
20532,139.0,138.94608564024492
16808,144.0,138.94608564024492
23366,140.0,138.94608564024492
18706,139.0,138.94608564024492
11396,141.0,138.94608564024492
2968,135.0,138.94608564024492
2764,137.0,138.94608564024492
9996,137.0,138.94608564024492
4048,138.0,138.94608564024492
4682,141.0,138.94608564024492
2618,138.0,138.94608564024492
20424,138.0,138.94608564024492
15434,138.0,138.94608564024492
14335,141.0,138.94608564024492
8358,138.0,139.02976528268627
20651,141.0,138.94608564024492
21752,136.0,138.94608564024492
864,138.0,138.94608564024492
5095,141.0,139.2426677330246
5566,139.0,138.94608564024492
1615,139.0,138.94608564024492
22877,143.0,138.94608564024492
18197,139.0,138.94608564024492
1704,134.0,138.94608564024492
23389,142.0,138.94608564024492
18963,141.0,138.94608564024492
12631,141.0,138.94608564024492
21542,144.0,138.94608564024492
10393,142.0,139.59041215623944
23113,137.0,138.94608564024492
11077,136.0,138.94608564024492
3013,140.0,138.94608564024492
18045,137.0,138.94608564024492
14520,133.0,138.94608564024492
176,136.0,138.94608564024492
16147,138.0,138.94608564024492
5768,142.0,139.02535109997189
2008,134.0,138.94608564024492
23000,139.0,138.94608564024492
8015,140.0,138.92880650370907
8506,139.0,138.94608564024492
22712,140.0,138.94608564024492
18960,142.0,138.94608564024492
14835,141.0,138.94608564024492
23441,135.0,138.94608564024492
12357,139.0,138.94608564024492
9847,137.0,138.94608564024492
18672,137.0,138.94608564024492
12574,141.0,138.94608564024492
9786,141.0,138.94608564024492
23761,139.0,138.94608564024492
9414,140.0,138.94608564024492
16373,137.0,138.94608564024492
14283,138.0,138.94608564024492
4407,138.0,138.9521882153366
3951,140.0,138.94608564024492
6079,140.0,138.94608564024492
2964,134.0,138.94608564024492
20173,134.0,138.94608564024492
11726,142.0,138.94608564024492
5122,138.0,138.94608564024492
7746,139.0,138.94608564024492
5657,134.0,138.94608564024492
21892,140.0,138.94608564024492
891,140.0,138.94608564024492
8624,138.0,138.94608564024492
11507,141.0,139.06253400951073
13902,143.0,138.94608564024492
3433,138.0,138.94608564024492
15669,130.0,138.94608564024492
10617,140.0,138.94608564024492
9081,139.0,138.94706554463627
5113,139.0,138.94608564024492
8353,140.0,138.94608564024492
8870,140.0,138.94608564024492
18199,140.0,138.94608564024492
20529,139.0,138.94608564024492
20081,139.0,138.94608564024492
12156,135.0,138.94608564024492
4425,141.0,139.5402594909753
22656,142.0,138.94608564024492
3152,140.0,138.94608564024492
9417,141.0,138.94608564024492
3799,140.0,138.94608564024492
17949,140.0,138.94608564024492
12228,138.0,138.94608564024492
12724,142.0,138.94608564024492
11953,140.0,138.94608564024492
6354,140.0,138.94608564024492
18760,135.0,138.94608564024492
5248,136.0,138.94608564024492
22732,141.0,138.94608564024492
7999,134.0,138.94608564024492
12303,139.0,138.94608564024492
17875,135.0,138.94608564024492
12422,142.0,138.94608564024492
10337,141.0,138.8122562787224
13213,139.0,138.94608564024492
20946,141.0,138.86894937138095
5301,141.0,138.94608564024492
23545,138.0,138.94608564024492
23959,140.0,138.94608564024492
18040,139.0,138.94608564024492
6979,130.0,138.94608564024492
12460,143.0,138.94608564024492
22473,144.0,138.94608564024492
23680,142.0,138.94608564024492
14667,140.0,138.86609527658848
321,139.0,138.94608564024492
18563,138.0,138.94608564024492
8918,137.0,138.94608564024492
19492,140.0,138.94608564024492
1771,141.0,138.94608564024492
3874,138.0,138.94608564024492
17154,136.0,138.94608564024492
8432,138.0,138.94608564024492
6760,136.0,138.94608564024492
16341,137.0,138.94608564024492
6806,143.0,138.94608564024492
15639,140.0,139.09231149227364
8997,140.0,138.94608564024492
11551,142.0,138.94608564024492
16590,143.0,138.94608564024492
5087,136.0,138.94608564024492
14297,142.0,138.94608564024492
5691,140.0,138.94608564024492
13645,141.0,138.8425481591714
16737,142.0,138.94608564024492
7074,131.0,138.94608564024492
855,139.0,138.94608564024492
272,140.0,139.60202796207653
8193,138.0,139.7917113965789
2688,141.0,138.94608564024492
21298,140.0,138.94608564024492
8859,142.0,138.94608564024492
11350,142.0,138.94608564024492
16397,138.0,139.15877230912878
23811,137.0,138.94608564024492
18584,143.0,138.94608564024492
11110,139.0,138.94608564024492
19319,142.0,138.99147882673105
5699,138.0,138.94608564024492
10909,138.0,138.94608564024492
4586,137.0,138.94608564024492
12555,142.0,139.8224696849541
17062,141.0,138.94608564024492
5449,136.0,138.94608564024492
17495,140.0,138.94608564024492
4077,142.0,138.94608564024492
12006,144.0,138.94608564024492
7436,139.0,138.94608564024492
10476,133.0,138.94608564024492
20736,140.0,138.94608564024492
3102,137.0,138.94608564024492
12009,144.0,138.94608564024492
16014,142.0,138.94608564024492
13092,138.0,138.94608564024492
14067,127.0,138.94608564024492
7125,142.0,138.94608564024492
21485,138.0,139.5266258569358
11796,141.0,138.94608564024492
9435,139.0,138.94608564024492
21643,138.0,138.94608564024492
14538,138.0,138.94608564024492
19954,136.0,139.77489693223035
13429,141.0,138.94608564024492
11799,142.0,138.94608564024492
13883,141.0,138.94608564024492
17176,143.0,138.94608564024492
12189,141.0,138.94608564024492
15823,132.0,138.94608564024492
14734,142.0,138.94608564024492
17829,141.0,138.94608564024492
11393,140.0,138.94608564024492
12176,142.0,138.94608564024492
1847,140.0,138.94608564024492
20990,141.0,138.7226983828287
8153,130.0,138.94608564024492
199,142.0,138.94608564024492
13800,140.0,138.94608564024492
15976,142.0,138.94608564024492
5307,140.0,138.94608564024492
9618,137.0,138.94608564024492
20327,137.0,138.94608564024492
20385,139.0,138.94608564024492
2512,142.0,138.94608564024492
56,138.0,138.94608564024492
22020,140.0,139.24748501672914
11585,143.0,138.94608564024492
1750,135.0,138.94608564024492
1773,143.0,138.94608564024492
2187,141.0,139.10678362705272
19519,137.0,138.94608564024492
21074,140.0,139.02532958020373
20688,137.0,139.7515453732296
15857,135.0,138.94608564024492
4314,138.0,138.94608564024492
7274,140.0,138.94608564024492
9443,139.0,138.94608564024492
1623,148.0,138.94608564024492
924,142.0,138.94608564024492
3594,139.0,138.94608564024492
19453,139.0,138.94608564024492
6115,140.0,138.94608564024492
13857,141.0,138.94608564024492
21072,140.0,138.94608564024492
18344,140.0,138.94608564024492
10019,142.0,138.94608564024492
6220,140.0,138.94608564024492
15410,141.0,138.94608564024492
7777,141.0,138.94608564024492
12195,141.0,138.94608564024492
19311,140.0,138.94608564024492
2250,141.0,138.94608564024492
8370,142.0,138.94608564024492
13872,142.0,138.94608564024492
22931,136.0,138.94608564024492
23789,141.0,138.94608564024492
3413,138.0,138.94608564024492
23262,140.0,138.94608564024492
13365,134.0,138.94608564024492
11413,143.0,138.94608564024492
12360,138.0,138.94608564024492
10488,140.0,138.8423388112528
1986,136.0,138.94608564024492
7613,139.0,138.94608564024492
14695,142.0,138.94608564024492
110,143.0,138.94608564024492
11239,140.0,138.94608564024492
15515,133.0,138.94608564024492
15049,141.0,138.94608564024492
9336,138.0,138.94608564024492
16853,141.0,138.94608564024492
22161,141.0,138.94608564024492
12674,137.0,138.94608564024492
22870,137.0,138.94608564024492
9011,143.0,138.94608564024492
1756,139.0,138.94608564024492
50,141.0,138.94608564024492
324,138.0,138.94608564024492
22533,139.0,138.94608564024492
18023,143.0,138.94608564024492
4453,141.0,138.94608564024492
12070,138.0,139.15744951735707
19945,138.0,139.47388790665076
17408,136.0,138.94608564024492
23983,141.0,138.94608564024492
3682,139.0,138.94608564024492
1203,140.0,139.2325856414121
15988,139.0,138.94608564024492
22150,134.0,138.94608564024492
21711,138.0,138.94608564024492
23891,141.0,138.94608564024492
18725,138.0,138.94608564024492
19716,141.0,138.94608564024492
5085,137.0,138.94608564024492
2714,141.0,138.83022325546725
23105,140.0,138.94608564024492
1973,135.0,138.94608564024492
277,136.0,138.94608564024492
16718,140.0,138.94608564024492
23614,141.0,138.94608564024492
19560,137.0,138.7770732925429
8786,134.0,138.94608564024492
14112,140.0,139.1090137344997
23683,141.0,138.94608564024492
9598,142.0,138.94608564024492
8975,139.0,138.94608564024492
13888,140.0,138.94608564024492
3391,138.0,138.94608564024492
5079,137.0,138.94608564024492
18011,129.0,138.94608564024492
5735,138.0,138.94608564024492
2518,145.0,138.94608564024492
18130,136.0,139.09605491676922
17995,139.0,138.94608564024492
316,139.0,138.94608564024492
20730,142.0,138.94608564024492
5415,139.0,138.94608564024492
14784,141.0,138.94608564024492
1586,138.0,138.94608564024492
12014,135.0,138.94608564024492
20838,138.0,138.94608564024492
6328,141.0,138.94608564024492
131,137.0,138.94608564024492
20315,140.0,138.94608564024492
1977,135.0,138.94608564024492
21432,137.0,138.94608564024492
12641,144.0,138.94608564024492
6539,141.0,138.94608564024492
3547,139.0,138.94608564024492
7758,140.0,138.94608564024492
12909,141.0,138.94608564024492
21014,135.0,138.94608564024492
12242,140.0,138.94608564024492
17229,139.0,138.94608564024492
8873,140.0,138.94608564024492
2299,141.0,138.94608564024492
18954,140.0,139.56074347720437
6303,140.0,138.94608564024492
8971,138.0,138.94608564024492
22498,132.0,138.94608564024492
22541,141.0,138.94608564024492
16294,136.0,138.94608564024492
4389,139.0,138.94608564024492
19395,137.0,138.94608564024492
15876,139.0,138.94608564024492
9635,134.0,138.94608564024492
19672,136.0,138.94608564024492
982,138.0,138.84418412810115
11982,134.0,139.08256139349248
6632,139.0,138.94608564024492
8249,138.0,138.94608564024492
10846,138.0,138.94608564024492
5486,140.0,139.20463908573865
8825,140.0,138.94608564024492
2105,131.0,138.94608564024492
1240,135.0,138.94608564024492
20214,142.0,138.96353513281423
17088,140.0,138.94608564024492
9116,143.0,138.94608564024492
21723,132.0,138.94608564024492
5526,140.0,138.94608564024492
70,135.0,139.06328299426198
23740,140.0,138.94608564024492
13781,140.0,138.94608564024492
7152,129.0,138.94608564024492
5159,137.0,138.94608564024492
11599,136.0,138.94608564024492
4266,136.0,138.94608564024492
3939,140.0,138.94608564024492
4426,137.0,138.94608564024492
15129,138.0,138.79893206309464
20886,136.0,138.94608564024492
17615,138.0,138.97120552310858
15560,143.0,138.94608564024492
17432,140.0,138.65842998604393
10583,138.0,138.94608564024492
20141,139.0,139.0532555579456
21747,142.0,138.94608564024492
6532,140.0,138.94608564024492
5873,140.0,138.94608564024492
12478,138.0,138.94608564024492
15910,138.0,139.0298913887844
10688,138.0,138.94608564024492
11574,143.0,138.808080942426
8839,140.0,138.94608564024492
23396,141.0,138.94608564024492
16998,136.0,138.94608564024492
2060,141.0,138.94608564024492
3867,138.0,138.94608564024492
3086,141.0,138.94608564024492
21142,139.0,138.94608564024492
9071,136.0,138.94608564024492
13432,141.0,138.94608564024492
17139,137.0,138.94608564024492
9452,132.0,138.94608564024492
7421,139.0,138.94608564024492
16825,140.0,138.94608564024492
19944,141.0,139.82943518263025
9279,140.0,139.33134114680615
20543,137.0,138.94608564024492
10267,141.0,139.05214361378603
21603,140.0,138.97883736954543
1415,138.0,138.94608564024492
18406,135.0,138.94608564024492
15819,132.0,138.94608564024492
17924,137.0,138.94608564024492
742,143.0,138.94608564024492
1906,144.0,138.94608564024492
581,139.0,138.94608564024492
5986,138.0,138.94608564024492
6297,138.0,138.94608564024492
21556,138.0,138.94608564024492
9239,141.0,138.94608564024492
12543,139.0,138.94608564024492
10967,138.0,138.9459714239654
22903,138.0,138.94608564024492
3675,144.0,138.94608564024492
9695,140.0,138.94608564024492
2022,141.0,138.94608564024492
9215,139.0,138.94608564024492
20939,132.0,138.94608564024492
20092,138.0,138.94608564024492
23606,142.0,138.94608564024492
10992,141.0,138.94608564024492
19831,140.0,139.31624602042848
9068,141.0,139.1346818481301
9273,142.0,138.94608564024492
13666,140.0,138.68961885133453
5357,136.0,138.94608564024492
9831,142.0,138.94608564024492
19547,139.0,138.94608564024492
5776,139.0,139.10421588261187
20472,139.0,138.94608564024492
20775,139.0,138.94608564024492
9311,123.0,138.94608564024492
22571,142.0,138.94608564024492
1423,132.0,138.94608564024492
10495,142.0,138.94608564024492
3198,147.0,138.94608564024492
5668,141.0,138.94608564024492
22851,140.0,138.94608564024492
19218,142.0,138.94608564024492
15833,139.0,138.94608564024492
20600,133.0,138.94608564024492
18461,143.0,138.94608564024492
1879,141.0,139.00540925604315
10746,137.0,138.94608564024492
21447,138.0,138.94608564024492
23240,132.0,138.94608564024492
9614,142.0,139.61816832874678
11892,141.0,138.75697418577028
21982,142.0,138.94608564024492
9744,139.0,138.94608564024492
1504,139.0,139.21478079009347
23471,141.0,138.94608564024492
18211,143.0,138.94608564024492
19165,139.0,138.94608564024492
20707,139.0,138.94608564024492
16322,134.0,138.77816308935235
4884,142.0,139.48356490111453
21771,138.0,138.94608564024492
22683,139.0,138.94608564024492
6243,140.0,138.94608564024492
21987,132.0,138.94608564024492
13891,139.0,138.94608564024492
2680,139.0,138.94608564024492
6134,139.0,138.94608564024492
3982,140.0,138.94608564024492
18308,143.0,138.94608564024492
16901,143.0,138.94608564024492
18878,139.0,138.94608564024492
7154,134.0,138.94608564024492
6341,140.0,138.94608564024492
1826,142.0,138.94608564024492
15447,138.0,138.94608564024492
9630,133.0,138.94608564024492
1210,141.0,138.94608564024492
9551,139.0,138.94608564024492
22499,138.0,138.94608564024492
11656,141.0,138.94608564024492
21122,134.0,138.94608564024492
17240,140.0,138.94608564024492
22821,135.0,138.94608564024492
23978,139.0,138.94608564024492
1213,139.0,138.94608564024492
20048,137.0,138.94608564024492
11915,133.0,138.94608564024492
17207,144.0,138.94608564024492
11916,130.0,138.94608564024492
15846,140.0,138.94608564024492
16334,139.0,138.94608564024492
21571,137.0,138.94608564024492
11446,129.0,138.94608564024492
21479,138.0,138.94608564024492
21154,139.0,139.40144865637942
304,137.0,138.94608564024492
3116,129.0,138.94608564024492
2799,141.0,138.94608564024492
17911,140.0,138.94608564024492
16553,141.0,138.94608564024492
10817,140.0,138.94608564024492
12763,138.0,138.94608564024492
740,145.0,138.94608564024492
23700,142.0,138.94608564024492
22467,139.0,138.94608564024492
13416,139.0,138.94608564024492
243,138.0,138.94608564024492
11093,141.0,138.94608564024492
19011,138.0,138.94608564024492
17964,137.0,138.94608564024492
21384,137.0,139.0347527849352
13696,140.0,139.34780575876152
9977,139.0,138.94608564024492
11755,143.0,138.94608564024492
23053,137.0,138.94608564024492
5098,141.0,138.94608564024492
2158,140.0,138.9030899626443
3827,138.0,138.94608564024492
5489,137.0,138.94608564024492
12416,137.0,138.94608564024492
19537,138.0,138.94608564024492
5202,136.0,138.94608564024492
16379,142.0,138.94608564024492
6562,139.0,138.94608564024492
20734,140.0,138.94608564024492
14187,139.0,138.94608564024492
5664,142.0,139.16302400007982
21015,136.0,138.94608564024492
11415,141.0,138.94608564024492
18591,141.0,138.94608564024492
8514,141.0,138.94608564024492
18948,141.0,138.94608564024492
778,136.0,138.94608564024492
14316,138.0,138.94608564024492
15652,140.0,138.94608564024492
18770,142.0,138.94608564024492
20489,143.0,138.94608564024492
11818,138.0,138.94608564024492
23029,135.0,138.94608564024492
20954,138.0,138.94608564024492
17405,141.0,138.94608564024492
23164,141.0,138.94608564024492
11426,142.0,138.94608564024492
5245,135.0,138.94608564024492
15139,136.0,138.94608564024492
6885,133.0,138.94608564024492
10041,139.0,138.94608564024492
9406,138.0,138.94608564024492
11208,133.0,138.94608564024492
8080,140.0,138.94608564024492
16196,140.0,138.88227232520208
6083,140.0,138.94608564024492
21467,140.0,139.52727163954802
13818,136.0,138.94608564024492
14095,132.0,138.94608564024492
16100,137.0,138.94608564024492
1486,145.0,138.94608564024492
18520,137.0,139.50013149864702
17906,144.0,138.94608564024492
138,140.0,138.94608564024492
21416,140.0,138.94608564024492
4520,137.0,138.94608564024492
5260,141.0,138.94608564024492
19974,142.0,138.94608564024492
15519,136.0,138.94608564024492
23287,139.0,138.94608564024492
13648,139.0,138.94608564024492
3635,138.0,139.61087882429757
23107,139.0,138.94608564024492
17586,140.0,138.94608564024492
14330,139.0,139.27367641816815
13866,138.0,138.94608564024492
20585,139.0,138.94608564024492
22400,138.0,138.94608564024492
14932,142.0,138.82301056482888
19957,144.0,139.31792132918872
5651,142.0,138.94608564024492
11903,142.0,138.94608564024492
18514,138.0,138.94608564024492
21034,140.0,138.94608564024492
18907,141.0,138.94608564024492
23971,141.0,138.94608564024492
15257,138.0,138.94608564024492
2028,139.0,138.94608564024492
2749,133.0,138.94608564024492
9124,142.0,138.94608564024492
8813,140.0,138.94608564024492
1120,135.0,138.94608564024492
6776,138.0,138.94608564024492
23148,140.0,138.94608564024492
2716,142.0,138.89318267304157
17656,138.0,138.94608564024492
23616,139.0,138.94608564024492
14409,137.0,138.94608564024492
10550,140.0,139.13389180878278
4727,139.0,138.94608564024492
2488,143.0,138.94608564024492
16724,137.0,138.94608564024492
4362,140.0,139.28268573491997
13792,134.0,138.94608564024492
14886,140.0,138.94608564024492
7663,142.0,138.94608564024492
16411,134.0,138.94608564024492
15349,135.0,138.94608564024492
14652,133.0,138.94608564024492
5636,136.0,138.94608564024492
23487,140.0,138.94608564024492
4247,142.0,138.94608564024492
1287,145.0,138.94608564024492
16708,138.0,138.94608564024492
17971,137.0,138.94608564024492
19859,139.0,138.94608564024492
19762,141.0,138.94608564024492
11789,137.0,138.94608564024492
15327,137.0,138.94608564024492
301,138.0,138.94608564024492
1731,143.0,139.35488097720292
5882,142.0,138.94608564024492
16389,138.0,138.94608564024492
7180,140.0,138.94608564024492
5523,139.0,138.94608564024492
20913,140.0,138.94608564024492
5475,141.0,138.94608564024492
8945,141.0,138.94608564024492
584,137.0,138.94608564024492
1313,137.0,138.94608564024492
2556,141.0,138.94608564024492
18755,139.0,138.94608564024492
17699,145.0,138.94608564024492
13629,138.0,138.94608564024492
22433,135.0,138.94608564024492
13119,141.0,138.94608564024492
17118,141.0,138.94608564024492
17553,140.0,138.94608564024492
9229,139.0,139.6494366517027
18173,139.0,138.94608564024492
7357,141.0,138.94608564024492
17848,139.0,138.94608564024492
23819,138.0,138.94608564024492
5323,136.0,138.94608564024492
10941,137.0,138.94608564024492
15958,139.0,139.04019511673624
6098,136.0,138.94608564024492
3529,136.0,138.94608564024492
7155,138.0,138.94608564024492
7474,138.0,138.94608564024492
13624,142.0,138.94608564024492
21389,139.0,138.94608564024492
22207,138.0,138.87154908310455
22779,140.0,138.94608564024492
611,144.0,138.94608564024492
23878,136.0,138.94608564024492
20473,137.0,138.94608564024492
23066,139.0,138.94608564024492
7380,140.0,138.94608564024492
15021,141.0,138.84319975255985
21031,141.0,138.94608564024492
16785,137.0,138.94608564024492
23604,135.0,138.94608564024492
14301,143.0,138.94608564024492
5952,143.0,138.94608564024492
11370,143.0,138.94608564024492
18172,137.0,138.94608564024492
4277,139.0,138.94608564024492
5404,140.0,138.94608564024492
7041,142.0,138.94608564024492
13743,140.0,138.94608564024492
4997,140.0,138.94608564024492
3954,139.0,138.94608564024492
22420,138.0,138.94608564024492
20760,136.0,138.94608564024492
20850,137.0,138.94608564024492
11063,138.0,138.94608564024492
4530,139.0,138.94608564024492
2992,139.0,138.94608564024492
1389,141.0,138.94608564024492
17701,140.0,138.94608564024492
18539,132.0,138.94608564024492
1156,141.0,138.93635832894728
20492,138.0,138.94608564024492
11180,132.0,138.94608564024492
18452,140.0,138.94608564024492
3932,139.0,138.94608564024492
14462,138.0,138.94608564024492
21636,143.0,138.94608564024492
13873,139.0,138.94608564024492
4434,141.0,139.27012492368314
23503,140.0,138.94608564024492
6334,135.0,138.94608564024492
5212,132.0,138.94608564024492
3809,141.0,138.94608564024492
7737,141.0,138.94608564024492
8347,140.0,138.94608564024492
15779,134.0,138.94608564024492
15881,140.0,139.70752574322051
19911,141.0,138.94608564024492
22107,131.0,138.94608564024492
9172,140.0,138.94608564024492
21580,138.0,138.94608564024492
6324,138.0,138.94608564024492
20863,139.0,138.94608564024492
1207,141.0,138.94608564024492
927,141.0,138.94608564024492
14314,138.0,138.94608564024492
6890,140.0,138.94608564024492
23488,139.0,138.94608564024492
4898,139.0,138.94608564024492
858,140.0,138.94608564024492
6877,140.0,138.94608564024492
3997,140.0,139.7031681587512
15067,139.0,138.94608564024492
6629,139.0,138.94608564024492
13836,141.0,138.94608564024492
13474,138.0,139.1984605846388
312,140.0,138.94608564024492
11901,141.0,138.94608564024492
1193,141.0,138.94608564024492
4671,140.0,138.94608564024492
6844,140.0,138.94608564024492
8230,135.0,138.94608564024492
22830,139.0,138.94608564024492
16859,142.0,138.94608564024492
6417,140.0,138.94608564024492
13927,139.0,138.94608564024492
6590,138.0,138.94608564024492
17973,139.0,138.94608564024492
3797,137.0,138.94608564024492
18124,139.0,139.23075322075314
10160,140.0,138.94608564024492
14832,138.0,138.94608564024492
6138,137.0,138.94608564024492
6983,134.0,138.94608564024492
13633,139.0,138.94608564024492
5976,141.0,138.94608564024492
21707,144.0,138.94608564024492
4444,139.0,138.94608564024492
20887,139.0,138.94608564024492
21999,141.0,138.94608564024492
19363,134.0,138.94608564024492
5365,138.0,138.94608564024492
9471,139.0,138.94608564024492
9883,140.0,138.94608564024492
996,140.0,138.94608564024492
20744,139.0,138.94608564024492
23965,138.0,138.94608564024492
5219,140.0,138.94608564024492
15928,140.0,138.94608564024492
7389,139.0,138.94608564024492
17106,144.0,138.94608564024492
8529,135.0,138.94608564024492
13718,132.0,138.94608564024492
41,144.0,138.94608564024492
10560,143.0,138.94608564024492
12952,140.0,138.94608564024492
19660,140.0,138.94608564024492
21,137.0,138.94608564024492
3657,137.0,138.94608564024492
23728,139.0,138.94608564024492
1236,142.0,138.94608564024492
17802,137.0,138.94608564024492
23630,139.0,138.94608564024492
12649,145.0,139.59281861479747
9721,138.0,138.94608564024492
9798,134.0,138.94608564024492
15357,139.0,138.94608564024492
23648,141.0,138.94608564024492
1253,136.0,138.94608564024492
9209,139.0,138.94608564024492
13992,129.0,138.94608564024492
16687,144.0,138.94608564024492
22860,139.0,138.94608564024492
8621,139.0,138.94608564024492
20608,133.0,138.94608564024492
4293,139.0,138.94608564024492
2287,140.0,138.94608564024492
8557,143.0,138.94608564024492
10316,137.0,138.94608564024492
23840,140.0,138.94608564024492
12021,143.0,138.94608564024492
3776,143.0,138.94608564024492
11305,137.0,138.94608564024492
7990,136.0,138.94608564024492
22883,136.0,138.94608564024492
22596,139.0,138.94608564024492
20482,142.0,138.94608564024492
19004,139.0,138.94608564024492
14574,141.0,138.94608564024492
17626,139.0,138.94608564024492
6006,141.0,138.94608564024492
14245,126.0,138.94608564024492
11684,142.0,138.94608564024492
12250,143.0,138.94608564024492
735,141.0,138.94608564024492
20384,141.0,138.94608564024492
19530,138.0,138.94608564024492
21289,138.0,138.94608564024492
17680,143.0,138.94608564024492
12639,140.0,138.94608564024492
13854,140.0,138.94608564024492
1603,139.0,138.94608564024492
11081,137.0,138.94608564024492
16921,137.0,138.94608564024492
14548,135.0,138.94608564024492
18554,138.0,138.94608564024492
23872,138.0,138.94608564024492
16131,132.0,138.94608564024492
11410,142.0,138.94608564024492
3519,139.0,138.94608564024492
22535,141.0,138.94608564024492
291,141.0,138.94608564024492
6241,137.0,138.94608564024492
15599,141.0,138.94608564024492
23885,136.0,138.94608564024492
1567,139.0,138.94608564024492
18682,140.0,138.94608564024492
11745,137.0,138.94608564024492
16889,139.0,138.94608564024492
10008,143.0,138.94608564024492
5807,140.0,138.94608564024492
2220,139.0,138.94608564024492
14947,137.0,138.94608564024492
21338,139.0,138.94608564024492
6602,142.0,138.94608564024492
7834,135.0,138.94608564024492
3817,138.0,138.94608564024492
15810,139.0,139.00410516522854
22464,141.0,138.94608564024492
16582,144.0,138.94608564024492
695,139.0,138.94608564024492
22410,140.0,138.94608564024492
10327,138.0,138.94608564024492
3629,139.0,138.94608564024492
14980,140.0,138.94608564024492
12045,143.0,138.94608564024492
15258,140.0,138.94608564024492
19739,141.0,138.9979538908699
16835,141.0,138.94608564024492
19533,139.0,138.94608564024492
7674,140.0,138.94608564024492
1814,144.0,139.01990512841002
11969,138.0,138.94608564024492
15788,139.0,138.94608564024492
20628,135.0,138.94608564024492
18247,142.0,138.94608564024492
16557,134.0,138.94608564024492
15426,137.0,138.94608564024492
13609,136.0,138.94608564024492
18839,137.0,138.94608564024492
5252,137.0,138.94608564024492
5089,137.0,138.94608564024492
10209,140.0,138.94608564024492
16178,139.0,138.94608564024492
19881,143.0,138.94608564024492
22977,138.0,138.94608564024492
7557,143.0,138.94608564024492
4920,140.0,138.94608564024492
8930,138.0,139.4181917654857
849,138.0,138.94608564024492
16862,137.0,138.94608564024492
5833,137.0,138.94608564024492
18466,142.0,138.94608564024492
22318,139.0,138.94608564024492
6961,148.0,138.94608564024492
11830,135.0,138.94608564024492
12753,137.0,138.94608564024492
344,138.0,138.94608564024492
16114,137.0,138.94608564024492
22023,139.0,138.94608564024492
15344,142.0,138.94608564024492
18373,138.0,138.94608564024492
16683,142.0,139.04689316304078
18742,137.0,138.94608564024492
11430,143.0,138.94608564024492
12039,138.0,138.94608564024492
19429,132.0,138.94608564024492
10830,141.0,138.94608564024492
15716,143.0,138.94608564024492
18043,141.0,138.94608564024492
16106,139.0,138.94608564024492
11939,141.0,139.02188175896833
6684,139.0,138.94608564024492
21353,138.0,138.88617812410925
948,139.0,138.94608564024492
10506,138.0,138.94608564024492
17838,135.0,138.94608564024492
22274,137.0,138.94608564024492
4929,140.0,138.94608564024492
824,140.0,138.94608564024492
12997,141.0,138.94608564024492
8115,144.0,138.94608564024492
212,133.0,138.94608564024492
22679,137.0,138.94608564024492
22097,140.0,138.94608564024492
19972,140.0,138.94608564024492
8463,140.0,139.10340237757063
20799,142.0,138.94608564024492
11125,140.0,138.94608564024492
20938,140.0,139.2118847579638
9262,139.0,138.76312070907792
5551,137.0,138.94608564024492
10811,140.0,138.94608564024492
15473,139.0,138.94608564024492
11331,140.0,138.95523218838707
7844,142.0,138.94608564024492
6144,143.0,138.94608564024492
19717,141.0,138.94608564024492
7686,134.0,138.94608564024492
5247,137.0,138.94608564024492
3725,143.0,138.94608564024492
12918,142.0,138.94608564024492
15840,142.0,138.94608564024492
12364,136.0,138.94608564024492
11344,143.0,138.94608564024492
6823,133.0,138.94608564024492
5738,141.0,138.94608564024492
1406,142.0,138.94608564024492
4363,138.0,138.94608564024492
2006,139.0,139.13849153838498
10214,130.0,138.94608564024492
9399,141.0,138.94608564024492
23717,142.0,138.94608564024492
2757,139.0,138.94608564024492
7009,140.0,138.94608564024492
1106,132.0,138.94608564024492
18801,142.0,138.94608564024492
2810,140.0,138.94608564024492
19636,137.0,138.94608564024492
11501,122.0,138.94608564024492
711,139.0,138.94608564024492
5331,140.0,138.94608564024492
654,138.0,138.94608564024492
17976,138.0,138.94608564024492
8592,140.0,139.24311674656727
12375,140.0,138.94608564024492
11814,141.0,138.94608564024492
13464,139.0,138.94608564024492
1866,141.0,139.0808864825461
8752,142.0,138.94608564024492
8385,141.0,138.94608564024492
12381,133.0,138.94608564024492
11096,138.0,138.94608564024492
10728,138.0,138.94608564024492
19730,149.0,138.94608564024492
14166,140.0,138.94608564024492
2734,140.0,138.94608564024492
22791,142.0,138.94608564024492
2478,136.0,138.94608564024492
13586,134.0,138.94608564024492
17765,135.0,138.94608564024492
22924,143.0,138.94608564024492
5674,135.0,138.87315024174538
4814,141.0,138.94608564024492
18028,138.0,138.94608564024492
19339,139.0,138.94608564024492
14551,141.0,138.94608564024492
23870,145.0,138.94608564024492
19495,138.0,138.94608564024492
614,140.0,138.94608564024492
6797,139.0,138.94608564024492
9246,144.0,138.94608564024492
19312,136.0,138.94608564024492
1923,138.0,139.41094965817285
12108,140.0,138.94608564024492
810,139.0,138.94608564024492
14037,142.0,138.94608564024492
1194,141.0,138.94608564024492
9206,144.0,138.94608564024492
11645,138.0,138.94608564024492
16468,139.0,138.94608564024492
919,139.0,138.94608564024492
13620,139.0,138.94608564024492
9312,126.0,138.94608564024492
11231,141.0,138.94608564024492
1886,138.0,138.94608564024492
9716,143.0,138.94608564024492
22291,137.0,138.8235485884422
20160,143.0,138.94608564024492
4366,137.0,138.94608564024492
15967,139.0,138.94608564024492
10425,133.0,138.94608564024492
17327,141.0,138.94608564024492
11947,138.0,138.94608564024492
15837,139.0,138.94608564024492
17753,141.0,138.94608564024492
1290,141.0,138.94608564024492
22770,140.0,138.94608564024492
1238,138.0,138.94608564024492
14897,141.0,138.94608564024492
10386,140.0,138.94608564024492
19118,131.0,138.94608564024492
22954,135.0,138.94608564024492
9735,139.0,139.23412328074505
14772,141.0,138.94608564024492
2727,139.0,138.94608564024492
21237,134.0,138.94608564024492
15916,135.0,138.94608564024492
23801,144.0,138.94608564024492
5745,135.0,138.94608564024492
12786,140.0,138.94608564024492
17941,142.0,138.94608564024492
972,137.0,138.94608564024492
21396,140.0,138.94608564024492
20064,143.0,138.94608564024492
5569,137.0,138.94608564024492
10568,142.0,139.02617223852963
20877,138.0,138.94608564024492
2207,133.0,138.94608564024492
151,139.0,138.94608564024492
17645,140.0,138.94608564024492
15872,135.0,138.94608564024492
12282,139.0,138.94608564024492
23795,140.0,138.94608564024492
4942,140.0,138.94608564024492
15053,141.0,138.791497103631
21418,141.0,138.94608564024492
14942,138.0,138.92299330260005
19024,143.0,138.94608564024492
9809,138.0,138.94608564024492
1569,139.0,138.94608564024492
21865,139.0,138.94608564024492
2979,141.0,138.94608564024492
1510,142.0,139.59016307382177
18459,140.0,138.94608564024492
17084,135.0,138.94608564024492
1627,144.0,138.94608564024492
7787,142.0,138.94608564024492
1609,137.0,138.94608564024492
5985,139.0,138.94608564024492
3990,137.0,139.11520143405468
22743,142.0,138.94608564024492
12247,142.0,138.94608564024492
6319,139.0,138.94608564024492
6368,142.0,138.94608564024492
8074,142.0,138.94608564024492
3838,142.0,138.94608564024492
2303,139.0,139.00892134662888
9502,138.0,139.0498750898665
787,138.0,139.11845540432205
18654,135.0,138.41621960589902
15130,140.0,138.94608564024492
23609,139.0,138.94608564024492
181,138.0,138.94608564024492
11109,139.0,138.94608564024492
5231,137.0,138.94608564024492
23363,140.0,138.94608564024492
21846,140.0,138.94608564024492
17312,140.0,138.94608564024492
21081,140.0,138.8913351061279
10600,138.0,138.94608564024492
14467,140.0,138.94608564024492
10186,140.0,138.94608564024492
14810,133.0,138.94608564024492
13988,130.0,138.94608564024492
19241,143.0,138.94608564024492
20899,135.0,138.94608564024492
18582,141.0,138.94608564024492
7143,139.0,138.94608564024492
6142,142.0,138.94608564024492
2586,140.0,138.94608564024492
18567,139.0,138.90133295414773
6407,142.0,138.94608564024492
10389,136.0,138.94608564024492
11464,137.0,138.94608564024492
1950,138.0,138.94608564024492
22822,137.0,138.94608564024492
2073,139.0,138.94608564024492
9487,140.0,138.94608564024492
14724,141.0,139.00517798640624
2356,131.0,138.94608564024492
17774,140.0,138.94608564024492
2669,140.0,138.94608564024492
8018,140.0,138.94608564024492
15244,140.0,138.94608564024492
1216,141.0,138.95782630936012
1101,135.0,138.94608564024492
10119,140.0,138.94608564024492
22354,140.0,139.4269939500976
8362,141.0,139.43043988491027
14387,138.0,138.94608564024492
6377,140.0,138.94608564024492
12255,140.0,138.94608564024492
10170,138.0,138.94608564024492
3197,151.0,138.94608564024492
9227,141.0,138.94608564024492
21024,140.0,138.94608564024492
23531,140.0,138.94608564024492
16162,136.0,138.94608564024492
16967,142.0,138.94608564024492
14227,143.0,139.08533325906657
1386,140.0,138.94608564024492
6869,140.0,138.94608564024492
12172,144.0,138.94608564024492
23158,130.0,138.94608564024492
18252,141.0,138.94608564024492
9508,139.0,138.84518763240493
20303,138.0,138.94608564024492
17060,135.0,138.95931226646363
10663,141.0,138.94608564024492
22479,135.0,138.94608564024492
22313,139.0,138.94608564024492
20507,141.0,138.94608564024492
6068,143.0,138.94608564024492
8669,140.0,138.94608564024492
6832,135.0,138.94608564024492
435,135.0,138.94608564024492
1790,137.0,138.94608564024492
23850,134.0,138.94608564024492
4543,135.0,138.94608564024492
22799,145.0,138.94608564024492
4744,139.0,138.94608564024492
16122,141.0,138.94608564024492
3455,139.0,138.94608564024492
7911,142.0,138.94608564024492
18190,135.0,138.94608564024492
1631,142.0,138.94608564024492
14721,138.0,138.94608564024492
20867,138.0,138.91427761006105
8396,128.0,138.94608564024492
10092,137.0,138.94608564024492
7525,138.0,138.94608564024492
13095,141.0,138.94608564024492
23617,144.0,138.94608564024492
5532,140.0,138.94608564024492
14062,144.0,138.94608564024492
16403,139.0,138.94608564024492
8821,138.0,138.94608564024492
17170,140.0,138.94608564024492
1051,142.0,138.94608564024492
6482,140.0,138.94608564024492
5194,139.0,138.94608564024492
12884,138.0,139.10073503579355
14659,141.0,138.94608564024492
22832,139.0,138.94608564024492
13600,141.0,138.94608564024492
4040,139.0,138.94608564024492
14914,137.0,138.94608564024492
13255,135.0,138.94608564024492
12744,139.0,138.94608564024492
2109,131.0,138.94608564024492
196,140.0,138.94608564024492
10685,137.0,138.6397425023134
2921,138.0,138.94608564024492
8511,141.0,138.94608564024492
15759,138.0,139.47448749004167
5462,141.0,138.94608564024492
14438,137.0,138.94608564024492
23423,138.0,138.94608564024492
13549,142.0,138.94608564024492
4393,139.0,138.94608564024492
16508,127.0,138.94608564024492
22661,138.0,138.94608564024492
5562,139.0,138.94608564024492
5980,144.0,138.94608564024492
14738,137.0,138.94608564024492
18893,141.0,138.94608564024492
1547,138.0,138.94608564024492
17322,138.0,138.94608564024492
2039,140.0,138.94608564024492
11059,140.0,138.94608564024492
19776,139.0,139.72720776375945
6835,135.0,138.94608564024492
20024,139.0,138.94608564024492
21904,144.0,138.94608564024492
9490,138.0,138.94608564024492
9669,136.0,138.94608564024492
5171,139.0,138.94608564024492
14851,138.0,138.94608564024492
6756,137.0,138.94608564024492
20631,139.0,138.94608564024492
680,139.0,138.94608564024492
12099,141.0,138.94608564024492
2950,141.0,138.94608564024492
13826,141.0,138.94608564024492
4889,136.0,138.94608564024492
14059,141.0,138.94608564024492
15165,139.0,138.94608564024492
6547,136.0,138.94608564024492
12491,141.0,138.94608564024492
11634,136.0,138.94608564024492
21918,138.0,138.94608564024492
1960,136.0,138.94608564024492
20070,136.0,138.93910787649435
2613,138.0,138.94608564024492
22102,132.0,138.94608564024492
12122,144.0,138.94608564024492
23722,143.0,138.94608564024492
23434,138.0,138.94608564024492
12344,142.0,138.94608564024492
23041,136.0,138.94608564024492
3330,142.0,138.94608564024492
10141,138.0,139.441958544724
21051,128.0,138.94608564024492
19112,144.0,138.94608564024492
11563,139.0,138.94608564024492
19092,142.0,138.94608564024492
16599,136.0,138.94608564024492
13031,140.0,138.94608564024492
14506,137.0,138.94608564024492
3408,138.0,138.94608564024492
19915,136.0,138.94608564024492
11660,142.0,138.94608564024492
43,138.0,138.94608564024492
23691,134.0,138.94608564024492
1181,139.0,138.94608564024492
8445,142.0,138.94608564024492
17685,137.0,138.94608564024492
4301,141.0,138.94608564024492
5056,140.0,138.94608564024492
23403,142.0,138.94608564024492
18427,139.0,138.94608564024492
5713,140.0,138.94608564024492
4497,139.0,138.94608564024492
23516,137.0,138.94608564024492
13038,137.0,138.94608564024492
15548,139.0,138.94608564024492
19257,142.0,138.94608564024492
20676,137.0,138.94608564024492
21239,136.0,138.94608564024492
8406,138.0,138.94608564024492
10839,140.0,138.94608564024492
16061,144.0,138.94608564024492
5262,141.0,138.95827135236448
10743,140.0,138.80464464009418
18642,139.0,138.7784304385134
18400,132.0,138.94608564024492
14230,138.0,139.78326348061827
8706,139.0,138.94608564024492
12037,140.0,138.94608564024492
22431,139.0,138.94608564024492
6929,133.0,138.9666588965441
3771,146.0,138.94608564024492
15911,140.0,138.94608564024492
17734,139.0,138.94608564024492
13243,140.0,138.94608564024492
23031,142.0,138.94608564024492
9938,140.0,138.87086270437138
3686,143.0,139.5390228953797
20198,141.0,138.94608564024492
23707,142.0,138.94608564024492
2548,140.0,138.94608564024492
1969,141.0,138.94608564024492
22310,140.0,138.94608564024492
23285,141.0,138.94608564024492
2406,133.0,138.94608564024492
115,139.0,138.94608564024492
17702,145.0,138.94608564024492
147,139.0,138.94608564024492
20927,139.0,138.79898347695087
15785,137.0,138.94608564024492
3542,139.0,138.94608564024492
5820,138.0,139.00227821076007
10366,135.0,138.94608564024492
7215,143.0,138.94608564024492
22728,140.0,138.94608564024492
23195,138.0,138.94608564024492
15389,131.0,138.94608564024492
8198,140.0,138.94608564024492
12666,137.0,138.94608564024492
18516,140.0,138.94608564024492
8044,142.0,138.94608564024492
85,136.0,138.94608564024492
12340,139.0,138.94608564024492
206,139.0,138.94608564024492
3813,141.0,138.94608564024492
14697,139.0,138.94608564024492
11625,134.0,138.94608564024492
846,139.0,138.94608564024492
11951,141.0,138.94608564024492
12771,140.0,138.94608564024492
12866,138.0,138.94608564024492
11107,144.0,138.94608564024492
21666,136.0,138.94608564024492
22590,142.0,138.94608564024492
3556,132.0,138.94608564024492
16206,140.0,138.94608564024492
22715,141.0,138.94608564024492
22082,142.0,138.94608564024492
22555,142.0,138.94608564024492
6860,136.0,138.94608564024492
11942,140.0,138.94608564024492
10900,138.0,138.94608564024492
15646,135.0,138.94608564024492
16799,141.0,138.94608564024492
10719,145.0,138.94608564024492
21874,137.0,138.94608564024492
17811,139.0,138.94608564024492
7680,135.0,138.94608564024492
942,140.0,138.94608564024492
6494,141.0,138.94608564024492
16054,137.0,138.57583479718994
22940,138.0,138.94608564024492
20762,134.0,138.94608564024492
18154,139.0,138.94608564024492
11651,139.0,138.94608564024492
19964,143.0,138.94608564024492
15590,136.0,138.94608564024492
16956,140.0,138.94608564024492
5739,141.0,138.94608564024492
18315,139.0,138.94608564024492
18719,141.0,138.94608564024492
6995,140.0,138.94608564024492
2360,130.0,138.94608564024492
18973,136.0,138.94608564024492
14490,131.0,138.94608564024492
1122,137.0,138.94608564024492
1146,140.0,138.94608564024492
11441,144.0,138.94608564024492
11533,140.0,138.94608564024492
11009,139.0,138.94608564024492
22099,134.0,138.94608564024492
9925,139.0,138.94608564024492
2415,141.0,138.94608564024492
13132,139.0,138.94608564024492
14603,139.0,138.94608564024492
14275,137.0,138.95543567120933
894,143.0,138.94608564024492
2904,142.0,139.02200874760527
5010,142.0,138.94608564024492
3715,141.0,138.94608564024492
