,y_test,prediction
500,143.0,138.93704044502522
9971,140.0,139.3063979354439
18767,139.0,138.93704044502522
5289,137.0,138.93704044502522
15391,136.0,138.93704044502522
22782,140.0,138.93704044502522
13032,139.0,138.93704044502522
17589,142.0,138.93704044502522
21275,136.0,138.93704044502522
10777,139.0,138.93704044502522
4507,139.0,138.93704044502522
8270,135.0,138.93704044502522
20457,143.0,138.93704044502522
23882,142.0,138.93704044502522
11380,140.0,138.93704044502522
22477,139.0,138.93704044502522
812,140.0,138.93704044502522
1659,139.0,138.93704044502522
2153,137.0,138.99667572795622
23069,143.0,138.93704044502522
22626,141.0,138.93704044502522
6440,137.0,138.93704044502522
1781,142.0,138.89905368572823
16893,142.0,138.93704044502522
19803,141.0,138.93704044502522
12401,137.0,138.93704044502522
7903,147.0,138.93704044502522
9524,143.0,138.93704044502522
11700,137.0,139.40756437434544
10651,141.0,139.75079849728064
18013,129.0,138.93704044502522
18207,145.0,138.93704044502522
4072,144.0,138.93704044502522
18894,139.0,138.93704044502522
13226,139.0,138.93704044502522
12439,142.0,138.84973823987735
4097,143.0,138.93704044502522
10875,136.0,138.93704044502522
21766,140.0,138.93704044502522
3559,128.0,138.93704044502522
15610,140.0,138.93704044502522
21934,140.0,138.93704044502522
4776,137.0,138.93704044502522
616,140.0,138.93704044502522
4367,139.0,138.93704044502522
2600,140.0,138.93704044502522
9309,125.0,138.93704044502522
4595,138.0,139.09805873742033
12388,138.0,138.93704044502522
661,137.0,138.93704044502522
17510,142.0,138.93704044502522
23666,139.0,138.93704044502522
22685,139.0,138.93704044502522
15568,140.0,138.93704044502522
1457,136.0,138.93704044502522
15497,142.0,138.93704044502522
13275,142.0,138.93704044502522
8213,139.0,138.93704044502522
19416,141.0,139.76136040526737
14628,141.0,138.93704044502522
11225,140.0,138.93704044502522
17837,141.0,138.93704044502522
8976,140.0,138.93704044502522
17150,141.0,138.93704044502522
4903,136.0,138.93704044502522
5881,143.0,139.10807702961844
351,141.0,138.93704044502522
22414,144.0,138.93704044502522
20231,138.0,138.93704044502522
16896,141.0,138.93704044502522
14049,142.0,138.93704044502522
3068,142.0,138.93704044502522
22517,141.0,138.93704044502522
21815,140.0,138.93704044502522
2274,133.0,138.93704044502522
11838,139.0,138.93704044502522
8617,134.0,138.93704044502522
11911,132.0,138.93704044502522
2377,138.0,138.93704044502522
10661,139.0,138.93704044502522
23394,142.0,138.93704044502522
18533,131.0,138.93704044502522
4969,144.0,138.93704044502522
15796,137.0,138.93704044502522
4025,140.0,139.13330929820194
17434,140.0,138.9064716992717
7311,142.0,138.93704044502522
21894,139.0,138.90984113941192
20532,139.0,138.93704044502522
16808,144.0,138.93704044502522
23366,140.0,138.93704044502522
18706,139.0,138.93704044502522
11396,141.0,138.93704044502522
2968,135.0,138.93704044502522
2764,137.0,138.93704044502522
9996,137.0,138.93704044502522
4048,138.0,138.93704044502522
4682,141.0,138.93704044502522
2618,138.0,138.93704044502522
20424,138.0,138.93704044502522
15434,138.0,138.93704044502522
14335,141.0,138.93704044502522
8358,138.0,138.8787135589659
20651,141.0,138.93704044502522
21752,136.0,138.93704044502522
864,138.0,138.93704044502522
5095,141.0,139.17813262432117
5566,139.0,138.93704044502522
1615,139.0,138.93704044502522
22877,143.0,138.93704044502522
18197,139.0,138.93704044502522
1704,134.0,138.93704044502522
23389,142.0,138.93704044502522
18963,141.0,138.93704044502522
12631,141.0,138.93704044502522
21542,144.0,138.93704044502522
10393,142.0,139.7393517922551
23113,137.0,138.93704044502522
11077,136.0,138.93704044502522
3013,140.0,138.93704044502522
18045,137.0,138.93704044502522
14520,133.0,138.93704044502522
176,136.0,138.93704044502522
16147,138.0,138.93704044502522
5768,142.0,139.06605384784459
2008,134.0,138.93704044502522
23000,139.0,138.93704044502522
8015,140.0,138.9878329160104
8506,139.0,138.93704044502522
22712,140.0,138.93704044502522
18960,142.0,138.93704044502522
14835,141.0,138.93704044502522
23441,135.0,138.93704044502522
12357,139.0,138.93704044502522
9847,137.0,138.93704044502522
18672,137.0,138.93704044502522
12574,141.0,138.93704044502522
9786,141.0,138.93704044502522
23761,139.0,138.93704044502522
9414,140.0,138.93704044502522
16373,137.0,138.93704044502522
14283,138.0,138.93704044502522
4407,138.0,139.09705752707816
3951,140.0,138.93704044502522
6079,140.0,138.93704044502522
2964,134.0,138.93704044502522
20173,134.0,138.93704044502522
11726,142.0,138.93704044502522
5122,138.0,138.93704044502522
7746,139.0,138.93704044502522
5657,134.0,138.93704044502522
21892,140.0,138.93704044502522
891,140.0,138.93704044502522
8624,138.0,138.93704044502522
11507,141.0,139.071343689379
13902,143.0,138.93704044502522
3433,138.0,138.93704044502522
15669,130.0,138.93704044502522
10617,140.0,138.93704044502522
9081,139.0,139.01202660063737
5113,139.0,138.93704044502522
8353,140.0,138.93704044502522
8870,140.0,138.93704044502522
18199,140.0,138.93704044502522
20529,139.0,138.93704044502522
20081,139.0,138.93704044502522
12156,135.0,138.93704044502522
4425,141.0,139.5580836809113
22656,142.0,138.93704044502522
3152,140.0,138.93704044502522
9417,141.0,138.93704044502522
3799,140.0,138.93704044502522
17949,140.0,138.93704044502522
12228,138.0,138.93704044502522
12724,142.0,138.93704044502522
11953,140.0,138.93704044502522
6354,140.0,138.93704044502522
18760,135.0,138.93704044502522
5248,136.0,138.93704044502522
22732,141.0,138.93704044502522
7999,134.0,138.93704044502522
12303,139.0,138.93704044502522
17875,135.0,138.93704044502522
12422,142.0,138.93704044502522
10337,141.0,138.83730152093793
13213,139.0,138.93704044502522
20946,141.0,138.95969493451727
5301,141.0,138.93704044502522
23545,138.0,138.93704044502522
23959,140.0,138.93704044502522
18040,139.0,138.93704044502522
6979,130.0,138.93704044502522
12460,143.0,138.93704044502522
22473,144.0,138.93704044502522
23680,142.0,138.93704044502522
14667,140.0,138.92180463168455
321,139.0,138.93704044502522
18563,138.0,138.93704044502522
8918,137.0,138.93704044502522
19492,140.0,138.93704044502522
1771,141.0,138.93704044502522
3874,138.0,138.93704044502522
17154,136.0,138.93704044502522
8432,138.0,138.93704044502522
6760,136.0,138.93704044502522
16341,137.0,138.93704044502522
6806,143.0,138.93704044502522
15639,140.0,139.23402557303845
8997,140.0,138.93704044502522
11551,142.0,138.93704044502522
16590,143.0,138.93704044502522
5087,136.0,138.93704044502522
14297,142.0,138.93704044502522
5691,140.0,138.93704044502522
13645,141.0,138.93642384868286
16737,142.0,138.93704044502522
7074,131.0,138.93704044502522
855,139.0,138.93704044502522
272,140.0,139.95155374192677
8193,138.0,139.79656352945554
2688,141.0,138.93704044502522
21298,140.0,138.93704044502522
8859,142.0,138.93704044502522
11350,142.0,138.93704044502522
16397,138.0,139.24286631510842
23811,137.0,138.93704044502522
18584,143.0,138.93704044502522
11110,139.0,138.93704044502522
19319,142.0,139.0360349894531
5699,138.0,138.93704044502522
10909,138.0,138.93704044502522
4586,137.0,138.93704044502522
12555,142.0,139.86989435648394
17062,141.0,138.93704044502522
5449,136.0,138.93704044502522
17495,140.0,138.93704044502522
4077,142.0,138.93704044502522
12006,144.0,138.93704044502522
7436,139.0,138.93704044502522
10476,133.0,138.93704044502522
20736,140.0,138.93704044502522
3102,137.0,138.93704044502522
12009,144.0,138.93704044502522
16014,142.0,138.93704044502522
13092,138.0,138.93704044502522
14067,127.0,138.93704044502522
7125,142.0,138.93704044502522
21485,138.0,139.5143777574236
11796,141.0,138.93704044502522
9435,139.0,138.93704044502522
21643,138.0,138.93704044502522
14538,138.0,138.93704044502522
19954,136.0,139.96622515286214
13429,141.0,138.93704044502522
11799,142.0,138.93704044502522
13883,141.0,138.93704044502522
17176,143.0,138.93704044502522
12189,141.0,138.93704044502522
15823,132.0,138.93704044502522
14734,142.0,138.93704044502522
17829,141.0,138.93704044502522
11393,140.0,138.93704044502522
12176,142.0,138.93704044502522
1847,140.0,138.93704044502522
20990,141.0,138.73334530786002
8153,130.0,138.93704044502522
199,142.0,138.93704044502522
13800,140.0,138.93704044502522
15976,142.0,138.93704044502522
5307,140.0,138.93704044502522
9618,137.0,138.93704044502522
20327,137.0,138.93704044502522
20385,139.0,138.93704044502522
2512,142.0,138.93704044502522
56,138.0,138.93704044502522
22020,140.0,139.20275917190165
11585,143.0,138.93704044502522
1750,135.0,138.93704044502522
1773,143.0,138.93704044502522
2187,141.0,139.2597686166323
19519,137.0,138.93704044502522
21074,140.0,139.12936100519875
20688,137.0,139.93461042461138
15857,135.0,138.93704044502522
4314,138.0,138.93704044502522
7274,140.0,138.93704044502522
9443,139.0,138.93704044502522
1623,148.0,138.93704044502522
924,142.0,138.93704044502522
3594,139.0,138.93704044502522
19453,139.0,138.93704044502522
6115,140.0,138.93704044502522
13857,141.0,138.93704044502522
21072,140.0,138.93704044502522
18344,140.0,138.93704044502522
10019,142.0,138.93704044502522
6220,140.0,138.93704044502522
15410,141.0,138.93704044502522
7777,141.0,138.93704044502522
12195,141.0,138.93704044502522
19311,140.0,138.93704044502522
2250,141.0,138.93704044502522
8370,142.0,138.93704044502522
13872,142.0,138.93704044502522
22931,136.0,138.93704044502522
23789,141.0,138.93704044502522
3413,138.0,138.93704044502522
23262,140.0,138.93704044502522
13365,134.0,138.93704044502522
11413,143.0,138.93704044502522
12360,138.0,138.93704044502522
10488,140.0,138.85126632476022
1986,136.0,138.93704044502522
7613,139.0,138.93704044502522
14695,142.0,138.93704044502522
110,143.0,138.93704044502522
11239,140.0,138.93704044502522
15515,133.0,138.93704044502522
15049,141.0,138.93704044502522
9336,138.0,138.93704044502522
16853,141.0,138.93704044502522
22161,141.0,138.93704044502522
12674,137.0,138.93704044502522
22870,137.0,138.93704044502522
9011,143.0,138.93704044502522
1756,139.0,138.93704044502522
50,141.0,138.93704044502522
324,138.0,138.93704044502522
22533,139.0,138.93704044502522
18023,143.0,138.93704044502522
4453,141.0,138.93704044502522
12070,138.0,139.0310449488184
19945,138.0,139.50068982341637
17408,136.0,138.93704044502522
23983,141.0,138.93704044502522
3682,139.0,138.93704044502522
1203,140.0,139.26996266280617
15988,139.0,138.93704044502522
22150,134.0,138.93704044502522
21711,138.0,138.93704044502522
23891,141.0,138.93704044502522
18725,138.0,138.93704044502522
19716,141.0,138.93704044502522
5085,137.0,138.93704044502522
2714,141.0,138.9042021787409
23105,140.0,138.93704044502522
1973,135.0,138.93704044502522
277,136.0,138.93704044502522
16718,140.0,138.93704044502522
23614,141.0,138.93704044502522
19560,137.0,138.94721323682347
8786,134.0,138.93704044502522
14112,140.0,139.07259361808275
23683,141.0,138.93704044502522
9598,142.0,138.93704044502522
8975,139.0,138.93704044502522
13888,140.0,138.93704044502522
3391,138.0,138.93704044502522
5079,137.0,138.93704044502522
18011,129.0,138.93704044502522
5735,138.0,138.93704044502522
2518,145.0,138.93704044502522
18130,136.0,139.1703828185966
17995,139.0,138.93704044502522
316,139.0,138.93704044502522
20730,142.0,138.93704044502522
5415,139.0,138.93704044502522
14784,141.0,138.93704044502522
1586,138.0,138.93704044502522
12014,135.0,138.93704044502522
20838,138.0,138.93704044502522
6328,141.0,138.93704044502522
131,137.0,138.93704044502522
20315,140.0,138.93704044502522
1977,135.0,138.93704044502522
21432,137.0,138.93704044502522
12641,144.0,138.93704044502522
6539,141.0,138.93704044502522
3547,139.0,138.93704044502522
7758,140.0,138.93704044502522
12909,141.0,138.93704044502522
21014,135.0,138.93704044502522
12242,140.0,138.93704044502522
17229,139.0,138.93704044502522
8873,140.0,138.93704044502522
2299,141.0,138.93704044502522
18954,140.0,139.5328546257641
6303,140.0,138.93704044502522
8971,138.0,138.93704044502522
22498,132.0,138.93704044502522
22541,141.0,138.93704044502522
16294,136.0,138.93704044502522
4389,139.0,138.93704044502522
19395,137.0,138.93704044502522
15876,139.0,138.93704044502522
9635,134.0,138.93704044502522
19672,136.0,138.93704044502522
982,138.0,139.06928849836623
11982,134.0,138.9968385369983
6632,139.0,138.93704044502522
8249,138.0,138.93704044502522
10846,138.0,138.93704044502522
5486,140.0,139.1472779154052
8825,140.0,138.93704044502522
2105,131.0,138.93704044502522
1240,135.0,138.93704044502522
20214,142.0,138.86882323904345
17088,140.0,138.93704044502522
9116,143.0,138.93704044502522
21723,132.0,138.93704044502522
5526,140.0,138.93704044502522
70,135.0,139.2131780315058
23740,140.0,138.93704044502522
13781,140.0,138.93704044502522
7152,129.0,138.93704044502522
5159,137.0,138.93704044502522
11599,136.0,138.93704044502522
4266,136.0,138.93704044502522
3939,140.0,138.93704044502522
4426,137.0,138.93704044502522
15129,138.0,138.90131545768935
20886,136.0,138.93704044502522
17615,138.0,139.0736837736836
15560,143.0,138.93704044502522
17432,140.0,138.73874647051178
10583,138.0,138.93704044502522
20141,139.0,139.2705810976479
21747,142.0,138.93704044502522
6532,140.0,138.93704044502522
5873,140.0,138.93704044502522
12478,138.0,138.93704044502522
15910,138.0,139.07823310817008
10688,138.0,138.93704044502522
11574,143.0,139.02413765405208
8839,140.0,138.93704044502522
23396,141.0,138.93704044502522
16998,136.0,138.93704044502522
2060,141.0,138.93704044502522
3867,138.0,138.93704044502522
3086,141.0,138.93704044502522
21142,139.0,138.93704044502522
9071,136.0,138.93704044502522
13432,141.0,138.93704044502522
17139,137.0,138.93704044502522
9452,132.0,138.93704044502522
7421,139.0,138.93704044502522
16825,140.0,138.93704044502522
19944,141.0,139.90829320380786
9279,140.0,139.43924537205632
20543,137.0,138.93704044502522
10267,141.0,139.31049092556958
21603,140.0,139.12409858087267
1415,138.0,138.93704044502522
18406,135.0,138.93704044502522
15819,132.0,138.93704044502522
17924,137.0,138.93704044502522
742,143.0,138.93704044502522
1906,144.0,138.93704044502522
581,139.0,138.93704044502522
5986,138.0,138.93704044502522
6297,138.0,138.93704044502522
21556,138.0,138.93704044502522
9239,141.0,138.93704044502522
12543,139.0,138.93704044502522
10967,138.0,138.91508117747992
22903,138.0,138.93704044502522
3675,144.0,138.93704044502522
9695,140.0,138.93704044502522
2022,141.0,138.93704044502522
9215,139.0,138.93704044502522
20939,132.0,138.93704044502522
20092,138.0,138.93704044502522
23606,142.0,138.93704044502522
10992,141.0,138.93704044502522
19831,140.0,139.431681306755
9068,141.0,139.11330743403633
9273,142.0,138.93704044502522
13666,140.0,138.7409281299667
5357,136.0,138.93704044502522
9831,142.0,138.93704044502522
19547,139.0,138.93704044502522
5776,139.0,139.1563935296034
20472,139.0,138.93704044502522
20775,139.0,138.93704044502522
9311,123.0,138.93704044502522
22571,142.0,138.93704044502522
1423,132.0,138.93704044502522
10495,142.0,138.93704044502522
3198,147.0,138.93704044502522
5668,141.0,138.93704044502522
22851,140.0,138.93704044502522
19218,142.0,138.93704044502522
15833,139.0,138.93704044502522
20600,133.0,138.93704044502522
18461,143.0,138.93704044502522
1879,141.0,139.047893183719
10746,137.0,138.93704044502522
21447,138.0,138.93704044502522
23240,132.0,138.93704044502522
9614,142.0,139.74334301372906
11892,141.0,138.8732530410396
21982,142.0,138.93704044502522
9744,139.0,138.93704044502522
1504,139.0,139.29895665453213
23471,141.0,138.93704044502522
18211,143.0,138.93704044502522
19165,139.0,138.93704044502522
20707,139.0,138.93704044502522
16322,134.0,139.05236029284674
4884,142.0,139.54167199340876
21771,138.0,138.93704044502522
22683,139.0,138.93704044502522
6243,140.0,138.93704044502522
21987,132.0,138.93704044502522
13891,139.0,138.93704044502522
2680,139.0,138.93704044502522
6134,139.0,138.93704044502522
3982,140.0,138.93704044502522
18308,143.0,138.93704044502522
16901,143.0,138.93704044502522
18878,139.0,138.93704044502522
7154,134.0,138.93704044502522
6341,140.0,138.93704044502522
1826,142.0,138.93704044502522
15447,138.0,138.93704044502522
9630,133.0,138.93704044502522
1210,141.0,138.93704044502522
9551,139.0,138.93704044502522
22499,138.0,138.93704044502522
11656,141.0,138.93704044502522
21122,134.0,138.93704044502522
17240,140.0,138.93704044502522
22821,135.0,138.93704044502522
23978,139.0,138.93704044502522
1213,139.0,138.93704044502522
20048,137.0,138.93704044502522
11915,133.0,138.93704044502522
17207,144.0,138.93704044502522
11916,130.0,138.93704044502522
15846,140.0,138.93704044502522
16334,139.0,138.93704044502522
21571,137.0,138.93704044502522
11446,129.0,138.93704044502522
21479,138.0,138.93704044502522
21154,139.0,139.29553866821936
304,137.0,138.93704044502522
3116,129.0,138.93704044502522
2799,141.0,138.93704044502522
17911,140.0,138.93704044502522
16553,141.0,138.93704044502522
10817,140.0,138.93704044502522
12763,138.0,138.93704044502522
740,145.0,138.93704044502522
23700,142.0,138.93704044502522
22467,139.0,138.93704044502522
13416,139.0,138.93704044502522
243,138.0,138.93704044502522
11093,141.0,138.93704044502522
19011,138.0,138.93704044502522
17964,137.0,138.93704044502522
21384,137.0,139.20424239255968
13696,140.0,139.50622914576633
9977,139.0,138.93704044502522
11755,143.0,138.93704044502522
23053,137.0,138.93704044502522
5098,141.0,138.93704044502522
2158,140.0,138.89008944616975
3827,138.0,138.93704044502522
5489,137.0,138.93704044502522
12416,137.0,138.93704044502522
19537,138.0,138.93704044502522
5202,136.0,138.93704044502522
16379,142.0,138.93704044502522
6562,139.0,138.93704044502522
20734,140.0,138.93704044502522
14187,139.0,138.93704044502522
5664,142.0,139.16682547120206
21015,136.0,138.93704044502522
11415,141.0,138.93704044502522
18591,141.0,138.93704044502522
8514,141.0,138.93704044502522
18948,141.0,138.93704044502522
778,136.0,138.93704044502522
14316,138.0,138.93704044502522
15652,140.0,138.93704044502522
18770,142.0,138.93704044502522
20489,143.0,138.93704044502522
11818,138.0,138.93704044502522
23029,135.0,138.93704044502522
20954,138.0,138.93704044502522
17405,141.0,138.93704044502522
23164,141.0,138.93704044502522
11426,142.0,138.93704044502522
5245,135.0,138.93704044502522
15139,136.0,138.93704044502522
6885,133.0,138.93704044502522
10041,139.0,138.93704044502522
9406,138.0,138.93704044502522
11208,133.0,138.93704044502522
8080,140.0,138.93704044502522
16196,140.0,138.8520472319087
6083,140.0,138.93704044502522
21467,140.0,139.5172097756894
13818,136.0,138.93704044502522
14095,132.0,138.93704044502522
16100,137.0,138.93704044502522
1486,145.0,138.93704044502522
18520,137.0,139.6797802630605
17906,144.0,138.93704044502522
138,140.0,138.93704044502522
21416,140.0,138.93704044502522
4520,137.0,138.93704044502522
5260,141.0,138.93704044502522
19974,142.0,138.93704044502522
15519,136.0,138.93704044502522
23287,139.0,138.93704044502522
13648,139.0,138.93704044502522
3635,138.0,139.60096568032634
23107,139.0,138.93704044502522
17586,140.0,138.93704044502522
14330,139.0,139.3169218339694
13866,138.0,138.93704044502522
20585,139.0,138.93704044502522
22400,138.0,138.93704044502522
14932,142.0,138.93310768968934
19957,144.0,139.37492787617225
5651,142.0,138.93704044502522
11903,142.0,138.93704044502522
18514,138.0,138.93704044502522
21034,140.0,138.93704044502522
18907,141.0,138.93704044502522
23971,141.0,138.93704044502522
15257,138.0,138.93704044502522
2028,139.0,138.93704044502522
2749,133.0,138.93704044502522
9124,142.0,138.93704044502522
8813,140.0,138.93704044502522
1120,135.0,138.93704044502522
6776,138.0,138.93704044502522
23148,140.0,138.93704044502522
2716,142.0,139.09629280074543
17656,138.0,138.93704044502522
23616,139.0,138.93704044502522
14409,137.0,138.93704044502522
10550,140.0,139.1992820958373
4727,139.0,138.93704044502522
2488,143.0,138.93704044502522
16724,137.0,138.93704044502522
4362,140.0,139.29208327336994
13792,134.0,138.93704044502522
14886,140.0,138.93704044502522
7663,142.0,138.93704044502522
16411,134.0,138.93704044502522
15349,135.0,138.93704044502522
14652,133.0,138.93704044502522
5636,136.0,138.93704044502522
23487,140.0,138.93704044502522
4247,142.0,138.93704044502522
1287,145.0,138.93704044502522
16708,138.0,138.93704044502522
17971,137.0,138.93704044502522
19859,139.0,138.93704044502522
19762,141.0,138.93704044502522
11789,137.0,138.93704044502522
15327,137.0,138.93704044502522
301,138.0,138.93704044502522
1731,143.0,139.4606601352018
5882,142.0,138.93704044502522
16389,138.0,138.93704044502522
7180,140.0,138.93704044502522
5523,139.0,138.93704044502522
20913,140.0,138.93704044502522
5475,141.0,138.93704044502522
8945,141.0,138.93704044502522
584,137.0,138.93704044502522
1313,137.0,138.93704044502522
2556,141.0,138.93704044502522
18755,139.0,138.93704044502522
17699,145.0,138.93704044502522
13629,138.0,138.93704044502522
22433,135.0,138.93704044502522
13119,141.0,138.93704044502522
17118,141.0,138.93704044502522
17553,140.0,138.93704044502522
9229,139.0,139.74608318286715
18173,139.0,138.93704044502522
7357,141.0,138.93704044502522
17848,139.0,138.93704044502522
23819,138.0,138.93704044502522
5323,136.0,138.93704044502522
10941,137.0,138.93704044502522
15958,139.0,139.22311351384255
6098,136.0,138.93704044502522
3529,136.0,138.93704044502522
7155,138.0,138.93704044502522
7474,138.0,138.93704044502522
13624,142.0,138.93704044502522
21389,139.0,138.93704044502522
22207,138.0,138.73641656537788
22779,140.0,138.93704044502522
611,144.0,138.93704044502522
23878,136.0,138.93704044502522
20473,137.0,138.93704044502522
23066,139.0,138.93704044502522
7380,140.0,138.93704044502522
15021,141.0,138.8719809771741
21031,141.0,138.93704044502522
16785,137.0,138.93704044502522
23604,135.0,138.93704044502522
14301,143.0,138.93704044502522
5952,143.0,138.93704044502522
11370,143.0,138.93704044502522
18172,137.0,138.93704044502522
4277,139.0,138.93704044502522
5404,140.0,138.93704044502522
7041,142.0,138.93704044502522
13743,140.0,138.93704044502522
4997,140.0,138.93704044502522
3954,139.0,138.93704044502522
22420,138.0,138.93704044502522
20760,136.0,138.93704044502522
20850,137.0,138.93704044502522
11063,138.0,138.93704044502522
4530,139.0,138.93704044502522
2992,139.0,138.93704044502522
1389,141.0,138.93704044502522
17701,140.0,138.93704044502522
18539,132.0,138.93704044502522
1156,141.0,139.00924015686755
20492,138.0,138.93704044502522
11180,132.0,138.93704044502522
18452,140.0,138.93704044502522
3932,139.0,138.93704044502522
14462,138.0,138.93704044502522
21636,143.0,138.93704044502522
13873,139.0,138.93704044502522
4434,141.0,139.41653987396876
23503,140.0,138.93704044502522
6334,135.0,138.93704044502522
5212,132.0,138.93704044502522
3809,141.0,138.93704044502522
7737,141.0,138.93704044502522
8347,140.0,138.93704044502522
15779,134.0,138.93704044502522
15881,140.0,139.8385117635547
19911,141.0,138.93704044502522
22107,131.0,138.93704044502522
9172,140.0,138.93704044502522
21580,138.0,138.93704044502522
6324,138.0,138.93704044502522
20863,139.0,138.93704044502522
1207,141.0,138.93704044502522
927,141.0,138.93704044502522
14314,138.0,138.93704044502522
6890,140.0,138.93704044502522
23488,139.0,138.93704044502522
4898,139.0,138.93704044502522
858,140.0,138.93704044502522
6877,140.0,138.93704044502522
3997,140.0,139.82673605254408
15067,139.0,138.93704044502522
6629,139.0,138.93704044502522
13836,141.0,138.93704044502522
13474,138.0,139.4066920416066
312,140.0,138.93704044502522
11901,141.0,138.93704044502522
1193,141.0,138.93704044502522
4671,140.0,138.93704044502522
6844,140.0,138.93704044502522
8230,135.0,138.93704044502522
22830,139.0,138.93704044502522
16859,142.0,138.93704044502522
6417,140.0,138.93704044502522
13927,139.0,138.93704044502522
6590,138.0,138.93704044502522
17973,139.0,138.93704044502522
3797,137.0,138.93704044502522
18124,139.0,139.4143730238972
10160,140.0,138.93704044502522
14832,138.0,138.93704044502522
6138,137.0,138.93704044502522
6983,134.0,138.93704044502522
13633,139.0,138.93704044502522
5976,141.0,138.93704044502522
21707,144.0,138.93704044502522
4444,139.0,138.93704044502522
20887,139.0,138.93704044502522
21999,141.0,138.93704044502522
19363,134.0,138.93704044502522
5365,138.0,138.93704044502522
9471,139.0,138.93704044502522
9883,140.0,138.93704044502522
996,140.0,138.93704044502522
20744,139.0,138.93704044502522
23965,138.0,138.93704044502522
5219,140.0,138.93704044502522
15928,140.0,138.93704044502522
7389,139.0,138.93704044502522
17106,144.0,138.93704044502522
8529,135.0,138.93704044502522
13718,132.0,138.93704044502522
41,144.0,138.93704044502522
10560,143.0,138.93704044502522
12952,140.0,138.93704044502522
19660,140.0,138.93704044502522
21,137.0,138.93704044502522
3657,137.0,138.93704044502522
23728,139.0,138.93704044502522
1236,142.0,138.93704044502522
17802,137.0,138.93704044502522
23630,139.0,138.93704044502522
12649,145.0,139.69045757321504
9721,138.0,138.93704044502522
9798,134.0,138.93704044502522
15357,139.0,138.93704044502522
23648,141.0,138.93704044502522
1253,136.0,138.93704044502522
9209,139.0,138.93704044502522
13992,129.0,138.93704044502522
16687,144.0,138.93704044502522
22860,139.0,138.93704044502522
8621,139.0,138.93704044502522
20608,133.0,138.93704044502522
4293,139.0,138.93704044502522
2287,140.0,138.93704044502522
8557,143.0,138.93704044502522
10316,137.0,138.93704044502522
23840,140.0,138.93704044502522
12021,143.0,138.93704044502522
3776,143.0,138.93704044502522
11305,137.0,138.93704044502522
7990,136.0,138.93704044502522
22883,136.0,138.93704044502522
22596,139.0,138.93704044502522
20482,142.0,138.93704044502522
19004,139.0,138.93704044502522
14574,141.0,138.93704044502522
17626,139.0,138.93704044502522
6006,141.0,138.93704044502522
14245,126.0,138.93704044502522
11684,142.0,138.93704044502522
12250,143.0,138.93704044502522
735,141.0,138.93704044502522
20384,141.0,138.93704044502522
19530,138.0,138.93704044502522
21289,138.0,138.93704044502522
17680,143.0,138.93704044502522
12639,140.0,138.93704044502522
13854,140.0,138.93704044502522
1603,139.0,138.93704044502522
11081,137.0,138.93704044502522
16921,137.0,138.93704044502522
14548,135.0,138.93704044502522
18554,138.0,138.93704044502522
23872,138.0,138.93704044502522
16131,132.0,138.93704044502522
11410,142.0,138.93704044502522
3519,139.0,138.93704044502522
22535,141.0,138.93704044502522
291,141.0,138.93704044502522
6241,137.0,138.93704044502522
15599,141.0,138.93704044502522
23885,136.0,138.93704044502522
1567,139.0,138.93704044502522
18682,140.0,138.93704044502522
11745,137.0,138.93704044502522
16889,139.0,138.93704044502522
10008,143.0,138.93704044502522
5807,140.0,138.93704044502522
2220,139.0,138.93704044502522
14947,137.0,138.93704044502522
21338,139.0,138.93704044502522
6602,142.0,138.93704044502522
7834,135.0,138.93704044502522
3817,138.0,138.93704044502522
15810,139.0,138.97989628300314
22464,141.0,138.93704044502522
16582,144.0,138.93704044502522
695,139.0,138.93704044502522
22410,140.0,138.93704044502522
10327,138.0,138.93704044502522
3629,139.0,138.93704044502522
14980,140.0,138.93704044502522
12045,143.0,138.93704044502522
15258,140.0,138.93704044502522
19739,141.0,139.14008729353003
16835,141.0,138.93704044502522
19533,139.0,138.93704044502522
7674,140.0,138.93704044502522
1814,144.0,139.27858681551055
11969,138.0,138.93704044502522
15788,139.0,138.93704044502522
20628,135.0,138.93704044502522
18247,142.0,138.93704044502522
16557,134.0,138.93704044502522
15426,137.0,138.93704044502522
13609,136.0,138.93704044502522
18839,137.0,138.93704044502522
5252,137.0,138.93704044502522
5089,137.0,138.93704044502522
10209,140.0,138.93704044502522
16178,139.0,138.93704044502522
19881,143.0,138.93704044502522
22977,138.0,138.93704044502522
7557,143.0,138.93704044502522
4920,140.0,138.93704044502522
8930,138.0,139.34917220484516
849,138.0,138.93704044502522
16862,137.0,138.93704044502522
5833,137.0,138.93704044502522
18466,142.0,138.93704044502522
22318,139.0,138.93704044502522
6961,148.0,138.93704044502522
11830,135.0,138.93704044502522
12753,137.0,138.93704044502522
344,138.0,138.93704044502522
16114,137.0,138.93704044502522
22023,139.0,138.93704044502522
15344,142.0,138.93704044502522
18373,138.0,138.93704044502522
16683,142.0,139.2696579398345
18742,137.0,138.93704044502522
11430,143.0,138.93704044502522
12039,138.0,138.93704044502522
19429,132.0,138.93704044502522
10830,141.0,138.93704044502522
15716,143.0,138.93704044502522
18043,141.0,138.93704044502522
16106,139.0,138.93704044502522
11939,141.0,139.27006837540435
6684,139.0,138.93704044502522
21353,138.0,138.8982894413094
948,139.0,138.93704044502522
10506,138.0,138.93704044502522
17838,135.0,138.93704044502522
22274,137.0,138.93704044502522
4929,140.0,138.93704044502522
824,140.0,138.93704044502522
12997,141.0,138.93704044502522
8115,144.0,138.93704044502522
212,133.0,138.93704044502522
22679,137.0,138.93704044502522
22097,140.0,138.93704044502522
19972,140.0,138.93704044502522
8463,140.0,139.23990712283458
20799,142.0,138.93704044502522
11125,140.0,138.93704044502522
20938,140.0,139.27284484723694
9262,139.0,138.9433589168251
5551,137.0,138.93704044502522
10811,140.0,138.93704044502522
15473,139.0,138.93704044502522
11331,140.0,139.05876018581696
7844,142.0,138.93704044502522
6144,143.0,138.93704044502522
19717,141.0,138.93704044502522
7686,134.0,138.93704044502522
5247,137.0,138.93704044502522
3725,143.0,138.93704044502522
12918,142.0,138.93704044502522
15840,142.0,138.93704044502522
12364,136.0,138.93704044502522
11344,143.0,138.93704044502522
6823,133.0,138.93704044502522
5738,141.0,138.93704044502522
1406,142.0,138.93704044502522
4363,138.0,138.93704044502522
2006,139.0,139.18741229581624
10214,130.0,138.93704044502522
9399,141.0,138.93704044502522
23717,142.0,138.93704044502522
2757,139.0,138.93704044502522
7009,140.0,138.93704044502522
1106,132.0,138.93704044502522
18801,142.0,138.93704044502522
2810,140.0,138.93704044502522
19636,137.0,138.93704044502522
11501,122.0,138.93704044502522
711,139.0,138.93704044502522
5331,140.0,138.93704044502522
654,138.0,138.93704044502522
17976,138.0,138.93704044502522
8592,140.0,139.2216064478728
12375,140.0,138.93704044502522
11814,141.0,138.93704044502522
13464,139.0,138.93704044502522
1866,141.0,139.13398970221485
8752,142.0,138.93704044502522
8385,141.0,138.93704044502522
12381,133.0,138.93704044502522
11096,138.0,138.93704044502522
10728,138.0,138.93704044502522
19730,149.0,138.93704044502522
14166,140.0,138.93704044502522
2734,140.0,138.93704044502522
22791,142.0,138.93704044502522
2478,136.0,138.93704044502522
13586,134.0,138.93704044502522
17765,135.0,138.93704044502522
22924,143.0,138.93704044502522
5674,135.0,138.87164505115345
4814,141.0,138.93704044502522
18028,138.0,138.93704044502522
19339,139.0,138.93704044502522
14551,141.0,138.93704044502522
23870,145.0,138.93704044502522
19495,138.0,138.93704044502522
614,140.0,138.93704044502522
6797,139.0,138.93704044502522
9246,144.0,138.93704044502522
19312,136.0,138.93704044502522
1923,138.0,139.51245805030567
12108,140.0,138.93704044502522
810,139.0,138.93704044502522
14037,142.0,138.93704044502522
1194,141.0,138.93704044502522
9206,144.0,138.93704044502522
11645,138.0,138.93704044502522
16468,139.0,138.93704044502522
919,139.0,138.93704044502522
13620,139.0,138.93704044502522
9312,126.0,138.93704044502522
11231,141.0,138.93704044502522
1886,138.0,138.93704044502522
9716,143.0,138.93704044502522
22291,137.0,138.94892920686135
20160,143.0,138.93704044502522
4366,137.0,138.93704044502522
15967,139.0,138.93704044502522
10425,133.0,138.93704044502522
17327,141.0,138.93704044502522
11947,138.0,138.93704044502522
15837,139.0,138.93704044502522
17753,141.0,138.93704044502522
1290,141.0,138.93704044502522
22770,140.0,138.93704044502522
1238,138.0,138.93704044502522
14897,141.0,138.93704044502522
10386,140.0,138.93704044502522
19118,131.0,138.93704044502522
22954,135.0,138.93704044502522
9735,139.0,139.30808644012328
14772,141.0,138.93704044502522
2727,139.0,138.93704044502522
21237,134.0,138.93704044502522
15916,135.0,138.93704044502522
23801,144.0,138.93704044502522
5745,135.0,138.93704044502522
12786,140.0,138.93704044502522
17941,142.0,138.93704044502522
972,137.0,138.93704044502522
21396,140.0,138.93704044502522
20064,143.0,138.93704044502522
5569,137.0,138.93704044502522
10568,142.0,139.05298176287562
20877,138.0,138.93704044502522
2207,133.0,138.93704044502522
151,139.0,138.93704044502522
17645,140.0,138.93704044502522
15872,135.0,138.93704044502522
12282,139.0,138.93704044502522
23795,140.0,138.93704044502522
4942,140.0,138.93704044502522
15053,141.0,138.94551030730733
21418,141.0,138.93704044502522
14942,138.0,138.87603386758525
19024,143.0,138.93704044502522
9809,138.0,138.93704044502522
1569,139.0,138.93704044502522
21865,139.0,138.93704044502522
2979,141.0,138.93704044502522
1510,142.0,139.71680851970294
18459,140.0,138.93704044502522
17084,135.0,138.93704044502522
1627,144.0,138.93704044502522
7787,142.0,138.93704044502522
1609,137.0,138.93704044502522
5985,139.0,138.93704044502522
3990,137.0,139.369016868184
22743,142.0,138.93704044502522
12247,142.0,138.93704044502522
6319,139.0,138.93704044502522
6368,142.0,138.93704044502522
8074,142.0,138.93704044502522
3838,142.0,138.93704044502522
2303,139.0,139.02588565076738
9502,138.0,139.09285133624905
787,138.0,139.1417600565496
18654,135.0,138.34214519146855
15130,140.0,138.93704044502522
23609,139.0,138.93704044502522
181,138.0,138.93704044502522
11109,139.0,138.93704044502522
5231,137.0,138.93704044502522
23363,140.0,138.93704044502522
21846,140.0,138.93704044502522
17312,140.0,138.93704044502522
21081,140.0,138.77936831663837
10600,138.0,138.93704044502522
14467,140.0,138.93704044502522
10186,140.0,138.93704044502522
14810,133.0,138.93704044502522
13988,130.0,138.93704044502522
19241,143.0,138.93704044502522
20899,135.0,138.93704044502522
18582,141.0,138.93704044502522
7143,139.0,138.93704044502522
6142,142.0,138.93704044502522
2586,140.0,138.93704044502522
18567,139.0,139.04102575630677
6407,142.0,138.93704044502522
10389,136.0,138.93704044502522
11464,137.0,138.93704044502522
1950,138.0,138.93704044502522
22822,137.0,138.93704044502522
2073,139.0,138.93704044502522
9487,140.0,138.93704044502522
14724,141.0,139.09948280150462
2356,131.0,138.93704044502522
17774,140.0,138.93704044502522
2669,140.0,138.93704044502522
8018,140.0,138.93704044502522
15244,140.0,138.93704044502522
1216,141.0,139.0087340942062
1101,135.0,138.93704044502522
10119,140.0,138.93704044502522
22354,140.0,139.44979048323492
8362,141.0,139.47211941282097
14387,138.0,138.93704044502522
6377,140.0,138.93704044502522
12255,140.0,138.93704044502522
10170,138.0,138.93704044502522
3197,151.0,138.93704044502522
9227,141.0,138.93704044502522
21024,140.0,138.93704044502522
23531,140.0,138.93704044502522
16162,136.0,138.93704044502522
16967,142.0,138.93704044502522
14227,143.0,139.06932384413824
1386,140.0,138.93704044502522
6869,140.0,138.93704044502522
12172,144.0,138.93704044502522
23158,130.0,138.93704044502522
18252,141.0,138.93704044502522
9508,139.0,138.99670194579943
20303,138.0,138.93704044502522
17060,135.0,138.92261316871534
10663,141.0,138.93704044502522
22479,135.0,138.93704044502522
22313,139.0,138.93704044502522
20507,141.0,138.93704044502522
6068,143.0,138.93704044502522
8669,140.0,138.93704044502522
6832,135.0,138.93704044502522
435,135.0,138.93704044502522
1790,137.0,138.93704044502522
23850,134.0,138.93704044502522
4543,135.0,138.93704044502522
22799,145.0,138.93704044502522
4744,139.0,138.93704044502522
16122,141.0,138.93704044502522
3455,139.0,138.93704044502522
7911,142.0,138.93704044502522
18190,135.0,138.93704044502522
1631,142.0,138.93704044502522
14721,138.0,138.93704044502522
20867,138.0,138.92210196028833
8396,128.0,138.93704044502522
10092,137.0,138.93704044502522
7525,138.0,138.93704044502522
13095,141.0,138.93704044502522
23617,144.0,138.93704044502522
5532,140.0,138.93704044502522
14062,144.0,138.93704044502522
16403,139.0,138.93704044502522
8821,138.0,138.93704044502522
17170,140.0,138.93704044502522
1051,142.0,138.93704044502522
6482,140.0,138.93704044502522
5194,139.0,138.93704044502522
12884,138.0,139.16165787426408
14659,141.0,138.93704044502522
22832,139.0,138.93704044502522
13600,141.0,138.93704044502522
4040,139.0,138.93704044502522
14914,137.0,138.93704044502522
13255,135.0,138.93704044502522
12744,139.0,138.93704044502522
2109,131.0,138.93704044502522
196,140.0,138.93704044502522
10685,137.0,138.82664507980587
2921,138.0,138.93704044502522
8511,141.0,138.93704044502522
15759,138.0,139.52217921649222
5462,141.0,138.93704044502522
14438,137.0,138.93704044502522
23423,138.0,138.93704044502522
13549,142.0,138.93704044502522
4393,139.0,138.93704044502522
16508,127.0,138.93704044502522
22661,138.0,138.93704044502522
5562,139.0,138.93704044502522
5980,144.0,138.93704044502522
14738,137.0,138.93704044502522
18893,141.0,138.93704044502522
1547,138.0,138.93704044502522
17322,138.0,138.93704044502522
2039,140.0,138.93704044502522
11059,140.0,138.93704044502522
19776,139.0,139.760655601813
6835,135.0,138.93704044502522
20024,139.0,138.93704044502522
21904,144.0,138.93704044502522
9490,138.0,138.93704044502522
9669,136.0,138.93704044502522
5171,139.0,138.93704044502522
14851,138.0,138.93704044502522
6756,137.0,138.93704044502522
20631,139.0,138.93704044502522
680,139.0,138.93704044502522
12099,141.0,138.93704044502522
2950,141.0,138.93704044502522
13826,141.0,138.93704044502522
4889,136.0,138.93704044502522
14059,141.0,138.93704044502522
15165,139.0,138.93704044502522
6547,136.0,138.93704044502522
12491,141.0,138.93704044502522
11634,136.0,138.93704044502522
21918,138.0,138.93704044502522
1960,136.0,138.93704044502522
20070,136.0,139.07067414159164
2613,138.0,138.93704044502522
22102,132.0,138.93704044502522
12122,144.0,138.93704044502522
23722,143.0,138.93704044502522
23434,138.0,138.93704044502522
12344,142.0,138.93704044502522
23041,136.0,138.93704044502522
3330,142.0,138.93704044502522
10141,138.0,139.55416924318808
21051,128.0,138.93704044502522
19112,144.0,138.93704044502522
11563,139.0,138.93704044502522
19092,142.0,138.93704044502522
16599,136.0,138.93704044502522
13031,140.0,138.93704044502522
14506,137.0,138.93704044502522
3408,138.0,138.93704044502522
19915,136.0,138.93704044502522
11660,142.0,138.93704044502522
43,138.0,138.93704044502522
23691,134.0,138.93704044502522
1181,139.0,138.93704044502522
8445,142.0,138.93704044502522
17685,137.0,138.93704044502522
4301,141.0,138.93704044502522
5056,140.0,138.93704044502522
23403,142.0,138.93704044502522
18427,139.0,138.93704044502522
5713,140.0,138.93704044502522
4497,139.0,138.93704044502522
23516,137.0,138.93704044502522
13038,137.0,138.93704044502522
15548,139.0,138.93704044502522
19257,142.0,138.93704044502522
20676,137.0,138.93704044502522
21239,136.0,138.93704044502522
8406,138.0,138.93704044502522
10839,140.0,138.93704044502522
16061,144.0,138.93704044502522
5262,141.0,139.0705417207334
10743,140.0,138.92740432358104
18642,139.0,138.89407867142347
18400,132.0,138.93704044502522
14230,138.0,139.8281678860337
8706,139.0,138.93704044502522
12037,140.0,138.93704044502522
22431,139.0,138.93704044502522
6929,133.0,139.01117159064827
3771,146.0,138.93704044502522
15911,140.0,138.93704044502522
17734,139.0,138.93704044502522
13243,140.0,138.93704044502522
23031,142.0,138.93704044502522
9938,140.0,138.93674921058926
3686,143.0,139.6637499006492
20198,141.0,138.93704044502522
23707,142.0,138.93704044502522
2548,140.0,138.93704044502522
1969,141.0,138.93704044502522
22310,140.0,138.93704044502522
23285,141.0,138.93704044502522
2406,133.0,138.93704044502522
115,139.0,138.93704044502522
17702,145.0,138.93704044502522
147,139.0,138.93704044502522
20927,139.0,138.89991916514623
15785,137.0,138.93704044502522
3542,139.0,138.93704044502522
5820,138.0,139.10481434735726
10366,135.0,138.93704044502522
7215,143.0,138.93704044502522
22728,140.0,138.93704044502522
23195,138.0,138.93704044502522
15389,131.0,138.93704044502522
8198,140.0,138.93704044502522
12666,137.0,138.93704044502522
18516,140.0,138.93704044502522
8044,142.0,138.93704044502522
85,136.0,138.93704044502522
12340,139.0,138.93704044502522
206,139.0,138.93704044502522
3813,141.0,138.93704044502522
14697,139.0,138.93704044502522
11625,134.0,138.93704044502522
846,139.0,138.93704044502522
11951,141.0,138.93704044502522
12771,140.0,138.93704044502522
12866,138.0,138.93704044502522
11107,144.0,138.93704044502522
21666,136.0,138.93704044502522
22590,142.0,138.93704044502522
3556,132.0,138.93704044502522
16206,140.0,138.93704044502522
22715,141.0,138.93704044502522
22082,142.0,138.93704044502522
22555,142.0,138.93704044502522
6860,136.0,138.93704044502522
11942,140.0,138.93704044502522
10900,138.0,138.93704044502522
15646,135.0,138.93704044502522
16799,141.0,138.93704044502522
10719,145.0,138.93704044502522
21874,137.0,138.93704044502522
17811,139.0,138.93704044502522
7680,135.0,138.93704044502522
942,140.0,138.93704044502522
6494,141.0,138.93704044502522
16054,137.0,138.67264100198543
22940,138.0,138.93704044502522
20762,134.0,138.93704044502522
18154,139.0,138.93704044502522
11651,139.0,138.93704044502522
19964,143.0,138.93704044502522
15590,136.0,138.93704044502522
16956,140.0,138.93704044502522
5739,141.0,138.93704044502522
18315,139.0,138.93704044502522
18719,141.0,138.93704044502522
6995,140.0,138.93704044502522
2360,130.0,138.93704044502522
18973,136.0,138.93704044502522
14490,131.0,138.93704044502522
1122,137.0,138.93704044502522
1146,140.0,138.93704044502522
11441,144.0,138.93704044502522
11533,140.0,138.93704044502522
11009,139.0,138.93704044502522
22099,134.0,138.93704044502522
9925,139.0,138.93704044502522
2415,141.0,138.93704044502522
13132,139.0,138.93704044502522
14603,139.0,138.93704044502522
14275,137.0,139.02953017114243
894,143.0,138.93704044502522
2904,142.0,138.98095133801652
5010,142.0,138.93704044502522
3715,141.0,138.93704044502522
