,y_test,prediction
446,4.2,5.81855411304265
6137,0.33,5.81855411304265
19016,0.32,5.81855411304265
23909,2.64,5.81855411304265
12609,5.3,5.81855411304265
17284,3.57,5.81855411304265
6782,0.03,5.81855411304265
14538,2.91,5.81855411304265
13141,3.88,5.81855411304265
11423,8.97,5.81855411304265
5251,8.14,5.81855411304265
18639,6.8,3.5662000000000003
21216,2.19,5.81855411304265
19339,4.18,5.81855411304265
14177,3.35,5.2813000000000025
8617,15.74,5.81855411304265
737,2.03,5.81855411304265
1546,2.24,5.81855411304265
2075,3.31,5.81855411304265
7967,7.95,5.81855411304265
20166,4.27,5.81855411304265
13861,4.06,3.7620000000000027
1697,7.07,5.81855411304265
9876,10.72,5.81855411304265
10891,19.74,5.81855411304265
11785,3.92,5.81855411304265
6513,6.92,5.81855411304265
19546,5.52,5.81855411304265
5241,8.72,5.81855411304265
11608,4.76,5.81855411304265
20093,0.01,5.81855411304265
13667,4.72,5.81855411304265
4015,3.27,3.6094000000000017
23521,11.25,5.81855411304265
6239,7.6,5.81855411304265
12701,2.66,5.81855411304265
5352,16.75,5.81855411304265
10779,9.18,5.81855411304265
5503,8.6,5.81855411304265
3441,0.75,5.81855411304265
14530,4.38,5.81855411304265
12097,4.54,5.81855411304265
11316,6.44,5.81855411304265
557,46.67,5.81855411304265
9295,4.24,5.81855411304265
2490,5.89,5.81855411304265
16960,8.13,5.81855411304265
23641,4.29,5.81855411304265
17452,0.96,5.81855411304265
589,5.89,5.81855411304265
16063,13.46,5.81855411304265
9943,4.37,5.81855411304265
13128,5.6,5.81855411304265
6017,8.29,5.81855411304265
1381,5.49,5.81855411304265
11511,2.44,5.81855411304265
14147,3.55,5.81855411304265
7687,5.58,5.81855411304265
21221,2.14,5.81855411304265
7891,0.01,5.81855411304265
4536,9.48,5.81855411304265
10305,0.29,5.81855411304265
16978,0.22,5.81855411304265
21493,3.05,5.81855411304265
21539,5.16,5.81855411304265
5963,4.99,5.81855411304265
338,8.08,5.81855411304265
12631,2.39,5.81855411304265
20247,3.14,5.81855411304265
15480,1.21,5.81855411304265
20523,1.55,5.81855411304265
2886,3.16,5.81855411304265
7856,3.78,5.81855411304265
17304,0.31,5.81855411304265
2188,7.58,5.81855411304265
12684,3.06,5.81855411304265
9059,3.63,5.81855411304265
22695,11.79,5.81855411304265
2276,4.15,5.81855411304265
10569,2.94,3.108199999999998
23456,4.97,5.81855411304265
22761,3.94,5.81855411304265
15112,8.55,5.81855411304265
8184,13.34,5.81855411304265
15976,8.64,5.81855411304265
9994,2.48,5.81855411304265
17301,3.33,5.81855411304265
3691,2.54,5.81855411304265
20587,6.48,5.81855411304265
9266,9.62,5.81855411304265
4941,8.82,5.81855411304265
13537,7.83,5.81855411304265
16862,3.92,5.81855411304265
2773,4.7,5.81855411304265
2634,2.8,5.81855411304265
9895,5.5,5.81855411304265
9906,4.16,5.81855411304265
11643,9.86,5.81855411304265
2500,15.03,5.81855411304265
22015,2.24,5.81855411304265
6097,5.99,5.81855411304265
4872,18.53,5.81855411304265
10936,9.3,5.81855411304265
20702,1.6,5.81855411304265
3899,3.96,5.81855411304265
805,1.27,5.81855411304265
5062,4.94,5.81855411304265
5600,10.16,5.81855411304265
1506,5.08,5.81855411304265
9384,6.84,5.81855411304265
6871,8.05,5.81855411304265
1591,4.62,5.81855411304265
4989,2.66,5.81855411304265
19003,6.22,5.81855411304265
14471,35.12,5.81855411304265
5692,5.18,3.3162999999999982
16943,2.86,5.81855411304265
15331,8.89,3.5846999999999998
11335,6.68,5.81855411304265
2812,7.08,5.81855411304265
18409,4.2,5.81855411304265
5862,4.31,5.81855411304265
189,2.59,5.81855411304265
6444,4.5,5.81855411304265
14909,7.64,5.81855411304265
1948,6.62,5.81855411304265
17811,4.27,5.81855411304265
22262,4.23,3.3952000000000004
19767,7.07,5.81855411304265
5564,2.43,5.81855411304265
5820,2.28,2.874300000000001
20739,10.25,5.81855411304265
23548,5.13,5.81855411304265
17249,4.3,5.81855411304265
19719,2.16,5.81855411304265
8232,4.86,5.81855411304265
22487,3.05,5.81855411304265
5460,3.73,5.81855411304265
23760,3.63,5.81855411304265
9339,1.81,5.81855411304265
6832,3.73,5.81855411304265
4435,4.13,4.000699999999998
9201,4.14,5.81855411304265
3901,4.92,5.81855411304265
19545,7.32,5.81855411304265
2766,33.13,5.81855411304265
20184,3.99,5.81855411304265
11733,3.64,5.81855411304265
10192,3.55,3.4127000000000023
6781,0.03,5.81855411304265
8011,3.19,3.5979
22021,6.39,5.81855411304265
818,0.5,5.81855411304265
5086,8.85,5.81855411304265
10441,2.41,5.81855411304265
22310,4.28,5.81855411304265
3285,7.44,5.81855411304265
21147,4.78,5.81855411304265
13044,4.08,5.81855411304265
23878,4.36,5.81855411304265
17398,10.8,5.81855411304265
7071,7.45,5.81855411304265
17826,3.7,5.81855411304265
12998,4.01,5.81855411304265
20586,3.55,5.81855411304265
20097,0.01,5.81855411304265
20220,5.17,5.81855411304265
4336,3.83,3.7065000000000015
21111,11.05,6.163082498169955
2980,2.59,5.81855411304265
19860,2.21,5.81855411304265
18559,5.44,5.81855411304265
8047,6.28,5.81855411304265
4330,6.61,5.81855411304265
6028,1.65,5.81855411304265
15049,6.72,5.81855411304265
23227,3.21,5.81855411304265
11443,3.33,5.81855411304265
19811,6.78,5.81855411304265
12141,5.49,5.81855411304265
20252,3.48,5.81855411304265
7671,4.73,5.81855411304265
20767,5.26,5.81855411304265
12464,4.67,5.81855411304265
12177,4.43,5.81855411304265
13254,5.52,5.81855411304265
20725,5.43,5.81855411304265
5249,10.1,5.81855411304265
7661,2.5,5.81855411304265
23046,3.84,5.81855411304265
17236,4.73,5.81855411304265
22210,3.57,5.81855411304265
14228,4.21,5.81855411304265
6657,5.15,5.81855411304265
18947,4.75,5.81855411304265
15224,16.57,5.81855411304265
316,5.19,5.81855411304265
20952,0.02,5.81855411304265
14619,5.93,5.81855411304265
9658,4.05,5.81855411304265
1681,3.31,5.81855411304265
13642,6.61,3.0430999999999995
17167,10.01,5.81855411304265
7845,5.29,5.81855411304265
20957,0.04,5.81855411304265
12432,5.02,5.81855411304265
21293,14.79,5.81855411304265
17974,10.94,5.81855411304265
12198,4.76,5.81855411304265
11516,0.02,3.4636999999999984
23216,3.34,5.81855411304265
5050,2.61,5.81855411304265
14156,3.15,5.81855411304265
3918,8.07,5.81855411304265
13612,7.99,5.81855411304265
6910,3.36,5.81855411304265
20671,2.08,5.81855411304265
787,3.73,4.0564
280,9.8,5.81855411304265
21806,3.7,5.81855411304265
2557,18.16,5.81855411304265
10191,2.09,4.389
20157,0.04,5.81855411304265
8253,6.82,5.81855411304265
6112,1.34,5.81855411304265
3629,6.05,5.81855411304265
7907,0.0,5.81855411304265
22313,3.36,5.81855411304265
15285,3.99,4.2103
14966,4.26,5.81855411304265
9646,2.28,5.81855411304265
22538,3.12,5.81855411304265
8754,4.16,5.81855411304265
6477,5.05,5.81855411304265
18146,5.22,5.81855411304265
17455,0.91,5.81855411304265
21610,3.21,5.81855411304265
4317,5.97,5.81855411304265
20730,2.21,5.81855411304265
18751,9.73,5.81855411304265
18220,8.17,5.81855411304265
2945,2.5,5.81855411304265
11987,3.38,5.81855411304265
12753,11.73,5.81855411304265
18362,4.43,5.81855411304265
10838,8.86,5.81855411304265
8912,0.49,5.81855411304265
11488,4.83,5.81855411304265
10116,16.97,5.81855411304265
8802,4.2,5.414099999999999
20817,9.88,5.81855411304265
23823,5.28,5.81855411304265
19972,40.35,5.81855411304265
13432,0.46,5.81855411304265
16918,4.24,5.81855411304265
14365,4.72,5.81855411304265
11731,2.73,5.81855411304265
15669,6.52,5.81855411304265
15798,3.48,5.81855411304265
10977,30.62,5.81855411304265
22541,4.35,5.81855411304265
21472,3.23,5.81855411304265
18466,3.51,5.81855411304265
1773,3.9,5.81855411304265
13517,6.36,5.81855411304265
6012,12.24,5.81855411304265
216,2.89,5.81855411304265
4444,8.49,5.81855411304265
16085,8.91,5.81855411304265
20787,7.77,5.81855411304265
18773,8.31,5.81855411304265
20382,2.45,5.81855411304265
19960,7.0,5.81855411304265
2414,4.46,5.81855411304265
85,2.2,5.81855411304265
15378,3.79,5.81855411304265
11562,9.14,5.81855411304265
1656,6.58,5.81855411304265
1684,5.11,5.81855411304265
2105,0.35,5.81855411304265
15438,2.11,5.81855411304265
18622,3.04,6.1997088813151535
23166,2.98,5.81855411304265
15363,4.26,5.81855411304265
22410,2.49,5.81855411304265
11328,13.36,5.81855411304265
9367,3.34,5.81855411304265
1515,4.37,5.81855411304265
851,3.53,5.81855411304265
3491,3.97,5.81855411304265
23337,4.58,5.81855411304265
23593,3.34,5.81855411304265
13840,13.6,5.81855411304265
15625,6.88,5.81855411304265
8696,7.75,5.81855411304265
12717,6.05,5.81855411304265
18147,13.16,5.81855411304265
22764,3.67,5.81855411304265
20409,6.11,5.81855411304265
15361,7.02,5.81855411304265
8543,2.95,5.81855411304265
2147,9.24,5.81855411304265
9361,1.29,5.81855411304265
13859,2.21,5.81855411304265
19116,3.68,5.81855411304265
23173,5.69,5.81855411304265
3275,4.11,5.81855411304265
18825,8.81,5.81855411304265
16513,7.67,5.81855411304265
9772,4.37,5.81855411304265
4836,3.14,5.81855411304265
18580,18.77,5.81855411304265
1924,5.36,3.4598999999999993
18782,0.52,3.7571000000000008
14922,6.62,3.6047000000000002
135,3.5,5.81855411304265
22085,4.67,5.81855411304265
11690,16.29,5.81855411304265
17745,7.74,5.81855411304265
9270,5.24,5.81855411304265
12494,7.51,5.81855411304265
14766,1.49,5.81855411304265
19511,3.82,3.892600000000001
17295,17.16,5.81855411304265
13986,7.29,5.81855411304265
1659,5.31,5.81855411304265
70,5.76,2.8832999999999998
320,3.31,5.81855411304265
13282,9.8,5.81855411304265
17971,13.42,5.81855411304265
17577,5.89,5.81855411304265
23079,7.11,5.81855411304265
6856,3.73,5.81855411304265
9735,2.89,3.5211999999999986
14043,0.97,5.81855411304265
4681,3.26,5.81855411304265
1122,8.86,5.81855411304265
10398,1.74,3.3522000000000016
11928,3.55,5.81855411304265
4346,3.96,4.4277999999999995
11684,7.72,5.81855411304265
11800,3.19,5.81855411304265
16116,10.82,5.81855411304265
5049,5.19,4.0102
2572,7.04,5.81855411304265
12371,2.42,5.81855411304265
1915,4.17,5.81855411304265
281,12.65,5.81855411304265
23753,3.74,5.81855411304265
21034,0.5,5.81855411304265
15576,1.68,5.81855411304265
17189,2.01,5.81855411304265
11921,5.57,5.81855411304265
4889,4.51,5.81855411304265
23035,2.68,5.81855411304265
21376,3.16,5.81855411304265
13869,5.73,5.81855411304265
3262,5.25,5.81855411304265
5046,5.95,5.81855411304265
19194,4.51,5.81855411304265
5807,2.69,5.81855411304265
2430,4.46,4.909300000000003
7238,2.74,5.81855411304265
16276,6.36,5.81855411304265
309,0.95,5.81855411304265
11031,2.7,5.81855411304265
5810,3.7,5.81855411304265
18100,3.07,5.81855411304265
1489,2.43,5.81855411304265
22479,6.45,5.81855411304265
18197,0.79,5.81855411304265
6365,6.09,3.945500000000002
154,4.55,5.81855411304265
23272,2.78,5.81855411304265
1917,3.06,5.81855411304265
14996,6.26,5.81855411304265
4281,0.56,5.81855411304265
10533,8.75,5.81855411304265
3429,2.75,5.81855411304265
13126,5.99,5.81855411304265
7311,9.54,5.81855411304265
11354,2.2,5.81855411304265
22881,3.45,5.81855411304265
15929,2.43,5.81855411304265
19314,1.95,5.81855411304265
2201,12.63,5.81855411304265
20124,19.92,5.81855411304265
6336,5.11,5.81855411304265
8880,2.36,5.81855411304265
8595,2.8,3.7744500000000003
22618,4.65,5.81855411304265
23890,6.17,5.81855411304265
17906,1.57,5.81855411304265
19396,1.49,5.81855411304265
15881,2.37,3.3796
23401,4.27,5.81855411304265
15665,8.07,5.81855411304265
910,5.82,5.81855411304265
15511,2.64,5.81855411304265
16341,2.55,5.81855411304265
5109,1.85,5.81855411304265
5985,12.44,5.81855411304265
13828,6.29,5.81855411304265
15362,6.85,5.81855411304265
2047,4.62,3.717800000000001
1166,5.85,5.81855411304265
20236,5.08,5.81855411304265
20146,0.09,5.81855411304265
21627,8.27,5.81855411304265
8615,16.6,3.778399999999999
19330,2.64,5.81855411304265
103,3.57,5.81855411304265
23746,1.9,5.81855411304265
6122,5.41,3.3936
22753,3.09,5.81855411304265
4574,2.58,5.81855411304265
11908,13.54,5.81855411304265
14550,4.76,5.81855411304265
23197,3.98,5.81855411304265
8885,2.7,5.81855411304265
7679,2.85,5.81855411304265
4211,6.07,5.81855411304265
7818,0.69,5.81855411304265
23977,2.29,5.81855411304265
18410,4.41,5.81855411304265
10476,4.25,5.81855411304265
8060,9.9,5.81855411304265
21909,2.7,5.81855411304265
12375,1.55,5.81855411304265
10940,8.86,5.81855411304265
8435,3.72,5.81855411304265
7913,0.01,5.81855411304265
18776,0.55,5.81855411304265
20838,7.25,5.81855411304265
4907,4.45,5.81855411304265
22428,3.3,5.81855411304265
16967,2.13,5.81855411304265
2013,17.58,5.81855411304265
3804,8.72,5.81855411304265
2916,3.97,5.81855411304265
13781,5.17,5.81855411304265
6405,0.66,5.81855411304265
13765,3.72,5.81855411304265
23135,4.32,5.81855411304265
14860,4.37,5.81855411304265
8808,3.87,4.437799999999997
16779,10.26,5.81855411304265
23527,4.26,5.81855411304265
6484,3.57,5.81855411304265
12666,8.13,5.81855411304265
8658,7.06,5.81855411304265
11102,51.56,5.81855411304265
1313,5.98,5.81855411304265
5311,3.46,3.5328999999999993
18224,7.61,5.81855411304265
17838,3.66,5.81855411304265
681,5.74,5.81855411304265
1835,3.11,4.78898519046649
526,4.45,5.81855411304265
12907,11.92,5.81855411304265
6397,2.01,5.81855411304265
10713,8.03,5.81855411304265
22706,2.94,5.81855411304265
17170,9.25,5.81855411304265
21393,3.95,4.2248342364037725
22952,1.82,5.81855411304265
3570,2.77,5.81855411304265
16773,3.66,5.81855411304265
1956,6.42,5.81855411304265
22363,4.13,5.81855411304265
21899,4.9,3.9569342364037716
6890,5.46,5.81855411304265
23118,2.35,5.81855411304265
22333,8.28,5.81855411304265
4048,6.82,5.81855411304265
16689,1.87,5.81855411304265
15914,2.13,5.81855411304265
23628,4.88,5.81855411304265
18470,3.29,5.81855411304265
9797,22.5,5.81855411304265
13008,10.75,5.81855411304265
20925,7.11,5.81855411304265
18468,4.47,5.81855411304265
23882,3.87,5.81855411304265
9243,4.61,5.81855411304265
22642,4.63,5.81855411304265
1334,8.62,5.1728999999999985
11606,6.01,5.81855411304265
3035,9.78,5.81855411304265
5753,2.7,5.81855411304265
22904,10.13,5.81855411304265
6253,8.03,5.81855411304265
18317,4.16,5.81855411304265
6877,7.63,5.81855411304265
6945,9.05,5.81855411304265
1794,4.17,5.81855411304265
10664,0.65,5.81855411304265
23498,6.74,5.81855411304265
21012,0.91,5.81855411304265
9520,15.53,5.81855411304265
3942,2.96,5.81855411304265
13675,2.5,5.81855411304265
5344,3.68,5.81855411304265
1434,7.43,5.81855411304265
16972,2.28,5.81855411304265
22801,6.81,5.81855411304265
21011,4.41,5.81855411304265
8962,4.24,5.81855411304265
13563,15.26,5.81855411304265
14673,5.93,5.234100000000003
14012,11.8,5.81855411304265
22057,3.38,5.81855411304265
3678,11.2,5.81855411304265
13608,7.19,5.81855411304265
15573,7.62,5.81855411304265
2554,15.69,5.81855411304265
6167,3.79,5.81855411304265
11815,3.15,5.81855411304265
13187,4.43,5.81855411304265
8825,4.21,5.81855411304265
8068,7.85,5.81855411304265
7096,5.17,5.81855411304265
15188,2.34,5.81855411304265
1757,7.08,5.81855411304265
17321,4.24,5.81855411304265
22641,3.68,5.81855411304265
1125,5.21,5.81855411304265
12884,9.23,3.7131000000000016
15458,10.25,5.81855411304265
22145,2.66,5.81855411304265
14488,0.01,5.81855411304265
13350,18.49,5.81855411304265
22879,6.49,5.81855411304265
23971,5.86,5.81855411304265
1130,2.56,5.81855411304265
7093,11.0,5.81855411304265
22214,2.36,5.81855411304265
17916,9.5,5.81855411304265
8086,2.65,5.81855411304265
15840,3.12,5.81855411304265
22269,5.22,5.81855411304265
12003,1.62,5.81855411304265
17062,5.65,5.81855411304265
13988,6.33,5.81855411304265
8759,2.63,5.81855411304265
301,0.5,5.81855411304265
2951,2.52,5.81855411304265
2654,5.41,5.81855411304265
16688,8.94,5.81855411304265
22164,2.98,3.647
9014,7.0,4.3025
14217,17.34,5.81855411304265
675,3.91,5.81855411304265
10760,4.57,5.81855411304265
9161,3.8,5.81855411304265
6169,2.09,5.81855411304265
265,9.3,5.81855411304265
10516,1.16,2.8112999999999992
23485,8.59,5.81855411304265
21150,4.64,5.81855411304265
11746,4.29,5.81855411304265
5815,2.92,3.664500000000001
21274,2.5,5.81855411304265
14625,3.28,5.81855411304265
8973,80.34,5.81855411304265
15543,8.93,5.81855411304265
2078,2.72,5.81855411304265
20114,4.46,5.81855411304265
13815,2.26,5.81855411304265
15874,3.98,5.81855411304265
15696,9.29,5.81855411304265
20885,23.15,5.81855411304265
16333,33.18,5.81855411304265
19011,0.39,5.81855411304265
21144,4.89,5.81855411304265
6894,4.72,5.81855411304265
11131,3.5,3.1744
21019,0.78,5.81855411304265
11038,3.05,5.81855411304265
21063,0.22,5.81855411304265
22561,4.35,5.81855411304265
18959,0.47,5.81855411304265
712,0.23,5.81855411304265
17564,2.31,5.81855411304265
9379,5.06,5.81855411304265
14576,5.03,5.81855411304265
23678,3.13,5.81855411304265
14200,3.76,5.81855411304265
23094,1.9,5.81855411304265
7343,5.62,5.81855411304265
6702,11.99,5.81855411304265
19726,5.3,5.81855411304265
23327,7.25,5.81855411304265
5219,2.72,5.81855411304265
4539,9.24,5.81855411304265
6872,5.12,5.81855411304265
23612,6.3,5.81855411304265
20267,2.93,5.81855411304265
12321,2.91,5.81855411304265
6812,0.01,5.81855411304265
8178,7.02,5.81855411304265
15535,14.78,5.81855411304265
17012,2.31,5.81855411304265
4738,4.64,5.81855411304265
15390,6.1,5.81855411304265
19126,3.3,3.5845999999999982
1408,5.66,5.81855411304265
18536,12.47,5.81855411304265
17829,2.98,5.81855411304265
166,12.51,5.81855411304265
15556,1.76,5.81855411304265
5419,4.9,5.81855411304265
11695,5.8,5.81855411304265
19993,0.29,5.81855411304265
6427,4.11,5.81855411304265
21412,4.65,5.81855411304265
23980,7.45,5.81855411304265
3552,3.93,4.721
22685,3.41,5.81855411304265
18760,11.02,5.81855411304265
14193,5.67,5.81855411304265
21993,0.03,5.81855411304265
20618,2.44,3.1300000000000017
5744,3.32,4.469228571428572
14854,2.98,4.009700000000002
21024,1.43,5.81855411304265
6019,7.5,5.81855411304265
11413,1.28,5.81855411304265
19921,6.44,5.81855411304265
5992,2.2,5.81855411304265
22840,3.07,5.81855411304265
9784,5.92,5.81855411304265
15181,3.43,5.81855411304265
1962,4.86,5.81855411304265
2620,4.05,5.81855411304265
15887,4.87,5.81855411304265
11569,4.31,5.81855411304265
1054,4.04,5.81855411304265
13230,8.52,5.81855411304265
21427,2.34,3.903899999999999
2573,6.84,5.81855411304265
17620,3.73,5.81855411304265
19375,9.23,5.81855411304265
12165,11.47,5.81855411304265
15084,2.7,5.81855411304265
11851,5.03,5.81855411304265
2397,2.98,5.81855411304265
16684,6.73,5.81855411304265
4263,5.5,5.81855411304265
20081,4.28,5.81855411304265
7676,2.95,5.81855411304265
16666,1.76,5.81855411304265
11471,2.94,5.81855411304265
7712,5.62,5.81855411304265
21267,2.13,5.921300000000001
17992,11.01,5.81855411304265
8393,3.54,5.81855411304265
16566,5.35,5.81855411304265
1219,4.32,5.81855411304265
15343,11.96,5.81855411304265
17887,2.64,5.81855411304265
7537,3.39,3.692099999999999
23712,2.89,5.81855411304265
21915,0.6,5.81855411304265
18341,2.69,2.967200000000001
299,0.95,5.81855411304265
1646,8.48,5.81855411304265
13818,5.69,5.81855411304265
3707,4.46,5.81855411304265
5201,4.68,5.81855411304265
5558,5.06,5.81855411304265
16759,6.93,5.81855411304265
23648,5.51,5.81855411304265
8852,7.9,5.81855411304265
531,5.39,5.81855411304265
1236,10.77,5.81855411304265
2469,2.36,5.81855411304265
11859,2.78,5.81855411304265
14299,7.02,5.81855411304265
4644,8.54,5.81855411304265
20271,4.0,3.9677999999999995
9817,9.2,5.81855411304265
13428,0.26,5.81855411304265
10025,4.93,5.81855411304265
9135,1.74,5.81855411304265
18164,4.15,5.81855411304265
13158,4.76,5.81855411304265
10714,13.75,5.81855411304265
23152,5.55,5.81855411304265
22965,3.87,5.81855411304265
12039,4.69,5.81855411304265
5960,11.68,5.81855411304265
6123,2.52,5.81855411304265
3395,18.11,5.81855411304265
6109,0.9,5.81855411304265
7091,2.65,5.81855411304265
22589,4.64,5.81855411304265
4633,3.33,5.81855411304265
22352,5.53,3.6748000000000007
18133,3.32,5.81855411304265
554,24.42,5.81855411304265
21987,0.45,5.81855411304265
20522,2.16,5.81855411304265
15384,8.71,5.81855411304265
13924,5.37,5.81855411304265
9798,22.61,5.81855411304265
18823,13.42,5.81855411304265
11128,4.69,3.4099999999999993
12012,3.42,5.81855411304265
14164,5.16,5.81855411304265
9821,6.39,5.81855411304265
11287,2.32,5.81855411304265
14153,4.05,5.81855411304265
14751,4.63,5.81855411304265
23717,4.09,5.81855411304265
7900,0.09,5.81855411304265
12108,3.14,5.81855411304265
22247,2.94,5.81855411304265
16655,0.1,5.81855411304265
9330,1.97,5.81855411304265
19186,2.55,5.81855411304265
23723,2.87,5.81855411304265
10978,24.86,5.81855411304265
13723,0.01,5.81855411304265
2811,6.5,5.81855411304265
1303,6.59,5.81855411304265
17646,6.91,5.81855411304265
13677,1.77,5.81855411304265
1092,0.74,5.81855411304265
20543,6.83,5.81855411304265
16210,4.33,5.81855411304265
12189,1.91,5.81855411304265
3886,1.92,5.81855411304265
14659,3.6,5.81855411304265
7897,0.01,5.81855411304265
4134,1.97,5.81855411304265
23249,2.76,5.81855411304265
6389,3.48,5.81855411304265
23644,3.39,5.81855411304265
18940,15.16,5.81855411304265
18011,4.29,5.81855411304265
13908,8.78,5.81855411304265
21169,9.92,5.81855411304265
10661,0.25,5.81855411304265
11025,7.17,4.069900000000001
11792,3.76,5.81855411304265
22864,10.61,5.81855411304265
12015,3.61,5.81855411304265
22592,3.26,5.81855411304265
23428,0.62,5.81855411304265
6864,7.22,5.81855411304265
1123,11.57,5.81855411304265
853,6.17,5.81855411304265
7883,0.0,5.81855411304265
8340,6.23,5.81855411304265
6817,0.03,5.81855411304265
7065,3.9,5.81855411304265
793,3.32,5.81855411304265
8173,13.02,5.81855411304265
9232,9.26,5.81855411304265
15313,4.36,5.81855411304265
15265,5.95,5.81855411304265
11008,2.5,5.81855411304265
4008,5.83,5.81855411304265
306,0.72,5.81855411304265
4862,4.52,5.81855411304265
1116,9.7,5.81855411304265
23634,12.72,5.81855411304265
11636,8.45,5.81855411304265
4151,4.49,5.81855411304265
13375,4.99,5.81855411304265
9441,4.61,5.81855411304265
12495,6.52,5.81855411304265
4262,9.01,5.81855411304265
16683,2.26,4.374000000000001
13204,1.16,5.81855411304265
3693,2.6,5.81855411304265
7086,1.28,5.81855411304265
14697,5.59,5.81855411304265
22268,2.42,3.689600000000001
12711,8.54,5.81855411304265
3882,5.81,5.81855411304265
6412,3.77,5.81855411304265
10202,4.14,5.81855411304265
10553,3.14,3.4164000000000003
4884,3.63,3.883100000000001
15117,5.22,5.81855411304265
9099,4.44,5.81855411304265
16855,1.95,5.81855411304265
5747,3.53,5.81855411304265
23506,3.93,5.81855411304265
8140,8.56,5.81855411304265
919,4.98,5.81855411304265
16633,15.09,5.81855411304265
11578,7.99,5.81855411304265
12172,8.79,5.81855411304265
15947,7.18,5.81855411304265
8725,14.42,5.81855411304265
9414,5.54,5.81855411304265
23729,3.05,5.81855411304265
17881,4.06,5.81855411304265
61,6.08,5.81855411304265
10453,2.94,5.81855411304265
9184,1.93,5.81855411304265
7817,0.9,5.81855411304265
31,4.15,5.81855411304265
3563,14.38,5.81855411304265
4184,7.28,5.81855411304265
1157,6.91,5.5926833333333335
17972,9.83,5.81855411304265
5798,2.38,5.81855411304265
17317,0.01,5.81855411304265
9648,2.69,5.81855411304265
8644,6.59,4.208799999999997
8945,7.86,5.81855411304265
9824,6.29,5.81855411304265
1178,6.51,5.81855411304265
19188,7.24,5.81855411304265
10535,9.79,5.81855411304265
16647,24.36,5.81855411304265
12585,5.46,5.81855411304265
6949,7.69,5.81855411304265
22770,2.83,5.81855411304265
8248,7.55,5.81855411304265
2194,8.22,5.81855411304265
4141,2.85,3.0575
14632,4.29,5.81855411304265
23846,4.01,5.81855411304265
16879,3.48,5.81855411304265
9628,3.96,5.81855411304265
5881,4.05,3.1906999999999988
13273,3.61,5.81855411304265
19700,10.9,5.81855411304265
23432,0.7,5.81855411304265
7522,3.67,5.81855411304265
19026,3.53,5.81855411304265
20173,3.65,5.81855411304265
20794,7.11,5.81855411304265
10266,4.01,5.799194823395782
22509,7.43,5.81855411304265
23810,2.64,5.81855411304265
18644,3.07,5.81855411304265
663,5.85,5.81855411304265
14687,7.29,5.81855411304265
9083,7.47,4.726897153238563
18998,4.47,5.81855411304265
17749,5.94,5.81855411304265
3727,6.94,5.81855411304265
13836,3.33,5.81855411304265
1498,7.18,5.81855411304265
13241,3.45,5.81855411304265
7597,4.59,5.81855411304265
19045,15.59,5.81855411304265
22611,3.0,5.81855411304265
8583,8.08,5.81855411304265
13070,3.57,5.81855411304265
22836,3.29,5.81855411304265
3384,6.11,5.81855411304265
10619,4.21,5.81855411304265
291,3.55,5.81855411304265
15454,11.36,5.81855411304265
21691,3.31,5.81855411304265
17768,5.83,5.81855411304265
1482,2.97,5.81855411304265
16377,3.01,5.81855411304265
12890,4.57,5.81855411304265
17266,4.78,5.81855411304265
17057,1.22,5.81855411304265
14011,15.56,5.81855411304265
2129,6.26,5.81855411304265
22729,4.43,5.81855411304265
8772,4.19,5.81855411304265
13893,0.01,5.81855411304265
17751,5.4,5.81855411304265
3734,2.61,5.81855411304265
23262,5.82,5.81855411304265
19980,15.04,5.81855411304265
16528,4.3,5.81855411304265
612,3.29,5.81855411304265
23884,3.14,5.81855411304265
20170,4.2,5.81855411304265
3539,3.68,5.81855411304265
3582,5.1,5.81855411304265
12021,2.24,5.81855411304265
5128,0.55,5.81855411304265
14603,0.2,5.81855411304265
20674,1.47,5.81855411304265
20694,2.9,5.81855411304265
17387,4.05,5.81855411304265
1720,5.08,5.81855411304265
18907,16.5,5.81855411304265
19618,12.15,5.81855411304265
16310,3.03,3.3715
18251,1.66,3.5868
15602,2.84,3.751199999999999
10896,16.01,5.81855411304265
8559,0.41,5.81855411304265
11196,2.13,5.81855411304265
9334,1.39,5.81855411304265
5054,2.57,5.81855411304265
11919,6.69,5.81855411304265
7019,17.22,5.81855411304265
21266,4.16,5.81855411304265
23781,4.93,5.81855411304265
17670,5.91,5.81855411304265
21846,2.12,5.81855411304265
4379,5.44,5.81855411304265
778,2.17,5.81855411304265
18056,3.98,5.81855411304265
5952,5.59,5.81855411304265
19771,8.69,5.81855411304265
14610,4.15,5.81855411304265
8747,6.05,4.9198
12856,3.86,5.81855411304265
21259,5.77,5.81855411304265
337,8.21,5.81855411304265
11432,11.68,5.81855411304265
16404,1.76,5.81855411304265
15298,3.48,5.81855411304265
7564,3.19,5.81855411304265
6362,3.71,5.81855411304265
13154,5.45,5.81855411304265
22484,2.44,5.81855411304265
6325,5.04,5.81855411304265
19312,1.49,5.81855411304265
5212,4.57,5.81855411304265
3933,7.91,5.81855411304265
14112,2.03,5.1754
20942,9.23,5.81855411304265
11929,4.73,5.81855411304265
10384,7.07,5.81855411304265
7971,6.22,5.81855411304265
872,4.18,5.81855411304265
18108,5.56,5.81855411304265
19625,5.22,5.81855411304265
8331,3.97,5.81855411304265
9853,5.83,5.81855411304265
744,0.14,5.81855411304265
21739,5.45,5.81855411304265
18264,3.57,5.81855411304265
233,3.55,4.139899999999999
6072,13.43,5.81855411304265
5517,3.55,5.81855411304265
21178,2.75,5.81855411304265
12283,4.82,5.81855411304265
23519,4.14,5.81855411304265
11041,4.31,3.506400000000001
23870,1.75,5.81855411304265
22389,3.28,5.81855411304265
21388,3.18,3.333700000000002
13593,8.13,5.81855411304265
14065,4.13,5.81855411304265
15338,5.76,5.81855411304265
15276,3.02,5.81855411304265
10254,1.57,5.81855411304265
7433,5.45,5.81855411304265
14413,3.35,5.81855411304265
5233,12.22,5.81855411304265
10528,15.79,5.81855411304265
5588,3.01,5.81855411304265
15637,3.85,4.087300000000002
16060,3.64,5.81855411304265
22603,4.53,5.81855411304265
17153,5.93,5.81855411304265
19805,4.37,3.797299999999999
1306,9.15,5.81855411304265
4266,2.97,5.81855411304265
1941,2.62,5.81855411304265
5598,14.62,5.81855411304265
5296,8.92,5.81855411304265
17960,4.48,5.81855411304265
2631,2.67,5.81855411304265
17454,0.74,5.81855411304265
1021,3.39,5.81855411304265
9408,4.69,5.81855411304265
2655,6.11,5.81855411304265
18195,0.64,5.81855411304265
14448,3.01,4.2897025079657345
620,11.05,5.81855411304265
19249,4.82,3.235099999999999
579,3.47,5.81855411304265
18261,6.2,5.81855411304265
8503,2.44,5.81855411304265
12407,3.11,5.81855411304265
6455,1.72,5.81855411304265
13475,3.76,5.81855411304265
1789,6.35,5.81855411304265
23129,4.83,5.81855411304265
8270,17.22,5.81855411304265
21390,6.02,5.091716927710845
11012,4.7,5.81855411304265
23098,1.94,5.81855411304265
21087,4.39,4.027599999999999
18602,4.25,5.81855411304265
2590,3.54,5.81855411304265
23748,8.68,5.81855411304265
2386,4.84,5.81855411304265
15585,1.83,5.81855411304265
3977,6.72,5.81855411304265
21656,5.56,5.81855411304265
6434,8.57,5.81855411304265
18169,5.26,5.81855411304265
22704,1.63,5.81855411304265
22507,7.21,5.81855411304265
4580,12.1,5.81855411304265
23261,2.34,5.81855411304265
19475,3.39,5.81855411304265
556,38.97,5.81855411304265
7489,5.46,5.81855411304265
6809,0.02,5.81855411304265
5275,2.54,5.81855411304265
21485,3.66,5.084200000000004
1867,4.09,5.81855411304265
4455,1.4,5.81855411304265
735,2.8,5.81855411304265
14133,0.0,5.81855411304265
1118,10.7,5.81855411304265
18733,2.22,5.81855411304265
20958,0.04,5.81855411304265
16416,0.1,5.81855411304265
845,1.63,5.81855411304265
23629,3.05,5.81855411304265
7331,9.25,5.81855411304265
8717,6.96,5.81855411304265
1819,10.53,5.81855411304265
6254,11.22,5.81855411304265
11905,2.86,5.81855411304265
22007,3.46,5.81855411304265
4268,3.74,5.81855411304265
20084,0.01,5.81855411304265
9513,5.89,5.81855411304265
16191,2.77,5.81855411304265
3799,1.94,5.81855411304265
15819,4.48,5.81855411304265
8732,11.24,5.81855411304265
1223,5.18,5.81855411304265
5736,6.77,5.81855411304265
1165,3.37,5.81855411304265
20607,4.48,5.81855411304265
16329,26.89,5.81855411304265
19132,10.56,5.81855411304265
23010,4.64,5.81855411304265
9662,5.11,5.81855411304265
6350,3.31,5.81855411304265
2586,4.74,5.81855411304265
13020,10.95,5.81855411304265
18356,2.56,5.81855411304265
11748,5.06,5.81855411304265
19968,38.47,5.81855411304265
22264,3.96,3.383100000000001
9533,4.93,5.81855411304265
894,4.91,5.81855411304265
13514,4.04,5.81855411304265
11252,0.21,5.81855411304265
20918,5.93,5.81855411304265
14502,2.48,3.5370999999999997
7569,1.0,5.81855411304265
2120,6.59,5.81855411304265
178,9.04,5.81855411304265
15770,0.03,5.81855411304265
12456,7.02,5.81855411304265
17987,9.04,5.81855411304265
23365,2.64,5.81855411304265
8847,8.89,5.81855411304265
10922,5.2,3.9786681873233767
6844,3.54,5.81855411304265
16644,30.95,5.81855411304265
14121,5.29,3.5055
20441,2.41,5.81855411304265
1484,2.75,5.81855411304265
16507,2.16,5.81855411304265
2788,4.0,5.81855411304265
1438,8.02,5.81855411304265
23253,4.22,5.81855411304265
16379,3.21,5.81855411304265
1516,5.15,5.81855411304265
21777,1.54,5.81855411304265
1505,3.13,3.5348000000000006
6021,7.25,5.81855411304265
23987,4.47,5.81855411304265
21986,4.18,5.81855411304265
12262,3.21,5.81855411304265
22079,1.36,5.81855411304265
15406,5.64,5.81855411304265
19991,0.27,5.81855411304265
3744,8.06,5.81855411304265
2203,11.38,5.81855411304265
6161,2.26,5.81855411304265
718,12.75,5.81855411304265
11911,13.52,5.81855411304265
21254,8.41,5.81855411304265
20913,4.8,5.81855411304265
191,1.05,5.81855411304265
3993,4.94,3.8975980145867095
14056,1.81,3.9481499999999996
12741,4.72,5.81855411304265
5073,4.55,5.81855411304265
17308,0.01,5.81855411304265
21481,3.98,5.81855411304265
4367,9.95,5.81855411304265
10377,8.1,5.81855411304265
19630,3.99,5.81855411304265
19784,10.58,5.81855411304265
10473,5.69,5.81855411304265
21397,3.59,5.81855411304265
10294,6.55,5.81855411304265
18516,3.48,5.81855411304265
19559,5.0,3.9126000000000003
6171,7.8,5.81855411304265
2489,6.28,5.81855411304265
15852,3.57,5.81855411304265
6788,0.02,5.81855411304265
15763,2.42,5.81855411304265
23184,3.81,5.81855411304265
1899,15.6,5.81855411304265
5043,5.66,4.052908881315155
2019,4.8,5.81855411304265
11077,13.4,5.81855411304265
17698,3.41,5.81855411304265
2272,4.56,5.81855411304265
8501,4.02,5.81855411304265
2548,0.01,5.81855411304265
7901,0.03,5.81855411304265
21066,0.22,5.81855411304265
1135,9.38,5.81855411304265
1016,4.65,5.81855411304265
5192,8.99,5.81855411304265
17626,4.75,5.81855411304265
12397,5.41,5.81855411304265
14231,3.44,3.9227000000000007
7802,5.18,5.81855411304265
13026,8.2,5.81855411304265
5713,6.85,5.81855411304265
3034,12.85,4.933478156729114
9132,1.59,5.81855411304265
21102,3.29,5.81855411304265
22750,4.1,5.81855411304265
19271,8.18,5.81855411304265
7758,8.74,5.81855411304265
14126,0.0,5.81855411304265
1300,4.59,5.81855411304265
21432,0.51,5.81855411304265
17724,8.74,5.81855411304265
12972,4.05,5.81855411304265
23232,4.63,5.81855411304265
14009,11.61,5.81855411304265
22104,6.51,5.81855411304265
17015,4.83,5.81855411304265
11634,9.26,5.81855411304265
22555,3.95,5.81855411304265
12515,1.66,5.81855411304265
11002,2.66,5.81855411304265
13441,2.02,3.465100000000001
16871,5.85,5.81855411304265
13936,8.7,5.81855411304265
410,2.4,5.81855411304265
1705,11.17,5.81855411304265
13854,1.58,5.81855411304265
10764,4.36,5.81855411304265
6148,3.85,5.81855411304265
23563,3.47,5.81855411304265
16070,10.99,5.81855411304265
3320,17.21,5.81855411304265
4420,4.4,5.81855411304265
18185,6.36,5.377400000000003
1520,6.08,4.5338
14614,1.05,5.81855411304265
17223,4.26,5.81855411304265
8278,12.42,5.81855411304265
9996,11.21,5.81855411304265
19652,2.55,5.81855411304265
13129,5.45,5.81855411304265
8719,4.02,5.81855411304265
12769,1.32,5.81855411304265
22548,5.99,5.81855411304265
23466,2.93,5.81855411304265
8727,18.59,5.81855411304265
17177,6.61,5.81855411304265
972,4.68,5.81855411304265
7576,5.79,5.81855411304265
5170,1.14,5.81855411304265
12911,8.25,5.81855411304265
18807,5.8,5.81855411304265
21601,5.1,5.81855411304265
13581,3.02,5.81855411304265
3990,3.78,4.260700000000003
9493,5.03,5.81855411304265
6359,7.65,5.81855411304265
10088,5.26,5.81855411304265
2049,3.4,5.81855411304265
212,4.45,5.81855411304265
10599,2.34,5.81855411304265
2718,1.84,5.81855411304265
8419,6.22,3.844800000000001
15724,22.37,5.81855411304265
9691,1.48,5.81855411304265
22669,5.09,5.81855411304265
18820,14.46,5.81855411304265
5323,6.05,5.81855411304265
4290,1.94,3.4761000000000006
17054,3.08,5.81855411304265
22732,3.38,5.81855411304265
22822,3.35,5.81855411304265
23726,6.15,5.81855411304265
23369,5.12,5.81855411304265
7006,3.06,5.81855411304265
1462,4.81,5.81855411304265
17312,0.01,5.81855411304265
1986,3.34,5.81855411304265
5785,1.38,5.81855411304265
20608,4.54,5.81855411304265
5552,4.8,5.81855411304265
10728,3.74,5.81855411304265
11555,12.01,5.81855411304265
21153,3.22,4.4241
5284,3.5,5.81855411304265
7926,6.54,5.81855411304265
23148,4.07,5.81855411304265
5018,9.33,5.81855411304265
5469,3.52,3.806208881315157
601,3.57,5.81855411304265
23555,8.02,5.81855411304265
2749,7.12,5.81855411304265
5787,10.8,5.81855411304265
20828,8.03,5.81855411304265
20989,3.98,4.307833333333334
21593,3.28,5.81855411304265
13693,6.88,5.81855411304265
7690,5.38,5.81855411304265
16993,2.77,5.81855411304265
17956,3.94,5.81855411304265
1905,13.42,5.81855411304265
23669,4.46,5.81855411304265
2497,7.72,5.81855411304265
15747,2.6,5.81855411304265
6334,6.24,5.81855411304265
18948,5.32,5.81855411304265
23385,4.11,5.81855411304265
21771,6.45,5.81855411304265
23107,3.18,5.81855411304265
3199,8.26,5.81855411304265
18549,5.57,4.0550000000000015
23018,4.18,5.81855411304265
12488,7.35,5.81855411304265
23359,2.33,5.81855411304265
13275,6.22,5.81855411304265
12817,17.72,5.81855411304265
9890,5.79,5.81855411304265
12961,17.94,5.81855411304265
3273,5.71,5.81855411304265
8516,5.36,5.81855411304265
5412,10.01,5.81855411304265
67,3.15,5.81855411304265
22536,2.13,5.81855411304265
1108,5.56,5.81855411304265
8344,6.44,5.81855411304265
17633,5.42,5.81855411304265
4201,7.65,5.81855411304265
11563,1.78,5.81855411304265
11899,2.97,5.81855411304265
14034,17.21,5.81855411304265
19942,6.86,5.0503
4415,7.44,5.81855411304265
17702,3.55,5.81855411304265
16606,9.43,5.81855411304265
14441,9.47,5.81855411304265
23750,2.92,5.81855411304265
20728,2.48,5.81855411304265
12017,5.47,5.81855411304265
7642,4.78,5.81855411304265
22318,9.72,5.81855411304265
8871,4.31,5.81855411304265
4819,4.67,5.81855411304265
6679,5.18,5.81855411304265
18976,4.47,5.81855411304265
18413,3.76,5.81855411304265
6564,7.36,5.81855411304265
10591,5.71,3.626000000000002
6600,4.61,5.81855411304265
5593,3.33,5.81855411304265
23122,3.84,5.81855411304265
3665,5.97,5.81855411304265
15923,4.11,5.81855411304265
17222,3.75,5.81855411304265
13325,5.04,5.81855411304265
23096,1.59,5.81855411304265
13405,1.75,5.81855411304265
3593,3.02,3.5501000000000005
5187,4.97,5.81855411304265
13579,3.48,4.111999999999998
2450,7.82,5.81855411304265
1912,5.01,5.81855411304265
12014,4.94,5.81855411304265
7133,3.37,5.81855411304265
2315,2.05,3.608999999999999
141,3.57,5.81855411304265
22985,4.77,5.81855411304265
176,4.69,5.81855411304265
11711,4.21,5.81855411304265
17539,3.32,5.81855411304265
3427,1.94,5.81855411304265
22232,3.75,5.81855411304265
18344,3.5,5.81855411304265
7140,1.79,5.81855411304265
7772,2.86,5.81855411304265
8254,17.59,5.81855411304265
17695,2.92,5.81855411304265
8064,8.05,5.81855411304265
5136,6.11,3.902500000000002
23558,18.41,5.81855411304265
14423,7.9,5.81855411304265
115,4.18,5.81855411304265
16983,1.08,5.81855411304265
223,2.81,5.81855411304265
3719,20.95,5.81855411304265
9209,5.13,5.81855411304265
12117,2.28,5.81855411304265
772,3.87,5.81855411304265
10158,6.8,5.81855411304265
23395,7.52,5.81855411304265
11460,4.5,5.81855411304265
11023,3.59,3.574008881315156
20533,1.1,5.81855411304265
7555,6.1,5.81855411304265
3438,0.77,5.81855411304265
16161,4.59,5.81855411304265
21356,3.44,5.81855411304265
6942,17.55,5.81855411304265
5162,6.04,5.81855411304265
12158,5.13,5.81855411304265
6395,2.72,5.81855411304265
15391,8.42,5.81855411304265
7394,5.39,5.81855411304265
7706,2.21,5.81855411304265
21180,4.7,5.81855411304265
10696,10.6,5.81855411304265
22290,3.79,3.735200000000002
7580,3.33,5.81855411304265
860,3.21,5.81855411304265
10275,5.5,5.81855411304265
19999,7.25,3.6875000000000013
23305,3.22,5.81855411304265
17084,7.32,5.81855411304265
22807,3.88,5.81855411304265
9713,12.4,5.81855411304265
11125,4.19,5.81855411304265
15536,15.36,5.81855411304265
21869,3.94,3.9422333333333337
14417,6.43,5.81855411304265
18335,3.96,5.81855411304265
13469,7.69,5.81855411304265
7826,9.12,5.81855411304265
2274,3.28,5.81855411304265
12354,2.59,5.81855411304265
10962,2.94,4.123400000000001
1060,4.54,5.81855411304265
1084,1.63,5.81855411304265
23582,1.6,5.81855411304265
14661,2.29,5.81855411304265
22514,2.22,5.81855411304265
19307,3.71,5.81855411304265
9859,3.56,4.688999999999998
2338,5.7,5.81855411304265
6833,2.85,5.81855411304265
20760,6.21,5.81855411304265
14166,2.71,5.81855411304265
821,6.56,4.3327088813151535
2710,2.8,5.81855411304265
4999,4.13,5.81855411304265
