,y_test,prediction
446,4.2,5.783504034280746
6137,0.33,5.783504034280746
19016,0.32,5.783504034280746
23909,2.64,5.783504034280746
12609,5.3,5.783504034280746
17284,3.57,5.783504034280746
6782,0.03,5.783504034280746
14538,2.91,5.783504034280746
13141,3.88,5.783504034280746
11423,8.97,5.783504034280746
5251,8.14,5.783504034280746
18639,6.8,4.027693579519696
21216,2.19,5.783504034280746
19339,4.18,5.783504034280746
14177,3.35,4.972247706576894
8617,15.74,5.783504034280746
737,2.03,5.783504034280746
1546,2.24,5.783504034280746
2075,3.31,5.783504034280746
7967,7.95,5.783504034280746
20166,4.27,5.783504034280746
13861,4.06,3.7370295773936935
1697,7.07,5.783504034280746
9876,10.72,5.783504034280746
10891,19.74,5.783504034280746
11785,3.92,5.783504034280746
6513,6.92,5.783504034280746
19546,5.52,5.783504034280746
5241,8.72,5.783504034280746
11608,4.76,5.783504034280746
20093,0.01,5.783504034280746
13667,4.72,5.783504034280746
4015,3.27,4.105727436851039
23521,11.25,5.783504034280746
6239,7.6,5.783504034280746
12701,2.66,5.783504034280746
5352,16.75,5.783504034280746
10779,9.18,5.783504034280746
5503,8.6,5.783504034280746
3441,0.75,5.783504034280746
14530,4.38,5.783504034280746
12097,4.54,5.783504034280746
11316,6.44,5.783504034280746
557,46.67,5.783504034280746
9295,4.24,5.783504034280746
2490,5.89,5.783504034280746
16960,8.13,5.783504034280746
23641,4.29,5.783504034280746
17452,0.96,5.783504034280746
589,5.89,5.783504034280746
16063,13.46,5.783504034280746
9943,4.37,5.783504034280746
13128,5.6,5.783504034280746
6017,8.29,5.783504034280746
1381,5.49,5.783504034280746
11511,2.44,5.783504034280746
14147,3.55,5.783504034280746
7687,5.58,5.783504034280746
21221,2.14,5.783504034280746
7891,0.01,5.783504034280746
4536,9.48,5.783504034280746
10305,0.29,5.783504034280746
16978,0.22,5.783504034280746
21493,3.05,5.783504034280746
21539,5.16,5.783504034280746
5963,4.99,5.783504034280746
338,8.08,5.783504034280746
12631,2.39,5.783504034280746
20247,3.14,5.783504034280746
15480,1.21,5.783504034280746
20523,1.55,5.783504034280746
2886,3.16,5.783504034280746
7856,3.78,5.783504034280746
17304,0.31,5.783504034280746
2188,7.58,5.783504034280746
12684,3.06,5.783504034280746
9059,3.63,5.783504034280746
22695,11.79,5.783504034280746
2276,4.15,5.783504034280746
10569,2.94,3.890800418819206
23456,4.97,5.783504034280746
22761,3.94,5.783504034280746
15112,8.55,5.783504034280746
8184,13.34,5.783504034280746
15976,8.64,5.783504034280746
9994,2.48,5.783504034280746
17301,3.33,5.783504034280746
3691,2.54,5.783504034280746
20587,6.48,5.783504034280746
9266,9.62,5.783504034280746
4941,8.82,5.783504034280746
13537,7.83,5.783504034280746
16862,3.92,5.783504034280746
2773,4.7,5.783504034280746
2634,2.8,5.783504034280746
9895,5.5,5.783504034280746
9906,4.16,5.783504034280746
11643,9.86,5.783504034280746
2500,15.03,5.783504034280746
22015,2.24,5.783504034280746
6097,5.99,5.783504034280746
4872,18.53,5.783504034280746
10936,9.3,5.783504034280746
20702,1.6,5.783504034280746
3899,3.96,5.783504034280746
805,1.27,5.783504034280746
5062,4.94,5.783504034280746
5600,10.16,5.783504034280746
1506,5.08,5.783504034280746
9384,6.84,5.783504034280746
6871,8.05,5.783504034280746
1591,4.62,5.783504034280746
4989,2.66,5.783504034280746
19003,6.22,5.783504034280746
14471,35.12,5.783504034280746
5692,5.18,5.431604617339738
16943,2.86,5.783504034280746
15331,8.89,4.517186648801619
11335,6.68,5.783504034280746
2812,7.08,5.783504034280746
18409,4.2,5.783504034280746
5862,4.31,5.783504034280746
189,2.59,5.783504034280746
6444,4.5,5.783504034280746
14909,7.64,5.783504034280746
1948,6.62,5.783504034280746
17811,4.27,5.783504034280746
22262,4.23,3.7051781515584423
19767,7.07,5.783504034280746
5564,2.43,5.783504034280746
5820,2.28,3.5238257410930767
20739,10.25,5.783504034280746
23548,5.13,5.783504034280746
17249,4.3,5.783504034280746
19719,2.16,5.783504034280746
8232,4.86,5.783504034280746
22487,3.05,5.783504034280746
5460,3.73,5.783504034280746
23760,3.63,5.783504034280746
9339,1.81,5.783504034280746
6832,3.73,5.783504034280746
4435,4.13,4.190466660123706
9201,4.14,5.783504034280746
3901,4.92,5.783504034280746
19545,7.32,5.783504034280746
2766,33.13,5.783504034280746
20184,3.99,5.783504034280746
11733,3.64,5.783504034280746
10192,3.55,3.9418251183268147
6781,0.03,5.783504034280746
8011,3.19,4.213092352841887
22021,6.39,5.783504034280746
818,0.5,5.783504034280746
5086,8.85,5.783504034280746
10441,2.41,5.783504034280746
22310,4.28,5.783504034280746
3285,7.44,5.783504034280746
21147,4.78,5.783504034280746
13044,4.08,5.783504034280746
23878,4.36,5.783504034280746
17398,10.8,5.783504034280746
7071,7.45,5.783504034280746
17826,3.7,5.783504034280746
12998,4.01,5.783504034280746
20586,3.55,5.783504034280746
20097,0.01,5.783504034280746
20220,5.17,5.783504034280746
4336,3.83,3.6728640938743085
21111,11.05,6.042350127109565
2980,2.59,5.783504034280746
19860,2.21,5.783504034280746
18559,5.44,5.783504034280746
8047,6.28,5.783504034280746
4330,6.61,5.783504034280746
6028,1.65,5.783504034280746
15049,6.72,5.783504034280746
23227,3.21,5.783504034280746
11443,3.33,5.783504034280746
19811,6.78,5.783504034280746
12141,5.49,5.783504034280746
20252,3.48,5.783504034280746
7671,4.73,5.783504034280746
20767,5.26,5.783504034280746
12464,4.67,5.783504034280746
12177,4.43,5.783504034280746
13254,5.52,5.783504034280746
20725,5.43,5.783504034280746
5249,10.1,5.783504034280746
7661,2.5,5.783504034280746
23046,3.84,5.783504034280746
17236,4.73,5.783504034280746
22210,3.57,5.783504034280746
14228,4.21,5.783504034280746
6657,5.15,5.783504034280746
18947,4.75,5.783504034280746
15224,16.57,5.783504034280746
316,5.19,5.783504034280746
20952,0.02,5.783504034280746
14619,5.93,5.783504034280746
9658,4.05,5.783504034280746
1681,3.31,5.783504034280746
13642,6.61,3.1900169912320235
17167,10.01,5.783504034280746
7845,5.29,5.783504034280746
20957,0.04,5.783504034280746
12432,5.02,5.783504034280746
21293,14.79,5.783504034280746
17974,10.94,5.783504034280746
12198,4.76,5.783504034280746
11516,0.02,4.1589906362345985
23216,3.34,5.783504034280746
5050,2.61,5.783504034280746
14156,3.15,5.783504034280746
3918,8.07,5.783504034280746
13612,7.99,5.783504034280746
6910,3.36,5.783504034280746
20671,2.08,5.783504034280746
787,3.73,4.339842877431926
280,9.8,5.783504034280746
21806,3.7,5.783504034280746
2557,18.16,5.783504034280746
10191,2.09,4.84360340574581
20157,0.04,5.783504034280746
8253,6.82,5.783504034280746
6112,1.34,5.783504034280746
3629,6.05,5.783504034280746
7907,0.0,5.783504034280746
22313,3.36,5.783504034280746
15285,3.99,3.7442768016101176
14966,4.26,5.783504034280746
9646,2.28,5.783504034280746
22538,3.12,5.783504034280746
8754,4.16,5.783504034280746
6477,5.05,5.783504034280746
18146,5.22,5.783504034280746
17455,0.91,5.783504034280746
21610,3.21,5.783504034280746
4317,5.97,5.783504034280746
20730,2.21,5.783504034280746
18751,9.73,5.783504034280746
18220,8.17,5.783504034280746
2945,2.5,5.783504034280746
11987,3.38,5.783504034280746
12753,11.73,5.783504034280746
18362,4.43,5.783504034280746
10838,8.86,5.783504034280746
8912,0.49,5.783504034280746
11488,4.83,5.783504034280746
10116,16.97,5.783504034280746
8802,4.2,3.4594285677809244
20817,9.88,5.783504034280746
23823,5.28,5.783504034280746
19972,40.35,5.783504034280746
13432,0.46,5.783504034280746
16918,4.24,5.783504034280746
14365,4.72,5.783504034280746
11731,2.73,5.783504034280746
15669,6.52,5.783504034280746
15798,3.48,5.783504034280746
10977,30.62,5.783504034280746
22541,4.35,5.783504034280746
21472,3.23,5.783504034280746
18466,3.51,5.783504034280746
1773,3.9,5.783504034280746
13517,6.36,5.783504034280746
6012,12.24,5.783504034280746
216,2.89,5.783504034280746
4444,8.49,5.783504034280746
16085,8.91,5.783504034280746
20787,7.77,5.783504034280746
18773,8.31,5.783504034280746
20382,2.45,5.783504034280746
19960,7.0,5.783504034280746
2414,4.46,5.783504034280746
85,2.2,5.783504034280746
15378,3.79,5.783504034280746
11562,9.14,5.783504034280746
1656,6.58,5.783504034280746
1684,5.11,5.783504034280746
2105,0.35,5.783504034280746
15438,2.11,5.783504034280746
18622,3.04,5.462824313116897
23166,2.98,5.783504034280746
15363,4.26,5.783504034280746
22410,2.49,5.783504034280746
11328,13.36,5.783504034280746
9367,3.34,5.783504034280746
1515,4.37,5.783504034280746
851,3.53,5.783504034280746
3491,3.97,5.783504034280746
23337,4.58,5.783504034280746
23593,3.34,5.783504034280746
13840,13.6,5.783504034280746
15625,6.88,5.783504034280746
8696,7.75,5.783504034280746
12717,6.05,5.783504034280746
18147,13.16,5.783504034280746
22764,3.67,5.783504034280746
20409,6.11,5.783504034280746
15361,7.02,5.783504034280746
8543,2.95,5.783504034280746
2147,9.24,5.783504034280746
9361,1.29,5.783504034280746
13859,2.21,5.783504034280746
19116,3.68,5.783504034280746
23173,5.69,5.783504034280746
3275,4.11,5.783504034280746
18825,8.81,5.783504034280746
16513,7.67,5.783504034280746
9772,4.37,5.783504034280746
4836,3.14,5.783504034280746
18580,18.77,5.783504034280746
1924,5.36,3.9613291539100164
18782,0.52,4.999811845291457
14922,6.62,4.352402644574455
135,3.5,5.783504034280746
22085,4.67,5.783504034280746
11690,16.29,5.783504034280746
17745,7.74,5.783504034280746
9270,5.24,5.783504034280746
12494,7.51,5.783504034280746
14766,1.49,5.783504034280746
19511,3.82,4.025447628683344
17295,17.16,5.783504034280746
13986,7.29,5.783504034280746
1659,5.31,5.783504034280746
70,5.76,3.6598609971478586
320,3.31,5.783504034280746
13282,9.8,5.783504034280746
17971,13.42,5.783504034280746
17577,5.89,5.783504034280746
23079,7.11,5.783504034280746
6856,3.73,5.783504034280746
9735,2.89,3.2074572292751697
14043,0.97,5.783504034280746
4681,3.26,5.783504034280746
1122,8.86,5.783504034280746
10398,1.74,3.360423469875824
11928,3.55,5.783504034280746
4346,3.96,4.994315300813964
11684,7.72,5.783504034280746
11800,3.19,5.783504034280746
16116,10.82,5.783504034280746
5049,5.19,4.560702405697554
2572,7.04,5.783504034280746
12371,2.42,5.783504034280746
1915,4.17,5.783504034280746
281,12.65,5.783504034280746
23753,3.74,5.783504034280746
21034,0.5,5.783504034280746
15576,1.68,5.783504034280746
17189,2.01,5.783504034280746
11921,5.57,5.783504034280746
4889,4.51,5.783504034280746
23035,2.68,5.783504034280746
21376,3.16,5.783504034280746
13869,5.73,5.783504034280746
3262,5.25,5.783504034280746
5046,5.95,5.783504034280746
19194,4.51,5.783504034280746
5807,2.69,5.783504034280746
2430,4.46,4.796869601469893
7238,2.74,5.783504034280746
16276,6.36,5.783504034280746
309,0.95,5.783504034280746
11031,2.7,5.783504034280746
5810,3.7,5.783504034280746
18100,3.07,5.783504034280746
1489,2.43,5.783504034280746
22479,6.45,5.783504034280746
18197,0.79,5.783504034280746
6365,6.09,5.052428338726019
154,4.55,5.783504034280746
23272,2.78,5.783504034280746
1917,3.06,5.783504034280746
14996,6.26,5.783504034280746
4281,0.56,5.783504034280746
10533,8.75,5.783504034280746
3429,2.75,5.783504034280746
13126,5.99,5.783504034280746
7311,9.54,5.783504034280746
11354,2.2,5.783504034280746
22881,3.45,5.783504034280746
15929,2.43,5.783504034280746
19314,1.95,5.783504034280746
2201,12.63,5.783504034280746
20124,19.92,5.783504034280746
6336,5.11,5.783504034280746
8880,2.36,5.783504034280746
8595,2.8,4.288846305483721
22618,4.65,5.783504034280746
23890,6.17,5.783504034280746
17906,1.57,5.783504034280746
19396,1.49,5.783504034280746
15881,2.37,4.20745122293734
23401,4.27,5.783504034280746
15665,8.07,5.783504034280746
910,5.82,5.783504034280746
15511,2.64,5.783504034280746
16341,2.55,5.783504034280746
5109,1.85,5.783504034280746
5985,12.44,5.783504034280746
13828,6.29,5.783504034280746
15362,6.85,5.783504034280746
2047,4.62,4.891216117237553
1166,5.85,5.783504034280746
20236,5.08,5.783504034280746
20146,0.09,5.783504034280746
21627,8.27,5.783504034280746
8615,16.6,4.200880014974707
19330,2.64,5.783504034280746
103,3.57,5.783504034280746
23746,1.9,5.783504034280746
6122,5.41,4.190814484287458
22753,3.09,5.783504034280746
4574,2.58,5.783504034280746
11908,13.54,5.783504034280746
14550,4.76,5.783504034280746
23197,3.98,5.783504034280746
8885,2.7,5.783504034280746
7679,2.85,5.783504034280746
4211,6.07,5.783504034280746
7818,0.69,5.783504034280746
23977,2.29,5.783504034280746
18410,4.41,5.783504034280746
10476,4.25,5.783504034280746
8060,9.9,5.783504034280746
21909,2.7,5.783504034280746
12375,1.55,5.783504034280746
10940,8.86,5.783504034280746
8435,3.72,5.783504034280746
7913,0.01,5.783504034280746
18776,0.55,5.783504034280746
20838,7.25,5.783504034280746
4907,4.45,5.783504034280746
22428,3.3,5.783504034280746
16967,2.13,5.783504034280746
2013,17.58,5.783504034280746
3804,8.72,5.783504034280746
2916,3.97,5.783504034280746
13781,5.17,5.783504034280746
6405,0.66,5.783504034280746
13765,3.72,5.783504034280746
23135,4.32,5.783504034280746
14860,4.37,5.783504034280746
8808,3.87,4.785295974253579
16779,10.26,5.783504034280746
23527,4.26,5.783504034280746
6484,3.57,5.783504034280746
12666,8.13,5.783504034280746
8658,7.06,5.783504034280746
11102,51.56,5.783504034280746
1313,5.98,5.783504034280746
5311,3.46,3.6134564184868165
18224,7.61,5.783504034280746
17838,3.66,5.783504034280746
681,5.74,5.783504034280746
1835,3.11,5.16863508539536
526,4.45,5.783504034280746
12907,11.92,5.783504034280746
6397,2.01,5.783504034280746
10713,8.03,5.783504034280746
22706,2.94,5.783504034280746
17170,9.25,5.783504034280746
21393,3.95,5.509589677779514
22952,1.82,5.783504034280746
3570,2.77,5.783504034280746
16773,3.66,5.783504034280746
1956,6.42,5.783504034280746
22363,4.13,5.783504034280746
21899,4.9,5.850582245701008
6890,5.46,5.783504034280746
23118,2.35,5.783504034280746
22333,8.28,5.783504034280746
4048,6.82,5.783504034280746
16689,1.87,5.783504034280746
15914,2.13,5.783504034280746
23628,4.88,5.783504034280746
18470,3.29,5.783504034280746
9797,22.5,5.783504034280746
13008,10.75,5.783504034280746
20925,7.11,5.783504034280746
18468,4.47,5.783504034280746
23882,3.87,5.783504034280746
9243,4.61,5.783504034280746
22642,4.63,5.783504034280746
1334,8.62,5.43283354737682
11606,6.01,5.783504034280746
3035,9.78,5.783504034280746
5753,2.7,5.783504034280746
22904,10.13,5.783504034280746
6253,8.03,5.783504034280746
18317,4.16,5.783504034280746
6877,7.63,5.783504034280746
6945,9.05,5.783504034280746
1794,4.17,5.783504034280746
10664,0.65,5.783504034280746
23498,6.74,5.783504034280746
21012,0.91,5.783504034280746
9520,15.53,5.783504034280746
3942,2.96,5.783504034280746
13675,2.5,5.783504034280746
5344,3.68,5.783504034280746
1434,7.43,5.783504034280746
16972,2.28,5.783504034280746
22801,6.81,5.783504034280746
21011,4.41,5.783504034280746
8962,4.24,5.783504034280746
13563,15.26,5.783504034280746
14673,5.93,4.826769364609511
14012,11.8,5.783504034280746
22057,3.38,5.783504034280746
3678,11.2,5.783504034280746
13608,7.19,5.783504034280746
15573,7.62,5.783504034280746
2554,15.69,5.783504034280746
6167,3.79,5.783504034280746
11815,3.15,5.783504034280746
13187,4.43,5.783504034280746
8825,4.21,5.783504034280746
8068,7.85,5.783504034280746
7096,5.17,5.783504034280746
15188,2.34,5.783504034280746
1757,7.08,5.783504034280746
17321,4.24,5.783504034280746
22641,3.68,5.783504034280746
1125,5.21,5.783504034280746
12884,9.23,3.985906237461048
15458,10.25,5.783504034280746
22145,2.66,5.783504034280746
14488,0.01,5.783504034280746
13350,18.49,5.783504034280746
22879,6.49,5.783504034280746
23971,5.86,5.783504034280746
1130,2.56,5.783504034280746
7093,11.0,5.783504034280746
22214,2.36,5.783504034280746
17916,9.5,5.783504034280746
8086,2.65,5.783504034280746
15840,3.12,5.783504034280746
22269,5.22,5.783504034280746
12003,1.62,5.783504034280746
17062,5.65,5.783504034280746
13988,6.33,5.783504034280746
8759,2.63,5.783504034280746
301,0.5,5.783504034280746
2951,2.52,5.783504034280746
2654,5.41,5.783504034280746
16688,8.94,5.783504034280746
22164,2.98,3.6287295448837016
9014,7.0,4.705492613278771
14217,17.34,5.783504034280746
675,3.91,5.783504034280746
10760,4.57,5.783504034280746
9161,3.8,5.783504034280746
6169,2.09,5.783504034280746
265,9.3,5.783504034280746
10516,1.16,3.1616028036800774
23485,8.59,5.783504034280746
21150,4.64,5.783504034280746
11746,4.29,5.783504034280746
5815,2.92,4.1122933844766205
21274,2.5,5.783504034280746
14625,3.28,5.783504034280746
8973,80.34,5.783504034280746
15543,8.93,5.783504034280746
2078,2.72,5.783504034280746
20114,4.46,5.783504034280746
13815,2.26,5.783504034280746
15874,3.98,5.783504034280746
15696,9.29,5.783504034280746
20885,23.15,5.783504034280746
16333,33.18,5.783504034280746
19011,0.39,5.783504034280746
21144,4.89,5.783504034280746
6894,4.72,5.783504034280746
11131,3.5,3.232264538252455
21019,0.78,5.783504034280746
11038,3.05,5.783504034280746
21063,0.22,5.783504034280746
22561,4.35,5.783504034280746
18959,0.47,5.783504034280746
712,0.23,5.783504034280746
17564,2.31,5.783504034280746
9379,5.06,5.783504034280746
14576,5.03,5.783504034280746
23678,3.13,5.783504034280746
14200,3.76,5.783504034280746
23094,1.9,5.783504034280746
7343,5.62,5.783504034280746
6702,11.99,5.783504034280746
19726,5.3,5.783504034280746
23327,7.25,5.783504034280746
5219,2.72,5.783504034280746
4539,9.24,5.783504034280746
6872,5.12,5.783504034280746
23612,6.3,5.783504034280746
20267,2.93,5.783504034280746
12321,2.91,5.783504034280746
6812,0.01,5.783504034280746
8178,7.02,5.783504034280746
15535,14.78,5.783504034280746
17012,2.31,5.783504034280746
4738,4.64,5.783504034280746
15390,6.1,5.783504034280746
19126,3.3,3.2235832447245105
1408,5.66,5.783504034280746
18536,12.47,5.783504034280746
17829,2.98,5.783504034280746
166,12.51,5.783504034280746
15556,1.76,5.783504034280746
5419,4.9,5.783504034280746
11695,5.8,5.783504034280746
19993,0.29,5.783504034280746
6427,4.11,5.783504034280746
21412,4.65,5.783504034280746
23980,7.45,5.783504034280746
3552,3.93,4.497282823898031
22685,3.41,5.783504034280746
18760,11.02,5.783504034280746
14193,5.67,5.783504034280746
21993,0.03,5.783504034280746
20618,2.44,4.701881685424253
5744,3.32,5.204893942972446
14854,2.98,3.476662386677903
21024,1.43,5.783504034280746
6019,7.5,5.783504034280746
11413,1.28,5.783504034280746
19921,6.44,5.783504034280746
5992,2.2,5.783504034280746
22840,3.07,5.783504034280746
9784,5.92,5.783504034280746
15181,3.43,5.783504034280746
1962,4.86,5.783504034280746
2620,4.05,5.783504034280746
15887,4.87,5.783504034280746
11569,4.31,5.783504034280746
1054,4.04,5.783504034280746
13230,8.52,5.783504034280746
21427,2.34,4.743848130478291
2573,6.84,5.783504034280746
17620,3.73,5.783504034280746
19375,9.23,5.783504034280746
12165,11.47,5.783504034280746
15084,2.7,5.783504034280746
11851,5.03,5.783504034280746
2397,2.98,5.783504034280746
16684,6.73,5.783504034280746
4263,5.5,5.783504034280746
20081,4.28,5.783504034280746
7676,2.95,5.783504034280746
16666,1.76,5.783504034280746
11471,2.94,5.783504034280746
7712,5.62,5.783504034280746
21267,2.13,6.642641747716875
17992,11.01,5.783504034280746
8393,3.54,5.783504034280746
16566,5.35,5.783504034280746
1219,4.32,5.783504034280746
15343,11.96,5.783504034280746
17887,2.64,5.783504034280746
7537,3.39,3.938691999844768
23712,2.89,5.783504034280746
21915,0.6,5.783504034280746
18341,2.69,3.50131166504795
299,0.95,5.783504034280746
1646,8.48,5.783504034280746
13818,5.69,5.783504034280746
3707,4.46,5.783504034280746
5201,4.68,5.783504034280746
5558,5.06,5.783504034280746
16759,6.93,5.783504034280746
23648,5.51,5.783504034280746
8852,7.9,5.783504034280746
531,5.39,5.783504034280746
1236,10.77,5.783504034280746
2469,2.36,5.783504034280746
11859,2.78,5.783504034280746
14299,7.02,5.783504034280746
4644,8.54,5.783504034280746
20271,4.0,4.3189877379486346
9817,9.2,5.783504034280746
13428,0.26,5.783504034280746
10025,4.93,5.783504034280746
9135,1.74,5.783504034280746
18164,4.15,5.783504034280746
13158,4.76,5.783504034280746
10714,13.75,5.783504034280746
23152,5.55,5.783504034280746
22965,3.87,5.783504034280746
12039,4.69,5.783504034280746
5960,11.68,5.783504034280746
6123,2.52,5.783504034280746
3395,18.11,5.783504034280746
6109,0.9,5.783504034280746
7091,2.65,5.783504034280746
22589,4.64,5.783504034280746
4633,3.33,5.783504034280746
22352,5.53,3.8388365314102764
18133,3.32,5.783504034280746
554,24.42,5.783504034280746
21987,0.45,5.783504034280746
20522,2.16,5.783504034280746
15384,8.71,5.783504034280746
13924,5.37,5.783504034280746
9798,22.61,5.783504034280746
18823,13.42,5.783504034280746
11128,4.69,5.466832043025258
12012,3.42,5.783504034280746
14164,5.16,5.783504034280746
9821,6.39,5.783504034280746
11287,2.32,5.783504034280746
14153,4.05,5.783504034280746
14751,4.63,5.783504034280746
23717,4.09,5.783504034280746
7900,0.09,5.783504034280746
12108,3.14,5.783504034280746
22247,2.94,5.783504034280746
16655,0.1,5.783504034280746
9330,1.97,5.783504034280746
19186,2.55,5.783504034280746
23723,2.87,5.783504034280746
10978,24.86,5.783504034280746
13723,0.01,5.783504034280746
2811,6.5,5.783504034280746
1303,6.59,5.783504034280746
17646,6.91,5.783504034280746
13677,1.77,5.783504034280746
1092,0.74,5.783504034280746
20543,6.83,5.783504034280746
16210,4.33,5.783504034280746
12189,1.91,5.783504034280746
3886,1.92,5.783504034280746
14659,3.6,5.783504034280746
7897,0.01,5.783504034280746
4134,1.97,5.783504034280746
23249,2.76,5.783504034280746
6389,3.48,5.783504034280746
23644,3.39,5.783504034280746
18940,15.16,5.783504034280746
18011,4.29,5.783504034280746
13908,8.78,5.783504034280746
21169,9.92,5.783504034280746
10661,0.25,5.783504034280746
11025,7.17,5.218540346268505
11792,3.76,5.783504034280746
22864,10.61,5.783504034280746
12015,3.61,5.783504034280746
22592,3.26,5.783504034280746
23428,0.62,5.783504034280746
6864,7.22,5.783504034280746
1123,11.57,5.783504034280746
853,6.17,5.783504034280746
7883,0.0,5.783504034280746
8340,6.23,5.783504034280746
6817,0.03,5.783504034280746
7065,3.9,5.783504034280746
793,3.32,5.783504034280746
8173,13.02,5.783504034280746
9232,9.26,5.783504034280746
15313,4.36,5.783504034280746
15265,5.95,5.783504034280746
11008,2.5,5.783504034280746
4008,5.83,5.783504034280746
306,0.72,5.783504034280746
4862,4.52,5.783504034280746
1116,9.7,5.783504034280746
23634,12.72,5.783504034280746
11636,8.45,5.783504034280746
4151,4.49,5.783504034280746
13375,4.99,5.783504034280746
9441,4.61,5.783504034280746
12495,6.52,5.783504034280746
4262,9.01,5.783504034280746
16683,2.26,4.377268694352507
13204,1.16,5.783504034280746
3693,2.6,5.783504034280746
7086,1.28,5.783504034280746
14697,5.59,5.783504034280746
22268,2.42,4.074975255645695
12711,8.54,5.783504034280746
3882,5.81,5.783504034280746
6412,3.77,5.783504034280746
10202,4.14,5.783504034280746
10553,3.14,3.88307294047128
4884,3.63,3.92174352288437
15117,5.22,5.783504034280746
9099,4.44,5.783504034280746
16855,1.95,5.783504034280746
5747,3.53,5.783504034280746
23506,3.93,5.783504034280746
8140,8.56,5.783504034280746
919,4.98,5.783504034280746
16633,15.09,5.783504034280746
11578,7.99,5.783504034280746
12172,8.79,5.783504034280746
15947,7.18,5.783504034280746
8725,14.42,5.783504034280746
9414,5.54,5.783504034280746
23729,3.05,5.783504034280746
17881,4.06,5.783504034280746
61,6.08,5.783504034280746
10453,2.94,5.783504034280746
9184,1.93,5.783504034280746
7817,0.9,5.783504034280746
31,4.15,5.783504034280746
3563,14.38,5.783504034280746
4184,7.28,5.783504034280746
1157,6.91,5.939318398683527
17972,9.83,5.783504034280746
5798,2.38,5.783504034280746
17317,0.01,5.783504034280746
9648,2.69,5.783504034280746
8644,6.59,4.9665202071323336
8945,7.86,5.783504034280746
9824,6.29,5.783504034280746
1178,6.51,5.783504034280746
19188,7.24,5.783504034280746
10535,9.79,5.783504034280746
16647,24.36,5.783504034280746
12585,5.46,5.783504034280746
6949,7.69,5.783504034280746
22770,2.83,5.783504034280746
8248,7.55,5.783504034280746
2194,8.22,5.783504034280746
4141,2.85,3.5657039788450353
14632,4.29,5.783504034280746
23846,4.01,5.783504034280746
16879,3.48,5.783504034280746
9628,3.96,5.783504034280746
5881,4.05,4.105584352476219
13273,3.61,5.783504034280746
19700,10.9,5.783504034280746
23432,0.7,5.783504034280746
7522,3.67,5.783504034280746
19026,3.53,5.783504034280746
20173,3.65,5.783504034280746
20794,7.11,5.783504034280746
10266,4.01,6.2850851379594
22509,7.43,5.783504034280746
23810,2.64,5.783504034280746
18644,3.07,5.783504034280746
663,5.85,5.783504034280746
14687,7.29,5.783504034280746
9083,7.47,4.362175580728355
18998,4.47,5.783504034280746
17749,5.94,5.783504034280746
3727,6.94,5.783504034280746
13836,3.33,5.783504034280746
1498,7.18,5.783504034280746
13241,3.45,5.783504034280746
7597,4.59,5.783504034280746
19045,15.59,5.783504034280746
22611,3.0,5.783504034280746
8583,8.08,5.783504034280746
13070,3.57,5.783504034280746
22836,3.29,5.783504034280746
3384,6.11,5.783504034280746
10619,4.21,5.783504034280746
291,3.55,5.783504034280746
15454,11.36,5.783504034280746
21691,3.31,5.783504034280746
17768,5.83,5.783504034280746
1482,2.97,5.783504034280746
16377,3.01,5.783504034280746
12890,4.57,5.783504034280746
17266,4.78,5.783504034280746
17057,1.22,5.783504034280746
14011,15.56,5.783504034280746
2129,6.26,5.783504034280746
22729,4.43,5.783504034280746
8772,4.19,5.783504034280746
13893,0.01,5.783504034280746
17751,5.4,5.783504034280746
3734,2.61,5.783504034280746
23262,5.82,5.783504034280746
19980,15.04,5.783504034280746
16528,4.3,5.783504034280746
612,3.29,5.783504034280746
23884,3.14,5.783504034280746
20170,4.2,5.783504034280746
3539,3.68,5.783504034280746
3582,5.1,5.783504034280746
12021,2.24,5.783504034280746
5128,0.55,5.783504034280746
14603,0.2,5.783504034280746
20674,1.47,5.783504034280746
20694,2.9,5.783504034280746
17387,4.05,5.783504034280746
1720,5.08,5.783504034280746
18907,16.5,5.783504034280746
19618,12.15,5.783504034280746
16310,3.03,3.7598106781546456
18251,1.66,4.369405913548056
15602,2.84,4.051217587181686
10896,16.01,5.783504034280746
8559,0.41,5.783504034280746
11196,2.13,5.783504034280746
9334,1.39,5.783504034280746
5054,2.57,5.783504034280746
11919,6.69,5.783504034280746
7019,17.22,5.783504034280746
21266,4.16,5.783504034280746
23781,4.93,5.783504034280746
17670,5.91,5.783504034280746
21846,2.12,5.783504034280746
4379,5.44,5.783504034280746
778,2.17,5.783504034280746
18056,3.98,5.783504034280746
5952,5.59,5.783504034280746
19771,8.69,5.783504034280746
14610,4.15,5.783504034280746
8747,6.05,4.246655502777232
12856,3.86,5.783504034280746
21259,5.77,5.783504034280746
337,8.21,5.783504034280746
11432,11.68,5.783504034280746
16404,1.76,5.783504034280746
15298,3.48,5.783504034280746
7564,3.19,5.783504034280746
6362,3.71,5.783504034280746
13154,5.45,5.783504034280746
22484,2.44,5.783504034280746
6325,5.04,5.783504034280746
19312,1.49,5.783504034280746
5212,4.57,5.783504034280746
3933,7.91,5.783504034280746
14112,2.03,4.835750811916422
20942,9.23,5.783504034280746
11929,4.73,5.783504034280746
10384,7.07,5.783504034280746
7971,6.22,5.783504034280746
872,4.18,5.783504034280746
18108,5.56,5.783504034280746
19625,5.22,5.783504034280746
8331,3.97,5.783504034280746
9853,5.83,5.783504034280746
744,0.14,5.783504034280746
21739,5.45,5.783504034280746
18264,3.57,5.783504034280746
233,3.55,4.205255327221538
6072,13.43,5.783504034280746
5517,3.55,5.783504034280746
21178,2.75,5.783504034280746
12283,4.82,5.783504034280746
23519,4.14,5.783504034280746
11041,4.31,3.604933328953713
23870,1.75,5.783504034280746
22389,3.28,5.783504034280746
21388,3.18,3.721325877720213
13593,8.13,5.783504034280746
14065,4.13,5.783504034280746
15338,5.76,5.783504034280746
15276,3.02,5.783504034280746
10254,1.57,5.783504034280746
7433,5.45,5.783504034280746
14413,3.35,5.783504034280746
5233,12.22,5.783504034280746
10528,15.79,5.783504034280746
5588,3.01,5.783504034280746
15637,3.85,3.8288970742150266
16060,3.64,5.783504034280746
22603,4.53,5.783504034280746
17153,5.93,5.783504034280746
19805,4.37,4.047516424189818
1306,9.15,5.783504034280746
4266,2.97,5.783504034280746
1941,2.62,5.783504034280746
5598,14.62,5.783504034280746
5296,8.92,5.783504034280746
17960,4.48,5.783504034280746
2631,2.67,5.783504034280746
17454,0.74,5.783504034280746
1021,3.39,5.783504034280746
9408,4.69,5.783504034280746
2655,6.11,5.783504034280746
18195,0.64,5.783504034280746
14448,3.01,3.9921242661800163
620,11.05,5.783504034280746
19249,4.82,3.7457398756571227
579,3.47,5.783504034280746
18261,6.2,5.783504034280746
8503,2.44,5.783504034280746
12407,3.11,5.783504034280746
6455,1.72,5.783504034280746
13475,3.76,5.783504034280746
1789,6.35,5.783504034280746
23129,4.83,5.783504034280746
8270,17.22,5.783504034280746
21390,6.02,6.824931463165111
11012,4.7,5.783504034280746
23098,1.94,5.783504034280746
21087,4.39,4.80019934815602
18602,4.25,5.783504034280746
2590,3.54,5.783504034280746
23748,8.68,5.783504034280746
2386,4.84,5.783504034280746
15585,1.83,5.783504034280746
3977,6.72,5.783504034280746
21656,5.56,5.783504034280746
6434,8.57,5.783504034280746
18169,5.26,5.783504034280746
22704,1.63,5.783504034280746
22507,7.21,5.783504034280746
4580,12.1,5.783504034280746
23261,2.34,5.783504034280746
19475,3.39,5.783504034280746
556,38.97,5.783504034280746
7489,5.46,5.783504034280746
6809,0.02,5.783504034280746
5275,2.54,5.783504034280746
21485,3.66,4.513611200702117
1867,4.09,5.783504034280746
4455,1.4,5.783504034280746
735,2.8,5.783504034280746
14133,0.0,5.783504034280746
1118,10.7,5.783504034280746
18733,2.22,5.783504034280746
20958,0.04,5.783504034280746
16416,0.1,5.783504034280746
845,1.63,5.783504034280746
23629,3.05,5.783504034280746
7331,9.25,5.783504034280746
8717,6.96,5.783504034280746
1819,10.53,5.783504034280746
6254,11.22,5.783504034280746
11905,2.86,5.783504034280746
22007,3.46,5.783504034280746
4268,3.74,5.783504034280746
20084,0.01,5.783504034280746
9513,5.89,5.783504034280746
16191,2.77,5.783504034280746
3799,1.94,5.783504034280746
15819,4.48,5.783504034280746
8732,11.24,5.783504034280746
1223,5.18,5.783504034280746
5736,6.77,5.783504034280746
1165,3.37,5.783504034280746
20607,4.48,5.783504034280746
16329,26.89,5.783504034280746
19132,10.56,5.783504034280746
23010,4.64,5.783504034280746
9662,5.11,5.783504034280746
6350,3.31,5.783504034280746
2586,4.74,5.783504034280746
13020,10.95,5.783504034280746
18356,2.56,5.783504034280746
11748,5.06,5.783504034280746
19968,38.47,5.783504034280746
22264,3.96,3.4182285556160616
9533,4.93,5.783504034280746
894,4.91,5.783504034280746
13514,4.04,5.783504034280746
11252,0.21,5.783504034280746
20918,5.93,5.783504034280746
14502,2.48,3.2496759317922987
7569,1.0,5.783504034280746
2120,6.59,5.783504034280746
178,9.04,5.783504034280746
15770,0.03,5.783504034280746
12456,7.02,5.783504034280746
17987,9.04,5.783504034280746
23365,2.64,5.783504034280746
8847,8.89,5.783504034280746
10922,5.2,5.344098224585453
6844,3.54,5.783504034280746
16644,30.95,5.783504034280746
14121,5.29,4.10389870321699
20441,2.41,5.783504034280746
1484,2.75,5.783504034280746
16507,2.16,5.783504034280746
2788,4.0,5.783504034280746
1438,8.02,5.783504034280746
23253,4.22,5.783504034280746
16379,3.21,5.783504034280746
1516,5.15,5.783504034280746
21777,1.54,5.783504034280746
1505,3.13,4.540678151034067
6021,7.25,5.783504034280746
23987,4.47,5.783504034280746
21986,4.18,5.783504034280746
12262,3.21,5.783504034280746
22079,1.36,5.783504034280746
15406,5.64,5.783504034280746
19991,0.27,5.783504034280746
3744,8.06,5.783504034280746
2203,11.38,5.783504034280746
6161,2.26,5.783504034280746
718,12.75,5.783504034280746
11911,13.52,5.783504034280746
21254,8.41,5.783504034280746
20913,4.8,5.783504034280746
191,1.05,5.783504034280746
3993,4.94,5.507798511721166
14056,1.81,4.4037981069662795
12741,4.72,5.783504034280746
5073,4.55,5.783504034280746
17308,0.01,5.783504034280746
21481,3.98,5.783504034280746
4367,9.95,5.783504034280746
10377,8.1,5.783504034280746
19630,3.99,5.783504034280746
19784,10.58,5.783504034280746
10473,5.69,5.783504034280746
21397,3.59,5.783504034280746
10294,6.55,5.783504034280746
18516,3.48,5.783504034280746
19559,5.0,4.709837490102055
6171,7.8,5.783504034280746
2489,6.28,5.783504034280746
15852,3.57,5.783504034280746
6788,0.02,5.783504034280746
15763,2.42,5.783504034280746
23184,3.81,5.783504034280746
1899,15.6,5.783504034280746
5043,5.66,4.6566490343919025
2019,4.8,5.783504034280746
11077,13.4,5.783504034280746
17698,3.41,5.783504034280746
2272,4.56,5.783504034280746
8501,4.02,5.783504034280746
2548,0.01,5.783504034280746
7901,0.03,5.783504034280746
21066,0.22,5.783504034280746
1135,9.38,5.783504034280746
1016,4.65,5.783504034280746
5192,8.99,5.783504034280746
17626,4.75,5.783504034280746
12397,5.41,5.783504034280746
14231,3.44,2.8424808451155874
7802,5.18,5.783504034280746
13026,8.2,5.783504034280746
5713,6.85,5.783504034280746
3034,12.85,5.825421002550957
9132,1.59,5.783504034280746
21102,3.29,5.783504034280746
22750,4.1,5.783504034280746
19271,8.18,5.783504034280746
7758,8.74,5.783504034280746
14126,0.0,5.783504034280746
1300,4.59,5.783504034280746
21432,0.51,5.783504034280746
17724,8.74,5.783504034280746
12972,4.05,5.783504034280746
23232,4.63,5.783504034280746
14009,11.61,5.783504034280746
22104,6.51,5.783504034280746
17015,4.83,5.783504034280746
11634,9.26,5.783504034280746
22555,3.95,5.783504034280746
12515,1.66,5.783504034280746
11002,2.66,5.783504034280746
13441,2.02,4.308753440930379
16871,5.85,5.783504034280746
13936,8.7,5.783504034280746
410,2.4,5.783504034280746
1705,11.17,5.783504034280746
13854,1.58,5.783504034280746
10764,4.36,5.783504034280746
6148,3.85,5.783504034280746
23563,3.47,5.783504034280746
16070,10.99,5.783504034280746
3320,17.21,5.783504034280746
4420,4.4,5.783504034280746
18185,6.36,5.123239922287512
1520,6.08,4.863945048291205
14614,1.05,5.783504034280746
17223,4.26,5.783504034280746
8278,12.42,5.783504034280746
9996,11.21,5.783504034280746
19652,2.55,5.783504034280746
13129,5.45,5.783504034280746
8719,4.02,5.783504034280746
12769,1.32,5.783504034280746
22548,5.99,5.783504034280746
23466,2.93,5.783504034280746
8727,18.59,5.783504034280746
17177,6.61,5.783504034280746
972,4.68,5.783504034280746
7576,5.79,5.783504034280746
5170,1.14,5.783504034280746
12911,8.25,5.783504034280746
18807,5.8,5.783504034280746
21601,5.1,5.783504034280746
13581,3.02,5.783504034280746
3990,3.78,4.1410345145520475
9493,5.03,5.783504034280746
6359,7.65,5.783504034280746
10088,5.26,5.783504034280746
2049,3.4,5.783504034280746
212,4.45,5.783504034280746
10599,2.34,5.783504034280746
2718,1.84,5.783504034280746
8419,6.22,4.8630801671396435
15724,22.37,5.783504034280746
9691,1.48,5.783504034280746
22669,5.09,5.783504034280746
18820,14.46,5.783504034280746
5323,6.05,5.783504034280746
4290,1.94,3.6419687751732974
17054,3.08,5.783504034280746
22732,3.38,5.783504034280746
22822,3.35,5.783504034280746
23726,6.15,5.783504034280746
23369,5.12,5.783504034280746
7006,3.06,5.783504034280746
1462,4.81,5.783504034280746
17312,0.01,5.783504034280746
1986,3.34,5.783504034280746
5785,1.38,5.783504034280746
20608,4.54,5.783504034280746
5552,4.8,5.783504034280746
10728,3.74,5.783504034280746
11555,12.01,5.783504034280746
21153,3.22,4.794335145140508
5284,3.5,5.783504034280746
7926,6.54,5.783504034280746
23148,4.07,5.783504034280746
5018,9.33,5.783504034280746
5469,3.52,5.587219853208799
601,3.57,5.783504034280746
23555,8.02,5.783504034280746
2749,7.12,5.783504034280746
5787,10.8,5.783504034280746
20828,8.03,5.783504034280746
20989,3.98,4.710711724102162
21593,3.28,5.783504034280746
13693,6.88,5.783504034280746
7690,5.38,5.783504034280746
16993,2.77,5.783504034280746
17956,3.94,5.783504034280746
1905,13.42,5.783504034280746
23669,4.46,5.783504034280746
2497,7.72,5.783504034280746
15747,2.6,5.783504034280746
6334,6.24,5.783504034280746
18948,5.32,5.783504034280746
23385,4.11,5.783504034280746
21771,6.45,5.783504034280746
23107,3.18,5.783504034280746
3199,8.26,5.783504034280746
18549,5.57,4.167994428347709
23018,4.18,5.783504034280746
12488,7.35,5.783504034280746
23359,2.33,5.783504034280746
13275,6.22,5.783504034280746
12817,17.72,5.783504034280746
9890,5.79,5.783504034280746
12961,17.94,5.783504034280746
3273,5.71,5.783504034280746
8516,5.36,5.783504034280746
5412,10.01,5.783504034280746
67,3.15,5.783504034280746
22536,2.13,5.783504034280746
1108,5.56,5.783504034280746
8344,6.44,5.783504034280746
17633,5.42,5.783504034280746
4201,7.65,5.783504034280746
11563,1.78,5.783504034280746
11899,2.97,5.783504034280746
14034,17.21,5.783504034280746
19942,6.86,4.756855692584072
4415,7.44,5.783504034280746
17702,3.55,5.783504034280746
16606,9.43,5.783504034280746
14441,9.47,5.783504034280746
23750,2.92,5.783504034280746
20728,2.48,5.783504034280746
12017,5.47,5.783504034280746
7642,4.78,5.783504034280746
22318,9.72,5.783504034280746
8871,4.31,5.783504034280746
4819,4.67,5.783504034280746
6679,5.18,5.783504034280746
18976,4.47,5.783504034280746
18413,3.76,5.783504034280746
6564,7.36,5.783504034280746
10591,5.71,3.1299809079103555
6600,4.61,5.783504034280746
5593,3.33,5.783504034280746
23122,3.84,5.783504034280746
3665,5.97,5.783504034280746
15923,4.11,5.783504034280746
17222,3.75,5.783504034280746
13325,5.04,5.783504034280746
23096,1.59,5.783504034280746
13405,1.75,5.783504034280746
3593,3.02,3.27077482242391
5187,4.97,5.783504034280746
13579,3.48,4.09078868238587
2450,7.82,5.783504034280746
1912,5.01,5.783504034280746
12014,4.94,5.783504034280746
7133,3.37,5.783504034280746
2315,2.05,3.6712977095987345
141,3.57,5.783504034280746
22985,4.77,5.783504034280746
176,4.69,5.783504034280746
11711,4.21,5.783504034280746
17539,3.32,5.783504034280746
3427,1.94,5.783504034280746
22232,3.75,5.783504034280746
18344,3.5,5.783504034280746
7140,1.79,5.783504034280746
7772,2.86,5.783504034280746
8254,17.59,5.783504034280746
17695,2.92,5.783504034280746
8064,8.05,5.783504034280746
5136,6.11,4.53347806876688
23558,18.41,5.783504034280746
14423,7.9,5.783504034280746
115,4.18,5.783504034280746
16983,1.08,5.783504034280746
223,2.81,5.783504034280746
3719,20.95,5.783504034280746
9209,5.13,5.783504034280746
12117,2.28,5.783504034280746
772,3.87,5.783504034280746
10158,6.8,5.783504034280746
23395,7.52,5.783504034280746
11460,4.5,5.783504034280746
11023,3.59,4.978413032746467
20533,1.1,5.783504034280746
7555,6.1,5.783504034280746
3438,0.77,5.783504034280746
16161,4.59,5.783504034280746
21356,3.44,5.783504034280746
6942,17.55,5.783504034280746
5162,6.04,5.783504034280746
12158,5.13,5.783504034280746
6395,2.72,5.783504034280746
15391,8.42,5.783504034280746
7394,5.39,5.783504034280746
7706,2.21,5.783504034280746
21180,4.7,5.783504034280746
10696,10.6,5.783504034280746
22290,3.79,4.161785299752158
7580,3.33,5.783504034280746
860,3.21,5.783504034280746
10275,5.5,5.783504034280746
19999,7.25,4.074786936537995
23305,3.22,5.783504034280746
17084,7.32,5.783504034280746
22807,3.88,5.783504034280746
9713,12.4,5.783504034280746
11125,4.19,5.783504034280746
15536,15.36,5.783504034280746
21869,3.94,4.390094421391017
14417,6.43,5.783504034280746
18335,3.96,5.783504034280746
13469,7.69,5.783504034280746
7826,9.12,5.783504034280746
2274,3.28,5.783504034280746
12354,2.59,5.783504034280746
10962,2.94,2.3259099061031367
1060,4.54,5.783504034280746
1084,1.63,5.783504034280746
23582,1.6,5.783504034280746
14661,2.29,5.783504034280746
22514,2.22,5.783504034280746
19307,3.71,5.783504034280746
9859,3.56,3.4020390014338844
2338,5.7,5.783504034280746
6833,2.85,5.783504034280746
20760,6.21,5.783504034280746
14166,2.71,5.783504034280746
821,6.56,4.939306015579222
2710,2.8,5.783504034280746
4999,4.13,5.783504034280746
