,y_test,prediction
446,4.2,5.768780953433002
6137,0.33,5.768780953433002
19016,0.32,5.768780953433002
23909,2.64,5.768780953433002
12609,5.3,5.768780953433002
17284,3.57,5.768780953433002
6782,0.03,5.768780953433002
14538,2.91,5.768780953433002
13141,3.88,5.768780953433002
11423,8.97,5.768780953433002
5251,8.14,5.768780953433002
18639,6.8,4.270298370127701
21216,2.19,5.768780953433002
19339,4.18,5.768780953433002
14177,3.35,5.049709530031654
8617,15.74,5.768780953433002
737,2.03,5.768780953433002
1546,2.24,5.768780953433002
2075,3.31,5.768780953433002
7967,7.95,5.768780953433002
20166,4.27,5.768780953433002
13861,4.06,3.908880160733712
1697,7.07,5.768780953433002
9876,10.72,5.768780953433002
10891,19.74,5.768780953433002
11785,3.92,5.768780953433002
6513,6.92,5.768780953433002
19546,5.52,5.768780953433002
5241,8.72,5.768780953433002
11608,4.76,5.768780953433002
20093,0.01,5.768780953433002
13667,4.72,5.768780953433002
4015,3.27,4.357952204548479
23521,11.25,5.768780953433002
6239,7.6,5.768780953433002
12701,2.66,5.768780953433002
5352,16.75,5.768780953433002
10779,9.18,5.768780953433002
5503,8.6,5.768780953433002
3441,0.75,5.768780953433002
14530,4.38,5.768780953433002
12097,4.54,5.768780953433002
11316,6.44,5.768780953433002
557,46.67,5.768780953433002
9295,4.24,5.768780953433002
2490,5.89,5.768780953433002
16960,8.13,5.768780953433002
23641,4.29,5.768780953433002
17452,0.96,5.768780953433002
589,5.89,5.768780953433002
16063,13.46,5.768780953433002
9943,4.37,5.768780953433002
13128,5.6,5.768780953433002
6017,8.29,5.768780953433002
1381,5.49,5.768780953433002
11511,2.44,5.768780953433002
14147,3.55,5.768780953433002
7687,5.58,5.768780953433002
21221,2.14,5.768780953433002
7891,0.01,5.768780953433002
4536,9.48,5.768780953433002
10305,0.29,5.768780953433002
16978,0.22,5.768780953433002
21493,3.05,5.768780953433002
21539,5.16,5.768780953433002
5963,4.99,5.768780953433002
338,8.08,5.768780953433002
12631,2.39,5.768780953433002
20247,3.14,5.768780953433002
15480,1.21,5.768780953433002
20523,1.55,5.768780953433002
2886,3.16,5.768780953433002
7856,3.78,5.768780953433002
17304,0.31,5.768780953433002
2188,7.58,5.768780953433002
12684,3.06,5.768780953433002
9059,3.63,5.768780953433002
22695,11.79,5.768780953433002
2276,4.15,5.768780953433002
10569,2.94,4.135021329912682
23456,4.97,5.768780953433002
22761,3.94,5.768780953433002
15112,8.55,5.768780953433002
8184,13.34,5.768780953433002
15976,8.64,5.768780953433002
9994,2.48,5.768780953433002
17301,3.33,5.768780953433002
3691,2.54,5.768780953433002
20587,6.48,5.768780953433002
9266,9.62,5.768780953433002
4941,8.82,5.768780953433002
13537,7.83,5.768780953433002
16862,3.92,5.768780953433002
2773,4.7,5.768780953433002
2634,2.8,5.768780953433002
9895,5.5,5.768780953433002
9906,4.16,5.768780953433002
11643,9.86,5.768780953433002
2500,15.03,5.768780953433002
22015,2.24,5.768780953433002
6097,5.99,5.768780953433002
4872,18.53,5.768780953433002
10936,9.3,5.768780953433002
20702,1.6,5.768780953433002
3899,3.96,5.768780953433002
805,1.27,5.768780953433002
5062,4.94,5.768780953433002
5600,10.16,5.768780953433002
1506,5.08,5.768780953433002
9384,6.84,5.768780953433002
6871,8.05,5.768780953433002
1591,4.62,5.768780953433002
4989,2.66,5.768780953433002
19003,6.22,5.768780953433002
14471,35.12,5.768780953433002
5692,5.18,5.520237778207775
16943,2.86,5.768780953433002
15331,8.89,4.877347183001114
11335,6.68,5.768780953433002
2812,7.08,5.768780953433002
18409,4.2,5.768780953433002
5862,4.31,5.768780953433002
189,2.59,5.768780953433002
6444,4.5,5.768780953433002
14909,7.64,5.768780953433002
1948,6.62,5.768780953433002
17811,4.27,5.768780953433002
22262,4.23,3.986559445413191
19767,7.07,5.768780953433002
5564,2.43,5.768780953433002
5820,2.28,3.8514785224664716
20739,10.25,5.768780953433002
23548,5.13,5.768780953433002
17249,4.3,5.768780953433002
19719,2.16,5.768780953433002
8232,4.86,5.768780953433002
22487,3.05,5.768780953433002
5460,3.73,5.768780953433002
23760,3.63,5.768780953433002
9339,1.81,5.768780953433002
6832,3.73,5.768780953433002
4435,4.13,4.288534413421242
9201,4.14,5.768780953433002
3901,4.92,5.768780953433002
19545,7.32,5.768780953433002
2766,33.13,5.768780953433002
20184,3.99,5.768780953433002
11733,3.64,5.768780953433002
10192,3.55,4.122753922001199
6781,0.03,5.768780953433002
8011,3.19,4.589729324749911
22021,6.39,5.768780953433002
818,0.5,5.768780953433002
5086,8.85,5.768780953433002
10441,2.41,5.768780953433002
22310,4.28,5.768780953433002
3285,7.44,5.768780953433002
21147,4.78,5.768780953433002
13044,4.08,5.768780953433002
23878,4.36,5.768780953433002
17398,10.8,5.768780953433002
7071,7.45,5.768780953433002
17826,3.7,5.768780953433002
12998,4.01,5.768780953433002
20586,3.55,5.768780953433002
20097,0.01,5.768780953433002
20220,5.17,5.768780953433002
4336,3.83,3.8870556076904035
21111,11.05,6.052180152875154
2980,2.59,5.768780953433002
19860,2.21,5.768780953433002
18559,5.44,5.768780953433002
8047,6.28,5.768780953433002
4330,6.61,5.768780953433002
6028,1.65,5.768780953433002
15049,6.72,5.768780953433002
23227,3.21,5.768780953433002
11443,3.33,5.768780953433002
19811,6.78,5.768780953433002
12141,5.49,5.768780953433002
20252,3.48,5.768780953433002
7671,4.73,5.768780953433002
20767,5.26,5.768780953433002
12464,4.67,5.768780953433002
12177,4.43,5.768780953433002
13254,5.52,5.768780953433002
20725,5.43,5.768780953433002
5249,10.1,5.768780953433002
7661,2.5,5.768780953433002
23046,3.84,5.768780953433002
17236,4.73,5.768780953433002
22210,3.57,5.768780953433002
14228,4.21,5.768780953433002
6657,5.15,5.768780953433002
18947,4.75,5.768780953433002
15224,16.57,5.768780953433002
316,5.19,5.768780953433002
20952,0.02,5.768780953433002
14619,5.93,5.768780953433002
9658,4.05,5.768780953433002
1681,3.31,5.768780953433002
13642,6.61,3.2329493726820213
17167,10.01,5.768780953433002
7845,5.29,5.768780953433002
20957,0.04,5.768780953433002
12432,5.02,5.768780953433002
21293,14.79,5.768780953433002
17974,10.94,5.768780953433002
12198,4.76,5.768780953433002
11516,0.02,4.379540346354881
23216,3.34,5.768780953433002
5050,2.61,5.768780953433002
14156,3.15,5.768780953433002
3918,8.07,5.768780953433002
13612,7.99,5.768780953433002
6910,3.36,5.768780953433002
20671,2.08,5.768780953433002
787,3.73,4.467529330711802
280,9.8,5.768780953433002
21806,3.7,5.768780953433002
2557,18.16,5.768780953433002
10191,2.09,4.851549062885789
20157,0.04,5.768780953433002
8253,6.82,5.768780953433002
6112,1.34,5.768780953433002
3629,6.05,5.768780953433002
7907,0.0,5.768780953433002
22313,3.36,5.768780953433002
15285,3.99,3.9642643630930605
14966,4.26,5.768780953433002
9646,2.28,5.768780953433002
22538,3.12,5.768780953433002
8754,4.16,5.768780953433002
6477,5.05,5.768780953433002
18146,5.22,5.768780953433002
17455,0.91,5.768780953433002
21610,3.21,5.768780953433002
4317,5.97,5.768780953433002
20730,2.21,5.768780953433002
18751,9.73,5.768780953433002
18220,8.17,5.768780953433002
2945,2.5,5.768780953433002
11987,3.38,5.768780953433002
12753,11.73,5.768780953433002
18362,4.43,5.768780953433002
10838,8.86,5.768780953433002
8912,0.49,5.768780953433002
11488,4.83,5.768780953433002
10116,16.97,5.768780953433002
8802,4.2,3.5361133495167585
20817,9.88,5.768780953433002
23823,5.28,5.768780953433002
19972,40.35,5.768780953433002
13432,0.46,5.768780953433002
16918,4.24,5.768780953433002
14365,4.72,5.768780953433002
11731,2.73,5.768780953433002
15669,6.52,5.768780953433002
15798,3.48,5.768780953433002
10977,30.62,5.768780953433002
22541,4.35,5.768780953433002
21472,3.23,5.768780953433002
18466,3.51,5.768780953433002
1773,3.9,5.768780953433002
13517,6.36,5.768780953433002
6012,12.24,5.768780953433002
216,2.89,5.768780953433002
4444,8.49,5.768780953433002
16085,8.91,5.768780953433002
20787,7.77,5.768780953433002
18773,8.31,5.768780953433002
20382,2.45,5.768780953433002
19960,7.0,5.768780953433002
2414,4.46,5.768780953433002
85,2.2,5.768780953433002
15378,3.79,5.768780953433002
11562,9.14,5.768780953433002
1656,6.58,5.768780953433002
1684,5.11,5.768780953433002
2105,0.35,5.768780953433002
15438,2.11,5.768780953433002
18622,3.04,5.548485106448304
23166,2.98,5.768780953433002
15363,4.26,5.768780953433002
22410,2.49,5.768780953433002
11328,13.36,5.768780953433002
9367,3.34,5.768780953433002
1515,4.37,5.768780953433002
851,3.53,5.768780953433002
3491,3.97,5.768780953433002
23337,4.58,5.768780953433002
23593,3.34,5.768780953433002
13840,13.6,5.768780953433002
15625,6.88,5.768780953433002
8696,7.75,5.768780953433002
12717,6.05,5.768780953433002
18147,13.16,5.768780953433002
22764,3.67,5.768780953433002
20409,6.11,5.768780953433002
15361,7.02,5.768780953433002
8543,2.95,5.768780953433002
2147,9.24,5.768780953433002
9361,1.29,5.768780953433002
13859,2.21,5.768780953433002
19116,3.68,5.768780953433002
23173,5.69,5.768780953433002
3275,4.11,5.768780953433002
18825,8.81,5.768780953433002
16513,7.67,5.768780953433002
9772,4.37,5.768780953433002
4836,3.14,5.768780953433002
18580,18.77,5.768780953433002
1924,5.36,4.3189038311689725
18782,0.52,5.123142667884507
14922,6.62,4.654590298900178
135,3.5,5.768780953433002
22085,4.67,5.768780953433002
11690,16.29,5.768780953433002
17745,7.74,5.768780953433002
9270,5.24,5.768780953433002
12494,7.51,5.768780953433002
14766,1.49,5.768780953433002
19511,3.82,4.123883077675835
17295,17.16,5.768780953433002
13986,7.29,5.768780953433002
1659,5.31,5.768780953433002
70,5.76,3.881522286656306
320,3.31,5.768780953433002
13282,9.8,5.768780953433002
17971,13.42,5.768780953433002
17577,5.89,5.768780953433002
23079,7.11,5.768780953433002
6856,3.73,5.768780953433002
9735,2.89,3.535823827535861
14043,0.97,5.768780953433002
4681,3.26,5.768780953433002
1122,8.86,5.768780953433002
10398,1.74,3.6765696722715204
11928,3.55,5.768780953433002
4346,3.96,4.939688603125356
11684,7.72,5.768780953433002
11800,3.19,5.768780953433002
16116,10.82,5.768780953433002
5049,5.19,4.787393716289869
2572,7.04,5.768780953433002
12371,2.42,5.768780953433002
1915,4.17,5.768780953433002
281,12.65,5.768780953433002
23753,3.74,5.768780953433002
21034,0.5,5.768780953433002
15576,1.68,5.768780953433002
17189,2.01,5.768780953433002
11921,5.57,5.768780953433002
4889,4.51,5.768780953433002
23035,2.68,5.768780953433002
21376,3.16,5.768780953433002
13869,5.73,5.768780953433002
3262,5.25,5.768780953433002
5046,5.95,5.768780953433002
19194,4.51,5.768780953433002
5807,2.69,5.768780953433002
2430,4.46,4.715766198741942
7238,2.74,5.768780953433002
16276,6.36,5.768780953433002
309,0.95,5.768780953433002
11031,2.7,5.768780953433002
5810,3.7,5.768780953433002
18100,3.07,5.768780953433002
1489,2.43,5.768780953433002
22479,6.45,5.768780953433002
18197,0.79,5.768780953433002
6365,6.09,5.148043593998603
154,4.55,5.768780953433002
23272,2.78,5.768780953433002
1917,3.06,5.768780953433002
14996,6.26,5.768780953433002
4281,0.56,5.768780953433002
10533,8.75,5.768780953433002
3429,2.75,5.768780953433002
13126,5.99,5.768780953433002
7311,9.54,5.768780953433002
11354,2.2,5.768780953433002
22881,3.45,5.768780953433002
15929,2.43,5.768780953433002
19314,1.95,5.768780953433002
2201,12.63,5.768780953433002
20124,19.92,5.768780953433002
6336,5.11,5.768780953433002
8880,2.36,5.768780953433002
8595,2.8,4.606557936166515
22618,4.65,5.768780953433002
23890,6.17,5.768780953433002
17906,1.57,5.768780953433002
19396,1.49,5.768780953433002
15881,2.37,4.019510126529378
23401,4.27,5.768780953433002
15665,8.07,5.768780953433002
910,5.82,5.768780953433002
15511,2.64,5.768780953433002
16341,2.55,5.768780953433002
5109,1.85,5.768780953433002
5985,12.44,5.768780953433002
13828,6.29,5.768780953433002
15362,6.85,5.768780953433002
2047,4.62,5.231036591960106
1166,5.85,5.768780953433002
20236,5.08,5.768780953433002
20146,0.09,5.768780953433002
21627,8.27,5.768780953433002
8615,16.6,4.66496539221108
19330,2.64,5.768780953433002
103,3.57,5.768780953433002
23746,1.9,5.768780953433002
6122,5.41,4.532584726197472
22753,3.09,5.768780953433002
4574,2.58,5.768780953433002
11908,13.54,5.768780953433002
14550,4.76,5.768780953433002
23197,3.98,5.768780953433002
8885,2.7,5.768780953433002
7679,2.85,5.768780953433002
4211,6.07,5.768780953433002
7818,0.69,5.768780953433002
23977,2.29,5.768780953433002
18410,4.41,5.768780953433002
10476,4.25,5.768780953433002
8060,9.9,5.768780953433002
21909,2.7,5.768780953433002
12375,1.55,5.768780953433002
10940,8.86,5.768780953433002
8435,3.72,5.768780953433002
7913,0.01,5.768780953433002
18776,0.55,5.768780953433002
20838,7.25,5.768780953433002
4907,4.45,5.768780953433002
22428,3.3,5.768780953433002
16967,2.13,5.768780953433002
2013,17.58,5.768780953433002
3804,8.72,5.768780953433002
2916,3.97,5.768780953433002
13781,5.17,5.768780953433002
6405,0.66,5.768780953433002
13765,3.72,5.768780953433002
23135,4.32,5.768780953433002
14860,4.37,5.768780953433002
8808,3.87,5.047076822708605
16779,10.26,5.768780953433002
23527,4.26,5.768780953433002
6484,3.57,5.768780953433002
12666,8.13,5.768780953433002
8658,7.06,5.768780953433002
11102,51.56,5.768780953433002
1313,5.98,5.768780953433002
5311,3.46,3.739136075536591
18224,7.61,5.768780953433002
17838,3.66,5.768780953433002
681,5.74,5.768780953433002
1835,3.11,4.793207673242749
526,4.45,5.768780953433002
12907,11.92,5.768780953433002
6397,2.01,5.768780953433002
10713,8.03,5.768780953433002
22706,2.94,5.768780953433002
17170,9.25,5.768780953433002
21393,3.95,5.354178679944349
22952,1.82,5.768780953433002
3570,2.77,5.768780953433002
16773,3.66,5.768780953433002
1956,6.42,5.768780953433002
22363,4.13,5.768780953433002
21899,4.9,5.927975443467414
6890,5.46,5.768780953433002
23118,2.35,5.768780953433002
22333,8.28,5.768780953433002
4048,6.82,5.768780953433002
16689,1.87,5.768780953433002
15914,2.13,5.768780953433002
23628,4.88,5.768780953433002
18470,3.29,5.768780953433002
9797,22.5,5.768780953433002
13008,10.75,5.768780953433002
20925,7.11,5.768780953433002
18468,4.47,5.768780953433002
23882,3.87,5.768780953433002
9243,4.61,5.768780953433002
22642,4.63,5.768780953433002
1334,8.62,5.331967435384203
11606,6.01,5.768780953433002
3035,9.78,5.768780953433002
5753,2.7,5.768780953433002
22904,10.13,5.768780953433002
6253,8.03,5.768780953433002
18317,4.16,5.768780953433002
6877,7.63,5.768780953433002
6945,9.05,5.768780953433002
1794,4.17,5.768780953433002
10664,0.65,5.768780953433002
23498,6.74,5.768780953433002
21012,0.91,5.768780953433002
9520,15.53,5.768780953433002
3942,2.96,5.768780953433002
13675,2.5,5.768780953433002
5344,3.68,5.768780953433002
1434,7.43,5.768780953433002
16972,2.28,5.768780953433002
22801,6.81,5.768780953433002
21011,4.41,5.768780953433002
8962,4.24,5.768780953433002
13563,15.26,5.768780953433002
14673,5.93,4.963740153071042
14012,11.8,5.768780953433002
22057,3.38,5.768780953433002
3678,11.2,5.768780953433002
13608,7.19,5.768780953433002
15573,7.62,5.768780953433002
2554,15.69,5.768780953433002
6167,3.79,5.768780953433002
11815,3.15,5.768780953433002
13187,4.43,5.768780953433002
8825,4.21,5.768780953433002
8068,7.85,5.768780953433002
7096,5.17,5.768780953433002
15188,2.34,5.768780953433002
1757,7.08,5.768780953433002
17321,4.24,5.768780953433002
22641,3.68,5.768780953433002
1125,5.21,5.768780953433002
12884,9.23,4.338323400400918
15458,10.25,5.768780953433002
22145,2.66,5.768780953433002
14488,0.01,5.768780953433002
13350,18.49,5.768780953433002
22879,6.49,5.768780953433002
23971,5.86,5.768780953433002
1130,2.56,5.768780953433002
7093,11.0,5.768780953433002
22214,2.36,5.768780953433002
17916,9.5,5.768780953433002
8086,2.65,5.768780953433002
15840,3.12,5.768780953433002
22269,5.22,5.768780953433002
12003,1.62,5.768780953433002
17062,5.65,5.768780953433002
13988,6.33,5.768780953433002
8759,2.63,5.768780953433002
301,0.5,5.768780953433002
2951,2.52,5.768780953433002
2654,5.41,5.768780953433002
16688,8.94,5.768780953433002
22164,2.98,3.7856343661246665
9014,7.0,5.086303143406335
14217,17.34,5.768780953433002
675,3.91,5.768780953433002
10760,4.57,5.768780953433002
9161,3.8,5.768780953433002
6169,2.09,5.768780953433002
265,9.3,5.768780953433002
10516,1.16,3.4650245619030766
23485,8.59,5.768780953433002
21150,4.64,5.768780953433002
11746,4.29,5.768780953433002
5815,2.92,4.276671484389197
21274,2.5,5.768780953433002
14625,3.28,5.768780953433002
8973,80.34,5.768780953433002
15543,8.93,5.768780953433002
2078,2.72,5.768780953433002
20114,4.46,5.768780953433002
13815,2.26,5.768780953433002
15874,3.98,5.768780953433002
15696,9.29,5.768780953433002
20885,23.15,5.768780953433002
16333,33.18,5.768780953433002
19011,0.39,5.768780953433002
21144,4.89,5.768780953433002
6894,4.72,5.768780953433002
11131,3.5,3.56508293938092
21019,0.78,5.768780953433002
11038,3.05,5.768780953433002
21063,0.22,5.768780953433002
22561,4.35,5.768780953433002
18959,0.47,5.768780953433002
712,0.23,5.768780953433002
17564,2.31,5.768780953433002
9379,5.06,5.768780953433002
14576,5.03,5.768780953433002
23678,3.13,5.768780953433002
14200,3.76,5.768780953433002
23094,1.9,5.768780953433002
7343,5.62,5.768780953433002
6702,11.99,5.768780953433002
19726,5.3,5.768780953433002
23327,7.25,5.768780953433002
5219,2.72,5.768780953433002
4539,9.24,5.768780953433002
6872,5.12,5.768780953433002
23612,6.3,5.768780953433002
20267,2.93,5.768780953433002
12321,2.91,5.768780953433002
6812,0.01,5.768780953433002
8178,7.02,5.768780953433002
15535,14.78,5.768780953433002
17012,2.31,5.768780953433002
4738,4.64,5.768780953433002
15390,6.1,5.768780953433002
19126,3.3,3.396162589383689
1408,5.66,5.768780953433002
18536,12.47,5.768780953433002
17829,2.98,5.768780953433002
166,12.51,5.768780953433002
15556,1.76,5.768780953433002
5419,4.9,5.768780953433002
11695,5.8,5.768780953433002
19993,0.29,5.768780953433002
6427,4.11,5.768780953433002
21412,4.65,5.768780953433002
23980,7.45,5.768780953433002
3552,3.93,4.78159591028347
22685,3.41,5.768780953433002
18760,11.02,5.768780953433002
14193,5.67,5.768780953433002
21993,0.03,5.768780953433002
20618,2.44,4.646696790699044
5744,3.32,5.232882323312231
14854,2.98,3.617747643415034
21024,1.43,5.768780953433002
6019,7.5,5.768780953433002
11413,1.28,5.768780953433002
19921,6.44,5.768780953433002
5992,2.2,5.768780953433002
22840,3.07,5.768780953433002
9784,5.92,5.768780953433002
15181,3.43,5.768780953433002
1962,4.86,5.768780953433002
2620,4.05,5.768780953433002
15887,4.87,5.768780953433002
11569,4.31,5.768780953433002
1054,4.04,5.768780953433002
13230,8.52,5.768780953433002
21427,2.34,4.896408833172605
2573,6.84,5.768780953433002
17620,3.73,5.768780953433002
19375,9.23,5.768780953433002
12165,11.47,5.768780953433002
15084,2.7,5.768780953433002
11851,5.03,5.768780953433002
2397,2.98,5.768780953433002
16684,6.73,5.768780953433002
4263,5.5,5.768780953433002
20081,4.28,5.768780953433002
7676,2.95,5.768780953433002
16666,1.76,5.768780953433002
11471,2.94,5.768780953433002
7712,5.62,5.768780953433002
21267,2.13,6.534696066757884
17992,11.01,5.768780953433002
8393,3.54,5.768780953433002
16566,5.35,5.768780953433002
1219,4.32,5.768780953433002
15343,11.96,5.768780953433002
17887,2.64,5.768780953433002
7537,3.39,4.240997780718961
23712,2.89,5.768780953433002
21915,0.6,5.768780953433002
18341,2.69,3.6605368167505152
299,0.95,5.768780953433002
1646,8.48,5.768780953433002
13818,5.69,5.768780953433002
3707,4.46,5.768780953433002
5201,4.68,5.768780953433002
5558,5.06,5.768780953433002
16759,6.93,5.768780953433002
23648,5.51,5.768780953433002
8852,7.9,5.768780953433002
531,5.39,5.768780953433002
1236,10.77,5.768780953433002
2469,2.36,5.768780953433002
11859,2.78,5.768780953433002
14299,7.02,5.768780953433002
4644,8.54,5.768780953433002
20271,4.0,4.461907818607807
9817,9.2,5.768780953433002
13428,0.26,5.768780953433002
10025,4.93,5.768780953433002
9135,1.74,5.768780953433002
18164,4.15,5.768780953433002
13158,4.76,5.768780953433002
10714,13.75,5.768780953433002
23152,5.55,5.768780953433002
22965,3.87,5.768780953433002
12039,4.69,5.768780953433002
5960,11.68,5.768780953433002
6123,2.52,5.768780953433002
3395,18.11,5.768780953433002
6109,0.9,5.768780953433002
7091,2.65,5.768780953433002
22589,4.64,5.768780953433002
4633,3.33,5.768780953433002
22352,5.53,4.205709872772364
18133,3.32,5.768780953433002
554,24.42,5.768780953433002
21987,0.45,5.768780953433002
20522,2.16,5.768780953433002
15384,8.71,5.768780953433002
13924,5.37,5.768780953433002
9798,22.61,5.768780953433002
18823,13.42,5.768780953433002
11128,4.69,5.524905771957537
12012,3.42,5.768780953433002
14164,5.16,5.768780953433002
9821,6.39,5.768780953433002
11287,2.32,5.768780953433002
14153,4.05,5.768780953433002
14751,4.63,5.768780953433002
23717,4.09,5.768780953433002
7900,0.09,5.768780953433002
12108,3.14,5.768780953433002
22247,2.94,5.768780953433002
16655,0.1,5.768780953433002
9330,1.97,5.768780953433002
19186,2.55,5.768780953433002
23723,2.87,5.768780953433002
10978,24.86,5.768780953433002
13723,0.01,5.768780953433002
2811,6.5,5.768780953433002
1303,6.59,5.768780953433002
17646,6.91,5.768780953433002
13677,1.77,5.768780953433002
1092,0.74,5.768780953433002
20543,6.83,5.768780953433002
16210,4.33,5.768780953433002
12189,1.91,5.768780953433002
3886,1.92,5.768780953433002
14659,3.6,5.768780953433002
7897,0.01,5.768780953433002
4134,1.97,5.768780953433002
23249,2.76,5.768780953433002
6389,3.48,5.768780953433002
23644,3.39,5.768780953433002
18940,15.16,5.768780953433002
18011,4.29,5.768780953433002
13908,8.78,5.768780953433002
21169,9.92,5.768780953433002
10661,0.25,5.768780953433002
11025,7.17,5.186636977575427
11792,3.76,5.768780953433002
22864,10.61,5.768780953433002
12015,3.61,5.768780953433002
22592,3.26,5.768780953433002
23428,0.62,5.768780953433002
6864,7.22,5.768780953433002
1123,11.57,5.768780953433002
853,6.17,5.768780953433002
7883,0.0,5.768780953433002
8340,6.23,5.768780953433002
6817,0.03,5.768780953433002
7065,3.9,5.768780953433002
793,3.32,5.768780953433002
8173,13.02,5.768780953433002
9232,9.26,5.768780953433002
15313,4.36,5.768780953433002
15265,5.95,5.768780953433002
11008,2.5,5.768780953433002
4008,5.83,5.768780953433002
306,0.72,5.768780953433002
4862,4.52,5.768780953433002
1116,9.7,5.768780953433002
23634,12.72,5.768780953433002
11636,8.45,5.768780953433002
4151,4.49,5.768780953433002
13375,4.99,5.768780953433002
9441,4.61,5.768780953433002
12495,6.52,5.768780953433002
4262,9.01,5.768780953433002
16683,2.26,4.466489194175984
13204,1.16,5.768780953433002
3693,2.6,5.768780953433002
7086,1.28,5.768780953433002
14697,5.59,5.768780953433002
22268,2.42,4.37119003253645
12711,8.54,5.768780953433002
3882,5.81,5.768780953433002
6412,3.77,5.768780953433002
10202,4.14,5.768780953433002
10553,3.14,4.061911740346691
4884,3.63,4.068802954245159
15117,5.22,5.768780953433002
9099,4.44,5.768780953433002
16855,1.95,5.768780953433002
5747,3.53,5.768780953433002
23506,3.93,5.768780953433002
8140,8.56,5.768780953433002
919,4.98,5.768780953433002
16633,15.09,5.768780953433002
11578,7.99,5.768780953433002
12172,8.79,5.768780953433002
15947,7.18,5.768780953433002
8725,14.42,5.768780953433002
9414,5.54,5.768780953433002
23729,3.05,5.768780953433002
17881,4.06,5.768780953433002
61,6.08,5.768780953433002
10453,2.94,5.768780953433002
9184,1.93,5.768780953433002
7817,0.9,5.768780953433002
31,4.15,5.768780953433002
3563,14.38,5.768780953433002
4184,7.28,5.768780953433002
1157,6.91,5.820739935985068
17972,9.83,5.768780953433002
5798,2.38,5.768780953433002
17317,0.01,5.768780953433002
9648,2.69,5.768780953433002
8644,6.59,5.119503769058968
8945,7.86,5.768780953433002
9824,6.29,5.768780953433002
1178,6.51,5.768780953433002
19188,7.24,5.768780953433002
10535,9.79,5.768780953433002
16647,24.36,5.768780953433002
12585,5.46,5.768780953433002
6949,7.69,5.768780953433002
22770,2.83,5.768780953433002
8248,7.55,5.768780953433002
2194,8.22,5.768780953433002
4141,2.85,3.8305375128367327
14632,4.29,5.768780953433002
23846,4.01,5.768780953433002
16879,3.48,5.768780953433002
9628,3.96,5.768780953433002
5881,4.05,4.308324630575646
13273,3.61,5.768780953433002
19700,10.9,5.768780953433002
23432,0.7,5.768780953433002
7522,3.67,5.768780953433002
19026,3.53,5.768780953433002
20173,3.65,5.768780953433002
20794,7.11,5.768780953433002
10266,4.01,5.809020835755066
22509,7.43,5.768780953433002
23810,2.64,5.768780953433002
18644,3.07,5.768780953433002
663,5.85,5.768780953433002
14687,7.29,5.768780953433002
9083,7.47,4.562789873302134
18998,4.47,5.768780953433002
17749,5.94,5.768780953433002
3727,6.94,5.768780953433002
13836,3.33,5.768780953433002
1498,7.18,5.768780953433002
13241,3.45,5.768780953433002
7597,4.59,5.768780953433002
19045,15.59,5.768780953433002
22611,3.0,5.768780953433002
8583,8.08,5.768780953433002
13070,3.57,5.768780953433002
22836,3.29,5.768780953433002
3384,6.11,5.768780953433002
10619,4.21,5.768780953433002
291,3.55,5.768780953433002
15454,11.36,5.768780953433002
21691,3.31,5.768780953433002
17768,5.83,5.768780953433002
1482,2.97,5.768780953433002
16377,3.01,5.768780953433002
12890,4.57,5.768780953433002
17266,4.78,5.768780953433002
17057,1.22,5.768780953433002
14011,15.56,5.768780953433002
2129,6.26,5.768780953433002
22729,4.43,5.768780953433002
8772,4.19,5.768780953433002
13893,0.01,5.768780953433002
17751,5.4,5.768780953433002
3734,2.61,5.768780953433002
23262,5.82,5.768780953433002
19980,15.04,5.768780953433002
16528,4.3,5.768780953433002
612,3.29,5.768780953433002
23884,3.14,5.768780953433002
20170,4.2,5.768780953433002
3539,3.68,5.768780953433002
3582,5.1,5.768780953433002
12021,2.24,5.768780953433002
5128,0.55,5.768780953433002
14603,0.2,5.768780953433002
20674,1.47,5.768780953433002
20694,2.9,5.768780953433002
17387,4.05,5.768780953433002
1720,5.08,5.768780953433002
18907,16.5,5.768780953433002
19618,12.15,5.768780953433002
16310,3.03,4.059418318933107
18251,1.66,4.352135682774215
15602,2.84,4.44370208110282
10896,16.01,5.768780953433002
8559,0.41,5.768780953433002
11196,2.13,5.768780953433002
9334,1.39,5.768780953433002
5054,2.57,5.768780953433002
11919,6.69,5.768780953433002
7019,17.22,5.768780953433002
21266,4.16,5.768780953433002
23781,4.93,5.768780953433002
17670,5.91,5.768780953433002
21846,2.12,5.768780953433002
4379,5.44,5.768780953433002
778,2.17,5.768780953433002
18056,3.98,5.768780953433002
5952,5.59,5.768780953433002
19771,8.69,5.768780953433002
14610,4.15,5.768780953433002
8747,6.05,4.587567635112171
12856,3.86,5.768780953433002
21259,5.77,5.768780953433002
337,8.21,5.768780953433002
11432,11.68,5.768780953433002
16404,1.76,5.768780953433002
15298,3.48,5.768780953433002
7564,3.19,5.768780953433002
6362,3.71,5.768780953433002
13154,5.45,5.768780953433002
22484,2.44,5.768780953433002
6325,5.04,5.768780953433002
19312,1.49,5.768780953433002
5212,4.57,5.768780953433002
3933,7.91,5.768780953433002
14112,2.03,5.021723040689772
20942,9.23,5.768780953433002
11929,4.73,5.768780953433002
10384,7.07,5.768780953433002
7971,6.22,5.768780953433002
872,4.18,5.768780953433002
18108,5.56,5.768780953433002
19625,5.22,5.768780953433002
8331,3.97,5.768780953433002
9853,5.83,5.768780953433002
744,0.14,5.768780953433002
21739,5.45,5.768780953433002
18264,3.57,5.768780953433002
233,3.55,4.204051951890232
6072,13.43,5.768780953433002
5517,3.55,5.768780953433002
21178,2.75,5.768780953433002
12283,4.82,5.768780953433002
23519,4.14,5.768780953433002
11041,4.31,3.8243599881650754
23870,1.75,5.768780953433002
22389,3.28,5.768780953433002
21388,3.18,4.0703051431529484
13593,8.13,5.768780953433002
14065,4.13,5.768780953433002
15338,5.76,5.768780953433002
15276,3.02,5.768780953433002
10254,1.57,5.768780953433002
7433,5.45,5.768780953433002
14413,3.35,5.768780953433002
5233,12.22,5.768780953433002
10528,15.79,5.768780953433002
5588,3.01,5.768780953433002
15637,3.85,3.925014657038856
16060,3.64,5.768780953433002
22603,4.53,5.768780953433002
17153,5.93,5.768780953433002
19805,4.37,4.372079355952196
1306,9.15,5.768780953433002
4266,2.97,5.768780953433002
1941,2.62,5.768780953433002
5598,14.62,5.768780953433002
5296,8.92,5.768780953433002
17960,4.48,5.768780953433002
2631,2.67,5.768780953433002
17454,0.74,5.768780953433002
1021,3.39,5.768780953433002
9408,4.69,5.768780953433002
2655,6.11,5.768780953433002
18195,0.64,5.768780953433002
14448,3.01,4.416975054766164
620,11.05,5.768780953433002
19249,4.82,4.061344465333033
579,3.47,5.768780953433002
18261,6.2,5.768780953433002
8503,2.44,5.768780953433002
12407,3.11,5.768780953433002
6455,1.72,5.768780953433002
13475,3.76,5.768780953433002
1789,6.35,5.768780953433002
23129,4.83,5.768780953433002
8270,17.22,5.768780953433002
21390,6.02,6.713143155076236
11012,4.7,5.768780953433002
23098,1.94,5.768780953433002
21087,4.39,4.752259769727095
18602,4.25,5.768780953433002
2590,3.54,5.768780953433002
23748,8.68,5.768780953433002
2386,4.84,5.768780953433002
15585,1.83,5.768780953433002
3977,6.72,5.768780953433002
21656,5.56,5.768780953433002
6434,8.57,5.768780953433002
18169,5.26,5.768780953433002
22704,1.63,5.768780953433002
22507,7.21,5.768780953433002
4580,12.1,5.768780953433002
23261,2.34,5.768780953433002
19475,3.39,5.768780953433002
556,38.97,5.768780953433002
7489,5.46,5.768780953433002
6809,0.02,5.768780953433002
5275,2.54,5.768780953433002
21485,3.66,4.631944810258441
1867,4.09,5.768780953433002
4455,1.4,5.768780953433002
735,2.8,5.768780953433002
14133,0.0,5.768780953433002
1118,10.7,5.768780953433002
18733,2.22,5.768780953433002
20958,0.04,5.768780953433002
16416,0.1,5.768780953433002
845,1.63,5.768780953433002
23629,3.05,5.768780953433002
7331,9.25,5.768780953433002
8717,6.96,5.768780953433002
1819,10.53,5.768780953433002
6254,11.22,5.768780953433002
11905,2.86,5.768780953433002
22007,3.46,5.768780953433002
4268,3.74,5.768780953433002
20084,0.01,5.768780953433002
9513,5.89,5.768780953433002
16191,2.77,5.768780953433002
3799,1.94,5.768780953433002
15819,4.48,5.768780953433002
8732,11.24,5.768780953433002
1223,5.18,5.768780953433002
5736,6.77,5.768780953433002
1165,3.37,5.768780953433002
20607,4.48,5.768780953433002
16329,26.89,5.768780953433002
19132,10.56,5.768780953433002
23010,4.64,5.768780953433002
9662,5.11,5.768780953433002
6350,3.31,5.768780953433002
2586,4.74,5.768780953433002
13020,10.95,5.768780953433002
18356,2.56,5.768780953433002
11748,5.06,5.768780953433002
19968,38.47,5.768780953433002
22264,3.96,3.6719663783681393
9533,4.93,5.768780953433002
894,4.91,5.768780953433002
13514,4.04,5.768780953433002
11252,0.21,5.768780953433002
20918,5.93,5.768780953433002
14502,2.48,3.4047469587437913
7569,1.0,5.768780953433002
2120,6.59,5.768780953433002
178,9.04,5.768780953433002
15770,0.03,5.768780953433002
12456,7.02,5.768780953433002
17987,9.04,5.768780953433002
23365,2.64,5.768780953433002
8847,8.89,5.768780953433002
10922,5.2,5.505380641793629
6844,3.54,5.768780953433002
16644,30.95,5.768780953433002
14121,5.29,4.3821203481906705
20441,2.41,5.768780953433002
1484,2.75,5.768780953433002
16507,2.16,5.768780953433002
2788,4.0,5.768780953433002
1438,8.02,5.768780953433002
23253,4.22,5.768780953433002
16379,3.21,5.768780953433002
1516,5.15,5.768780953433002
21777,1.54,5.768780953433002
1505,3.13,4.723339130864028
6021,7.25,5.768780953433002
23987,4.47,5.768780953433002
21986,4.18,5.768780953433002
12262,3.21,5.768780953433002
22079,1.36,5.768780953433002
15406,5.64,5.768780953433002
19991,0.27,5.768780953433002
3744,8.06,5.768780953433002
2203,11.38,5.768780953433002
6161,2.26,5.768780953433002
718,12.75,5.768780953433002
11911,13.52,5.768780953433002
21254,8.41,5.768780953433002
20913,4.8,5.768780953433002
191,1.05,5.768780953433002
3993,4.94,5.4983264818822395
14056,1.81,4.895936126393192
12741,4.72,5.768780953433002
5073,4.55,5.768780953433002
17308,0.01,5.768780953433002
21481,3.98,5.768780953433002
4367,9.95,5.768780953433002
10377,8.1,5.768780953433002
19630,3.99,5.768780953433002
19784,10.58,5.768780953433002
10473,5.69,5.768780953433002
21397,3.59,5.768780953433002
10294,6.55,5.768780953433002
18516,3.48,5.768780953433002
19559,5.0,5.008039074596942
6171,7.8,5.768780953433002
2489,6.28,5.768780953433002
15852,3.57,5.768780953433002
6788,0.02,5.768780953433002
15763,2.42,5.768780953433002
23184,3.81,5.768780953433002
1899,15.6,5.768780953433002
5043,5.66,5.059605939097388
2019,4.8,5.768780953433002
11077,13.4,5.768780953433002
17698,3.41,5.768780953433002
2272,4.56,5.768780953433002
8501,4.02,5.768780953433002
2548,0.01,5.768780953433002
7901,0.03,5.768780953433002
21066,0.22,5.768780953433002
1135,9.38,5.768780953433002
1016,4.65,5.768780953433002
5192,8.99,5.768780953433002
17626,4.75,5.768780953433002
12397,5.41,5.768780953433002
14231,3.44,2.92253390514046
7802,5.18,5.768780953433002
13026,8.2,5.768780953433002
5713,6.85,5.768780953433002
3034,12.85,5.927564978345149
9132,1.59,5.768780953433002
21102,3.29,5.768780953433002
22750,4.1,5.768780953433002
19271,8.18,5.768780953433002
7758,8.74,5.768780953433002
14126,0.0,5.768780953433002
1300,4.59,5.768780953433002
21432,0.51,5.768780953433002
17724,8.74,5.768780953433002
12972,4.05,5.768780953433002
23232,4.63,5.768780953433002
14009,11.61,5.768780953433002
22104,6.51,5.768780953433002
17015,4.83,5.768780953433002
11634,9.26,5.768780953433002
22555,3.95,5.768780953433002
12515,1.66,5.768780953433002
11002,2.66,5.768780953433002
13441,2.02,4.458004594838696
16871,5.85,5.768780953433002
13936,8.7,5.768780953433002
410,2.4,5.768780953433002
1705,11.17,5.768780953433002
13854,1.58,5.768780953433002
10764,4.36,5.768780953433002
6148,3.85,5.768780953433002
23563,3.47,5.768780953433002
16070,10.99,5.768780953433002
3320,17.21,5.768780953433002
4420,4.4,5.768780953433002
18185,6.36,5.228912767500891
1520,6.08,4.952690723881477
14614,1.05,5.768780953433002
17223,4.26,5.768780953433002
8278,12.42,5.768780953433002
9996,11.21,5.768780953433002
19652,2.55,5.768780953433002
13129,5.45,5.768780953433002
8719,4.02,5.768780953433002
12769,1.32,5.768780953433002
22548,5.99,5.768780953433002
23466,2.93,5.768780953433002
8727,18.59,5.768780953433002
17177,6.61,5.768780953433002
972,4.68,5.768780953433002
7576,5.79,5.768780953433002
5170,1.14,5.768780953433002
12911,8.25,5.768780953433002
18807,5.8,5.768780953433002
21601,5.1,5.768780953433002
13581,3.02,5.768780953433002
3990,3.78,4.384065994959753
9493,5.03,5.768780953433002
6359,7.65,5.768780953433002
10088,5.26,5.768780953433002
2049,3.4,5.768780953433002
212,4.45,5.768780953433002
10599,2.34,5.768780953433002
2718,1.84,5.768780953433002
8419,6.22,4.940570019702483
15724,22.37,5.768780953433002
9691,1.48,5.768780953433002
22669,5.09,5.768780953433002
18820,14.46,5.768780953433002
5323,6.05,5.768780953433002
4290,1.94,3.8064231755032516
17054,3.08,5.768780953433002
22732,3.38,5.768780953433002
22822,3.35,5.768780953433002
23726,6.15,5.768780953433002
23369,5.12,5.768780953433002
7006,3.06,5.768780953433002
1462,4.81,5.768780953433002
17312,0.01,5.768780953433002
1986,3.34,5.768780953433002
5785,1.38,5.768780953433002
20608,4.54,5.768780953433002
5552,4.8,5.768780953433002
10728,3.74,5.768780953433002
11555,12.01,5.768780953433002
21153,3.22,4.877637552689229
5284,3.5,5.768780953433002
7926,6.54,5.768780953433002
23148,4.07,5.768780953433002
5018,9.33,5.768780953433002
5469,3.52,5.407575408100372
601,3.57,5.768780953433002
23555,8.02,5.768780953433002
2749,7.12,5.768780953433002
5787,10.8,5.768780953433002
20828,8.03,5.768780953433002
20989,3.98,5.098616134935621
21593,3.28,5.768780953433002
13693,6.88,5.768780953433002
7690,5.38,5.768780953433002
16993,2.77,5.768780953433002
17956,3.94,5.768780953433002
1905,13.42,5.768780953433002
23669,4.46,5.768780953433002
2497,7.72,5.768780953433002
15747,2.6,5.768780953433002
6334,6.24,5.768780953433002
18948,5.32,5.768780953433002
23385,4.11,5.768780953433002
21771,6.45,5.768780953433002
23107,3.18,5.768780953433002
3199,8.26,5.768780953433002
18549,5.57,4.382939197932117
23018,4.18,5.768780953433002
12488,7.35,5.768780953433002
23359,2.33,5.768780953433002
13275,6.22,5.768780953433002
12817,17.72,5.768780953433002
9890,5.79,5.768780953433002
12961,17.94,5.768780953433002
3273,5.71,5.768780953433002
8516,5.36,5.768780953433002
5412,10.01,5.768780953433002
67,3.15,5.768780953433002
22536,2.13,5.768780953433002
1108,5.56,5.768780953433002
8344,6.44,5.768780953433002
17633,5.42,5.768780953433002
4201,7.65,5.768780953433002
11563,1.78,5.768780953433002
11899,2.97,5.768780953433002
14034,17.21,5.768780953433002
19942,6.86,4.806820256710381
4415,7.44,5.768780953433002
17702,3.55,5.768780953433002
16606,9.43,5.768780953433002
14441,9.47,5.768780953433002
23750,2.92,5.768780953433002
20728,2.48,5.768780953433002
12017,5.47,5.768780953433002
7642,4.78,5.768780953433002
22318,9.72,5.768780953433002
8871,4.31,5.768780953433002
4819,4.67,5.768780953433002
6679,5.18,5.768780953433002
18976,4.47,5.768780953433002
18413,3.76,5.768780953433002
6564,7.36,5.768780953433002
10591,5.71,3.4831491257053973
6600,4.61,5.768780953433002
5593,3.33,5.768780953433002
23122,3.84,5.768780953433002
3665,5.97,5.768780953433002
15923,4.11,5.768780953433002
17222,3.75,5.768780953433002
13325,5.04,5.768780953433002
23096,1.59,5.768780953433002
13405,1.75,5.768780953433002
3593,3.02,3.355000738918998
5187,4.97,5.768780953433002
13579,3.48,4.409605784244332
2450,7.82,5.768780953433002
1912,5.01,5.768780953433002
12014,4.94,5.768780953433002
7133,3.37,5.768780953433002
2315,2.05,3.929320764993473
141,3.57,5.768780953433002
22985,4.77,5.768780953433002
176,4.69,5.768780953433002
11711,4.21,5.768780953433002
17539,3.32,5.768780953433002
3427,1.94,5.768780953433002
22232,3.75,5.768780953433002
18344,3.5,5.768780953433002
7140,1.79,5.768780953433002
7772,2.86,5.768780953433002
8254,17.59,5.768780953433002
17695,2.92,5.768780953433002
8064,8.05,5.768780953433002
5136,6.11,4.707085820152571
23558,18.41,5.768780953433002
14423,7.9,5.768780953433002
115,4.18,5.768780953433002
16983,1.08,5.768780953433002
223,2.81,5.768780953433002
3719,20.95,5.768780953433002
9209,5.13,5.768780953433002
12117,2.28,5.768780953433002
772,3.87,5.768780953433002
10158,6.8,5.768780953433002
23395,7.52,5.768780953433002
11460,4.5,5.768780953433002
11023,3.59,5.244498994113262
20533,1.1,5.768780953433002
7555,6.1,5.768780953433002
3438,0.77,5.768780953433002
16161,4.59,5.768780953433002
21356,3.44,5.768780953433002
6942,17.55,5.768780953433002
5162,6.04,5.768780953433002
12158,5.13,5.768780953433002
6395,2.72,5.768780953433002
15391,8.42,5.768780953433002
7394,5.39,5.768780953433002
7706,2.21,5.768780953433002
21180,4.7,5.768780953433002
10696,10.6,5.768780953433002
22290,3.79,4.421397131954837
7580,3.33,5.768780953433002
860,3.21,5.768780953433002
10275,5.5,5.768780953433002
19999,7.25,4.2754837220785396
23305,3.22,5.768780953433002
17084,7.32,5.768780953433002
22807,3.88,5.768780953433002
9713,12.4,5.768780953433002
11125,4.19,5.768780953433002
15536,15.36,5.768780953433002
21869,3.94,4.636544770193236
14417,6.43,5.768780953433002
18335,3.96,5.768780953433002
13469,7.69,5.768780953433002
7826,9.12,5.768780953433002
2274,3.28,5.768780953433002
12354,2.59,5.768780953433002
10962,2.94,2.3116366449910095
1060,4.54,5.768780953433002
1084,1.63,5.768780953433002
23582,1.6,5.768780953433002
14661,2.29,5.768780953433002
22514,2.22,5.768780953433002
19307,3.71,5.768780953433002
9859,3.56,3.676552133468962
2338,5.7,5.768780953433002
6833,2.85,5.768780953433002
20760,6.21,5.768780953433002
14166,2.71,5.768780953433002
821,6.56,5.251411030678685
2710,2.8,5.768780953433002
4999,4.13,5.768780953433002
