,y_test,prediction
8641,42.0,655.0528837847462
12421,107.0,52.96
6375,155.0,655.0528837847462
3519,9.0,655.0528837847462
9262,44.0,91.4
5075,423.0,655.0528837847462
5068,24.0,101.0
23126,99.0,655.0528837847462
1203,12.0,47.57
15560,167.0,655.0528837847462
16951,288.0,655.0528837847462
19475,103.0,655.0528837847462
3173,151.0,655.0528837847462
22917,116.0,655.0528837847462
15290,65.0,59.07
23468,108.0,655.0528837847462
23164,26.0,655.0528837847462
18950,4477.0,655.0528837847462
4114,38.0,58.99
6078,1149.0,655.0528837847462
22196,150.0,655.0528837847462
23403,13.0,655.0528837847462
4241,10.0,123.87
3313,44.0,108.96
14724,17.0,61.85
1235,196.0,655.0528837847462
6416,8.0,124.11
23173,88.0,655.0528837847462
8733,3969.0,655.0528837847462
23058,62.0,655.0528837847462
6575,20.0,655.0528837847462
13121,129.0,655.0528837847462
4426,253.0,655.0528837847462
2797,225.0,655.0528837847462
11063,36.0,655.0528837847462
23512,81.0,655.0528837847462
1956,131.0,655.0528837847462
1728,204.0,68.51
10553,22.0,58.22
16898,121.0,655.0528837847462
21853,16.0,655.0528837847462
14795,2054.0,655.0528837847462
18630,46.0,655.0528837847462
23097,29.0,655.0528837847462
2643,69.0,379.77846814364125
11780,266.0,655.0528837847462
21785,43.0,34.17
17273,4022.0,655.0528837847462
5517,46.0,655.0528837847462
8481,213.0,655.0528837847462
16258,82.0,655.0528837847462
9939,59.0,655.0528837847462
13768,11.0,655.0528837847462
19160,1728.0,655.0528837847462
22876,31.0,655.0528837847462
16524,69.0,72.52
6620,49.0,655.0528837847462
3607,21.0,655.0528837847462
23265,36.0,655.0528837847462
5043,56.0,297.5870128751014
96,10.0,655.0528837847462
22776,135.0,655.0528837847462
23714,135.0,655.0528837847462
19576,92.0,655.0528837847462
887,30.0,655.0528837847462
13624,26.0,655.0528837847462
20938,74.0,52.35
8071,6442.0,38.39
22470,15.0,655.0528837847462
5069,77.0,655.0528837847462
23014,14.0,655.0528837847462
14037,3767.0,655.0528837847462
18251,20.0,64.94
4149,20.0,104.35
23920,53.0,655.0528837847462
2716,37.0,127.87
11715,33.0,655.0528837847462
7898,12321.0,655.0528837847462
22901,31.0,655.0528837847462
13020,149.0,655.0528837847462
23719,101.0,655.0528837847462
2131,68.0,655.0528837847462
20507,40.0,655.0528837847462
23368,125.0,655.0528837847462
2555,3311.0,655.0528837847462
2871,113.0,655.0528837847462
14619,60.0,655.0528837847462
22841,14.0,655.0528837847462
17945,11.0,655.0528837847462
1621,168.0,655.0528837847462
19154,1478.0,655.0528837847462
23286,81.0,655.0528837847462
2316,32.0,88.37
2618,12.0,655.0528837847462
8606,77.0,655.0528837847462
23540,45.0,655.0528837847462
316,105.0,655.0528837847462
22668,109.0,655.0528837847462
15759,80.0,37.62
23511,65.0,655.0528837847462
14980,110.0,655.0528837847462
1719,13.0,655.0528837847462
14976,32.0,655.0528837847462
22926,361.0,655.0528837847462
20321,9.0,655.0528837847462
4570,29.0,655.0528837847462
5539,269.0,655.0528837847462
23198,39.0,655.0528837847462
7254,212.0,655.0528837847462
22451,58.0,655.0528837847462
1855,36.0,85.15
2557,3283.0,655.0528837847462
21686,50.0,99.92
23205,51.0,655.0528837847462
2047,10.0,94.49
2778,33.0,655.0528837847462
9295,49.0,655.0528837847462
17170,1357.0,655.0528837847462
10830,124.0,655.0528837847462
3698,100.0,77.11
23085,35.0,655.0528837847462
4997,138.0,655.0528837847462
20078,95.0,655.0528837847462
17656,82.0,655.0528837847462
20117,6.0,134.88
5595,9.0,655.0528837847462
23281,25.0,655.0528837847462
14016,54.0,655.0528837847462
5271,57.0,655.0528837847462
18821,10152.0,655.0528837847462
23170,25.0,655.0528837847462
9985,306.0,655.0528837847462
16944,42.0,655.0528837847462
9266,954.0,655.0528837847462
6310,859.0,655.0528837847462
19671,11.0,655.0528837847462
16083,255.0,655.0528837847462
20477,10.0,655.0528837847462
9493,47.0,655.0528837847462
1476,8.0,655.0528837847462
403,1429.0,655.0528837847462
2773,71.0,655.0528837847462
401,876.0,655.0528837847462
5783,17.0,655.0528837847462
537,1382.0,655.0528837847462
11511,65.0,655.0528837847462
14530,430.0,655.0528837847462
6645,62.0,655.0528837847462
14877,1075.0,655.0528837847462
6895,14278.0,655.0528837847462
22541,45.0,655.0528837847462
1066,29.0,655.0528837847462
23087,117.0,655.0528837847462
16590,125.0,655.0528837847462
7735,333.0,655.0528837847462
3720,6563.0,655.0528837847462
584,37.0,655.0528837847462
23153,46.0,655.0528837847462
16084,412.0,655.0528837847462
2328,47.0,655.0528837847462
9312,65.0,655.0528837847462
7043,642.0,655.0528837847462
13883,17.0,655.0528837847462
19136,12.0,655.0528837847462
23663,33.0,655.0528837847462
11717,58.0,655.0528837847462
7297,31.0,74.6
2406,10873.0,655.0528837847462
21542,18.0,655.0528837847462
16379,50.0,655.0528837847462
9892,17.0,655.0528837847462
2258,68.0,655.0528837847462
17215,42.0,655.0528837847462
4345,23.0,655.0528837847462
15093,56.0,655.0528837847462
15088,128.0,655.0528837847462
4294,52.0,655.0528837847462
20032,115.0,655.0528837847462
11047,15.0,655.0528837847462
3884,24.0,655.0528837847462
4405,47.0,31.8
11631,16.0,655.0528837847462
10277,31.0,89.9
2370,33003.0,655.0528837847462
23307,213.0,655.0528837847462
628,223.0,655.0528837847462
3068,1041.0,655.0528837847462
11574,76.0,164.99
5355,39.0,655.0528837847462
1245,83.0,655.0528837847462
8913,29.0,655.0528837847462
321,42.0,655.0528837847462
22884,54.0,655.0528837847462
18948,7636.0,655.0528837847462
5674,99.0,48.51
2246,55.0,655.0528837847462
3773,1058.0,655.0528837847462
6897,18534.0,655.0528837847462
23840,266.0,655.0528837847462
1924,22.0,115.71
1322,31.0,655.0528837847462
19443,139.0,655.0528837847462
16780,79.0,655.0528837847462
12340,97.0,655.0528837847462
13504,324.0,158.84
9258,110.0,43.65
23617,78.0,655.0528837847462
23843,77.0,655.0528837847462
1,93.0,158.97
20969,189.0,655.0528837847462
16889,102.0,655.0528837847462
19288,468.0,147.44
6581,65.0,655.0528837847462
22433,86.0,655.0528837847462
11216,30.0,655.0528837847462
11806,342.0,655.0528837847462
18341,38.0,181.36
2865,37.0,655.0528837847462
6163,52.0,655.0528837847462
12886,16.0,655.0528837847462
3691,35.0,655.0528837847462
1906,2879.0,655.0528837847462
210,95.0,655.0528837847462
7125,543.0,655.0528837847462
21839,87.0,655.0528837847462
71,32.0,655.0528837847462
774,62.0,655.0528837847462
19264,78.0,655.0528837847462
17615,51.0,66.78
18773,122.0,655.0528837847462
23640,240.0,655.0528837847462
1310,9.0,149.45
19663,27.0,51.05
22678,78.0,655.0528837847462
10580,48.0,391.4639753562436
1659,226.0,655.0528837847462
5729,69.0,655.0528837847462
23194,19.0,655.0528837847462
3509,158.0,655.0528837847462
1520,16.0,43.85
14455,274.0,655.0528837847462
21711,13.0,655.0528837847462
19177,101.0,655.0528837847462
9508,57.0,74.0
16292,51.0,655.0528837847462
9992,27.0,66.64
9017,101.0,655.0528837847462
11221,193.0,655.0528837847462
11853,48.0,655.0528837847462
23962,207.0,655.0528837847462
22291,90.0,257.871577747378
20064,103.0,655.0528837847462
2127,355.0,655.0528837847462
4903,5307.0,655.0528837847462
23753,74.0,655.0528837847462
9282,8.0,146.88
23845,10.0,655.0528837847462
8232,64452.0,655.0528837847462
20837,37.0,655.0528837847462
7787,77.0,655.0528837847462
3967,140.0,655.0528837847462
14039,5847.0,655.0528837847462
22924,408.0,655.0528837847462
15552,33.0,655.0528837847462
1690,152.0,655.0528837847462
17727,7.0,220.33
13854,49.0,655.0528837847462
3025,4265.0,655.0528837847462
3881,16.0,655.0528837847462
11301,23.0,655.0528837847462
7462,34.0,655.0528837847462
12776,35.0,655.0528837847462
2183,54.0,655.0528837847462
22533,151.0,655.0528837847462
23977,38.0,655.0528837847462
22135,60.0,655.0528837847462
23649,75.0,655.0528837847462
8321,99.0,655.0528837847462
22676,46.0,655.0528837847462
22097,105.0,655.0528837847462
10979,3476.0,655.0528837847462
4687,63.0,655.0528837847462
6791,153.0,655.0528837847462
3513,53.0,655.0528837847462
15833,17.0,655.0528837847462
13170,11.0,655.0528837847462
18507,29.0,655.0528837847462
22798,225.0,655.0528837847462
17007,1126.0,655.0528837847462
11289,94.0,655.0528837847462
22779,77.0,655.0528837847462
7436,74.0,655.0528837847462
4895,21.0,655.0528837847462
1547,30.0,655.0528837847462
22492,102.0,655.0528837847462
2748,1805.0,655.0528837847462
4174,52.0,655.0528837847462
19126,78.0,390.28
23195,38.0,655.0528837847462
15190,58.0,655.0528837847462
22287,101.0,168.30339222633492
14452,90.0,655.0528837847462
16946,57.0,655.0528837847462
11516,84.0,111.35
22610,52.0,655.0528837847462
13334,66.0,655.0528837847462
5046,365.0,655.0528837847462
16497,17.0,655.0528837847462
12977,73.0,655.0528837847462
4763,246.0,655.0528837847462
11850,183.0,655.0528837847462
9798,7147.0,655.0528837847462
23924,72.0,655.0528837847462
20427,271.0,655.0528837847462
5877,725.0,655.0528837847462
5038,50.0,655.0528837847462
19788,13.0,151.11
2377,1228.0,655.0528837847462
20577,1498.0,655.0528837847462
1778,148.0,655.0528837847462
23033,50.0,655.0528837847462
749,145.0,655.0528837847462
13463,237.0,655.0528837847462
16475,66.0,235.39
10955,75.0,655.0528837847462
19831,16.0,52.72
22729,69.0,655.0528837847462
14464,2484.0,655.0528837847462
14728,17.0,655.0528837847462
10633,47.0,655.0528837847462
16094,25.0,655.0528837847462
18918,322.0,655.0528837847462
159,18.0,655.0528837847462
13759,1538.0,655.0528837847462
8694,176.0,655.0528837847462
16481,55.0,73.19
23708,52.0,655.0528837847462
22649,371.0,655.0528837847462
20296,136.0,655.0528837847462
22600,49.0,655.0528837847462
6271,99.0,655.0528837847462
4045,8.0,655.0528837847462
15323,29.0,87.04
8074,2123.0,655.0528837847462
11733,85.0,655.0528837847462
576,135.0,655.0528837847462
7817,54.0,655.0528837847462
18510,38.0,655.0528837847462
17695,111.0,655.0528837847462
206,769.0,655.0528837847462
23369,57.0,655.0528837847462
4702,14.0,655.0528837847462
19596,71.0,655.0528837847462
23872,1261.0,655.0528837847462
14700,87.0,45.75
13479,10.0,67.3
16943,36.0,655.0528837847462
23799,34.0,655.0528837847462
2972,1886.0,655.0528837847462
22793,41.0,655.0528837847462
10041,22.0,655.0528837847462
1457,63.0,655.0528837847462
1116,1487.0,655.0528837847462
22152,74.0,655.0528837847462
6684,60.0,655.0528837847462
5531,27.0,236.81789053651988
23536,73.0,655.0528837847462
4859,57.0,655.0528837847462
18744,61.0,655.0528837847462
11328,895.0,655.0528837847462
22621,149.0,655.0528837847462
22697,263.0,655.0528837847462
13275,6572.0,655.0528837847462
23063,7.0,655.0528837847462
6533,35.0,655.0528837847462
20134,61.0,49.39
19070,75.0,655.0528837847462
17158,25.0,47.73
5976,28.0,655.0528837847462
1555,58.0,655.0528837847462
9003,78.0,655.0528837847462
23053,155.0,655.0528837847462
6925,23.0,655.0528837847462
10755,70.0,655.0528837847462
8663,195.0,655.0528837847462
12149,515.0,655.0528837847462
14780,14.0,39.32
23372,4173.0,655.0528837847462
675,39.0,655.0528837847462
11198,96.0,47.74
22021,153.0,655.0528837847462
17753,23.0,655.0528837847462
21982,142.0,655.0528837847462
3663,61.0,655.0528837847462
9314,6368.0,655.0528837847462
21141,13.0,655.0528837847462
4545,1345.0,655.0528837847462
19052,150.0,125.41
3547,91.0,655.0528837847462
8121,21.0,655.0528837847462
23006,67.0,655.0528837847462
3194,4882.0,655.0528837847462
11977,616.0,655.0528837847462
18947,6514.0,655.0528837847462
14483,9.0,655.0528837847462
12045,2552.0,655.0528837847462
23680,228.0,655.0528837847462
9669,112.0,655.0528837847462
13404,85.0,655.0528837847462
4619,83.0,189.6
10967,9.0,55.19
10591,100.0,79.52
10925,15.0,45.5
1238,81.0,655.0528837847462
17443,361.0,655.0528837847462
23888,77.0,655.0528837847462
23355,53.0,655.0528837847462
12307,57.0,655.0528837847462
13176,43.0,655.0528837847462
7999,398.0,655.0528837847462
19378,532.0,117.26
9361,154.0,655.0528837847462
17949,17.0,655.0528837847462
7861,71.0,655.0528837847462
22114,12.0,655.0528837847462
23740,26.0,655.0528837847462
3771,1087.0,655.0528837847462
11875,173.0,655.0528837847462
3553,109.0,655.0528837847462
1591,69.0,655.0528837847462
12117,150.0,655.0528837847462
14817,26.0,54.15
19742,72.0,655.0528837847462
23590,96.0,655.0528837847462
6470,82.0,655.0528837847462
10369,124.0,116.48
20125,1160.0,655.0528837847462
1655,313.0,655.0528837847462
10062,25.0,655.0528837847462
10702,35.0,655.0528837847462
11210,21.0,655.0528837847462
8468,60.0,655.0528837847462
4262,101.0,655.0528837847462
20478,29.0,655.0528837847462
13512,433.0,655.0528837847462
15410,50.0,655.0528837847462
15344,63.0,655.0528837847462
21088,192.0,655.0528837847462
4783,38.0,98.82
3370,29.0,655.0528837847462
22854,88.0,655.0528837847462
10660,1150.0,655.0528837847462
21356,74.0,655.0528837847462
3719,4669.0,655.0528837847462
1411,19.0,655.0528837847462
23023,20.0,655.0528837847462
23637,23.0,655.0528837847462
12308,178.0,655.0528837847462
8450,442.0,655.0528837847462
15489,38.0,378.04624950389416
8193,17.0,178.0318824086442
11745,191.0,655.0528837847462
8680,37.0,45.62
22669,94.0,655.0528837847462
8830,240.0,655.0528837847462
9166,108.0,115.18
22683,22.0,655.0528837847462
202,886.0,655.0528837847462
23518,169.0,655.0528837847462
9511,109.0,655.0528837847462
22593,153.0,655.0528837847462
22728,179.0,655.0528837847462
1510,9.0,56.18
19744,91.0,655.0528837847462
2586,16.0,655.0528837847462
2805,93.0,655.0528837847462
21978,107.0,102.29
10619,375.0,655.0528837847462
2478,6631.0,655.0528837847462
22466,201.0,655.0528837847462
13412,60.0,655.0528837847462
10981,2136.0,655.0528837847462
4967,19.0,655.0528837847462
10412,38.0,655.0528837847462
23516,1469.0,655.0528837847462
9349,40.0,655.0528837847462
4885,24.0,655.0528837847462
16369,35.0,655.0528837847462
5056,221.0,655.0528837847462
19686,74.0,655.0528837847462
607,590.0,655.0528837847462
4842,60.0,655.0528837847462
353,75.0,655.0528837847462
23124,12.0,655.0528837847462
7115,73.0,655.0528837847462
12937,211.0,655.0528837847462
12394,28.0,655.0528837847462
16155,47.0,655.0528837847462
11659,79.0,270.4316913519243
14136,22353.0,655.0528837847462
22274,59.0,655.0528837847462
23731,8.0,655.0528837847462
13446,21.0,46.41
3461,159.0,655.0528837847462
15057,25.0,655.0528837847462
9551,63.0,655.0528837847462
13262,1815.0,655.0528837847462
4389,24.0,655.0528837847462
22255,83.0,655.0528837847462
4790,32.0,93.46
21285,310.0,32.49
4546,1121.0,655.0528837847462
18100,42.0,655.0528837847462
9121,51.0,655.0528837847462
22079,14.0,655.0528837847462
23257,101.0,655.0528837847462
5873,31.0,655.0528837847462
12501,18.0,655.0528837847462
15605,94.0,117.25
16705,32.0,655.0528837847462
23587,79.0,655.0528837847462
20522,117.0,655.0528837847462
20971,55.0,655.0528837847462
18620,82.0,141.39
14596,45.0,655.0528837847462
16397,65.0,75.28
23374,114.0,655.0528837847462
12255,48.0,655.0528837847462
19495,37.0,655.0528837847462
10127,29.0,655.0528837847462
21076,35.0,655.0528837847462
23027,122.0,655.0528837847462
9097,82.0,655.0528837847462
15777,125.0,655.0528837847462
22481,24.0,655.0528837847462
23218,21.0,655.0528837847462
22078,64.0,31.79
10030,125.0,655.0528837847462
23609,103.0,655.0528837847462
6619,246.0,336.56
11125,30.0,655.0528837847462
10393,8.0,74.42
22042,244.0,655.0528837847462
22203,36.0,82.77
955,12.0,655.0528837847462
23178,132.0,655.0528837847462
14994,117.0,655.0528837847462
2763,342.0,655.0528837847462
11286,15.0,80.83
4823,185.0,655.0528837847462
15438,73.0,655.0528837847462
23728,16.0,655.0528837847462
6077,1450.0,655.0528837847462
10488,70.0,128.07
8590,93.0,655.0528837847462
22635,70.0,655.0528837847462
16137,450.0,655.0528837847462
23270,50.0,655.0528837847462
19299,39.0,108.48
11501,40.0,655.0528837847462
5569,17.0,655.0528837847462
5475,36.0,655.0528837847462
4872,2166.0,655.0528837847462
436,2927.0,655.0528837847462
22177,22.0,120.79
21263,43.0,47.16
23830,104.0,655.0528837847462
4989,39.0,655.0528837847462
4097,28.0,655.0528837847462
16106,66.0,655.0528837847462
19628,318.0,655.0528837847462
4595,16.0,62.08
15277,62.0,217.33972816537468
10617,80.0,655.0528837847462
17035,52.0,655.0528837847462
18954,16.0,43.24
8418,21.0,153.89
11460,76.0,655.0528837847462
582,72.0,655.0528837847462
22782,89.0,655.0528837847462
15003,25.0,655.0528837847462
3716,1109.0,655.0528837847462
22588,71.0,655.0528837847462
23245,26.0,655.0528837847462
1879,37.0,47.19
16790,87.0,655.0528837847462
4827,489.0,655.0528837847462
2744,1385.0,655.0528837847462
2065,19.0,655.0528837847462
15646,20.0,655.0528837847462
6087,77.0,62.99
10092,61.0,655.0528837847462
976,34.0,655.0528837847462
10751,33.0,70.94
6825,299.0,655.0528837847462
22585,294.0,655.0528837847462
6617,118.0,655.0528837847462
23451,44.0,655.0528837847462
4120,242.0,655.0528837847462
15511,42.0,655.0528837847462
13696,41.0,75.35
5835,23.0,655.0528837847462
19940,29.0,35.11
23232,17.0,655.0528837847462
5153,12.0,655.0528837847462
21329,41.0,655.0528837847462
20421,458.0,655.0528837847462
9172,21.0,655.0528837847462
10977,4143.0,655.0528837847462
3111,91.0,655.0528837847462
1210,41.0,655.0528837847462
22160,57.0,655.0528837847462
22489,126.0,655.0528837847462
7343,13.0,655.0528837847462
20379,35.0,655.0528837847462
3152,216.0,655.0528837847462
16827,227.0,655.0528837847462
199,1087.0,655.0528837847462
22700,10.0,655.0528837847462
133,17.0,655.0528837847462
10034,497.0,655.0528837847462
10178,333.0,655.0528837847462
23460,177.0,655.0528837847462
3587,1389.0,655.0528837847462
13056,78.0,655.0528837847462
3993,11.0,36.8
314,96.0,655.0528837847462
728,1203.0,655.0528837847462
23654,51.0,655.0528837847462
14751,425.0,655.0528837847462
21999,54.0,655.0528837847462
4803,428.0,655.0528837847462
2488,4552.0,655.0528837847462
22164,62.0,43.29
5627,49.0,655.0528837847462
20858,16.0,655.0528837847462
