,y_test,prediction
8641,42.0,656.2323603020124
12421,107.0,84.11254602055959
6375,155.0,656.2323603020124
3519,9.0,656.2323603020124
9262,44.0,153.18399451439495
5075,423.0,656.2323603020124
5068,24.0,129.90126786328824
23126,99.0,656.2323603020124
1203,12.0,100.03180191971933
15560,167.0,656.2323603020124
16951,288.0,656.2323603020124
19475,103.0,656.2323603020124
3173,151.0,656.2323603020124
22917,116.0,656.2323603020124
15290,65.0,91.3804565562632
23468,108.0,656.2323603020124
23164,26.0,656.2323603020124
18950,4477.0,656.2323603020124
4114,38.0,-42.3091362971893
6078,1149.0,656.2323603020124
22196,150.0,656.2323603020124
23403,13.0,656.2323603020124
4241,10.0,127.18773758965347
3313,44.0,96.70224989408916
14724,17.0,127.16367913174645
1235,196.0,656.2323603020124
6416,8.0,118.11186931442137
23173,88.0,656.2323603020124
8733,3969.0,656.2323603020124
23058,62.0,656.2323603020124
6575,20.0,656.2323603020124
13121,129.0,656.2323603020124
4426,253.0,656.2323603020124
2797,225.0,656.2323603020124
11063,36.0,656.2323603020124
23512,81.0,656.2323603020124
1956,131.0,656.2323603020124
1728,204.0,87.72808586637979
10553,22.0,75.24612106043986
16898,121.0,656.2323603020124
21853,16.0,656.2323603020124
14795,2054.0,656.2323603020124
18630,46.0,656.2323603020124
23097,29.0,656.2323603020124
2643,69.0,224.76729622301616
11780,266.0,656.2323603020124
21785,43.0,-32.31395744616515
17273,4022.0,656.2323603020124
5517,46.0,656.2323603020124
8481,213.0,656.2323603020124
16258,82.0,656.2323603020124
9939,59.0,656.2323603020124
13768,11.0,656.2323603020124
19160,1728.0,656.2323603020124
22876,31.0,656.2323603020124
16524,69.0,83.09127738140847
6620,49.0,656.2323603020124
3607,21.0,656.2323603020124
23265,36.0,656.2323603020124
5043,56.0,437.1183972206269
96,10.0,656.2323603020124
22776,135.0,656.2323603020124
23714,135.0,656.2323603020124
19576,92.0,656.2323603020124
887,30.0,656.2323603020124
13624,26.0,656.2323603020124
20938,74.0,165.51309469402997
8071,6442.0,58.70599526833655
22470,15.0,656.2323603020124
5069,77.0,656.2323603020124
23014,14.0,656.2323603020124
14037,3767.0,656.2323603020124
18251,20.0,138.94422242242956
4149,20.0,140.48178697092737
23920,53.0,656.2323603020124
2716,37.0,108.99033570965048
11715,33.0,656.2323603020124
7898,12321.0,656.2323603020124
22901,31.0,656.2323603020124
13020,149.0,656.2323603020124
23719,101.0,656.2323603020124
2131,68.0,656.2323603020124
20507,40.0,656.2323603020124
23368,125.0,656.2323603020124
2555,3311.0,656.2323603020124
2871,113.0,656.2323603020124
14619,60.0,656.2323603020124
22841,14.0,656.2323603020124
17945,11.0,656.2323603020124
1621,168.0,656.2323603020124
19154,1478.0,656.2323603020124
23286,81.0,656.2323603020124
2316,32.0,170.30918736785316
2618,12.0,656.2323603020124
8606,77.0,656.2323603020124
23540,45.0,656.2323603020124
316,105.0,656.2323603020124
22668,109.0,656.2323603020124
15759,80.0,-5.2504469042141295
23511,65.0,656.2323603020124
14980,110.0,656.2323603020124
1719,13.0,656.2323603020124
14976,32.0,656.2323603020124
22926,361.0,656.2323603020124
20321,9.0,656.2323603020124
4570,29.0,656.2323603020124
5539,269.0,656.2323603020124
23198,39.0,656.2323603020124
7254,212.0,656.2323603020124
22451,58.0,656.2323603020124
1855,36.0,141.0443563632466
2557,3283.0,656.2323603020124
21686,50.0,197.7222193172629
23205,51.0,656.2323603020124
2047,10.0,108.38851240240115
2778,33.0,656.2323603020124
9295,49.0,656.2323603020124
17170,1357.0,656.2323603020124
10830,124.0,656.2323603020124
3698,100.0,127.44215112027132
23085,35.0,656.2323603020124
4997,138.0,656.2323603020124
20078,95.0,656.2323603020124
17656,82.0,656.2323603020124
20117,6.0,113.64767759602978
5595,9.0,656.2323603020124
23281,25.0,656.2323603020124
14016,54.0,656.2323603020124
5271,57.0,656.2323603020124
18821,10152.0,656.2323603020124
23170,25.0,656.2323603020124
9985,306.0,656.2323603020124
16944,42.0,656.2323603020124
9266,954.0,656.2323603020124
6310,859.0,656.2323603020124
19671,11.0,656.2323603020124
16083,255.0,656.2323603020124
20477,10.0,656.2323603020124
9493,47.0,656.2323603020124
1476,8.0,656.2323603020124
403,1429.0,656.2323603020124
2773,71.0,656.2323603020124
401,876.0,656.2323603020124
5783,17.0,656.2323603020124
537,1382.0,656.2323603020124
11511,65.0,656.2323603020124
14530,430.0,656.2323603020124
6645,62.0,656.2323603020124
14877,1075.0,656.2323603020124
6895,14278.0,656.2323603020124
22541,45.0,656.2323603020124
1066,29.0,656.2323603020124
23087,117.0,656.2323603020124
16590,125.0,656.2323603020124
7735,333.0,656.2323603020124
3720,6563.0,656.2323603020124
584,37.0,656.2323603020124
23153,46.0,656.2323603020124
16084,412.0,656.2323603020124
2328,47.0,656.2323603020124
9312,65.0,656.2323603020124
7043,642.0,656.2323603020124
13883,17.0,656.2323603020124
19136,12.0,656.2323603020124
23663,33.0,656.2323603020124
11717,58.0,656.2323603020124
7297,31.0,11.02691576044964
2406,10873.0,656.2323603020124
21542,18.0,656.2323603020124
16379,50.0,656.2323603020124
9892,17.0,656.2323603020124
2258,68.0,656.2323603020124
17215,42.0,656.2323603020124
4345,23.0,656.2323603020124
15093,56.0,656.2323603020124
15088,128.0,656.2323603020124
4294,52.0,656.2323603020124
20032,115.0,656.2323603020124
11047,15.0,656.2323603020124
3884,24.0,656.2323603020124
4405,47.0,-38.184734081507145
11631,16.0,656.2323603020124
10277,31.0,68.75967934408578
2370,33003.0,656.2323603020124
23307,213.0,656.2323603020124
628,223.0,656.2323603020124
3068,1041.0,656.2323603020124
11574,76.0,185.91463367873314
5355,39.0,656.2323603020124
1245,83.0,656.2323603020124
8913,29.0,656.2323603020124
321,42.0,656.2323603020124
22884,54.0,656.2323603020124
18948,7636.0,656.2323603020124
5674,99.0,30.954039707077925
2246,55.0,656.2323603020124
3773,1058.0,656.2323603020124
6897,18534.0,656.2323603020124
23840,266.0,656.2323603020124
1924,22.0,98.69960641249668
1322,31.0,656.2323603020124
19443,139.0,656.2323603020124
16780,79.0,656.2323603020124
12340,97.0,656.2323603020124
13504,324.0,3.2712321412964798
9258,110.0,-12.32825806105285
23617,78.0,656.2323603020124
23843,77.0,656.2323603020124
1,93.0,164.24416381125673
20969,189.0,656.2323603020124
16889,102.0,656.2323603020124
19288,468.0,219.86521633040843
6581,65.0,656.2323603020124
22433,86.0,656.2323603020124
11216,30.0,656.2323603020124
11806,342.0,656.2323603020124
18341,38.0,133.6790093370796
2865,37.0,656.2323603020124
6163,52.0,656.2323603020124
12886,16.0,656.2323603020124
3691,35.0,656.2323603020124
1906,2879.0,656.2323603020124
210,95.0,656.2323603020124
7125,543.0,656.2323603020124
21839,87.0,656.2323603020124
71,32.0,656.2323603020124
774,62.0,656.2323603020124
19264,78.0,656.2323603020124
17615,51.0,42.92933958708733
18773,122.0,656.2323603020124
23640,240.0,656.2323603020124
1310,9.0,117.96500611750434
19663,27.0,-45.540655864912935
22678,78.0,656.2323603020124
10580,48.0,395.2197566749603
1659,226.0,656.2323603020124
5729,69.0,656.2323603020124
23194,19.0,656.2323603020124
3509,158.0,656.2323603020124
1520,16.0,109.66203680637807
14455,274.0,656.2323603020124
21711,13.0,656.2323603020124
19177,101.0,656.2323603020124
9508,57.0,162.52538882251736
16292,51.0,656.2323603020124
9992,27.0,53.99353276698156
9017,101.0,656.2323603020124
11221,193.0,656.2323603020124
11853,48.0,656.2323603020124
23962,207.0,656.2323603020124
22291,90.0,202.0180349695937
20064,103.0,656.2323603020124
2127,355.0,656.2323603020124
4903,5307.0,656.2323603020124
23753,74.0,656.2323603020124
9282,8.0,127.96044527904337
23845,10.0,656.2323603020124
8232,64452.0,656.2323603020124
20837,37.0,656.2323603020124
7787,77.0,656.2323603020124
3967,140.0,656.2323603020124
14039,5847.0,656.2323603020124
22924,408.0,656.2323603020124
15552,33.0,656.2323603020124
1690,152.0,656.2323603020124
17727,7.0,117.84901639297914
13854,49.0,656.2323603020124
3025,4265.0,656.2323603020124
3881,16.0,656.2323603020124
11301,23.0,656.2323603020124
7462,34.0,656.2323603020124
12776,35.0,656.2323603020124
2183,54.0,656.2323603020124
22533,151.0,656.2323603020124
23977,38.0,656.2323603020124
22135,60.0,656.2323603020124
23649,75.0,656.2323603020124
8321,99.0,656.2323603020124
22676,46.0,656.2323603020124
22097,105.0,656.2323603020124
10979,3476.0,656.2323603020124
4687,63.0,656.2323603020124
6791,153.0,656.2323603020124
3513,53.0,656.2323603020124
15833,17.0,656.2323603020124
13170,11.0,656.2323603020124
18507,29.0,656.2323603020124
22798,225.0,656.2323603020124
17007,1126.0,656.2323603020124
11289,94.0,656.2323603020124
22779,77.0,656.2323603020124
7436,74.0,656.2323603020124
4895,21.0,656.2323603020124
1547,30.0,656.2323603020124
22492,102.0,656.2323603020124
2748,1805.0,656.2323603020124
4174,52.0,656.2323603020124
19126,78.0,254.16082563277178
23195,38.0,656.2323603020124
15190,58.0,656.2323603020124
22287,101.0,43.367854243741306
14452,90.0,656.2323603020124
16946,57.0,656.2323603020124
11516,84.0,152.72622644244314
22610,52.0,656.2323603020124
13334,66.0,656.2323603020124
5046,365.0,656.2323603020124
16497,17.0,656.2323603020124
12977,73.0,656.2323603020124
4763,246.0,656.2323603020124
11850,183.0,656.2323603020124
9798,7147.0,656.2323603020124
23924,72.0,656.2323603020124
20427,271.0,656.2323603020124
5877,725.0,656.2323603020124
5038,50.0,656.2323603020124
19788,13.0,100.82387747244536
2377,1228.0,656.2323603020124
20577,1498.0,656.2323603020124
1778,148.0,656.2323603020124
23033,50.0,656.2323603020124
749,145.0,656.2323603020124
13463,237.0,656.2323603020124
16475,66.0,159.9644251290922
10955,75.0,656.2323603020124
19831,16.0,119.2887471001734
22729,69.0,656.2323603020124
14464,2484.0,656.2323603020124
14728,17.0,656.2323603020124
10633,47.0,656.2323603020124
16094,25.0,656.2323603020124
18918,322.0,656.2323603020124
159,18.0,656.2323603020124
13759,1538.0,656.2323603020124
8694,176.0,656.2323603020124
16481,55.0,30.454111608382334
23708,52.0,656.2323603020124
22649,371.0,656.2323603020124
20296,136.0,656.2323603020124
22600,49.0,656.2323603020124
6271,99.0,656.2323603020124
4045,8.0,656.2323603020124
15323,29.0,96.24344006406909
8074,2123.0,656.2323603020124
11733,85.0,656.2323603020124
576,135.0,656.2323603020124
7817,54.0,656.2323603020124
18510,38.0,656.2323603020124
17695,111.0,656.2323603020124
206,769.0,656.2323603020124
23369,57.0,656.2323603020124
4702,14.0,656.2323603020124
19596,71.0,656.2323603020124
23872,1261.0,656.2323603020124
14700,87.0,53.835018665011205
13479,10.0,42.75114001857804
16943,36.0,656.2323603020124
23799,34.0,656.2323603020124
2972,1886.0,656.2323603020124
22793,41.0,656.2323603020124
10041,22.0,656.2323603020124
1457,63.0,656.2323603020124
1116,1487.0,656.2323603020124
22152,74.0,656.2323603020124
6684,60.0,656.2323603020124
5531,27.0,103.92225783225774
23536,73.0,656.2323603020124
4859,57.0,656.2323603020124
18744,61.0,656.2323603020124
11328,895.0,656.2323603020124
22621,149.0,656.2323603020124
22697,263.0,656.2323603020124
13275,6572.0,656.2323603020124
23063,7.0,656.2323603020124
6533,35.0,656.2323603020124
20134,61.0,162.72649562175866
19070,75.0,656.2323603020124
17158,25.0,105.93060729435854
5976,28.0,656.2323603020124
1555,58.0,656.2323603020124
9003,78.0,656.2323603020124
23053,155.0,656.2323603020124
6925,23.0,656.2323603020124
10755,70.0,656.2323603020124
8663,195.0,656.2323603020124
12149,515.0,656.2323603020124
14780,14.0,129.39816322394165
23372,4173.0,656.2323603020124
675,39.0,656.2323603020124
11198,96.0,46.179062526714745
22021,153.0,656.2323603020124
17753,23.0,656.2323603020124
21982,142.0,656.2323603020124
3663,61.0,656.2323603020124
9314,6368.0,656.2323603020124
21141,13.0,656.2323603020124
4545,1345.0,656.2323603020124
19052,150.0,115.15134296560427
3547,91.0,656.2323603020124
8121,21.0,656.2323603020124
23006,67.0,656.2323603020124
3194,4882.0,656.2323603020124
11977,616.0,656.2323603020124
18947,6514.0,656.2323603020124
14483,9.0,656.2323603020124
12045,2552.0,656.2323603020124
23680,228.0,656.2323603020124
9669,112.0,656.2323603020124
13404,85.0,656.2323603020124
4619,83.0,112.07278129836436
10967,9.0,65.41841543925852
10591,100.0,70.94415496270483
10925,15.0,14.011390399501579
1238,81.0,656.2323603020124
17443,361.0,656.2323603020124
23888,77.0,656.2323603020124
23355,53.0,656.2323603020124
12307,57.0,656.2323603020124
13176,43.0,656.2323603020124
7999,398.0,656.2323603020124
19378,532.0,33.97255245318473
9361,154.0,656.2323603020124
17949,17.0,656.2323603020124
7861,71.0,656.2323603020124
22114,12.0,656.2323603020124
23740,26.0,656.2323603020124
3771,1087.0,656.2323603020124
11875,173.0,656.2323603020124
3553,109.0,656.2323603020124
1591,69.0,656.2323603020124
12117,150.0,656.2323603020124
14817,26.0,55.21663282168089
19742,72.0,656.2323603020124
23590,96.0,656.2323603020124
6470,82.0,656.2323603020124
10369,124.0,72.60840956718243
20125,1160.0,656.2323603020124
1655,313.0,656.2323603020124
10062,25.0,656.2323603020124
10702,35.0,656.2323603020124
11210,21.0,656.2323603020124
8468,60.0,656.2323603020124
4262,101.0,656.2323603020124
20478,29.0,656.2323603020124
13512,433.0,656.2323603020124
15410,50.0,656.2323603020124
15344,63.0,656.2323603020124
21088,192.0,656.2323603020124
4783,38.0,148.46328795763804
3370,29.0,656.2323603020124
22854,88.0,656.2323603020124
10660,1150.0,656.2323603020124
21356,74.0,656.2323603020124
3719,4669.0,656.2323603020124
1411,19.0,656.2323603020124
23023,20.0,656.2323603020124
23637,23.0,656.2323603020124
12308,178.0,656.2323603020124
8450,442.0,656.2323603020124
15489,38.0,333.7350215584232
8193,17.0,68.26994790434287
11745,191.0,656.2323603020124
8680,37.0,139.42300159097204
22669,94.0,656.2323603020124
8830,240.0,656.2323603020124
9166,108.0,127.19740634072252
22683,22.0,656.2323603020124
202,886.0,656.2323603020124
23518,169.0,656.2323603020124
9511,109.0,656.2323603020124
22593,153.0,656.2323603020124
22728,179.0,656.2323603020124
1510,9.0,-87.84696225784484
19744,91.0,656.2323603020124
2586,16.0,656.2323603020124
2805,93.0,656.2323603020124
21978,107.0,96.65116193958283
10619,375.0,656.2323603020124
2478,6631.0,656.2323603020124
22466,201.0,656.2323603020124
13412,60.0,656.2323603020124
10981,2136.0,656.2323603020124
4967,19.0,656.2323603020124
10412,38.0,656.2323603020124
23516,1469.0,656.2323603020124
9349,40.0,656.2323603020124
4885,24.0,656.2323603020124
16369,35.0,656.2323603020124
5056,221.0,656.2323603020124
19686,74.0,656.2323603020124
607,590.0,656.2323603020124
4842,60.0,656.2323603020124
353,75.0,656.2323603020124
23124,12.0,656.2323603020124
7115,73.0,656.2323603020124
12937,211.0,656.2323603020124
12394,28.0,656.2323603020124
16155,47.0,656.2323603020124
11659,79.0,50.4969181509901
14136,22353.0,656.2323603020124
22274,59.0,656.2323603020124
23731,8.0,656.2323603020124
13446,21.0,91.16559167164223
3461,159.0,656.2323603020124
15057,25.0,656.2323603020124
9551,63.0,656.2323603020124
13262,1815.0,656.2323603020124
4389,24.0,656.2323603020124
22255,83.0,656.2323603020124
4790,32.0,142.75455947626347
21285,310.0,47.72901796230241
4546,1121.0,656.2323603020124
18100,42.0,656.2323603020124
9121,51.0,656.2323603020124
22079,14.0,656.2323603020124
23257,101.0,656.2323603020124
5873,31.0,656.2323603020124
12501,18.0,656.2323603020124
15605,94.0,35.9596392529607
16705,32.0,656.2323603020124
23587,79.0,656.2323603020124
20522,117.0,656.2323603020124
20971,55.0,656.2323603020124
18620,82.0,159.01145336068726
14596,45.0,656.2323603020124
16397,65.0,28.959151559533836
23374,114.0,656.2323603020124
12255,48.0,656.2323603020124
19495,37.0,656.2323603020124
10127,29.0,656.2323603020124
21076,35.0,656.2323603020124
23027,122.0,656.2323603020124
9097,82.0,656.2323603020124
15777,125.0,656.2323603020124
22481,24.0,656.2323603020124
23218,21.0,656.2323603020124
22078,64.0,1.567428278823968
10030,125.0,656.2323603020124
23609,103.0,656.2323603020124
6619,246.0,158.51245564977296
11125,30.0,656.2323603020124
10393,8.0,123.78348478418172
22042,244.0,656.2323603020124
22203,36.0,38.80004478890754
955,12.0,656.2323603020124
23178,132.0,656.2323603020124
14994,117.0,656.2323603020124
2763,342.0,656.2323603020124
11286,15.0,62.37644170631603
4823,185.0,656.2323603020124
15438,73.0,656.2323603020124
23728,16.0,656.2323603020124
6077,1450.0,656.2323603020124
10488,70.0,50.77393763786233
8590,93.0,656.2323603020124
22635,70.0,656.2323603020124
16137,450.0,656.2323603020124
23270,50.0,656.2323603020124
19299,39.0,83.87488637073085
11501,40.0,656.2323603020124
5569,17.0,656.2323603020124
5475,36.0,656.2323603020124
4872,2166.0,656.2323603020124
436,2927.0,656.2323603020124
22177,22.0,40.89272867615165
21263,43.0,34.420991429047376
23830,104.0,656.2323603020124
4989,39.0,656.2323603020124
4097,28.0,656.2323603020124
16106,66.0,656.2323603020124
19628,318.0,656.2323603020124
4595,16.0,35.81303008115805
15277,62.0,181.8941921391297
10617,80.0,656.2323603020124
17035,52.0,656.2323603020124
18954,16.0,63.12433549976106
8418,21.0,99.42814689810461
11460,76.0,656.2323603020124
582,72.0,656.2323603020124
22782,89.0,656.2323603020124
15003,25.0,656.2323603020124
3716,1109.0,656.2323603020124
22588,71.0,656.2323603020124
23245,26.0,656.2323603020124
1879,37.0,36.06512354873604
16790,87.0,656.2323603020124
4827,489.0,656.2323603020124
2744,1385.0,656.2323603020124
2065,19.0,656.2323603020124
15646,20.0,656.2323603020124
6087,77.0,52.79577870808424
10092,61.0,656.2323603020124
976,34.0,656.2323603020124
10751,33.0,46.51281680765345
6825,299.0,656.2323603020124
22585,294.0,656.2323603020124
6617,118.0,656.2323603020124
23451,44.0,656.2323603020124
4120,242.0,656.2323603020124
15511,42.0,656.2323603020124
13696,41.0,81.81480854420721
5835,23.0,656.2323603020124
19940,29.0,16.302392748412558
23232,17.0,656.2323603020124
5153,12.0,656.2323603020124
21329,41.0,656.2323603020124
20421,458.0,656.2323603020124
9172,21.0,656.2323603020124
10977,4143.0,656.2323603020124
3111,91.0,656.2323603020124
1210,41.0,656.2323603020124
22160,57.0,656.2323603020124
22489,126.0,656.2323603020124
7343,13.0,656.2323603020124
20379,35.0,656.2323603020124
3152,216.0,656.2323603020124
16827,227.0,656.2323603020124
199,1087.0,656.2323603020124
22700,10.0,656.2323603020124
133,17.0,656.2323603020124
10034,497.0,656.2323603020124
10178,333.0,656.2323603020124
23460,177.0,656.2323603020124
3587,1389.0,656.2323603020124
13056,78.0,656.2323603020124
3993,11.0,132.01240130674637
314,96.0,656.2323603020124
728,1203.0,656.2323603020124
23654,51.0,656.2323603020124
14751,425.0,656.2323603020124
21999,54.0,656.2323603020124
4803,428.0,656.2323603020124
2488,4552.0,656.2323603020124
22164,62.0,66.78699771353911
5627,49.0,656.2323603020124
20858,16.0,656.2323603020124
