,y_test,prediction
1996,1,1
2830,1,1
1601,1,1
372,1,1
1709,1,1
2407,1,1
208,1,1
3501,1,1
2794,1,1
4124,1,1
2538,1,1
421,1,1
1945,1,1
400,1,1
135,1,1
2078,1,1
1646,1,1
3786,1,1
382,1,1
1017,1,1
2811,1,1
1503,1,1
1377,1,1
2758,1,1
4051,1,1
780,1,1
2756,1,1
3929,1,1
1025,1,1
755,1,1
3346,1,1
4057,1,1
2835,1,1
2296,1,1
2405,1,1
1148,1,1
3892,1,1
2832,1,1
3579,1,1
1001,1,1
3742,1,1
1717,1,1
1401,1,1
1597,1,1
1696,1,1
3482,1,1
3197,1,1
1816,1,1
1648,1,1
996,1,1
3584,1,1
882,1,1
3061,1,1
933,1,1
1824,1,1
2072,1,1
2917,1,1
1871,1,1
2346,1,1
1699,1,1
100,1,1
2672,1,1
1399,1,1
2324,1,1
2860,1,1
883,1,1
3420,1,1
286,1,1
2043,1,1
2254,1,1
2935,1,1
877,1,1
638,1,1
2258,1,1
2713,1,1
3089,1,1
2499,1,1
1676,1,1
2544,1,1
3796,1,1
628,1,1
2455,1,1
1495,1,1
1718,1,1
2710,1,1
2543,1,1
2002,1,1
3131,1,1
3161,1,1
838,1,1
2345,1,1
3307,1,1
1582,1,1
1179,1,1
2637,1,1
1337,1,1
3257,1,1
3448,1,1
4029,1,1
3767,1,1
264,1,1
4097,1,1
3534,1,1
3225,1,1
2576,1,1
3094,1,1
3758,1,1
1878,1,1
4095,1,1
3952,1,1
1729,1,1
1643,1,1
3603,1,1
1305,1,1
3913,1,1
1157,1,1
1234,1,1
1820,1,1
2765,1,1
1160,1,1
3179,1,1
859,1,1
3133,1,1
1026,1,1
1918,1,1
2313,1,1
2453,1,1
2371,1,1
3071,1,1
3443,1,1
1316,1,1
3794,1,1
3650,1,1
1531,1,1
819,1,1
2090,1,1
2731,1,1
668,1,1
3023,1,1
1081,1,1
2509,1,1
1970,1,1
3016,1,1
3086,1,1
3956,1,1
2645,1,1
2740,1,1
1082,1,1
2952,1,1
3335,1,1
3325,1,1
4,1,1
3487,1,1
2768,1,1
1420,1,1
3139,1,1
2577,1,1
3714,1,1
2585,1,1
19,1,1
541,1,1
3631,1,1
1050,1,1
156,1,1
2754,1,1
2891,1,1
1539,1,1
3955,1,1
3453,1,1
2081,1,1
707,1,1
1867,1,1
3024,1,1
3129,1,1
3787,1,1
1306,1,1
92,1,1
359,1,1
2900,1,1
2721,1,1
121,1,1
1700,1,1
868,1,1
1450,1,1
2695,1,1
3765,1,1
403,1,1
3108,1,1
3169,1,1
35,1,1
1067,1,1
961,1,1
3529,1,1
2890,1,1
784,1,1
3408,1,1
508,1,1
610,1,1
2845,1,1
2412,1,1
2909,1,1
3166,1,1
1747,1,1
4063,1,1
11,1,1
3550,1,1
1334,1,1
2084,1,1
145,1,1
1173,1,1
3971,1,1
820,1,1
2054,1,1
1554,1,1
3533,1,1
4061,1,1
3858,1,1
3667,1,1
1543,1,1
599,1,1
415,1,1
768,1,1
2633,1,1
2940,1,1
2858,1,1
590,1,1
2636,1,1
3167,1,1
1190,1,1
3720,1,1
2820,1,1
2869,1,1
3703,1,1
663,1,1
1810,1,1
2579,1,1
1133,1,1
3174,1,1
3725,1,1
38,1,1
188,1,1
708,1,1
1736,1,1
1689,1,1
406,1,1
840,1,1
3605,1,1
3556,1,1
191,1,1
4067,1,1
2803,1,1
1695,1,1
2452,1,1
3467,1,1
1516,1,1
959,1,1
3321,1,1
519,1,1
1161,1,1
3437,1,1
255,1,1
1973,1,1
1490,1,1
3576,1,1
1711,1,1
2330,1,1
3606,1,1
3088,1,1
2959,1,1
3648,1,1
3242,1,1
2588,1,1
3868,1,1
796,1,1
3259,1,1
3899,1,1
2414,1,1
2982,1,1
1056,1,1
3081,1,1
1773,1,1
395,1,1
1708,1,1
2817,1,1
473,1,1
3265,1,1
2954,1,1
1552,1,1
3862,1,1
1813,1,1
2788,1,1
1456,1,1
1375,1,1
1159,1,1
2469,1,1
3480,1,1
1534,1,1
2272,1,1
162,1,1
3442,1,1
2715,1,1
2578,1,1
3274,1,1
1799,1,1
3072,1,1
4006,1,1
2700,1,1
3573,1,1
3266,1,1
3155,1,1
2236,1,1
105,1,1
1765,1,1
3337,1,1
2104,1,1
2624,1,1
2795,1,1
2980,1,1
3486,1,1
3459,1,1
2723,1,1
1136,1,1
3140,1,1
2818,1,1
4092,1,1
2557,1,1
3795,1,1
97,1,1
155,1,1
833,1,1
1226,1,1
2382,1,1
689,1,1
118,1,1
1692,1,1
544,1,1
1609,1,1
2217,1,1
2226,1,1
1546,1,1
1974,1,1
1126,1,1
1541,1,1
91,1,1
1445,1,1
1071,1,1
1245,1,1
3083,1,1
680,1,1
66,1,1
1129,1,1
800,1,1
3894,1,1
1358,1,1
1154,1,1
2101,1,1
2209,1,1
2177,1,1
789,1,1
1219,1,1
3505,1,1
2552,1,1
2632,1,1
584,1,1
491,1,1
1265,1,1
2454,1,1
962,1,1
1064,1,1
2996,1,1
2896,1,1
802,1,1
1795,1,1
2098,1,1
645,1,1
2965,1,1
651,1,1
1275,1,1
875,1,1
456,1,1
1866,1,1
3986,1,1
2541,1,1
1451,1,1
2660,1,1
1033,1,1
604,1,1
3111,1,1
2752,1,1
192,1,1
3162,1,1
2759,1,1
3295,1,1
718,1,1
1086,1,1
2319,1,1
3668,1,1
163,1,1
270,1,1
2173,1,1
3365,1,1
632,1,1
402,1,1
889,1,1
830,1,1
1984,1,1
1857,1,1
1212,1,1
1174,1,1
3967,1,1
2199,1,1
1221,1,1
3206,1,1
1796,1,1
3844,1,1
1216,1,1
2239,1,1
3918,1,1
1395,1,1
202,1,1
1391,0,1
2022,1,1
3331,1,1
174,1,1
3468,1,1
2243,1,1
1642,1,1
3666,1,1
3781,1,1
1691,1,1
2156,1,1
1507,1,1
3430,1,1
1907,1,1
3348,1,1
4001,1,1
1379,1,1
1647,1,1
3522,1,1
1198,1,1
1162,1,1
2960,1,1
3822,1,1
81,1,1
1914,1,1
1222,1,1
550,1,1
1187,1,1
977,1,1
528,1,1
3897,1,1
1989,1,1
1583,1,1
778,1,1
703,1,1
3396,1,1
3484,1,1
1772,1,1
394,1,1
1506,1,1
3090,1,1
1065,1,1
1855,1,1
624,0,1
2798,1,1
1070,1,1
1661,1,1
1411,1,1
4049,1,1
1147,1,1
1322,1,1
2726,1,1
1489,1,1
881,1,1
3636,1,1
398,1,1
1637,1,1
3488,1,1
1300,1,1
2380,1,1
1720,1,1
3379,1,1
3213,1,1
3004,1,1
2925,1,1
4078,1,1
1191,1,1
2859,1,1
3904,1,1
3319,1,1
1013,1,1
855,1,1
745,1,1
640,1,1
1,1,1
2233,1,1
3290,1,1
1427,1,1
925,1,1
630,1,1
2336,1,1
1496,1,1
737,1,1
2387,1,1
1532,1,1
3709,1,1
620,1,1
492,1,1
3867,1,1
3766,1,1
16,1,1
4134,1,1
4035,1,1
4052,1,1
612,1,1
2219,1,1
4008,1,1
1143,1,1
3770,1,1
3984,1,1
2362,1,1
340,1,1
1771,1,1
722,1,1
2283,1,1
2410,1,1
2932,1,1
1591,1,1
3497,1,1
4090,1,1
976,1,1
3220,1,1
2163,1,1
2827,1,1
77,1,1
148,1,1
3589,1,1
3747,1,1
3941,1,1
3101,1,1
3859,1,1
644,1,1
566,1,1
1021,1,1
463,1,1
3117,1,1
2922,1,1
1808,1,1
1660,1,1
2966,1,1
2475,1,1
2092,1,1
3347,1,1
4074,1,1
1098,1,1
2350,1,1
3969,1,1
36,1,1
1674,1,1
1934,1,1
3440,1,1
1454,1,1
514,1,1
653,1,1
3994,1,1
420,1,1
578,1,1
901,1,1
2274,1,1
2988,1,1
2618,1,1
688,1,1
2531,1,1
1283,1,1
478,1,1
1841,1,1
1910,1,1
980,1,1
4046,1,1
1896,1,1
1830,1,1
1677,1,1
2997,1,1
3575,1,1
1122,1,1
3909,1,1
4086,1,1
4071,1,1
3495,1,1
3317,1,1
2404,1,1
3801,1,1
3270,1,1
858,1,1
3915,1,1
204,1,1
964,1,1
2592,1,1
842,1,1
4109,1,1
1511,1,1
885,1,1
266,1,1
3851,1,1
3864,1,1
1938,1,1
3436,1,1
1998,1,1
506,1,1
1169,1,1
2512,1,1
3431,1,1
1364,1,1
3604,1,1
1309,1,1
3350,1,1
3026,1,1
758,1,1
2126,1,1
1419,1,1
1560,1,1
1905,1,1
1835,1,1
2724,0,1
3193,1,1
236,1,1
1899,1,1
1224,1,1
2511,1,1
2224,1,1
965,1,1
733,1,1
2807,1,1
3080,1,1
2447,1,1
2998,1,1
3610,1,1
3141,1,1
3205,1,1
116,1,1
3865,1,1
3732,1,1
3922,1,1
704,1,1
3327,1,1
199,1,1
2566,1,1
1481,1,1
900,1,1
2320,1,1
304,1,1
2540,1,1
657,1,1
1449,1,1
1074,1,1
1528,1,1
2057,1,1
3481,1,1
774,1,1
958,1,1
203,1,1
3093,1,1
3661,1,1
3245,1,1
3003,1,1
3417,1,1
2944,1,1
2755,1,1
2680,1,1
4019,1,1
1706,1,1
2215,1,1
567,1,1
1204,1,1
3030,1,1
3935,1,1
2947,1,1
1946,1,1
2870,1,1
2929,1,1
4077,1,1
1921,1,1
1833,1,1
1020,1,1
3837,1,1
1290,1,1
2971,1,1
381,1,1
2837,1,1
1000,1,1
3547,1,1
2122,1,1
3669,1,1
3145,1,1
2077,1,1
661,1,1
4114,1,1
338,1,1
1043,1,1
997,1,1
4121,1,1
227,1,1
3704,1,1
295,1,1
2559,1,1
496,1,1
3932,1,1
3371,1,1
2470,1,1
3959,1,1
1782,1,1
243,1,1
1373,1,1
3366,1,1
835,1,1
938,1,1
1837,1,1
686,1,1
2063,1,1
124,1,1
3120,1,1
2522,1,1
1801,1,1
3906,1,1
3901,1,1
1155,1,1
2216,1,1
500,1,1
2014,1,1
2065,1,1
573,1,1
3999,1,1
856,1,1
3382,1,1
2464,1,1
3698,1,1
3834,1,1
3469,1,1
1087,1,1
459,1,1
2750,1,1
2524,1,1
3284,1,1
771,1,1
3797,1,1
554,1,1
3568,1,1
3377,1,1
1146,1,1
1787,1,1
1540,1,1
985,1,1
828,1,1
320,1,1
1693,1,1
2355,1,1
4085,1,1
1655,1,1
3936,1,1
2829,1,1
2012,1,1
2474,1,1
3192,1,1
1356,1,1
2158,1,1
2981,1,1
3888,1,1
1163,1,1
664,1,1
2589,1,1
3014,1,1
563,1,1
2465,1,1
516,1,1
2256,1,1
129,1,1
3278,1,1
2086,1,1
1426,1,1
714,1,1
4017,1,1
2863,1,1
1607,1,1
2884,1,1
982,1,1
646,1,1
3038,1,1
3312,1,1
47,1,1
1165,1,1
2118,1,1
2286,1,1
3125,1,1
503,1,1
2701,1,1
2160,1,1
34,1,1
3590,1,1
3953,1,1
899,1,1
2655,1,1
3324,1,1
3820,1,1
3772,1,1
1580,1,1
182,1,1
1250,1,1
809,1,1
399,1,1
1225,1,1
247,1,1
1748,1,1
2564,1,1
1615,1,1
2284,1,1
3444,1,1
3980,1,1
4040,1,1
218,1,1
51,1,1
2297,1,1
3050,1,1
3392,1,1
3020,1,1
3951,1,1
2505,1,1
