,y_test,prediction
3911,1,1
2080,1,1
3711,1,1
3848,1,1
1690,1,1
959,1,1
1031,1,1
2803,1,1
503,1,1
829,1,1
685,1,1
2708,1,1
400,1,1
2673,1,1
4116,1,1
4012,1,1
4132,1,1
2855,1,1
337,1,1
741,1,1
1041,1,1
143,1,1
3125,1,1
1791,1,1
2569,1,1
2958,1,1
1535,1,1
1287,1,1
2952,1,1
3512,1,1
500,1,1
1445,1,1
3825,1,1
460,1,1
3006,1,1
1941,1,1
852,1,1
3286,1,1
3018,1,1
581,1,1
2927,1,1
1894,1,1
241,1,1
3513,1,1
3971,1,1
776,1,1
3373,1,1
489,1,1
1528,1,1
3137,1,1
1530,1,1
3196,1,1
2362,1,1
2446,1,1
369,1,1
2957,1,1
11,1,1
1221,1,1
836,1,1
4070,1,1
1450,1,1
3338,1,1
2694,1,1
2829,1,1
2822,1,1
1280,1,1
1940,1,1
1576,1,1
2072,1,1
3835,1,1
1130,1,1
3495,1,1
3892,1,1
729,1,1
3328,1,1
3281,1,1
1782,1,1
796,1,1
547,1,1
1371,1,1
2208,1,1
3216,1,1
871,1,1
1416,1,1
2744,1,1
38,1,1
3434,1,1
154,1,1
2514,1,1
399,1,1
979,1,1
3640,1,1
2466,1,1
1144,1,1
1992,1,1
3841,1,1
98,1,1
2571,1,1
3921,1,1
317,1,1
641,1,1
2616,1,1
596,1,1
2747,1,1
2624,1,1
4033,1,1
798,1,1
1805,1,1
3786,1,1
2850,1,1
575,1,1
3763,1,1
2153,1,1
3621,1,1
699,1,1
1085,1,1
1096,1,1
3399,1,1
2921,1,1
2277,1,1
3256,1,1
3012,1,1
1080,1,1
34,1,1
2336,1,1
1669,1,1
467,1,1
50,1,1
2371,1,1
2812,1,1
2048,1,1
2883,1,1
2742,1,1
3975,1,1
935,1,1
1701,1,1
2249,1,1
1486,1,1
1151,1,1
1019,1,1
3758,1,1
1485,1,1
851,1,1
391,1,1
881,1,1
1062,1,1
1539,1,1
2207,1,1
3524,1,1
1891,1,1
3886,1,1
3063,1,1
2914,1,1
2445,1,1
2746,1,1
1687,1,1
587,1,1
3160,1,1
3597,1,1
922,1,1
3188,1,1
2799,1,1
3852,1,1
1352,1,1
127,1,1
1223,1,1
958,1,1
2819,1,1
1415,1,1
2310,1,1
3086,1,1
2008,1,1
2051,1,1
3657,1,1
684,1,1
1536,1,1
1836,1,1
2533,1,1
1815,1,1
3927,1,1
2716,1,1
2852,1,1
206,1,1
3488,1,1
1504,1,1
897,1,1
1742,1,1
3308,1,1
3357,1,1
1900,1,1
3421,1,1
2210,1,1
1477,1,1
3924,1,1
3575,1,1
3184,1,1
896,1,1
3993,1,1
2224,1,1
1979,1,1
1272,1,1
3756,1,1
2444,1,1
3248,1,1
2751,1,1
90,1,1
1527,1,1
3652,1,1
75,1,1
19,1,1
1639,1,1
2790,1,1
1651,1,1
2647,1,1
4041,1,1
3210,1,1
1603,1,1
1984,1,1
1968,1,1
1556,1,1
418,1,1
2780,1,1
3165,1,1
1743,1,1
488,1,1
2265,1,1
3688,1,1
3082,1,1
3492,1,1
2501,1,1
293,1,1
878,1,1
4113,1,1
3695,1,1
1166,1,1
525,1,1
2503,1,1
3016,1,1
3704,1,1
3580,1,1
3042,1,1
1123,1,1
2809,1,1
3158,1,1
3075,1,1
1157,1,1
767,1,1
201,1,1
2917,1,1
3073,1,1
395,1,1
3738,1,1
2170,1,1
3133,1,1
2084,1,1
1422,1,1
1704,1,1
3265,1,1
3948,1,1
1548,1,1
3204,1,1
3540,1,1
1312,1,1
714,1,1
2037,1,1
1723,1,1
3791,1,1
3362,1,1
4087,1,1
2827,1,1
2824,1,1
493,1,1
898,1,1
3788,1,1
2227,1,1
1794,1,1
4053,1,1
253,1,1
1828,1,1
1731,1,1
4078,1,1
3856,1,1
3905,1,1
564,1,1
1162,1,1
95,1,1
2115,1,1
1684,1,1
3977,1,1
1048,1,1
456,1,1
2209,1,1
3593,1,1
1184,1,1
1024,1,1
3778,1,1
2580,1,1
1396,1,1
2974,1,1
3641,1,1
3902,1,1
770,1,1
3958,1,1
2398,1,1
1081,1,1
962,1,1
3433,1,1
3339,1,1
3748,1,1
3946,1,1
2551,1,1
2111,1,1
1872,1,1
1686,1,1
1706,1,1
1187,1,1
973,1,1
3131,1,1
4101,1,1
956,1,1
877,1,1
1965,1,1
2098,1,1
640,1,1
1171,1,1
3991,1,1
3914,1,1
1491,1,1
1216,1,1
172,1,1
3986,1,1
3908,1,1
1850,1,1
119,1,1
704,1,1
1933,1,1
4027,1,1
2066,1,1
516,1,1
1803,1,1
1542,1,1
3798,1,1
1054,1,1
1638,1,1
2693,1,1
2439,1,1
1069,1,1
2059,1,1
1657,1,1
764,1,1
3081,1,1
3170,1,1
1605,1,1
3563,1,1
197,1,1
2748,1,1
2337,1,1
3471,1,1
626,1,1
2862,1,1
2980,1,1
864,1,1
2447,1,1
560,1,1
1672,1,1
3444,1,1
1691,1,1
2757,1,1
1766,1,1
607,1,1
1713,1,1
3450,1,1
1643,1,1
284,1,1
1852,1,1
1796,1,1
1909,1,1
977,1,1
1492,1,1
4049,1,1
930,1,1
4043,1,1
2151,1,1
3569,1,1
1373,1,1
2786,1,1
3570,1,1
1301,1,1
3117,1,1
2556,1,1
3616,1,1
2217,1,1
3696,1,1
3154,1,1
636,1,1
301,1,1
200,1,1
1133,1,1
994,1,1
3109,1,1
1587,1,1
2876,1,1
2888,1,1
264,1,1
2664,1,1
1969,1,1
2462,1,1
1330,1,1
3153,1,1
2275,1,1
2346,1,1
1390,1,1
1862,1,1
3897,1,1
3547,1,1
2951,1,1
824,1,1
3961,1,1
3476,1,1
378,1,1
2230,1,1
3785,1,1
3579,1,1
2936,1,1
649,1,1
2119,1,1
3883,1,1
3383,1,1
1423,1,1
1023,1,1
2071,1,1
4089,1,1
511,1,1
1524,1,1
2972,1,1
16,1,1
2523,1,1
3715,1,1
3431,1,1
2750,1,1
1394,1,1
397,1,1
1991,1,1
133,1,1
2057,1,1
961,1,1
2939,1,1
792,1,1
3316,1,1
4066,1,1
1695,1,1
4069,1,1
2821,1,1
3053,1,1
3595,1,1
3888,1,1
2263,1,1
2988,1,1
1156,1,1
64,1,1
2092,1,1
1247,1,1
245,1,1
1861,1,1
3475,1,1
3008,1,1
3030,1,1
1537,1,1
1597,1,1
2405,1,1
1231,1,1
2457,1,1
2837,1,1
2321,1,1
2456,1,1
1913,1,1
754,1,1
2718,1,1
4021,1,1
2787,1,1
855,1,1
4068,1,1
3183,1,1
774,1,1
2932,1,1
2016,1,1
3458,1,1
1819,1,1
1333,1,1
1360,1,1
3520,1,1
2504,1,1
3784,1,1
3435,1,1
3472,1,1
2892,1,1
4082,1,1
2973,1,1
3261,1,1
2075,1,1
703,1,1
2156,1,1
1213,1,1
2467,1,1
3459,1,1
4038,1,1
89,1,1
1375,1,1
1593,1,1
2166,1,1
3080,1,1
700,1,1
4009,1,1
2536,1,1
2944,1,1
1452,1,1
4055,1,1
664,1,1
1712,1,1
3315,1,1
816,1,1
3813,1,1
3660,1,1
3857,1,1
3811,1,1
3105,1,1
3015,1,1
2625,1,1
1,1,1
3387,1,1
2963,1,1
3420,1,1
2990,1,1
785,1,1
396,1,1
660,1,1
116,1,1
624,1,1
1218,1,1
1160,1,1
2215,1,1
1305,1,1
2570,1,1
2327,1,1
3760,1,1
2795,1,1
1767,1,1
2201,1,1
1158,1,1
601,1,1
3123,1,1
3485,1,1
1447,1,1
2549,1,1
153,1,1
2497,1,1
2568,1,1
1126,1,1
642,1,1
3312,1,1
1302,1,1
403,1,1
3771,1,1
2688,1,1
3427,1,1
3626,1,1
1119,1,1
634,1,1
3121,1,1
413,1,1
3233,1,1
710,1,1
3596,1,1
998,1,1
130,1,1
1865,1,1
3132,1,1
1188,1,1
3537,1,1
3998,1,1
983,1,1
3559,1,1
1996,1,1
2628,1,1
2378,1,1
2274,1,1
1296,1,1
1768,1,1
955,1,1
356,1,1
2924,1,1
225,1,1
3022,1,1
2530,1,1
563,1,1
1715,1,1
3368,1,1
2544,1,1
1152,1,1
1159,1,1
3473,1,1
1642,1,1
3879,1,1
2532,1,1
1905,1,1
3777,1,1
854,1,1
1916,1,1
3112,1,1
3928,1,1
3457,1,1
718,1,1
2706,1,1
3318,1,1
2882,1,1
995,1,1
1086,1,1
1070,1,1
36,1,1
1671,1,1
1579,1,1
3478,1,1
2723,1,1
3980,0,1
1318,1,1
2995,1,1
103,1,1
1201,1,1
2629,1,1
3601,1,1
3659,1,1
114,1,1
3722,1,1
3370,1,1
2315,1,1
2288,1,1
2341,1,1
1512,1,1
628,1,1
2909,1,1
2732,1,1
617,1,1
3257,1,1
1063,1,1
1262,1,1
3269,1,1
1195,1,1
1145,1,1
1354,1,1
2403,1,1
4134,1,1
2989,1,1
1209,1,1
2610,1,1
1219,1,1
1633,1,1
2901,1,1
1140,1,1
3787,1,1
1242,1,1
3859,1,1
3566,1,1
2760,1,1
885,1,1
1500,1,1
1143,1,1
216,1,1
475,1,1
805,1,1
2353,1,1
4000,1,1
1832,1,1
3639,1,1
3093,1,1
570,1,1
379,1,1
1808,1,1
3827,1,1
1154,1,1
3322,1,1
46,1,1
35,1,1
541,1,1
4133,1,1
3732,1,1
3310,1,1
538,1,1
3147,1,1
1790,1,1
1508,1,1
1902,1,1
505,1,1
392,1,1
682,1,1
647,1,1
2996,1,1
335,1,1
3890,1,1
3303,1,1
3849,1,1
470,1,1
2095,1,1
202,1,1
2304,1,1
733,1,1
879,1,1
1656,1,1
2287,1,1
3411,1,1
2461,1,1
2247,1,1
2078,1,1
2373,1,1
513,1,1
268,1,1
2006,1,1
2714,1,1
3275,1,1
2401,1,1
1703,1,1
419,1,1
3103,1,1
1811,1,1
2581,1,1
831,1,1
834,1,1
3947,1,1
1018,1,1
1441,1,1
262,1,1
4126,1,1
3408,1,1
3100,1,1
1825,1,1
3755,1,1
3943,1,1
1760,1,1
1222,1,1
1693,1,1
161,1,1
2584,1,1
3159,1,1
3439,1,1
1446,1,1
3952,1,1
3072,1,1
657,1,1
2810,1,1
3834,1,1
3944,1,1
189,1,1
180,1,1
3085,1,1
974,1,1
3250,1,1
1503,1,1
186,1,1
2637,1,1
146,1,1
826,1,1
2535,1,1
2192,1,1
2311,1,1
3341,1,1
999,1,1
234,1,1
1830,1,1
1066,1,1
609,1,1
551,1,1
4106,1,1
1015,1,1
3236,1,1
2851,1,1
4059,1,1
190,1,1
4063,1,1
2491,1,1
160,1,1
1406,1,1
3326,1,1
2703,1,1
838,1,1
453,1,1
676,1,1
3197,1,1
2558,1,1
1578,1,1
4,1,1
1611,1,1
3895,1,1
1644,1,1
3078,1,1
2086,1,1
1550,1,1
2516,1,1
2149,1,1
1688,1,1
2245,1,1
653,1,1
3565,1,1
751,1,1
3356,1,1
1777,1,1
497,1,1
2577,1,1
659,1,1
780,1,1
873,1,1
2861,1,1
1694,1,1
4077,1,1
1073,1,1
1929,1,1
1011,1,1
3064,1,1
3337,1,1
1369,1,1
2396,1,1
1170,1,1
2652,1,1
122,1,1
2395,1,1
3962,1,1
2234,1,1
3460,1,1
