,y_test,prediction
901,1,1
696,1,1
1070,1,1
603,1,1
990,1,1
3275,1,1
3531,1,1
669,1,1
1300,1,1
3536,1,1
1331,1,1
1491,1,1
17,1,1
83,1,1
3342,1,1
4009,1,1
3726,1,1
525,1,1
2679,1,1
3289,1,1
917,1,1
1553,1,1
4082,1,1
1393,1,1
1453,1,1
1770,1,1
2622,1,1
1809,1,1
2931,1,1
165,1,1
79,1,1
3366,1,1
2416,1,1
2563,1,1
3815,1,1
1240,1,1
131,1,1
2233,1,1
3254,1,1
4018,1,1
4,1,1
1633,1,1
3178,1,1
3133,0,1
2425,1,1
2022,1,1
3483,1,1
999,1,1
1974,1,1
2006,0,1
2231,1,1
2683,1,1
2033,1,1
11,1,1
3944,1,1
1046,1,1
4092,1,1
3219,1,1
1146,1,1
2357,1,1
4106,1,1
1855,1,1
20,1,1
3560,1,1
3904,1,1
1555,1,1
124,1,1
793,1,1
4025,1,1
1617,1,1
687,1,1
2132,1,1
3117,1,1
424,1,1
2943,1,1
1271,1,1
652,1,1
2302,1,1
1143,1,1
689,1,1
3580,1,1
1960,1,1
438,1,1
1549,1,1
2905,1,1
2426,1,1
1454,1,1
3447,1,1
2718,1,1
3230,1,1
188,1,1
2491,1,1
2723,1,1
712,1,1
3559,1,1
2342,1,1
1885,1,1
2319,1,1
1515,1,1
401,1,1
2374,1,1
2067,1,1
3747,1,1
3013,1,1
580,1,1
1027,1,1
103,1,1
3015,1,1
61,0,1
3211,1,1
1657,1,1
1235,1,1
3470,1,1
166,1,1
1303,1,1
1202,1,1
2660,1,1
3585,1,1
2696,1,1
278,1,1
2875,1,1
3044,1,1
3040,1,1
2933,1,1
945,1,1
1446,1,1
916,1,1
3668,1,1
2464,1,1
93,1,1
1723,1,1
3883,1,1
585,0,1
730,1,1
3284,1,1
1596,1,1
1157,1,1
1206,1,1
1815,1,1
122,1,1
4128,1,1
3067,1,1
577,1,1
2400,1,1
3859,1,1
3305,1,1
884,0,1
2803,1,1
3298,1,1
2212,1,1
2463,1,1
1778,1,1
4102,1,1
3503,1,1
3079,1,1
1917,1,1
823,1,1
1608,1,1
541,1,1
3884,1,1
2267,1,1
2263,1,1
3364,1,1
2239,1,1
3075,1,1
3450,1,1
4011,1,1
556,1,1
833,1,1
4042,1,1
3685,1,1
3975,1,1
310,1,1
737,1,1
1329,1,1
3542,1,1
1487,1,1
488,1,1
2753,1,1
551,1,1
2108,1,1
3527,1,1
3666,1,1
3425,1,1
1777,1,1
2739,1,1
2672,1,1
2793,1,1
3148,1,1
875,1,1
3635,1,1
2617,1,1
3139,1,1
3160,1,1
3697,1,1
3371,1,1
1613,1,1
538,1,1
1388,1,1
2259,1,1
223,1,1
2936,1,1
1140,1,1
2428,1,1
2031,1,1
1749,1,1
963,1,1
2874,1,1
128,1,1
1827,1,1
899,1,1
769,1,1
3521,1,1
593,1,1
1350,1,1
3496,0,1
1836,1,1
1343,1,1
1305,1,1
3978,1,1
1738,1,1
2929,1,1
1115,1,1
452,1,1
3276,1,1
2556,1,1
2606,1,1
1238,1,1
3462,1,1
4065,1,1
1313,1,1
641,1,1
2046,1,1
3187,1,1
1035,1,1
2561,1,1
1717,1,1
1198,1,1
2109,1,1
683,1,1
3411,1,1
1644,1,1
3073,1,1
66,1,1
1108,1,1
1239,1,1
1979,1,1
2137,1,1
3039,1,1
1225,1,1
404,1,1
507,1,1
367,1,1
964,1,1
2700,1,1
944,1,1
3410,1,1
369,1,1
1501,1,1
3680,1,1
3814,1,1
287,1,1
425,1,1
1761,1,1
1924,0,1
935,1,1
3341,1,1
855,1,1
3529,1,1
3078,1,1
2529,1,1
1581,1,1
175,1,1
885,1,1
506,1,1
1591,1,1
930,1,1
4000,1,1
1830,1,1
2697,1,1
4050,1,1
3170,1,1
3278,1,1
227,1,1
2221,1,1
209,1,1
535,1,1
654,1,1
1403,1,1
1932,1,1
1141,1,1
2989,1,1
158,1,1
2359,1,1
1224,1,1
1306,1,1
1990,1,1
3696,1,1
632,1,1
2729,1,1
2900,1,1
1230,1,1
781,1,1
2242,1,1
2985,1,1
37,1,1
2616,1,1
4046,1,1
3524,1,1
95,1,1
3008,1,1
674,1,1
2351,1,1
1700,1,0
2469,1,1
2785,1,1
3114,1,1
3140,1,1
2440,1,1
2119,1,1
3222,1,1
417,1,1
1868,1,1
1088,1,1
1495,1,1
2360,1,1
2702,1,1
1837,1,1
3575,1,1
280,1,1
3005,1,1
3662,1,1
3153,1,1
39,1,1
2854,1,1
607,1,1
2726,1,1
3215,1,1
437,1,1
3369,1,1
1664,1,1
3593,1,1
2092,1,1
218,1,1
3317,1,1
3952,1,1
3330,1,1
1419,0,1
1150,1,1
1908,1,1
1131,1,1
842,1,1
919,1,1
3654,1,1
1410,1,1
2553,1,1
1125,1,1
110,1,1
543,1,1
2716,1,1
2204,1,1
2654,1,1
52,1,1
1059,1,1
2884,1,1
2148,1,1
1214,1,1
3571,1,1
2365,1,1
2075,1,1
3328,1,1
1095,1,1
430,1,1
837,1,1
3640,1,1
874,1,1
765,1,1
1226,1,1
1241,1,1
700,1,1
2284,0,1
3308,1,1
864,1,1
1270,1,1
2103,1,1
3204,1,1
3120,1,1
3479,1,1
3596,1,1
2554,1,1
1867,1,1
732,1,1
3594,1,1
1253,1,1
749,1,1
3667,1,1
1756,1,1
3898,1,1
3475,1,1
3264,1,1
1211,1,1
608,1,1
3927,1,1
805,1,1
3377,1,1
1379,1,1
2438,1,1
3346,1,1
245,1,1
3125,1,1
2300,1,1
1655,1,1
2972,1,1
2227,1,1
579,1,1
389,1,1
2604,1,1
432,0,1
1467,1,1
1758,1,1
1118,1,1
3688,1,1
3632,1,1
625,1,1
2074,1,1
3142,1,1
1671,1,1
3010,1,1
3194,1,1
9,1,1
3652,0,1
1232,1,1
3383,1,1
2457,1,1
2667,1,1
3169,1,1
1963,1,1
1473,1,1
2398,1,1
1952,1,1
3283,1,1
3661,1,1
1251,1,1
1689,1,1
1233,1,1
918,1,1
1754,1,1
3102,1,1
1629,1,1
2367,1,1
1075,1,1
491,1,1
4064,1,1
4004,1,1
4033,1,1
952,1,1
753,1,1
1819,1,1
3471,1,1
2677,1,1
808,1,1
3702,1,1
3051,1,1
1524,1,1
3681,1,1
1334,1,1
3407,0,1
549,1,1
2150,1,1
3837,1,1
4110,1,1
4087,1,1
2384,1,1
1605,1,1
2305,1,1
1632,1,1
2131,1,1
1955,1,1
1308,1,1
747,1,1
433,1,1
3519,1,1
2353,1,1
3232,1,1
671,1,1
1791,1,1
1649,1,1
1825,1,1
3562,1,1
2896,1,1
1096,1,1
4086,1,1
4098,1,1
1345,1,1
3323,1,1
3703,1,1
2626,1,1
4049,1,1
2599,1,1
2927,0,1
1036,1,1
1278,1,1
1760,1,1
857,1,1
3961,1,1
2315,1,1
1302,1,1
3266,1,1
2497,1,1
289,1,1
1147,1,1
1316,1,1
3591,1,1
3799,1,1
706,1,1
3843,1,1
704,1,1
3206,1,1
3720,1,1
3867,1,1
2915,1,1
1977,1,1
3901,1,1
1640,1,1
1811,1,1
3824,1,1
940,1,1
1550,1,1
2536,1,1
831,1,1
2710,1,1
3396,1,1
3971,1,1
2358,1,1
2832,1,1
1635,1,1
1597,1,1
1994,1,1
3451,1,1
2748,1,1
3897,1,1
1056,1,1
2998,1,1
962,1,1
3738,1,1
1397,1,1
3724,1,1
2869,1,1
2846,1,1
2252,1,1
3733,1,1
2898,1,1
1544,1,1
2976,1,1
3397,1,1
4035,1,1
3365,1,1
1285,1,1
554,1,1
3709,1,1
330,1,1
995,1,1
1894,1,1
2926,1,1
2089,1,1
3464,1,1
2982,1,1
1111,1,1
2806,1,1
1715,1,1
2807,1,1
890,1,1
269,1,1
1092,1,1
3687,1,1
2475,1,1
3107,1,1
1663,1,1
1448,1,1
1514,1,1
422,1,1
1032,1,1
2025,1,1
247,1,1
948,1,1
1646,1,1
733,1,1
587,0,1
2815,1,1
3660,1,1
3732,0,1
2159,1,1
2193,1,1
2190,1,1
915,1,1
1848,1,1
3829,1,1
2502,1,1
2519,1,1
2942,1,1
1356,1,1
3516,1,1
4096,1,1
1243,1,1
2036,1,1
3188,1,1
3032,1,1
724,1,1
1959,1,1
4007,1,1
3186,1,1
388,1,1
347,1,1
3135,1,1
1005,1,1
894,1,1
428,1,1
1991,1,1
199,1,1
137,1,1
1818,1,1
1030,1,1
2995,1,1
2492,1,1
716,1,1
1071,1,1
3074,1,1
1221,1,1
758,1,1
1828,1,1
2377,1,1
1162,1,1
1690,1,1
48,1,1
3007,1,1
210,1,1
1840,1,1
3538,1,1
3314,1,1
4003,1,1
563,1,1
3669,1,1
1423,1,1
3041,1,1
3401,1,1
3419,1,1
3281,1,1
1807,1,1
3370,1,1
1609,1,1
1525,1,1
3678,1,1
41,1,1
3243,1,1
2002,1,1
3548,1,1
4088,1,1
2981,1,1
2627,1,1
36,1,1
2756,1,1
2741,1,1
4117,1,1
1793,1,1
321,1,1
3413,1,1
1935,1,1
1,1,1
1920,1,1
4068,1,1
2887,1,1
3672,1,1
2694,1,1
1471,1,1
3624,1,1
3866,1,1
1203,0,1
4105,1,1
496,1,1
759,1,1
410,1,1
688,1,1
100,1,1
1158,1,0
4012,1,1
938,1,1
293,1,1
1351,1,1
1922,1,1
1916,1,1
3949,1,1
3517,1,1
1259,1,1
1814,1,1
2978,1,1
3171,1,1
257,1,1
1050,1,1
3920,1,1
2919,1,1
1548,1,1
4016,1,1
1946,1,1
3970,1,1
2686,1,1
708,1,1
1957,1,1
3972,1,1
3147,1,1
1831,1,1
4078,1,1
2935,1,1
1051,1,1
4119,1,1
1028,1,1
3052,1,1
662,1,1
1794,1,1
526,1,1
4026,1,1
3489,1,1
2664,1,1
1810,1,1
2245,1,1
792,1,1
3882,1,1
1297,1,1
3131,1,1
434,1,1
1100,1,1
1893,1,1
3686,1,1
429,1,1
1891,1,1
3637,1,1
589,1,1
3555,1,1
3962,1,1
2049,1,1
2311,1,1
206,1,1
3715,0,1
1426,1,1
1465,1,1
3546,1,1
1293,1,1
221,1,1
681,1,1
897,1,1
405,1,1
3903,1,1
4013,1,1
1709,1,1
2826,1,1
2124,1,1
1903,1,1
3584,1,1
1173,1,1
614,1,1
2996,1,1
2666,1,1
2063,1,1
3340,1,1
3193,1,1
887,1,1
237,1,1
2205,0,1
155,1,1
3231,1,1
1686,1,1
3760,1,1
451,1,1
4112,1,1
3606,1,1
1938,1,1
3836,1,1
2380,1,1
1759,1,1
3498,1,1
446,1,1
1506,1,1
1930,1,1
3692,1,1
3286,1,1
3981,1,1
3650,0,1
785,1,1
2973,1,1
619,1,1
45,0,1
144,1,1
3166,1,1
3871,1,1
