,y_test,prediction
3928,1,1
20197,1,1
17413,1,1
1248,1,1
11973,1,1
1913,1,1
4833,1,0
2642,1,1
22164,1,1
4894,1,1
14817,1,1
8889,1,1
14420,1,1
17986,1,1
16310,1,1
19148,1,1
21602,1,1
15516,1,1
21400,1,1
21334,1,1
20839,1,1
1202,1,0
20213,1,1
19055,1,1
18253,1,1
3636,1,1
19261,1,1
5820,1,1
18883,1,1
1136,1,1
1954,1,1
20290,1,1
12415,1,1
18618,1,1
19035,1,1
19942,1,1
8903,1,1
951,1,1
12260,1,1
1639,1,1
21251,1,1
19799,1,1
3908,1,1
9385,1,1
17467,1,1
13077,1,1
692,1,1
1689,0,0
9262,1,1
17216,1,1
14865,1,1
7239,1,1
7270,1,1
10410,1,1
14781,1,0
11016,1,1
19060,1,0
9596,1,1
4808,1,1
19074,1,1
21768,1,1
10482,1,1
12632,1,1
8921,1,1
7965,1,1
12685,1,1
14970,1,1
20949,1,1
17659,1,1
11759,1,0
20070,1,1
10295,1,1
15720,1,0
15325,1,1
6327,1,1
5816,1,1
13165,1,1
16001,1,1
4148,1,1
3353,1,1
3256,1,0
21205,1,1
17661,1,1
3911,1,0
20641,1,1
20352,1,1
3500,1,1
21477,1,1
44,1,1
8826,1,1
12091,1,0
16144,1,1
22019,1,1
13327,1,1
14981,1,1
11317,1,1
7216,1,1
9299,1,1
17397,1,1
21292,1,1
20136,1,0
21637,1,1
2364,1,1
8003,1,1
8545,1,1
12161,1,1
16012,1,1
20221,1,1
7029,1,1
12345,1,1
17220,1,0
1647,1,1
17675,1,1
9231,1,1
12484,1,1
4796,1,1
4441,1,1
617,1,1
3231,1,1
3546,1,1
14612,1,0
11445,1,0
10880,1,1
8644,1,0
5277,1,1
4013,1,1
5136,1,1
21426,1,1
9516,1,1
19626,0,1
13774,1,1
1177,1,1
8573,1,1
4434,1,1
18078,1,1
9501,1,1
5478,1,1
1589,1,0
15055,1,1
2422,1,1
1918,1,1
7945,1,1
20922,1,1
9625,0,1
17396,1,1
17690,1,1
7360,1,1
11497,1,1
8484,1,1
18393,1,1
14174,1,1
18419,1,1
4678,1,1
9079,1,1
12594,1,1
15334,1,1
19327,1,1
8004,1,1
18666,1,1
21327,1,1
19442,1,1
15331,1,1
11605,1,1
10594,1,1
2398,1,1
11088,1,1
21303,0,1
21473,1,1
19197,1,0
10568,1,1
20621,1,1
10608,1,1
9423,1,1
21158,1,0
18057,1,1
4042,1,1
15044,0,1
12256,1,1
3076,1,0
1896,1,1
8061,1,1
3226,1,1
10061,1,1
8955,1,0
8059,1,1
4459,1,1
18093,1,1
9617,1,1
13887,1,0
4049,1,1
2925,1,1
14702,1,1
7799,1,1
22206,1,1
200,0,1
650,1,1
12075,1,1
4759,1,1
8603,1,1
2777,1,1
13481,1,0
21796,1,1
1638,1,1
19214,1,1
3312,1,1
16197,1,1
5450,1,1
2026,1,1
1443,1,1
1472,1,1
8348,0,1
19788,1,1
14270,1,1
19892,1,1
8062,1,1
803,1,1
21080,1,0
12129,1,1
17657,1,1
20446,1,0
17016,1,0
6987,1,1
8646,1,1
21816,1,1
18435,1,1
7598,0,0
14057,1,1
5667,1,1
20498,1,1
1759,1,1
20595,1,1
15956,1,1
12652,1,1
20147,1,1
1159,1,1
20111,1,0
11828,1,1
21981,1,1
653,1,1
11584,1,0
21013,1,1
19416,1,1
2136,1,1
5784,1,1
17792,1,1
4869,1,1
5281,1,1
19297,1,1
15915,1,0
14699,1,1
918,1,1
8391,1,1
13578,1,1
11607,1,1
19952,1,1
1923,1,1
17910,1,1
5726,1,1
4996,1,1
17708,1,0
7488,1,1
2020,1,1
15469,1,1
15902,1,1
1677,1,1
12553,1,1
19997,1,0
18392,1,1
2215,1,1
9284,1,1
8241,1,1
5263,1,1
9009,1,1
10049,1,1
8364,1,1
20722,1,1
19957,1,1
7767,1,1
18456,1,1
9293,1,1
7579,1,1
3258,1,1
6,1,1
15241,1,1
4079,1,1
16398,1,1
9296,1,1
1075,1,1
2064,1,1
11160,1,1
18336,1,1
21466,1,1
18560,1,1
6608,1,0
2745,1,1
19812,1,1
6483,1,1
7362,1,1
19522,1,1
3248,1,1
18330,1,1
8736,1,1
7437,1,1
8322,1,1
18799,1,1
8053,1,1
14562,1,1
7036,1,1
3024,1,1
4521,1,1
17058,1,1
15131,1,1
1192,1,0
22051,1,1
11933,1,1
11570,1,1
8933,1,1
5749,1,1
8288,1,1
6689,1,1
15285,1,1
15883,1,0
20786,1,1
16977,1,1
11280,1,1
17030,1,0
15877,1,1
11132,1,1
13479,1,1
12348,1,1
13714,1,1
9497,1,1
5776,1,1
20812,1,1
1466,1,1
13652,1,1
981,1,1
9552,1,1
20857,1,1
12025,1,1
12558,1,1
10266,1,0
7775,1,1
21576,1,1
11567,1,1
11984,1,1
19614,1,1
5408,1,1
7941,1,1
2896,1,1
11477,1,1
6244,1,0
11751,1,0
22216,1,1
4818,0,1
4025,1,1
18653,1,1
19284,1,1
20251,0,1
6881,1,0
15288,1,1
20122,1,1
14673,1,1
9194,0,0
9550,1,1
4037,1,1
18163,1,1
20756,1,1
14276,1,0
15758,1,1
17426,1,0
18098,1,1
7258,1,1
11786,1,1
20862,1,1
19288,1,0
8335,1,1
12578,1,1
20431,1,1
11489,1,1
15549,1,1
14357,1,1
11242,1,1
22217,1,1
1503,1,1
8016,1,1
8879,1,1
12537,0,1
20758,1,1
1255,1,1
17950,1,1
2795,1,1
656,1,1
14936,1,1
6677,1,1
6848,1,1
2191,1,1
9155,1,1
13965,1,1
12541,1,1
11484,1,1
1028,1,1
19278,1,1
18621,1,1
11718,1,1
11734,1,1
11028,0,1
10277,1,1
14161,1,1
19167,1,1
12785,1,1
21459,1,0
3499,1,1
16277,1,1
2151,1,1
4837,1,1
14001,1,0
12234,1,1
19890,1,1
4027,1,1
8965,1,1
4096,1,1
14151,1,1
8109,1,1
3613,1,1
11668,1,1
10865,0,0
22176,1,1
2315,1,1
15038,1,1
11278,1,1
20271,0,0
13057,1,0
1856,1,1
18511,1,0
4800,1,1
16055,1,1
5563,1,1
3207,1,1
8020,1,1
12729,1,1
3925,1,1
22022,1,1
19399,1,1
19870,0,0
16838,1,1
5272,1,1
16371,1,1
4782,1,1
11632,1,1
14986,1,1
19544,1,0
8023,1,0
12450,1,1
14060,1,1
11131,1,1
9077,1,0
9139,1,1
14194,1,1
9033,1,1
3405,1,1
17958,1,1
22127,1,1
13925,1,1
10653,1,1
12743,1,1
4177,1,1
19282,1,1
15530,1,1
17536,1,1
19352,1,1
13257,1,1
21767,1,1
14713,1,1
10785,1,1
10590,1,1
226,1,1
12258,1,1
17538,0,0
17563,1,0
13668,1,1
13736,1,1
20930,1,1
5864,1,1
19383,1,0
5725,1,1
1197,1,1
9228,1,0
8867,1,1
2954,1,1
10780,1,1
13754,1,0
20010,1,1
1138,1,1
20054,1,1
15281,1,1
16189,1,1
11693,1,1
20128,1,1
5400,1,1
17632,1,1
13968,1,1
14369,1,1
13582,1,1
1552,1,0
2429,1,1
13971,1,1
16675,1,0
17181,1,1
7492,1,1
10996,1,1
1730,1,1
10201,1,1
7042,1,1
9911,1,1
21228,1,1
12443,1,1
5516,1,1
14323,1,1
5639,1,1
14332,1,1
16589,1,1
16958,1,1
7237,1,1
11778,1,0
8643,1,0
18631,1,1
10396,1,1
17902,1,1
10050,1,1
1714,1,1
7585,1,1
5063,1,1
15234,1,1
1880,1,1
988,1,1
11127,1,1
17908,1,1
14675,1,1
8371,1,1
14447,1,1
1995,1,0
11007,1,1
10709,1,1
13417,1,1
7094,1,1
9328,1,1
10474,1,1
11200,1,1
2135,1,1
19787,1,1
16495,1,1
4285,1,1
20248,1,1
7106,1,0
18114,1,1
9114,1,1
19743,1,1
14950,1,1
9833,1,1
11700,1,0
8306,1,1
14113,1,1
7079,1,0
3593,1,1
5821,1,1
8964,1,1
7040,1,0
12336,1,1
17694,1,1
10650,1,1
20014,1,1
11588,1,1
3610,1,1
16524,1,1
12604,1,0
18515,1,1
12398,1,1
18139,1,0
2428,1,1
13004,1,1
3518,1,1
16112,1,1
17074,0,0
12061,1,1
7607,1,0
5673,1,1
11020,1,1
16659,1,1
14724,1,0
3667,1,1
876,1,1
11633,1,1
15667,1,1
9014,1,1
6122,1,1
13295,1,1
20688,1,1
6664,1,1
19581,1,1
8630,1,1
14055,1,1
4004,1,1
17188,1,1
6507,1,1
9792,1,1
14732,1,1
21615,1,1
8540,1,1
7298,1,1
14239,1,1
17876,1,1
17608,1,0
22263,1,1
13621,1,0
12438,1,1
7577,1,1
6680,1,1
19389,1,1
14024,1,0
11708,1,1
751,1,1
21395,1,0
14542,1,1
10641,1,1
2758,1,1
13598,1,1
22132,1,1
9279,1,0
8599,0,1
14159,1,1
2983,1,1
4435,1,1
2269,1,1
17503,1,1
22002,1,1
7862,1,1
19286,1,0
1402,1,1
13976,1,0
2470,1,1
6685,1,0
8887,1,1
14672,1,1
21733,1,1
2025,1,1
4790,1,1
1436,1,1
9486,1,1
8572,1,1
17127,1,1
6320,1,0
12805,1,1
964,1,0
9126,1,1
17805,1,1
8763,1,1
766,1,1
22391,1,1
14704,1,1
8071,1,1
5567,1,1
15018,1,1
9013,1,1
2303,1,1
18953,1,1
1813,1,1
11939,1,1
10813,1,1
15900,1,1
19902,1,1
2384,1,1
3820,1,1
16289,0,1
15922,1,1
7162,1,1
8114,1,1
11236,1,1
5037,1,1
7549,1,1
2939,1,0
14570,1,1
2071,1,0
12622,1,1
7176,1,1
14022,1,0
20512,1,1
5560,1,1
7539,1,1
20196,1,1
18159,0,1
21810,1,1
11,1,1
5222,1,1
14231,1,0
21082,1,0
63,1,1
16824,1,1
6416,1,1
13309,1,1
10825,1,1
13291,1,1
5530,1,1
20981,1,1
19229,1,1
1311,1,1
11461,1,1
19387,1,1
15917,1,1
5778,1,1
19916,1,1
14962,1,1
15756,1,1
14330,1,1
14451,1,1
7271,1,1
22008,1,1
13093,1,1
13863,1,1
8079,1,1
17735,1,1
19708,1,1
18924,1,1
20324,1,1
17948,1,1
615,1,1
19584,1,1
19558,1,1
4405,1,1
10183,1,0
15842,1,1
5533,1,1
2617,1,1
288,1,1
10046,1,1
17256,1,1
15861,1,1
18038,1,1
18346,1,1
7416,1,0
6538,1,0
19695,1,1
11872,1,1
8388,1,1
13440,1,0
3135,1,1
1537,1,0
13167,1,1
18165,1,1
21978,1,1
14792,1,1
10489,1,1
10044,1,1
13043,1,1
13473,1,0
10782,1,1
1059,1,1
22293,1,1
14683,1,1
1055,1,1
1312,1,1
10908,1,1
17860,0,0
15613,1,1
12885,1,1
6493,1,1
4469,1,1
19,1,0
3698,1,1
16207,1,1
21126,1,0
17383,1,1
6461,1,1
21007,1,1
982,1,1
2068,1,1
9521,1,1
4914,1,1
15827,1,1
4897,1,1
9954,1,1
11402,1,1
15789,1,1
9835,1,0
5125,1,1
20584,1,1
7738,1,1
232,1,1
13627,1,1
9466,1,1
15322,1,1
12928,1,1
10922,1,1
3504,1,1
2000,1,1
12395,1,1
4036,1,1
20045,1,1
2889,1,1
12979,1,1
3653,1,1
17867,1,1
8811,1,0
19290,1,1
4289,1,0
4168,1,1
17020,1,1
5671,1,1
783,1,1
460,1,1
2847,1,1
10607,1,1
12883,1,1
587,1,0
14108,1,1
6534,1,1
8596,1,1
3975,1,1
19484,1,1
14653,1,1
4700,1,1
4503,1,1
2587,0,1
17618,1,1
15284,1,1
9838,1,1
10197,1,1
248,1,1
20167,1,1
2789,1,1
13014,1,1
9205,1,1
5575,0,0
10932,1,1
5267,1,1
14620,1,1
11543,1,0
22083,1,1
12887,1,1
13303,1,0
678,1,1
10604,1,1
14353,1,1
6061,1,0
21003,1,1
14958,1,1
14433,1,1
22090,1,1
12657,1,1
18956,1,1
16057,1,1
21524,1,1
21244,1,1
15120,1,0
22227,1,1
10102,1,1
13543,1,1
13010,1,1
18714,1,1
5592,1,1
7449,1,0
13441,1,0
21326,1,1
4775,1,1
20869,0,0
10076,1,1
19844,1,1
8648,1,1
2553,0,0
4290,1,0
9957,1,1
9710,1,1
3793,1,1
13415,1,1
19249,1,0
13628,1,1
4161,1,1
1204,1,1
7054,1,1
6177,1,1
8607,1,1
3550,1,1
15514,1,1
354,1,1
14977,1,1
12428,1,1
21039,1,1
21111,1,1
16287,1,1
8969,1,1
19419,1,1
5770,1,1
3469,1,1
623,1,1
20619,1,1
7170,1,1
2212,1,1
17849,1,1
786,1,0
5067,1,1
6353,1,1
12457,1,1
15263,1,0
3895,1,1
1527,1,0
16902,1,1
20139,1,1
16291,1,1
18269,1,1
10859,1,1
1115,1,1
15488,1,1
11988,1,1
16148,1,1
16000,1,1
14579,1,1
4443,1,1
12402,1,0
19051,1,1
11023,1,1
13394,1,0
12781,1,0
6266,1,0
19280,1,1
14905,1,1
19169,1,1
17634,1,0
18188,1,1
12265,1,0
823,1,1
4438,1,1
7317,1,1
8471,1,1
9544,1,1
19321,1,1
13904,1,1
18244,1,1
13313,1,1
6116,1,0
12163,1,1
20340,1,1
20865,0,0
5418,1,1
20341,1,1
21648,1,1
10518,1,1
8869,1,1
16008,1,1
18702,1,1
2959,1,0
22159,1,1
8482,1,1
18005,1,1
486,1,1
3792,1,1
5764,1,1
21750,1,1
18713,1,1
5486,1,1
13561,1,1
12292,1,1
5889,1,1
8595,1,1
12205,1,0
10836,1,1
21897,1,1
18105,1,1
16677,1,1
7248,1,1
16054,1,0
17664,1,1
11518,1,1
8542,1,1
5488,1,0
1747,1,1
22190,1,1
20039,1,1
14309,1,1
13974,1,1
17430,1,1
6886,1,1
10265,1,0
18859,1,0
9166,1,1
13827,1,0
1855,1,1
4140,1,1
12596,1,1
21365,1,1
9964,1,1
13332,1,1
19598,1,1
4017,1,1
20083,1,1
13335,1,1
17300,1,1
2719,1,1
15645,1,1
11288,1,1
10637,1,1
10129,1,1
5232,1,1
3617,1,1
20412,1,1
19163,1,1
6970,1,1
9264,1,1
17567,1,1
11475,1,1
5819,1,1
20356,1,0
14644,1,1
8638,1,1
22281,1,1
7395,1,1
20708,1,1
12059,1,0
17080,1,1
4797,1,1
15550,1,1
17158,1,1
13838,1,1
19215,1,1
16682,1,1
18131,1,1
8011,1,1
14056,1,1
19052,1,1
20571,1,1
12991,1,1
336,1,1
14233,1,0
12642,1,1
20153,1,1
12359,1,1
2665,1,1
21064,1,1
18166,1,1
17343,1,0
4692,1,1
2005,1,1
21284,1,1
5135,1,1
9736,1,1
12994,1,1
158,1,1
13752,1,0
2544,1,0
1481,1,1
3169,1,1
763,1,1
15939,1,1
3372,1,1
8820,1,0
6751,1,1
20076,1,1
6887,1,1
22359,1,1
2729,1,1
3007,1,0
14931,1,1
3176,0,0
12838,1,1
15851,1,1
20134,1,1
10580,1,1
11797,1,1
15036,1,0
7001,1,1
13060,1,0
7977,1,1
2987,1,1
15326,1,1
19959,1,1
10229,1,1
3832,1,1
3473,1,0
8422,1,1
13701,1,0
17287,1,0
15670,1,1
5674,1,1
18726,1,1
22307,1,1
