,y_test,prediction
21770,61.0,61.0
20496,54.7367,54.57778700000005
9033,68.8623,68.86229999999989
1966,68.8623,69.02877399999984
18675,70.628,70.62799999999991
16728,74.15939999999999,75.69555900000009
5256,63.0,63.0
20584,49.439600000000006,49.4396
20866,58.2681,58.26809999999998
1151,56.5024,56.43177200000004
7467,67.0966,67.09659999999991
5483,56.0,56.0
20033,58.2681,58.28273799999998
1604,63.5652,63.529548
10109,64.0,64.03
9938,63.0,63.0
12699,49.439600000000006,49.157088
1505,60.0338,60.03380000000009
10126,61.0,61.0
19838,58.2681,58.26809999999998
18297,68.8623,68.8622999999999
1922,49.439600000000006,49.4396
2158,37.0797,37.3445550000001
21453,53.0,52.89
18585,67.0966,66.74176999999992
13641,54.7367,54.73670000000006
19812,60.0338,60.03380000000009
124,47.6739,47.07356199999991
374,47.6739,47.921097999999894
18857,60.0338,60.03380000000009
15847,63.0,62.98
11553,67.0966,67.0965999999999
2896,47.6739,47.6738999999999
19319,51.2053,51.20529999999995
17618,58.2681,58.26809999999998
1244,58.2681,58.34541899999999
14203,42.3768,42.59093099999998
17779,77.6908,77.63782900000012
17876,58.2681,58.30273799999999
5049,57.0,56.99
1172,63.5652,63.777084
18551,68.8623,68.86229999999986
4858,58.0,58.0
8648,51.2053,51.22324699999996
17727,70.628,70.62799999999991
12164,70.628,70.62799999999991
1563,58.2681,58.26809999999998
19755,54.7367,54.736700000000056
17675,51.2053,51.60013399999997
832,68.8623,68.86229999999986
14713,58.0,55.80707499999998
14284,56.5024,56.55899900000003
9870,67.0966,67.18488499999991
63,54.7367,54.736700000000056
5779,58.0,58.0
7135,54.7367,54.73670000000006
9013,61.0,61.0
1728,54.7367,53.78322199999998
7965,56.5024,57.241680000000024
7449,72.3937,72.47273399999987
9032,68.8623,68.86229999999989
9051,58.2681,58.319332999999986
13247,52.971,52.94300499999989
8925,58.2681,58.26809999999998
9320,61.7995,61.957447000000066
16383,66.0,66.26739
9599,47.6739,48.23892399999991
1286,58.2681,58.26809999999998
17283,58.2681,58.497640999999994
2161,72.3937,72.39369999999987
17434,51.2053,51.20529999999995
15463,52.971,52.970999999999876
12850,44.1425,44.195470999999955
1493,77.6908,77.51423000000011
7488,52.971,53.33360999999988
21502,56.0,56.0
18405,47.6739,52.03517899999999
350,70.628,70.62799999999991
4618,59.0,59.0
9351,52.971,52.970999999999876
20691,52.971,52.970999999999876
12743,45.9082,45.90819999999994
8972,82.9879,83.19978400000005
7648,51.2053,51.20529999999997
2862,54.7367,54.73670000000006
21716,57.0,57.355024
15706,55.0,55.0
34,65.3309,65.36621399999994
21273,54.0,54.0
3307,47.6739,47.6915569999999
1701,54.7367,55.124768000000046
13175,68.8623,68.84464299999985
1685,61.7995,61.79950000000007
4312,64.0,63.55
3012,61.7995,61.79950000000007
15634,53.0,52.73
17936,60.0338,60.03380000000009
18982,51.2053,51.20529999999995
2054,51.2053,51.20529999999997
15953,56.0,56.399129999999985
6626,60.0338,60.03380000000009
19902,54.7367,54.736700000000056
8690,68.8623,68.8622999999999
16207,69.0,67.396908
3606,49.439600000000006,49.4396
13363,38.8454,38.827743000000055
9325,54.7367,55.32749900000005
14047,77.6908,77.69080000000011
19091,63.5652,63.484233999999994
18126,42.3768,42.3768
13714,56.5024,56.83187200000003
17068,51.2053,51.20529999999995
3634,51.2053,51.20529999999997
15813,56.0,56.04
674,51.2053,51.40537299999996
15917,57.0,56.98
21352,57.0,56.99
19329,47.6739,48.52143599999992
1980,68.8623,68.86229999999985
10288,59.0,57.660265
10210,60.0,60.309251
18105,67.0966,67.0965999999999
1283,60.0338,60.02346200000009
18165,63.5652,63.45824400000001
1560,52.971,52.97099999999988
19788,52.971,52.97099999999988
8109,61.7995,61.78150500000006
6145,52.971,52.97099999999988
19870,93.5821,93.79398399999985
18396,68.8623,68.15469299999987
21058,58.0,58.181931999999996
20465,70.628,70.62799999999991
19301,63.5652,63.529548
2842,61.7995,61.79950000000007
5979,67.0966,67.29082699999988
16179,58.0,58.0
19581,58.2681,58.62554
7942,67.0966,67.09659999999991
14620,52.971,52.617859999999894
3641,84.75359999999999,84.513721
12069,44.1425,44.142499999999956
5155,63.0,61.76775100000002
5037,58.0,58.0
844,70.628,70.62799999999991
9081,58.2681,58.26809999999998
5570,62.0,62.0
22357,62.0,62.0
95,72.3937,72.39369999999987
17328,65.3309,65.33089999999994
17239,67.0966,67.0965999999999
3298,95.3478,95.22420099999987
22368,57.0,57.0
5649,53.0,52.54
18887,51.2053,51.20529999999995
9596,47.6739,47.6915569999999
6351,70.628,70.62799999999991
8646,51.2053,51.22324699999996
9836,45.9082,45.90819999999994
7424,51.2053,51.253246999999966
18793,63.5652,63.5652
6361,81.2222,81.94613700000009
2477,58.2681,58.26809999999998
20620,56.0,56.0
20052,67.0966,67.46643099999989
7248,51.2053,51.20529999999995
22132,59.0,58.97072400000001
19801,58.2681,60.631118999999984
6089,61.7995,61.79950000000007
14666,54.7367,54.736700000000056
14487,47.6739,47.69155699999992
7463,61.7995,61.81715700000006
19010,61.7995,61.79950000000007
1443,56.5024,56.502400000000044
16010,61.0,60.99
18680,54.7367,54.736700000000056
10632,59.0,59.0
7395,61.7995,61.79950000000007
3498,97.1135,97.27241300000006
17534,54.7367,54.736700000000056
14974,52.971,52.8827149999999
18340,52.971,53.21215999999988
17011,52.971,52.970999999999876
2257,72.3937,72.39369999999987
2664,68.8623,68.86229999999986
1749,61.7995,61.79950000000006
3040,67.0966,67.0965999999999
21269,67.0,67.07
15322,63.0,63.0
8291,54.7367,54.73670000000006
16142,65.0,65.0
10582,60.0,60.0
20635,35.314,37.83895100000009
9769,56.5024,55.12341600000001
1100,58.2681,58.26809999999998
1375,65.3309,65.33089999999994
13964,58.2681,58.26809999999998
3149,70.628,70.62799999999991
4865,61.0,67.06563399999989
11693,72.3937,74.54785399999999
13297,58.2681,58.25541899999999
21127,56.5024,56.56728000000004
14732,51.2053,51.20529999999997
18570,42.3768,43.243274
7187,61.7995,61.79950000000007
20209,42.3768,42.3768
12991,70.628,70.62799999999991
8114,42.3768,42.3768
19049,52.971,52.98952699999991
6320,79.4565,78.89577600000015
13784,63.5652,63.547543
11567,60.0338,60.03380000000009
8057,54.7367,54.736700000000056
19955,67.0966,67.07894299999991
3688,52.971,52.61302999999991
16291,51.0,52.92
22162,59.0,59.0
6474,67.0966,67.09659999999991
9348,65.3309,64.57131099999995
4792,63.0,62.404511
2934,42.3768,42.3768
12575,44.1425,44.142499999999956
13366,47.6739,53.112255999999896
8015,47.6739,47.6738999999999
16495,61.0,61.143235999999995
5667,58.0,58.0
354,56.5024,56.433439000000035
9878,62.0,61.955023999999995
13372,52.971,55.1414399999999
11085,59.0,59.0
17271,90.05069999999999,90.98086899999986
10488,54.0,53.99
5447,53.0,53.03
4619,59.0,59.0
18625,51.2053,51.20529999999997
10751,58.0,58.0
10831,61.0,60.99
6266,63.5652,63.5652
21390,58.0,59.12924899999998
8163,70.628,70.53171999999992
14500,70.628,70.62799999999991
12437,67.0966,67.09659999999991
21863,63.0,63.0
11444,70.628,70.89285499999991
1785,52.971,52.970999999999876
17475,65.3309,65.33089999999994
20537,59.0,59.0
2304,56.5024,56.43177200000004
5815,65.0,63.32652
7849,44.1425,44.472620999999954
8195,79.4565,79.45650000000016
1263,52.971,52.970999999999876
21840,66.0,66.0
3875,67.0966,67.0965999999999
1366,67.0966,67.0965999999999
12415,58.2681,58.26809999999998
3791,47.6739,47.67389999999992
15900,59.0,59.123309
13093,44.1425,44.43964999999994
18900,79.4565,77.98297400000003
5288,56.0,55.99
18716,47.6739,47.92109799999992
14060,54.7367,54.736700000000056
12863,49.439600000000006,49.4396
7744,70.628,70.62799999999991
10295,65.0,65.0
13558,63.5652,63.51954799999999
3550,68.8623,68.86229999999986
3034,52.971,53.0416279999999
527,52.971,52.97099999999988
3636,51.2053,51.20529999999997
108,45.9082,45.90819999999994
18486,65.3309,65.33089999999994
13744,58.2681,57.794092000000006
1145,74.15939999999999,74.14174299999979
4316,62.0,62.0
8811,58.2681,58.26809999999998
8071,56.5024,56.52737600000004
7767,67.0966,66.51080399999992
9188,60.0338,60.03380000000009
19510,56.5024,56.502400000000044
22116,63.0,63.0
8011,44.1425,44.142499999999956
10923,66.0,66.0
17218,63.5652,63.5652
4894,60.0,60.0
11285,60.0,60.01
19999,68.8623,68.8622999999999
6256,60.0338,60.04346200000009
19217,40.6111,40.61110000000005
12798,56.5024,56.502400000000044
11317,72.3937,72.39369999999987
5190,55.0,55.0
16199,58.0,58.0
13014,54.7367,54.66607200000006
1946,54.7367,54.73670000000006
17026,58.2681,58.40935599999999
18886,51.2053,51.20529999999995
3256,68.8623,68.86229999999986
2975,61.7995,62.223268000000054
15897,52.0,52.56
11556,52.971,52.9709999999999
6965,60.0338,60.03380000000009
11751,79.4565,79.08570300000017
2344,56.5024,56.502400000000044
13865,47.6739,47.6738999999999
4445,65.0,65.0
19725,68.8623,68.63015099999986
8310,52.971,52.9709999999999
6545,52.971,52.988656999999904
1817,68.8623,68.58739699999985
1650,51.2053,51.20529999999995
794,45.9082,45.90819999999994
253,47.6739,47.70921399999993
19805,58.2681,58.46232699999999
11144,62.0,62.0
16574,58.2681,58.275418999999985
6086,61.7995,61.79950000000007
16502,55.0,55.017995
5724,55.0,54.99
7260,63.5652,63.5652
3800,86.5193,88.5498549999999
5818,65.0,63.32652
16309,57.0,57.0
11940,70.628,70.62799999999991
18574,74.15939999999999,74.15939999999979
6848,81.2222,78.98222700000007
10489,59.0,59.0
8866,49.439600000000006,49.765035
6992,74.15939999999999,74.08877199999979
7365,52.971,52.970999999999876
6327,61.7995,61.85150500000007
9838,68.8623,68.86229999999989
11248,58.0,57.99
779,61.7995,61.79950000000007
15055,44.1425,41.56457799999996
18101,72.3937,72.39369999999987
5809,58.0,58.0
6246,74.15939999999999,74.1678059999998
20748,63.5652,60.03380000000009
3360,49.439600000000006,49.4396
19298,67.0966,67.06563399999989
18629,56.0,56.0
10050,55.0,55.0
4241,60.0338,60.03380000000009
10962,56.0,56.0
9866,58.0,57.812053
14723,67.0966,67.02563399999991
19598,60.0338,60.03380000000009
21082,51.2053,51.20529999999995
9881,61.0,62.91987700000001
5770,61.0,60.97
6801,52.971,52.9709999999999
2494,60.0338,60.01312400000009
21232,56.0,56.0
1865,58.2681,58.26809999999998
5068,58.0,58.0
13544,65.3309,65.33089999999994
13585,67.0966,67.09659999999991
2315,77.6908,77.58485800000011
1177,58.2681,58.26809999999998
15443,67.0,64.81797
20349,68.8623,68.8622999999999
5279,54.0,53.84
7991,54.7367,54.73670000000006
1078,61.7995,57.914959999999965
10590,58.0,58.02
19152,63.5652,63.5652
20450,61.7995,61.79950000000007
19661,51.2053,51.20529999999997
3293,67.0966,67.0965999999999
15834,56.0,56.48941999999999
12657,45.9082,45.96117099999994
19558,58.2681,58.197471999999976
19957,67.0966,67.0965999999999
5939,67.0966,67.09659999999991
16055,56.0,55.914201999999996
3072,61.7995,61.79950000000007
13327,54.7367,54.73670000000006
19844,51.2053,51.20529999999995
1270,54.7367,54.73670000000006
17049,61.7995,61.79950000000007
3895,47.6739,47.126532999999924
15288,65.0,65.0
10826,53.0,52.86
14806,65.3309,65.33089999999994
9992,57.0,56.99
9974,66.0,66.0
12324,58.2681,58.30469499999998
1861,63.5652,63.41058699999999
20505,74.15939999999999,74.21237099999982
14833,60.0,59.84
18166,63.5652,63.45824400000001
16154,68.0,68.17
3213,56.5024,56.14926000000005
9294,61.7995,61.79950000000006
12872,65.3309,65.26027199999994
5771,61.0,60.97
5387,56.0,56.0
19368,52.971,52.970999999999876
7239,45.9082,45.90819999999994
979,61.7995,61.79950000000007
2134,59.0,58.95072400000001
5993,63.5652,63.483895999999994
16074,60.0,60.0
5908,56.5024,56.52971900000004
11174,56.0,56.0
2470,47.6739,51.20529999999996
16375,65.0,65.0
22202,58.0,57.84
15332,65.0,64.99
1855,56.5024,56.502400000000044
14321,44.1425,44.142499999999956
11277,61.0,61.0
12649,58.2681,58.26809999999998
503,74.15939999999999,74.1947139999998
18103,72.3937,72.39369999999987
4289,58.2681,58.28575699999998
15922,54.0,54.0
16683,84.75359999999999,84.33149900000001
16394,62.0,62.0
521,72.3937,72.39369999999987
8553,51.2053,51.20529999999997
21466,57.0,56.875362
13745,58.2681,57.794092000000006
16397,55.0,55.0
22020,55.0,55.623912
20297,42.3768,42.288515
10230,55.0,54.99
4613,59.0,59.06
4347,59.0,59.241594000000006
21814,54.0,53.1
15818,58.0,58.0
4339,60.0,60.0
15879,58.0,58.04
19447,40.6111,40.85498900000005
4017,60.0,60.20064899999999
13074,60.0338,60.03380000000009
13185,72.3937,72.39369999999987
5022,55.0,54.99
17729,70.628,70.62799999999991
4380,52.971,52.970999999999876
5988,68.8623,68.84464299999985
12946,49.439600000000006,49.4396
1723,61.7995,61.79950000000007
4423,62.0,62.0
2085,60.0338,60.03380000000009
14792,68.8623,68.86229999999986
15667,54.0,53.99
20937,75.9251,75.25413400000008
5298,62.0,62.0
905,77.6908,77.74377100000011
13291,67.0966,67.09659999999991
15909,54.0,54.0
21081,51.2053,51.20529999999995
15189,45.9082,45.90819999999994
2889,67.0966,67.0965999999999
10592,58.0,58.02
21013,51.2053,51.22880299999997
12889,88.285,87.08432399999994
21448,55.0,55.0
19397,65.3309,65.31324299999994
21810,54.0,53.1
11529,74.15939999999999,74.15939999999979
5936,68.8623,68.8622999999999
18799,47.6739,47.84778899999989
18293,58.2681,68.86229999999992
2343,52.971,52.9712899999999
14373,81.2222,83.26241699999999
9067,58.2681,58.26809999999998
12202,54.7367,54.736700000000056
10416,65.0,65.0
7713,79.4565,76.96686300000009
1161,60.0338,60.03380000000009
14210,67.0966,67.0612859999999
9826,57.0,57.0
14227,51.2053,51.20529999999995
2917,56.5024,56.502400000000044
1866,58.2681,58.26809999999998
12727,63.5652,63.509547999999995
4782,61.0,61.0
1732,58.2681,58.26809999999998
7183,75.9251,75.92510000000016
17938,60.0338,60.03380000000009
10553,52.0,52.11
16685,74.15939999999999,74.05345799999981
11982,61.7995,61.905442000000065
19260,49.439600000000006,49.4396
14161,51.2053,51.20529999999995
20498,51.2053,51.20529999999995
11933,52.971,52.9282709999999
8168,51.2053,51.20529999999995
15182,38.8454,38.421632000000066
18394,52.971,52.9709999999999
19777,61.7995,61.78184300000007
11691,72.3937,74.54785399999999
1216,52.971,52.970999999999876
15849,63.0,62.98
17428,51.2053,51.27708799999996
19873,61.7995,61.71551500000006
16012,56.0,55.44
12826,54.7367,54.73670000000006
21267,67.0,67.07
19745,54.7367,54.73670000000006
17158,68.8623,68.86229999999986
16933,42.3768,42.359143
14722,67.0966,67.02563399999991
3168,58.2681,58.26809999999998
3669,56.5024,56.502400000000044
18123,63.5652,63.5652
6441,65.3309,65.33089999999994
8947,63.5652,64.52331599999997
7629,67.0966,67.1142569999999
9566,59.0,57.680336
18571,42.3768,43.243274
18253,58.2681,58.26809999999998
1910,61.7995,61.79950000000007
1254,45.9082,45.90819999999994
18705,58.2681,58.26809999999998
15396,59.0,58.97072400000001
14926,56.5024,56.502400000000044
1191,65.3309,65.33089999999994
19379,42.3768,46.37670599999999
11790,52.971,52.9709999999999
16995,52.971,52.970999999999876
4818,51.0,54.67579599999999
3990,67.0966,67.25517499999991
19297,84.75359999999999,82.78567800000002
5876,58.2681,58.26809999999998
20380,61.7995,61.72752000000007
12346,74.15939999999999,71.5795459999999
2098,67.0966,67.09659999999991
20183,75.9251,75.90744300000014
22300,58.0,58.09
21933,56.0,56.0
21555,56.0,56.0
7681,54.7367,55.37235200000005
18024,67.0966,67.3967689999999
3362,63.5652,63.529548
21604,62.0,62.0
5172,56.0,56.0
8545,58.2681,58.26809999999998
21177,60.0,60.0
22270,57.0,57.842825000000005
17664,67.0966,67.14957099999991
12703,79.4565,79.79198300000012
12644,45.9082,45.90819999999994
19220,72.3937,71.94592399999988
15076,55.0,55.0
1082,60.0338,60.40459700000009
9024,72.3937,72.38444899999988
19897,58.2681,58.26809999999998
14724,67.0966,67.02563399999991
16272,61.0,60.890676000000006
5746,63.0,63.0
69,47.6739,47.67389999999993
7977,58.2681,58.26809999999998
19898,58.2681,58.26809999999998
6201,54.7367,54.73670000000006
1801,60.0338,60.59283400000008
6483,75.9251,75.90744300000014
145,47.6739,47.67389999999993
21490,60.0,59.98
10745,63.0,63.0
13084,61.7995,61.79950000000007
10355,53.0,52.85
22266,58.0,57.99
18336,63.5652,63.5652
7275,63.5652,63.706455999999996
12304,77.6908,71.86398999999989
13089,56.5024,56.56230400000004
22019,55.0,55.623912
6095,54.7367,58.33872799999998
21985,53.0,52.65
21384,63.0,63.85108500000001
3577,45.9082,46.49088099999994
15417,60.0,59.83
399,47.6739,47.70921399999993
21328,57.0,57.03
2777,61.7995,61.79950000000007
18702,61.7995,61.79950000000007
14229,54.7367,54.73670000000006
6287,58.2681,58.40935599999999
20917,45.9082,45.96117099999993
19317,51.2053,51.20529999999995
18722,47.6739,47.9210979999999
753,54.7367,54.73670000000006
10274,59.0,59.11
18673,65.3309,65.33089999999994
6843,52.971,52.970999999999876
5733,54.0,53.85
13161,60.0338,60.07346200000009
9027,63.5652,63.400634999999994
18774,77.6908,77.69080000000012
8591,58.2681,58.26809999999998
1900,82.9879,83.12915600000005
16509,51.2053,51.20529999999995
13538,65.3309,65.33089999999994
21637,61.0,61.383815999999996
10142,55.0,55.0
7414,54.7367,54.736700000000056
17430,51.2053,51.27708799999996
5914,56.5024,56.502400000000044
7956,70.628,70.62799999999991
4150,51.2053,51.20529999999995
19997,68.8623,68.8622999999999
3042,70.628,70.62799999999991
16659,77.6908,77.76142800000011
15418,60.0,59.83
4469,63.0,63.09
7289,72.3937,72.39369999999987
19171,47.6739,48.14877999999993
486,74.15939999999999,73.79024699999982
13739,58.2681,58.26809999999998
6685,63.5652,63.599548
4733,55.0,55.0
4027,58.0,57.92
20202,56.5024,56.696145000000044
4955,61.0,60.617845000000024
15395,57.0,56.98
13182,63.5652,63.618171000000004
10774,68.0,67.63
22134,59.0,58.97072400000001
534,75.9251,75.3354400000001
9364,58.0,55.095554000000014
21400,58.0,58.0
19168,61.7995,61.79950000000006
18653,33.5483,33.442357999999956
9683,60.0338,60.03380000000009
14846,55.0,54.96
5410,60.0,59.91736699999999
10928,62.0,61.99
15880,58.0,58.04
5403,64.0,63.91
12020,47.6739,47.6738999999999
16353,55.0,54.99
9355,52.971,52.970999999999876
19083,70.628,70.53171999999992
7813,58.2681,58.275418999999985
12714,63.5652,63.5652
5135,63.0,63.02
14177,44.1425,44.142499999999956
18474,70.628,70.67171999999991
9507,62.0,61.991980000000005
6100,63.5652,63.5652
1323,67.0966,67.0965999999999
4250,58.2681,58.44896999999999
21552,53.0,53.17
3335,45.9082,45.90819999999994
16107,54.0,54.0
2825,42.3768,42.3768
20836,60.0,60.0
15637,57.0,57.0
18256,70.628,70.62799999999991
8362,42.3768,42.3768
1115,70.628,70.62799999999991
4962,58.0,58.0
17659,52.971,52.970999999999876
22340,54.0,54.09
14542,52.971,53.33302999999988
4674,64.0,64.0
16008,61.0,60.99
19804,58.2681,58.46232699999999
18454,54.7367,54.73670000000006
22263,60.0,60.0
13543,65.3309,65.33089999999994
177,61.7995,61.79950000000006
8842,65.3309,65.83198699999994
22207,57.0,57.0
1783,52.971,52.970999999999876
5991,63.5652,63.483895999999994
18727,61.7995,61.76150500000007
21181,56.5024,56.592352000000034
6514,60.0338,60.03380000000009
16587,77.6908,78.0792540000001
6623,74.15939999999999,74.25500399999981
16561,75.9251,75.94275700000016
768,68.8623,68.84464299999985
2312,45.9082,45.85522899999994
21253,57.0,57.0
1782,47.6739,47.6738999999999
52,61.7995,61.79950000000006
447,47.6739,47.51498699999991
15915,59.0,59.0
916,58.2681,58.39169899999999
12011,72.3937,72.39369999999987
2601,67.0966,66.16010299999992
13180,51.2053,51.20529999999997
3947,42.3768,58.27469499999998
13169,42.3768,42.3768
21268,67.0,67.07
4888,54.0,53.99
16512,51.2053,51.20529999999995
9726,53.0,52.8
12636,61.7995,60.36928300000004
5481,63.0,63.0
6121,72.3937,72.39369999999987
14386,61.7995,61.88778500000008
5337,56.0,56.0
11286,60.0,60.01
2659,52.971,47.6738999999999
1761,54.7367,54.73670000000006
11632,72.3937,72.39369999999987
9973,56.0,55.97
18598,60.0338,60.03380000000009
16390,55.0,55.0
15279,69.0,69.03
8407,70.628,70.53171999999992
248,52.971,52.97099999999988
18678,54.7367,54.736700000000056
21763,63.0,63.0
19876,81.2222,80.48060600000005
17109,54.7367,54.507159000000065
11207,63.0,62.99
9997,61.0,61.0
21977,63.0,63.0
14958,60.0,59.875024
20072,65.3309,64.46469299999995
5519,57.0,57.0
20305,61.7995,61.79950000000007
4587,63.0,63.0
21156,60.0,60.0
19611,42.3768,42.3768
1255,45.9082,45.90819999999994
8903,61.7995,61.77150500000007
15312,56.0,55.96
12438,67.0966,67.09659999999991
10637,57.0,56.99
7553,68.8623,68.86229999999986
5450,70.0,70.19
2180,56.5024,56.562642000000054
21454,53.0,52.89
5782,64.0,64.0
14872,56.5024,56.43177200000004
21246,62.0,62.0
15903,54.0,53.85
16768,52.971,52.9886569999999
3135,58.2681,58.26809999999998
15294,59.0,49.4396
6285,74.15939999999999,74.15939999999979
9720,60.0338,60.03380000000009
11044,60.0,60.086956
10077,61.0,61.03
21870,62.0,61.93
4061,61.0,61.0
6546,52.971,52.988656999999904
10064,67.0,67.01
8804,56.5024,56.502400000000044
4364,63.0,62.99
17164,68.8623,68.86229999999985
9139,81.2222,82.12270700000008
9146,81.2222,82.12270700000008
9106,54.7367,55.53805800000005
17867,58.2681,58.30273799999999
14604,65.3309,65.76135899999994
11273,65.0,65.0
19129,67.0966,66.94239799999991
18724,49.439600000000006,49.4396
21083,52.0,52.871471
11773,51.2053,51.20529999999995
19027,65.3309,65.22428199999995
3702,61.7995,61.79950000000006
18520,58.2681,58.225418999999995
22203,54.0,54.0
16259,64.0,64.0
7923,72.3937,72.39369999999987
6024,56.5024,56.57469500000005
6364,49.439600000000006,49.4396
13439,68.8623,68.86229999999985
1718,58.2681,58.26809999999998
6732,61.7995,61.887785000000065
8782,58.2681,58.309766999999994
11587,60.0338,60.36957300000005
14401,51.2053,51.20529999999995
5152,57.0,56.873405000000005
15016,52.971,52.970999999999876
9296,56.5024,56.592352000000034
20839,61.0,66.399535
1179,61.7995,60.36928300000004
4121,68.8623,68.86229999999985
2663,68.8623,68.86229999999986
1504,60.0338,60.03380000000009
21292,57.0,57.0
8867,68.8623,68.86229999999983
15638,63.0,63.0
1843,75.9251,75.76618700000013
10946,57.0,56.547584
5314,66.0,66.0
414,67.0966,67.0965999999999
4897,63.0,62.61
19647,55.0,53.893138
18303,79.4565,79.08570300000017
102,77.6908,78.10594500000013
3353,47.6739,47.51498699999991
2152,68.8623,67.30244599999989
19445,52.971,53.091579999999894
913,58.2681,58.39169899999999
9766,54.0,54.0
1203,58.2681,58.26809999999998
19560,58.2681,58.197471999999976
11939,70.628,70.62799999999991
18517,56.5024,56.502400000000044
9261,54.7367,55.18018000000004
13300,58.2681,58.25541899999999
5816,65.0,63.32652
12578,47.6739,47.6738999999999
3873,61.0,60.608212
20412,54.7367,54.749333000000064
12366,65.3309,65.33089999999994
19516,51.2053,51.20529999999997
12269,63.5652,63.777083999999995
15046,60.0338,60.03380000000009
7223,51.2053,51.20529999999995
20927,59.0,58.63057800000001
8016,47.6739,47.6738999999999
16247,60.0,60.246280000000006
10484,63.0,62.97
19413,51.2053,51.28324699999997
9120,51.2053,51.20529999999995
288,58.2681,58.26809999999998
10455,59.0,59.03
10580,68.0,67.99
2732,63.5652,63.706455999999996
18495,60.0338,60.042786000000085
22113,57.0,56.99
7257,52.971,52.335347999999904
17600,52.971,52.970999999999876
984,74.15939999999999,74.15939999999979
16677,63.5652,63.5652
1466,54.7367,54.736700000000056
7981,67.0966,67.09659999999991
8020,52.971,52.970999999999876
1638,63.5652,63.5652
18683,72.3937,72.42901399999987
22125,60.0,60.0
11778,72.3937,73.43546299999988
16111,56.0,56.0
19245,60.0338,60.02346200000009
6936,52.971,52.970999999999876
12260,61.7995,62.02807500000007
10392,65.0,65.01
13855,63.5652,63.5652
9971,56.0,55.97
4593,59.0,59.0
1047,56.5024,56.56503300000005
2736,68.8623,68.8622999999999
21278,55.0,55.0
4335,66.0,66.0
11531,58.2681,58.300732999999994
3331,52.971,52.9709999999999
17657,70.628,71.23420899999992
17825,60.0338,60.03380000000009
5874,45.9082,45.90819999999994
21988,61.0,61.04
9773,60.0,60.0
21005,59.0,58.804106000000004
6177,47.6739,47.46201599999991
14326,63.5652,63.5652
20404,52.971,52.9709999999999
899,51.2053,51.20529999999995
18316,63.5652,63.5652
9904,62.0,61.58
14675,61.0,61.0
14105,37.0797,37.52112500000009
21998,63.0,62.98
17813,52.971,52.33534799999988
11720,77.6908,77.2846890000001
13856,63.5652,63.5652
8037,52.971,52.4662659999999
2963,61.7995,61.79950000000006
2366,60.0338,60.03380000000009
14719,55.0,54.99
13520,65.3309,65.75466799999995
20300,58.2681,58.26809999999998
12447,51.2053,51.20529999999995
13060,68.8623,68.86229999999986
11003,56.0,56.0
6646,58.2681,58.26809999999998
2047,58.2681,58.26809999999998
5027,63.0,63.292946
12697,47.6739,47.6738999999999
14353,58.2681,58.40935599999999
4751,54.0,54.0
2772,52.971,53.33273999999987
5904,70.628,70.62799999999991
15512,54.0,54.0
14275,65.3309,65.33089999999994
8965,44.1425,44.142499999999956
3762,45.9082,45.90819999999994
4798,55.0,54.98
3316,61.7995,61.50691700000005
15255,62.0,61.79
9262,54.7367,55.18018000000004
14475,45.9082,45.90819999999994
9649,63.0,63.05
12873,65.3309,65.26027199999994
10674,63.0,63.0
19490,52.971,52.970999999999876
1038,56.5024,56.525033000000036
11659,63.5652,63.5652
10140,55.0,55.0
22286,54.0,53.98
2302,56.5024,56.43177200000004
10850,60.0,60.0
4269,67.0966,67.09659999999991
174,54.7367,54.64841500000006
12785,56.5024,56.502400000000044
1001,58.2681,58.440056999999996
4442,59.0,59.0
1509,67.0966,67.0965999999999
19791,56.5024,56.61000900000005
21365,59.0,57.714732
19692,67.0966,67.1495709999999
1881,49.439600000000006,49.4396
6374,58.2681,58.29005699999999
3462,52.971,52.970999999999876
4140,58.2681,58.40935599999999
1552,67.0966,67.0965999999999
5790,56.0,56.0
4583,68.8623,68.86229999999986
19830,67.0966,67.0965999999999
16477,68.0,67.86
689,65.3309,65.33089999999994
8507,51.2053,51.20529999999995
200,58.2681,58.26809999999998
2909,58.2681,59.25689200000002
12166,58.2681,58.528198
15894,65.0,65.559491
17292,52.971,52.970999999999876
11280,59.0,47.6738999999999
2719,56.5024,56.502400000000044
13510,60.0338,60.12208500000009
13971,63.5652,63.5652
15444,67.0,64.81797
13647,67.0966,67.0965999999999
244,79.4565,79.36821500000016
8193,44.1425,44.142499999999956
4425,62.0,62.0
4486,56.0,56.707246
17508,70.628,70.62799999999991
458,61.7995,61.81150500000006
12276,67.0966,67.0965999999999
1880,49.439600000000006,49.4396
621,52.971,53.37302999999988
3510,47.6739,47.60327199999993
10697,62.0,61.99
17904,61.7995,61.887785000000065
7182,75.9251,75.92510000000016
16776,49.439600000000006,49.421943
11584,60.0338,60.03380000000009
10555,65.0,65.01
6080,47.6739,46.82636399999989
6400,70.628,70.62799999999991
4968,67.0,65.65
2837,70.628,70.62799999999991
8442,61.7995,61.79150500000007
6415,58.2681,58.443755999999965
1397,77.6908,75.25413400000006
6938,45.9082,45.85522899999994
9770,56.5024,55.12341600000001
20928,59.0,58.63057800000001
6141,54.7367,54.736700000000056
19086,67.0966,67.06563399999989
10818,60.0,60.0
4414,59.0,59.0
14934,58.2681,58.26809999999998
6886,79.4565,79.35055800000013
3474,60.0338,60.03380000000009
8886,54.7367,54.71933300000006
20536,59.0,59.0
10326,59.0,51.167769999999976
4481,55.0,55.0
6382,63.5652,63.5652
2960,51.2053,51.20529999999997
1444,56.5024,56.502400000000044
1266,67.0966,67.0965999999999
6531,67.0966,67.06563399999989
918,51.2053,51.20529999999995
14667,54.7367,54.736700000000056
14264,68.8623,66.21374999999992
22216,57.0,57.04
2071,61.7995,62.08602200000006
15570,62.0,61.41
7047,65.3309,65.33089999999994
16522,56.5024,56.47469500000005
22086,68.0,68.08
16126,52.0,52.08
10863,64.0,64.0
2667,51.2053,51.20529999999995
12379,47.6739,46.049455999999964
8757,42.3768,44.036027999999995
8746,52.971,53.212159999999884
11461,42.3768,42.3768
7585,61.7995,61.79950000000006
19403,63.5652,62.929548
3706,67.0966,67.0965999999999
14086,74.15939999999999,75.74853
1760,54.7367,54.73670000000006
17397,45.9082,46.137740999999934
14456,52.971,53.088053999999914
19738,60.0338,60.03380000000009
13928,40.6111,40.79498900000005
12095,61.7995,61.79950000000007
19078,63.5652,63.249308
9454,62.0,63.391625999999995
10814,59.0,59.0
4506,72.3937,72.41135699999987
21165,63.0,63.0
15919,63.0,63.0
22303,64.0,63.82
15284,55.0,55.0
13394,47.6739,48.43315099999991
10474,59.0,65.33089999999994
9466,57.0,56.57694400000002
5516,57.0,56.97
4808,60.0,60.0
10904,56.0,56.0
11759,93.5821,94.90637499999985
12454,52.971,53.0012899999999
20832,66.0,66.06393700000001
11070,60.0,62.078162
19347,51.2053,51.20529999999995
20383,51.2053,51.20529999999995
22140,61.0,61.0
7094,47.6739,45.16660599999996
4424,62.0,62.0
9742,51.2053,51.20529999999995
15839,57.0,56.99
6536,52.971,52.970999999999876
10925,59.0,58.980385999999996
12987,44.1425,44.160156999999955
5133,63.0,63.02
7358,84.75359999999999,84.75359999999999
8601,67.0966,67.1142569999999
20042,70.628,70.62799999999991
297,44.1425,44.65455299999995
7278,74.15939999999999,74.42425499999982
20745,44.1425,44.142499999999956
10344,61.0,61.04
20978,64.0,64.0
15241,63.5652,63.5652
3469,42.3768,42.3768
20039,58.2681,58.28273799999999
8106,67.0966,67.0965999999999
11130,61.0,61.0
1140,58.2681,58.26809999999998
6855,65.3309,65.33089999999994
6661,68.8623,68.86229999999985
5780,58.0,58.0
17630,75.9251,75.96041400000016
4883,58.0,57.94
14444,70.628,70.62799999999991
4149,51.2053,51.20529999999995
5718,54.0,54.29942
21383,63.0,63.85108500000001
8131,65.3309,67.55568199999989
19837,58.2681,58.26809999999998
4006,52.971,53.09157999999989
16007,61.0,60.99
12558,42.3768,42.3768
7317,63.5652,62.971724
5414,61.0,61.0
21606,66.0,66.01
17849,51.2053,51.20529999999997
18363,42.3768,42.3768
9859,40.6111,40.61110000000005
4292,59.0,59.0
11876,51.2053,51.20529999999995
3894,47.6739,47.126532999999924
20538,61.0,61.0
16072,69.0,68.92
2553,61.7995,61.77585300000007
14422,72.3937,72.39369999999987
1952,51.2053,51.52126699999996
14170,70.628,70.62799999999991
1721,61.7995,61.79950000000007
16899,44.1425,44.160156999999955
11209,66.0,65.96
4797,55.0,54.98
8376,45.9082,45.90819999999994
3112,33.5483,33.37904899999998
4521,60.0,60.0
4326,63.5652,63.5652
20696,58.2681,58.13416299999999
10273,59.0,59.11
15549,54.0,53.72
10078,61.0,61.03
2331,47.6739,47.67389999999993
