,y_test,prediction
159,52.971,61.5992800634515
1072,65.0,59.552168380312665
2816,62.0,60.703027370476775
758,58.0,56.42426352991824
347,70.628,62.77840606114583
900,60.0,57.380335564827966
3864,45.9082,57.413976661132416
433,72.3937,63.42415809052915
2962,60.0,60.466530209742885
3396,56.5024,60.523013724617996
2328,70.628,59.54578039191137
2870,64.0,57.74143687751386
2066,61.0,54.05369716123433
377,54.7367,59.70089554216539
3840,45.9082,59.23007248212518
3014,55.0,59.21341270233944
2784,44.1425,56.50420147677833
3246,67.0966,59.60193864059471
2282,44.1425,60.21359845182366
1242,70.628,60.90256086171238
3818,37.0797,58.97686457056836
2520,44.1425,59.478118266680966
1291,58.2681,64.0321816023444
2038,59.0,60.36652189279235
2486,68.8623,59.684567212525025
291,61.7995,61.43876271339824
2285,61.7995,60.66720116794009
3762,65.3309,61.26505330641767
1836,56.0,61.190736529873874
3800,45.9082,59.856594632151854
229,49.439600000000006,60.51026868108731
3539,63.5652,55.04365610965838
3485,56.5024,62.021025405463654
3283,65.3309,60.39145925311178
15,60.0338,61.222290469571284
2960,67.0,60.008275750628194
2559,70.628,61.24288649999916
2625,67.0966,57.61909200678889
2878,60.0,61.63387066659821
2246,54.7367,58.98691432918098
2097,65.0,64.44874736419968
3965,64.0,60.2467700999121
957,60.0,63.39966659677768
259,42.3768,55.83528951713642
859,60.0,60.842922569900004
942,57.0,55.698378997300175
784,64.0,60.89539391009414
72,56.5024,56.96879407430617
871,58.2681,58.554037921288774
3759,45.9082,60.36180650495854
603,45.9082,59.72807033357232
977,57.0,58.18109709862746
2460,52.971,56.42631621654185
8,49.439600000000006,62.860505597328256
2289,51.2053,57.626544710667396
465,51.2053,63.851013392121374
3353,60.0338,59.12629719452418
2782,61.0,66.37033537434776
3006,58.0,60.458139223470454
974,59.0,56.237288827341175
3873,52.971,61.06215421198975
3176,52.971,63.70039347413227
1046,54.0,59.01252369974996
1856,64.0,62.063837215093784
2521,37.0797,58.973099871286976
846,59.0,60.21622300310121
2115,90.05069999999999,63.27905141662343
3767,49.439600000000006,52.98719205948943
3423,33.5483,65.3404287573249
33,51.2053,56.86956126558973
1793,60.0,60.29510530129344
3460,60.0338,60.69391408119047
2976,60.0,57.854605699715364
3941,56.0,58.627372339853416
2112,58.2681,57.21679788110254
1955,68.0,62.980475961538396
2813,63.5652,61.50942471081429
3798,35.314,55.21748035871717
2111,51.2053,61.484743977012144
458,52.971,59.44992193124115
1180,81.2222,62.77463494917275
2034,58.0,58.227459432150084
2045,53.0,54.1386058235785
484,56.5024,59.55578917390887
2350,49.439600000000006,61.375930279210266
2441,49.439600000000006,62.00043155093738
796,63.0,59.86104462239102
2117,70.628,59.8517128947295
3899,51.2053,64.46246222340656
3666,81.2222,62.57427294458811
2626,51.2053,58.81223173188276
1408,52.971,59.94684134082957
2294,67.0966,59.634097800594134
435,45.9082,56.76812525838135
2631,56.5024,56.74798629417864
182,74.15939999999999,59.84209694584961
4027,61.0,60.21014562978533
2237,63.5652,62.29916050938019
3791,49.439600000000006,60.61343349829232
692,58.0,60.00541196757746
2320,52.971,58.9762359579003
3424,49.439600000000006,56.855960170265156
914,58.0,59.36107405846673
1812,67.0966,59.29970296016285
2929,57.0,60.44024713208297
513,60.0338,56.341951387179584
1862,63.5652,59.796117399782815
1896,53.0,60.26636491860899
2992,59.0,57.86466172466726
1962,56.0,57.68867207788225
2181,107.7077,59.18755394829568
1616,51.2053,52.89353668542289
2522,70.628,61.56956435190905
2668,51.2053,57.344668362586205
1058,61.0,60.3095232198727
608,61.7995,63.71243321769238
2551,45.9082,64.04416470628898
1816,58.2681,58.336469888171266
3316,65.3309,60.21354422543318
2966,63.0,60.73197454320713
1022,62.0,61.529578718206366
1108,67.0966,56.60634961474995
2703,56.5024,59.21245780553537
1737,56.5024,58.65886805199008
3461,52.971,62.33839397055542
2094,63.5652,56.28183470632989
1493,70.628,59.006392743487936
1965,60.0,60.30865610891911
2746,57.0,58.032105138523015
2222,61.7995,58.75827131824014
1681,56.5024,61.64237738745289
2425,67.0966,61.65191014010018
1811,58.0,57.38761418560739
3590,45.9082,58.66549772650395
3267,56.5024,61.07605444569435
1550,51.2053,61.455297900726904
3367,52.971,58.20796097439617
3828,61.0,61.927785050811764
1969,52.0,53.76078423929917
1366,58.2681,59.786262837894405
1024,61.0,58.5464091019523
214,60.0338,58.86355396569936
4125,60.0,59.180091275703916
2821,57.0,60.51999723966024
1483,42.3768,59.79948118630174
719,59.0,57.65521851935354
3143,63.5652,60.06378579744695
3684,67.0966,61.47223493891104
1463,63.5652,64.01729254627195
2429,68.8623,61.13008924339577
2471,38.8454,60.8301543190894
3179,61.7995,57.392397496327696
3689,58.2681,62.09641600618899
575,45.9082,58.61870230211295
1079,55.0,58.229629686872094
2129,61.7995,61.52994010572271
390,56.5024,57.59481154864623
517,67.0966,56.46944564230063
2681,63.5652,58.822129935395026
713,58.2681,58.88740093609109
1637,60.0338,57.963645161701386
1217,72.3937,60.666288887467815
2420,68.8623,57.798670654051826
2839,57.0,59.63119475498452
97,63.5652,62.182400908330536
2202,81.2222,61.36893047785815
418,37.0797,55.585670557386344
2455,68.8623,62.00032078241422
2477,38.8454,56.79082358033649
2144,67.0966,60.62988833951839
195,52.971,60.882219534694315
882,60.0,56.79169876932249
2535,60.0338,60.57169153700672
427,58.2681,63.360250848929496
1923,59.0,58.98692631206594
1611,61.7995,61.59418919381942
1157,58.2681,59.74815804612132
2364,68.8623,57.59190428773203
1763,59.0,55.9503040258745
1210,68.8623,60.935452914623916
2033,59.0,64.51190033018268
588,47.6739,55.92180753014185
1076,67.0,61.0969641135256
440,70.628,63.79205291530728
3059,75.9251,56.26468283110699
1064,62.0,58.69274462239323
3099,74.15939999999999,61.2455531451289
2609,44.1425,58.45455958395227
1930,54.0,55.03227316840751
2170,63.5652,64.22396322884642
2986,61.0,62.39847694655974
248,49.439600000000006,60.90243821821386
3786,52.971,63.36623983914168
2846,59.0,59.11434791282312
1106,51.2053,60.63481585084583
2451,63.5652,61.295470734931286
2221,75.9251,57.18079940609159
1143,52.971,62.39820631186417
2943,52.0,62.58098273553534
340,52.971,59.43618766742101
3904,63.0,60.83766929263179
2458,67.0966,57.36277994047208
2482,58.2681,56.616949063489535
168,51.2053,61.21037331637411
3383,67.0966,58.12985411646799
128,51.2053,61.41973434832947
2575,65.3309,63.75742972159527
694,70.628,62.098009838360824
3764,47.6739,56.03972091200563
2120,42.3768,57.94509451733991
1618,63.5652,58.58820835527
1156,82.9879,61.80922745962248
3223,61.7995,64.16664682432324
3901,58.0,60.76313556501283
4008,59.0,59.704866538664305
4019,58.0,61.604776043157266
3524,54.7367,58.60955183062101
3940,61.0,59.620863051614585
18,77.6908,62.12528624106643
1727,65.3309,52.97839504467489
3500,67.0966,64.82706850808228
201,60.0338,59.325794161735004
3491,70.628,57.15691763625551
1907,56.0,58.984541956977985
1360,47.6739,59.22216016679456
3969,56.0,57.481762522042324
2671,52.971,57.06755838896325
2548,58.2681,60.88416188042546
1939,55.0,60.00636196340783
905,58.0,60.37646308007769
34,63.5652,60.4599603775212
223,52.971,60.180915600961285
1224,84.75359999999999,59.73901997049647
3440,47.6739,50.1222383839804
3937,61.0,64.07261821839136
2910,63.0,59.99921714857339
2836,62.0,63.33087766169119
2613,67.0966,64.50280901423389
4032,62.0,58.625370236676886
1119,58.2681,60.85590439867775
2971,56.0,53.93664694009634
828,52.0,52.252971803278704
343,60.0338,60.82539337777698
2814,55.0,60.791848824910126
3004,58.0,58.25075143964085
925,65.0,61.78312548704896
320,58.2681,58.373223861684124
3880,58.2681,59.422327241391784
115,52.971,60.37159679263779
1857,62.0,56.94387782712908
3653,60.0338,59.55304575548441
3670,54.7367,62.10179494023229
3270,74.15939999999999,59.836426337847904
3337,63.5652,62.632360300180586
1036,58.0,60.200594508097
52,58.2681,62.040815905198215
3358,68.8623,58.93900692262588
3165,60.0338,60.84097656709333
75,70.628,58.65435035401484
1521,72.3937,58.9310124814412
1709,61.7995,51.81142629530659
3003,61.0,64.88188089547802
3208,58.2681,57.4936342520782
1498,44.1425,53.752598861070055
933,53.0,60.20524241410859
3284,52.971,60.311099812547546
170,68.8623,56.26416827833326
2200,58.2681,58.47055175969728
53,67.0966,59.950857608191214
3780,54.7367,61.46615240845299
239,54.7367,59.41538519131038
1148,47.6739,59.52713779443067
27,45.9082,59.128381502150724
2462,49.439600000000006,58.210372950413
786,64.0,63.54949605883954
232,63.5652,61.56672343594953
2752,56.5024,63.673913151541306
1081,60.0338,59.615301198227
1778,59.0,58.16630690669193
2760,67.0966,61.39035906121522
3997,55.0,58.76085313695076
817,49.439600000000006,55.13663883392569
1279,65.3309,60.24524182469018
2772,45.9082,62.65656069914175
2868,61.0,61.19396398170993
759,59.0,59.92967057149362
3837,57.0,56.42813490897795
3529,68.8623,62.666902844628424
3147,56.5024,59.97156627693269
3361,70.628,58.76656463799267
1693,70.628,63.174002950647946
1477,47.6739,58.41759773033236
851,65.0,59.49047892467924
1146,65.3309,60.153149549982984
2524,51.2053,58.35484672593668
567,67.0966,59.91916892001748
1355,47.6739,60.534933709089174
3637,72.3937,54.429552964477246
1952,60.0,60.51956814768111
1577,51.2053,60.56806329774547
679,44.1425,56.2784414953705
844,59.0,57.72850930456526
3790,51.2053,62.04954688089028
1427,56.5024,60.71470009085301
641,54.7367,54.88470536873001
276,67.0966,63.53063145944856
599,61.7995,64.54576966143604
4062,57.0,59.6892707853784
1515,52.971,59.33556135162389
2413,56.5024,56.71653982019341
3420,56.5024,62.06687866893462
2660,51.2053,60.25107199786385
3365,63.5652,58.626139179298065
337,47.6739,58.47818513138135
2528,54.7367,55.26517285397545
1318,54.7367,61.72862765109495
3381,58.2681,59.53373669891076
313,49.439600000000006,58.85190808979995
2819,60.0,62.13318717430578
540,67.0966,58.61224498160045
144,61.7995,63.112507753203985
1444,58.2681,60.60262834008485
805,54.7367,57.65814218593827
2005,64.0,58.680787537464006
283,60.0338,56.88540761330391
1557,60.0338,62.31579229310308
1527,60.0338,62.1591266688432
3804,56.0,55.581915190055966
773,60.0,60.14232219685578
2538,75.9251,60.72632418607234
1246,68.8623,61.3766869990164
1975,62.0,63.3774642473892
2327,49.439600000000006,61.71929096141015
707,49.439600000000006,62.176038752818116
1699,65.3309,59.68321189828043
2113,47.6739,62.399930363759864
1997,58.0,63.83275350742601
1112,52.971,61.75596266571967
3366,60.0338,55.65310859504533
3821,56.5024,61.49457745089604
3429,54.7367,60.05943516131727
2438,56.5024,56.21450557115638
2280,60.0338,60.447032565937945
186,58.2681,62.75543829316643
4130,58.0,58.40121676056292
1065,56.0,58.69375404572723
3447,45.9082,59.5234683006577
1630,51.2053,57.897101124275
1582,51.2053,57.58804032977131
206,70.628,57.048738859014954
12,75.9251,63.87450544245944
1324,65.3309,61.62337527003249
344,72.3937,60.547845066496805
3546,70.628,56.03971597052667
2653,68.8623,57.43001754401728
2105,61.7995,63.9139420672232
3255,54.7367,61.13528780330405
1149,74.15939999999999,60.250612598570584
3442,49.439600000000006,60.80052854662256
3368,52.971,58.333341277599125
3071,68.8623,58.64878407294131
2731,68.8623,56.64271140654537
2122,65.3309,56.94452967176525
1478,65.3309,58.51272037410524
3072,58.2681,57.16937378386807
1746,52.971,56.8515835253945
488,42.3768,60.27397821886419
2842,60.0,58.77432919104665
257,63.5652,62.14593457401331
190,51.2053,59.162200414988405
2864,62.0,62.20133567150066
2666,72.3937,58.60210372792604
826,60.0,60.801332732491055
4096,66.0,61.30361920117276
3049,54.0,58.59938195679775
556,61.7995,62.54749573244422
2384,45.9082,55.36736936222869
1870,52.971,59.20518240334601
3078,45.9082,61.0949728268515
2008,55.0,60.06536434295542
1031,56.0,58.88798475237808
246,68.8623,63.166905765861735
1092,82.9879,60.169074866332664
3633,60.0338,57.969065580432705
498,51.2053,58.28471390800871
374,44.1425,56.79446023316617
1432,61.7995,63.470018417065376
1294,51.2053,59.72896275007189
3985,57.0,59.12353200383025
993,56.0,56.60005831613962
4113,58.0,60.008854765980125
1125,79.4565,57.75511603817285
3393,51.2053,61.36277660082583
1415,61.7995,61.11185670542611
71,56.5024,55.700746492896236
3743,68.8623,57.608346159994
46,82.9879,59.851689357648596
4047,63.0,56.848200890922115
200,61.7995,63.22809125838013
3789,57.0,57.99487120335015
4116,65.0,60.683004667694036
1497,51.2053,59.490660950980846
3813,67.0966,58.36058929031499
4128,58.0,62.49196787550068
149,58.2681,62.53629651080949
857,57.0,58.57831713735412
1187,63.5652,61.65769479553997
331,68.8623,58.81578159978588
287,63.5652,60.685018274714324
3963,53.0,56.722878477449605
2250,61.7995,61.85437540440552
3335,58.2681,58.79656087777168
65,58.2681,62.57682501725321
3681,67.0966,56.899257960948304
4082,59.0,59.691238491249486
982,61.0,64.16193565877688
1383,47.6739,59.6631953457997
154,68.8623,62.21308744725158
3588,45.9082,60.72092299104125
1449,60.0338,60.183411189811856
3412,54.7367,60.61990410267464
2714,42.3768,61.80580926331224
492,60.0338,63.575757395961304
885,62.0,61.56356492534128
3564,63.5652,60.31516409036542
1966,59.0,58.37464111458586
3392,60.0338,56.81338300289341
3237,74.15939999999999,59.62650081978705
3984,61.0,60.78329900470193
3615,55.0,58.442993870626054
270,56.5024,60.63427411395443
3750,61.7995,57.170687698589035
3173,74.15939999999999,60.79439944408203
2104,67.0966,52.80638631473796
3930,57.0,57.01133994640516
4093,58.0,60.13808871790286
490,63.5652,59.2732988573642
1906,65.0,58.858213184335526
300,47.6739,59.45038012483237
2017,60.0,59.74404919339374
3919,56.0,58.07389560880692
635,42.3768,58.359559924355786
381,45.9082,54.113148002342115
3934,64.0,60.756429884051464
321,58.2681,60.24334209787054
3916,59.0,60.03622486279859
1872,60.0,59.38410268206739
1484,63.5652,58.557165842367674
850,58.0,58.19939043905246
3025,55.0,58.04590607917251
1158,51.2053,58.15100972292693
2659,56.5024,55.81394056648999
441,56.5024,60.416096204197274
4091,59.0,58.61232433823326
1564,51.2053,60.85544497817734
1070,58.0,57.135453820686486
1500,72.3937,58.61838163928892
2287,52.971,59.577486293208025
997,54.0,64.37548459053355
330,58.2681,58.28354685478209
1574,51.2053,57.29730028687661
2583,67.0966,61.560395606962125
1482,61.7995,61.010199040840085
994,55.0,60.565071130344585
1758,47.6739,60.273827647906856
1979,63.0,60.148023472506125
3125,77.6908,64.17677188083735
2325,67.0966,62.80383379275008
3559,52.971,60.226603091538635
3226,51.2053,57.505789743742554
1199,84.75359999999999,60.73973670317816
1407,84.75359999999999,61.82084173243119
3632,68.8623,66.49497773382235
3205,52.971,61.68775589031005
59,58.2681,60.8106964624901
78,47.6739,60.08634402035805
3691,56.5024,55.85921516999502
392,65.3309,61.900344512299625
743,56.0,59.87828930672325
2244,44.1425,60.08900573245944
563,49.439600000000006,56.80139645003478
3216,58.2681,59.870351760122226
1848,61.0,59.961633201022096
3541,67.0966,56.42281968714741
602,51.2053,60.244830679833065
853,55.0,54.97555531207497
3534,52.971,57.17116832935686
2394,49.439600000000006,62.04318327184674
522,60.0338,57.5773457128952
2333,54.7367,59.65578524617592
1832,58.0,60.02319073835825
1587,51.2053,61.03670386226281
582,70.628,59.87120641356181
3869,42.3768,52.03854577634256
1165,74.15939999999999,62.74573692496925
132,58.2681,58.03405268404028
336,60.0338,62.32069095803854
2586,54.7367,56.63952415611634
327,61.7995,59.24751839361191
1820,69.0,60.64667954570339
1238,72.3937,58.920668611209834
4003,60.0,57.26879642297154
3131,68.8623,60.79424893946605
3136,70.628,59.79232121668351
529,61.7995,59.60714795239039
455,60.0338,61.53125358283189
1462,67.0966,57.83292453313375
1336,51.2053,58.029605522179416
2447,42.3768,62.12490123314032
45,58.2681,55.27390871329591
3252,65.3309,62.30110448166583
2694,65.3309,57.68166634502623
2529,52.971,59.33865055558631
3380,70.628,62.73159311440895
2501,61.7995,59.161779410496436
4135,58.0,61.34339193615214
412,58.2681,60.216108072388806
31,47.6739,58.17548216658959
2041,62.0,58.66725622077196
221,58.2681,56.786704129816094
1925,61.0,63.15270181411098
3995,56.0,60.424272138345984
3086,63.5652,59.91082188122885
1390,40.6111,59.14659877032121
2741,62.0,59.332982334225306
2773,52.971,60.27702334819013
505,70.628,61.52964056519438
2994,59.0,65.10075540298202
3810,58.2681,55.81141431686514
470,58.2681,60.64674933731375
3639,42.3768,60.72730716444533
3900,62.0,63.70703625354555
210,58.2681,58.03110237040282
3035,60.0,62.30888813707743
2900,55.0,60.687796795617
6,65.3309,61.7737258446351
466,58.2681,58.136847183074096
311,70.628,61.251804090566765
2717,58.2681,58.35239539756907
2880,62.0,61.44352001129194
874,63.0,61.50370604545181
2860,58.0,56.19312736559624
1266,61.7995,57.86876301462204
3395,72.3937,60.75233867028643
2385,60.0338,61.33284861286711
2562,52.971,62.419646214104205
858,61.0,61.05463782454328
212,56.5024,59.647686642998394
477,65.3309,60.76179852641637
3688,58.2681,61.70968560270115
3327,52.971,64.81919889545694
30,70.628,59.57820879619835
793,62.0,59.20651645432005
3914,58.0,58.862028939577485
3537,58.2681,57.843829725635
634,56.0,58.09758237700426
3241,65.3309,59.12827461340578
3123,44.1425,59.724993029555094
1381,67.0966,62.50099722793173
1050,57.0,56.87162505971071
717,58.0,61.795236431225774
1377,72.3937,57.886230947673475
3530,51.2053,57.37629115664082
241,42.3768,61.05470802485789
3009,60.0,56.02212035924126
1296,67.0966,58.89046599873999
3671,58.2681,58.831921291974986
3505,63.5652,58.54818844290513
1579,58.2681,58.86288289531857
1288,58.2681,59.185004440515264
2967,60.0,60.89280107410358
948,56.0,60.445370609413544
82,58.2681,60.05521228797365
277,58.2681,59.496166477773144
317,45.9082,55.85780693510894
1359,84.75359999999999,62.30324599372105
2757,59.0,56.81673032646367
768,54.0,59.38277124756697
2584,63.5652,58.733180101980366
630,44.1425,54.42944968227192
881,55.0,59.96671684740195
1614,65.3309,54.269490500106784
1731,62.0,59.03961857325359
2968,55.0,58.98178863938489
1703,51.2053,58.33633855477335
2403,70.628,58.77991729057025
2060,62.0,59.51273988196462
3857,57.0,59.692234898508076
1216,52.971,60.49766561081862
1904,58.0,59.722341132861864
3737,58.2681,61.99628756999189
4025,56.0,57.06317517667401
3451,47.6739,60.162828321275676
3587,56.5024,57.7048944391649
2366,47.6739,59.443253263914634
437,72.3937,58.91465609126614
2925,64.0,61.75984295623009
1414,58.2681,61.37496219991418
2271,56.5024,57.76537182178969
3108,52.971,61.02786819047226
3311,68.8623,57.017291252127045
2484,72.3937,58.8323266554005
2833,63.0,57.63396182081679
164,51.2053,61.52724761476402
1783,53.0,60.485694583375334
1636,42.3768,54.60010516245728
1115,63.5652,60.322010467387315
108,72.3937,58.93339205366278
1466,47.6739,61.40267411953569
3557,63.5652,58.199804362077764
258,65.3309,60.97458708811842
2468,47.6739,54.574476399801874
3190,61.7995,59.20551747404414
1926,63.0,63.91281798182776
3174,68.8623,59.812227509084146
2475,40.6111,60.9903717315654
730,58.0,57.52701695856381
2785,45.9082,60.18878352582493
3340,51.2053,63.71162280170874
852,54.0,60.70239672082594
2365,52.971,60.588844295334354
4074,63.0,60.69896135983512
3481,52.971,60.17911180235227
354,45.9082,59.27461308985098
2588,45.9082,61.11694318823564
1837,65.0,59.98829680870423
1933,60.0,58.12599470016882
3377,68.8623,58.007701538070535
2398,45.9082,59.370715420389786
1586,51.2053,57.05284561001547
1074,61.0,58.576944435036935
2201,52.971,57.38753512216075
3253,58.2681,57.92526125538009
2431,60.0338,60.52126525686161
3644,60.0338,61.03305975297326
912,44.1425,60.14752526320048
2373,56.5024,59.492638346589004
1126,79.4565,57.70322647014998
2354,58.2681,57.96664434127954
1589,68.8623,60.371730657978134
1160,60.0338,62.829509980004374
2216,51.2053,61.44510185080611
587,58.2681,54.439112790210835
1260,67.0966,60.32664141092414
3544,63.5652,60.519506626299666
839,61.0,61.084818138927005
4132,57.0,57.716681958978725
756,65.0,62.16235389397879
2568,47.6739,58.46556911925832
3109,63.5652,60.268681375840565
3799,54.0,59.291500999595826
3920,57.0,59.56965473721593
3711,51.2053,59.18285058098719
3276,67.0966,57.98046625630118
1256,52.971,59.66715194776772
1583,44.1425,57.906974325392305
4011,61.0,59.19482111693144
1388,54.7367,59.742476516987686
2383,67.0966,63.55221670374954
960,63.0,59.77802412928176
2389,67.0966,61.40580959700889
2443,42.3768,57.88320756045495
1212,58.2681,58.66503553128786
1578,51.2053,55.796453304336055
3870,51.2053,60.52271994387028
1750,56.0,57.16507045091072
1590,61.7995,62.18838644227171
368,61.7995,58.74075903234932
2030,59.0,57.09632060870907
2718,56.0,57.490572944149015
1107,68.8623,59.339651766691624
848,56.0,58.12515187612503
3406,42.3768,63.0156147686127
2169,74.15939999999999,62.330543596327004
2496,45.9082,58.159748726775184
1615,51.2053,62.531654980170515
2439,49.439600000000006,60.548882565819675
3342,54.7367,59.93795237919383
194,56.5024,58.753568944283096
1954,58.0,58.7615298957551
3312,68.8623,62.507585008376466
1304,47.6739,57.83048621869641
843,59.0,58.479378822780646
2639,52.971,59.00175778687425
1190,70.628,60.37181923038495
2638,56.5024,57.98155775177326
1015,57.0,55.701572828823764
2491,68.8623,63.664292992076774
3774,60.0338,61.28818433674624
1240,47.6739,58.82194759896081
189,54.7367,61.95336281118867
1214,67.0966,60.362170990625174
3178,67.0966,57.75891574391585
353,75.9251,60.530278709224746
2720,55.0,58.754289163258996
456,70.628,59.053780704176006
1838,58.2681,58.04729395747684
3144,52.971,58.76661823773651
1682,60.0338,60.362885393885335
1448,67.0966,55.17477039120247
506,56.5024,54.6421042153746
2303,58.2681,62.75023095228006
2195,72.3937,61.537700844794685
1819,65.0,59.68105651978687
3720,51.2053,60.416158846800236
2815,58.0,61.24759237440279
3885,56.5024,59.88492665971144
1989,57.0,60.130435991524116
3084,47.6739,60.222431142820895
346,70.628,63.25973904492068
3378,47.6739,60.107012071441915
495,68.8623,57.53894156789616
595,65.3309,62.52444044455116
1809,40.6111,55.17519046646276
2031,56.0,58.78767622985251
3339,61.7995,62.23382181529524
4041,56.0,55.950845406027454
2057,60.0,57.16698202650309
3573,52.971,54.61274502672762
63,60.0338,63.15573222876171
907,61.0,61.257826413691
937,63.0,62.991641512868384
2464,70.628,61.65247689405817
274,63.5652,56.91240727963674
2802,62.0,59.42443448889247
1166,58.2681,58.026585026953455
1561,49.439600000000006,56.128326383215125
802,65.0,56.29103125712707
3787,75.9251,56.84479555651765
4104,62.0,58.659825389571424
2218,74.15939999999999,58.11125312299879
1666,70.628,61.49111663987465
1343,74.15939999999999,62.98263410002191
240,35.314,61.89796650015762
2011,56.0,58.721399903219435
1644,67.0966,65.17428982173247
3282,58.2681,58.15975353440099
91,49.439600000000006,60.290015204092825
1491,56.5024,58.56528954417256
1736,51.2053,57.35276809998876
2941,58.0,58.61353558482726
3945,67.0,60.3659050390671
2284,67.0966,59.43083151662786
1886,56.0,57.364964740043895
3441,47.6739,62.26083310745841
463,74.15939999999999,58.21160302882119
3569,63.5652,62.43175835802132
3736,42.3768,58.60548515287414
3730,47.6739,58.45466841340057
2356,60.0338,55.77830457610036
1960,69.0,61.47716768021687
3574,52.971,62.68992763827161
1554,40.6111,59.226590765663374
2753,58.2681,58.24618464338046
3932,56.0,58.418889708333595
3952,63.0,61.62398686333673
1441,58.2681,62.137465230776854
304,114.7705,62.556906306577936
750,62.0,60.80819102763274
295,63.5652,56.501569325189365
2362,45.9082,56.367914349861714
658,58.0,55.83488979152056
1490,54.7367,59.63197733765343
3323,65.3309,59.39005133642719
3476,51.2053,57.928936519124804
1645,47.6739,53.19034582150943
2525,40.6111,56.69628282057226
1122,45.9082,61.50539894749882
449,52.971,58.42965973576717
3107,54.7367,57.23978860991391
2886,45.9082,58.60150062964567
535,51.2053,57.80469942109054
2763,55.0,60.86408667664203
3698,52.971,58.9435154283977
2809,45.9082,60.60617610576615
3713,61.7995,59.78551314309627
528,65.3309,63.18823436596948
1136,61.7995,57.62305444332421
2580,45.9082,58.10666176172149
580,63.5652,56.050372692416175
591,45.9082,57.88064872002874
1643,82.9879,62.012065156352804
638,67.0966,60.32430559738753
469,61.7995,58.25373298750321
1830,66.0,61.84520291048257
236,52.971,56.48273884011236
2956,56.0,58.340696297852816
1285,60.0338,60.797898783189204
776,54.0,56.745646901924744
3452,52.971,59.291960538110196
972,61.0,63.05047808024699
3953,56.0,62.01307493548239
