,y_test,prediction
159,52.971,55.698116854343596
1072,65.0,69.75781665811802
2816,62.0,69.88110473783277
758,58.0,61.20284834397788
347,70.628,66.8699717331268
900,60.0,55.04602396993997
3864,45.9082,49.54199849222754
433,72.3937,70.14928120775036
2962,60.0,58.88997558993908
3396,56.5024,57.48493033378456
2328,70.628,69.15747086789514
2870,64.0,59.94184933548389
2066,61.0,51.77385493591193
377,54.7367,56.31589763200649
3840,45.9082,50.761997880339436
3014,55.0,41.534582650295235
2784,44.1425,50.36725741602901
3246,67.0966,64.61249642899189
2282,44.1425,48.190451319409235
1242,70.628,68.5273070406042
3818,37.0797,44.28119548928988
2520,44.1425,45.912047454718426
1291,58.2681,59.825820100985524
2038,59.0,64.86456948788121
2486,68.8623,66.86048347266455
291,61.7995,60.569772406113614
2285,61.7995,61.588641174968224
3762,65.3309,64.02118776313282
1836,56.0,58.17410957267715
3800,45.9082,50.538107790972695
229,49.439600000000006,51.7887848582174
3539,63.5652,63.174059936454334
3485,56.5024,57.37555717926251
3283,65.3309,64.43148403453239
15,60.0338,61.568975672820706
2960,67.0,70.12408349951322
2559,70.628,66.84733505230774
2625,67.0966,65.2996074481866
2878,60.0,54.356424059025755
2246,54.7367,56.895345398483215
2097,65.0,69.03226367494736
3965,64.0,72.56249189529612
957,60.0,62.082766269202274
259,42.3768,45.16855144474485
859,60.0,68.08735887484934
942,57.0,59.57284980978701
784,64.0,68.77267897994628
72,56.5024,57.308808259991295
871,58.2681,59.592796740166
3759,45.9082,49.72963096599927
603,45.9082,48.86104160480117
977,57.0,62.194387235128886
2460,52.971,54.363758143679576
8,49.439600000000006,52.209030357645055
2289,51.2053,53.89413455322974
465,51.2053,53.38131256177163
3353,60.0338,60.67847588905883
2782,61.0,67.00599512408377
3006,58.0,57.9127729145587
974,59.0,57.7121954422094
3873,52.971,55.54126031190655
3176,52.971,54.0096334789572
1046,54.0,52.70028551842003
1856,64.0,66.9401859376807
2521,37.0797,42.50542110101122
846,59.0,48.3822301451123
2115,90.05069999999999,84.46413060803881
3767,49.439600000000006,53.09527981814626
3423,33.5483,39.69211550235724
33,51.2053,52.54408668647424
1793,60.0,58.67567454037535
3460,60.0338,60.73947168091348
2976,60.0,61.785916850793896
3941,56.0,57.19809953956485
2112,58.2681,59.53622641518506
1955,68.0,78.62855074292858
2813,63.5652,62.83417970240168
3798,35.314,38.38717081186929
2111,51.2053,56.355677067050834
458,52.971,54.90794571668375
1180,81.2222,73.07667071202857
2034,58.0,54.54295870615903
2045,53.0,49.106341544391235
484,56.5024,57.767913432406175
2350,49.439600000000006,52.93210608253746
2441,49.439600000000006,52.294021303426234
796,63.0,62.4665690381091
2117,70.628,68.9022697111213
3899,51.2053,52.19054981994101
3666,81.2222,73.22607665679747
2626,51.2053,53.21193532053975
1408,52.971,55.275985295240176
2294,67.0966,65.72600430887394
435,45.9082,49.1644842900187
2631,56.5024,57.63884856308278
182,74.15939999999999,70.08015477216051
4027,61.0,56.1104822786871
2237,63.5652,61.77367999765596
3791,49.439600000000006,51.72556456361982
692,58.0,58.286386640982016
2320,52.971,55.97101869095319
3424,49.439600000000006,52.737446636646176
914,58.0,65.56716791309407
1812,67.0966,64.73842461014479
2929,57.0,66.44374310065953
513,60.0338,60.15615809964053
1862,63.5652,62.99131164028571
1896,53.0,52.40506372692461
2992,59.0,53.89410334942743
1962,56.0,53.07895015599088
2181,107.7077,86.85325730880305
1616,51.2053,54.366225765407
2522,70.628,67.89137576833471
2668,51.2053,49.19075608959863
1058,61.0,69.04072137712407
608,61.7995,60.40280777801853
2551,45.9082,49.177400374828174
1816,58.2681,59.68258343569178
3316,65.3309,64.84935783488207
2966,63.0,52.73479165989657
1022,62.0,61.355049100806205
1108,67.0966,67.59321592327399
2703,56.5024,57.26192286418009
1737,56.5024,57.11237548020457
3461,52.971,55.947077384227555
2094,63.5652,64.48546452839591
1493,70.628,65.9270426512035
1965,60.0,64.98712622364755
2746,57.0,55.76103151304161
2222,61.7995,61.64125169741796
1681,56.5024,58.475457776389476
2425,67.0966,65.28592649967588
1811,58.0,52.643170138086624
3590,45.9082,50.43009746124849
3267,56.5024,57.05959179482986
1550,51.2053,54.80103062032647
3367,52.971,55.17247468723845
3828,61.0,79.01020570123126
1969,52.0,40.39408510268743
1366,58.2681,59.662894150481634
1024,61.0,106.43226932802756
214,60.0338,60.5915347940428
4125,60.0,62.61256819647624
2821,57.0,57.439923484674765
1483,42.3768,46.247543938088455
719,59.0,60.438197390944445
3143,63.5652,63.447325315779615
3684,67.0966,67.12986753740978
1463,63.5652,62.846203813813574
2429,68.8623,65.93435918217858
2471,38.8454,45.37151644248108
3179,61.7995,61.4155139306543
3689,58.2681,57.63431826694458
575,45.9082,50.94866919833543
1079,55.0,62.53909518389016
2129,61.7995,61.16491719837717
390,56.5024,57.8302264838804
517,67.0966,65.65081493418695
2681,63.5652,62.134139476158275
713,58.2681,59.101009126654105
1637,60.0338,60.620849866270795
1217,72.3937,69.82540120449951
2420,68.8623,66.6313421970277
2839,57.0,51.63614388783489
97,63.5652,61.9576153519738
2202,81.2222,73.52959407316828
418,37.0797,42.16256145045172
2455,68.8623,66.78307834963906
2477,38.8454,41.933138277328446
2144,67.0966,65.54377267668029
195,52.971,55.05147089367786
882,60.0,58.38620946430357
2535,60.0338,60.63762372097607
427,58.2681,59.7297768324616
1923,59.0,68.92585663841857
1611,61.7995,61.02109560175688
1157,58.2681,58.143962993263926
2364,68.8623,65.93722304241996
1763,59.0,58.422782797814335
1210,68.8623,67.40558460904859
2033,59.0,68.06087681087945
588,47.6739,52.80770411474364
1076,67.0,69.78051744877806
440,70.628,67.40036726018636
3059,75.9251,74.09020929020234
1064,62.0,50.54354253343649
3099,74.15939999999999,72.15757203539994
2609,44.1425,47.75933305124907
1930,54.0,58.029260800251116
2170,63.5652,63.75091202935236
2986,61.0,66.53284488687311
248,49.439600000000006,53.470504710363606
3786,52.971,55.107910083948184
2846,59.0,60.543208534739996
1106,51.2053,52.63390220517795
2451,63.5652,64.36417238452466
2221,75.9251,69.51901794708337
1143,52.971,54.938787242276284
2943,52.0,45.94551921472417
340,52.971,54.88991448807663
3904,63.0,63.7717761892331
2458,67.0966,64.95112435071073
2482,58.2681,59.25660632221168
168,51.2053,54.050917628200324
3383,67.0966,64.9558744409589
128,51.2053,54.257282333895375
2575,65.3309,63.87943198440998
694,70.628,67.5713192435966
3764,47.6739,51.855555672006766
2120,42.3768,47.87324289452895
1618,63.5652,62.97927322561301
1156,82.9879,75.27118721651865
3223,61.7995,62.15048553266978
3901,58.0,69.73035254025741
4008,59.0,51.06886186982657
4019,58.0,61.827674312316674
3524,54.7367,56.32668349190066
3940,61.0,68.86132913467114
18,77.6908,70.14986036880431
1727,65.3309,58.247406698798976
3500,67.0966,64.54316935463558
201,60.0338,60.970503891129276
3491,70.628,66.14696536089815
1907,56.0,51.6363915722327
1360,47.6739,50.606786527192654
3969,56.0,46.25702062173977
2671,52.971,55.095242470943276
2548,58.2681,58.7329572390128
1939,55.0,51.01806158256934
905,58.0,59.2274936568611
34,63.5652,62.340482272801545
223,52.971,54.76103472976876
1224,84.75359999999999,75.99648860612024
3440,47.6739,51.49930840285499
3937,61.0,68.69124804891672
2910,63.0,57.75132774724886
2836,62.0,63.998484040384604
2613,67.0966,65.01594891661048
4032,62.0,64.36066679181803
1119,58.2681,58.780205132276805
2971,56.0,55.78994662498273
828,52.0,55.07175438470296
343,60.0338,60.12804415193381
2814,55.0,54.185957897386686
3004,58.0,55.92769300282498
925,65.0,67.76276398893987
320,58.2681,59.70143105868728
3880,58.2681,58.70206347058841
115,52.971,55.15202457733185
1857,62.0,50.82099873804853
3653,60.0338,60.64372862118091
3670,54.7367,55.99399461955361
3270,74.15939999999999,70.26692119125148
3337,63.5652,62.6949002257267
1036,58.0,52.757633375405064
52,58.2681,58.68072950234673
3358,68.8623,66.83740063677558
3165,60.0338,60.570330654019905
75,70.628,67.87525541380319
1521,72.3937,68.9138209206856
1709,61.7995,61.67579338164298
3003,61.0,59.05015005868318
3208,58.2681,58.033743318238265
1498,44.1425,47.19518206743723
933,53.0,56.58912108931355
3284,52.971,55.87942735046473
170,68.8623,65.80195461860188
2200,58.2681,58.585608370522586
53,67.0966,66.20379562036754
3780,54.7367,56.37111074189624
239,54.7367,55.74213601789146
1148,47.6739,50.952599726878205
27,45.9082,48.38622034054375
2462,49.439600000000006,53.289095892390755
786,64.0,68.29224398153585
232,63.5652,62.47754324802913
2752,56.5024,57.79713009846029
1081,60.0338,60.387581668949814
1778,59.0,58.006469206507404
2760,67.0966,64.81115691594032
3997,55.0,44.032898686126714
817,49.439600000000006,51.571858155050855
1279,65.3309,57.506720779283484
2772,45.9082,47.82677461149565
2868,61.0,63.356256565627255
759,59.0,57.628047555100494
3837,57.0,59.55802806107163
3529,68.8623,65.17216544619279
3147,56.5024,58.68134056547066
3361,70.628,67.33982352276766
1693,70.628,69.30208284785357
1477,47.6739,50.80765602647131
851,65.0,64.93998992016871
1146,65.3309,63.25525447010466
2524,51.2053,53.038546998592686
567,67.0966,66.08796565956925
1355,47.6739,51.290316138118676
3637,72.3937,69.93960671855085
1952,60.0,60.8827921280959
1577,51.2053,53.25382107923146
679,44.1425,48.609141141402205
844,59.0,67.47132650208579
3790,51.2053,53.994474836188864
1427,56.5024,56.940785496313566
641,54.7367,55.85899353815192
276,67.0966,64.78910967403846
599,61.7995,61.383907846010956
4062,57.0,56.359848860010594
1515,52.971,54.90959380156747
2413,56.5024,57.82106047248007
3420,56.5024,57.718178295167135
2660,51.2053,52.57570644460683
3365,63.5652,62.214044284367034
337,47.6739,52.7376824723702
2528,54.7367,56.35313398477493
1318,54.7367,56.73496704481092
3381,58.2681,60.092486931170285
313,49.439600000000006,52.3149460244501
2819,60.0,67.07859666549484
540,67.0966,66.22800438537497
144,61.7995,61.997938858526076
1444,58.2681,58.67312164448923
805,54.7367,56.25402010649026
2005,64.0,59.19068384138679
283,60.0338,60.24365857310215
1557,60.0338,60.67825744164123
1527,60.0338,60.22387800379219
3804,56.0,58.38769914378059
773,60.0,67.51454637848215
2538,75.9251,72.28916845824051
1246,68.8623,65.88721355998315
1975,62.0,65.30488272811206
2327,49.439600000000006,52.29009308476146
707,49.439600000000006,52.552153030963254
1699,65.3309,63.618030932272355
2113,47.6739,50.95698691308176
1997,58.0,63.97966695635489
1112,52.971,56.3535805543931
3366,60.0338,60.5253934793435
3821,56.5024,57.98763897390333
3429,54.7367,57.13740265928603
2438,56.5024,57.98803463313872
2280,60.0338,60.63053683851431
186,58.2681,60.124554921990146
4130,58.0,55.41333486426303
1065,56.0,48.34321802703608
3447,45.9082,49.847347913549264
1630,51.2053,53.647758005988244
1582,51.2053,52.78195918317313
206,70.628,68.62386504265947
12,75.9251,73.1804949151402
1324,65.3309,64.40342088326207
344,72.3937,68.6862187322514
3546,70.628,66.74491619467173
2653,68.8623,67.10666418361345
2105,61.7995,61.5000736083807
3255,54.7367,56.38822043538026
1149,74.15939999999999,69.39112430099104
3442,49.439600000000006,51.45669440743022
3368,52.971,56.176708625426926
3071,68.8623,66.86152251384874
2731,68.8623,65.59950267657348
2122,65.3309,64.16745937798808
1478,65.3309,64.43348679086282
3072,58.2681,58.244594171534594
1746,52.971,54.88712858009439
488,42.3768,47.75917804368312
2842,60.0,58.38830951900574
257,63.5652,62.13743198839589
190,51.2053,53.95444564717364
2864,62.0,57.67717376103855
2666,72.3937,68.77310306397504
826,60.0,60.56543103984943
4096,66.0,67.49011070092413
3049,54.0,54.42412931303468
556,61.7995,60.855762637073575
2384,45.9082,48.667336031570926
1870,52.971,55.32613596403774
3078,45.9082,49.212610429800144
2008,55.0,56.54985987775295
1031,56.0,56.22344302716412
246,68.8623,65.33572179736544
1092,82.9879,74.9601273342436
3633,60.0338,60.14644909437685
498,51.2053,54.3190833595413
374,44.1425,48.861361057460414
1432,61.7995,61.55864056422427
1294,51.2053,53.66846892104098
3985,57.0,51.7816356161008
993,56.0,48.33166891530427
4113,58.0,58.749376665537724
1125,79.4565,77.4020648555001
3393,51.2053,54.24801251888178
1415,61.7995,61.4674401425544
71,56.5024,57.80929815448309
3743,68.8623,66.37713562274641
46,82.9879,76.5542803720761
4047,63.0,59.805605836331566
200,61.7995,62.021322042095726
3789,57.0,47.20533327164272
4116,65.0,78.73466967828654
1497,51.2053,54.28293644750326
3813,67.0966,65.95813587331969
4128,58.0,51.364269947249916
149,58.2681,59.18218850704146
857,57.0,44.52056934782153
1187,63.5652,62.17144690134874
331,68.8623,66.29904891571246
287,63.5652,63.286184354339994
3963,53.0,49.285726573377396
2250,61.7995,61.21293218596781
3335,58.2681,59.391923580327614
65,58.2681,58.48863917156043
3681,67.0966,65.31665708585953
4082,59.0,49.40625534394252
982,61.0,64.34634733382259
1383,47.6739,52.42801317486158
154,68.8623,65.43458451494487
3588,45.9082,47.911034752698484
1449,60.0338,59.815728599205606
3412,54.7367,56.64549865968272
2714,42.3768,44.246456598060334
492,60.0338,60.57163419512552
885,62.0,61.42360309685153
3564,63.5652,62.27649485439033
1966,59.0,55.84371136511869
3392,60.0338,59.88103652060634
3237,74.15939999999999,69.50806040831945
3984,61.0,73.88494466941538
3615,55.0,47.994976116422386
270,56.5024,57.6367862389517
3750,61.7995,61.80340758249345
3173,74.15939999999999,69.91181562367373
2104,67.0966,66.95935197797641
3930,57.0,51.05291189023116
4093,58.0,65.48559035463808
490,63.5652,63.59322443957059
1906,65.0,63.19079434704637
300,47.6739,52.30851259598478
2017,60.0,59.84521654727513
3919,56.0,61.81166973779203
635,42.3768,46.87007274486978
381,45.9082,48.99024443809962
3934,64.0,47.811158988710964
321,58.2681,58.59766732970775
3916,59.0,49.74238841201121
1872,60.0,66.50740289430205
1484,63.5652,62.435046029769225
850,58.0,63.22141224695675
3025,55.0,57.074633371886804
1158,51.2053,52.74665852987772
2659,56.5024,58.02284126042612
441,56.5024,57.303348552099976
4091,59.0,55.65813735255157
1564,51.2053,53.45010500156797
1070,58.0,53.79757057878555
1500,72.3937,64.77103633023653
2287,52.971,55.02025550679936
997,54.0,48.46709042913681
330,58.2681,59.59715453384019
1574,51.2053,54.146812786435355
2583,67.0966,65.3221746789261
1482,61.7995,61.064478164877976
994,55.0,64.68055139758147
1758,47.6739,50.62858398755461
1979,63.0,67.82290635387804
3125,77.6908,72.14116547686348
2325,67.0966,66.30637132752742
3559,52.971,55.953908333413075
3226,51.2053,52.91570777153802
1199,84.75359999999999,78.47716381562164
1407,84.75359999999999,77.73399582398164
3632,68.8623,68.3323851430527
3205,52.971,54.96079953762626
59,58.2681,58.85681489509719
78,47.6739,52.63809998019142
3691,56.5024,57.33958753912208
392,65.3309,63.954935291440684
743,56.0,58.547559360347655
2244,44.1425,45.63188398889126
563,49.439600000000006,51.7321896647196
3216,58.2681,59.49640916919709
1848,61.0,61.83710651476282
3541,67.0966,66.41229807414967
602,51.2053,52.86340659057363
853,55.0,41.85244372345667
3534,52.971,54.70672264109074
2394,49.439600000000006,53.50071528945893
522,60.0338,60.64113016669611
2333,54.7367,56.778214896980856
1832,58.0,67.28542220888713
1587,51.2053,53.01278200146238
582,70.628,67.47960583615756
3869,42.3768,45.28339627893666
1165,74.15939999999999,69.609558086465
132,58.2681,58.98711748492298
336,60.0338,60.583690546655156
2586,54.7367,55.78970020830148
327,61.7995,61.4776492421776
1820,69.0,59.53782674294832
1238,72.3937,69.0878013647025
4003,60.0,55.37042765434538
3131,68.8623,66.93569838256539
3136,70.628,67.80920250526513
529,61.7995,61.49737861773963
455,60.0338,61.05941162045221
1462,67.0966,65.77039000511735
1336,51.2053,54.28271208591982
2447,42.3768,43.047535974763846
45,58.2681,58.937599640353845
3252,65.3309,64.0638465849645
2694,65.3309,64.3753156414614
2529,52.971,55.11084805182567
3380,70.628,70.69828174819656
2501,61.7995,61.36552186818795
4135,58.0,57.652635550789846
412,58.2681,60.0016088580112
31,47.6739,49.9904998755154
2041,62.0,70.90788193875139
221,58.2681,59.08479138464325
1925,61.0,63.336226103768524
3995,56.0,61.171835626954405
3086,63.5652,62.19278260575014
1390,40.6111,46.377163255178175
2741,62.0,63.48926157107173
2773,52.971,54.39678550971338
505,70.628,69.13472760653671
2994,59.0,65.70500895625437
3810,58.2681,59.35141555790993
470,58.2681,60.11962486311541
3639,42.3768,46.80230059682378
3900,62.0,62.92808140182286
210,58.2681,59.414259397207616
3035,60.0,61.70066497932629
2900,55.0,56.49483799524546
6,65.3309,65.38011904820195
466,58.2681,58.58780902757595
311,70.628,68.31911320576758
2717,58.2681,58.338109567896566
2880,62.0,70.67918454211772
874,63.0,65.92880213158826
2860,58.0,59.86817161099953
1266,61.7995,62.394127818401465
3395,72.3937,67.3199876123527
2385,60.0338,60.38933658638734
2562,52.971,55.89721493600735
858,61.0,59.200601870709605
212,56.5024,58.237858037247435
477,65.3309,64.03543713798206
3688,58.2681,58.45758290005093
3327,52.971,55.87778444158494
30,70.628,66.32446059557329
793,62.0,58.01586467834315
3914,58.0,62.891130621540604
3537,58.2681,58.6286446953744
634,56.0,53.695597748325575
3241,65.3309,64.01796143308209
3123,44.1425,45.9054072439259
1381,67.0966,67.35010588233988
1050,57.0,63.10405611240021
717,58.0,66.5758637384541
1377,72.3937,69.92427747816849
3530,51.2053,52.10524229159448
241,42.3768,48.91215112370907
3009,60.0,58.11449117972296
1296,67.0966,63.658402405457906
3671,58.2681,59.0949054501092
3505,63.5652,62.85161425168341
1579,58.2681,58.5432555046335
1288,58.2681,58.89366975177884
2967,60.0,65.59342295709038
948,56.0,46.41731631733838
82,58.2681,58.42598247098908
277,58.2681,59.32771158443926
317,45.9082,48.93925062999965
1359,84.75359999999999,75.9067986664973
2757,59.0,51.3749296911101
768,54.0,48.675529480826114
2584,63.5652,62.20423257206066
630,44.1425,45.34560820173487
881,55.0,67.39343147330356
1614,65.3309,64.54990145928952
1731,62.0,66.84045430349565
2968,55.0,52.652241082378524
1703,51.2053,55.57652909582234
2403,70.628,67.47038446264838
2060,62.0,62.615214486743895
3857,57.0,57.061010837651104
1216,52.971,54.8581594676252
1904,58.0,57.37857130234778
3737,58.2681,59.370781458443744
4025,56.0,55.52372188291881
3451,47.6739,51.181356413236855
3587,56.5024,57.98803369662286
2366,47.6739,52.070350666511104
437,72.3937,69.10113510689165
2925,64.0,67.05281292281038
1414,58.2681,59.62895617904723
2271,56.5024,58.21221776577398
3108,52.971,54.2842966059546
3311,68.8623,67.11717611494385
2484,72.3937,67.77886609594168
2833,63.0,51.583185758879495
164,51.2053,54.13694320090571
1783,53.0,38.96709044062966
1636,42.3768,45.01462444973126
1115,63.5652,61.7361720325615
108,72.3937,68.78492915259628
1466,47.6739,51.67413946559296
3557,63.5652,63.35210453526581
258,65.3309,64.17593948196472
2468,47.6739,50.19739794151915
3190,61.7995,62.32296299370383
1926,63.0,50.54595607957877
3174,68.8623,65.64264735559914
2475,40.6111,47.49547644180451
730,58.0,57.0629659755784
2785,45.9082,49.742585196326196
3340,51.2053,51.909519598908915
852,54.0,57.00735822119777
2365,52.971,56.402546381988685
4074,63.0,60.18930843587175
3481,52.971,55.75377197321154
354,45.9082,50.249190495759045
2588,45.9082,48.53109255637156
1837,65.0,68.62468363187281
1933,60.0,50.64221412346862
3377,68.8623,66.18837361692773
2398,45.9082,50.33353467290729
1586,51.2053,53.12484098771603
1074,61.0,52.57965888329357
2201,52.971,54.70214425396951
3253,58.2681,58.71897481714289
2431,60.0338,60.61010978322372
3644,60.0338,60.23324497409423
912,44.1425,48.309819379730975
2373,56.5024,57.761816094410264
1126,79.4565,72.22259766205178
2354,58.2681,59.94079125104315
1589,68.8623,50.013156359640845
1160,60.0338,60.686853444989936
2216,51.2053,54.147383051693424
587,58.2681,59.78500532928039
1260,67.0966,65.01151939191331
3544,63.5652,63.16832222961074
839,61.0,63.39029750460825
4132,57.0,40.93213067727686
756,65.0,68.39233585824786
2568,47.6739,51.56236942630851
3109,63.5652,62.11810189216413
3799,54.0,58.548026097562044
3920,57.0,59.147693726092314
3711,51.2053,54.03125048922062
3276,67.0966,66.38405630845746
1256,52.971,53.974141520815394
1583,44.1425,48.61284907282213
4011,61.0,49.34492335286117
1388,54.7367,56.96903234943931
2383,67.0966,64.91607029945331
960,63.0,53.40949867513689
2389,67.0966,66.28006639290479
2443,42.3768,45.81417317093183
1212,58.2681,58.62421521488087
1578,51.2053,53.101576287540254
3870,51.2053,52.87488585124994
1750,56.0,42.119727398632094
1590,61.7995,60.629283333859746
368,61.7995,61.36592711518821
2030,59.0,54.807441992325785
2718,56.0,53.84818348513742
1107,68.8623,67.11672079747194
848,56.0,53.96836774435476
3406,42.3768,47.68671014359558
2169,74.15939999999999,72.02918319995771
2496,45.9082,48.79005745824589
1615,51.2053,52.64374260484443
2439,49.439600000000006,51.854765550657156
3342,54.7367,56.37763687726635
194,56.5024,57.774296813837815
1954,58.0,58.545419249197344
3312,68.8623,66.6705968101611
1304,47.6739,51.44728675082631
843,59.0,68.19437491463175
2639,52.971,55.70011512348771
1190,70.628,67.80397476207159
2638,56.5024,58.02562814979312
1015,57.0,61.59809959065838
2491,68.8623,68.1442223824109
3774,60.0338,59.940062370377206
1240,47.6739,50.01254767479584
189,54.7367,57.440680735415555
1214,67.0966,64.02895010758957
3178,67.0966,65.88238243900392
353,75.9251,70.99370714499736
2720,55.0,59.20887144199036
456,70.628,62.33291018858859
1838,58.2681,59.97364766300238
3144,52.971,55.49680522915877
1682,60.0338,59.97727175606427
1448,67.0966,65.4596130423702
506,56.5024,57.886157885179195
2303,58.2681,59.013681103316955
2195,72.3937,70.23841728901462
1819,65.0,59.005785876739985
3720,51.2053,54.11802894357738
2815,58.0,62.67324033389812
3885,56.5024,56.81216961336097
1989,57.0,59.10022536699496
3084,47.6739,50.464304544940916
346,70.628,68.05499582560195
3378,47.6739,49.02650465423159
495,68.8623,65.40467279340962
595,65.3309,64.26475090326579
1809,40.6111,43.49922811759951
2031,56.0,48.28731011252383
3339,61.7995,61.29573280189759
4041,56.0,51.11901953111799
2057,60.0,49.42477947087085
3573,52.971,55.26648487113828
63,60.0338,60.334794047640585
907,61.0,63.74683076821116
937,63.0,64.12283069176614
2464,70.628,67.4616521011266
274,63.5652,62.94916853776589
2802,62.0,72.66296769984115
1166,58.2681,58.51728599891376
1561,49.439600000000006,52.357199513183375
802,65.0,66.32894380989484
3787,75.9251,69.51424616757663
4104,62.0,58.029077105367655
2218,74.15939999999999,70.8546152831322
1666,70.628,68.62258316210676
1343,74.15939999999999,68.78274805554696
240,35.314,39.740876740071826
2011,56.0,53.726840759830644
1644,67.0966,64.06440733197601
3282,58.2681,59.79065834819454
91,49.439600000000006,52.93116274406602
1491,56.5024,57.331844279055304
1736,51.2053,53.61920036945313
2941,58.0,60.75798759994491
3945,67.0,57.024683993842736
2284,67.0966,64.44147062901142
1886,56.0,39.06726762026436
3441,47.6739,51.37194100826806
463,74.15939999999999,74.47141611678674
3569,63.5652,62.548772159895265
3736,42.3768,48.590947046841734
3730,47.6739,51.20463534661616
2356,60.0338,59.95538747944947
1960,69.0,64.90915180641318
3574,52.971,54.65533219981039
1554,40.6111,44.0493300324753
2753,58.2681,58.582981150709145
3932,56.0,43.53019237882554
3952,63.0,59.59454067120717
1441,58.2681,60.366921219136955
304,114.7705,69.37597077979186
750,62.0,55.18745123754677
295,63.5652,62.084798917892314
2362,45.9082,50.224291891428194
658,58.0,58.610496572261745
1490,54.7367,56.71475522824476
3323,65.3309,63.16336040620471
3476,51.2053,53.93805293234246
1645,47.6739,51.170322236033996
2525,40.6111,50.049997053266914
1122,45.9082,48.86614758620923
449,52.971,53.62037976556576
3107,54.7367,55.93695256399392
2886,45.9082,48.91154827014893
535,51.2053,52.57103429716178
2763,55.0,56.003691304667996
3698,52.971,56.18937461548236
2809,45.9082,49.788513608220455
3713,61.7995,62.53708188982534
528,65.3309,64.29197696232026
1136,61.7995,61.43018096178668
2580,45.9082,49.280122857355224
580,63.5652,63.09503346365062
591,45.9082,48.496310560847185
1643,82.9879,75.36694803529024
638,67.0966,67.44617099660775
469,61.7995,63.001399452349375
1830,66.0,66.71482658955219
236,52.971,54.954158952573366
2956,56.0,52.88828592004972
1285,60.0338,60.68442419758086
776,54.0,25.218276923346558
3452,52.971,54.896760025746254
972,61.0,66.83375904310243
3953,56.0,61.68642415855783
