,y_test,prediction
159,52.971,52.9709999999999
1072,65.0,64.65826
2816,62.0,61.845652
758,58.0,58.43340300000002
347,70.628,70.44882199999992
900,60.0,59.96
3864,45.9082,47.90344099999992
433,72.3937,72.74599499999988
2962,60.0,59.99
3396,56.5024,56.502400000000044
2328,70.628,70.8575409999999
2870,64.0,63.875652
2066,61.0,60.99
377,54.7367,54.736700000000056
3840,45.9082,48.86320299999994
3014,55.0,54.909082
2784,44.1425,42.14725899999998
3246,67.0966,67.00563399999992
2282,44.1425,44.08952899999995
1242,70.628,73.31152599999989
3818,37.0797,38.121463000000055
2520,44.1425,44.177813999999955
1291,58.2681,59.079936
2038,59.0,59.02
2486,68.8623,68.72104399999985
291,61.7995,61.642907000000065
2285,61.7995,61.78116700000006
3762,65.3309,65.32524799999995
1836,56.0,55.913768
3800,45.9082,45.58501199999995
229,49.439600000000006,49.4396
3539,63.5652,63.24737399999999
3485,56.5024,56.04571100000004
3283,65.3309,65.23833999999995
15,60.0338,73.81592200000004
2960,67.0,66.406207
2559,70.628,70.57046399999992
2625,67.0966,67.1446679999999
2878,60.0,60.0
2246,54.7367,54.83933300000006
2097,65.0,65.061907
3965,64.0,63.378623
957,60.0,60.175554000000005
259,42.3768,44.004386
859,60.0,60.139298999999994
942,57.0,57.01038600000001
784,64.0,63.84
72,56.5024,56.61000900000005
871,58.2681,58.26809999999998
3759,45.9082,46.53571299999995
603,45.9082,45.92585699999993
977,57.0,57.06
2460,52.971,52.9709999999999
8,49.439600000000006,49.4396
2289,51.2053,50.55199099999997
465,51.2053,51.18793299999997
3353,60.0338,60.03380000000009
2782,61.0,61.432269999999995
3006,58.0,53.82580699999998
974,59.0,59.088623
3873,52.971,53.0168459999999
3176,52.971,52.988656999999904
1046,54.0,53.261134999999996
1856,64.0,64.225652
2521,37.0797,37.59175300000007
846,59.0,59.01
2115,90.05069999999999,79.05879500000003
3767,49.439600000000006,49.45380400000001
3423,33.5483,35.06143999999998
33,51.2053,51.24119399999997
1793,60.0,59.97
3460,60.0338,59.941482000000086
2976,60.0,60.015652
3941,56.0,55.98736699999999
2112,58.2681,58.222351999999994
1955,68.0,67.53195499999998
2813,63.5652,63.529548
3798,35.314,37.87426500000008
2111,51.2053,53.228150000000035
458,52.971,52.9709999999999
1180,81.2222,82.49350400000007
2034,58.0,58.0
2045,53.0,53.0
484,56.5024,56.53737600000005
2350,49.439600000000006,49.648174999999995
2441,49.439600000000006,49.442232999999995
796,63.0,63.03
2117,70.628,70.9718889999999
3899,51.2053,51.22914099999997
3666,81.2222,82.68773100000007
2626,51.2053,51.20587999999998
1408,52.971,50.56964799999991
2294,67.0966,67.06128599999992
435,45.9082,45.905518999999934
2631,56.5024,55.66281100000005
182,74.15939999999999,74.2476849999998
4027,61.0,61.060966
2237,63.5652,63.473895999999996
3791,49.439600000000006,49.457257
692,58.0,56.40348900000004
2320,52.971,52.9709999999999
3424,49.439600000000006,49.430808000000006
914,58.0,59.12241399999999
1812,67.0966,66.95766399999991
2929,57.0,57.108622999999994
513,60.0338,59.59085400000009
1862,63.5652,63.5652
1896,53.0,52.95
2992,59.0,59.0
1962,56.0,55.591304
2181,107.7077,100.15050399999993
1616,51.2053,49.771773999999965
2522,70.628,70.67543999999991
2668,51.2053,45.19875699999995
1058,61.0,60.94
608,61.7995,61.10114400000001
2551,45.9082,46.23563999999994
1816,58.2681,58.26809999999998
3316,65.3309,65.37524799999994
2966,63.0,63.19
1022,62.0,62.01227
1108,67.0966,67.22019899999991
2703,56.5024,56.24501000000005
1737,56.5024,56.502400000000044
3461,52.971,53.455639999999924
2094,63.5652,63.337326000000004
1493,70.628,69.72766399999992
1965,60.0,60.355216
2746,57.0,56.86789699999999
2222,61.7995,61.721119000000066
1681,56.5024,56.29051600000003
2425,67.0966,67.00831499999991
1811,58.0,58.0
3590,45.9082,46.27899699999993
3267,56.5024,56.502400000000044
1550,51.2053,51.22295699999997
3367,52.971,52.6884879999999
3828,61.0,61.399637000000006
1969,52.0,52.523188
1366,58.2681,58.26809999999998
1024,61.0,62.491035000000004
214,60.0338,60.01614300000009
4125,60.0,59.991980000000005
2821,57.0,56.98
1483,42.3768,42.341486
719,59.0,59.0
3143,63.5652,63.5652
3684,67.0966,67.0556339999999
1463,63.5652,62.01097499999999
2429,68.8623,68.22285699999989
2471,38.8454,39.589627000000036
3179,61.7995,61.79950000000007
3689,58.2681,58.20860899999998
575,45.9082,52.83778899999996
1079,55.0,55.05
2129,61.7995,61.78384800000007
390,56.5024,56.502400000000044
517,67.0966,67.0556339999999
2681,63.5652,63.509547999999995
713,58.2681,58.26809999999998
1637,60.0338,60.03380000000009
1217,72.3937,72.41976299999986
2420,68.8623,68.60345999999987
2839,57.0,57.0
97,63.5652,63.5652
2202,81.2222,82.77601600000007
418,37.0797,37.09735700000006
2455,68.8623,68.86643099999989
2477,38.8454,38.421632000000066
2144,67.0966,67.0612859999999
195,52.971,52.993029999999905
882,60.0,59.8
2535,60.0338,59.924839000000084
427,58.2681,58.182351999999995
1923,59.0,59.020338
1611,61.7995,61.79351000000007
1157,58.2681,58.26809999999998
2364,68.8623,68.86229999999988
1763,59.0,56.79010700000004
1210,68.8623,68.86229999999986
2033,59.0,59.743114999999996
588,47.6739,53.814456999999955
1076,67.0,67.01
440,70.628,70.3891599999999
3059,75.9251,74.415826
1064,62.0,61.483309
3099,74.15939999999999,75.37773299999998
2609,44.1425,44.21542299999996
1930,54.0,58.193974999999995
2170,63.5652,63.48066
2986,61.0,63.39757599999998
248,49.439600000000006,49.430808
3786,52.971,53.151869999999896
2846,59.0,59.0
1106,51.2053,51.13467199999997
2451,63.5652,64.18720499999999
2221,75.9251,76.56075200000014
1143,52.971,53.79708799999994
2943,52.0,52.568839999999994
340,52.971,52.9009519999999
3904,63.0,62.98
2458,67.0966,65.54223099999993
2482,58.2681,58.179814999999984
168,51.2053,51.16998599999998
3383,67.0966,65.90174699999993
128,51.2053,51.18764299999997
2575,65.3309,65.35029699999994
694,70.628,70.60703399999991
3764,47.6739,47.82247499999988
2120,42.3768,42.359143
1618,63.5652,63.47232699999999
1156,82.9879,83.02321400000007
3223,61.7995,61.95041800000006
3901,58.0,58.613019
4008,59.0,59.01
4019,58.0,58.68560200000001
3524,54.7367,54.736700000000056
3940,61.0,61.010676
18,77.6908,77.30497900000012
1727,65.3309,58.26809999999998
3500,67.0966,66.8394269999999
201,60.0338,60.14537100000009
3491,70.628,70.46012599999992
1907,56.0,56.000048
1360,47.6739,51.48259999999992
3969,56.0,56.0
2671,52.971,53.44773899999991
2548,58.2681,58.26809999999998
1939,55.0,55.06
905,58.0,57.866787
34,63.5652,63.5652
223,52.971,52.9709999999999
1224,84.75359999999999,84.55937300000001
3440,47.6739,47.95373099999994
3937,61.0,68.85940399999994
2910,63.0,63.01
2836,62.0,62.070966
2613,67.0966,66.70010299999991
4032,62.0,61.94
1119,58.2681,58.35570899999999
2971,56.0,56.115069999999996
828,52.0,51.89
343,60.0338,60.22599900000007
2814,55.0,55.0
3004,58.0,58.0
925,65.0,64.75
320,58.2681,58.070298999999984
3880,58.2681,58.26809999999998
115,52.971,52.6884879999999
1857,62.0,61.96
3653,60.0338,60.05111900000009
3670,54.7367,54.74167600000004
3270,74.15939999999999,74.19471399999983
3337,63.5652,63.522592
1036,58.0,58.0
52,58.2681,58.26809999999998
3358,68.8623,68.52205999999988
3165,60.0338,60.020781000000085
75,70.628,70.62799999999991
1521,72.3937,72.39369999999987
1709,61.7995,61.883948000000046
3003,61.0,60.99
3208,58.2681,58.26809999999998
1498,44.1425,44.47798299999995
933,53.0,53.05
3284,52.971,52.9709999999999
170,68.8623,68.91527099999989
2200,58.2681,58.23278599999999
53,67.0966,67.0965999999999
3780,54.7367,54.87249800000005
239,54.7367,54.781966000000054
1148,47.6739,47.74716099999994
27,45.9082,46.067112999999935
2462,49.439600000000006,49.522861000000006
786,64.0,63.98227
232,63.5652,63.5652
2752,56.5024,56.52230400000004
1081,60.0338,60.00312400000009
1778,59.0,59.0
2760,67.0966,67.1313589999999
3997,55.0,55.02
817,49.439600000000006,49.421943
1279,65.3309,54.736700000000056
2772,45.9082,45.84986699999994
2868,61.0,61.07
759,59.0,59.020338
3837,57.0,57.0
3529,68.8623,68.86229999999989
3147,56.5024,56.204236000000044
3361,70.628,70.66331399999991
1693,70.628,74.46923099999998
1477,47.6739,49.1754959999999
851,65.0,64.92
1146,65.3309,65.15445299999996
2524,51.2053,51.18793299999997
567,67.0966,67.0965999999999
1355,47.6739,48.34218499999995
3637,72.3937,72.48220399999988
1952,60.0,60.0
1577,51.2053,51.41771599999996
679,44.1425,49.22216599999996
844,59.0,59.255917
3790,51.2053,51.20529999999997
1427,56.5024,55.58423600000004
641,54.7367,54.759623000000055
276,67.0966,67.0256339999999
599,61.7995,62.078365000000055
4062,57.0,57.0
1515,52.971,53.147859999999895
2413,56.5024,56.502400000000044
3420,56.5024,56.502400000000044
2660,51.2053,51.20529999999997
3365,63.5652,63.5652
337,47.6739,48.031677999999886
2528,54.7367,54.736700000000056
1318,54.7367,54.736700000000056
3381,58.2681,57.98558799999998
313,49.439600000000006,49.530518
2819,60.0,59.99
540,67.0966,67.0556339999999
144,61.7995,62.430155000000056
1444,58.2681,58.26809999999998
805,54.7367,54.736700000000056
2005,64.0,64.0
283,60.0338,60.10442800000009
1557,60.0338,60.05145700000009
1527,60.0338,60.08440500000008
3804,56.0,56.04
773,60.0,60.301304
2538,75.9251,75.87212900000009
1246,68.8623,68.86229999999989
1975,62.0,62.046279999999996
2327,49.439600000000006,49.475204000000005
707,49.439600000000006,49.477546999999994
1699,65.3309,65.15058699999994
2113,47.6739,49.905689999999915
1997,58.0,58.195578999999995
1112,52.971,52.9709999999999
3366,60.0338,60.062327000000074
3821,56.5024,56.07595100000003
3429,54.7367,54.736700000000056
2438,56.5024,56.486748000000055
2280,60.0338,60.03346200000009
186,58.2681,58.93839
4130,58.0,58.0
1065,56.0,55.899082
3447,45.9082,46.07472199999994
1630,51.2053,51.20529999999997
1582,51.2053,51.20529999999997
206,70.628,70.67469099999991
12,75.9251,76.66669400000008
1324,65.3309,66.95203499999991
344,72.3937,72.39369999999987
3546,70.628,70.25865299999992
2653,68.8623,67.87316999999987
2105,61.7995,63.790080000000025
3255,54.7367,54.736700000000056
1149,74.15939999999999,74.24734699999985
3442,49.439600000000006,49.4396
3368,52.971,52.9709999999999
3071,68.8623,68.51780799999989
2731,68.8623,69.02140699999988
2122,65.3309,65.34855699999994
1478,65.3309,65.25428199999995
3072,58.2681,58.26809999999998
1746,52.971,52.9709999999999
488,42.3768,42.3768
2842,60.0,59.99
257,63.5652,63.44160099999999
190,51.2053,51.20529999999997
2864,62.0,61.027164999999975
2666,72.3937,72.64089799999986
826,60.0,60.06268099999999
4096,66.0,66.31898399999999
3049,54.0,53.99
556,61.7995,61.96208500000006
2384,45.9082,45.89054299999994
1870,52.971,53.15752199999989
3078,45.9082,45.90819999999994
2008,55.0,55.0
1031,56.0,55.98268099999999
246,68.8623,67.2917699999999
1092,82.9879,82.80567800000006
3633,60.0338,60.00512900000009
498,51.2053,51.20529999999997
374,44.1425,44.43730699999995
1432,61.7995,61.79116700000006
1294,51.2053,51.20529999999997
3985,57.0,57.0
993,56.0,55.99
4113,58.0,58.0
1125,79.4565,76.06635599999996
3393,51.2053,51.20529999999997
1415,61.7995,61.644259000000055
71,56.5024,56.525033000000036
3743,68.8623,68.54413599999987
46,82.9879,82.03442200000006
4047,63.0,62.99
200,61.7995,57.59505799999999
3789,57.0,57.01
4116,65.0,67.43468200000001
1497,51.2053,50.552280999999965
3813,67.0966,66.04735099999992
4128,58.0,58.02268099999999
149,58.2681,58.26809999999998
857,57.0,57.022681000000006
1187,63.5652,63.5652
331,68.8623,68.84643099999988
287,63.5652,63.360635
3963,53.0,53.0
2250,61.7995,60.796385000000036
3335,58.2681,58.26809999999998
65,58.2681,58.26809999999998
3681,67.0966,66.9116969999999
4082,59.0,59.0
982,61.0,60.885652
1383,47.6739,47.673899999999875
154,68.8623,68.98589899999989
3588,45.9082,46.02911799999995
1449,60.0338,60.01312400000009
3412,54.7367,54.736700000000056
2714,42.3768,42.270858000000004
492,60.0338,62.326191000000044
885,62.0,61.76
3564,63.5652,63.5652
1966,59.0,59.010338000000004
3392,60.0338,59.96578200000008
3237,74.15939999999999,74.14174299999979
3984,61.0,61.35540999999999
3615,55.0,52.259100999999966
270,56.5024,56.502400000000044
3750,61.7995,61.60759300000006
3173,74.15939999999999,74.15939999999979
2104,67.0966,67.23785599999991
3930,57.0,57.0
4093,58.0,58.85613399999999
490,63.5652,63.499548
1906,65.0,65.0
300,47.6739,47.794817999999886
2017,60.0,60.07171299999999
3919,56.0,56.12
635,42.3768,42.323829
381,45.9082,46.11472199999994
3934,64.0,64.06
321,58.2681,58.26809999999998
3916,59.0,58.88268099999999
1872,60.0,60.0
1484,63.5652,63.40628699999999
850,58.0,59.250167000000005
3025,55.0,54.99
1158,51.2053,51.13467199999997
2659,56.5024,56.502400000000044
441,56.5024,56.502400000000044
4091,59.0,59.0
1564,51.2053,50.940444999999976
1070,58.0,58.0
1500,72.3937,65.32759099999994
2287,52.971,52.9709999999999
997,54.0,53.05871900000001
330,58.2681,58.26809999999998
1574,51.2053,51.20529999999997
2583,67.0966,67.0965999999999
1482,61.7995,61.71517700000006
994,55.0,54.97
1758,47.6739,47.95641199999994
1979,63.0,63.0
3125,77.6908,79.20435100000007
2325,67.0966,66.83925799999992
3559,52.971,52.9709999999999
3226,51.2053,50.88747399999997
1199,84.75359999999999,83.27041200000004
1407,84.75359999999999,84.17091900000001
3632,68.8623,69.25831499999988
3205,52.971,51.163947999999934
59,58.2681,58.23278599999999
78,47.6739,47.77984199999988
3691,56.5024,56.71493900000003
392,65.3309,65.05524999999994
743,56.0,55.86971
2244,44.1425,44.160156999999955
563,49.439600000000006,49.4396
3216,58.2681,58.26809999999998
1848,61.0,61.0
3541,67.0966,67.0656339999999
602,51.2053,51.20529999999997
853,55.0,54.95942
3534,52.971,52.9709999999999
2394,49.439600000000006,49.235108
522,60.0338,60.20834200000009
2333,54.7367,54.736700000000056
1832,58.0,58.0
1587,51.2053,51.20529999999997
582,70.628,70.19287999999992
3869,42.3768,43.762550000000005
1165,74.15939999999999,74.2300279999998
132,58.2681,58.26809999999998
336,60.0338,60.59551500000008
2586,54.7367,54.63075800000006
327,61.7995,61.67358300000007
1820,69.0,68.49
1238,72.3937,72.29976299999987
4003,60.0,59.79
3131,68.8623,68.73242099999986
3136,70.628,70.59321799999992
529,61.7995,61.742882000000066
455,60.0338,61.33208500000006
1462,67.0966,67.1446679999999
1336,51.2053,51.20529999999997
2447,42.3768,42.3768
45,58.2681,57.87138599999999
3252,65.3309,65.04933099999995
2694,65.3309,65.27097299999996
2529,52.971,53.25568799999992
3380,70.628,74.16696099999999
2501,61.7995,61.79950000000006
4135,58.0,57.92317599999999
412,58.2681,58.27541899999999
31,47.6739,47.67389999999994
2041,62.0,61.72
221,58.2681,58.26809999999998
1925,61.0,60.594322999999996
3995,56.0,55.79971
3086,63.5652,63.5652
1390,40.6111,42.041317
2741,62.0,61.82
2773,52.971,52.9709999999999
505,70.628,74.40659799999982
2994,59.0,59.440940999999995
3810,58.2681,58.26809999999998
470,58.2681,58.21512899999999
3639,42.3768,49.65439000000001
3900,62.0,61.66
210,58.2681,58.26809999999998
3035,60.0,59.95968500000001
2900,55.0,55.01
6,65.3309,65.94461999999994
466,58.2681,58.24909099999999
311,70.628,70.78691299999991
2717,58.2681,58.26809999999998
2880,62.0,61.99
874,63.0,62.85536200000001
2860,58.0,59.18150700000004
1266,61.7995,61.81715700000006
3395,72.3937,72.49507699999987
2385,60.0338,61.35505600000006
2562,52.971,52.9709999999999
858,61.0,61.01
212,56.5024,55.12515400000003
477,65.3309,65.25234999999995
3688,58.2681,58.175418999999984
3327,52.971,53.03128999999989
30,70.628,70.62799999999991
793,62.0,62.01
3914,58.0,58.04
3537,58.2681,58.26809999999998
634,56.0,53.212981999999904
3241,65.3309,65.32524799999995
3123,44.1425,44.142499999999956
1381,67.0966,67.14957099999991
1050,57.0,56.97
717,58.0,70.62799999999991
1377,72.3937,72.29616399999988
3530,51.2053,51.20529999999997
241,42.3768,42.853539
3009,60.0,59.937995
1296,67.0966,66.87469299999991
3671,58.2681,57.65742399999999
3505,63.5652,63.671142
1579,58.2681,58.26809999999998
1288,58.2681,58.26809999999998
2967,60.0,60.595216
948,56.0,56.0
82,58.2681,58.26809999999998
277,58.2681,58.26809999999998
317,45.9082,45.90819999999994
1359,84.75359999999999,84.06497700000001
2757,59.0,58.758767000000006
768,54.0,54.0
2584,63.5652,63.5652
630,44.1425,44.177813999999955
881,55.0,54.97
1614,65.3309,65.19635999999994
1731,62.0,63.39213500000001
2968,55.0,55.00975799999999
1703,51.2053,50.988391999999976
2403,70.628,70.62799999999991
2060,62.0,62.02
3857,57.0,57.0
1216,52.971,52.9709999999999
1904,58.0,57.082946
3737,58.2681,58.26809999999998
4025,56.0,56.0
3451,47.6739,48.38046999999996
3587,56.5024,56.520057000000044
2366,47.6739,47.91573599999989
437,72.3937,72.53495599999987
2925,64.0,64.59980599999999
1414,58.2681,58.141289999999984
2271,56.5024,56.54532300000003
3108,52.971,52.9709999999999
3311,68.8623,68.86229999999986
2484,72.3937,71.89761399999989
2833,63.0,63.08
164,51.2053,51.20529999999997
1783,53.0,52.89
1636,42.3768,42.3768
1115,63.5652,63.5652
108,72.3937,72.41135699999987
1466,47.6739,47.757160999999876
3557,63.5652,63.5652
258,65.3309,65.34855699999994
2468,47.6739,48.468464999999945
3190,61.7995,61.09053900000006
1926,63.0,63.05
3174,68.8623,68.4078809999999
2475,40.6111,42.588684000000015
730,58.0,58.01
2785,45.9082,46.21798299999994
3340,51.2053,51.20529999999997
852,54.0,53.99
2365,52.971,53.81044499999993
4074,63.0,63.0
3481,52.971,53.0521599999999
354,45.9082,45.90819999999994
2588,45.9082,45.978827999999936
1837,65.0,65.12
1933,60.0,59.99
3377,68.8623,68.38875099999987
2398,45.9082,45.852547999999935
1586,51.2053,51.20529999999997
1074,61.0,60.99
2201,52.971,52.9709999999999
3253,58.2681,57.94933299999999
2431,60.0338,60.01346200000009
3644,60.0338,59.862521000000086
912,44.1425,44.195470999999955
2373,56.5024,56.502400000000044
1126,79.4565,79.47415700000016
2354,58.2681,58.28575699999998
1589,68.8623,45.90819999999994
1160,60.0338,60.12307600000008
2216,51.2053,51.20529999999997
587,58.2681,59.922352000000004
1260,67.0966,67.0965999999999
3544,63.5652,63.51954799999999
839,61.0,60.86
4132,57.0,57.0
756,65.0,65.19724599999999
2568,47.6739,47.810131999999896
3109,63.5652,63.5652
3799,54.0,53.98
3920,57.0,57.141352000000005
3711,51.2053,51.177932999999975
3276,67.0966,67.0556339999999
1256,52.971,52.9712899999999
1583,44.1425,44.12216199999995
4011,61.0,61.29
1388,54.7367,54.736700000000056
2383,67.0966,66.64445099999992
960,63.0,63.06
2389,67.0966,67.0965999999999
2443,42.3768,43.349506
1212,58.2681,58.26809999999998
1578,51.2053,51.16998599999997
3870,51.2053,51.20529999999997
1750,56.0,43.67385600000003
1590,61.7995,61.731167000000056
368,61.7995,61.79950000000007
2030,59.0,58.96
2718,56.0,56.0
1107,68.8623,68.87995699999986
848,56.0,55.10820200000005
3406,42.3768,46.76627200000001
2169,74.15939999999999,74.53019699999989
2496,45.9082,45.890542999999944
1615,51.2053,51.20529999999997
2439,49.439600000000006,49.780348999999994
3342,54.7367,54.759333000000055
194,56.5024,57.12703800000004
1954,58.0,57.992681000000005
3312,68.8623,68.66739699999987
1304,47.6739,47.691556999999946
843,59.0,59.20089299999999
2639,52.971,53.0218699999999
1190,70.628,70.55406299999991
2638,56.5024,55.84694600000002
1015,57.0,56.727632
2491,68.8623,69.44498099999988
3774,60.0338,60.08375200000009
1240,47.6739,47.74716099999994
189,54.7367,54.80196600000006
1214,67.0966,67.0146679999999
3178,67.0966,67.0965999999999
353,75.9251,75.92510000000014
2720,55.0,54.94736699999999
456,70.628,63.5652
1838,58.2681,58.19479099999999
3144,52.971,52.9709999999999
1682,60.0338,60.03380000000009
1448,67.0966,64.61097299999996
506,56.5024,56.502400000000044
2303,58.2681,58.3653
2195,72.3937,72.39369999999987
1819,65.0,65.2
3720,51.2053,51.20529999999997
2815,58.0,58.09
3885,56.5024,56.07863200000004
1989,57.0,57.54982500000001
3084,47.6739,47.67389999999994
346,70.628,70.59171999999991
3378,47.6739,53.17687099999999
495,68.8623,68.58271099999988
595,65.3309,65.26428199999994
1809,40.6111,40.54047200000005
2031,56.0,56.02
3339,61.7995,61.60645800000006
4041,56.0,56.0
2057,60.0,59.930676000000005
3573,52.971,52.97128999999989
63,60.0338,60.18363300000007
907,61.0,60.981544000000014
937,63.0,63.0
2464,70.628,70.73585099999991
274,63.5652,63.57877599999999
2802,62.0,61.828623
1166,58.2681,58.175418999999984
1561,49.439600000000006,49.457257
802,65.0,65.023647
3787,75.9251,76.70200800000012
4104,62.0,62.0
2218,74.15939999999999,75.27179099999985
1666,70.628,70.41543999999992
1343,74.15939999999999,74.2300279999998
240,35.314,35.87634299999998
2011,56.0,55.899082
1644,67.0966,66.07660199999991
3282,58.2681,58.26809999999998
91,49.439600000000006,49.4396
1491,56.5024,56.502400000000044
1736,51.2053,51.20529999999997
2941,58.0,58.081014
3945,67.0,66.8
2284,67.0966,67.35850899999993
1886,56.0,55.741763
3441,47.6739,48.34486599999994
463,74.15939999999999,72.55261299999995
3569,63.5652,61.233799999999974
3736,42.3768,42.14725899999999
3730,47.6739,47.67389999999994
2356,60.0338,59.94546700000009
1960,69.0,68.9
3574,52.971,53.03128999999989
1554,40.6111,40.61110000000006
2753,58.2681,58.26809999999998
3932,56.0,56.0
3952,63.0,63.07
1441,58.2681,58.26809999999998
304,114.7705,73.20592199999987
750,62.0,62.0
295,63.5652,63.40628699999999
2362,45.9082,46.150035999999936
658,58.0,58.058333000000005
1490,54.7367,54.736700000000056
3323,65.3309,65.45449899999994
3476,51.2053,51.20529999999997
1645,47.6739,47.832812999999945
2525,40.6111,47.67389999999994
1122,45.9082,46.13505999999993
449,52.971,52.9712899999999
3107,54.7367,54.736700000000056
2886,45.9082,45.90819999999994
535,51.2053,51.20529999999997
2763,55.0,55.0
3698,52.971,52.9709999999999
2809,45.9082,45.14626799999997
3713,61.7995,61.79950000000006
528,65.3309,65.18102099999994
1136,61.7995,61.79950000000006
2580,45.9082,46.33689599999993
580,63.5652,63.24737399999999
591,45.9082,45.83757199999994
1643,82.9879,82.30563000000008
638,67.0966,67.43208299999992
469,61.7995,61.71814800000006
1830,66.0,65.928623
236,52.971,52.97128999999989
2956,56.0,56.0
1285,60.0338,60.03380000000009
776,54.0,53.357389999999995
3452,52.971,52.749067999999895
972,61.0,61.01
3953,56.0,56.181304
