,y_test,prediction
159,52.971,55.819738858516715
1072,65.0,70.66161852622119
2816,62.0,70.0930604152819
758,58.0,60.936275726871
347,70.628,67.3412462011278
900,60.0,55.72247764306436
3864,45.9082,47.88458973051945
433,72.3937,72.55801333530992
2962,60.0,59.35814530448965
3396,56.5024,57.37836111233419
2328,70.628,70.0745423321076
2870,64.0,59.65278450268096
2066,61.0,54.82127332701062
377,54.7367,56.01135790910766
3840,45.9082,50.55953475628932
3014,55.0,42.22502321551374
2784,44.1425,50.72021928646066
3246,67.0966,64.2528278093261
2282,44.1425,49.20400473548639
1242,70.628,69.39239514561754
3818,37.0797,45.12603539901241
2520,44.1425,44.15380641703837
1291,58.2681,59.535363183342795
2038,59.0,64.94872988414761
2486,68.8623,66.55719966872323
291,61.7995,59.386486911109344
2285,61.7995,61.15885996418616
3762,65.3309,64.1978842567678
1836,56.0,57.91849896314655
3800,45.9082,49.98144704591981
229,49.439600000000006,51.65148663806582
3539,63.5652,62.74341519224092
3485,56.5024,57.79848040794693
3283,65.3309,64.73727931880812
15,60.0338,61.250459450323476
2960,67.0,69.60809089512435
2559,70.628,67.58751687033352
2625,67.0966,65.09635205346433
2878,60.0,54.5648799707196
2246,54.7367,56.775252144330246
2097,65.0,69.68818286224234
3965,64.0,72.1482392985798
957,60.0,62.19429648061215
259,42.3768,49.22887335926425
859,60.0,68.8775516645935
942,57.0,60.51804835853851
784,64.0,69.75159401112322
72,56.5024,55.69122235639923
871,58.2681,60.04659434466261
3759,45.9082,50.02153301075187
603,45.9082,49.13329524424799
977,57.0,61.56386487205701
2460,52.971,53.63194085066009
8,49.439600000000006,52.1068572042546
2289,51.2053,54.08488563807966
465,51.2053,53.00176189178517
3353,60.0338,60.24890502826403
2782,61.0,66.58407284907543
3006,58.0,57.524266612108065
974,59.0,57.888480509215384
3873,52.971,55.6792961494396
3176,52.971,52.99705193969268
1046,54.0,53.45967221292812
1856,64.0,67.3582778566284
2521,37.0797,44.75885063437842
846,59.0,49.198294590262606
2115,90.05069999999999,91.68492776519918
3767,49.439600000000006,53.935043484576994
3423,33.5483,38.756183185540564
33,51.2053,52.55443180362731
1793,60.0,58.63352539543045
3460,60.0338,61.00408010388591
2976,60.0,61.7890626691037
3941,56.0,56.94337647749458
2112,58.2681,58.51786997890275
1955,68.0,80.33088712165713
2813,63.5652,62.64904115749528
3798,35.314,38.01138803046057
2111,51.2053,56.08362520364321
458,52.971,54.25904250638504
1180,81.2222,73.1006723666599
2034,58.0,54.999680887318334
2045,53.0,49.90856335349457
484,56.5024,57.172153201462535
2350,49.439600000000006,52.21621965471684
2441,49.439600000000006,51.18287366310189
796,63.0,63.01823875529245
2117,70.628,69.60106916886515
3899,51.2053,51.48214045037049
3666,81.2222,75.24019341680915
2626,51.2053,53.40187760723768
1408,52.971,55.234535078447834
2294,67.0966,66.25912519315857
435,45.9082,50.47875844270948
2631,56.5024,56.07695579486001
182,74.15939999999999,71.44393706822098
4027,61.0,56.13832628885834
2237,63.5652,62.257880384854786
3791,49.439600000000006,51.47064722228174
692,58.0,58.70886428684975
2320,52.971,55.18802612889238
3424,49.439600000000006,53.566457924184874
914,58.0,65.37965827025609
1812,67.0966,64.55529699475179
2929,57.0,66.5246408579153
513,60.0338,60.3729665121341
1862,63.5652,63.001058079819835
1896,53.0,51.678534564222794
2992,59.0,54.92736661536062
1962,56.0,51.93803302031038
2181,107.7077,90.0852131053574
1616,51.2053,53.27022851782548
2522,70.628,67.90803138112791
2668,51.2053,48.57176163512203
1058,61.0,68.7103225148841
608,61.7995,59.58564013297978
2551,45.9082,48.284555288755875
1816,58.2681,59.17725783548083
3316,65.3309,65.13606509978528
2966,63.0,51.57592678439272
1022,62.0,61.45260223060626
1108,67.0966,67.86038216670413
2703,56.5024,57.133586766368204
1737,56.5024,56.724860915043365
3461,52.971,56.45577666062944
2094,63.5652,63.90711703565979
1493,70.628,64.5888488809242
1965,60.0,65.12700672628013
2746,57.0,55.79022745425953
2222,61.7995,60.84776745056158
1681,56.5024,57.81923969756852
2425,67.0966,65.76325858912375
1811,58.0,53.21830231290537
3590,45.9082,49.82662685315063
3267,56.5024,56.82039316070764
1550,51.2053,55.1709771559792
3367,52.971,55.03792847009882
3828,61.0,80.29893539151014
1969,52.0,43.079066521133385
1366,58.2681,59.50799557932177
1024,61.0,102.44843460638928
214,60.0338,60.44008320337399
4125,60.0,62.6685526891672
2821,57.0,57.238685247600856
1483,42.3768,46.30111727814102
719,59.0,60.22717057521541
3143,63.5652,63.547934276930775
3684,67.0966,67.09537651813949
1463,63.5652,62.93769504190327
2429,68.8623,65.59777930975667
2471,38.8454,46.877723482905225
3179,61.7995,60.88588349784712
3689,58.2681,56.46746569780012
575,45.9082,52.145146563184994
1079,55.0,62.06435584947674
2129,61.7995,60.50119273582454
390,56.5024,57.46985120284167
517,67.0966,65.27567406409176
2681,63.5652,61.870172625517206
713,58.2681,58.32886104625216
1637,60.0338,60.22493329673749
1217,72.3937,70.92855556530594
2420,68.8623,66.35627610178251
2839,57.0,52.328690759256844
97,63.5652,61.792041567999775
2202,81.2222,73.37676743740839
418,37.0797,45.715728068933146
2455,68.8623,66.65409479361452
2477,38.8454,43.19501692542562
2144,67.0966,66.6795396859169
195,52.971,54.403840170546374
882,60.0,59.231005251432954
2535,60.0338,60.202386421157144
427,58.2681,60.10485968497185
1923,59.0,69.20735876619304
1611,61.7995,60.98207115537735
1157,58.2681,58.177338642131765
2364,68.8623,65.16032740555768
1763,59.0,58.614547701511825
1210,68.8623,68.52609325364995
2033,59.0,68.07755833860774
588,47.6739,53.846917913597444
1076,67.0,69.93448637006878
440,70.628,67.90993954389478
3059,75.9251,75.49425250262146
1064,62.0,52.08718992782128
3099,74.15939999999999,75.29629988739563
2609,44.1425,48.525160679193604
1930,54.0,57.81300110117194
2170,63.5652,63.952160627948714
2986,61.0,66.8380070871971
248,49.439600000000006,53.97142352963384
3786,52.971,54.79810807516707
2846,59.0,60.422384671364
1106,51.2053,51.02899967222775
2451,63.5652,64.57121557814347
2221,75.9251,68.51674529342694
1143,52.971,54.09542192295406
2943,52.0,46.751105001810785
340,52.971,54.69495075254723
3904,63.0,63.87365217862981
2458,67.0966,63.92392794350398
2482,58.2681,57.84016937995948
168,51.2053,53.263367092825256
3383,67.0966,64.86962525102155
128,51.2053,54.0653367746064
2575,65.3309,63.43169309496812
694,70.628,67.58027480502821
3764,47.6739,52.608347813855154
2120,42.3768,47.4579445715858
1618,63.5652,62.53210471969889
1156,82.9879,76.80446981580948
3223,61.7995,61.7396165104653
3901,58.0,70.122839169065
4008,59.0,50.82508306301522
4019,58.0,61.503719508211326
3524,54.7367,55.602759059341814
3940,61.0,69.1809906134694
18,77.6908,70.68019579454923
1727,65.3309,58.510787971152176
3500,67.0966,65.760855623606
201,60.0338,60.64533398932832
3491,70.628,65.19107235709771
1907,56.0,52.761057697667894
1360,47.6739,51.28178324208676
3969,56.0,47.86390544832786
2671,52.971,54.175720087268374
2548,58.2681,58.73798165652905
1939,55.0,51.68310398357066
905,58.0,58.92144912287493
34,63.5652,62.05513618516039
223,52.971,54.40257916698335
1224,84.75359999999999,77.16384899935625
3440,47.6739,53.69517354127088
3937,61.0,68.47170679022672
2910,63.0,58.24108104562316
2836,62.0,63.508195034135255
2613,67.0966,64.87747208553043
4032,62.0,64.51105680839314
1119,58.2681,58.31273107530477
2971,56.0,56.09714850210314
828,52.0,55.16635842434287
343,60.0338,58.5268075233202
2814,55.0,52.31844263454195
3004,58.0,55.956547084470444
925,65.0,68.04593342234946
320,58.2681,59.13428344234016
3880,58.2681,58.4458142372475
115,52.971,54.989533689989145
1857,62.0,51.302533894398536
3653,60.0338,60.1217148596072
3670,54.7367,55.838736768029946
3270,74.15939999999999,71.6767079440435
3337,63.5652,62.131955668518145
1036,58.0,52.57175874811183
52,58.2681,58.955933440359615
3358,68.8623,66.50325126607667
3165,60.0338,60.082003869337285
75,70.628,67.805135473716
1521,72.3937,68.96436963255178
1709,61.7995,58.368642299298074
3003,61.0,57.95510214004384
3208,58.2681,58.26774277151985
1498,44.1425,48.85391184417391
933,53.0,55.43252487875097
3284,52.971,55.58044413374358
170,68.8623,64.22479911064295
2200,58.2681,58.34620113451054
53,67.0966,66.47217873934102
3780,54.7367,56.755566358033235
239,54.7367,54.55281033760193
1148,47.6739,49.485009955513675
27,45.9082,47.983058575298294
2462,49.439600000000006,53.44906389036164
786,64.0,68.4559726377859
232,63.5652,62.183753787497366
2752,56.5024,57.66843909007402
1081,60.0338,60.21463476231427
1778,59.0,58.10108754911421
2760,67.0966,63.53913703804151
3997,55.0,43.55318479112241
817,49.439600000000006,53.239070726294464
1279,65.3309,57.944381656322896
2772,45.9082,47.05068598084506
2868,61.0,63.64838797077424
759,59.0,57.84865942729583
3837,57.0,59.2172850706906
3529,68.8623,64.386206581023
3147,56.5024,57.06436479250526
3361,70.628,65.35307683950636
1693,70.628,69.91586216340966
1477,47.6739,51.68781325314655
851,65.0,64.63845055188014
1146,65.3309,62.82947529468286
2524,51.2053,52.41966572600679
567,67.0966,65.8665547629658
1355,47.6739,50.552552548732635
3637,72.3937,70.13668680011452
1952,60.0,60.06803112899029
1577,51.2053,53.58982122371698
679,44.1425,49.76073994876945
844,59.0,67.89248181899879
3790,51.2053,53.596156489696
1427,56.5024,56.47987419099695
641,54.7367,55.699722192477374
276,67.0966,63.8393094276194
599,61.7995,61.46116152341902
4062,57.0,56.60483291538137
1515,52.971,54.79865410907202
2413,56.5024,57.546295484535406
3420,56.5024,57.674818379727114
2660,51.2053,53.278830457869674
3365,63.5652,62.2059392365024
337,47.6739,52.57330381579015
2528,54.7367,56.21378745212899
1318,54.7367,56.150933154496904
3381,58.2681,59.08330816756443
313,49.439600000000006,52.129178855038205
2819,60.0,67.02238047083954
540,67.0966,65.4789101850838
144,61.7995,61.67468204275102
1444,58.2681,57.82151998519125
805,54.7367,56.41557017787699
2005,64.0,59.41281015886695
283,60.0338,59.8080842756924
1557,60.0338,60.58683399136365
1527,60.0338,60.24880356750619
3804,56.0,58.153247397992864
773,60.0,67.07733536305169
2538,75.9251,73.96181035711145
1246,68.8623,66.34269529187937
1975,62.0,65.51587384405074
2327,49.439600000000006,51.65920650461893
707,49.439600000000006,51.67721720930753
1699,65.3309,62.333066240504
2113,47.6739,51.58454978230196
1997,58.0,63.48968800750292
1112,52.971,56.41689948687904
3366,60.0338,60.508503428904625
3821,56.5024,58.535967901613716
3429,54.7367,56.887487893240504
2438,56.5024,56.85385289925797
2280,60.0338,60.37037846426584
186,58.2681,59.8059274903289
4130,58.0,55.6243573560688
1065,56.0,48.99576722089988
3447,45.9082,50.76029020513998
1630,51.2053,54.000625739233584
1582,51.2053,53.84002703318909
206,70.628,69.12837535204082
12,75.9251,77.88069714653864
1324,65.3309,64.60943942809968
344,72.3937,68.28200284612478
3546,70.628,66.67745022250259
2653,68.8623,66.9717281195697
2105,61.7995,60.69821690098372
3255,54.7367,55.51272033828151
1149,74.15939999999999,69.17774742063963
3442,49.439600000000006,51.00702906785518
3368,52.971,55.69047861224345
3071,68.8623,66.14986671828666
2731,68.8623,64.78532716759062
2122,65.3309,64.01709987654877
1478,65.3309,64.32568156635395
3072,58.2681,58.14229295568629
1746,52.971,55.21586073094319
488,42.3768,47.66948471343642
2842,60.0,58.47187838433752
257,63.5652,62.08741074788009
190,51.2053,53.862853924703174
2864,62.0,57.60281175663257
2666,72.3937,68.59805796279291
826,60.0,60.58776246015514
4096,66.0,67.49036194018043
3049,54.0,54.54773835199462
556,61.7995,59.62616969671038
2384,45.9082,48.056220677566685
1870,52.971,55.443970438219665
3078,45.9082,47.985699040681524
2008,55.0,55.833443379988495
1031,56.0,56.33684843047608
246,68.8623,65.93850073493037
1092,82.9879,75.641745198033
3633,60.0338,60.132041437768805
498,51.2053,54.45714889176489
374,44.1425,48.870656023297364
1432,61.7995,60.6301865215508
1294,51.2053,53.61097603954801
3985,57.0,52.57604284075105
993,56.0,50.464662997771974
4113,58.0,58.53039512552786
1125,79.4565,80.05157259597559
3393,51.2053,53.826856855036596
1415,61.7995,61.52272808857795
71,56.5024,57.01855612986871
3743,68.8623,65.96725968477345
46,82.9879,77.55758186185473
4047,63.0,60.6338599088222
200,61.7995,61.60779572262247
3789,57.0,48.7291294145522
4116,65.0,77.34303971490462
1497,51.2053,53.77918961589171
3813,67.0966,64.55701585064885
4128,58.0,51.815678037019936
149,58.2681,59.214929354052956
857,57.0,46.036828266422866
1187,63.5652,62.17634573215716
331,68.8623,65.3808399554306
287,63.5652,63.12498512920604
3963,53.0,49.94141389072811
2250,61.7995,61.06804514137633
3335,58.2681,58.96917524600488
65,58.2681,57.37320047397647
3681,67.0966,65.05669029061987
4082,59.0,50.57176432943674
982,61.0,64.70832646014787
1383,47.6739,52.223616033174764
154,68.8623,66.0294630244316
3588,45.9082,48.635756118404906
1449,60.0338,59.59300663814895
3412,54.7367,56.5537452388862
2714,42.3768,43.211493178031
492,60.0338,60.18859291806983
885,62.0,61.7686951126229
3564,63.5652,62.20832507354382
1966,59.0,55.43810696042377
3392,60.0338,59.37633301008008
3237,74.15939999999999,69.31010575285183
3984,61.0,72.03912581718417
3615,55.0,47.4011841901454
270,56.5024,57.31216808620279
3750,61.7995,61.378437370945235
3173,74.15939999999999,70.72012085399902
2104,67.0966,66.66857253547447
3930,57.0,51.707166589761144
4093,58.0,65.10874264715699
490,63.5652,63.723929297562336
1906,65.0,63.86281604739572
300,47.6739,52.741435641199146
2017,60.0,59.89657832740871
3919,56.0,61.79502502702968
635,42.3768,46.770407671902596
381,45.9082,48.63638378096622
3934,64.0,49.27777787800585
321,58.2681,58.51645636045281
3916,59.0,50.26900446474555
1872,60.0,66.3674521226272
1484,63.5652,62.40362107363315
850,58.0,63.403111771622555
3025,55.0,56.75304379477027
1158,51.2053,49.601815207075745
2659,56.5024,57.84621093299664
441,56.5024,57.108158413740114
4091,59.0,55.95821413563467
1564,51.2053,50.929842139534934
1070,58.0,54.26680074086358
1500,72.3937,64.49914107927398
2287,52.971,54.62692174876307
997,54.0,48.548878361427015
330,58.2681,59.26387780031524
1574,51.2053,54.34016323321526
2583,67.0966,65.41764808676936
1482,61.7995,61.276528312052
994,55.0,64.65768745978576
1758,47.6739,50.55518573288717
1979,63.0,67.74166123979077
3125,77.6908,73.73931129580095
2325,67.0966,67.78846104563078
3559,52.971,55.97903083003388
3226,51.2053,49.668494708498585
1199,84.75359999999999,82.98151870212641
1407,84.75359999999999,82.59862786907445
3632,68.8623,69.3467503790853
3205,52.971,54.19497867210427
59,58.2681,58.878644019155864
78,47.6739,52.82087256858713
3691,56.5024,57.60179981309078
392,65.3309,63.641576372959776
743,56.0,58.14836653969967
2244,44.1425,44.99884834010348
563,49.439600000000006,52.80086556344412
3216,58.2681,59.411721482534205
1848,61.0,62.02486701671182
3541,67.0966,66.62640743543463
602,51.2053,52.3538148956788
853,55.0,41.20697902829554
3534,52.971,54.73140178263745
2394,49.439600000000006,53.43217632036689
522,60.0338,60.348777107015295
2333,54.7367,56.68138356422691
1832,58.0,66.10686010846334
1587,51.2053,52.7730622757191
582,70.628,67.66042398846653
3869,42.3768,49.37834892525268
1165,74.15939999999999,69.83158644926925
132,58.2681,58.195641212491736
336,60.0338,60.231269431155916
2586,54.7367,55.32374648849904
327,61.7995,61.268966324501164
1820,69.0,59.039242736219265
1238,72.3937,69.43346535222886
4003,60.0,56.015391366652
3131,68.8623,66.20385706931553
3136,70.628,68.23319185728195
529,61.7995,59.99331286420466
455,60.0338,59.97512087992422
1462,67.0966,65.58360850724402
1336,51.2053,53.83622675844924
2447,42.3768,42.38201491545024
45,58.2681,58.7382905010972
3252,65.3309,63.7507269799665
2694,65.3309,63.89663493725029
2529,52.971,55.96909346738829
3380,70.628,73.06897798563472
2501,61.7995,60.88078288784598
4135,58.0,57.52630297526683
412,58.2681,59.39760969776455
31,47.6739,49.23612530171896
2041,62.0,71.32991456485689
221,58.2681,59.23959285193084
1925,61.0,63.53630007974674
3995,56.0,61.22288100500184
3086,63.5652,62.03800814279238
1390,40.6111,47.803481504662706
2741,62.0,63.60235977925606
2773,52.971,54.47143462518703
505,70.628,68.8495251307837
2994,59.0,64.83709936421586
3810,58.2681,59.9866718910146
470,58.2681,60.754742409527964
3639,42.3768,46.403634853496854
3900,62.0,63.23309014184871
210,58.2681,59.247945604977026
3035,60.0,61.99639861067553
2900,55.0,55.978518387965856
6,65.3309,65.65474874461066
466,58.2681,57.6749544588173
311,70.628,69.5079956893602
2717,58.2681,57.79954361324961
2880,62.0,70.08501444408728
874,63.0,64.92866016832369
2860,58.0,58.599825843579
1266,61.7995,61.612747395400966
3395,72.3937,66.21918897776598
2385,60.0338,60.12314859906232
2562,52.971,55.71362017833472
858,61.0,59.69030053934424
212,56.5024,57.91339311498157
477,65.3309,64.18695677726105
3688,58.2681,58.468415037505835
3327,52.971,56.30701553403941
30,70.628,65.449558642664
793,62.0,57.879204739759196
3914,58.0,62.85476680071332
3537,58.2681,58.542243977191475
634,56.0,53.73206669458194
3241,65.3309,63.504095383103916
3123,44.1425,43.88987068121888
1381,67.0966,68.83924691800846
1050,57.0,63.07616878983167
717,58.0,66.18062165369628
1377,72.3937,69.67500628584557
3530,51.2053,52.1003525759494
241,42.3768,49.79773922087989
3009,60.0,60.34057546222658
1296,67.0966,63.84190762440524
3671,58.2681,58.73157991066873
3505,63.5652,62.68473222925526
1579,58.2681,58.138223004724075
1288,58.2681,58.33020545317793
2967,60.0,65.61465483107199
948,56.0,47.18640152987385
82,58.2681,58.19208547535993
277,58.2681,59.042786683954525
317,45.9082,49.78170085491324
1359,84.75359999999999,75.96235768113439
2757,59.0,49.983212682176756
768,54.0,49.87371603978239
2584,63.5652,61.831803867682034
630,44.1425,46.386872866805
881,55.0,67.0381553667953
1614,65.3309,63.31674038922537
1731,62.0,67.02409660548261
2968,55.0,56.040986874096276
1703,51.2053,53.93049538528393
2403,70.628,67.40549091624891
2060,62.0,62.24131142187664
3857,57.0,57.19659390024583
1216,52.971,54.81496675559855
1904,58.0,57.12301627891068
3737,58.2681,59.350388440356056
4025,56.0,55.40879073909176
3451,47.6739,51.03555706250043
3587,56.5024,57.458309196431244
2366,47.6739,52.62233439042646
437,72.3937,68.76480747272839
2925,64.0,67.18595712601072
1414,58.2681,59.580028432397384
2271,56.5024,57.778680437150044
3108,52.971,54.097775578216925
3311,68.8623,66.72382401099745
2484,72.3937,67.14022766743867
2833,63.0,52.441862709577194
164,51.2053,54.56785083674801
1783,53.0,41.25553868648859
1636,42.3768,44.432866447181155
1115,63.5652,61.660455983139514
108,72.3937,68.72694650504988
1466,47.6739,52.239550051928816
3557,63.5652,62.9335450477721
258,65.3309,64.23475421752232
2468,47.6739,47.31139082320681
3190,61.7995,62.11098920355067
1926,63.0,50.863567755696735
3174,68.8623,65.67430491455184
2475,40.6111,48.77309874637312
730,58.0,55.8945966919953
2785,45.9082,50.47340089197186
3340,51.2053,51.036878035840786
852,54.0,56.17291589515672
2365,52.971,56.02485871546229
4074,63.0,60.43964128764592
3481,52.971,55.44794593861146
354,45.9082,50.73935339030197
2588,45.9082,47.963555999799134
1837,65.0,68.61611734248007
1933,60.0,51.233577378949605
3377,68.8623,64.02161141277537
2398,45.9082,50.8698570724472
1586,51.2053,54.06778146884682
1074,61.0,52.958207421479656
2201,52.971,53.82564386847011
3253,58.2681,57.949951467519895
2431,60.0338,60.44898902146816
3644,60.0338,59.524172807294924
912,44.1425,48.42633412724717
2373,56.5024,57.35940353858774
1126,79.4565,71.94788238652416
2354,58.2681,59.73697187578799
1589,68.8623,48.80771154712508
1160,60.0338,61.1969386879673
2216,51.2053,53.97774678241274
587,58.2681,58.72838477700376
1260,67.0966,65.16788013962179
3544,63.5652,63.144285429631466
839,61.0,63.50375619072226
4132,57.0,41.706132368447534
756,65.0,68.35467612220927
2568,47.6739,51.11571499657133
3109,63.5652,62.09048746079998
3799,54.0,58.41207365377194
3920,57.0,59.161700057759305
3711,51.2053,54.047468867599356
3276,67.0966,66.56181994209157
1256,52.971,53.76960126661662
1583,44.1425,48.18500300586561
4011,61.0,51.43817918923829
1388,54.7367,56.250861611425925
2383,67.0966,65.4833306860424
960,63.0,52.531372954965086
2389,67.0966,67.0888250912512
2443,42.3768,46.7039872990744
1212,58.2681,57.84493310265923
1578,51.2053,52.78920642149272
3870,51.2053,53.52954100237834
1750,56.0,41.48242701951085
1590,61.7995,61.32229386849424
368,61.7995,61.10219960009242
2030,59.0,55.16538500703041
2718,56.0,53.5865593954761
1107,68.8623,66.74897066894846
848,56.0,52.699430907196856
3406,42.3768,48.031132672603604
2169,74.15939999999999,73.62322642842354
2496,45.9082,48.79538458783311
1615,51.2053,52.92689047993049
2439,49.439600000000006,51.1128400628191
3342,54.7367,56.45972712487411
194,56.5024,56.2227134545737
1954,58.0,57.80746028579205
3312,68.8623,67.16988577056301
1304,47.6739,50.94110927894614
843,59.0,68.13704969300821
2639,52.971,55.69728778304096
1190,70.628,67.86885821922927
2638,56.5024,58.462323525461485
1015,57.0,61.19883139490049
2491,68.8623,69.66751958248958
3774,60.0338,59.58454397447745
1240,47.6739,49.00020120766045
189,54.7367,57.00804127879989
1214,67.0966,63.335502420011245
3178,67.0966,65.46662678477043
353,75.9251,71.24178782709399
2720,55.0,59.30284485036364
456,70.628,62.3293303758907
1838,58.2681,59.44294200007373
3144,52.971,55.817068712644215
1682,60.0338,59.646261505178266
1448,67.0966,64.35882447930231
506,56.5024,57.579480380653344
2303,58.2681,58.830493264644346
2195,72.3937,71.42801960704614
1819,65.0,60.00203900393412
3720,51.2053,52.97245268606074
2815,58.0,62.305631193288804
3885,56.5024,56.473264033927535
1989,57.0,58.94571679758309
3084,47.6739,49.13371914468834
346,70.628,68.39971308387915
3378,47.6739,45.16187402889372
495,68.8623,64.4850853275785
595,65.3309,64.61402440837317
1809,40.6111,45.392576470858685
2031,56.0,49.45855076128073
3339,61.7995,61.25998009442449
4041,56.0,51.57235573330061
2057,60.0,50.47670953278787
3573,52.971,55.48519295398587
63,60.0338,59.96968289347602
907,61.0,63.147129589291175
937,63.0,63.63152664250228
2464,70.628,66.71901539073859
274,63.5652,62.22621370815702
2802,62.0,72.7261009006172
1166,58.2681,58.291492429308875
1561,49.439600000000006,52.71817793435868
802,65.0,66.93470472542332
3787,75.9251,69.00225487620021
4104,62.0,58.34770127370717
2218,74.15939999999999,71.21357221553555
1666,70.628,67.73053679924358
1343,74.15939999999999,69.48801910809101
240,35.314,39.83857341368689
2011,56.0,53.47480860419897
1644,67.0966,63.03673249150694
3282,58.2681,59.442631725517984
91,49.439600000000006,53.22007895568886
1491,56.5024,57.23219997239984
1736,51.2053,54.02930109045553
2941,58.0,60.7259033343465
3945,67.0,57.96196517850337
2284,67.0966,64.7366550379221
1886,56.0,42.116844934163204
3441,47.6739,51.63917455576235
463,74.15939999999999,76.32369900805838
3569,63.5652,61.83763718572392
3736,42.3768,49.664059667290076
3730,47.6739,50.72093910297301
2356,60.0338,59.56099048178025
1960,69.0,64.99280548710055
3574,52.971,54.72932217055963
1554,40.6111,43.37146033397889
2753,58.2681,58.089451344405305
3932,56.0,44.41677702313282
3952,63.0,60.137047013465
1441,58.2681,60.746510384345704
304,114.7705,70.19463856717465
750,62.0,55.691373368282974
295,63.5652,61.61976257904815
2362,45.9082,51.43798682577571
658,58.0,59.19615020206151
1490,54.7367,56.5367086107002
3323,65.3309,62.21579759578533
3476,51.2053,53.71887030678964
1645,47.6739,51.32670851727986
2525,40.6111,50.41133604918886
1122,45.9082,47.56062906302249
449,52.971,54.73361974503503
3107,54.7367,55.628122281553104
2886,45.9082,49.66824251982207
535,51.2053,51.55524966887508
2763,55.0,55.50843770621517
3698,52.971,55.80889467122347
2809,45.9082,50.8228149126932
3713,61.7995,62.28961265276032
528,65.3309,64.42267457360515
1136,61.7995,61.1250030752362
2580,45.9082,49.89345859651466
580,63.5652,62.7341512444968
591,45.9082,47.97386505858547
1643,82.9879,78.06373427337164
638,67.0966,68.11740408226285
469,61.7995,61.554088936569855
1830,66.0,67.03932207800378
236,52.971,55.05039061450655
2956,56.0,52.56798808080948
1285,60.0338,60.461376371875815
776,54.0,29.63964414257196
3452,52.971,54.78532382873225
972,61.0,66.84294852689851
3953,56.0,61.2446542558219
