,y_test,prediction
159,52.971,52.9709999999999
1072,65.0,64.01826
2816,62.0,61.52
758,58.0,58.28608400000001
347,70.628,70.62799999999991
900,60.0,59.89
3864,45.9082,47.974068999999915
433,72.3937,72.5786759999999
2962,60.0,60.01
3396,56.5024,56.502400000000044
2328,70.628,70.69862799999991
2870,64.0,64.0
2066,61.0,61.0
377,54.7367,54.74933300000005
3840,45.9082,49.190642999999945
3014,55.0,54.97
2784,44.1425,43.56240399999998
3246,67.0966,66.92002999999991
2282,44.1425,44.142499999999956
1242,70.628,67.0965999999999
3818,37.0797,37.768323000000066
2520,44.1425,44.142499999999956
1291,58.2681,58.134694999999994
2038,59.0,59.035652
2486,68.8623,68.86229999999988
291,61.7995,61.78184300000007
2285,61.7995,61.79950000000006
3762,65.3309,65.27759099999994
1836,56.0,55.96
3800,45.9082,47.35921599999994
229,49.439600000000006,49.4396
3539,63.5652,63.499548
3485,56.5024,56.33831900000005
3283,65.3309,65.33089999999994
15,60.0338,60.28099800000006
2960,67.0,67.14
2559,70.628,70.4514299999999
2625,67.0966,67.0965999999999
2878,60.0,59.95
2246,54.7367,54.736700000000056
2097,65.0,65.36
3965,64.0,63.84
957,60.0,60.079927
259,42.3768,43.188878
859,60.0,60.09
942,57.0,57.036086
784,64.0,63.86
72,56.5024,56.29051600000003
871,58.2681,57.71771399999999
3759,45.9082,45.90819999999994
603,45.9082,45.90819999999994
977,57.0,56.67
2460,52.971,52.9709999999999
8,49.439600000000006,49.4396
2289,51.2053,50.95810199999996
465,51.2053,51.011362999999974
3353,60.0338,60.05145700000009
2782,61.0,61.03
3006,58.0,55.74725699999999
974,59.0,59.0
3873,52.971,52.9886569999999
3176,52.971,53.04220799999989
1046,54.0,54.669129999999996
1856,64.0,64.01
2521,37.0797,37.48581100000008
846,59.0,59.0
2115,90.05069999999999,84.61234400000005
3767,49.439600000000006,48.554069
3423,33.5483,33.88378299999999
33,51.2053,51.223246999999965
1793,60.0,60.0
3460,60.0338,60.11906600000008
2976,60.0,59.98
3941,56.0,55.39
2112,58.2681,58.10880099999999
1955,68.0,67.93231599999996
2813,63.5652,63.5652
3798,35.314,37.78598000000008
2111,51.2053,52.216725000000025
458,52.971,52.9709999999999
1180,81.2222,81.3987700000001
2034,58.0,58.0
2045,53.0,53.47
484,56.5024,56.502400000000044
2350,49.439600000000006,49.4396
2441,49.439600000000006,49.4396
796,63.0,62.99
2117,70.628,70.98029499999991
3899,51.2053,51.20529999999997
3666,81.2222,81.34579900000008
2626,51.2053,51.20529999999997
1408,52.971,52.9709999999999
2294,67.0966,66.73884699999991
435,45.9082,45.90819999999994
2631,56.5024,55.86201400000002
182,74.15939999999999,74.19471399999979
4027,61.0,61.0
2237,63.5652,63.5652
3791,49.439600000000006,49.4396
692,58.0,56.59373100000003
2320,52.971,52.9709999999999
3424,49.439600000000006,49.4396
914,58.0,59.80738799999998
1812,67.0966,67.2908269999999
2929,57.0,56.93
513,60.0338,59.99312400000009
1862,63.5652,63.5652
1896,53.0,54.067367
2992,59.0,59.0
1962,56.0,56.05678699999999
2181,107.7077,101.02770199999998
1616,51.2053,49.29834399999995
2522,70.628,70.98113999999991
2668,51.2053,48.49933899999996
1058,61.0,60.93
608,61.7995,60.49964800000005
2551,45.9082,45.90819999999994
1816,58.2681,58.126843999999984
3316,65.3309,65.18428199999995
2966,63.0,63.0
1022,62.0,62.0
1108,67.0966,66.94203499999992
2703,56.5024,56.32807700000005
1737,56.5024,56.51737600000004
3461,52.971,53.531291999999915
2094,63.5652,63.042544000000014
1493,70.628,69.70534399999991
1965,60.0,60.175216
2746,57.0,56.50470700000002
2222,61.7995,61.53220600000006
1681,56.5024,56.21988800000005
2425,67.0966,67.00831499999991
1811,58.0,56.59258300000001
3590,45.9082,46.155397999999934
3267,56.5024,56.36114400000004
1550,51.2053,51.20529999999997
3367,52.971,52.9709999999999
3828,61.0,63.327993000000006
1969,52.0,52.23
1366,58.2681,58.26809999999998
1024,61.0,77.33696699999997
214,60.0338,60.03380000000009
4125,60.0,59.95135200000001
2821,57.0,57.245024
1483,42.3768,42.394457
719,59.0,58.98
3143,63.5652,63.5652
3684,67.0966,67.0965999999999
1463,63.5652,62.77063499999999
2429,68.8623,68.86229999999989
2471,38.8454,39.07494100000005
3179,61.7995,61.79950000000007
3689,58.2681,58.26541899999998
575,45.9082,48.15556699999999
1079,55.0,54.9
2129,61.7995,61.79950000000007
390,56.5024,56.502400000000044
517,67.0966,67.0965999999999
2681,63.5652,63.5652
713,58.2681,57.98558799999998
1637,60.0338,60.05145700000009
1217,72.3937,72.56101899999987
2420,68.8623,68.86229999999988
2839,57.0,57.0
97,63.5652,63.5652
2202,81.2222,82.1933350000001
418,37.0797,37.220956000000044
2455,68.8623,68.86229999999989
2477,38.8454,38.651173000000064
2144,67.0966,67.0965999999999
195,52.971,52.9709999999999
882,60.0,60.0
2535,60.0338,59.99580500000008
427,58.2681,58.26541899999998
1923,59.0,58.96
1611,61.7995,61.79950000000007
1157,58.2681,58.26809999999998
2364,68.8623,68.86229999999989
1763,59.0,58.33564800000001
1210,68.8623,68.86229999999988
2033,59.0,59.05
588,47.6739,47.67906999999998
1076,67.0,67.01
440,70.628,70.62799999999991
3059,75.9251,74.07746799999998
1064,62.0,62.0
3099,74.15939999999999,75.09522100000002
2609,44.1425,44.37433599999995
1930,54.0,57.15581500000002
2170,63.5652,63.543606
2986,61.0,61.27639899999999
248,49.439600000000006,49.4396
3786,52.971,52.9709999999999
2846,59.0,59.0
1106,51.2053,51.20529999999997
2451,63.5652,63.30034500000001
2221,75.9251,76.36459300000011
1143,52.971,52.9709999999999
2943,52.0,52.43
340,52.971,52.9709999999999
3904,63.0,63.0
2458,67.0966,66.78838799999991
2482,58.2681,58.26809999999998
168,51.2053,50.99341599999997
3383,67.0966,65.76049099999993
128,51.2053,51.428875999999974
2575,65.3309,65.26759099999995
694,70.628,70.62799999999991
3764,47.6739,47.70921399999989
2120,42.3768,42.3768
1618,63.5652,63.547543
1156,82.9879,83.48229600000006
3223,61.7995,61.73752000000007
3901,58.0,58.323188
4008,59.0,59.0
4019,58.0,59.231830000000016
3524,54.7367,54.736700000000056
3940,61.0,60.77
18,77.6908,76.5451500000001
1727,65.3309,58.26809999999998
3500,67.0966,66.50846099999991
201,60.0338,60.52819600000007
3491,70.628,70.62799999999991
1907,56.0,55.5
1360,47.6739,51.476899999999915
3969,56.0,56.0
2671,52.971,53.02626599999989
2548,58.2681,58.26809999999998
1939,55.0,54.9
905,58.0,55.66101
34,63.5652,63.5652
223,52.971,52.9709999999999
1224,84.75359999999999,84.98314100000002
3440,47.6739,48.16829599999995
3937,61.0,69.72147999999991
2910,63.0,63.0
2836,62.0,61.738333000000004
2613,67.0966,65.77522499999992
4032,62.0,61.750676000000006
1119,58.2681,58.25541899999998
2971,56.0,55.71806400000001
828,52.0,52.15
343,60.0338,61.407351000000055
2814,55.0,55.34
3004,58.0,57.97
925,65.0,64.99
320,58.2681,58.26809999999998
3880,58.2681,57.788341999999986
115,52.971,52.9709999999999
1857,62.0,62.0
3653,60.0338,60.01346200000009
3670,54.7367,54.76933300000006
3270,74.15939999999999,74.12408599999979
3337,63.5652,63.175636000000004
1036,58.0,58.0
52,58.2681,58.26809999999998
3358,68.8623,68.86229999999988
3165,60.0338,60.05145700000009
75,70.628,70.62799999999991
1521,72.3937,72.39369999999987
1709,61.7995,61.73322000000007
3003,61.0,61.0
3208,58.2681,57.788341999999986
1498,44.1425,44.160156999999955
933,53.0,53.120338000000004
3284,52.971,49.015831999999925
170,68.8623,68.86229999999988
2200,58.2681,57.914959999999994
53,67.0966,67.0965999999999
3780,54.7367,54.749333000000064
239,54.7367,54.82459900000004
1148,47.6739,47.67389999999993
27,45.9082,45.90819999999994
2462,49.439600000000006,47.84310300000001
786,64.0,63.98
232,63.5652,63.5652
2752,56.5024,56.502400000000044
1081,60.0338,60.01312400000009
1778,59.0,59.0
2760,67.0966,67.0965999999999
3997,55.0,55.0
817,49.439600000000006,49.4396
1279,65.3309,54.736700000000056
2772,45.9082,45.64334499999993
2868,61.0,60.990338
759,59.0,59.0
3837,57.0,56.836449
3529,68.8623,68.86229999999989
3147,56.5024,56.502400000000044
3361,70.628,70.62799999999991
1693,70.628,74.2653419999999
1477,47.6739,48.80977099999989
851,65.0,65.11
1146,65.3309,60.03380000000009
2524,51.2053,51.20529999999997
567,67.0966,67.0965999999999
1355,47.6739,48.09766799999993
3637,72.3937,72.42432999999988
1952,60.0,59.91
1577,51.2053,51.93192199999998
679,44.1425,48.49933899999996
844,59.0,59.12
3790,51.2053,51.20529999999997
1427,56.5024,56.502352000000045
641,54.7367,54.77923700000005
276,67.0966,67.0965999999999
599,61.7995,62.06435500000006
4062,57.0,56.98
1515,52.971,52.9709999999999
2413,56.5024,56.502400000000044
3420,56.5024,56.502400000000044
2660,51.2053,51.20529999999997
3365,63.5652,63.5652
337,47.6739,47.91573599999988
2528,54.7367,54.76933300000005
1318,54.7367,54.759333000000055
3381,58.2681,56.361143999999975
313,49.439600000000006,49.4396
2819,60.0,60.03
540,67.0966,67.0965999999999
144,61.7995,61.90979000000006
1444,58.2681,58.26809999999998
805,54.7367,54.736700000000056
2005,64.0,64.0
283,60.0338,60.05145700000009
1557,60.0338,60.03380000000009
1527,60.0338,60.1317470000001
3804,56.0,55.982681
773,60.0,60.03
2538,75.9251,75.90744300000014
1246,68.8623,68.86229999999989
1975,62.0,61.97
2327,49.439600000000006,49.4396
707,49.439600000000006,49.4396
1699,65.3309,65.11097299999994
2113,47.6739,51.402019999999936
1997,58.0,58.193647
1112,52.971,52.9709999999999
3366,60.0338,60.369187000000075
3821,56.5024,56.250566000000035
3429,54.7367,54.736700000000056
2438,56.5024,56.502400000000044
2280,60.0338,60.05145700000009
186,58.2681,58.26737599999999
4130,58.0,58.0
1065,56.0,56.0
3447,45.9082,46.019117999999935
1630,51.2053,51.20529999999997
1582,51.2053,51.223246999999965
206,70.628,70.62799999999991
12,75.9251,75.94275700000016
1324,65.3309,67.0965999999999
344,72.3937,72.14582599999987
3546,70.628,70.4514299999999
2653,68.8623,67.90882199999987
2105,61.7995,64.23616600000001
3255,54.7367,54.736700000000056
1149,74.15939999999999,74.10642899999979
3442,49.439600000000006,49.4396
3368,52.971,49.12674999999993
3071,68.8623,68.86229999999989
2731,68.8623,69.00355599999989
2122,65.3309,65.33089999999994
1478,65.3309,65.27792899999994
3072,58.2681,58.26809999999998
1746,52.971,52.9709999999999
488,42.3768,42.3768
2842,60.0,60.0
257,63.5652,63.49389599999999
190,51.2053,51.20529999999997
2864,62.0,62.0
2666,72.3937,72.39369999999987
826,60.0,59.872052999999994
4096,66.0,66.01
3049,54.0,54.71502399999999
556,61.7995,61.79950000000006
2384,45.9082,45.90819999999994
1870,52.971,53.0488989999999
3078,45.9082,45.90819999999994
2008,55.0,55.02
1031,56.0,55.510048
246,68.8623,67.0965999999999
1092,82.9879,83.09384200000005
3633,60.0338,59.96278600000009
498,51.2053,51.20529999999997
374,44.1425,44.01890099999995
1432,61.7995,61.79950000000006
1294,51.2053,51.20529999999997
3985,57.0,57.08
993,56.0,56.0
4113,58.0,57.997533999999995
1125,79.4565,79.58009900000003
3393,51.2053,51.20529999999997
1415,61.7995,61.923099000000065
71,56.5024,56.502400000000044
3743,68.8623,68.65041599999988
46,82.9879,82.42922900000006
4047,63.0,63.0
200,61.7995,56.94242499999996
3789,57.0,57.0
4116,65.0,65.248502
1497,51.2053,50.95810199999996
3813,67.0966,65.96969399999993
4128,58.0,58.0
149,58.2681,58.26809999999998
857,57.0,57.0
1187,63.5652,63.5652
331,68.8623,68.86229999999986
287,63.5652,63.5652
3963,53.0,53.57971
2250,61.7995,61.79950000000007
3335,58.2681,58.26809999999998
65,58.2681,58.25541899999998
3681,67.0966,67.0083149999999
4082,59.0,59.0
982,61.0,60.86
1383,47.6739,47.840131999999876
154,68.8623,68.86229999999989
3588,45.9082,45.87288599999994
1449,60.0338,60.03380000000009
3412,54.7367,54.736700000000056
2714,42.3768,42.341486
492,60.0338,60.28099800000008
885,62.0,61.96
3564,63.5652,63.5652
1966,59.0,59.0
3392,60.0338,59.95244800000009
3237,74.15939999999999,74.15939999999979
3984,61.0,60.96
3615,55.0,52.18608199999995
270,56.5024,56.502400000000044
3750,61.7995,62.391820000000045
3173,74.15939999999999,74.15939999999979
2104,67.0966,66.65824399999993
3930,57.0,57.0
4093,58.0,59.63738799999998
490,63.5652,63.5652
1906,65.0,65.0
300,47.6739,48.6369919999999
2017,60.0,59.922681000000004
3919,56.0,55.95
635,42.3768,42.3768
381,45.9082,45.90819999999994
3934,64.0,64.0
321,58.2681,58.26809999999998
3916,59.0,59.0
1872,60.0,59.97
1484,63.5652,63.5652
850,58.0,59.565383000000004
3025,55.0,54.48
1158,51.2053,51.18764299999997
2659,56.5024,56.502400000000044
441,56.5024,56.431772000000045
4091,59.0,59.0
1564,51.2053,51.16998599999997
1070,58.0,58.0
1500,72.3937,65.33089999999994
2287,52.971,52.9709999999999
997,54.0,54.03
330,58.2681,58.26809999999998
1574,51.2053,51.20529999999997
2583,67.0966,67.0965999999999
1482,61.7995,61.79150500000006
994,55.0,54.82
1758,47.6739,48.13298199999995
1979,63.0,62.99
3125,77.6908,77.91468900000012
2325,67.0966,67.0965999999999
3559,52.971,52.9709999999999
3226,51.2053,51.16998599999997
1199,84.75359999999999,84.36514600000002
1407,84.75359999999999,83.08323900000003
3632,68.8623,68.92367699999984
3205,52.971,52.19409199999991
59,58.2681,58.056215999999985
78,47.6739,47.87544599999988
3691,56.5024,56.512352000000035
392,65.3309,65.31324299999994
743,56.0,55.96
2244,44.1425,44.142499999999956
563,49.439600000000006,49.4396
3216,58.2681,58.26809999999998
1848,61.0,60.93
3541,67.0966,67.0083149999999
602,51.2053,51.20529999999997
853,55.0,55.0
3534,52.971,53.1371839999999
2394,49.439600000000006,49.474914
522,60.0338,60.060733000000084
2333,54.7367,54.736700000000056
1832,58.0,59.21652
1587,51.2053,51.20529999999997
582,70.628,70.62799999999991
3869,42.3768,43.110303
1165,74.15939999999999,74.4948829999998
132,58.2681,58.26809999999998
336,60.0338,60.634138000000085
2586,54.7367,54.781966000000054
327,61.7995,61.77384800000007
1820,69.0,68.88
1238,72.3937,72.39369999999987
4003,60.0,59.9
3131,68.8623,68.86229999999986
3136,70.628,70.62799999999991
529,61.7995,61.79950000000007
455,60.0338,60.77271300000007
1462,67.0966,67.0965999999999
1336,51.2053,51.20529999999997
2447,42.3768,42.323829
45,58.2681,58.26809999999998
3252,65.3309,65.33089999999994
2694,65.3309,65.34428199999995
2529,52.971,53.059526999999896
3380,70.628,75.37773299999998
2501,61.7995,61.761505000000064
4135,58.0,56.452256000000034
412,58.2681,58.27541899999999
31,47.6739,47.67389999999993
2041,62.0,61.53
221,58.2681,58.26809999999998
1925,61.0,61.14386399999999
3995,56.0,55.94
3086,63.5652,63.5652
1390,40.6111,43.320182
2741,62.0,61.97
2773,52.971,52.9709999999999
505,70.628,74.17705699999979
2994,59.0,59.04
3810,58.2681,58.26541899999998
470,58.2681,58.26809999999998
3639,42.3768,45.448469
3900,62.0,61.96
210,58.2681,58.26809999999998
3035,60.0,59.95
2900,55.0,55.03
6,65.3309,65.43684199999994
466,58.2681,58.24273799999998
311,70.628,70.7515989999999
2717,58.2681,58.26541899999998
2880,62.0,61.96
874,63.0,62.98
2860,58.0,58.26201399999999
1266,61.7995,61.761505000000064
3395,72.3937,72.39369999999987
2385,60.0338,60.05145700000009
2562,52.971,52.9709999999999
858,61.0,61.0
212,56.5024,55.83143400000003
477,65.3309,65.33089999999994
3688,58.2681,58.26809999999998
3327,52.971,52.9709999999999
30,70.628,70.62799999999991
793,62.0,62.0
3914,58.0,58.095652
3537,58.2681,58.26809999999998
634,56.0,55.10636999999994
3241,65.3309,65.33089999999994
3123,44.1425,44.142499999999956
1381,67.0966,67.01266299999992
1050,57.0,57.0
717,58.0,70.62799999999991
1377,72.3937,72.43741999999989
3530,51.2053,51.20529999999997
241,42.3768,43.47373300000001
3009,60.0,59.98
1296,67.0966,67.11425699999991
3671,58.2681,58.40399399999999
3505,63.5652,63.5652
1579,58.2681,58.26809999999998
1288,58.2681,58.26809999999998
2967,60.0,60.0
948,56.0,56.0
82,58.2681,58.26809999999998
277,58.2681,58.26809999999998
317,45.9082,45.90819999999994
1359,84.75359999999999,85.54816500000001
2757,59.0,59.0
768,54.0,54.0
2584,63.5652,63.5652
630,44.1425,44.142499999999956
881,55.0,54.91
1614,65.3309,65.25766399999995
1731,62.0,63.345396
2968,55.0,55.36
1703,51.2053,49.39984199999999
2403,70.628,70.62799999999991
2060,62.0,61.95
3857,57.0,56.865168000000004
1216,52.971,52.9709999999999
1904,58.0,57.574202000000014
3737,58.2681,58.26809999999998
4025,56.0,55.97
3451,47.6739,48.33146099999995
3587,56.5024,56.502400000000044
2366,47.6739,47.983682999999886
437,72.3937,72.39369999999987
2925,64.0,64.0
1414,58.2681,58.09114399999999
2271,56.5024,56.055903000000036
3108,52.971,52.9709999999999
3311,68.8623,68.86229999999986
2484,72.3937,71.82795199999987
2833,63.0,63.0
164,51.2053,51.20529999999997
1783,53.0,52.9
1636,42.3768,42.3768
1115,63.5652,63.5652
108,72.3937,72.39369999999987
1466,47.6739,47.63590499999989
3557,63.5652,63.5652
258,65.3309,65.26759099999995
2468,47.6739,48.45080799999996
3190,61.7995,61.110877000000045
1926,63.0,63.0
3174,68.8623,68.16918499999989
2475,40.6111,44.828492
730,58.0,57.318936000000015
2785,45.9082,45.90819999999994
3340,51.2053,51.319140999999966
852,54.0,53.97
2365,52.971,52.9709999999999
4074,63.0,63.0
3481,52.971,53.03157999999989
354,45.9082,45.90819999999994
2588,45.9082,45.90819999999994
1837,65.0,64.93
1933,60.0,60.0
3377,68.8623,68.86229999999988
2398,45.9082,45.90819999999994
1586,51.2053,51.20529999999997
1074,61.0,61.0
2201,52.971,53.0416279999999
3253,58.2681,58.26809999999998
2431,60.0338,60.03380000000009
3644,60.0338,60.05145700000009
912,44.1425,44.160156999999955
2373,56.5024,56.502400000000044
1126,79.4565,79.45650000000018
2354,58.2681,58.26809999999998
1589,68.8623,45.90819999999994
1160,60.0338,60.05145700000009
2216,51.2053,51.20529999999997
587,58.2681,58.282061999999996
1260,67.0966,67.0965999999999
3544,63.5652,63.5652
839,61.0,60.909299000000004
4132,57.0,57.0
756,65.0,64.96
2568,47.6739,47.99172599999991
3109,63.5652,63.5652
3799,54.0,54.04
3920,57.0,56.98268099999999
3711,51.2053,51.20529999999997
3276,67.0966,67.0056339999999
1256,52.971,52.972449999999895
1583,44.1425,44.142499999999956
4011,61.0,61.0
1388,54.7367,54.736700000000056
2383,67.0966,66.8970109999999
960,63.0,63.0
2389,67.0966,67.0965999999999
2443,42.3768,43.140303
1212,58.2681,58.24273799999998
1578,51.2053,51.20529999999997
3870,51.2053,51.223246999999965
1750,56.0,46.592892000000035
1590,61.7995,61.79150500000006
368,61.7995,61.77384800000007
2030,59.0,59.01
2718,56.0,56.0
1107,68.8623,68.86229999999988
848,56.0,54.74430900000006
3406,42.3768,47.56777
2169,74.15939999999999,74.11913499999987
2496,45.9082,45.90819999999994
1615,51.2053,51.20529999999997
2439,49.439600000000006,49.4396
3342,54.7367,54.736700000000056
194,56.5024,56.520057000000044
1954,58.0,58.033404999999995
3312,68.8623,68.86229999999988
1304,47.6739,47.85046999999993
843,59.0,58.84
2639,52.971,52.9709999999999
1190,70.628,70.62799999999991
2638,56.5024,56.24955200000003
1015,57.0,56.67
2491,68.8623,68.86229999999985
3774,60.0338,60.01312400000009
1240,47.6739,47.67389999999993
189,54.7367,54.736700000000056
1214,67.0966,67.0965999999999
3178,67.0966,67.0965999999999
353,75.9251,75.90744300000014
2720,55.0,54.91
456,70.628,63.5652
1838,58.2681,58.14129
3144,52.971,52.9709999999999
1682,60.0338,60.03380000000009
1448,67.0966,66.28437799999992
506,56.5024,56.502400000000044
2303,58.2681,58.28984199999998
2195,72.3937,72.37604299999987
1819,65.0,65.0
3720,51.2053,50.99341599999997
2815,58.0,58.055652
3885,56.5024,56.26481600000005
1989,57.0,57.90518700000003
3084,47.6739,47.67389999999993
346,70.628,70.98113999999991
3378,47.6739,52.617859999999965
495,68.8623,68.71367699999989
595,65.3309,65.33089999999994
1809,40.6111,40.74699400000005
2031,56.0,56.0
3339,61.7995,61.79150500000006
4041,56.0,56.0
2057,60.0,60.0
3573,52.971,52.9709999999999
63,60.0338,60.07111900000009
907,61.0,60.27487600000001
937,63.0,63.03
2464,70.628,70.62799999999991
274,63.5652,62.843028000000004
2802,62.0,61.86
1166,58.2681,58.020901999999985
1561,49.439600000000006,49.4396
802,65.0,64.9
3787,75.9251,76.49681500000013
4104,62.0,62.0
2218,74.15939999999999,74.10642899999979
1666,70.628,70.52171999999992
1343,74.15939999999999,74.34266099999982
240,35.314,35.34931399999998
2011,56.0,56.0
1644,67.0966,65.66638299999994
3282,58.2681,58.26809999999998
91,49.439600000000006,49.53520399999999
1491,56.5024,56.502400000000044
1736,51.2053,51.20529999999997
2941,58.0,58.111689999999996
3945,67.0,67.05
2284,67.0966,66.6904889999999
1886,56.0,56.0
3441,47.6739,48.556749999999944
463,74.15939999999999,79.75666899999997
3569,63.5652,62.57606999999999
3736,42.3768,42.861148000000014
3730,47.6739,47.85046999999993
2356,60.0338,59.98244800000008
1960,69.0,69.16
3574,52.971,52.9709999999999
1554,40.6111,40.59344300000005
2753,58.2681,58.26809999999998
3932,56.0,56.0
3952,63.0,63.0
1441,58.2681,58.26809999999998
304,114.7705,72.39369999999987
750,62.0,62.0
295,63.5652,63.40628699999999
2362,45.9082,45.92585699999993
658,58.0,57.650192000000004
1490,54.7367,54.736700000000056
3323,65.3309,65.34855699999994
3476,51.2053,51.20529999999997
1645,47.6739,47.67389999999993
2525,40.6111,47.67389999999993
1122,45.9082,45.90819999999994
449,52.971,53.170686999999916
3107,54.7367,54.736700000000056
2886,45.9082,45.90819999999994
535,51.2053,51.20529999999997
2763,55.0,55.01
3698,52.971,52.9709999999999
2809,45.9082,44.03387699999999
3713,61.7995,61.79950000000006
528,65.3309,65.06068299999994
1136,61.7995,61.79950000000006
2580,45.9082,45.90819999999994
580,63.5652,63.406287
591,45.9082,45.87288599999994
1643,82.9879,83.25275500000006
638,67.0966,67.32614099999992
469,61.7995,61.56752000000006
1830,66.0,66.01
236,52.971,52.9709999999999
2956,56.0,56.208549999999995
1285,60.0338,60.05145700000009
776,54.0,54.0
3452,52.971,52.9709999999999
972,61.0,61.073309
3953,56.0,55.98
