,y_test,prediction
159,52.971,64.10853399999998
1072,65.0,62.07738400000001
2816,62.0,60.16897799999999
758,58.0,57.616835
347,70.628,63.29776199999996
900,60.0,60.456296999999985
3864,45.9082,58.45928699999999
433,72.3937,68.212857
2962,60.0,58.63600899999997
3396,56.5024,62.31392099999996
2328,70.628,58.55556499999997
2870,64.0,60.61143999999997
2066,61.0,58.65506599999997
377,54.7367,57.52742799999999
3840,45.9082,57.86887399999998
3014,55.0,56.565887999999994
2784,44.1425,51.85013200000001
3246,67.0966,62.288437999999985
2282,44.1425,63.08375199999996
1242,70.628,64.44855899999999
3818,37.0797,56.71368099999997
2520,44.1425,56.61145899999993
1291,58.2681,63.46764100000003
2038,59.0,58.18501799999999
2486,68.8623,58.15124399999999
291,61.7995,57.09070999999995
2285,61.7995,55.913632999999976
3762,65.3309,63.14394599999994
1836,56.0,59.09168200000001
3800,45.9082,56.658923999999985
229,49.439600000000006,60.142184999999984
3539,63.5652,53.32300899999996
3485,56.5024,58.815758999999986
3283,65.3309,59.916483
15,60.0338,63.07585499999996
2960,67.0,64.098331
2559,70.628,67.29713200000002
2625,67.0966,58.145543999999994
2878,60.0,63.53018399999999
2246,54.7367,56.72877799999998
2097,65.0,62.269825
3965,64.0,60.838226999999996
957,60.0,62.981997
259,42.3768,54.60689599999998
859,60.0,62.092581
942,57.0,56.28909700000001
784,64.0,65.00351599999998
72,56.5024,59.90462399999995
871,58.2681,60.898317000000006
3759,45.9082,53.86713799999997
603,45.9082,61.634935000000006
977,57.0,57.94839999999999
2460,52.971,56.11549399999996
8,49.439600000000006,60.99877799999996
2289,51.2053,57.75300699999998
465,51.2053,65.56143399999998
3353,60.0338,60.00177399999998
2782,61.0,62.469557999999985
3006,58.0,60.46290899999996
974,59.0,57.262487
3873,52.971,66.77870299999996
3176,52.971,67.33189100000001
1046,54.0,56.406902
1856,64.0,65.43051999999997
2521,37.0797,62.500442999999976
846,59.0,59.71110799999999
2115,90.05069999999999,67.28988599999997
3767,49.439600000000006,51.969382999999986
3423,33.5483,68.50742399999997
33,51.2053,55.99561499999996
1793,60.0,56.27245999999998
3460,60.0338,62.266025999999975
2976,60.0,57.770336
3941,56.0,57.376833
2112,58.2681,56.92230600000002
1955,68.0,64.71631399999998
2813,63.5652,60.052883999999985
3798,35.314,53.09090799999999
2111,51.2053,62.61070799999999
458,52.971,58.255784000000006
1180,81.2222,71.08379799999999
2034,58.0,60.97566900000001
2045,53.0,53.720983000000004
484,56.5024,59.25247299999995
2350,49.439600000000006,62.07452599999997
2441,49.439600000000006,60.152666999999965
796,63.0,60.26281899999999
2117,70.628,55.55116899999998
3899,51.2053,63.493680999999995
3666,81.2222,60.31332
2626,51.2053,57.97986499999998
1408,52.971,66.70911399999996
2294,67.0966,58.37307799999997
435,45.9082,52.646701999999976
2631,56.5024,56.73810399999996
182,74.15939999999999,64.21933299999998
4027,61.0,60.12910299999999
2237,63.5652,64.69619099999998
3791,49.439600000000006,60.63445699999998
692,58.0,61.592281
2320,52.971,62.66401699999997
3424,49.439600000000006,57.72075999999996
914,58.0,57.363716
1812,67.0966,62.50182000000001
2929,57.0,59.05077
513,60.0338,54.56759699999996
1862,63.5652,57.470638999999956
1896,53.0,59.767434
2992,59.0,58.93598399999998
1962,56.0,56.79426699999999
2181,107.7077,61.54991099999994
1616,51.2053,56.34022799999996
2522,70.628,65.44155499999997
2668,51.2053,56.06228099999995
1058,61.0,61.914533999999975
608,61.7995,61.367859999999965
2551,45.9082,62.161046
1816,58.2681,59.75167599999993
3316,65.3309,57.625105999999995
2966,63.0,61.154771999999994
1022,62.0,62.096132
1108,67.0966,58.91624499999996
2703,56.5024,61.78220599999997
1737,56.5024,57.791241999999954
3461,52.971,60.248608999999966
2094,63.5652,57.136774999999965
1493,70.628,56.21355999999999
1965,60.0,59.205719
2746,57.0,57.95900099999998
2222,61.7995,55.67684799999999
1681,56.5024,61.214697000000015
2425,67.0966,65.31602199999998
1811,58.0,57.13620100000001
3590,45.9082,61.261312999999944
3267,56.5024,63.00070999999997
1550,51.2053,59.21740099999997
3367,52.971,54.50322399999998
3828,61.0,64.50776599999999
1969,52.0,54.829947999999995
1366,58.2681,60.87826899999995
1024,61.0,60.37141699999998
214,60.0338,59.19017999999997
4125,60.0,58.99825599999999
2821,57.0,59.05605299999999
1483,42.3768,60.604672
719,59.0,58.399805999999984
3143,63.5652,61.27479299999996
3684,67.0966,59.33382499999997
1463,63.5652,64.40839
2429,68.8623,60.252425
2471,38.8454,62.303993999999996
3179,61.7995,53.70119399999995
3689,58.2681,66.38078299999998
575,45.9082,55.985759
1079,55.0,57.307097999999996
2129,61.7995,58.604888999999964
390,56.5024,55.32575899999996
517,67.0966,54.38720899999999
2681,63.5652,56.890832999999986
713,58.2681,56.627376000000034
1637,60.0338,55.80160499999997
1217,72.3937,56.032013999999975
2420,68.8623,56.289286999999995
2839,57.0,57.756466
97,63.5652,69.36442600000001
2202,81.2222,63.277447
418,37.0797,51.137402999999985
2455,68.8623,63.63571099999994
2477,38.8454,58.229963
2144,67.0966,58.73022599999999
195,52.971,68.71773699999999
882,60.0,56.80431499999999
2535,60.0338,59.27430899999996
427,58.2681,63.37952699999997
1923,59.0,59.472556
1611,61.7995,61.55505800000002
1157,58.2681,58.12715899999996
2364,68.8623,59.90399600000001
1763,59.0,55.35141299999997
1210,68.8623,62.97858399999999
2033,59.0,59.846413999999974
588,47.6739,52.81976899999998
1076,67.0,62.37182999999999
440,70.628,64.68005700000002
3059,75.9251,54.82597999999998
1064,62.0,60.393935
3099,74.15939999999999,60.41039699999998
2609,44.1425,55.089987999999984
1930,54.0,56.14952699999996
2170,63.5652,62.18947699999998
2986,61.0,61.511244
248,49.439600000000006,63.78969399999998
3786,52.971,60.216438999999994
2846,59.0,60.427913999999994
1106,51.2053,64.84563599999997
2451,63.5652,70.75995699999997
2221,75.9251,57.96817500000001
1143,52.971,68.29503100000002
2943,52.0,59.25803499999999
340,52.971,63.28346199999997
3904,63.0,62.407409
2458,67.0966,54.152860999999994
2482,58.2681,55.94409199999999
168,51.2053,66.41722999999998
3383,67.0966,55.75039899999998
128,51.2053,63.99126299999999
2575,65.3309,59.982038999999965
694,70.628,62.84783499999999
3764,47.6739,53.292015999999975
2120,42.3768,54.151700999999974
1618,63.5652,59.33791
1156,82.9879,61.04411499999995
3223,61.7995,67.27232899999998
3901,58.0,59.909851999999994
4008,59.0,61.164683999999994
4019,58.0,60.524848999999996
3524,54.7367,56.53264199999998
3940,61.0,59.710307
18,77.6908,64.90906599999998
1727,65.3309,55.109309999999965
3500,67.0966,59.710132
201,60.0338,62.31435699999997
3491,70.628,57.225398000000034
1907,56.0,56.971492000000005
1360,47.6739,61.759186999999955
3969,56.0,56.65999599999999
2671,52.971,58.203803999999984
2548,58.2681,60.61433399999998
1939,55.0,60.13859399999999
905,58.0,57.010987000000014
34,63.5652,57.84326999999998
223,52.971,59.85269199999999
1224,84.75359999999999,56.78225800000004
3440,47.6739,53.796726999999976
3937,61.0,63.114600999999986
2910,63.0,59.17595699999998
2836,62.0,62.419432999999984
2613,67.0966,64.86532299999998
4032,62.0,60.807217
1119,58.2681,61.119912999999954
2971,56.0,54.935793999999994
828,52.0,55.504344
343,60.0338,58.56460100000001
2814,55.0,56.178907
3004,58.0,57.41552699999997
925,65.0,63.873129999999954
320,58.2681,57.473440999999994
3880,58.2681,63.29264199999999
115,52.971,58.498875999999974
1857,62.0,62.065794
3653,60.0338,59.96343900000001
3670,54.7367,62.768948999999985
3270,74.15939999999999,60.234984999999995
3337,63.5652,60.981171000000025
1036,58.0,58.69497000000001
52,58.2681,61.19954999999996
3358,68.8623,56.13636399999998
3165,60.0338,65.10208499999997
75,70.628,61.19868200000003
1521,72.3937,62.858101999999974
1709,61.7995,55.25283799999999
3003,61.0,61.95834999999999
3208,58.2681,58.48469499999998
1498,44.1425,59.646629000000004
933,53.0,57.503783000000006
3284,52.971,63.58747399999999
170,68.8623,59.414888999999974
2200,58.2681,49.83131500000004
53,67.0966,64.94677099999996
3780,54.7367,61.11435699999997
239,54.7367,59.17356400000001
1148,47.6739,58.103078
27,45.9082,58.54720899999998
2462,49.439600000000006,60.48674799999996
786,64.0,67.39817699999999
232,63.5652,64.01338899999996
2752,56.5024,62.52947900000001
1081,60.0338,59.12356199999997
1778,59.0,58.104946999999996
2760,67.0966,57.738389999999974
3997,55.0,57.667678
817,49.439600000000006,58.765736000000004
1279,65.3309,62.20396899999998
2772,45.9082,60.499550000000006
2868,61.0,60.234173
759,59.0,61.314145999999994
3837,57.0,56.90381399999999
3529,68.8623,63.79558999999998
3147,56.5024,59.499527
3361,70.628,59.51447999999999
1693,70.628,63.490080000000006
1477,47.6739,54.879430999999975
851,65.0,63.058429
1146,65.3309,60.964405000000006
2524,51.2053,57.41916399999997
567,67.0966,58.93645799999996
1355,47.6739,61.848220999999974
3637,72.3937,52.36059100000001
1952,60.0,58.37262899999999
1577,51.2053,59.306703999999975
679,44.1425,50.936704
844,59.0,59.37569599999999
3790,51.2053,63.16819599999994
1427,56.5024,56.266966999999966
641,54.7367,56.43554399999999
276,67.0966,60.41894499999999
599,61.7995,63.971771999999994
4062,57.0,56.183907999999974
1515,52.971,59.03297999999999
2413,56.5024,60.372207999999944
3420,56.5024,63.43802899999998
2660,51.2053,59.40295899999999
3365,63.5652,54.966241
337,47.6739,56.41450299999999
2528,54.7367,53.214673999999974
1318,54.7367,63.220755999999945
3381,58.2681,60.05261900000001
313,49.439600000000006,54.633274
2819,60.0,61.803808
540,67.0966,54.45701700000001
144,61.7995,69.20730100000002
1444,58.2681,57.80508299999996
805,54.7367,55.618199999999995
2005,64.0,62.95620699999999
283,60.0338,58.39020299999999
1557,60.0338,64.91227899999998
1527,60.0338,63.033269999999995
3804,56.0,57.822796
773,60.0,62.72832899999997
2538,75.9251,58.35401899999998
1246,68.8623,58.66029899999996
1975,62.0,63.19554600000001
2327,49.439600000000006,60.18336599999995
707,49.439600000000006,62.15841499999996
1699,65.3309,59.06044499999999
2113,47.6739,64.21983799999998
1997,58.0,62.15856699999999
1112,52.971,63.594138
3366,60.0338,58.46938299999998
3821,56.5024,65.24846299999999
3429,54.7367,60.047377999999945
2438,56.5024,49.28341799999999
2280,60.0338,56.116578999999994
186,58.2681,68.084837
4130,58.0,57.310916000000006
1065,56.0,55.90758199999999
3447,45.9082,62.57590299999999
1630,51.2053,57.307859999999984
1582,51.2053,55.86300899999996
206,70.628,51.80749899999997
12,75.9251,72.031937
1324,65.3309,65.56778499999997
344,72.3937,59.813345
3546,70.628,51.035856999999986
2653,68.8623,58.217208999999976
2105,61.7995,61.17783899999999
3255,54.7367,55.09087900000002
1149,74.15939999999999,62.042785999999914
3442,49.439600000000006,62.18426100000001
3368,52.971,57.70105
3071,68.8623,57.93595099999999
2731,68.8623,59.458174999999976
2122,65.3309,55.79800600000001
1478,65.3309,55.18211199999997
3072,58.2681,54.11319899999993
1746,52.971,53.19327199999998
488,42.3768,56.232353999999965
2842,60.0,60.33958300000001
257,63.5652,63.39672299999996
190,51.2053,55.64860899999996
2864,62.0,62.07392299999998
2666,72.3937,60.609698
826,60.0,61.46521
4096,66.0,62.85334499999999
3049,54.0,57.14216799999999
556,61.7995,60.04216199999999
2384,45.9082,54.982257999999995
1870,52.971,59.67448000000001
3078,45.9082,61.55599899999997
2008,55.0,56.49554799999998
1031,56.0,56.395647999999994
246,68.8623,67.60889499999996
1092,82.9879,57.978152
3633,60.0338,54.46510799999997
498,51.2053,57.729599999999984
374,44.1425,55.32206399999995
1432,61.7995,66.843704
1294,51.2053,55.810468
3985,57.0,59.024560999999984
993,56.0,55.245551999999996
4113,58.0,59.84158800000001
1125,79.4565,64.34409
3393,51.2053,61.34911599999996
1415,61.7995,61.48774099999998
71,56.5024,59.113174000000015
3743,68.8623,60.17083099999995
46,82.9879,58.74549399999999
4047,63.0,60.52707299999998
200,61.7995,61.67660199999998
3789,57.0,57.798548000000004
4116,65.0,63.82260199999999
1497,51.2053,61.00435699999997
3813,67.0966,58.258489999999995
4128,58.0,58.248135000000005
149,58.2681,60.064573999999965
857,57.0,57.355573000000014
1187,63.5652,65.54058700000002
331,68.8623,61.52189299999997
287,63.5652,57.43849000000001
3963,53.0,56.097434
2250,61.7995,70.93556099999999
3335,58.2681,59.040878999999975
65,58.2681,63.153123999999956
3681,67.0966,61.544381999999985
4082,59.0,58.86028400000001
982,61.0,64.94957899999999
1383,47.6739,55.63542099999999
154,68.8623,61.40952699999996
3588,45.9082,58.88950599999998
1449,60.0338,62.76882599999995
3412,54.7367,59.696555999999966
2714,42.3768,61.04232699999998
492,60.0338,62.40392300000001
885,62.0,63.82412299999996
3564,63.5652,59.74262100000001
1966,59.0,58.54267299999998
3392,60.0338,51.95288599999995
3237,74.15939999999999,60.756699999999974
3984,61.0,66.19433800000003
3615,55.0,60.096821000000006
270,56.5024,58.29993799999998
3750,61.7995,57.443922999999984
3173,74.15939999999999,60.18107099999997
2104,67.0966,57.47996299999999
3930,57.0,57.05545200000002
4093,58.0,57.31044899999997
490,63.5652,60.988389999999946
1906,65.0,60.279317999999996
300,47.6739,60.520201000000014
2017,60.0,57.51076199999997
3919,56.0,57.18344699999998
635,42.3768,55.773753999999954
381,45.9082,50.65305499999997
3934,64.0,62.725689999999965
321,58.2681,62.34216000000001
3916,59.0,60.68115199999998
1872,60.0,60.705670999999995
1484,63.5652,59.61887399999995
850,58.0,55.80545400000002
3025,55.0,56.209586999999985
1158,51.2053,53.69288599999995
2659,56.5024,53.49428599999996
441,56.5024,59.956219999999945
4091,59.0,59.58477800000001
1564,51.2053,61.18310299999999
1070,58.0,57.36512
1500,72.3937,57.89133999999997
2287,52.971,61.62725499999995
997,54.0,61.741922
330,58.2681,59.25737799999999
1574,51.2053,56.07918900000001
2583,67.0966,57.69440499999997
1482,61.7995,57.25694199999996
994,55.0,58.29492200000001
1758,47.6739,59.30182399999997
1979,63.0,61.871877999999995
3125,77.6908,63.59621599999995
2325,67.0966,67.91186600000002
3559,52.971,58.977014999999966
3226,51.2053,54.70998799999998
1199,84.75359999999999,61.03232699999999
1407,84.75359999999999,64.45440499999997
3632,68.8623,63.32510400000002
3205,52.971,65.26234999999991
59,58.2681,62.10537099999998
78,47.6739,60.35232699999999
3691,56.5024,56.49940999999997
392,65.3309,58.93136299999996
743,56.0,62.04231199999998
2244,44.1425,62.60836499999996
563,49.439600000000006,55.15360999999995
3216,58.2681,60.71580699999998
1848,61.0,60.920601000000005
3541,67.0966,61.302499999999974
602,51.2053,62.86662899999993
853,55.0,56.41900100000001
3534,52.971,60.40629099999999
2394,49.439600000000006,67.34382299999996
522,60.0338,51.839914999999976
2333,54.7367,60.965297999999976
1832,58.0,59.13950999999998
1587,51.2053,61.62592799999997
582,70.628,62.97326999999998
3869,42.3768,56.48095399999998
1165,74.15939999999999,59.946292999999976
132,58.2681,58.96703799999997
336,60.0338,62.42450299999999
2586,54.7367,56.83283599999998
327,61.7995,60.674187999999965
1820,69.0,65.241951
1238,72.3937,57.80063699999998
4003,60.0,58.03279399999997
3131,68.8623,61.15329299999997
3136,70.628,59.68399399999992
529,61.7995,58.42699199999999
455,60.0338,62.25491199999998
1462,67.0966,55.45293399999997
1336,51.2053,58.274094
2447,42.3768,56.06967099999998
45,58.2681,59.123004999999985
3252,65.3309,61.941145999999975
2694,65.3309,54.34699199999997
2529,52.971,63.549090999999954
3380,70.628,64.36549400000001
2501,61.7995,57.94691899999998
4135,58.0,59.329531
412,58.2681,59.376169999999966
31,47.6739,60.463511999999994
2041,62.0,60.50803899999999
221,58.2681,51.120906
1925,61.0,61.691945
3995,56.0,62.059654
3086,63.5652,58.33740099999999
1390,40.6111,62.21073299999999
2741,62.0,61.269271999999994
2773,52.971,61.621699
505,70.628,63.259017999999976
2994,59.0,62.82310499999997
3810,58.2681,63.92851099999998
470,58.2681,56.41571099999997
3639,42.3768,58.016774999999996
3900,62.0,62.92849399999999
210,58.2681,58.52641199999999
3035,60.0,63.079187000000005
2900,55.0,57.037456999999996
6,65.3309,57.394911999999955
466,58.2681,57.69537299999998
311,70.628,62.54298199999998
2717,58.2681,57.897523999999954
2880,62.0,62.256876999999996
874,63.0,62.16115199999999
2860,58.0,54.609387
1266,61.7995,55.59329699999996
3395,72.3937,60.35711299999999
2385,60.0338,60.393317999999994
2562,52.971,64.58242299999996
858,61.0,60.89784099999997
212,56.5024,58.160831
477,65.3309,62.608848999999985
3688,58.2681,67.32167600000001
3327,52.971,70.587111
30,70.628,56.678078999999954
793,62.0,61.27253299999998
3914,58.0,57.882578999999986
3537,58.2681,56.341120999999994
634,56.0,57.70815200000001
3241,65.3309,56.00597599999998
3123,44.1425,58.32735299999999
1381,67.0966,63.835731999999965
1050,57.0,58.69204899999999
717,58.0,61.85660399999997
1377,72.3937,59.672015999999985
3530,51.2053,58.50409399999998
241,42.3768,62.143561999999974
3009,60.0,55.72878600000001
1296,67.0966,61.727930999999955
3671,58.2681,60.82575699999993
3505,63.5652,61.71797899999996
1579,58.2681,56.21585499999998
1288,58.2681,59.32513099999997
2967,60.0,64.11513699999998
948,56.0,56.4885
82,58.2681,54.22604899999998
277,58.2681,60.13515399999997
317,45.9082,54.286484999999985
1359,84.75359999999999,59.38467399999997
2757,59.0,57.95722099999999
768,54.0,56.57687899999997
2584,63.5652,60.107907999999945
630,44.1425,56.24656
881,55.0,58.520188
1614,65.3309,59.41445499999996
1731,62.0,57.41302999999999
2968,55.0,56.819804
1703,51.2053,61.28307799999997
2403,70.628,55.52651
2060,62.0,57.92789500000001
3857,57.0,57.23183000000001
1216,52.971,60.38037199999998
1904,58.0,57.05540599999998
3737,58.2681,60.86716099999998
4025,56.0,55.88803899999999
3451,47.6739,60.85039699999997
3587,56.5024,59.24032599999999
2366,47.6739,59.15868199999999
437,72.3937,59.68906999999999
2925,64.0,63.249316
1414,58.2681,65.424355
2271,56.5024,60.098679999999995
3108,52.971,61.15677699999998
3311,68.8623,56.15435899999995
2484,72.3937,56.869816999999976
2833,63.0,60.715312000000004
164,51.2053,63.562182999999976
1783,53.0,58.727646999999976
1636,42.3768,52.45124399999998
1115,63.5652,57.763947999999964
108,72.3937,60.80102300000001
1466,47.6739,60.74489099999997
3557,63.5652,54.98636399999999
258,65.3309,59.62426300000001
2468,47.6739,56.69136699999997
3190,61.7995,56.52049299999998
1926,63.0,64.07056799999998
3174,68.8623,63.13005699999998
2475,40.6111,58.54039899999999
730,58.0,56.204684
2785,45.9082,62.28119399999996
3340,51.2053,65.16338899999994
852,54.0,58.58605500000001
2365,52.971,55.20713599999995
4074,63.0,62.13059699999999
3481,52.971,64.21602199999997
354,45.9082,56.630346999999944
2588,45.9082,59.39587799999995
1837,65.0,58.47856499999998
1933,60.0,59.93272500000001
3377,68.8623,59.61817499999997
2398,45.9082,58.89783499999998
1586,51.2053,57.184164999999986
1074,61.0,59.763279999999995
2201,52.971,54.154865999999984
3253,58.2681,58.29665599999999
2431,60.0338,62.12177199999999
3644,60.0338,56.996795999999975
912,44.1425,60.47237699999999
2373,56.5024,55.30244999999998
1126,79.4565,55.57058899999999
2354,58.2681,56.964696999999994
1589,68.8623,61.324381999999986
1160,60.0338,64.61599699999992
2216,51.2053,63.55027399999998
587,58.2681,54.125325
1260,67.0966,61.14281099999994
3544,63.5652,63.56150699999996
839,61.0,60.03885699999998
4132,57.0,58.04088900000001
756,65.0,64.10298599999999
2568,47.6739,59.529453999999994
3109,63.5652,59.10829399999998
3799,54.0,57.140788999999984
3920,57.0,58.575987999999995
3711,51.2053,57.80938099999997
3276,67.0966,54.39525199999999
1256,52.971,59.003779000000016
1583,44.1425,53.23578399999997
4011,61.0,57.117529999999995
1388,54.7367,60.62421099999999
2383,67.0966,62.188268999999984
960,63.0,62.11386199999998
2389,67.0966,59.814671999999966
2443,42.3768,60.021917999999985
1212,58.2681,57.42460100000001
1578,51.2053,55.08390199999997
3870,51.2053,59.32457399999999
1750,56.0,57.65191999999995
1590,61.7995,60.97733
368,61.7995,58.440858
2030,59.0,58.568428999999995
2718,56.0,56.202531
1107,68.8623,57.38015499999999
848,56.0,61.56621999999997
3406,42.3768,62.899186999999976
2169,74.15939999999999,52.706145
2496,45.9082,57.229166000000006
1615,51.2053,62.773534999999946
2439,49.439600000000006,63.88036999999995
3342,54.7367,57.92783699999996
194,56.5024,57.58397099999998
1954,58.0,61.17697299999998
3312,68.8623,60.76960199999995
1304,47.6739,60.760177999999975
843,59.0,58.298664999999986
2639,52.971,62.418485999999994
1190,70.628,57.94058900000002
2638,56.5024,53.362086999999974
1015,57.0,54.67951399999998
2491,68.8623,63.007519999999985
3774,60.0338,62.56148199999996
1240,47.6739,55.88841499999996
189,54.7367,62.002931999999994
1214,67.0966,55.937375999999965
3178,67.0966,59.06916400000002
353,75.9251,57.88800599999996
2720,55.0,58.171103999999985
456,70.628,55.49032399999996
1838,58.2681,54.739405999999946
3144,52.971,56.76675000000001
1682,60.0338,64.55271299999998
1448,67.0966,55.06153399999997
506,56.5024,55.555854999999944
2303,58.2681,60.692766999999996
2195,72.3937,62.513148999999984
1819,65.0,62.87303399999997
3720,51.2053,63.59039499999994
2815,58.0,59.425643999999984
3885,56.5024,59.00440499999999
1989,57.0,60.141364999999986
3084,47.6739,58.60092699999995
346,70.628,67.66500799999999
3378,47.6739,57.065712999999995
495,68.8623,63.87474500000001
595,65.3309,66.93157799999996
1809,40.6111,52.960326000000016
2031,56.0,56.668328999999986
3339,61.7995,65.31128800000003
4041,56.0,57.259009
2057,60.0,58.44304
3573,52.971,53.664164999999976
63,60.0338,64.33749499999998
907,61.0,63.279096999999986
937,63.0,60.659218
2464,70.628,64.911096
274,63.5652,58.26025100000002
2802,62.0,58.197913999999976
1166,58.2681,56.90017800000003
1561,49.439600000000006,61.579188999999985
802,65.0,60.755984000000005
3787,75.9251,54.41629100000002
4104,62.0,58.102339
2218,74.15939999999999,57.47351199999997
1666,70.628,62.12793099999999
1343,74.15939999999999,63.05116899999997
240,35.314,63.15940599999999
2011,56.0,59.77330300000001
1644,67.0966,60.18001099999992
3282,58.2681,56.595832000000016
91,49.439600000000006,60.243005000000004
1491,56.5024,58.056245
1736,51.2053,57.138996999999975
2941,58.0,58.288160000000005
3945,67.0,60.382070000000006
2284,67.0966,61.510926999999946
1886,56.0,57.289537
3441,47.6739,65.37307599999997
463,74.15939999999999,55.653924999999965
3569,63.5652,58.76523100000002
3736,42.3768,57.39529999999999
3730,47.6739,56.362353999999975
2356,60.0338,56.274722000000004
1960,69.0,62.78801599999999
3574,52.971,62.96041999999998
1554,40.6111,57.43184499999996
2753,58.2681,54.27587999999998
3932,56.0,55.89700199999999
3952,63.0,61.53745699999999
1441,58.2681,65.24802699999998
304,114.7705,65.62607199999997
750,62.0,62.61637400000001
295,63.5652,54.80312799999997
2362,45.9082,51.70967499999997
658,58.0,58.205307999999995
1490,54.7367,61.650056999999975
3323,65.3309,54.76802899999996
3476,51.2053,55.18781199999999
1645,47.6739,59.20218700000002
2525,40.6111,53.6825
1122,45.9082,64.55899299999996
449,52.971,57.689940000000014
3107,54.7367,55.55520400000001
2886,45.9082,62.08836499999998
535,51.2053,60.18817699999997
2763,55.0,57.031975999999986
3698,52.971,58.12184699999999
2809,45.9082,63.35024899999998
3713,61.7995,58.15315099999997
528,65.3309,62.297181999999985
1136,61.7995,56.623077999999985
2580,45.9082,55.62266899999998
580,63.5652,54.88148399999998
591,45.9082,56.65076199999996
1643,82.9879,64.46515399999994
638,67.0966,68.84817099999997
469,61.7995,53.576121999999984
1830,66.0,63.231368999999994
236,52.971,55.984550999999975
2956,56.0,55.83729
1285,60.0338,62.671264999999956
776,54.0,54.46277299999999
3452,52.971,61.924237999999974
972,61.0,62.22849199999999
3953,56.0,61.87404799999997
