,y_test,prediction
159,52.971,61.79586479466866
1072,65.0,60.0285513765377
2816,62.0,60.60361427192313
758,58.0,55.974455022034604
347,70.628,64.17841566485136
900,60.0,57.1015023840889
3864,45.9082,57.28117352949904
433,72.3937,64.35236383273755
2962,60.0,59.85432796482536
3396,56.5024,61.18156252602705
2328,70.628,59.33375138344806
2870,64.0,56.98504195751902
2066,61.0,57.025579545054526
377,54.7367,59.311551738449374
3840,45.9082,58.648840287595725
3014,55.0,57.97579691182861
2784,44.1425,56.050834307140974
3246,67.0966,59.46382390824036
2282,44.1425,61.2010254770322
1242,70.628,60.82120957456099
3818,37.0797,58.91529067019378
2520,44.1425,59.76150634691491
1291,58.2681,65.07664738669177
2038,59.0,60.36904782667096
2486,68.8623,59.186471977307235
291,61.7995,61.92922731053557
2285,61.7995,60.60559269141448
3762,65.3309,62.24057586031141
1836,56.0,58.6127864291301
3800,45.9082,60.364788482446045
229,49.439600000000006,60.40373749479991
3539,63.5652,55.06469427869765
3485,56.5024,62.72357282977455
3283,65.3309,61.02845964930439
15,60.0338,60.35153368724913
2960,67.0,60.105122128413726
2559,70.628,63.99895888485563
2625,67.0966,55.805397708392306
2878,60.0,62.819238747267605
2246,54.7367,58.5063556427702
2097,65.0,65.50522026406699
3965,64.0,60.24338018263966
957,60.0,63.70643092620829
259,42.3768,56.25605325989865
859,60.0,61.65369862149499
942,57.0,57.15384382116524
784,64.0,61.25256570494381
72,56.5024,57.24715695085948
871,58.2681,58.17678303862415
3759,45.9082,58.946460965685255
603,45.9082,59.40185567242878
977,57.0,57.58944913139877
2460,52.971,56.40638345853347
8,49.439600000000006,62.61999682210544
2289,51.2053,57.25973222132028
465,51.2053,65.37179013346218
3353,60.0338,58.780075843647936
2782,61.0,67.16273618887415
3006,58.0,59.723938207547704
974,59.0,55.39485891455254
3873,52.971,61.392445521464204
3176,52.971,64.51859889468014
1046,54.0,58.44334549970275
1856,64.0,62.952551505841996
2521,37.0797,59.121056997225274
846,59.0,59.76649273792409
2115,90.05069999999999,64.10295977940605
3767,49.439600000000006,52.28754185927124
3423,33.5483,68.68517666048916
33,51.2053,55.44221021201573
1793,60.0,60.02298574552708
3460,60.0338,61.71790769255919
2976,60.0,57.23196566898882
3941,56.0,57.950800875476276
2112,58.2681,56.398550507092764
1955,68.0,62.81635211840132
2813,63.5652,61.45237689277061
3798,35.314,55.202682384746296
2111,51.2053,62.17962201582653
458,52.971,58.98796653036214
1180,81.2222,63.70354568521443
2034,58.0,58.583966861281944
2045,53.0,56.01787278357987
484,56.5024,58.99371726445203
2350,49.439600000000006,61.80600280274722
2441,49.439600000000006,62.617160760951656
796,63.0,60.645997360559605
2117,70.628,59.370340408383676
3899,51.2053,66.22358606985672
3666,81.2222,63.35208801284469
2626,51.2053,58.779126574061785
1408,52.971,59.07354764187264
2294,67.0966,59.544133227664176
435,45.9082,56.57785322399369
2631,56.5024,54.48972490864086
182,74.15939999999999,59.92858895455255
4027,61.0,60.31647746172131
2237,63.5652,63.1733954520961
3791,49.439600000000006,60.109673748508285
692,58.0,59.96980808411821
2320,52.971,58.663342836305574
3424,49.439600000000006,56.63513525106841
914,58.0,57.66817841510172
1812,67.0966,59.474568092721604
2929,57.0,59.79191220638637
513,60.0338,55.314311124175006
1862,63.5652,59.32413769761627
1896,53.0,59.681073400262406
2992,59.0,57.351287090726004
1962,56.0,59.25518286085916
2181,107.7077,58.83912032708256
1616,51.2053,54.0793670038081
2522,70.628,62.98108024861383
2668,51.2053,57.6865212614307
1058,61.0,60.26059424900295
608,61.7995,63.963902273471945
2551,45.9082,64.45472011572906
1816,58.2681,58.587760874719955
3316,65.3309,59.4706201770224
2966,63.0,61.806689631841365
1022,62.0,61.56938926129077
1108,67.0966,56.92929118120099
2703,56.5024,59.3452761368431
1737,56.5024,57.69796958592939
3461,52.971,63.209979460020236
2094,63.5652,56.28771894138133
1493,70.628,58.99970129355103
1965,60.0,60.1529471712884
2746,57.0,56.801477702245705
2222,61.7995,58.3243989463424
1681,56.5024,61.70920775738938
2425,67.0966,62.79685849219626
1811,58.0,58.12852652373227
3590,45.9082,59.586302358844264
3267,56.5024,60.99679837467901
1550,51.2053,62.86659830194796
3367,52.971,58.454059502257124
3828,61.0,62.18547966320414
1969,52.0,53.36524415809605
1366,58.2681,59.59003779252039
1024,61.0,58.57350222007899
214,60.0338,58.81199961801724
4125,60.0,58.935316563125525
2821,57.0,60.65040629933329
1483,42.3768,59.430828051944104
719,59.0,57.141303642176325
3143,63.5652,60.32718742838231
3684,67.0966,61.0153209652677
1463,63.5652,64.90144693014408
2429,68.8623,61.271936844900324
2471,38.8454,61.088093743800094
3179,61.7995,57.1471488855898
3689,58.2681,59.92294827185724
575,45.9082,58.709816229679234
1079,55.0,58.27245416451307
2129,61.7995,61.47889198509237
390,56.5024,57.67851943753144
517,67.0966,56.065181867592386
2681,63.5652,58.60426157509758
713,58.2681,58.76157372664976
1637,60.0338,57.2970639739527
1217,72.3937,59.259342226419356
2420,68.8623,57.71850954417398
2839,57.0,59.51912685546732
97,63.5652,62.74604282566764
2202,81.2222,61.92259610512366
418,37.0797,53.296178442328596
2455,68.8623,63.399438395970215
2477,38.8454,55.94778237959595
2144,67.0966,60.59611559342969
195,52.971,61.879525265473355
882,60.0,57.84479171067818
2535,60.0338,60.59482115062253
427,58.2681,64.09190525811442
1923,59.0,58.788185152733035
1611,61.7995,61.8389455558493
1157,58.2681,59.79894402492093
2364,68.8623,57.90368374861194
1763,59.0,56.64453726464821
1210,68.8623,61.057764862549654
2033,59.0,64.5499954922653
588,47.6739,55.79974908882164
1076,67.0,61.30503507415696
440,70.628,64.16003285675158
3059,75.9251,56.831969465425885
1064,62.0,58.45520939648646
3099,74.15939999999999,61.37684341046732
2609,44.1425,57.48351370645844
1930,54.0,56.121694097045804
2170,63.5652,66.2798618196779
2986,61.0,62.80466466884734
248,49.439600000000006,60.83826154802013
3786,52.971,61.566405725649375
2846,59.0,59.54107820225171
1106,51.2053,61.04850503640485
2451,63.5652,60.800960284995334
2221,75.9251,55.93280651430471
1143,52.971,63.63964420652668
2943,52.0,61.63936986153048
340,52.971,59.14684604208466
3904,63.0,60.788366235655474
2458,67.0966,56.81955011888501
2482,58.2681,56.23195948320881
168,51.2053,62.01267466126362
3383,67.0966,57.60326795483549
128,51.2053,62.5838472946329
2575,65.3309,64.25133490075152
694,70.628,61.694861006806356
3764,47.6739,55.36765480514506
2120,42.3768,57.75373362184955
1618,63.5652,58.24726873681351
1156,82.9879,61.95342406365627
3223,61.7995,64.65378444400261
3901,58.0,61.85337242181924
4008,59.0,59.99955760067345
4019,58.0,62.18213727357899
3524,54.7367,58.457491117294175
3940,61.0,59.29890285804605
18,77.6908,62.93214908412777
1727,65.3309,55.02243718728923
3500,67.0966,67.82332117905578
201,60.0338,59.2465099107671
3491,70.628,56.65267712580062
1907,56.0,58.36764169291757
1360,47.6739,58.44873568482072
3969,56.0,57.54648415689888
2671,52.971,56.86184367224553
2548,58.2681,60.58494084328122
1939,55.0,59.34049686148252
905,58.0,60.28557547388631
34,63.5652,59.83920297360236
223,52.971,60.11596384900323
1224,84.75359999999999,59.46645294443226
3440,47.6739,55.19526285164392
3937,61.0,64.44928642134161
2910,63.0,60.161855620015736
2836,62.0,63.63645001579194
2613,67.0966,64.58256490234844
4032,62.0,58.51049003057191
1119,58.2681,60.792961513800684
2971,56.0,53.74385852927259
828,52.0,53.3960875902013
343,60.0338,59.75311548621347
2814,55.0,60.06336213601697
3004,58.0,56.978932921385486
925,65.0,63.2686289837619
320,58.2681,57.71615223672988
3880,58.2681,59.40354391553573
115,52.971,60.14223337705998
1857,62.0,57.33306263070993
3653,60.0338,59.735739624524754
3670,54.7367,61.46972012416048
3270,74.15939999999999,59.83813641570146
3337,63.5652,59.9597113231144
1036,58.0,59.53423550192878
52,58.2681,62.299761121299774
3358,68.8623,59.29951840437043
3165,60.0338,60.89791701450707
75,70.628,58.448393355103526
1521,72.3937,58.258409099651885
1709,61.7995,57.77510045437325
3003,61.0,63.33013493757084
3208,58.2681,57.541119052111505
1498,44.1425,55.20310751749858
933,53.0,59.14552370704337
3284,52.971,60.26525284886424
170,68.8623,56.39158934489615
2200,58.2681,58.131678366998244
53,67.0966,59.81945483097396
3780,54.7367,60.937596741504564
239,54.7367,57.8233935289518
1148,47.6739,58.633047276555075
27,45.9082,58.25645277865492
2462,49.439600000000006,58.07393263648784
786,64.0,65.03353665607925
232,63.5652,61.63605694532056
2752,56.5024,64.20461819554801
1081,60.0338,59.245848480149874
1778,59.0,58.02780817013287
2760,67.0966,59.31148987133051
3997,55.0,58.95548912133712
817,49.439600000000006,57.41128943498729
1279,65.3309,60.61642403745331
2772,45.9082,61.8961300588313
2868,61.0,61.57747670364019
759,59.0,60.03855752425028
3837,57.0,55.70992340423011
3529,68.8623,62.41854539978759
3147,56.5024,59.60092811921215
3361,70.628,58.38375692141511
1693,70.628,60.94148019065578
1477,47.6739,57.95571963371067
851,65.0,59.52425768995838
1146,65.3309,61.30040020852628
2524,51.2053,58.13738810143618
567,67.0966,60.15073733727111
1355,47.6739,61.34017423579733
3637,72.3937,55.135662783433766
1952,60.0,60.495707772799584
1577,51.2053,59.42317251782684
679,44.1425,54.58114059086534
844,59.0,57.62861321992351
3790,51.2053,62.3163651612273
1427,56.5024,61.43005321025407
641,54.7367,56.28091421908395
276,67.0966,62.69678216152105
599,61.7995,64.46626418964483
4062,57.0,58.62229399952926
1515,52.971,59.158524021440044
2413,56.5024,56.20621423872423
3420,56.5024,62.5275950633001
2660,51.2053,59.698463794613296
3365,63.5652,58.41240591024612
337,47.6739,58.26836428304158
2528,54.7367,56.19370307891309
1318,54.7367,62.24618825049966
3381,58.2681,60.33583977353213
313,49.439600000000006,58.39191685107755
2819,60.0,62.482041494442335
540,67.0966,58.528084296719186
144,61.7995,63.768682242296975
1444,58.2681,59.51287372342562
805,54.7367,57.174133071665764
2005,64.0,58.487338007009114
283,60.0338,56.24199251241281
1557,60.0338,63.73393096052341
1527,60.0338,61.040860144457966
3804,56.0,57.01209887796651
773,60.0,60.9287365916435
2538,75.9251,60.72008796440987
1246,68.8623,62.12957111136548
1975,62.0,62.30406144290482
2327,49.439600000000006,61.79599470306237
707,49.439600000000006,63.121036399927334
1699,65.3309,59.97020185642807
2113,47.6739,63.067600843855864
1997,58.0,63.48730487140298
1112,52.971,62.41810496504982
3366,60.0338,57.053998589602536
3821,56.5024,61.21673663865716
3429,54.7367,59.65040956222981
2438,56.5024,54.452366108104826
2280,60.0338,60.727303507948285
186,58.2681,64.1109264414199
4130,58.0,57.55365806283287
1065,56.0,58.95354222503359
3447,45.9082,59.49443626882592
1630,51.2053,57.97914200227481
1582,51.2053,57.14110686282424
206,70.628,54.96878329722795
12,75.9251,65.9305404306334
1324,65.3309,62.19026924556171
344,72.3937,59.73642708991287
3546,70.628,56.44032708220311
2653,68.8623,56.752926862429874
2105,61.7995,62.49955291711351
3255,54.7367,60.70934718470254
1149,74.15939999999999,60.23721123480885
3442,49.439600000000006,60.48712741933025
3368,52.971,57.52097312481955
3071,68.8623,58.8012723884758
2731,68.8623,55.13230580858074
2122,65.3309,56.38922576180555
1478,65.3309,58.7979270505907
3072,58.2681,56.47525532681799
1746,52.971,56.362234682221704
488,42.3768,60.59294141420973
2842,60.0,58.542594567270356
257,63.5652,62.74943990817154
190,51.2053,59.24603367629999
2864,62.0,62.030947134700845
2666,72.3937,58.56743362876845
826,60.0,61.44929324494928
4096,66.0,62.80707197455412
3049,54.0,57.56915395421402
556,61.7995,60.762861424289596
2384,45.9082,55.690137116081985
1870,52.971,58.31081728767895
3078,45.9082,61.355301825178664
2008,55.0,58.536120651300884
1031,56.0,58.23703726227557
246,68.8623,63.84957745629548
1092,82.9879,60.08525866613059
3633,60.0338,57.108135754171826
498,51.2053,58.07079518560842
374,44.1425,56.347745801966965
1432,61.7995,65.3987368133612
1294,51.2053,59.316802670040104
3985,57.0,59.10501992067089
993,56.0,56.69231303105532
4113,58.0,58.05713238701483
1125,79.4565,57.13340229250171
3393,51.2053,62.32609033818839
1415,61.7995,60.82607738012902
71,56.5024,56.22448909672427
3743,68.8623,59.392493621465405
46,82.9879,59.78866626639365
4047,63.0,56.381728875012286
200,61.7995,62.31467435760143
3789,57.0,56.949191341802425
4116,65.0,61.5775710049583
1497,51.2053,60.5083543920346
3813,67.0966,57.39084663562544
4128,58.0,61.91242276393682
149,58.2681,62.48338629738694
857,57.0,57.54779038878014
1187,63.5652,61.997242966549315
331,68.8623,59.43310538673438
287,63.5652,60.38972436517342
3963,53.0,57.50088980558323
2250,61.7995,62.052793391582526
3335,58.2681,58.26107973192841
65,58.2681,63.25767102718751
3681,67.0966,56.709640004713066
4082,59.0,59.109279356315
982,61.0,64.25776599271781
1383,47.6739,58.785287616773346
154,68.8623,62.97512689916888
3588,45.9082,58.49395399436054
1449,60.0338,60.32090671412063
3412,54.7367,60.889226509349704
2714,42.3768,61.54032337654371
492,60.0338,64.56282465014817
885,62.0,62.35728305444169
3564,63.5652,60.305791835903975
1966,59.0,57.82696835508302
3392,60.0338,53.480853041098385
3237,74.15939999999999,59.40973070540139
3984,61.0,59.84837276484954
3615,55.0,57.72874151088048
270,56.5024,61.145654189406514
3750,61.7995,58.13915094595218
3173,74.15939999999999,60.820539217877744
2104,67.0966,55.01198475329529
3930,57.0,57.48230410421212
4093,58.0,59.683391133768716
490,63.5652,59.15048867329975
1906,65.0,59.26685953400415
300,47.6739,59.386236256390355
2017,60.0,60.60321513507663
3919,56.0,57.91998452007012
635,42.3768,58.09913587025833
381,45.9082,53.55413910858245
3934,64.0,60.69134468136933
321,58.2681,59.88709013116743
3916,59.0,60.60348408118201
1872,60.0,59.23139278693179
1484,63.5652,58.601269102149494
850,58.0,58.44119767980741
3025,55.0,57.53422371065194
1158,51.2053,56.94163141094644
2659,56.5024,55.61207091903939
441,56.5024,58.913931196312824
4091,59.0,58.367845385348424
1564,51.2053,59.194382518093676
1070,58.0,56.53473235453273
1500,72.3937,57.46261696645598
2287,52.971,59.591265018255214
997,54.0,62.92650779530525
330,58.2681,57.85840246350048
1574,51.2053,57.21179695914081
2583,67.0966,62.092816856646564
1482,61.7995,61.53234644489853
994,55.0,60.465025187022036
1758,47.6739,59.673118540950995
1979,63.0,60.4750159052967
3125,77.6908,65.54485717934111
2325,67.0966,63.72855770150476
3559,52.971,60.005740665999696
3226,51.2053,56.51181126123783
1199,84.75359999999999,60.82892388951648
1407,84.75359999999999,61.88900348453478
3632,68.8623,64.96647190974642
3205,52.971,64.31395101891177
59,58.2681,61.10823213479909
78,47.6739,60.989486887863194
3691,56.5024,55.496118086643726
392,65.3309,60.24624188894858
743,56.0,59.42240158417185
2244,44.1425,59.96768414949901
563,49.439600000000006,56.26578458781822
3216,58.2681,59.87523155060082
1848,61.0,59.94888205867753
3541,67.0966,57.48315993398216
602,51.2053,59.2003006954073
853,55.0,56.53818521972569
3534,52.971,58.00498851658161
2394,49.439600000000006,62.591696906186236
522,60.0338,57.057202067109785
2333,54.7367,59.843698693451095
1832,58.0,59.78363356763018
1587,51.2053,60.7904776728956
582,70.628,59.7798197801946
3869,42.3768,54.074624736612535
1165,74.15939999999999,64.2997935426007
132,58.2681,58.18290272542517
336,60.0338,62.07613319209305
2586,54.7367,56.64040723891221
327,61.7995,58.405505071587385
1820,69.0,61.36500863382146
1238,72.3937,58.818047637526504
4003,60.0,57.40869488661241
3131,68.8623,59.05301199709328
3136,70.628,60.347220590998454
529,61.7995,59.764677293447356
455,60.0338,61.58184492803774
1462,67.0966,56.749425085331964
1336,51.2053,57.48778218079755
2447,42.3768,61.76988226654068
45,58.2681,55.49990777434779
3252,65.3309,62.00712235097044
2694,65.3309,56.822174359079476
2529,52.971,58.03558116037702
3380,70.628,70.07451758642071
2501,61.7995,58.58306758134443
4135,58.0,61.34231897874945
412,58.2681,59.99139927590986
31,47.6739,57.42590839264196
2041,62.0,59.01431156218192
221,58.2681,56.7118082127882
1925,61.0,63.49480955009671
3995,56.0,62.070812055077624
3086,63.5652,59.451552487464085
1390,40.6111,58.73738240829548
2741,62.0,59.16972834017956
2773,52.971,59.86923266125905
505,70.628,61.06547099936873
2994,59.0,65.5634563124049
3810,58.2681,57.15631727904562
470,58.2681,60.946263591699676
3639,42.3768,59.39175831362563
3900,62.0,64.7391294982952
210,58.2681,57.856451415343635
3035,60.0,62.780869083270055
2900,55.0,60.13337430000919
6,65.3309,61.57238221040921
466,58.2681,57.5530927647725
311,70.628,60.95318087651518
2717,58.2681,57.79527690159236
2880,62.0,61.61505518140446
874,63.0,61.76083137474496
2860,58.0,55.139683789659294
1266,61.7995,56.87248395564395
3395,72.3937,59.6035850027999
2385,60.0338,62.127002796790855
2562,52.971,62.812253357340595
858,61.0,61.28376314082115
212,56.5024,59.37795457676052
477,65.3309,62.406804501046516
3688,58.2681,62.23774813948409
3327,52.971,65.1533771293033
30,70.628,58.89437990962016
793,62.0,58.812954829507824
3914,58.0,58.5037610947245
3537,58.2681,57.31426473778158
634,56.0,57.720051544016286
3241,65.3309,59.63128105881242
3123,44.1425,59.47730243743371
1381,67.0966,62.56938634543304
1050,57.0,57.043829735125584
717,58.0,61.635974351949116
1377,72.3937,55.63063456812091
3530,51.2053,57.13701783200515
241,42.3768,61.146377343120676
3009,60.0,58.24233267596664
1296,67.0966,56.841347921299
3671,58.2681,58.919380587727474
3505,63.5652,58.75558332540195
1579,58.2681,58.71839846884432
1288,58.2681,59.213594373720085
2967,60.0,62.016731936336505
948,56.0,59.90400536469083
82,58.2681,60.02300538411739
277,58.2681,60.292831790923074
317,45.9082,54.74207731887855
1359,84.75359999999999,60.86162078319716
2757,59.0,56.071109018005004
768,54.0,59.73535305275877
2584,63.5652,58.517009116464926
630,44.1425,54.03235702296318
881,55.0,59.09925269456496
1614,65.3309,54.63564009331199
1731,62.0,58.96843560047988
2968,55.0,59.05932721736146
1703,51.2053,58.78809057955535
2403,70.628,58.40915514750428
2060,62.0,59.48646817856738
3857,57.0,59.51310395815454
1216,52.971,60.14476383990766
1904,58.0,59.383505023375406
3737,58.2681,62.64115831621226
4025,56.0,56.56156711499908
3451,47.6739,59.72992721751697
3587,56.5024,57.823461675816795
2366,47.6739,59.36685932363429
437,72.3937,59.01943424600002
2925,64.0,62.058730319296984
1414,58.2681,61.42927741980031
2271,56.5024,56.82143054666396
3108,52.971,60.91877483028955
3311,68.8623,57.06464706633622
2484,72.3937,59.24669471366539
2833,63.0,57.327316133283205
164,51.2053,61.75903572408548
1783,53.0,59.6915507662032
1636,42.3768,55.02140801430454
1115,63.5652,59.709738180585845
108,72.3937,58.94845118475113
1466,47.6739,61.30938961976853
3557,63.5652,57.864544460534134
258,65.3309,60.56213633135689
2468,47.6739,54.131760290317644
3190,61.7995,59.65735302153031
1926,63.0,64.1019028444943
3174,68.8623,60.03758768643461
2475,40.6111,60.14717770016899
730,58.0,57.187526076111595
2785,45.9082,60.157200776496154
3340,51.2053,64.01740761207478
852,54.0,60.29755434852706
2365,52.971,59.990107597374056
4074,63.0,60.65600414400416
3481,52.971,61.005053414329204
354,45.9082,59.42791318672502
2588,45.9082,60.33175420340591
1837,65.0,60.29327599769177
1933,60.0,58.37876603058108
3377,68.8623,57.05973164981974
2398,45.9082,59.180900568705795
1586,51.2053,56.44320028983869
1074,61.0,58.64318725004525
2201,52.971,57.1924198229272
3253,58.2681,55.47650263959583
2431,60.0338,60.76884409415634
3644,60.0338,59.85835427937937
912,44.1425,60.03745537722817
2373,56.5024,59.36694659753274
1126,79.4565,57.986598208121826
2354,58.2681,57.73552486182099
1589,68.8623,60.40108376429977
1160,60.0338,63.57162375875889
2216,51.2053,61.65514968064589
587,58.2681,56.51833539595145
1260,67.0966,60.08095464582504
3544,63.5652,60.46385669832053
839,61.0,61.28479004581198
4132,57.0,57.31691714675186
756,65.0,62.515157914691
2568,47.6739,58.64089576966849
3109,63.5652,60.295540549289115
3799,54.0,58.4719261167396
3920,57.0,58.85172276794219
3711,51.2053,58.98332456018845
3276,67.0966,57.15612006720417
1256,52.971,59.87737341910439
1583,44.1425,57.69298497611511
4011,61.0,59.39960429806459
1388,54.7367,59.75501759323999
2383,67.0966,64.50087303676624
960,63.0,59.72751627187696
2389,67.0966,61.932412688075374
2443,42.3768,57.64594991191264
1212,58.2681,58.567864038233886
1578,51.2053,55.33872265478946
3870,51.2053,60.77774528551558
1750,56.0,55.710831115697395
1590,61.7995,62.27995597301256
368,61.7995,58.32043454747687
2030,59.0,56.2817117758964
2718,56.0,57.719419842669275
1107,68.8623,58.76396229866457
848,56.0,56.267826889597174
3406,42.3768,63.61169768128614
2169,74.15939999999999,59.78997122895885
2496,45.9082,57.922635760367605
1615,51.2053,62.667423357369
2439,49.439600000000006,61.2682655900005
3342,54.7367,59.61386234708296
194,56.5024,58.39902490058162
1954,58.0,58.78790444993566
3312,68.8623,62.58111990436061
1304,47.6739,57.73036927659933
843,59.0,58.011471314512185
2639,52.971,58.88634331073293
1190,70.628,60.607444591387654
2638,56.5024,56.971941842695465
1015,57.0,55.77044919729726
2491,68.8623,64.30839922127045
3774,60.0338,61.19232712217246
1240,47.6739,58.56965392753615
189,54.7367,61.93452562924295
1214,67.0966,59.58480943451539
3178,67.0966,57.722337845295236
353,75.9251,60.5543138850026
2720,55.0,58.81302227841081
456,70.628,58.96526953775224
1838,58.2681,58.23698006270334
3144,52.971,58.80853462903487
1682,60.0338,61.2051621177061
1448,67.0966,53.63450204404449
506,56.5024,54.98694298784895
2303,58.2681,62.127827353948824
2195,72.3937,61.16329615621602
1819,65.0,60.656660207250056
3720,51.2053,61.30424865088874
2815,58.0,61.184182410398236
3885,56.5024,60.56615298797232
1989,57.0,59.46344877931077
3084,47.6739,60.235102948333854
346,70.628,64.68671346758671
3378,47.6739,60.39742236761179
495,68.8623,57.241047709019924
595,65.3309,62.450333627638585
1809,40.6111,55.67122104623794
2031,56.0,57.89617700274509
3339,61.7995,63.06104388810601
4041,56.0,56.196116180006854
2057,60.0,57.17746034796756
3573,52.971,54.2009478871193
63,60.0338,62.25834407468787
907,61.0,61.508650476428265
937,63.0,62.965436316201824
2464,70.628,61.79333674264552
274,63.5652,56.63310164824877
2802,62.0,60.13069688626448
1166,58.2681,58.52189403415875
1561,49.439600000000006,56.543850969828654
802,65.0,57.9782520250614
3787,75.9251,56.99668906705203
4104,62.0,58.423419054447216
2218,74.15939999999999,58.45880896045372
1666,70.628,60.81396759528673
1343,74.15939999999999,64.87712843939994
240,35.314,61.890885322107124
2011,56.0,58.0343761618556
1644,67.0966,62.34864165710839
3282,58.2681,58.12001454297923
91,49.439600000000006,59.81701308935748
1491,56.5024,58.05067593680722
1736,51.2053,56.40639800908309
2941,58.0,58.120731883577676
3945,67.0,60.94794042003889
2284,67.0966,59.482682748901844
1886,56.0,56.83557054353672
3441,47.6739,61.423817065540646
463,74.15939999999999,56.31797281041494
3569,63.5652,60.62557526170629
3736,42.3768,58.93185680641775
3730,47.6739,58.24019823005218
2356,60.0338,54.81438358089443
1960,69.0,61.66755582758665
3574,52.971,62.77256382407727
1554,40.6111,59.00947000907296
2753,58.2681,58.20914142382967
3932,56.0,58.492529511449575
3952,63.0,61.188482128534275
1441,58.2681,62.0195879031934
304,114.7705,62.00232627547263
750,62.0,61.136097424390144
295,63.5652,55.83555390675379
2362,45.9082,55.993877607747066
658,58.0,56.87560395106012
1490,54.7367,59.847675101620425
3323,65.3309,59.7062316052334
3476,51.2053,57.575154662787405
1645,47.6739,55.13225813643736
2525,40.6111,56.41726489329562
1122,45.9082,61.267730559090175
449,52.971,58.734867469026725
3107,54.7367,56.779086122661234
2886,45.9082,58.805467265312586
535,51.2053,58.01688226266658
2763,55.0,59.08151574695614
3698,52.971,59.158805163196696
2809,45.9082,60.65192772720793
3713,61.7995,59.48345938722146
528,65.3309,63.90244288006636
1136,61.7995,57.617221810931696
2580,45.9082,57.2841636285448
580,63.5652,55.90247112615078
591,45.9082,58.07929235228845
1643,82.9879,63.112380014331265
638,67.0966,59.87345979828878
469,61.7995,57.17513025475998
1830,66.0,61.88006470630812
236,52.971,55.908743393172955
2956,56.0,57.87353700346524
1285,60.0338,60.43774425650615
776,54.0,56.19869009304813
3452,52.971,59.52553396425947
972,61.0,63.25548147020909
3953,56.0,62.08458370150602
