,y_test,prediction
612,8.0,7.97
767,9.0,9.29
3191,11.0,9.9
1017,11.0,9.5
2553,7.0,7.81
2328,11.0,10.83
695,9.0,8.04
332,10.0,8.307
168,8.0,8.09
1051,8.0,8.25
3627,9.0,9.35
872,7.0,8.95
111,9.0,9.19
1862,9.0,9.11
3741,8.0,7.67
151,11.0,10.12
1516,7.0,7.76
304,15.0,11.85
3758,8.0,8.08
2413,8.0,8.16
1619,6.0,6.3
1935,8.0,8.13
182,10.0,9.9
33,8.0,7.9
2855,11.0,10.01
2302,11.0,10.26
1625,9.0,8.74
2247,11.0,11.12
1044,11.0,10.01
3688,8.0,8.18
566,10.0,9.36
1766,7.0,7.74
3532,10.0,9.78
1035,9.0,8.19
1759,9.0,8.72
1281,8.0,7.95
232,9.0,8.81
3488,10.0,10.22
1183,10.0,10.3
3265,10.0,9.01
3667,8.0,9.217
3925,6.0,6.13
1192,9.0,9.6
3299,7.0,7.59
3286,9.0,9.51
98,9.0,8.8
512,7.0,7.32
1206,8.0,7.96
2467,8.7,9.25
3586,10.0,10.52
2975,6.0,6.42
1532,6.0,6.2
134,8.0,7.9
884,11.0,10.05
538,10.0,10.37
2055,9.0,8.44
2416,7.0,7.47
3199,9.0,8.66
2518,9.0,9.41
312,8.0,8.14
1058,9.0,8.84
2444,9.0,9.53
315,9.0,8.88
2283,8.0,8.565
3991,10.0,9.39
2495,9.0,9.3
2237,9.0,8.95
817,7.0,7.33
3441,8.0,8.125
2970,6.0,6.97
2665,8.0,7.96
1912,6.0,6.6
199,10.0,9.9
373,8.0,7.68
2725,10.0,9.29
992,8.0,8.4
2391,9.0,8.69
2758,9.0,8.8
3081,9.0,9.38
2231,9.0,9.21
3911,8.0,8.375
1241,7.0,7.04
321,8.0,8.49
2972,9.0,8.32
187,6.0,6.48
3910,6.0,6.36
3913,7.0,7.5729999999999995
471,8.0,7.48
3774,8.0,8.297
2611,8.0,7.94
1820,6.0,6.58
322,9.0,8.89
1129,10.0,10.71
1576,5.0,5.93
1531,11.0,9.27
896,7.0,7.1
1537,9.0,8.59
3423,8.0,7.29
4137,7.0,7.4
3874,11.0,10.38
2593,8.0,7.575
3998,11.0,10.06
1182,12.0,10.93
424,12.0,11.05
948,7.0,7.0
2811,11.0,10.31
1081,10.0,8.79
2113,8.0,7.53
2998,7.0,7.68
3221,10.0,9.66
71,10.0,9.43
2320,8.0,8.03
968,8.0,8.35
214,10.0,9.57
1283,7.0,7.67
1001,10.0,9.91
1792,11.0,9.82
4062,8.0,8.017000000000001
1318,8.0,8.39
14,9.0,9.41
894,8.0,7.94
1198,8.0,9.98
1133,10.0,9.18
1444,10.0,9.92
275,7.0,7.3
549,9.0,8.8
1369,10.0,10.21
8,8.0,8.18
1246,9.0,8.71
1944,7.0,7.58
3328,8.0,8.71
3122,11.0,9.37
833,8.0,8.45
1937,9.0,8.32
2383,10.0,10.56
2117,9.0,9.93
3865,8.0,8.84
1251,10.0,10.09
255,10.0,10.04
1877,7.0,7.695
2984,7.0,7.6370000000000005
302,9.0,9.5
770,10.0,9.88
555,11.0,9.7
3079,10.0,9.42
4125,8.0,8.21
3001,9.0,8.93
2980,8.0,8.12
4132,7.0,7.49
2769,10.0,9.13
2476,10.0,9.37
32,9.0,8.61
2417,11.0,10.41
1609,9.0,9.6
2548,9.0,8.75
2675,10.0,9.55
1637,10.0,9.67
4129,6.0,6.63
3084,9.0,8.49
3517,8.0,8.92
1196,10.0,9.91
1677,9.0,9.01
3742,9.0,8.007
580,10.0,9.43
3169,8.0,8.17
1871,9.0,9.06
3672,8.0,8.65
448,9.0,8.59
2690,9.0,8.61
2340,10.0,9.67
2402,10.0,10.29
3992,7.0,6.63
2329,10.0,10.03
2569,5.0,6.22
3941,8.0,7.94
481,7.0,6.74
922,9.0,8.94
1716,7.0,7.55
826,7.0,7.4
2356,7.0,7.575
1286,10.0,10.64
475,7.0,7.15
3546,8.0,7.945
3553,9.0,8.59
3238,9.0,9.08
325,9.0,8.87
733,8.0,8.75
3082,9.0,9.67
43,7.0,8.96
853,11.0,8.97
1534,7.0,7.34
1340,9.0,8.695
1296,7.0,7.76
3261,10.0,10.84
411,11.0,11.1
2742,6.0,8.59
2782,10.0,9.32
1889,7.0,8.0
2656,9.0,9.89
3893,7.0,7.55
3461,8.0,7.29
3947,8.0,8.82
1856,9.0,7.780999999999999
2544,7.0,7.4
1867,9.0,9.82
3315,7.0,7.46
2423,11.0,9.95
17,8.0,9.17
2909,8.0,8.145
609,9.0,8.58
4047,7.0,7.33
3217,12.0,10.9
1563,9.0,9.11
761,7.0,7.52
4084,7.0,7.645
1092,11.0,11.01
2864,8.0,8.28
693,7.0,6.89
3056,9.0,8.28
2212,9.0,8.93
467,9.0,9.14
2242,11.0,9.41
3509,10.0,9.84
3649,7.0,7.79
3437,9.0,9.035
2123,10.0,9.45
473,7.0,7.4
1745,9.0,9.7
1450,9.0,9.53
3578,11.0,9.67
3132,9.0,9.26
2473,7.0,6.04
3568,5.0,6.29
2465,13.0,10.94
668,10.0,9.11
1303,9.0,9.21
3539,9.0,8.3
208,8.0,8.1
2730,8.0,8.945
2693,7.0,6.82
918,7.0,7.39
3889,8.0,7.86
1953,8.0,7.85
2361,8.0,7.99
1165,9.0,9.42
500,6.0,5.93
953,10.0,9.25
1508,10.0,9.06
1617,14.0,8.55
1022,6.0,6.53
2897,8.0,9.23
1591,10.0,10.02
980,8.0,8.45
3677,7.0,8.06
2326,7.0,7.54
3244,11.0,10.11
95,8.0,8.04
2452,10.0,9.85
23,11.0,10.54
1006,8.0,7.95
2484,9.0,8.49
3460,10.0,9.76
1773,6.0,6.7
1323,9.0,9.045
576,13.0,11.02
2107,11.0,11.3
3339,9.0,8.82
1442,8.0,8.23
4046,10.0,9.08
1898,10.0,9.105
3053,8.0,9.54
2555,8.0,8.21
1115,9.0,9.18
1233,9.0,8.07
1901,7.0,7.263999999999999
1136,10.0,10.15
101,9.0,8.754000000000001
442,5.0,4.73
2162,10.0,9.14
3656,8.0,8.505
1313,9.0,9.12
4095,6.0,7.13
122,10.0,9.09
846,6.0,6.6
1527,9.0,8.84
158,9.0,9.25
2075,7.0,7.14
2370,8.0,8.7
1284,9.0,8.53
3558,7.0,7.31
3935,11.0,8.77
2248,9.0,10.45
2915,10.0,9.82
244,9.0,9.12
1085,9.0,9.28
1845,7.0,7.151999999999999
2183,7.0,7.64
1074,8.0,7.91
3030,6.0,6.71
2859,10.0,9.435
1570,8.0,8.32
3908,9.0,8.72
2759,7.0,7.7829999999999995
3406,10.0,7.832999999999999
2778,6.0,5.94
2369,8.0,8.69
1403,9.0,8.18
2046,9.0,9.165
903,9.0,9.49
607,8.0,7.92
3763,10.0,8.99
180,12.0,11.05
3457,10.0,9.81
2931,10.0,9.05
2272,7.0,7.34
51,8.0,7.83
1608,7.0,6.77
2635,10.0,9.37
74,11.0,10.96
1248,9.0,8.76
2124,10.0,9.43
3394,9.0,9.44
1230,11.0,11.16
2448,10.0,10.74
4135,8.0,8.062000000000001
1292,11.0,8.38
2427,8.0,7.73
3591,8.0,8.89
1142,8.0,7.8
4031,7.0,6.788999999999999
159,9.0,9.03
1909,7.0,7.54
3784,10.0,10.6
545,12.0,11.71
52,11.0,10.14
4023,7.0,6.47
223,9.0,9.05
1317,13.0,11.14
26,9.0,8.41
1678,9.0,9.58
1974,9.0,8.67
217,9.0,9.055
2134,9.0,8.6
4064,8.0,8.47
3483,9.0,8.14
1402,7.0,7.395
3726,9.0,8.95
328,11.0,10.17
3368,7.0,7.14
3538,11.0,10.82
3867,7.0,6.54
1643,11.0,10.9
877,10.0,9.88
2034,9.0,9.2
2474,9.0,8.82
3832,7.0,8.62
3473,8.0,8.66
2568,7.0,7.99
44,8.0,8.35
746,10.0,9.42
506,9.0,8.2
1581,9.0,8.7
1046,7.0,6.51
2249,7.0,7.74
361,9.0,9.21
588,5.0,5.3
3263,10.0,9.9
4041,7.0,7.55
611,8.0,7.12
2205,9.0,10.36
2526,9.0,9.5
1526,7.0,6.85
3856,9.0,8.99
418,5.0,5.78
3317,10.0,10.54
2502,8.0,7.153
260,10.0,9.16
1669,6.0,6.22
776,7.0,6.462999999999999
4123,7.0,6.723
3222,9.0,8.945
3071,10.0,9.39
2229,8.0,8.5
1816,8.0,7.77
1178,8.0,8.09
1258,9.0,8.55
2392,10.0,10.41
2564,7.0,6.64
297,8.0,9.17
1982,7.0,7.49
1750,7.0,7.56
136,9.0,8.5
1783,7.0,8.5
3940,9.0,9.16
3724,9.0,8.88
2067,8.0,8.7
267,9.0,9.47
3989,8.0,8.15
1190,9.0,9.6
2515,9.0,8.57
1996,8.0,8.21
832,10.0,9.56
56,13.0,11.43
844,10.0,9.18
706,7.0,6.94
562,9.0,9.16
3035,10.0,9.14
1391,7.0,7.9
2936,9.0,8.4
1601,7.0,6.15
825,8.0,8.33
1779,9.0,8.62
1294,8.0,7.89
3588,8.0,8.8
402,8.0,8.47
2435,8.0,8.34
1715,8.0,7.91
172,9.0,9.54
655,9.0,8.94
2268,9.0,8.91
1981,9.0,8.72
3934,7.0,7.622999999999999
1805,7.0,7.28
2986,9.0,9.365
191,9.0,8.52
12,12.0,11.17
1986,5.0,6.16
329,11.0,9.67
3005,7.0,7.38
618,8.0,8.1
818,11.0,10.12
766,6.0,6.52
3380,10.0,10.88
3152,10.0,9.96
3180,9.0,9.69
689,8.0,8.195
3065,7.0,7.39
3815,10.0,9.72
2793,7.0,7.36
2194,9.0,8.7
2872,8.0,8.74
3066,10.0,9.3
3258,10.0,10.68
2512,10.0,9.6
4083,9.0,8.9
1763,9.0,8.78
242,8.0,8.29
177,8.0,8.72
3442,8.0,8.2
3206,10.0,9.98
2664,10.0,10.2
4015,6.0,7.45
3610,11.0,10.34
1835,7.0,7.59
1452,9.0,8.45
4130,7.0,7.28
4119,10.0,9.47
1355,8.0,8.045
420,9.0,9.62
1207,8.0,8.55
3739,9.0,8.81
2374,8.0,7.62
3029,6.0,7.03
1832,8.0,8.727
2285,8.0,7.36
2625,10.0,10.22
230,8.0,8.11
3852,8.0,8.39
2041,10.0,9.69
2151,10.0,10.64
358,8.0,8.03
1479,7.0,7.38
2031,7.0,6.89
2128,11.0,10.37
1363,8.0,8.71
1787,9.0,8.87
2863,8.0,7.96
3544,10.0,10.2
2001,10.0,8.88
70,8.0,9.04
1620,9.0,8.67
45,8.0,8.33
3984,9.0,9.32
3621,10.0,9.96
186,10.0,10.07
1220,8.0,8.62
2108,9.0,8.83
965,7.0,6.943
522,8.0,8.28
1253,10.0,9.71
2517,10.0,10.37
2868,9.0,8.46
1501,11.0,10.34
141,10.0,9.14
2410,9.0,8.97
2955,8.0,8.44
316,9.0,9.175
270,7.0,7.21
3043,7.0,7.4
2254,10.0,10.11
3325,9.0,9.66
64,10.0,10.24
2668,8.0,8.02
1381,11.0,11.21
1945,9.0,8.9
1432,6.0,7.11
146,10.0,10.19
4025,8.0,8.25
1049,9.0,9.74
964,8.0,8.23
2127,11.0,9.79
496,9.0,8.24
4055,8.0,8.17
3993,7.0,6.28
3750,10.0,9.19
3744,6.0,6.52
3792,9.0,8.14
3626,9.0,9.01
3326,7.0,6.91
2718,9.0,8.44
3012,8.0,7.8
2364,10.0,9.73
284,9.0,9.46
3202,9.0,9.15
2632,8.0,8.78
365,9.0,9.25
4074,7.0,7.77
305,7.0,7.24
1091,10.0,9.32
2224,9.0,8.35
2207,10.0,10.76
2579,9.0,9.115
425,7.0,6.22
4087,8.0,8.08
2525,7.0,7.34
1069,7.0,7.385
2633,10.0,8.52
1454,11.0,9.665
3768,13.0,12.0
2296,7.0,6.79
3118,9.0,8.94
1577,9.0,7.91
1813,9.0,9.41
2878,6.0,6.51
4006,8.0,7.66
683,7.0,7.4
58,7.0,7.58
77,7.0,7.83
375,9.0,9.38
1042,10.0,9.55
759,8.0,7.81
1941,8.0,8.16
925,8.0,7.853
4110,10.0,9.11
720,10.0,8.74
1110,7.0,7.41
3136,8.0,9.19
2135,7.0,7.41
879,10.0,10.41
3157,8.0,8.685
126,10.0,7.82
2441,9.0,8.94
2375,11.0,10.42
2173,9.0,8.39
3654,12.0,10.7
1194,7.0,7.26
439,9.0,8.73
3969,6.0,6.61
3269,11.0,10.72
2103,10.0,9.48
3236,12.0,10.71
3599,10.0,8.96
3418,11.0,10.62
3617,10.0,10.26
395,8.0,8.29
30,8.0,8.56
3194,10.0,8.74
206,11.0,10.39
824,10.0,9.17
3990,9.0,8.98
805,7.0,7.38
3242,7.0,7.55
4001,9.0,8.6
2045,8.0,8.9
2767,11.0,10.46
488,7.0,6.893
1886,6.0,6.49
2202,9.0,9.42
453,9.0,9.09
1776,7.0,7.96
1423,10.0,9.66
1334,9.0,9.22
195,8.0,7.89
579,9.0,9.08
1324,9.0,9.67
3664,13.0,11.53
6,10.0,11.04
449,8.0,8.88
295,9.0,8.81
748,7.0,7.1
3323,7.0,7.66
3542,11.0,11.28
2727,9.0,8.97
1839,6.0,6.3
2278,10.0,9.84
858,11.0,9.47
3753,8.0,8.34
4044,9.0,9.27
994,9.0,8.91
197,9.0,9.1
460,9.0,8.8
2489,10.0,9.84
3761,8.0,8.2
29,9.0,8.88
857,6.0,6.813
3762,8.0,8.23
3894,8.0,8.22
2059,7.0,6.5889999999999995
3098,9.0,9.44
3068,8.0,9.06
2731,8.0,7.94
1606,11.0,11.33
3829,9.0,9.1
1638,10.0,10.91
2621,9.0,9.18
2683,10.0,10.42
225,7.0,7.18
2852,10.0,9.58
735,7.0,7.62
585,12.0,10.89
3682,7.0,7.62
3502,8.0,8.17
2425,9.0,8.99
1589,9.0,10.36
1767,8.0,8.54
802,9.0,9.18
81,7.0,7.38
261,11.0,10.63
301,12.0,10.045
3309,10.0,9.018000000000002
1431,6.0,8.87
2997,7.0,7.53
827,6.0,6.45
2922,9.0,8.54
2394,7.0,6.92
3606,10.0,10.29
2133,11.0,10.51
1482,7.0,7.82
3257,8.0,9.22
2963,8.0,8.74
1193,8.0,7.18
1090,10.0,10.22
1594,8.0,7.68
1542,11.0,11.63
1263,10.0,9.06
2199,12.0,11.53
4136,8.0,8.805
667,8.0,8.257
2167,9.0,8.7
1034,6.0,7.74
2277,9.0,9.65
2290,9.0,8.97
421,10.0,8.785
2483,7.0,7.07
1059,7.0,7.17
1242,10.0,10.23
3007,10.0,9.71
3301,13.0,10.88
3611,9.0,8.86
670,11.0,10.15
3452,10.0,9.14
3796,9.0,9.16
791,7.0,6.93
3166,8.0,9.21
154,9.0,8.84
2965,7.0,7.4
1689,11.0,10.34
2387,9.0,8.83
104,9.0,9.475
1674,8.0,8.41
1648,8.0,8.52
243,8.0,9.52
800,7.0,6.32
1654,8.0,6.98
1015,8.0,8.92
2719,8.0,9.08
2096,8.0,9.32
1072,10.0,9.75
2110,8.0,8.84
2510,9.0,9.12
3876,7.0,7.183
2898,8.0,8.79
4040,10.0,9.705
2651,8.0,8.14
822,10.0,9.55
339,6.0,6.21
1513,8.0,8.14
2390,7.0,7.3
3637,8.0,9.57
904,6.0,5.81
831,8.0,7.63
1224,11.0,11.11
1561,9.0,8.53
2728,11.0,9.98
2572,6.0,6.09
2165,8.0,8.89
1102,12.0,11.29
3013,9.0,8.455
4091,8.0,7.75
2371,8.0,8.37
3602,10.0,9.24
2384,9.0,8.84
3273,10.0,9.37
1640,7.0,6.7
1965,9.0,9.39
2145,9.0,9.2
565,6.0,6.67
1693,11.0,11.41
4133,10.0,9.78
908,8.0,8.27
2035,8.0,7.95
3085,10.0,9.14
3318,9.0,9.37
2740,9.0,8.405
1446,7.0,7.1
2885,10.0,9.55
886,8.0,7.45
1756,9.0,8.58
2919,9.0,9.005
3097,8.0,8.025
1757,6.0,6.7
3841,8.0,7.14
1840,6.0,7.079
4009,8.0,8.72
1437,10.0,9.62
2257,9.0,9.06
3092,8.0,8.84
744,7.0,6.97
1208,11.0,10.5
1123,9.0,9.22
736,8.0,7.83
1903,8.0,8.4
2377,8.0,8.35
1629,9.0,8.8
1522,11.0,10.36
1802,8.0,7.8
1641,7.0,8.155
353,10.0,9.95
2655,11.0,11.19
2715,7.0,7.84
1147,7.0,7.9
3812,8.0,7.5329999999999995
3399,11.0,9.7
779,9.0,9.2
2244,7.0,7.885
1668,10.0,9.55
1841,9.0,8.53
1314,9.0,9.88
181,10.0,9.5
3731,9.0,8.98
3833,10.0,9.87
2892,7.0,7.38
912,7.0,7.16
3272,10.0,10.26
3459,6.0,6.48
3410,10.0,10.18
25,9.0,8.58
880,9.0,8.95
2262,10.0,10.57
3961,8.0,8.16
176,9.0,9.5
2840,10.0,10.09
3168,10.0,10.01
338,7.0,7.45
3587,9.0,7.95
440,9.0,9.33
2813,9.0,8.945
2099,8.0,8.24
2870,9.0,8.11
4112,9.0,9.69
489,9.0,8.67
1568,7.0,7.34
2083,6.0,6.24
813,9.0,8.74
3883,9.0,9.7
1135,12.0,8.42
927,8.0,8.0
3880,7.0,7.32
2960,9.0,9.16
1900,9.0,9.54
331,8.0,7.81
1347,9.0,9.62
1386,9.0,8.54
478,8.0,8.17
573,8.0,8.04
1859,7.0,7.19
2089,8.0,8.39
1078,6.0,6.35
4086,9.0,9.61
1064,5.0,6.31
3526,10.0,9.67
3887,9.0,9.3
62,13.0,11.85
1361,9.0,8.89
3366,10.0,10.2
3518,12.0,11.07
258,11.0,9.97
2795,7.0,7.555
1461,10.0,9.21
1127,7.0,7.23
3478,7.0,8.325
3795,9.0,8.57
2663,9.0,8.29
1445,8.0,8.15
68,7.0,8.24
1721,9.0,8.88
2457,9.0,7.9
224,7.0,7.34
