,y_test,prediction
612,8.0,8.97249523707206
767,9.0,7.891118694640244
3191,11.0,8.183737191315702
1017,11.0,9.336798079131075
2553,7.0,8.673876964875085
2328,11.0,8.924889220359209
695,9.0,8.125295464306896
332,10.0,8.70540380806306
168,8.0,7.925518070445123
1051,8.0,7.876629524877311
3627,9.0,8.99506601275501
872,7.0,8.740690807959105
111,9.0,7.993595436122823
1862,9.0,8.800346940748081
3741,8.0,8.045587801375806
151,11.0,8.044934146331368
1516,7.0,8.827160145635041
304,15.0,10.403260452624778
3758,8.0,8.80629833277097
2413,8.0,8.744120111236043
1619,6.0,7.577179003702635
1935,8.0,8.43310527522723
182,10.0,8.333003998077714
33,8.0,8.206137611376946
2855,11.0,8.492070356915885
2302,11.0,10.200476140465625
1625,9.0,9.842628329992422
2247,11.0,9.482146972173565
1044,11.0,8.999270721992783
3688,8.0,8.528385665218039
566,10.0,8.513238592934371
1766,7.0,7.809753643796612
3532,10.0,9.798873895551704
1035,9.0,9.633617513693903
1759,9.0,8.786310158463536
1281,8.0,8.978306659963561
232,9.0,9.881680558970427
3488,10.0,10.349973385879201
1183,10.0,9.063197468166033
3265,10.0,9.124748762325039
3667,8.0,9.997818357291155
3925,6.0,7.631695060448276
1192,9.0,9.77268857943538
3299,7.0,8.488759560056252
3286,9.0,9.031517598948376
98,9.0,9.059704768019834
512,7.0,7.965337931004752
1206,8.0,8.661723379878108
2467,8.7,7.602937165801055
3586,10.0,9.376708506523958
2975,6.0,6.993635887000163
1532,6.0,8.102145456863749
134,8.0,8.793598664176663
884,11.0,8.283684779660913
538,10.0,10.006244417435568
2055,9.0,9.553765293252948
2416,7.0,8.622897597636602
3199,9.0,8.758848549037111
2518,9.0,9.417264803640588
312,8.0,8.76017746793965
1058,9.0,8.23009136873593
2444,9.0,9.090687488011817
315,9.0,8.419530191889123
2283,8.0,9.139502040187562
3991,10.0,7.888704979818247
2495,9.0,8.771237977969808
2237,9.0,9.3827426961479
817,7.0,8.374428458376384
3441,8.0,10.185250300736364
2970,6.0,6.4946419664575705
2665,8.0,9.10250465027387
1912,6.0,8.30175150268937
199,10.0,9.743568015314997
373,8.0,8.450700121676764
2725,10.0,8.251605054532014
992,8.0,8.517086299124871
2391,9.0,9.42978369715976
2758,9.0,9.264526545127673
3081,9.0,9.991494402409415
2231,9.0,8.250910423687369
3911,8.0,7.503884171782158
1241,7.0,8.374864455607117
321,8.0,9.376749407555486
2972,9.0,7.256270931055775
187,6.0,8.336977185227887
3910,6.0,6.696143104136606
3913,7.0,9.081571778758613
471,8.0,7.2779581672444715
3774,8.0,8.471887084954336
2611,8.0,8.463648062236025
1820,6.0,7.545257074988676
322,9.0,8.494481057915163
1129,10.0,9.674618044132325
1576,5.0,7.368037151599151
1531,11.0,8.962656375769592
896,7.0,8.514010007065847
1537,9.0,8.591633285419435
3423,8.0,8.950290415655383
4137,7.0,7.609501257331936
3874,11.0,8.991294531273281
2593,8.0,8.94845995438524
3998,11.0,10.0837992369141
1182,12.0,9.379902484874094
424,12.0,10.253284336249873
948,7.0,7.895641445412602
2811,11.0,8.393126120179366
1081,10.0,9.164476507706109
2113,8.0,9.337792961494108
2998,7.0,8.579142957646068
3221,10.0,9.397796212021621
71,10.0,8.636381222662045
2320,8.0,7.125622598044199
968,8.0,8.654892531929702
214,10.0,7.864374279837567
1283,7.0,8.47142753883509
1001,10.0,9.198851834651219
1792,11.0,9.038485396014622
4062,8.0,9.15161942699895
1318,8.0,9.069172281792934
14,9.0,8.653799187903179
894,8.0,7.631830307947103
1198,8.0,8.099518635329046
1133,10.0,8.857791415791196
1444,10.0,8.967181139269421
275,7.0,7.6431340374484265
549,9.0,8.979751617266444
1369,10.0,8.924460838964379
8,8.0,9.336454061223252
1246,9.0,8.36002817342846
1944,7.0,7.690934651073264
3328,8.0,9.173983818544748
3122,11.0,8.100289803747264
833,8.0,7.532159474255854
1937,9.0,7.43083186315425
2383,10.0,10.039890457034115
2117,9.0,9.227049775164016
3865,8.0,8.03980923045227
1251,10.0,8.44796355760776
255,10.0,8.006053323356142
1877,7.0,8.765593144339757
2984,7.0,8.632713570972694
302,9.0,8.975438126689669
770,10.0,8.117106334465849
555,11.0,11.313882589144818
3079,10.0,8.22041984756103
4125,8.0,8.342383279037207
3001,9.0,9.877472966776246
2980,8.0,8.139895405971899
4132,7.0,7.716566641486852
2769,10.0,9.070900496585683
2476,10.0,8.33916221604182
32,9.0,8.61910738473105
2417,11.0,8.74192302653245
1609,9.0,8.485862764783475
2548,9.0,8.861888817564362
2675,10.0,9.084954232875987
1637,10.0,8.587791301839781
4129,6.0,7.745021153511272
3084,9.0,8.195345983215333
3517,8.0,8.441621269266507
1196,10.0,10.393443592185859
1677,9.0,10.213032121094912
3742,9.0,8.406974033734418
580,10.0,8.384878159099014
3169,8.0,9.085979935700578
1871,9.0,8.258226514015657
3672,8.0,9.52436872825748
448,9.0,9.212885137612561
2690,9.0,9.834228630763413
2340,10.0,8.750723668664495
2402,10.0,10.51930614600931
3992,7.0,7.672934793765927
2329,10.0,8.300603785084721
2569,5.0,7.262813772625
3941,8.0,7.208265543612698
481,7.0,8.163187111942793
922,9.0,8.59112057438656
1716,7.0,9.104321865348574
826,7.0,7.795181996159616
2356,7.0,7.410816670119759
1286,10.0,8.420098844497286
475,7.0,7.925398339475491
3546,8.0,7.173308029369655
3553,9.0,9.393031843221468
3238,9.0,8.695616349695477
325,9.0,7.945510630659916
733,8.0,9.610482594443535
3082,9.0,8.753778172378313
43,7.0,7.950767413266521
853,11.0,8.96483534944604
1534,7.0,8.301981732530813
1340,9.0,7.843101527802326
1296,7.0,7.2945865772890555
3261,10.0,9.047393414772138
411,11.0,8.119085512376012
2742,6.0,8.169189057124962
2782,10.0,9.10826658415251
1889,7.0,9.677327275237804
2656,9.0,9.06796723538332
3893,7.0,7.1529592018252615
3461,8.0,8.720761912273137
3947,8.0,8.799278357007934
1856,9.0,8.531419815299765
2544,7.0,8.853646723267113
1867,9.0,8.840971469128444
3315,7.0,8.037476545700569
2423,11.0,8.846566936223237
17,8.0,8.370549034911402
2909,8.0,7.857177040083641
609,9.0,8.590968858989871
4047,7.0,8.006478867056599
3217,12.0,9.57064454708468
1563,9.0,7.923544834288684
761,7.0,7.106213718553323
4084,7.0,6.537486518104348
1092,11.0,9.194751736679365
2864,8.0,8.789393623288069
693,7.0,8.350121756956007
3056,9.0,8.26442828229703
2212,9.0,8.409903795247512
467,9.0,8.494116782777118
2242,11.0,8.86732084063669
3509,10.0,8.822780358682724
3649,7.0,8.028388873300791
3437,9.0,9.99386448600482
2123,10.0,9.032507804377634
473,7.0,8.271349715742055
1745,9.0,9.710313601447414
1450,9.0,9.17417083493849
3578,11.0,10.29302570974738
3132,9.0,8.2397394802462
2473,7.0,8.800837033960129
3568,5.0,7.357732635428783
2465,13.0,9.514291961135072
668,10.0,9.734504522106825
1303,9.0,8.744575148686732
3539,9.0,7.984187174721056
208,8.0,7.715254784359724
2730,8.0,9.696121153964267
2693,7.0,8.06919988954177
918,7.0,7.5826604352404345
3889,8.0,9.165855260293696
1953,8.0,7.807144999513408
2361,8.0,8.360889144434067
1165,9.0,8.051513131139476
500,6.0,7.576283889580942
953,10.0,8.712899910358479
1508,10.0,8.885740363439773
1617,14.0,9.618852847991654
1022,6.0,7.880190173345109
2897,8.0,10.04711701051476
1591,10.0,9.211048475169434
980,8.0,7.929558409456421
3677,7.0,8.96740213637201
2326,7.0,8.529769315194937
3244,11.0,9.446704293390688
95,8.0,8.613883682517049
2452,10.0,8.275760054094143
23,11.0,8.862801346519198
1006,8.0,8.473039059287078
2484,9.0,8.135771316977468
3460,10.0,9.237084501185274
1773,6.0,7.6683336295492595
1323,9.0,10.647185925007165
576,13.0,10.338217526955287
2107,11.0,9.765635261366302
3339,9.0,8.930743192605604
1442,8.0,8.339730013762134
4046,10.0,8.100948636810513
1898,10.0,9.090773395338623
3053,8.0,8.721107842690552
2555,8.0,7.245327339533537
1115,9.0,8.494644505335398
1233,9.0,8.167091994998533
1901,7.0,8.861723364877388
1136,10.0,8.862032092442508
101,9.0,10.401572097017048
442,5.0,7.014524424028201
2162,10.0,8.64296626366712
3656,8.0,9.163983851449945
1313,9.0,8.501986897377561
4095,6.0,8.194193343382093
122,10.0,8.367600626932106
846,6.0,7.860979553499195
1527,9.0,10.27986866750193
158,9.0,8.29011115335522
2075,7.0,8.371419625305002
2370,8.0,7.95646838566333
1284,9.0,7.775056963826409
3558,7.0,7.855805876918383
3935,11.0,9.19793082566089
2248,9.0,9.703743410700046
2915,10.0,9.522923884809588
244,9.0,9.175673217416922
1085,9.0,7.8992500268139665
1845,7.0,8.553115954888835
2183,7.0,8.964207195403358
1074,8.0,8.257939361300625
3030,6.0,7.28263702850737
2859,10.0,8.758003941016842
1570,8.0,7.945565524197701
3908,9.0,8.729580616158783
2759,7.0,7.742626621399075
3406,10.0,10.116161061900328
2778,6.0,8.43261116016925
2369,8.0,9.110760692017696
1403,9.0,9.048363644316613
2046,9.0,8.477606514392587
903,9.0,8.806110375115725
607,8.0,8.241248218781323
3763,10.0,8.55764642031488
180,12.0,10.00515710229573
3457,10.0,8.402605809350694
2931,10.0,7.815379521300113
2272,7.0,7.71785287282089
51,8.0,8.16684754452215
1608,7.0,7.507023442412628
2635,10.0,10.350101666393119
74,11.0,11.110931276081821
1248,9.0,8.138544570421331
2124,10.0,8.578085552654914
3394,9.0,10.109798040015871
1230,11.0,10.308692876970523
2448,10.0,10.053526359249343
4135,8.0,9.41566470164164
1292,11.0,8.261026233147707
2427,8.0,8.882466249095792
3591,8.0,9.656848201160674
1142,8.0,8.299458928110136
4031,7.0,8.015061882654022
159,9.0,8.986269634117207
1909,7.0,8.502816958758352
3784,10.0,9.065548115844422
545,12.0,8.741578461211482
52,11.0,9.401952793250945
4023,7.0,6.931025862329477
223,9.0,8.182955758742837
1317,13.0,9.360513278188039
26,9.0,8.262469662611881
1678,9.0,8.418441670220254
1974,9.0,8.227406486062343
217,9.0,8.654403203023705
2134,9.0,8.043570851889417
4064,8.0,9.182918476156965
3483,9.0,7.893571538963654
1402,7.0,7.896703158144468
3726,9.0,9.5878831996238
328,11.0,9.574205176765222
3368,7.0,8.994114158209058
3538,11.0,10.18189064701351
3867,7.0,7.222547885779363
1643,11.0,8.776045624134996
877,10.0,8.472103222530793
2034,9.0,8.061565821258052
2474,9.0,8.644075975703966
3832,7.0,7.852692897009252
3473,8.0,8.717615371380807
2568,7.0,7.031559812582778
44,8.0,9.289956303249667
746,10.0,8.879361024511294
506,9.0,8.337425177086628
1581,9.0,9.422891119168135
1046,7.0,7.108237439312184
2249,7.0,7.851044334757009
361,9.0,8.909704093970532
588,5.0,7.4691869764558625
3263,10.0,8.887067096647762
4041,7.0,7.291996327438636
611,8.0,7.881003159865939
2205,9.0,8.034293869209678
2526,9.0,8.927316096462294
1526,7.0,8.023014858381853
3856,9.0,8.692469570915506
418,5.0,7.452860708856008
3317,10.0,8.510055566389763
2502,8.0,9.014183574201812
260,10.0,8.02216398807824
1669,6.0,7.72401033036734
776,7.0,7.640181124139944
4123,7.0,8.200318101547895
3222,9.0,9.810090941401736
3071,10.0,7.5040030163564495
2229,8.0,8.516478654511678
1816,8.0,7.943379130468308
1178,8.0,8.269223734105362
1258,9.0,8.383938143706104
2392,10.0,9.790106227774316
2564,7.0,8.291027391447528
297,8.0,8.93517238573693
1982,7.0,8.269226015097313
1750,7.0,7.617284705913498
136,9.0,8.112163186250203
1783,7.0,9.329977413948482
3940,9.0,8.512523115776464
3724,9.0,8.54666159198713
2067,8.0,8.12243489284583
267,9.0,8.759590342343657
3989,8.0,7.647752683784535
1190,9.0,8.139731506511946
2515,9.0,8.532100726950313
1996,8.0,8.023145879794768
832,10.0,8.641446612548048
56,13.0,9.177204213659788
844,10.0,7.593120714393523
706,7.0,7.723111451033979
562,9.0,9.498491926498957
3035,10.0,9.699559351663087
1391,7.0,8.519373762123081
2936,9.0,8.65145745266004
1601,7.0,8.386631267492898
825,8.0,8.634742989979992
1779,9.0,9.520736151056568
1294,8.0,8.400205418405472
3588,8.0,9.45826807737102
402,8.0,8.74374004955432
2435,8.0,8.27397913527275
1715,8.0,7.844786003641051
172,9.0,8.479716572620859
655,9.0,9.033641283451256
2268,9.0,9.107903734814709
1981,9.0,8.836313892895374
3934,7.0,8.616408216914731
1805,7.0,7.456213508313747
2986,9.0,9.059721323058078
191,9.0,7.873420483102716
12,12.0,9.25258763417462
1986,5.0,7.737620023878122
329,11.0,9.058034629376968
3005,7.0,8.093315229226455
618,8.0,8.227351520567414
818,11.0,8.215013711468881
766,6.0,7.721776286442536
3380,10.0,9.917494517175967
3152,10.0,8.749465183524585
3180,9.0,9.08352790285402
689,8.0,9.463551402091486
3065,7.0,8.721772243305207
3815,10.0,9.187045183997709
2793,7.0,8.664739586482764
2194,9.0,7.876255054095703
2872,8.0,7.623686049670285
3066,10.0,7.918772397795609
3258,10.0,9.789206605132598
2512,10.0,9.708622096899308
4083,9.0,8.741128683518056
1763,9.0,9.213613474859237
242,8.0,8.22911264143302
177,8.0,8.612406432867264
3442,8.0,8.912513230104537
3206,10.0,9.861409030720909
2664,10.0,9.72634870354295
4015,6.0,7.615734181026008
3610,11.0,8.968736923838996
1835,7.0,7.542965445242109
1452,9.0,8.717393936159299
4130,7.0,8.127661354035112
4119,10.0,8.544386108294177
1355,8.0,8.807709261651858
420,9.0,8.541758100000694
1207,8.0,6.8707266634805375
3739,9.0,8.935200297521526
2374,8.0,8.180858115629796
3029,6.0,7.1988346781722035
1832,8.0,9.041520056398465
2285,8.0,8.515805154593622
2625,10.0,8.27645304756571
230,8.0,7.901489856277795
3852,8.0,9.019384023536823
2041,10.0,8.72110919463777
2151,10.0,8.105263432053723
358,8.0,8.913524231471836
1479,7.0,8.11831827628239
2031,7.0,7.759500768276525
2128,11.0,8.205492926222687
1363,8.0,8.388071428642629
1787,9.0,8.773498807822255
2863,8.0,8.0601176504482
3544,10.0,9.34670808979967
2001,10.0,8.839624164367065
70,8.0,9.607403220867392
1620,9.0,8.530600087768079
45,8.0,7.804732120914301
3984,9.0,9.603630737416744
3621,10.0,9.562657154334335
186,10.0,9.52494923384891
1220,8.0,8.521288294400028
2108,9.0,8.579528107092672
965,7.0,8.232069120624397
522,8.0,8.6500118766246
1253,10.0,8.371290656891412
2517,10.0,9.174813532303261
2868,9.0,7.541896745908218
1501,11.0,8.899801530372459
141,10.0,8.466653013216987
2410,9.0,9.99700573888396
2955,8.0,9.194388616303435
316,9.0,9.568243904214128
270,7.0,8.0638064908008
3043,7.0,7.652619522329957
2254,10.0,8.866239762787
3325,9.0,8.664103924163417
64,10.0,9.205359191491224
2668,8.0,7.46557668071872
1381,11.0,9.847573446522233
1945,9.0,8.638064518820611
1432,6.0,8.798449941070588
146,10.0,8.89553759300917
4025,8.0,7.921056450538563
1049,9.0,9.733818049396314
964,8.0,7.938185305909023
2127,11.0,8.092990771324082
496,9.0,9.548736044730317
4055,8.0,8.39311281793767
3993,7.0,7.4048797435846465
3750,10.0,9.955702005439225
3744,6.0,8.085409601216796
3792,9.0,9.033332628944269
3626,9.0,9.595623416450483
3326,7.0,7.622080642055971
2718,9.0,9.313789101294894
3012,8.0,7.654886578912211
2364,10.0,8.802070203338424
284,9.0,9.477772353513073
3202,9.0,7.455333865464016
2632,8.0,8.697812446131588
365,9.0,8.309468732169126
4074,7.0,8.673812021561979
305,7.0,7.559240005107692
1091,10.0,10.341971022476026
2224,9.0,7.8880156513826405
2207,10.0,8.787815771069948
2579,9.0,9.12448190997511
425,7.0,7.173708353853721
4087,8.0,8.725931806703686
2525,7.0,7.96119251641407
1069,7.0,7.375127611817261
2633,10.0,8.944558854210364
1454,11.0,9.392640000125407
3768,13.0,9.835546942871511
2296,7.0,7.853967957256289
3118,9.0,7.921619844125814
1577,9.0,8.959776342772162
1813,9.0,7.874155203871821
2878,6.0,7.786013504022712
4006,8.0,8.667768364647454
683,7.0,7.747395480218645
58,7.0,7.860820882004594
77,7.0,8.297573904690093
375,9.0,8.304786844452
1042,10.0,9.131128404328624
759,8.0,8.425821755822763
1941,8.0,7.013730144837131
925,8.0,8.503219053234957
4110,10.0,8.256453216343802
720,10.0,6.847661124682534
1110,7.0,9.302967832166914
3136,8.0,7.790525086509083
2135,7.0,8.62354292823676
879,10.0,9.58589553017286
3157,8.0,8.80961805986139
126,10.0,9.16574782433189
2441,9.0,8.126695378850417
2375,11.0,9.581887924076591
2173,9.0,8.388841291033359
3654,12.0,9.554254709316726
1194,7.0,8.362088540384635
439,9.0,8.868691206213802
3969,6.0,7.453721894540305
3269,11.0,9.419904454597003
2103,10.0,8.925023862835516
3236,12.0,8.812886733885328
3599,10.0,9.396341744636693
3418,11.0,9.861921787690832
3617,10.0,9.769148291462228
395,8.0,8.737086255117303
30,8.0,8.41128166719292
3194,10.0,8.871649332967568
206,11.0,7.619231199213678
824,10.0,9.56140993374456
3990,9.0,8.472659964724532
805,7.0,8.446557043851271
3242,7.0,7.0860680625703445
4001,9.0,8.610713306152759
2045,8.0,8.890539070080074
2767,11.0,8.961075924444987
488,7.0,8.270704608546577
1886,6.0,7.628129337317876
2202,9.0,8.690082096764296
453,9.0,9.097101696097601
1776,7.0,8.415501125472463
1423,10.0,9.604028120323637
1334,9.0,9.341719293518747
195,8.0,7.750384794766582
579,9.0,8.380433971269518
1324,9.0,8.760210202903213
3664,13.0,11.003298365131933
6,10.0,8.894964533679273
449,8.0,10.381794907027473
295,9.0,8.554459894107334
748,7.0,7.945827126978866
3323,7.0,8.275152338711504
3542,11.0,8.911079908585737
2727,9.0,9.039792178707742
1839,6.0,7.787358224400967
2278,10.0,9.519225537458858
858,11.0,8.290994652487768
3753,8.0,8.327070991981119
4044,9.0,8.236830491684984
994,9.0,8.141006890423068
197,9.0,9.22026759044289
460,9.0,7.688382334337507
2489,10.0,9.206924864532757
3761,8.0,9.501702244145045
29,9.0,9.465539871816642
857,6.0,8.029016840985756
3762,8.0,8.945421080321657
3894,8.0,8.853619741700735
2059,7.0,8.018568648468744
3098,9.0,8.266285868619034
3068,8.0,8.426699137827622
2731,8.0,8.219194706556737
1606,11.0,10.172813356205086
3829,9.0,9.63882083502828
1638,10.0,10.702167496958571
2621,9.0,9.157818563992352
2683,10.0,8.426491620625965
225,7.0,7.790730920926868
2852,10.0,8.497114423780713
735,7.0,9.466680737095032
585,12.0,9.38465851229305
3682,7.0,9.206431546103428
3502,8.0,8.546244739626044
2425,9.0,8.31538981505539
1589,9.0,9.08015962067217
1767,8.0,8.733061602083176
802,9.0,7.78749916836674
81,7.0,8.15027735024243
261,11.0,8.89571329197868
301,12.0,10.988239615321223
3309,10.0,10.397943450420318
1431,6.0,8.93012890926627
2997,7.0,8.057045078900398
827,6.0,7.191511717653438
2922,9.0,8.586658594965352
2394,7.0,9.360395556173483
3606,10.0,10.132696518848924
2133,11.0,9.271786878750145
1482,7.0,7.7591335122882175
3257,8.0,8.651359411553862
2963,8.0,9.166228568099877
1193,8.0,8.198649464806959
1090,10.0,9.888818831888901
1594,8.0,8.881866504161636
1542,11.0,9.487793618573138
1263,10.0,9.401091577677665
2199,12.0,9.193708465799098
4136,8.0,10.12585056014386
667,8.0,10.316953646189619
2167,9.0,8.080831274505144
1034,6.0,7.803047913980196
2277,9.0,8.483412485445811
2290,9.0,8.685073044955526
421,10.0,8.620836377436213
2483,7.0,8.195706494756426
1059,7.0,7.193159816632564
1242,10.0,8.96460060956563
3007,10.0,8.075551278622637
3301,13.0,10.025906011606658
3611,9.0,8.985331942120705
670,11.0,10.384207534414081
3452,10.0,9.826598050390448
3796,9.0,9.394262561124659
791,7.0,7.545139242330479
3166,8.0,9.1313028880938
154,9.0,8.759176261309975
2965,7.0,7.532143194755822
1689,11.0,7.920986587292143
2387,9.0,9.146208706922682
104,9.0,9.318830835914488
1674,8.0,9.19861268230858
1648,8.0,8.87831885896475
243,8.0,8.677663840491498
800,7.0,8.427675508367528
1654,8.0,8.657428538400774
1015,8.0,7.486761884809091
2719,8.0,9.544313024324168
2096,8.0,8.511445522669717
1072,10.0,8.783662793595933
2110,8.0,8.49028964151023
2510,9.0,9.30342173148593
3876,7.0,8.790193414711055
2898,8.0,8.236060268396002
4040,10.0,10.017336107032161
2651,8.0,8.694603838603243
822,10.0,8.343962274623149
339,6.0,8.260283892533304
1513,8.0,7.710236737326967
2390,7.0,8.09605959459379
3637,8.0,8.757306022141982
904,6.0,7.633396786526253
831,8.0,8.402692462943458
1224,11.0,9.060506661639028
1561,9.0,8.432821535025175
2728,11.0,8.28008227962244
2572,6.0,7.726874067521408
2165,8.0,8.058868296154886
1102,12.0,9.027520974212374
3013,9.0,7.690011205620693
4091,8.0,8.165578679277537
2371,8.0,8.203737799096098
3602,10.0,9.085678698912492
2384,9.0,8.11393777887248
3273,10.0,9.338206517681618
1640,7.0,8.318371677637403
1965,9.0,9.387649261742492
2145,9.0,9.31041531356501
565,6.0,7.8162568205689364
1693,11.0,9.738598968299641
4133,10.0,11.110283202842773
908,8.0,7.966121138870173
2035,8.0,7.964734687761196
3085,10.0,9.189588605403316
3318,9.0,8.092636810971559
2740,9.0,9.955346573536861
1446,7.0,7.935825728206119
2885,10.0,8.190017710673867
886,8.0,8.431651970232387
1756,9.0,8.459825551944512
2919,9.0,9.940993985451293
3097,8.0,9.406274684756523
1757,6.0,7.097409173358582
3841,8.0,8.366607595929395
1840,6.0,8.44015872647081
4009,8.0,7.849869535844231
1437,10.0,9.184804979024669
2257,9.0,8.702976787659077
3092,8.0,7.583770672242638
744,7.0,7.808508168493365
1208,11.0,8.530585614351518
1123,9.0,9.056216639908978
736,8.0,8.125169783798427
1903,8.0,7.900756928952367
2377,8.0,8.530095855769947
1629,9.0,8.537894073054419
1522,11.0,8.582326195277787
1802,8.0,8.542837591328796
1641,7.0,7.960330956199882
353,10.0,8.264153354726211
2655,11.0,9.702933089174335
2715,7.0,9.37878212770899
1147,7.0,8.198472697266327
3812,8.0,8.390647536967732
3399,11.0,8.681415410846352
779,9.0,8.436573692720513
2244,7.0,9.17683620844316
1668,10.0,7.916272694567981
1841,9.0,8.779048770399346
1314,9.0,9.820847449489888
181,10.0,8.658333663189058
3731,9.0,8.243226334023364
3833,10.0,9.401186319888298
2892,7.0,8.11945698135434
912,7.0,8.04553492414064
3272,10.0,9.82681978632057
3459,6.0,8.41418405303542
3410,10.0,10.181537046577287
25,9.0,8.341803139060127
880,9.0,8.551916504977672
2262,10.0,8.697057063910275
3961,8.0,8.564399996179041
176,9.0,9.16103442337001
2840,10.0,8.905479673592113
3168,10.0,9.228059238665994
338,7.0,7.925984874049638
3587,9.0,9.42845835133015
440,9.0,9.14148342313665
2813,9.0,9.34055576849638
2099,8.0,7.754611630064852
2870,9.0,7.848646786511759
4112,9.0,9.535085134285843
489,9.0,8.938154281102321
1568,7.0,8.299978543887669
2083,6.0,8.178450348502045
813,9.0,8.523488948421342
3883,9.0,7.433329523210638
1135,12.0,9.16815656068073
927,8.0,8.81421583062413
3880,7.0,7.543237230416048
2960,9.0,7.731101554065431
1900,9.0,9.560762673655635
331,8.0,7.602930037226317
1347,9.0,9.915492986545875
1386,9.0,8.1052449311689
478,8.0,8.520966419804541
573,8.0,8.463672980492426
1859,7.0,7.4192514475951645
2089,8.0,9.42819860812386
1078,6.0,8.58905771880772
4086,9.0,8.862358535234215
1064,5.0,7.742812243112831
3526,10.0,8.62926654245847
3887,9.0,8.646823088174663
62,13.0,10.040797827648564
1361,9.0,9.634933726284572
3366,10.0,9.533109290553767
3518,12.0,9.247833017746911
258,11.0,9.164541470029558
2795,7.0,7.684040507895688
1461,10.0,9.515050969629854
1127,7.0,7.866560902080753
3478,7.0,9.044997060311063
3795,9.0,8.15768556604285
2663,9.0,8.31873510928787
1445,8.0,8.927706272921657
68,7.0,8.903114402362359
1721,9.0,8.880184839468686
2457,9.0,9.066266954566188
224,7.0,8.670233888942578
