,y_test,prediction
612,8.0,8.845817011425169
767,9.0,8.014894845169762
3191,11.0,8.105781631826265
1017,11.0,9.31307669390817
2553,7.0,8.65225213276567
2328,11.0,8.841755132193118
695,9.0,8.036062576344733
332,10.0,8.635032511332305
168,8.0,7.943461816332596
1051,8.0,8.058632938448888
3627,9.0,8.93729033956638
872,7.0,8.682680041487961
111,9.0,8.014971179386487
1862,9.0,8.757704358277136
3741,8.0,8.056468762702877
151,11.0,7.966286757008453
1516,7.0,8.79498013199558
304,15.0,10.269161063097075
3758,8.0,8.723389819065515
2413,8.0,8.717863931972023
1619,6.0,7.506971460592752
1935,8.0,8.485547941527166
182,10.0,8.32684366569677
33,8.0,8.230754627318957
2855,11.0,8.613036379761965
2302,11.0,9.997809179300233
1625,9.0,9.6971783211764
2247,11.0,9.411980058114365
1044,11.0,8.983472438841753
3688,8.0,8.525579626077725
566,10.0,8.528636272953383
1766,7.0,7.738574584165502
3532,10.0,9.67415901423549
1035,9.0,9.718453592922234
1759,9.0,8.759092122948843
1281,8.0,8.934819087664557
232,9.0,9.726359208639597
3488,10.0,10.264331252621353
1183,10.0,8.96462488955321
3265,10.0,9.109957568057487
3667,8.0,9.859548033452342
3925,6.0,7.795076691876588
1192,9.0,9.632761690467943
3299,7.0,8.49264523294429
3286,9.0,9.016881086137483
98,9.0,9.0248575252961
512,7.0,7.988181104271094
1206,8.0,8.719531059429922
2467,8.7,7.4632370650278315
3586,10.0,9.472278114335472
2975,6.0,7.0096140714162285
1532,6.0,8.087204732258403
134,8.0,8.79333101303686
884,11.0,8.38161059436802
538,10.0,9.91694873907325
2055,9.0,9.561205560308661
2416,7.0,8.612474460969322
3199,9.0,8.787498346046565
2518,9.0,9.348646717395013
312,8.0,8.698940898592287
1058,9.0,8.232868954599265
2444,9.0,9.057998211407021
315,9.0,8.47497336809953
2283,8.0,9.156080495597672
3991,10.0,8.043783604851615
2495,9.0,8.710604870281315
2237,9.0,9.381172900138388
817,7.0,8.27312921884284
3441,8.0,10.016498219797139
2970,6.0,6.7288870182433875
2665,8.0,9.037757376141688
1912,6.0,8.327017883239243
199,10.0,9.61577437124971
373,8.0,8.454138978912734
2725,10.0,8.109365888288092
992,8.0,8.490456827394926
2391,9.0,9.371158747604039
2758,9.0,9.284117038638605
3081,9.0,9.886736207581164
2231,9.0,8.19618470326693
3911,8.0,7.529262994660657
1241,7.0,8.333164863031664
321,8.0,9.336390651367598
2972,9.0,7.309633262919349
187,6.0,8.345047697618545
3910,6.0,6.773097976247965
3913,7.0,9.131818358736968
471,8.0,7.282547405533525
3774,8.0,8.357203943053658
2611,8.0,8.49033753173388
1820,6.0,7.486907157797829
322,9.0,8.442742953741494
1129,10.0,9.54846709276914
1576,5.0,7.2735967775367945
1531,11.0,8.891274818442188
896,7.0,8.561061550052603
1537,9.0,8.581325821033719
3423,8.0,8.888658116659876
4137,7.0,7.759285355259451
3874,11.0,8.92924085809635
2593,8.0,8.880523294425629
3998,11.0,10.087492703788435
1182,12.0,9.332604012687828
424,12.0,9.997251088780017
948,7.0,8.057399526421863
2811,11.0,8.405731563818012
1081,10.0,9.067299138724373
2113,8.0,9.33703234114578
2998,7.0,8.635163422213756
3221,10.0,9.34001108815803
71,10.0,8.610263924011985
2320,8.0,7.172261537901398
968,8.0,8.791528467958573
214,10.0,7.819938860754601
1283,7.0,8.482482989303636
1001,10.0,9.280200434889409
1792,11.0,8.95448687629267
4062,8.0,9.30252554428997
1318,8.0,9.042400650858122
14,9.0,8.621294515999345
894,8.0,7.6866661857726175
1198,8.0,8.134265681437451
1133,10.0,8.879243170579725
1444,10.0,9.011963184287568
275,7.0,7.5702890604587
549,9.0,8.89336580605908
1369,10.0,8.882395758341069
8,8.0,9.303714431832725
1246,9.0,8.388299020633198
1944,7.0,7.702085761846272
3328,8.0,9.112954346121745
3122,11.0,8.245646235647985
833,8.0,7.737282597334345
1937,9.0,7.473731850849895
2383,10.0,9.999258497742458
2117,9.0,9.188304849928041
3865,8.0,8.216207917885834
1251,10.0,8.39184100190841
255,10.0,8.158738794279504
1877,7.0,8.940454953457834
2984,7.0,8.661436447869137
302,9.0,8.94402938776004
770,10.0,8.138871070936993
555,11.0,11.810459394193286
3079,10.0,8.171464610633777
4125,8.0,8.400071941508688
3001,9.0,9.85494387942515
2980,8.0,8.22366531201466
4132,7.0,7.820587476669225
2769,10.0,9.010344950247685
2476,10.0,8.48249971107682
32,9.0,8.610983228340974
2417,11.0,8.673700064591284
1609,9.0,8.516362840275187
2548,9.0,8.791111553674286
2675,10.0,9.08844126582627
1637,10.0,8.584347366776344
4129,6.0,7.927833564469424
3084,9.0,8.255000764685452
3517,8.0,8.486320025449093
1196,10.0,10.631398968838514
1677,9.0,10.115447103939676
3742,9.0,8.263147884878506
580,10.0,8.361326925206795
3169,8.0,9.0117436723701
1871,9.0,8.261936771031241
3672,8.0,9.397235322362324
448,9.0,9.200938986945397
2690,9.0,10.098711342706956
2340,10.0,8.744349206965794
2402,10.0,10.425352562530874
3992,7.0,7.7387403199575004
2329,10.0,8.254942091116579
2569,5.0,7.352659785027328
3941,8.0,7.324493860549447
481,7.0,8.212122593547523
922,9.0,8.657927410244787
1716,7.0,9.131549285668923
826,7.0,7.941609395144484
2356,7.0,7.4037009210362035
1286,10.0,8.391565916803573
475,7.0,7.8791716865238
3546,8.0,7.110274118580076
3553,9.0,9.373319194519913
3238,9.0,8.668263186842506
325,9.0,7.905666766203185
733,8.0,9.584108669739237
3082,9.0,8.61100922979779
43,7.0,7.855513352011041
853,11.0,9.122858492499573
1534,7.0,8.329632393337295
1340,9.0,7.760344909332934
1296,7.0,7.391305133648209
3261,10.0,9.015648354029155
411,11.0,8.105111031152004
2742,6.0,8.41576796433587
2782,10.0,9.2090810459427
1889,7.0,9.585147123923672
2656,9.0,9.094630228696335
3893,7.0,7.352220636419632
3461,8.0,8.752380458575711
3947,8.0,8.927978411863702
1856,9.0,8.564947781178498
2544,7.0,8.852803870738308
1867,9.0,8.934253936506426
3315,7.0,8.152781289883114
2423,11.0,8.739282583548702
17,8.0,8.433584943544822
2909,8.0,7.824797181421277
609,9.0,8.596030705763066
4047,7.0,8.152714028888859
3217,12.0,9.570484297211506
1563,9.0,7.897949449428709
761,7.0,7.215886582504837
4084,7.0,6.672588384792957
1092,11.0,9.10804820015475
2864,8.0,8.7901494494917
693,7.0,8.314649226240299
3056,9.0,8.269226996382766
2212,9.0,8.372973548232808
467,9.0,8.472574075593323
2242,11.0,8.794494910889622
3509,10.0,8.791428187857363
3649,7.0,8.039341773393406
3437,9.0,9.94515873894672
2123,10.0,9.023394935460642
473,7.0,8.117782607869962
1745,9.0,9.631498580308259
1450,9.0,9.124557890761468
3578,11.0,10.176362126391444
3132,9.0,8.237983715264235
2473,7.0,8.757224729798196
3568,5.0,7.3275076861707396
2465,13.0,9.521051717067813
668,10.0,9.622011164037817
1303,9.0,8.82069785225032
3539,9.0,7.963452753553749
208,8.0,7.731353980401311
2730,8.0,9.85698673680126
2693,7.0,8.041285036138405
918,7.0,7.727755997950865
3889,8.0,9.056450978560639
1953,8.0,7.789316948399734
2361,8.0,8.409455535265405
1165,9.0,8.041366559922796
500,6.0,7.484781681196519
953,10.0,8.74564125886615
1508,10.0,8.902185934382224
1617,14.0,9.457469615931187
1022,6.0,8.023957195499499
2897,8.0,9.888756486535671
1591,10.0,9.089955705779136
980,8.0,8.034643204547315
3677,7.0,8.934316473280074
2326,7.0,8.534088984274213
3244,11.0,9.375618808269472
95,8.0,8.575612643160431
2452,10.0,8.27607187670457
23,11.0,8.832400027655007
1006,8.0,8.568282060877813
2484,9.0,8.08919952668053
3460,10.0,9.148645643693671
1773,6.0,7.649460870262248
1323,9.0,10.491193090545277
576,13.0,10.236820706050807
2107,11.0,9.742810600041683
3339,9.0,8.945956399770079
1442,8.0,8.284034644145274
4046,10.0,8.131241693918613
1898,10.0,9.093014504063088
3053,8.0,8.839212390415266
2555,8.0,7.202029862894796
1115,9.0,8.446653132980918
1233,9.0,8.159997934721655
1901,7.0,9.069251446107149
1136,10.0,8.866553126536534
101,9.0,10.205485665487931
442,5.0,6.913544707457942
2162,10.0,8.638262290393868
3656,8.0,9.039891222154308
1313,9.0,8.434736024941607
4095,6.0,8.276401258401673
122,10.0,8.34022420627479
846,6.0,8.011647456860066
1527,9.0,10.450264438675257
158,9.0,8.353075648288943
2075,7.0,8.4813813132551
2370,8.0,7.928240465692373
1284,9.0,7.839263871656985
3558,7.0,7.824052360885557
3935,11.0,9.186737188769353
2248,9.0,9.693805460988482
2915,10.0,9.563730349623597
244,9.0,9.070289520241818
1085,9.0,7.842374172880797
1845,7.0,8.622813602853485
2183,7.0,8.882380038528598
1074,8.0,8.367086845820833
3030,6.0,7.262825850832514
2859,10.0,8.821417851671264
1570,8.0,7.880620539834754
3908,9.0,8.706032132299946
2759,7.0,7.7665717893623505
3406,10.0,10.11145458290836
2778,6.0,8.343522164419074
2369,8.0,9.076321054808963
1403,9.0,8.919095925033488
2046,9.0,8.60730787371395
903,9.0,8.687329158666412
607,8.0,8.282629348954604
3763,10.0,8.559531856618104
180,12.0,9.909160603274987
3457,10.0,8.36879930145205
2931,10.0,7.915671472614685
2272,7.0,7.85039209922163
51,8.0,8.212854024906767
1608,7.0,7.454331709036833
2635,10.0,10.447980792568474
74,11.0,11.91783628520316
1248,9.0,8.072429153821446
2124,10.0,8.603284485132345
3394,9.0,9.959209274618631
1230,11.0,10.288334758066329
2448,10.0,9.987753324388319
4135,8.0,9.414435904504659
1292,11.0,8.301423234596335
2427,8.0,8.916666876312977
3591,8.0,9.593181268891174
1142,8.0,8.298372348809973
4031,7.0,8.090252536531798
159,9.0,8.976886556215675
1909,7.0,8.59959368752902
3784,10.0,9.063778899226035
545,12.0,8.812600937485657
52,11.0,9.359893214311622
4023,7.0,6.844904681594807
223,9.0,8.221364772606703
1317,13.0,9.271435176339974
26,9.0,8.153201995390255
1678,9.0,8.382198576757194
1974,9.0,8.298415413051702
217,9.0,8.620851724190281
2134,9.0,8.026004561744884
4064,8.0,9.193675290157737
3483,9.0,7.916616136943146
1402,7.0,7.924805490381608
3726,9.0,9.49198846860029
328,11.0,9.433272695575456
3368,7.0,8.936514857637302
3538,11.0,10.071553125467364
3867,7.0,7.235989031911572
1643,11.0,8.662672012744112
877,10.0,8.411435652252681
2034,9.0,8.048132455499424
2474,9.0,8.624288177439004
3832,7.0,7.8674274126969355
3473,8.0,8.774268521561915
2568,7.0,6.969518021554638
44,8.0,9.267006815324754
746,10.0,8.971262339398004
506,9.0,8.320435522873584
1581,9.0,9.402394354797622
1046,7.0,7.393620342322028
2249,7.0,7.809228918414792
361,9.0,8.934302238340116
588,5.0,7.460018623946709
3263,10.0,8.876285433954148
4041,7.0,7.425464745864188
611,8.0,7.879983716708675
2205,9.0,8.079995090178592
2526,9.0,8.891863721433788
1526,7.0,7.958094823169192
3856,9.0,8.804207343781021
418,5.0,7.446874578266825
3317,10.0,8.469724899158606
2502,8.0,8.998335091009116
260,10.0,7.976983114190035
1669,6.0,7.680534719314554
776,7.0,7.735904993708395
4123,7.0,8.290689943913453
3222,9.0,9.662152810193499
3071,10.0,7.368304845652375
2229,8.0,8.573667141193006
1816,8.0,7.831208887456856
1178,8.0,8.27902773522872
1258,9.0,8.34773969954983
2392,10.0,9.745106886082555
2564,7.0,8.305162196111658
297,8.0,8.91543907926451
1982,7.0,8.235627844867489
1750,7.0,7.819857596310246
136,9.0,8.21373998407865
1783,7.0,9.70252577270191
3940,9.0,8.592076429912204
3724,9.0,8.543934330890803
2067,8.0,8.22288387600826
267,9.0,8.680065119982995
3989,8.0,7.61405103256576
1190,9.0,8.181681818166153
2515,9.0,8.551199097346169
1996,8.0,8.168776238666501
832,10.0,8.763027184813257
56,13.0,8.988139686477876
844,10.0,7.81411123078738
706,7.0,7.826458341281333
562,9.0,9.396757859861095
3035,10.0,9.706426485730741
1391,7.0,8.525270303140715
2936,9.0,8.775796201991326
1601,7.0,8.420709611490285
825,8.0,8.63184993820942
1779,9.0,9.39929577126032
1294,8.0,8.375095968277602
3588,8.0,9.538354994790879
402,8.0,8.76249539667963
2435,8.0,8.196986331096815
1715,8.0,7.8169959357193655
172,9.0,8.429975537796231
655,9.0,9.038875594120926
2268,9.0,9.129931107450261
1981,9.0,8.805222518913581
3934,7.0,8.681690448982716
1805,7.0,7.518402334417262
2986,9.0,9.070038217657649
191,9.0,7.825111904856378
12,12.0,9.225453960784314
1986,5.0,7.823419616101791
329,11.0,9.058831776766846
3005,7.0,8.147611124585314
618,8.0,8.226673350067724
818,11.0,8.299271596342237
766,6.0,7.8403340222387286
3380,10.0,9.884990896034322
3152,10.0,8.733377608889857
3180,9.0,9.095004460146818
689,8.0,9.351095322073634
3065,7.0,8.797049958110618
3815,10.0,9.143827409732593
2793,7.0,8.83925925649207
2194,9.0,7.849920389885338
2872,8.0,7.6675892801956085
3066,10.0,7.790837525623171
3258,10.0,9.835298828899731
2512,10.0,9.553251826627891
4083,9.0,8.757355844828012
1763,9.0,9.134704738205437
242,8.0,8.19554573734915
177,8.0,8.527323376965338
3442,8.0,8.896823776632445
3206,10.0,9.827916698408535
2664,10.0,9.605897231309239
4015,6.0,7.795814168515179
3610,11.0,8.826396348323193
1835,7.0,7.6989234041118975
1452,9.0,8.689739067062678
4130,7.0,8.286972941328468
4119,10.0,8.643528540072765
1355,8.0,8.709069704423506
420,9.0,8.504858892839508
1207,8.0,7.0237446351506465
3739,9.0,8.870138973511718
2374,8.0,8.248837458044218
3029,6.0,7.268233846714188
1832,8.0,9.086469443824937
2285,8.0,8.557771115576926
2625,10.0,8.291731413485756
230,8.0,7.902744852816341
3852,8.0,9.02727233792416
2041,10.0,8.724321053897937
2151,10.0,8.07283221793611
358,8.0,8.806031853957789
1479,7.0,8.074534525702592
2031,7.0,7.802639438914598
2128,11.0,8.209022767354782
1363,8.0,8.437070851076808
1787,9.0,8.758908809601815
2863,8.0,8.07661742735067
3544,10.0,9.294179355220866
2001,10.0,8.77455487665193
70,8.0,9.608036355297543
1620,9.0,8.568621559808431
45,8.0,7.6703177127904505
3984,9.0,9.497370613607895
3621,10.0,9.497291903139155
186,10.0,9.42232215564456
1220,8.0,8.560580693927724
2108,9.0,8.546462068216709
965,7.0,8.25652813235466
522,8.0,8.579362366599002
1253,10.0,8.349317232048021
2517,10.0,9.089771599324026
2868,9.0,7.663015313165659
1501,11.0,8.878684212351844
141,10.0,8.453382256674782
2410,9.0,9.925194508414435
2955,8.0,9.227676363516277
316,9.0,9.551901083703454
270,7.0,8.012921697006181
3043,7.0,7.819709938131502
2254,10.0,8.81135393709287
3325,9.0,8.615458858241876
64,10.0,9.150432836210635
2668,8.0,7.3465234272402435
1381,11.0,9.774380245363748
1945,9.0,8.66664641782084
1432,6.0,8.77783140771762
146,10.0,8.928144831911784
4025,8.0,8.071117079179913
1049,9.0,9.78852454452699
964,8.0,7.957278567306013
2127,11.0,8.114665184345009
496,9.0,9.521105002429211
4055,8.0,8.44515639075582
3993,7.0,7.447923711878922
3750,10.0,9.921004838376101
3744,6.0,8.077868252500004
3792,9.0,8.807377674400009
3626,9.0,9.46171902480206
3326,7.0,7.606932052618964
2718,9.0,9.369758805454822
3012,8.0,7.887386812590891
2364,10.0,8.65669011403671
284,9.0,9.388427353320427
3202,9.0,7.645188807648814
2632,8.0,8.60546296108467
365,9.0,8.317698946078696
4074,7.0,8.602904875082722
305,7.0,7.493089841312153
1091,10.0,10.178506778074555
2224,9.0,7.885070056766221
2207,10.0,8.76507495306089
2579,9.0,9.12732315599447
425,7.0,7.100561796490779
4087,8.0,8.841184274379676
2525,7.0,7.959279259900882
1069,7.0,7.508875808510607
2633,10.0,8.948481781961416
1454,11.0,9.308990101167222
3768,13.0,9.659210600511805
2296,7.0,7.968366232192878
3118,9.0,7.954253927828859
1577,9.0,9.014919610475623
1813,9.0,7.842208245628789
2878,6.0,7.855306186011873
4006,8.0,8.676613123073938
683,7.0,7.72651607859332
58,7.0,7.910797230099482
77,7.0,8.173436392419609
375,9.0,8.204163535465815
1042,10.0,9.076907092040601
759,8.0,8.52683640112559
1941,8.0,7.098608323911469
925,8.0,8.516244703400286
4110,10.0,8.321641074473906
720,10.0,7.103401738917787
1110,7.0,9.279180187583425
3136,8.0,7.861962164618162
2135,7.0,8.515422176910956
879,10.0,9.64596771360388
3157,8.0,8.763669090405713
126,10.0,9.070772825452918
2441,9.0,8.069045029362258
2375,11.0,9.467814677347851
2173,9.0,8.393477665998232
3654,12.0,9.400706756687876
1194,7.0,8.399522343842602
439,9.0,8.844122598269998
3969,6.0,7.5189598509994715
3269,11.0,9.3480969884543
2103,10.0,8.864044124107844
3236,12.0,8.79721632544869
3599,10.0,9.301562458980841
3418,11.0,9.814056554903475
3617,10.0,9.659175547641857
395,8.0,8.680610732550036
30,8.0,8.364185444325221
3194,10.0,8.88836541029097
206,11.0,7.774845319705313
824,10.0,9.466572596603278
3990,9.0,8.570742438693653
805,7.0,8.459958885799153
3242,7.0,7.339105020591608
4001,9.0,8.700990123327585
2045,8.0,9.02932509579794
2767,11.0,8.874204011386723
488,7.0,8.21113773290152
1886,6.0,7.725169756807416
2202,9.0,8.664198147592902
453,9.0,9.103799897370347
1776,7.0,8.364434855889142
1423,10.0,9.544252387757108
1334,9.0,9.233345129872838
195,8.0,7.730120457324678
579,9.0,8.26038093741548
1324,9.0,8.734060647222938
3664,13.0,11.216800150320173
6,10.0,8.762102720239664
449,8.0,10.288487246083067
295,9.0,8.532317855807026
748,7.0,7.897136989515682
3323,7.0,8.166424637560846
3542,11.0,8.754019791375324
2727,9.0,8.933393464885407
1839,6.0,7.8832991157805425
2278,10.0,9.31650321068986
858,11.0,8.380994516003147
3753,8.0,8.218627635722456
4044,9.0,8.341343573944023
994,9.0,8.26307453156515
197,9.0,9.12808582914012
460,9.0,7.7465601334563186
2489,10.0,9.14459249078867
3761,8.0,9.484138555315093
29,9.0,9.361272198481926
857,6.0,8.165245801440523
3762,8.0,9.021991443954944
3894,8.0,8.779709014464352
2059,7.0,8.089010491212022
3098,9.0,8.218240565384146
3068,8.0,8.382348136983786
2731,8.0,8.338585908742056
1606,11.0,10.060363081180212
3829,9.0,9.731159083386505
1638,10.0,10.575282900301207
2621,9.0,9.297517736113095
2683,10.0,8.46384104706789
225,7.0,7.707313055423967
2852,10.0,8.561206626754835
735,7.0,9.360002835576141
585,12.0,9.421851653488266
3682,7.0,9.085142562720398
3502,8.0,8.48604573882183
2425,9.0,8.25703392862863
1589,9.0,9.044869856379872
1767,8.0,8.680442552706813
802,9.0,7.745480079456601
81,7.0,8.145834951104755
261,11.0,8.74828454810691
301,12.0,10.824648715271698
3309,10.0,10.196164140619116
1431,6.0,8.923229827972893
2997,7.0,8.217681261812443
827,6.0,7.3027446483522285
2922,9.0,8.703520703679498
2394,7.0,9.217743278371376
3606,10.0,10.22439007180772
2133,11.0,9.214689990199608
1482,7.0,7.9456895473273965
3257,8.0,8.613119285537083
2963,8.0,9.188526541449317
1193,8.0,8.188688869070837
1090,10.0,9.71644834070014
1594,8.0,8.840354286655174
1542,11.0,9.341610063824502
1263,10.0,9.31085544765007
2199,12.0,9.168358337086953
4136,8.0,9.862278952996569
667,8.0,10.263469233433602
2167,9.0,8.051680759865107
1034,6.0,7.742279379581887
2277,9.0,8.442682412881815
2290,9.0,8.679051558542287
421,10.0,8.661596389866336
2483,7.0,8.187533639198133
1059,7.0,7.343410444883325
1242,10.0,8.899914234641745
3007,10.0,8.06974287073644
3301,13.0,9.972734222362142
3611,9.0,9.034192538657633
670,11.0,10.326401205283664
3452,10.0,9.699239529197516
3796,9.0,9.366236583722717
791,7.0,7.681166935852859
3166,8.0,9.097427028076101
154,9.0,8.763684498656557
2965,7.0,7.657077301982071
1689,11.0,7.856862050959787
2387,9.0,8.993151741459144
104,9.0,9.218209335362143
1674,8.0,9.12161761422221
1648,8.0,8.753135729570944
243,8.0,8.671794935150961
800,7.0,8.58739092479821
1654,8.0,8.677564207811908
1015,8.0,7.534945989638633
2719,8.0,9.72031639953617
2096,8.0,8.49480386924167
1072,10.0,8.78322778345461
2110,8.0,8.495470708410112
2510,9.0,9.284521582100378
3876,7.0,8.864097869376973
2898,8.0,8.374164349945513
4040,10.0,9.991603658692958
2651,8.0,8.613834795340246
822,10.0,8.268363631614385
339,6.0,8.323957185056136
1513,8.0,7.723660013162929
2390,7.0,8.088741767162404
3637,8.0,8.661144170978687
904,6.0,7.672107826002072
831,8.0,8.475629789981244
1224,11.0,9.012119536499327
1561,9.0,8.387736341188814
2728,11.0,8.334583858149504
2572,6.0,7.797830096017973
2165,8.0,8.115044078519244
1102,12.0,8.983741132651216
3013,9.0,7.709746144100705
4091,8.0,8.238218275695214
2371,8.0,8.195119860323983
3602,10.0,9.090949922459616
2384,9.0,8.116754412087385
3273,10.0,9.2637002480637
1640,7.0,8.370297231670612
1965,9.0,9.403675278552871
2145,9.0,9.25984390475482
565,6.0,7.948945336308801
1693,11.0,9.704234280999701
4133,10.0,11.11270328691521
908,8.0,7.982534385712197
2035,8.0,8.16955097417215
3085,10.0,9.185276822170268
3318,9.0,8.248073690457412
2740,9.0,9.804437096871418
1446,7.0,7.88299578605993
2885,10.0,8.26754286233297
886,8.0,8.434409938937616
1756,9.0,8.431175897457578
2919,9.0,10.370656918175717
3097,8.0,9.326122929585274
1757,6.0,7.154483519055285
3841,8.0,8.437592749444935
1840,6.0,8.437814174924036
4009,8.0,7.977661915999736
1437,10.0,9.123762684681516
2257,9.0,8.634907571989679
3092,8.0,7.604314735855328
744,7.0,7.884577946220154
1208,11.0,8.481442494905318
1123,9.0,9.060359654208458
736,8.0,8.239790586026093
1903,8.0,7.933803002892995
2377,8.0,8.54800405782115
1629,9.0,8.544363714989494
1522,11.0,8.681394675854188
1802,8.0,8.572110218281175
1641,7.0,7.949410498755922
353,10.0,8.141786806370913
2655,11.0,9.53996791135583
2715,7.0,9.357825141854098
1147,7.0,8.238289015435221
3812,8.0,8.415974561571105
3399,11.0,8.780252926835093
779,9.0,8.548868736356319
2244,7.0,9.130518365927722
1668,10.0,7.9138937226825155
1841,9.0,8.89048448400517
1314,9.0,9.823155785091588
181,10.0,8.597359585588894
3731,9.0,8.228716223653194
3833,10.0,9.419488340761951
2892,7.0,8.15666279239366
912,7.0,8.059818225597033
3272,10.0,9.705941513683113
3459,6.0,8.366116746573766
3410,10.0,10.141603960158102
25,9.0,8.278092344177429
880,9.0,8.622443555588477
2262,10.0,8.697511578641631
3961,8.0,8.546856347200105
176,9.0,9.13264157313106
2840,10.0,8.827897740353162
3168,10.0,9.134485882528065
338,7.0,7.928146523720589
3587,9.0,9.347763347627259
440,9.0,9.052198765168919
2813,9.0,9.199363259801023
2099,8.0,7.757958693970927
2870,9.0,7.954287620096921
4112,9.0,9.607937622533884
489,9.0,8.864165767949384
1568,7.0,8.323120468747891
2083,6.0,8.374028265589931
813,9.0,8.588528520381544
3883,9.0,7.453753737761956
1135,12.0,9.125456977508085
927,8.0,8.846145050823985
3880,7.0,7.521348866342554
2960,9.0,7.80460024547492
1900,9.0,9.57757628635928
331,8.0,7.557986011762278
1347,9.0,9.853118565017526
1386,9.0,8.047943877201178
478,8.0,8.571313822743734
573,8.0,8.399488580726635
1859,7.0,7.503716706507015
2089,8.0,9.597243077284434
1078,6.0,8.618650873805695
4086,9.0,8.886348927840913
1064,5.0,7.810514816226021
3526,10.0,8.56387681472037
3887,9.0,8.72244198837539
62,13.0,9.899435435881438
1361,9.0,9.612752343761494
3366,10.0,9.516584209755361
3518,12.0,9.15957133904019
258,11.0,9.089768791399903
2795,7.0,7.778283285697697
1461,10.0,9.4641863444796
1127,7.0,7.889842937372697
3478,7.0,8.984115099967926
3795,9.0,8.209068456142612
2663,9.0,8.295425052481106
1445,8.0,8.93869829444612
68,7.0,8.912704852474608
1721,9.0,8.834340038967063
2457,9.0,9.046645306726646
224,7.0,8.606255351919069
