,y_test,prediction
612,8.0,9.61
767,9.0,8.16
3191,11.0,8.46
1017,11.0,9.05
2553,7.0,9.44
2328,11.0,8.98
695,9.0,8.08
332,10.0,8.88
168,8.0,8.34
1051,8.0,7.83
3627,9.0,9.42
872,7.0,8.85
111,9.0,8.02
1862,9.0,8.94
3741,8.0,7.91
151,11.0,8.48
1516,7.0,9.27
304,15.0,9.89
3758,8.0,8.61
2413,8.0,8.95
1619,6.0,7.24
1935,8.0,8.53
182,10.0,8.46
33,8.0,8.52
2855,11.0,8.38
2302,11.0,10.5
1625,9.0,9.68
2247,11.0,9.905
1044,11.0,9.16
3688,8.0,8.52
566,10.0,9.0
1766,7.0,8.065
3532,10.0,9.89
1035,9.0,9.25
1759,9.0,8.54
1281,8.0,9.26
232,9.0,10.08
3488,10.0,10.103
1183,10.0,9.0
3265,10.0,9.387
3667,8.0,9.79
3925,6.0,7.47
1192,9.0,9.135
3299,7.0,8.74
3286,9.0,9.63
98,9.0,9.04
512,7.0,7.85
1206,8.0,8.94
2467,8.7,8.39
3586,10.0,9.07
2975,6.0,6.67
1532,6.0,7.6
134,8.0,8.63
884,11.0,8.52
538,10.0,10.39
2055,9.0,9.465
2416,7.0,9.19
3199,9.0,9.01
2518,9.0,9.71
312,8.0,8.5
1058,9.0,8.88
2444,9.0,9.35
315,9.0,8.87
2283,8.0,9.4
3991,10.0,8.16
2495,9.0,8.66
2237,9.0,10.28
817,7.0,8.41
3441,8.0,10.055
2970,6.0,6.89
2665,8.0,9.185
1912,6.0,8.08
199,10.0,9.53
373,8.0,8.03
2725,10.0,8.77
992,8.0,8.82
2391,9.0,9.14
2758,9.0,8.955
3081,9.0,9.46
2231,9.0,8.19
3911,8.0,7.46
1241,7.0,8.3
321,8.0,9.61
2972,9.0,7.21
187,6.0,8.7
3910,6.0,6.2
3913,7.0,9.07
471,8.0,7.11
3774,8.0,8.82
2611,8.0,8.13
1820,6.0,7.68
322,9.0,9.05
1129,10.0,9.85
1576,5.0,7.04
1531,11.0,8.76
896,7.0,8.64
1537,9.0,8.8
3423,8.0,8.99
4137,7.0,7.82
3874,11.0,9.02
2593,8.0,8.54
3998,11.0,9.57
1182,12.0,9.895
424,12.0,9.4
948,7.0,7.64
2811,11.0,8.55
1081,10.0,9.46
2113,8.0,9.91
2998,7.0,8.51
3221,10.0,9.355
71,10.0,8.79
2320,8.0,7.39
968,8.0,8.54
214,10.0,7.87
1283,7.0,8.65
1001,10.0,9.72
1792,11.0,9.7
4062,8.0,9.01
1318,8.0,9.31
14,9.0,9.06
894,8.0,7.37
1198,8.0,7.52
1133,10.0,9.19
1444,10.0,9.34
275,7.0,7.02
549,9.0,8.98
1369,10.0,9.03
8,8.0,9.29
1246,9.0,8.335
1944,7.0,7.52
3328,8.0,9.74
3122,11.0,8.945
833,8.0,7.455
1937,9.0,7.44
2383,10.0,10.12
2117,9.0,9.53
3865,8.0,8.43
1251,10.0,8.71
255,10.0,7.69
1877,7.0,8.66
2984,7.0,8.31
302,9.0,9.18
770,10.0,8.24
555,11.0,13.78
3079,10.0,8.835
4125,8.0,8.17
3001,9.0,9.28
2980,8.0,7.57
4132,7.0,7.99
2769,10.0,8.94
2476,10.0,7.99
32,9.0,8.98
2417,11.0,9.08
1609,9.0,8.53
2548,9.0,8.61
2675,10.0,9.07
1637,10.0,8.23
4129,6.0,8.17
3084,9.0,8.05
3517,8.0,8.35
1196,10.0,9.815
1677,9.0,9.692
3742,9.0,9.0
580,10.0,8.5
3169,8.0,8.97
1871,9.0,8.15
3672,8.0,9.3
448,9.0,9.35
2690,9.0,9.41
2340,10.0,8.72
2402,10.0,10.05
3992,7.0,7.7
2329,10.0,8.53
2569,5.0,7.24
3941,8.0,7.18
481,7.0,7.96
922,9.0,8.54
1716,7.0,8.68
826,7.0,7.96
2356,7.0,7.52
1286,10.0,8.6
475,7.0,7.52
3546,8.0,6.4
3553,9.0,9.56
3238,9.0,8.86
325,9.0,8.12
733,8.0,9.29
3082,9.0,8.53
43,7.0,8.06
853,11.0,8.6
1534,7.0,8.67
1340,9.0,7.49
1296,7.0,6.86
3261,10.0,9.59
411,11.0,8.1
2742,6.0,8.66
2782,10.0,9.19
1889,7.0,9.06
2656,9.0,9.1
3893,7.0,7.61
3461,8.0,8.715
3947,8.0,8.74
1856,9.0,8.88
2544,7.0,8.89
1867,9.0,8.58
3315,7.0,8.19
2423,11.0,9.4
17,8.0,7.82
2909,8.0,8.01
609,9.0,9.152999999999999
4047,7.0,7.92
3217,12.0,10.04
1563,9.0,7.62
761,7.0,7.3
4084,7.0,7.19
1092,11.0,9.44
2864,8.0,8.61
693,7.0,8.68
3056,9.0,8.37
2212,9.0,8.32
467,9.0,9.0
2242,11.0,9.13
3509,10.0,8.99
3649,7.0,7.63
3437,9.0,9.475
2123,10.0,9.45
473,7.0,8.84
1745,9.0,9.67
1450,9.0,9.48
3578,11.0,9.81
3132,9.0,8.87
2473,7.0,8.84
3568,5.0,7.37
2465,13.0,9.29
668,10.0,9.89
1303,9.0,8.97
3539,9.0,7.96
208,8.0,7.33
2730,8.0,9.527000000000001
2693,7.0,8.78
918,7.0,7.15
3889,8.0,9.26
1953,8.0,7.97
2361,8.0,8.135
1165,9.0,8.23
500,6.0,6.95
953,10.0,8.81
1508,10.0,9.35
1617,14.0,9.3
1022,6.0,7.59
2897,8.0,9.536
1591,10.0,9.12
980,8.0,7.66
3677,7.0,9.085
2326,7.0,9.18
3244,11.0,10.353
95,8.0,9.07
2452,10.0,9.07
23,11.0,9.41
1006,8.0,8.42
2484,9.0,7.97
3460,10.0,9.01
1773,6.0,7.7
1323,9.0,10.06
576,13.0,10.325999999999999
2107,11.0,10.0
3339,9.0,9.85
1442,8.0,8.14
4046,10.0,8.71
1898,10.0,8.78
3053,8.0,8.89
2555,8.0,7.685
1115,9.0,8.8
1233,9.0,7.55
1901,7.0,9.11
1136,10.0,9.65
101,9.0,10.412
442,5.0,6.07
2162,10.0,9.12
3656,8.0,8.82
1313,9.0,8.42
4095,6.0,8.44
122,10.0,8.53
846,6.0,7.45
1527,9.0,10.05
158,9.0,7.95
2075,7.0,7.78
2370,8.0,8.64
1284,9.0,7.87
3558,7.0,7.86
3935,11.0,9.05
2248,9.0,10.373
2915,10.0,9.61
244,9.0,8.93
1085,9.0,7.58
1845,7.0,8.25
2183,7.0,9.41
1074,8.0,7.95
3030,6.0,7.92
2859,10.0,8.69
1570,8.0,8.18
3908,9.0,8.515
2759,7.0,7.75
3406,10.0,9.59
2778,6.0,8.59
2369,8.0,9.45
1403,9.0,9.01
2046,9.0,8.68
903,9.0,9.48
607,8.0,7.98
3763,10.0,9.19
180,12.0,10.63
3457,10.0,8.23
2931,10.0,8.08
2272,7.0,8.02
51,8.0,7.75
1608,7.0,6.815
2635,10.0,9.737
74,11.0,12.7
1248,9.0,8.39
2124,10.0,8.57
3394,9.0,9.885
1230,11.0,10.15
2448,10.0,10.62
4135,8.0,9.87
1292,11.0,8.91
2427,8.0,8.79
3591,8.0,9.607000000000001
1142,8.0,7.86
4031,7.0,8.16
159,9.0,9.53
1909,7.0,8.67
3784,10.0,9.69
545,12.0,8.833
52,11.0,9.69
4023,7.0,6.75
223,9.0,8.16
1317,13.0,9.763
26,9.0,8.42
1678,9.0,9.09
1974,9.0,8.08
217,9.0,8.76
2134,9.0,8.24
4064,8.0,9.32
3483,9.0,7.56
1402,7.0,7.605
3726,9.0,9.765
328,11.0,9.795
3368,7.0,9.03
3538,11.0,9.67
3867,7.0,6.9
1643,11.0,9.4
877,10.0,8.51
2034,9.0,8.45
2474,9.0,9.28
3832,7.0,7.61
3473,8.0,9.05
2568,7.0,8.43
44,8.0,9.416
746,10.0,8.92
506,9.0,8.28
1581,9.0,9.402999999999999
1046,7.0,7.06
2249,7.0,7.3
361,9.0,9.1
588,5.0,6.79
3263,10.0,8.93
4041,7.0,6.92
611,8.0,7.48
2205,9.0,8.37
2526,9.0,9.05
1526,7.0,7.87
3856,9.0,9.05
418,5.0,7.38
3317,10.0,8.24
2502,8.0,9.09
260,10.0,8.1
1669,6.0,6.97
776,7.0,7.97
4123,7.0,8.13
3222,9.0,9.835
3071,10.0,6.87
2229,8.0,9.41
1816,8.0,7.88
1178,8.0,8.0
1258,9.0,8.87
2392,10.0,9.41
2564,7.0,8.49
297,8.0,9.34
1982,7.0,8.59
1750,7.0,8.05
136,9.0,8.19
1783,7.0,9.2
3940,9.0,8.25
3724,9.0,9.0
2067,8.0,8.16
267,9.0,9.08
3989,8.0,7.36
1190,9.0,8.36
2515,9.0,8.79
1996,8.0,7.98
832,10.0,8.67
56,13.0,9.96
844,10.0,8.05
706,7.0,7.32
562,9.0,9.17
3035,10.0,9.96
1391,7.0,8.33
2936,9.0,8.61
1601,7.0,7.88
825,8.0,8.28
1779,9.0,9.32
1294,8.0,8.46
3588,8.0,9.41
402,8.0,8.92
2435,8.0,8.36
1715,8.0,7.62
172,9.0,8.89
655,9.0,9.59
2268,9.0,9.283
1981,9.0,8.55
3934,7.0,8.732999999999999
1805,7.0,7.41
2986,9.0,8.817
191,9.0,7.91
12,12.0,9.42
1986,5.0,7.34
329,11.0,9.47
3005,7.0,8.03
618,8.0,8.1
818,11.0,8.76
766,6.0,7.24
3380,10.0,9.823
3152,10.0,9.67
3180,9.0,9.195
689,8.0,9.59
3065,7.0,8.14
3815,10.0,9.16
2793,7.0,8.24
2194,9.0,7.79
2872,8.0,7.39
3066,10.0,8.235
3258,10.0,9.73
2512,10.0,9.56
4083,9.0,8.89
1763,9.0,8.77
242,8.0,7.89
177,8.0,8.62
3442,8.0,8.97
3206,10.0,10.29
2664,10.0,9.82
4015,6.0,7.83
3610,11.0,9.35
1835,7.0,7.24
1452,9.0,8.63
4130,7.0,7.49
4119,10.0,8.4
1355,8.0,8.7
420,9.0,8.25
1207,8.0,7.645
3739,9.0,8.84
2374,8.0,8.38
3029,6.0,7.05
1832,8.0,8.54
2285,8.0,8.0
2625,10.0,8.927
230,8.0,8.06
3852,8.0,9.2
2041,10.0,8.89
2151,10.0,8.06
358,8.0,9.11
1479,7.0,7.89
2031,7.0,7.39
2128,11.0,8.15
1363,8.0,8.58
1787,9.0,9.14
2863,8.0,7.77
3544,10.0,9.34
2001,10.0,8.93
70,8.0,9.87
1620,9.0,7.98
45,8.0,8.37
3984,9.0,9.21
3621,10.0,9.59
186,10.0,9.363
1220,8.0,8.79
2108,9.0,8.2
965,7.0,7.86
522,8.0,8.76
1253,10.0,7.99
2517,10.0,9.215
2868,9.0,7.535
1501,11.0,8.93
141,10.0,8.77
2410,9.0,9.81
2955,8.0,9.04
316,9.0,9.44
270,7.0,7.79
3043,7.0,7.08
2254,10.0,9.08
3325,9.0,8.88
64,10.0,9.55
2668,8.0,7.55
1381,11.0,9.89
1945,9.0,8.65
1432,6.0,9.07
146,10.0,9.417
4025,8.0,7.98
1049,9.0,9.54
964,8.0,7.79
2127,11.0,7.52
496,9.0,9.49
4055,8.0,8.46
3993,7.0,6.66
3750,10.0,9.49
3744,6.0,7.965
3792,9.0,9.36
3626,9.0,9.695
3326,7.0,7.26
2718,9.0,9.43
3012,8.0,7.72
2364,10.0,8.91
284,9.0,9.09
3202,9.0,7.77
2632,8.0,8.5
365,9.0,7.94
4074,7.0,8.59
305,7.0,6.98
1091,10.0,9.89
2224,9.0,7.41
2207,10.0,8.88
2579,9.0,9.45
425,7.0,6.85
4087,8.0,8.86
2525,7.0,7.73
1069,7.0,7.15
2633,10.0,8.887
1454,11.0,8.9
3768,13.0,9.37
2296,7.0,7.44
3118,9.0,7.705
1577,9.0,8.7
1813,9.0,7.97
2878,6.0,7.5
4006,8.0,8.51
683,7.0,6.98
58,7.0,8.43
77,7.0,8.3
375,9.0,8.56
1042,10.0,8.88
759,8.0,8.38
1941,8.0,6.77
925,8.0,8.33
4110,10.0,8.02
720,10.0,7.1
1110,7.0,9.5
3136,8.0,7.24
2135,7.0,8.725
879,10.0,9.83
3157,8.0,8.77
126,10.0,9.3
2441,9.0,8.43
2375,11.0,9.515
2173,9.0,8.79
3654,12.0,9.567
1194,7.0,7.9
439,9.0,9.265
3969,6.0,7.27
3269,11.0,9.99
2103,10.0,10.27
3236,12.0,9.06
3599,10.0,9.64
3418,11.0,9.81
3617,10.0,9.37
395,8.0,8.46
30,8.0,8.56
3194,10.0,8.9
206,11.0,7.35
824,10.0,9.09
3990,9.0,8.78
805,7.0,8.38
3242,7.0,7.75
4001,9.0,9.06
2045,8.0,9.09
2767,11.0,9.1
488,7.0,8.22
1886,6.0,7.19
2202,9.0,8.83
453,9.0,8.55
1776,7.0,8.5
1423,10.0,10.06
1334,9.0,9.78
195,8.0,7.92
579,9.0,8.45
1324,9.0,9.81
3664,13.0,10.56
6,10.0,9.12
449,8.0,9.795
295,9.0,8.56
748,7.0,7.68
3323,7.0,8.08
3542,11.0,9.16
2727,9.0,9.19
1839,6.0,7.62
2278,10.0,8.9
858,11.0,8.07
3753,8.0,8.42
4044,9.0,8.29
994,9.0,8.05
197,9.0,9.29
460,9.0,7.965
2489,10.0,8.98
3761,8.0,10.033
29,9.0,9.405
857,6.0,8.51
3762,8.0,8.67
3894,8.0,8.826
2059,7.0,8.24
3098,9.0,7.91
3068,8.0,8.48
2731,8.0,8.155
1606,11.0,9.581
3829,9.0,9.14
1638,10.0,10.76
2621,9.0,10.08
2683,10.0,8.41
225,7.0,7.92
2852,10.0,8.26
735,7.0,9.39
585,12.0,9.927
3682,7.0,9.0
3502,8.0,8.43
2425,9.0,8.59
1589,9.0,9.22
1767,8.0,9.06
802,9.0,8.15
81,7.0,7.92
261,11.0,9.07
301,12.0,10.21
3309,10.0,9.9
1431,6.0,9.18
2997,7.0,8.26
827,6.0,7.195
2922,9.0,8.67
2394,7.0,10.04
3606,10.0,9.755
2133,11.0,9.84
1482,7.0,7.9
3257,8.0,9.17
2963,8.0,8.84
1193,8.0,7.8
1090,10.0,10.19
1594,8.0,8.89
1542,11.0,9.275
1263,10.0,9.78
2199,12.0,9.345
4136,8.0,9.6
667,8.0,10.3
2167,9.0,7.83
1034,6.0,8.06
2277,9.0,8.07
2290,9.0,8.54
421,10.0,8.49
2483,7.0,8.29
1059,7.0,7.07
1242,10.0,9.6
3007,10.0,8.25
3301,13.0,10.54
3611,9.0,9.52
670,11.0,9.89
3452,10.0,9.86
3796,9.0,9.92
791,7.0,6.75
3166,8.0,9.76
154,9.0,8.52
2965,7.0,7.58
1689,11.0,8.36
2387,9.0,9.245
104,9.0,9.535
1674,8.0,9.08
1648,8.0,8.95
243,8.0,8.585
800,7.0,8.1
1654,8.0,8.27
1015,8.0,7.76
2719,8.0,9.44
2096,8.0,8.78
1072,10.0,8.77
2110,8.0,8.98
2510,9.0,9.87
3876,7.0,8.52
2898,8.0,7.8
4040,10.0,9.703
2651,8.0,8.69
822,10.0,8.43
339,6.0,7.58
1513,8.0,8.27
2390,7.0,8.47
3637,8.0,8.57
904,6.0,6.59
831,8.0,8.41
1224,11.0,9.17
1561,9.0,8.43
2728,11.0,8.3
2572,6.0,7.23
2165,8.0,8.84
1102,12.0,8.765
3013,9.0,7.78
4091,8.0,8.18
2371,8.0,8.09
3602,10.0,9.32
2384,9.0,8.19
3273,10.0,9.56
1640,7.0,8.44
1965,9.0,9.3
2145,9.0,9.32
565,6.0,7.75
1693,11.0,10.35
4133,10.0,10.69
908,8.0,8.29
2035,8.0,8.61
3085,10.0,9.38
3318,9.0,7.81
2740,9.0,9.955
1446,7.0,7.99
2885,10.0,8.19
886,8.0,8.26
1756,9.0,8.81
2919,9.0,9.54
3097,8.0,9.487
1757,6.0,7.24
3841,8.0,8.3
1840,6.0,8.87
4009,8.0,8.14
1437,10.0,8.9
2257,9.0,8.9
3092,8.0,7.925
744,7.0,8.37
1208,11.0,9.42
1123,9.0,9.565
736,8.0,7.54
1903,8.0,7.85
2377,8.0,8.6
1629,9.0,7.95
1522,11.0,9.25
1802,8.0,8.35
1641,7.0,8.68
353,10.0,8.71
2655,11.0,9.52
2715,7.0,9.565
1147,7.0,8.06
3812,8.0,8.65
3399,11.0,8.54
779,9.0,8.31
2244,7.0,9.175
1668,10.0,6.94
1841,9.0,9.01
1314,9.0,9.85
181,10.0,8.89
3731,9.0,7.89
3833,10.0,9.51
2892,7.0,8.42
912,7.0,8.08
3272,10.0,9.499
3459,6.0,8.32
3410,10.0,9.875
25,9.0,8.24
880,9.0,8.85
2262,10.0,8.975
3961,8.0,8.33
176,9.0,8.99
2840,10.0,8.96
3168,10.0,9.12
338,7.0,7.61
3587,9.0,9.31
440,9.0,9.1
2813,9.0,9.1
2099,8.0,7.74
2870,9.0,7.51
4112,9.0,9.03
489,9.0,9.14
1568,7.0,8.38
2083,6.0,8.11
813,9.0,8.36
3883,9.0,7.91
1135,12.0,9.26
927,8.0,8.46
3880,7.0,8.27
2960,9.0,7.47
1900,9.0,9.19
331,8.0,7.06
1347,9.0,10.01
1386,9.0,8.14
478,8.0,8.15
573,8.0,8.48
1859,7.0,7.43
2089,8.0,9.045
1078,6.0,8.86
4086,9.0,9.05
1064,5.0,7.19
3526,10.0,8.83
3887,9.0,8.65
62,13.0,9.365
1361,9.0,9.755999999999998
3366,10.0,9.725
3518,12.0,9.485
258,11.0,9.38
2795,7.0,7.95
1461,10.0,9.54
1127,7.0,7.83
3478,7.0,9.28
3795,9.0,8.39
2663,9.0,8.49
1445,8.0,9.16
68,7.0,8.63
1721,9.0,8.91
2457,9.0,8.605
224,7.0,9.14
