,y_test,prediction
612,8.0,8.185
767,9.0,9.26
3191,11.0,9.09
1017,11.0,10.08
2553,7.0,7.57
2328,11.0,10.85
695,9.0,8.16
332,10.0,8.03
168,8.0,8.14
1051,8.0,8.27
3627,9.0,9.31
872,7.0,8.83
111,9.0,9.2
1862,9.0,8.98
3741,8.0,7.88
151,11.0,10.26
1516,7.0,8.15
304,15.0,10.75
3758,8.0,8.11
2413,8.0,8.25
1619,6.0,6.43
1935,8.0,8.16
182,10.0,9.94
33,8.0,7.97
2855,11.0,9.65
2302,11.0,9.83
1625,9.0,8.68
2247,11.0,11.48
1044,11.0,10.7
3688,8.0,8.03
566,10.0,9.735
1766,7.0,7.85
3532,10.0,9.92
1035,9.0,7.895
1759,9.0,9.13
1281,8.0,7.88
232,9.0,8.94
3488,10.0,10.28
1183,10.0,10.42
3265,10.0,8.99
3667,8.0,8.39
3925,6.0,5.97
1192,9.0,9.66
3299,7.0,7.54
3286,9.0,9.75
98,9.0,9.38
512,7.0,7.44
1206,8.0,7.99
2467,8.7,9.47
3586,10.0,9.95
2975,6.0,6.46
1532,6.0,6.53
134,8.0,7.71
884,11.0,10.54
538,10.0,10.36
2055,9.0,8.54
2416,7.0,7.38
3199,9.0,8.49
2518,9.0,9.21
312,8.0,8.07
1058,9.0,8.85
2444,9.0,9.34
315,9.0,9.01
2283,8.0,8.27
3991,10.0,9.44
2495,9.0,9.45
2237,9.0,9.03
817,7.0,7.49
3441,8.0,8.03
2970,6.0,6.52
2665,8.0,7.904
1912,6.0,6.51
199,10.0,9.54
373,8.0,7.91
2725,10.0,9.41
992,8.0,8.56
2391,9.0,8.63
2758,9.0,8.75
3081,9.0,9.42
2231,9.0,9.15
3911,8.0,8.63
1241,7.0,7.1
321,8.0,8.4
2972,9.0,8.62
187,6.0,6.52
3910,6.0,6.45
3913,7.0,7.31
471,8.0,7.67
3774,8.0,8.25
2611,8.0,7.97
1820,6.0,6.57
322,9.0,8.79
1129,10.0,10.9
1576,5.0,6.15
1531,11.0,9.36
896,7.0,7.1
1537,9.0,8.61
3423,8.0,7.21
4137,7.0,6.76
3874,11.0,10.43
2593,8.0,7.51
3998,11.0,9.95
1182,12.0,10.62
424,12.0,10.5
948,7.0,6.91
2811,11.0,10.32
1081,10.0,8.75
2113,8.0,7.31
2998,7.0,7.28
3221,10.0,9.55
71,10.0,9.57
2320,8.0,8.92
968,8.0,8.38
214,10.0,9.35
1283,7.0,7.41
1001,10.0,10.03
1792,11.0,9.43
4062,8.0,7.987
1318,8.0,8.35
14,9.0,9.47
894,8.0,8.17
1198,8.0,10.1
1133,10.0,9.3
1444,10.0,10.22
275,7.0,7.34
549,9.0,8.77
1369,10.0,10.25
8,8.0,8.02
1246,9.0,8.79
1944,7.0,7.53
3328,8.0,8.78
3122,11.0,9.36
833,8.0,8.32
1937,9.0,8.62
2383,10.0,11.12
2117,9.0,10.23
3865,8.0,8.59
1251,10.0,10.28
255,10.0,9.77
1877,7.0,7.61
2984,7.0,7.67
302,9.0,9.45
770,10.0,10.0
555,11.0,9.055
3079,10.0,9.67
4125,8.0,8.28
3001,9.0,8.89
2980,8.0,7.61
4132,7.0,7.8
2769,10.0,9.02
2476,10.0,9.07
32,9.0,8.74
2417,11.0,9.91
1609,9.0,9.63
2548,9.0,8.4
2675,10.0,9.62
1637,10.0,9.43
4129,6.0,6.44
3084,9.0,8.35
3517,8.0,9.14
1196,10.0,10.12
1677,9.0,8.67
3742,9.0,7.9270000000000005
580,10.0,9.38
3169,8.0,7.92
1871,9.0,8.96
3672,8.0,8.66
448,9.0,8.48
2690,9.0,8.135
2340,10.0,9.94
2402,10.0,10.54
3992,7.0,6.78
2329,10.0,9.85
2569,5.0,5.8
3941,8.0,8.04
481,7.0,6.53
922,9.0,8.85
1716,7.0,7.42
826,7.0,7.41
2356,7.0,7.485
1286,10.0,10.49
475,7.0,7.25
3546,8.0,8.4
3553,9.0,8.27
3238,9.0,9.0
325,9.0,9.33
733,8.0,9.005
3082,9.0,10.52
43,7.0,9.76
853,11.0,9.28
1534,7.0,7.26
1340,9.0,8.52
1296,7.0,7.725
3261,10.0,10.69
411,11.0,10.05
2742,6.0,8.8
2782,10.0,9.21
1889,7.0,8.25
2656,9.0,9.91
3893,7.0,7.38
3461,8.0,6.78
3947,8.0,8.76
1856,9.0,8.635
2544,7.0,7.64
1867,9.0,9.57
3315,7.0,7.82
2423,11.0,10.07
17,8.0,9.08
2909,8.0,8.29
609,9.0,8.42
4047,7.0,7.58
3217,12.0,10.63
1563,9.0,8.74
761,7.0,7.42
4084,7.0,8.78
1092,11.0,11.08
2864,8.0,8.147
693,7.0,6.9
3056,9.0,8.37
2212,9.0,8.83
467,9.0,9.01
2242,11.0,9.67
3509,10.0,9.87
3649,7.0,7.67
3437,9.0,8.88
2123,10.0,9.43
473,7.0,7.647
1745,9.0,9.41
1450,9.0,9.57
3578,11.0,9.533999999999999
3132,9.0,9.44
2473,7.0,6.25
3568,5.0,6.18
2465,13.0,10.73
668,10.0,9.43
1303,9.0,9.395
3539,9.0,8.53
208,8.0,8.43
2730,8.0,8.99
2693,7.0,6.63
918,7.0,7.37
3889,8.0,8.12
1953,8.0,7.58
2361,8.0,7.9
1165,9.0,9.91
500,6.0,6.43
953,10.0,9.17
1508,10.0,8.84
1617,14.0,8.89
1022,6.0,6.68
2897,8.0,9.237
1591,10.0,9.94
980,8.0,8.44
3677,7.0,8.07
2326,7.0,7.91
3244,11.0,10.18
95,8.0,8.01
2452,10.0,10.12
23,11.0,10.34
1006,8.0,7.84
2484,9.0,8.67
3460,10.0,9.96
1773,6.0,6.6
1323,9.0,8.985
576,13.0,9.84
2107,11.0,11.44
3339,9.0,8.71
1442,8.0,8.4
4046,10.0,9.69
1898,10.0,9.14
3053,8.0,10.27
2555,8.0,8.41
1115,9.0,9.39
1233,9.0,8.52
1901,7.0,6.95
1136,10.0,9.99
101,9.0,8.32
442,5.0,4.96
2162,10.0,8.92
3656,8.0,8.395
1313,9.0,9.33
4095,6.0,7.31
122,10.0,9.88
846,6.0,6.65
1527,9.0,8.68
158,9.0,9.09
2075,7.0,7.15
2370,8.0,8.7
1284,9.0,8.45
3558,7.0,7.45
3935,11.0,9.68
2248,9.0,10.71
2915,10.0,9.97
244,9.0,9.27
1085,9.0,10.29
1845,7.0,7.0729999999999995
2183,7.0,7.47
1074,8.0,7.61
3030,6.0,6.73
2859,10.0,9.52
1570,8.0,8.55
3908,9.0,9.48
2759,7.0,7.79
3406,10.0,8.09
2778,6.0,6.24
2369,8.0,8.6
1403,9.0,8.26
2046,9.0,8.97
903,9.0,9.73
607,8.0,8.01
3763,10.0,8.53
180,12.0,10.95
3457,10.0,9.3
2931,10.0,9.36
2272,7.0,7.8
51,8.0,7.87
1608,7.0,6.45
2635,10.0,9.24
74,11.0,9.5
1248,9.0,8.61
2124,10.0,9.65
3394,9.0,9.46
1230,11.0,10.54
2448,10.0,11.39
4135,8.0,8.21
1292,11.0,8.17
2427,8.0,7.68
3591,8.0,8.76
1142,8.0,7.8
4031,7.0,6.770999999999999
159,9.0,9.37
1909,7.0,7.89
3784,10.0,10.28
545,12.0,11.55
52,11.0,10.2
4023,7.0,6.42
223,9.0,9.3
1317,13.0,11.12
26,9.0,8.67
1678,9.0,9.07
1974,9.0,8.69
217,9.0,9.25
2134,9.0,9.02
4064,8.0,8.54
3483,9.0,8.12
1402,7.0,7.295
3726,9.0,9.17
328,11.0,10.495
3368,7.0,7.27
3538,11.0,10.66
3867,7.0,6.72
1643,11.0,11.31
877,10.0,10.0
2034,9.0,9.11
2474,9.0,8.56
3832,7.0,8.66
3473,8.0,8.56
2568,7.0,8.96
44,8.0,7.99
746,10.0,9.63
506,9.0,7.95
1581,9.0,8.5
1046,7.0,6.6
2249,7.0,7.6
361,9.0,9.38
588,5.0,5.61
3263,10.0,10.11
4041,7.0,7.34
611,8.0,7.1
2205,9.0,9.84
2526,9.0,9.73
1526,7.0,6.81
3856,9.0,9.25
418,5.0,5.65
3317,10.0,10.49
2502,8.0,6.876
260,10.0,8.91
1669,6.0,6.31
776,7.0,6.586
4123,7.0,6.726
3222,9.0,8.705
3071,10.0,9.33
2229,8.0,8.4
1816,8.0,7.74
1178,8.0,8.42
1258,9.0,8.71
2392,10.0,10.42
2564,7.0,6.82
297,8.0,9.1
1982,7.0,7.59
1750,7.0,7.41
136,9.0,8.78
1783,7.0,8.78
3940,9.0,9.24
3724,9.0,8.94
2067,8.0,8.89
267,9.0,9.38
3989,8.0,8.39
1190,9.0,9.71
2515,9.0,8.64
1996,8.0,7.96
832,10.0,9.35
56,13.0,11.23
844,10.0,9.36
706,7.0,6.98
562,9.0,9.0
3035,10.0,9.26
1391,7.0,7.92
2936,9.0,8.27
1601,7.0,6.32
825,8.0,8.28
1779,9.0,8.617
1294,8.0,7.82
3588,8.0,8.99
402,8.0,8.69
2435,8.0,8.71
1715,8.0,8.03
172,9.0,9.23
655,9.0,9.07
2268,9.0,8.94
1981,9.0,8.78
3934,7.0,7.81
1805,7.0,7.44
2986,9.0,9.46
191,9.0,8.94
12,12.0,10.58
1986,5.0,5.87
329,11.0,10.08
3005,7.0,7.46
618,8.0,7.89
818,11.0,10.11
766,6.0,6.3
3380,10.0,10.08
3152,10.0,10.01
3180,9.0,9.82
689,8.0,8.18
3065,7.0,7.31
3815,10.0,9.67
2793,7.0,7.3
2194,9.0,9.09
2872,8.0,8.85
3066,10.0,9.23
3258,10.0,10.52
2512,10.0,9.75
4083,9.0,8.86
1763,9.0,8.56
242,8.0,8.18
177,8.0,8.915
3442,8.0,8.86
3206,10.0,9.93
2664,10.0,9.79
4015,6.0,7.72
3610,11.0,10.3
1835,7.0,7.53
1452,9.0,8.4
4130,7.0,7.33
4119,10.0,9.45
1355,8.0,7.82
420,9.0,9.4
1207,8.0,9.0
3739,9.0,8.72
2374,8.0,7.5
3029,6.0,7.05
1832,8.0,8.79
2285,8.0,7.62
2625,10.0,10.31
230,8.0,8.19
3852,8.0,8.78
2041,10.0,9.76
2151,10.0,10.72
358,8.0,8.24
1479,7.0,7.59
2031,7.0,6.79
2128,11.0,10.42
1363,8.0,8.49
1787,9.0,8.93
2863,8.0,7.72
3544,10.0,10.17
2001,10.0,8.94
70,8.0,8.94
1620,9.0,8.73
45,8.0,8.5
3984,9.0,9.63
3621,10.0,9.92
186,10.0,10.13
1220,8.0,8.89
2108,9.0,8.76
965,7.0,6.903
522,8.0,8.41
1253,10.0,9.8
2517,10.0,10.41
2868,9.0,8.5
1501,11.0,10.14
141,10.0,9.35
2410,9.0,8.7
2955,8.0,8.3
316,9.0,9.465
270,7.0,7.14
3043,7.0,7.15
2254,10.0,9.91
3325,9.0,9.94
64,10.0,10.34
2668,8.0,8.3
1381,11.0,10.98
1945,9.0,8.94
1432,6.0,7.32
146,10.0,10.0
4025,8.0,8.49
1049,9.0,9.89
964,8.0,7.99
2127,11.0,9.5
496,9.0,7.98
4055,8.0,8.07
3993,7.0,6.59
3750,10.0,9.21
3744,6.0,6.02
3792,9.0,8.12
3626,9.0,8.75
3326,7.0,6.6
2718,9.0,8.065
3012,8.0,8.05
2364,10.0,9.66
284,9.0,9.66
3202,9.0,9.15
2632,8.0,8.72
365,9.0,9.37
4074,7.0,8.08
305,7.0,7.13
1091,10.0,9.205
2224,9.0,8.51
2207,10.0,11.26
2579,9.0,9.08
425,7.0,6.35
4087,8.0,8.2
2525,7.0,7.13
1069,7.0,6.99
2633,10.0,8.44
1454,11.0,9.71
3768,13.0,11.65
2296,7.0,6.72
3118,9.0,8.84
1577,9.0,7.73
1813,9.0,9.57
2878,6.0,6.69
4006,8.0,7.57
683,7.0,7.36
58,7.0,7.93
77,7.0,7.88
375,9.0,9.19
1042,10.0,8.81
759,8.0,7.82
1941,8.0,8.08
925,8.0,8.354
4110,10.0,9.11
720,10.0,9.44
1110,7.0,7.23
3136,8.0,9.41
2135,7.0,7.38
879,10.0,10.15
3157,8.0,8.91
126,10.0,7.722
2441,9.0,8.61
2375,11.0,10.08
2173,9.0,8.17
3654,12.0,10.72
1194,7.0,7.34
439,9.0,8.44
3969,6.0,6.78
3269,11.0,10.78
2103,10.0,9.18
3236,12.0,10.64
3599,10.0,8.74
3418,11.0,10.56
3617,10.0,10.82
395,8.0,8.29
30,8.0,8.52
3194,10.0,8.54
206,11.0,10.05
824,10.0,9.3
3990,9.0,8.975
805,7.0,7.39
3242,7.0,8.23
4001,9.0,8.83
2045,8.0,8.79
2767,11.0,10.01
488,7.0,6.95
1886,6.0,6.14
2202,9.0,8.82
453,9.0,9.07
1776,7.0,7.81
1423,10.0,9.96
1334,9.0,9.22
195,8.0,8.03
579,9.0,9.1
1324,9.0,9.86
3664,13.0,12.91
6,10.0,10.92
449,8.0,9.01
295,9.0,8.97
748,7.0,7.1
3323,7.0,7.84
3542,11.0,11.53
2727,9.0,8.84
1839,6.0,6.43
2278,10.0,10.065
858,11.0,10.22
3753,8.0,8.34
4044,9.0,9.3
994,9.0,9.19
197,9.0,9.58
460,9.0,8.81
2489,10.0,9.97
3761,8.0,8.09
29,9.0,8.75
857,6.0,6.672999999999999
3762,8.0,8.34
3894,8.0,8.39
2059,7.0,7.019
3098,9.0,9.62
3068,8.0,8.81
2731,8.0,8.14
1606,11.0,11.14
3829,9.0,9.15
1638,10.0,12.84
2621,9.0,9.34
2683,10.0,9.92
225,7.0,7.17
2852,10.0,9.42
735,7.0,7.25
585,12.0,10.87
3682,7.0,7.7
3502,8.0,8.01
2425,9.0,8.98
1589,9.0,9.83
1767,8.0,8.745
802,9.0,8.9
81,7.0,7.46
261,11.0,10.47
301,12.0,9.72
3309,10.0,8.857000000000003
1431,6.0,9.68
2997,7.0,7.29
827,6.0,6.73
2922,9.0,9.32
2394,7.0,6.86
3606,10.0,10.06
2133,11.0,10.58
1482,7.0,8.0
3257,8.0,8.98
2963,8.0,8.72
1193,8.0,7.56
1090,10.0,10.31
1594,8.0,7.735
1542,11.0,10.84
1263,10.0,9.33
2199,12.0,11.3
4136,8.0,8.83
667,8.0,7.937
2167,9.0,8.63
1034,6.0,8.07
2277,9.0,9.7
2290,9.0,8.91
421,10.0,8.72
2483,7.0,6.83
1059,7.0,7.15
1242,10.0,10.19
3007,10.0,9.05
3301,13.0,11.49
3611,9.0,8.51
670,11.0,10.11
3452,10.0,9.67
3796,9.0,8.82
791,7.0,7.1
3166,8.0,8.7
154,9.0,8.55
2965,7.0,7.37
1689,11.0,10.11
2387,9.0,8.93
104,9.0,9.615
1674,8.0,8.54
1648,8.0,8.58
243,8.0,9.8
800,7.0,6.44
1654,8.0,6.71
1015,8.0,8.95
2719,8.0,9.14
2096,8.0,9.72
1072,10.0,9.92
2110,8.0,9.005
2510,9.0,9.35
3876,7.0,6.84
2898,8.0,8.81
4040,10.0,9.86
2651,8.0,8.257
822,10.0,9.45
339,6.0,6.31
1513,8.0,8.22
2390,7.0,7.18
3637,8.0,9.2
904,6.0,6.3
831,8.0,8.0
1224,11.0,11.33
1561,9.0,9.06
2728,11.0,10.55
2572,6.0,6.3
2165,8.0,8.73
1102,12.0,10.81
3013,9.0,8.375
4091,8.0,7.62
2371,8.0,8.39
3602,10.0,9.17
2384,9.0,8.68
3273,10.0,9.26
1640,7.0,6.35
1965,9.0,9.38
2145,9.0,9.145
565,6.0,6.41
1693,11.0,11.83
4133,10.0,9.96
908,8.0,8.14
2035,8.0,7.65
3085,10.0,8.99
3318,9.0,9.08
2740,9.0,8.53
1446,7.0,7.02
2885,10.0,9.54
886,8.0,7.53
1756,9.0,8.62
2919,9.0,9.18
3097,8.0,7.92
1757,6.0,6.56
3841,8.0,7.36
1840,6.0,7.3
4009,8.0,7.71
1437,10.0,9.93
2257,9.0,9.05
3092,8.0,9.2
744,7.0,6.9
1208,11.0,10.1
1123,9.0,9.44
736,8.0,7.83
1903,8.0,8.28
2377,8.0,8.25
1629,9.0,8.5
1522,11.0,10.18
1802,8.0,8.1
1641,7.0,8.365
353,10.0,9.83
2655,11.0,11.19
2715,7.0,7.96
1147,7.0,8.01
3812,8.0,7.86
3399,11.0,9.62
779,9.0,8.9
2244,7.0,7.83
1668,10.0,9.1
1841,9.0,8.33
1314,9.0,9.78
181,10.0,9.86
3731,9.0,8.89
3833,10.0,9.72
2892,7.0,7.01
912,7.0,6.94
3272,10.0,9.68
3459,6.0,6.42
3410,10.0,10.09
25,9.0,8.37
880,9.0,8.79
2262,10.0,10.38
3961,8.0,8.1
176,9.0,9.51
2840,10.0,10.32
3168,10.0,10.23
338,7.0,7.42
3587,9.0,8.13
440,9.0,9.46
2813,9.0,8.895
2099,8.0,8.54
2870,9.0,8.31
4112,9.0,9.78
489,9.0,8.89
1568,7.0,7.57
2083,6.0,6.27
813,9.0,8.73
3883,9.0,9.74
1135,12.0,9.36
927,8.0,7.85
3880,7.0,7.44
2960,9.0,8.74
1900,9.0,9.59
331,8.0,8.49
1347,9.0,9.53
1386,9.0,8.67
478,8.0,8.17
573,8.0,7.94
1859,7.0,7.22
2089,8.0,8.77
1078,6.0,6.41
4086,9.0,9.39
1064,5.0,6.23
3526,10.0,9.7
3887,9.0,9.17
62,13.0,11.88
1361,9.0,8.96
3366,10.0,10.21
3518,12.0,10.87
258,11.0,10.55
2795,7.0,7.61
1461,10.0,8.81
1127,7.0,7.48
3478,7.0,8.35
3795,9.0,9.11
2663,9.0,8.26
1445,8.0,7.8
68,7.0,8.24
1721,9.0,8.57
2457,9.0,7.795
224,7.0,7.26
