,y_test,prediction
1589,10.0,10.122209494114475
14853,9.0,9.245853446679533
1218,11.0,11.180300673439753
15664,8.0,8.275832108842245
10500,8.0,8.698978666396691
19832,10.0,10.170164441994617
5133,8.0,8.418879886275347
5726,9.0,8.364709537359195
10191,9.0,8.142961041030153
15330,7.0,7.829607828146749
5733,9.0,9.300576455878
14667,10.0,8.683907089542869
18594,11.0,9.496844381551101
9735,9.0,8.869828102338612
11274,8.0,7.926067237828343
350,10.0,9.262530253081954
18332,10.0,8.481220772310293
5819,8.0,8.14554013159123
2347,9.0,9.52095994948953
7579,9.0,8.65050405790453
3549,9.0,9.371191323306316
13829,11.0,10.41038298322587
18673,11.0,10.000224984554698
4113,7.0,7.71433071160849
16396,6.0,8.088312644152928
787,10.0,9.289838966664604
13504,11.0,9.754351102651711
345,10.0,8.7780923630029
9976,10.0,8.160005765652459
17049,10.0,9.08665870878976
5519,6.0,7.2332637836902265
17058,8.0,8.881988827573174
6615,11.0,11.393642038328357
11693,11.0,9.534545849970362
17350,8.0,9.69998533786663
8484,7.0,6.949879848746159
5912,9.0,8.117736999913781
5712,7.0,8.379214599441019
19091,9.0,8.496027474477735
1283,8.0,8.386523011315344
21798,8.0,8.359145663137285
6365,8.0,7.868529173976652
10655,9.0,8.767687432892215
20066,8.0,8.273392694288075
5592,9.0,8.740401699822755
13987,9.0,9.046811573857271
7185,10.0,10.782589164018475
4208,8.0,7.967421006392268
12636,8.0,7.911756359321744
89,10.0,9.282465871998607
5889,10.0,9.538215931623185
17596,8.0,7.99304094758701
6582,7.0,8.042084348034706
13695,6.0,8.198330063111188
19635,9.0,9.260768915861714
7662,9.0,9.250974795525922
18089,6.0,8.532319072644466
19743,9.0,11.059658442047352
19896,8.0,8.489705353173818
11668,9.0,7.948140619272005
6141,8.0,7.98374998810767
15903,9.0,9.19516871484815
10752,9.0,8.447241849516397
11284,8.0,8.513544540716252
6445,9.0,8.02951650086065
10298,9.0,8.230488428046858
14817,8.0,8.221294941432799
16479,8.0,8.815542314713998
12059,8.0,8.26779585895078
11984,8.0,7.9372235627917735
12887,11.0,11.388371373357984
2925,8.0,8.325850086530087
22073,6.0,7.58662181291554
12439,9.0,8.29365044364708
1799,12.0,10.313881997105227
17825,9.0,9.2506996735382
1209,9.0,7.848312557175404
20697,9.0,8.981630413311931
6177,10.0,8.356394627032936
2048,8.0,10.361060471001938
4730,9.0,8.075378700265814
10639,9.0,9.286206795741812
5565,7.0,8.837857023159804
10732,9.0,8.770018590660408
15277,8.0,7.3357986743737325
20699,8.0,7.912722539014014
16824,10.0,8.275536160857499
11124,9.0,10.084134599588664
21880,9.0,8.987153977596602
15940,10.0,8.38385615480342
18166,11.0,10.271435933488926
14371,8.0,8.85677458201443
21563,9.0,7.914989071957889
1682,7.0,7.772742891201409
21244,9.0,8.430722905227126
4808,10.0,8.801562676135957
12848,10.0,10.104918182658114
650,10.0,7.962761501966872
7001,10.0,9.746793944302793
11940,9.0,8.689148003918213
9907,9.0,8.050010974202602
997,10.0,9.442343753310235
6662,10.0,9.976573109433163
1880,7.0,8.342568691775632
10568,9.0,8.409390910998217
7348,10.0,9.251973053124011
13714,7.0,8.538018267220082
9279,9.0,9.447875308503063
11470,10.0,8.612569766820947
1520,12.0,8.935598041636892
14643,10.0,9.192066268737719
10677,11.0,8.417717145308561
34,10.0,9.43263576054379
8549,9.0,8.124171216222091
19890,9.0,8.598785137009637
10911,9.0,7.891177272237302
10155,11.0,9.18427797402143
4158,8.0,8.73114806221421
823,7.0,6.882478596955612
8644,9.0,8.722374650439376
13587,5.0,6.587391869876417
9966,8.0,8.34450782339556
2020,10.0,9.072511765848462
1331,9.5,8.84631047787544
17369,10.0,9.833197359689157
8866,6.0,7.003502838901554
13731,10.0,8.959612780437022
16357,6.0,8.422136994081304
14175,8.0,7.7222249613744225
6302,10.0,10.220085869217291
1310,9.0,9.432915429625389
10183,9.0,9.055635003013766
121,8.0,8.98969396878986
7681,7.0,7.558287720113192
17303,8.0,8.618292320155492
1270,9.0,8.454726407932421
19690,9.0,9.551668223788507
21074,7.0,7.48148366796466
10474,9.0,8.799773623444983
3630,8.0,8.919356745310395
6881,10.0,9.04475617916753
6087,9.0,9.367562697363951
1222,10.0,10.201396355380194
22187,9.0,7.749225118738474
1559,7.0,7.351676316412205
11276,8.0,7.926067237828343
14989,9.0,8.190866179513067
21579,11.0,7.847159759179876
20214,8.0,8.044353530303933
15550,7.0,8.875003627399213
3232,9.0,10.003606785357222
6646,8.0,8.477655961453268
13861,9.0,9.384786759327177
10061,8.0,9.250930608629774
7769,6.0,8.594344531403282
11729,11.0,8.346777571200432
19661,10.0,10.497904928151765
6192,11.0,9.579236198518146
10285,8.0,8.14444485590935
2190,6.0,7.151773329803618
11894,10.0,12.028903256574726
4183,8.0,7.70925953159189
18417,10.0,10.817094539117463
17194,9.0,9.259688465496646
1723,10.0,9.585984411069077
18782,7.0,7.411395763555545
19298,12.0,10.767016875595406
17022,9.0,7.8731627103156665
22285,9.0,9.433500447168363
2716,12.0,9.816062822955589
4316,9.0,8.99735194421319
9133,9.0,9.986597070923088
15909,8.0,7.989248501148682
15135,10.0,9.164654291948628
8065,7.0,8.88789776803845
9370,8.0,8.12446017578009
18450,8.0,8.330504500012971
9856,7.0,8.371740435701776
13238,9.0,9.048533039535455
9645,7.0,7.442521711881319
9563,10.0,9.020947836240927
9653,9.0,7.368414094475192
22013,8.0,7.484909717545213
4621,9.0,10.070504951078291
3184,5.0,6.604783548962854
15407,10.0,9.795704306840852
13558,12.0,10.153334376593438
8415,9.0,8.116745158028703
14229,7.0,9.046616843835821
16126,7.0,8.24014033815862
9364,7.0,9.1930590617131
21111,6.0,7.529281986556814
10632,7.0,8.179609135631667
13398,7.0,7.868707899224512
18724,8.0,8.285953199810786
8925,9.0,8.601478097287856
14105,9.0,8.43056347462035
3210,11.0,9.372847745629658
17328,10.0,8.696887098070023
12092,9.0,9.700827753736526
7360,11.0,10.992311903642216
60,7.0,8.50333645560087
7395,8.0,9.114087202858352
12209,9.0,8.420558984364453
4246,9.0,7.917798021694939
7492,8.0,8.986347259130044
20355,10.0,9.647954755406698
2544,11.0,8.952915185820556
8020,8.0,8.139784657012072
21273,6.0,7.061143706112507
1687,8.0,8.977293843454909
16749,9.0,9.176972823633347
15816,8.0,8.180467353504119
21697,7.0,8.576247313086789
19379,6.0,6.554848915885879
22051,6.0,7.532123917630271
367,7.0,8.111883579143749
8016,8.0,7.533043379283427
18956,6.0,6.425538314262902
20479,7.0,7.824469727409491
4532,10.0,8.364186946006205
15011,7.0,8.443936084157311
1414,9.0,9.746052303678525
1504,9.0,8.374610802606934
11581,7.0,9.519859601195936
17264,9.0,8.171848513523221
790,8.0,8.747119618199026
20946,8.0,8.856215728555874
8507,8.0,8.06301177070512
8307,9.0,8.06954955679548
19445,11.0,9.387688099412431
11236,9.0,8.85254304811258
16148,8.0,8.24015304069251
22125,9.0,8.728803474427627
2159,6.0,6.301181164012191
2774,7.0,8.458840061385649
6987,9.0,9.113970066410689
1762,7.0,7.670285967352731
12714,8.0,9.192290819753984
20285,9.0,8.499976655903014
10723,8.0,8.356156812724423
17679,10.0,9.118433904616419
11383,11.0,10.932026068806875
12644,9.0,8.371671230761779
14270,10.0,10.417812767485092
1980,9.0,9.655075311232794
7036,8.0,7.8070759699134715
8570,18.0,10.822785732851026
3698,7.0,7.212221349593608
20455,6.0,6.4981026347772515
18777,7.0,7.411395763555545
19839,10.0,9.133317626843493
9866,9.0,9.17040318812125
22266,9.0,8.824869770882762
4380,8.0,8.351958249594798
7039,8.0,8.392504265556546
7216,9.0,8.75532312477736
4348,10.0,8.384344248955633
9014,9.0,7.938045295015241
4020,9.0,9.353720222227517
21285,9.0,8.480485980004719
3636,9.0,9.424148845769441
9681,7.0,8.503497810696109
2728,7.0,6.751832036446901
8469,9.0,8.572986014809342
3223,11.0,8.944150619276892
2352,9.0,9.149053138503108
14626,7.0,8.581997651938835
2849,8.0,7.960265708171949
8530,6.0,7.307503948663759
9081,9.0,9.518425649587844
16591,11.0,9.72484010430922
21906,7.0,7.759024146589191
21190,6.0,7.744946233993266
12502,9.0,9.46315624663223
9569,7.0,7.892509854491198
4312,11.0,8.688208823791431
2939,9.0,9.286675702713621
19282,8.0,8.038919290253911
20997,8.0,8.434720142051562
1309,9.0,9.432915429625389
10042,9.0,8.993466573926945
18857,10.0,8.573277615902404
17485,8.0,8.712656877757968
21784,9.0,9.332266458124542
5878,9.0,8.06280635815242
4361,7.0,8.043034634376628
1401,7.0,7.333330915956913
17241,10.0,9.432839907311577
10556,7.0,7.868072635410767
2302,8.0,8.903364611971053
9423,7.0,8.049893830280345
11241,8.0,8.940166373468873
14722,11.0,9.833172352648374
14024,8.0,7.0661332979221445
4593,7.0,8.169751315364556
4676,7.0,7.635754252998302
7656,10.0,9.498619609746461
2252,2.0,8.980334742493895
21181,8.0,8.740969929438169
1196,8.0,7.987119038358685
657,11.0,10.211221028284863
8053,10.0,7.753059469353953
19334,6.0,6.962457837666759
18186,8.0,9.359027840998841
20718,7.0,8.048635869911589
1665,8.0,8.703145214363635
20922,9.0,8.723135806242116
3476,8.0,9.155703911963142
15444,11.0,9.308425361290885
10396,6.0,8.277599654159902
18097,7.0,8.407997357747126
3551,7.0,8.0068086031268
20521,9.0,8.304215878871021
21407,11.0,9.801549942055171
21269,9.0,9.146609181335204
6568,13.0,11.083613292776283
12976,8.0,9.129897561400956
6599,9.0,9.454032893274123
2808,8.0,8.685801558068537
3005,9.0,8.924984294512452
19137,11.0,8.09855580800821
17016,10.0,9.686974661701456
4930,9.0,9.043100033248697
593,9.0,8.350580232690477
18297,9.0,9.23309368683817
21120,10.0,8.620645495664762
19844,8.0,7.96586188971451
18250,10.0,8.871873042984038
15516,9.0,7.634273175195489
13863,9.0,9.384786759327177
7079,10.0,9.256660754575918
13676,9.0,8.962455049973096
21265,10.0,8.556525852676458
7437,10.0,6.895790883793633
20635,8.0,6.855230499720238
8056,9.0,8.1572746454542
15294,7.0,7.403160977131591
11000,6.0,7.225327180548979
5612,9.0,8.84037604710492
1686,8.0,8.977293843454909
2678,8.0,9.312309115286444
7794,9.0,8.716414149607493
3978,6.0,8.258557515822192
16199,7.0,8.248433856223782
2005,10.0,9.488352298945573
5728,6.0,7.935605004089542
17560,7.0,7.248837301199182
21463,9.0,8.681346531095315
1638,8.0,8.254533231095387
13971,9.0,8.722680334910889
1038,7.0,7.565336932827828
8598,10.0,10.154667125791253
9055,11.0,9.884363085137426
16550,9.0,9.27884128418153
14562,9.0,8.88794024550884
8949,8.0,7.73158691449594
5258,10.0,8.91773474504259
6545,8.0,8.4042768593991
4926,6.0,7.717072284635615
10641,9.0,9.286206795741812
9328,8.0,8.818473383577626
12904,9.0,9.192931437274945
17545,9.0,9.715750877904721
4984,7.0,7.125107404072968
11304,9.0,9.02674461104716
3728,6.0,7.342205462455727
5815,10.0,8.998778145509775
21143,8.0,8.846013259568718
19350,8.0,9.064339220963841
2161,9.0,9.420381102673737
18799,7.5,9.24477618384083
18557,6.0,6.967684578991983
19788,10.0,7.85462362281921
4146,6.0,7.716182539599378
12085,11.0,10.454365203316858
937,9.0,8.674958671576306
17661,7.0,7.800455432636072
18686,9.0,8.669533032801077
4722,8.0,8.18259261129445
1075,10.0,9.012653243538645
21847,8.0,8.311408131629074
22261,7.0,8.363105688308506
20917,7.0,7.02164131768858
13415,8.0,8.896771358258096
7840,10.0,8.860569023481943
19858,11.0,10.171524501181413
4404,8.0,8.736567837617596
11736,11.0,11.167318581367105
17708,11.0,9.78800285645292
2862,9.0,9.132278657970438
12558,8.0,7.743338616675455
8609,6.0,7.918630571881911
9571,8.0,8.845966018739091
21205,7.0,7.573660841001486
2896,8.0,7.411757871255501
490,11.0,9.205838587600432
20639,10.0,8.756270097830857
21267,9.0,9.146609181335204
5793,9.0,7.987704748471103
15682,9.0,8.475172775703147
20199,7.0,7.3062683826267385
12367,11.0,9.020690907909264
7110,9.0,9.95592682481005
9814,11.0,8.940312295279687
508,9.0,8.887356054716662
8388,7.0,7.378342889045662
106,9.0,7.927635581586527
8033,7.0,7.926076953312563
4308,10.0,8.216574813784865
10140,9.0,8.62478329978959
14029,7.0,7.150868551736847
1037,7.0,7.565336932827828
19520,6.0,6.503433052979987
20867,10.0,9.274181092472645
15851,8.0,8.054136374944871
3226,9.0,9.621774621210324
3002,13.0,10.475335832546392
2249,5.0,7.031070041263012
11465,11.0,8.81450603404623
17160,11.0,10.283858769800046
22116,8.0,8.110813255110852
7738,7.0,7.577921756312772
15275,9.0,8.446345218898712
20045,9.0,8.613910366766847
16383,8.0,8.610245356582237
14730,9.0,8.909471673644699
5023,8.0,7.979080252292675
19834,8.0,9.134779456459384
918,8.0,7.548164612916024
19669,10.0,10.610321676370255
11933,8.0,9.125496167130045
8879,6.0,7.04504015937421
17948,7.0,7.127750430267117
18511,9.0,10.41775723472162
10046,7.0,7.306052322103891
5274,6.0,7.558914164943042
14865,7.0,7.191862320047862
2314,9.0,10.229802397959805
5772,7.0,7.497613577890469
22148,7.0,8.231205327867857
5067,6.0,8.111307740627955
3856,7.0,8.924298242920345
21770,9.0,9.357471353837774
9833,8.0,7.299744241713986
19822,12.0,9.736649750361119
6689,9.0,8.920610279200945
6386,9.0,9.072466676230679
18113,9.0,8.860475973617072
19782,10.0,9.542192907490831
1806,7.0,7.55823881202299
10607,10.0,8.907069805084912
10026,6.0,7.2656023718390434
13488,9.0,9.575746694901273
2995,8.0,8.501814066843378
17021,9.0,7.4997514536953656
12438,10.0,10.206766172260306
4161,7.0,7.769196484150706
4749,9.0,8.073326154433994
4433,10.0,8.138096680155915
1214,7.0,7.5353839952170265
1502,6.0,7.251240758126088
4178,7.0,7.814532938262518
16390,6.0,7.59217733511446
17548,9.0,9.794180996849601
9111,6.0,8.056827962473793
10578,7.0,8.074654727089627
2054,8.0,8.546540915536864
4096,8.0,7.288661285558965
20624,8.0,8.136395984238197
760,11.0,8.628339412479786
250,9.0,8.297581393182641
17433,6.0,8.34432107515694
1053,10.0,9.372353590435077
9440,9.0,8.947847935987815
1475,9.0,9.376675147399947
20460,10.0,9.861814800528382
15405,8.0,8.195296875124185
4792,10.0,8.752044797979556
7117,9.0,9.497496419839765
12365,11.0,9.020690907909264
17257,10.0,9.627521901870418
16111,7.0,7.99549551509528
11317,8.0,9.371576965045747
3792,8.0,8.568552588913027
21979,7.0,8.302380766880798
7611,8.0,8.665453378840063
10107,8.0,8.379733489014532
5145,10.0,8.271769258289995
2182,7.0,6.9627765289491474
14053,11.0,9.542750347717408
1993,9.0,9.72151765485127
15943,10.0,8.827298575601828
10373,8.0,8.021918927979955
17354,10.0,8.42002961541336
8386,7.0,7.378342889045662
10616,7.0,7.9706500952587955
17430,7.0,7.359394999938414
9827,8.0,8.292473459756195
22008,8.0,7.484909717545213
12534,9.0,7.552052980093578
748,7.0,8.33908408016311
9962,10.0,9.434806212790765
6162,8.0,8.110832681932864
6287,7.0,7.643512684295958
19871,13.0,12.847399773779644
1735,8.0,8.316542037617717
5370,9.0,8.953588468913397
7102,9.0,9.404777623370414
3171,10.0,8.32655286513517
14931,7.0,7.589519660227147
13663,9.0,7.551344472524722
13078,7.0,7.790637968857666
16221,10.0,9.438822739908327
5626,10.0,8.845731789630488
10049,7.0,8.481955446233815
19569,9.0,9.130049158221128
8848,9.0,7.464004864843581
18019,11.0,10.129309077941112
8638,8.0,8.0433545401769
11718,8.0,8.4046096308528
1861,8.0,8.746607995052345
5369,9.0,8.953588468913397
1809,10.0,8.894557490448529
10493,8.0,7.227888496367096
12433,11.0,8.90103058627911
18883,8.0,7.9611531092229075
13294,8.0,9.258571484804325
1085,10.0,10.127415006036959
21451,8.0,8.951873299586548
5408,10.0,7.806913990956739
21387,7.0,8.10893446226893
2930,9.0,9.340119121526758
992,11.0,9.504226563955864
17157,8.0,9.3531205358684
5043,6.0,7.623722290032353
7607,13.0,10.777721362420799
10749,8.0,7.7150002375095585
14743,10.0,8.008173755185625
4185,6.3,9.310550957161423
19525,7.0,7.666453704990095
5156,9.0,9.35099439288405
13642,10.0,8.492991350258315
8338,10.0,9.02061161429693
1212,7.0,8.114491083603445
19841,10.0,7.951863041539456
15638,7.0,8.402018947590445
9067,9.0,8.640730340287679
4653,9.0,9.024740062658982
12346,7.0,9.198732672797519
11340,8.0,7.913557543611024
3908,9.0,9.170861116317168
20806,10.0,8.76550093056846
16247,10.0,8.583720278042257
4674,7.0,7.635754252998302
13291,10.0,9.715287848235839
15488,7.0,7.674741435276012
6442,10.0,10.812663093878923
2667,9.0,8.806977938460822
21985,7.0,8.611293969705358
17618,10.0,8.481872594129575
10590,9.0,8.594419003621386
9154,7.0,8.60552069977807
8160,8.0,8.79202169500169
14264,10.0,9.568329929609012
14292,14.0,11.37738801231216
13827,11.0,10.41038298322587
1895,9.0,9.518538078855782
6416,8.0,7.435498935866056
10988,6.0,7.805300508256215
20419,7.0,8.32667523523248
4474,11.0,8.647671435273544
19344,10.0,10.727048207262692
12688,8.0,7.592342839992133
506,8.0,9.485205266238241
19870,13.0,12.847399773779644
3072,9.0,8.947463864318587
3388,7.0,7.686710770731375
21802,8.0,8.020272651199434
12260,11.0,9.436718208507054
8037,10.0,8.349386538531126
17876,10.0,9.441580889276784
13730,10.0,8.959612780437022
5051,7.0,7.355456824232697
20580,8.0,8.397733065122669
14675,8.0,8.888372459025987
20183,10.0,10.72102373928254
8120,10.0,8.86848083340575
1650,8.0,8.16786291209774
4143,9.0,8.52088443164538
16000,10.0,8.896282868800892
14386,9.0,9.366891604762266
1832,10.0,10.00658580146692
16189,9.0,9.28124584359823
832,9.0,9.211430801941509
18551,9.0,9.166210502411156
16229,9.0,7.646701782666389
22368,7.0,8.270142599931678
13745,6.0,7.8346208747401835
10460,10.0,9.386502515412928
19527,9.0,8.69020366670874
18340,10.0,8.084900349031209
4295,9.0,9.187770940666358
1876,9.0,9.521032397031231
13665,9.0,7.551344472524722
12929,10.0,9.473304544926226
5337,9.0,8.748168655086108
14579,7.0,7.50478767664271
6353,8.0,8.662995970511112
1811,10.0,9.939576272386695
11422,15.0,7.649683420890195
17600,8.0,7.990147015630505
9092,10.0,8.6427839233674
19725,11.0,11.710151090406569
1813,9.0,8.828860865044334
16395,6.0,8.088312644152928
18368,9.0,8.39996431326414
15131,8.0,8.562793145526525
4806,11.0,8.724726665882407
18343,7.0,8.415667405412895
13974,8.0,8.026204623032996
1174,9.0,8.643098116746708
20008,9.0,10.258453295840603
1355,9.0,7.994467700210793
11564,10.0,9.085338637901334
8055,9.0,8.1572746454542
2350,8.0,9.563731152383744
12020,6.0,7.088738766224192
13625,9.0,7.35795778111605
15323,7.0,8.38591936489497
19104,9.0,9.188017627522406
2870,10.0,10.208989510360759
1853,11.0,9.174362441865473
12000,7.0,8.413359880461247
1203,8.0,8.60599331436102
18683,10.0,8.582094182714682
4015,8.0,8.773759892722165
15243,9.0,9.5800647287862
1102,10.0,9.388741803605642
7148,8.0,8.871014063520883
11157,9.0,8.875329146000647
9068,9.0,8.640730340287679
9177,5.0,7.686877548525436
13970,10.0,9.33675725971988
13964,8.0,8.823740324036315
4347,10.0,8.384344248955633
19287,11.0,10.634787684009677
4406,8.0,8.736567837617596
19787,10.0,7.85462362281921
2800,7.0,8.400124727567038
17391,9.0,8.817843153807976
16667,10.0,8.949051607423403
8654,6.0,7.510840093659212
13809,9.0,8.772927528145901
4833,9.0,8.475717566289285
13736,9.0,9.258358601356067
18185,8.0,9.359027840998841
22374,8.0,8.255210329741598
6182,9.0,9.341845059468277
9685,8.0,8.454127208755553
7585,9.0,8.318587489159553
14289,7.0,7.710207482237973
19812,7.0,7.830691029290559
3534,7.0,6.797940369343281
297,11.0,7.9454830400364305
10863,7.0,7.92566164092656
19076,10.0,9.869339062915694
6364,8.0,7.868529173976652
6276,11.0,9.714953816628977
15879,7.0,8.18245264750422
13093,9.0,8.043993664536291
21427,9.0,8.652893038993481
15530,11.0,9.04132313835089
994,11.0,9.504226563955864
11091,9.0,8.267824914455566
19876,12.0,10.120836502971972
19220,9.0,10.088182486281134
10455,10.0,8.270015095627862
17694,8.0,8.942694573106214
68,12.0,9.927838986583852
10601,9.0,9.66720586919938
9359,8.0,8.124318715320998
16645,9.0,9.771581731120696
1730,8.0,8.602655994141562
19296,12.0,9.343574381127693
136,9.0,9.310968376184823
8673,9.0,8.832628345851807
22300,8.0,8.450280134273608
16196,9.0,9.355206265870665
5591,9.0,8.740401699822755
10834,9.0,8.871385236825152
18730,9.0,8.503360091157825
11198,6.0,8.182531249328948
13057,13.0,11.079810384231072
14485,8.0,7.692193795824441
14276,10.0,9.348277471004875
9564,10.0,9.020947836240927
22002,6.0,7.06830693772482
21863,9.0,8.969891407987976
5914,9.0,8.117736999913781
9077,8.0,9.592890527506375
12057,8.0,8.26779585895078
15810,9.0,8.577705671257712
13961,7.0,7.163592999661058
394,7.0,7.564330824824529
21326,9.0,7.867443434393575
17634,10.0,8.55176864123274
13744,6.0,7.8346208747401835
14591,7.0,7.300145021054344
15704,7.0,7.707391223156527
9503,8.0,7.878844362901159
4665,9.0,9.030331545181348
21467,10.0,9.763152784245284
691,9.0,9.792260324497692
20450,10.0,9.722469649560507
12150,9.0,8.571112799955428
5848,6.0,7.962743589590559
3646,10.0,8.730284449278106
14859,6.0,8.0568120395786
21453,8.0,8.622381076527263
10408,8.0,8.500012218966058
7749,8.0,8.849407981299548
1852,11.0,9.174362441865473
13084,8.0,8.49469778823054
19197,9.0,8.761194819159238
16866,9.0,8.559913438661631
15601,7.0,6.980164505922967
11065,9.0,10.406343690229843
17396,9.0,8.428372047604569
3592,9.0,9.079312881264302
108,9.0,8.486599734503818
13313,7.0,7.732209042374876
4613,9.0,8.933021835435133
17439,10.0,9.538870387171173
3618,7.0,8.618022130688555
3303,6.0,6.7628125516103
14055,11.0,9.269242179981486
18168,7.0,7.492854528220196
15111,7.0,8.496417232358736
7239,8.0,8.293043029675918
482,11.0,10.637967077554018
18453,8.0,8.330504500012971
8335,8.0,7.9201412574511885
11127,9.0,7.718883939800447
20949,9.0,8.31910021107938
15639,7.0,8.402018947590445
3579,8.0,9.644440916213036
16353,8.0,7.867978115635683
9355,8.0,7.392410920027325
11807,9.0,8.857182891320805
19709,9.0,8.443416899983811
15812,9.0,8.577705671257712
6050,8.0,7.745455404413862
527,8.0,7.373737799886539
16838,10.0,9.41574708674928
3975,10.0,8.617412774140815
19144,8.0,7.87799338523118
3231,9.0,10.003606785357222
20619,9.0,8.126578339676508
21425,9.0,8.652893038993481
8845,8.0,8.63793828369839
12035,9.0,9.441881097255617
7699,9.0,9.013576808531898
14981,11.0,9.479797751598936
8857,14.0,9.230181201877077
17817,9.0,8.570725790570958
11011,10.0,9.574891517661738
6121,10.0,9.526684642924254
21188,7.0,7.046805669639042
14534,6.0,7.0314968010960435
15847,8.0,8.27653252150958
5671,6.0,8.136747478622974
8545,9.0,8.699618614348429
22340,9.0,8.22867391168562
20153,9.0,7.70732972531421
21009,8.0,7.239986973457072
10288,8.0,8.654808269192792
3132,10.0,8.733763577922131
1252,6.0,7.239269043016649
2906,8.0,7.592914839584623
22137,7.0,7.409401828750083
3598,8.0,9.269811898401121
13143,9.0,7.601968656485541
5866,8.0,7.3905862817013155
21796,8.0,7.9013760120641425
20871,9.0,8.055603617452071
3895,8.0,9.129755224558341
13544,10.0,9.641932553491143
9659,8.0,7.488388386635069
19117,8.0,7.919595907957728
9720,7.0,8.230287644059405
1020,10.0,10.169043963724283
5285,10.0,8.860560471343973
10120,6.0,7.534192010615234
19176,10.0,8.56744108166964
15549,8.0,8.650997393680166
12699,8.0,8.973344590826956
16057,6.0,6.616079340920171
11158,5.0,7.95347118028179
17863,13.0,9.953531056086659
8453,8.0,8.677739700519268
6166,7.0,8.196168227695015
174,9.0,9.351571901764755
5845,4.0,7.396502705780968
2917,5.0,7.136381784573187
20357,10.0,9.647954755406698
1721,10.0,9.585984411069077
18645,8.0,7.996669790696442
14962,7.0,8.220013306660023
7147,8.0,8.871014063520883
21805,10.0,8.164974154028467
4383,9.0,10.017147067295967
16794,7.0,8.084396218330221
20758,9.0,8.81296634777457
8710,9.0,8.694471758289001
719,10.0,9.279369367676889
3229,9.0,10.003606785357222
2186,10.0,9.90522878705628
21127,9.0,9.103146533557293
1718,8.0,8.673105806201484
4241,10.0,8.409796951135867
21814,10.0,9.532842968637366
18126,9.0,7.4339957321118035
52,9.0,9.032874556110349
444,10.0,9.19734051847096
16233,8.0,9.079767486358282
868,9.0,9.360746945582383
4104,8.0,8.649964454652352
2430,10.0,9.214333416495974
15255,10.0,9.018952020532376
981,10.0,8.863055773449084
6451,8.0,9.498606012537138
4649,7.0,8.308021722213734
5256,6.0,7.584240417474701
16995,8.0,8.117357644358943
21083,8.0,8.458605309942847
6519,11.0,9.753275984787727
4343,10.0,8.522522098299511
5830,7.0,8.369845944179515
14594,7.0,7.235964841163521
11131,7.0,8.033371244039374
14620,7.0,8.449081664705872
7916,7.0,8.677045018183783
2526,7.0,8.152936799706138
1692,8.0,8.801855982857443
17004,10.0,9.341439541676012
20584,9.0,8.452040373762912
11025,9.0,9.42336735670818
16447,9.0,8.102504889593222
13965,8.0,8.823740324036315
19074,10.0,9.869339062915694
5261,9.0,8.165200381080828
18768,8.0,7.961315026669949
1136,7.0,7.596112612591895
3343,8.0,8.886150004683532
246,8.0,7.879942220896751
5161,6.0,7.689876946572662
17614,9.0,9.803725751890344
14451,10.0,8.886624062205128
18993,7.0,8.373605988303114
3430,12.0,9.258270168756471
21685,9.0,8.497047675536312
19060,11.0,10.487088750241838
15149,7.0,8.49680498609791
17664,9.0,8.857869276189538
18921,9.0,9.615634780071444
12596,6.0,7.353267554222879
21283,9.0,8.480485980004719
4784,8.0,9.195634141686524
2844,7.0,7.949847475744484
2719,9.0,8.140562231419167
4873,9.0,10.421421368178216
21156,10.0,9.272808241626986
21748,8.0,8.376723597590882
1204,7.0,7.904075160549342
9072,8.0,8.33424519852307
22268,8.0,8.118097061850749
10622,9.0,8.677209885248459
18567,8.0,9.765682122042033
5288,8.0,9.228803637794284
13165,7.0,7.7537634465996526
9974,10.0,8.160005765652459
2087,7.0,7.748172978525224
10052,11.0,9.076686339882777
7539,9.0,8.739607803788742
13698,9.0,8.919240203979125
16187,7.0,8.597689760654513
21243,9.0,8.430722905227126
16905,12.0,10.672981759137922
9993,8.0,8.153108204672407
13167,10.0,9.655930543358263
17608,10.0,8.610412061771687
9734,9.0,8.625733857299608
10555,7.0,7.868072635410767
953,11.0,10.02474373712109
190,8.0,8.345296406974574
19745,10.0,9.197067939500869
8106,10.0,9.801685657529056
8572,9.0,9.342754346675768
7471,11.0,10.285556416175272
15153,7.0,7.227958134343903
21490,7.0,7.957238353059582
20340,9.0,8.778578715117916
18891,6.0,7.71763636129384
9816,6.0,8.056433669625868
13353,10.0,8.526839648820987
20833,7.0,6.871756541881668
6418,7.0,7.970803147702652
4442,9.0,8.307346507007592
11587,11.0,9.596639381210407
20857,9.0,9.101904124826046
10399,7.0,8.120755938181757
6886,10.0,10.872304754929242
5667,10.0,8.523105267628475
12163,9.0,9.20186810736233
1436,7.0,7.497372749902844
22254,7.0,8.124539228861208
4700,11.0,8.44397120482636
6996,8.0,8.74897065436016
11479,11.0,8.654098014671511
21845,8.0,8.277451071643542
22303,8.0,9.116484457662049
10836,8.0,7.918075304849859
22132,10.0,8.933003664938497
21284,9.0,8.480485980004719
6768,11.0,9.704144775179925
1647,8.0,8.16786291209774
10754,5.0,8.145856518467191
7537,10.0,9.60991455032567
17421,9.0,8.53282857154788
10438,10.0,8.206208988467738
14764,9.0,9.258780737562509
16446,9.0,8.102504889593222
3688,10.0,8.394138313345346
7427,8.0,8.359133324191674
22203,7.0,7.811076257171038
22298,8.0,7.265885800540298
7626,8.0,9.43693882243208
12391,7.0,7.611287366888508
4837,8.0,8.432211595434385
20836,8.0,9.008695830302981
1099,9.0,8.724296362380638
21872,8.0,7.757065537299416
2536,11.0,8.952915185820556
1412,10.0,9.217744786507637
19146,8.0,9.619925620251777
17630,11.0,9.339475892899927
14323,6.0,7.069339155571879
21978,7.0,8.302380766880798
1779,7.0,7.578335552800363
15755,10.0,9.351860006178189
14752,6.0,6.590417478055337
411,7.0,8.121124198366507
3179,13.0,9.878240472598165
19129,10.0,9.024811851856677
17803,7.0,8.252922521266349
15309,9.0,7.831666519867516
99,11.0,9.291155175222181
18710,9.0,9.686009918515197
2030,10.0,10.072102057988642
13153,7.0,7.738605813368965
10193,8.0,8.956277852999994
856,10.0,8.845662304421662
5218,9.0,8.35485510719348
1151,11.0,8.82019291155056
21353,9.0,8.612092300440342
9550,7.0,8.137640015524513
5614,7.0,9.105389235885884
20496,10.0,9.396964056408088
6443,10.0,10.812663093878923
7998,10.0,9.205496661981368
9442,10.0,9.348217947699835
8773,10.0,8.052656437254486
12889,11.0,11.388371373357984
20353,9.0,9.048350679145962
20397,8.0,8.447326941053895
21379,9.0,8.832456897789628
19486,9.0,10.445252429988434
12549,8.0,9.294543306810795
8744,7.0,8.146804273491997
10821,8.0,8.242506198339417
20989,6.0,7.522544802217327
21788,8.0,6.878520919306902
20930,8.0,8.908865161249322
20685,7.0,8.914965782569755
5791,9.0,7.987704748471103
16526,7.0,7.917278303078485
15745,9.0,9.014266043840001
10197,8.0,8.889222514964553
22355,9.0,8.850882472931389
20141,11.0,10.020492198455377
286,10.0,9.366844073191054
19887,6.0,6.892181409781152
10769,9.0,8.404947631632579
2648,12.0,9.181610013345999
19799,7.0,8.006229358979889
22094,8.0,7.979449323222397
14098,9.0,9.116251858655279
11677,11.0,11.873094817163565
925,11.0,9.606886457970038
4036,8.0,9.245744486276031
14321,6.0,7.069339155571879
1368,10.0,9.653099491713329
16438,9.0,8.261408498291315
19757,13.0,9.202555474951698
16224,8.0,8.242969365186783
18065,9.0,8.781028157083915
1835,10.0,10.00658580146692
1535,11.0,9.090500909592341
21981,9.0,8.963381930706635
17168,8.0,9.201554877684236
19866,7.0,7.5480691989995385
9182,6.0,7.063911248607642
21268,9.0,9.146609181335204
7162,9.0,9.235630191517282
9044,7.0,8.13748407262035
11732,8.0,7.621400634616226
12096,7.0,8.198138641020547
21398,11.0,9.005783287631173
19163,9.0,8.934237698406431
19584,10.0,10.422693037632971
12265,9.0,9.09626655505715
18927,8.0,8.936538545877745
13585,9.0,9.5416695040258
4385,9.0,10.017147067295967
10245,6.0,7.245764856436308
4886,8.0,7.904634844103985
2659,7.0,7.532897997442532
7870,10.0,9.761853661024523
14775,11.0,8.335957472710165
4471,7.0,7.857394688318832
238,11.0,9.759047732066282
18336,10.0,8.481220772310293
13905,6.0,6.54216859215522
6007,9.0,9.292273674701532
12652,7.0,7.591603398262492
21087,10.0,9.3864090443256
11226,7.0,8.5862920663434
20396,8.0,8.447326941053895
18254,8.0,10.634779363679566
17936,11.0,8.602099736522916
17735,11.0,9.767327607416355
9957,8.0,8.035638557301649
14230,7.0,9.046616843835821
10413,6.0,8.033450145232774
2869,10.0,10.208989510360759
13074,8.0,8.387539538787937
17186,9.0,8.8773891991585
14967,9.0,9.426866828313448
1968,8.0,7.4738333049785854
5530,8.0,7.920814078395528
19903,8.0,7.955378092510109
7257,10.0,8.567309719572119
4692,6.0,8.416171440334836
14410,9.0,8.023346572295372
3207,9.0,8.810533897025403
8220,11.0,9.31286142877473
4435,10.0,8.138096680155915
11022,8.0,8.31318867678294
9850,8.0,8.701104196375338
17666,10.0,9.65603599513218
10416,9.0,9.10357390851231
978,12.0,10.290423620345704
12447,7.0,7.695900241731355
2178,12.0,10.929587325988388
11088,7.0,7.76529924882062
172,10.0,8.577892384273184
4736,8.0,7.9061581979285
5677,8.0,9.435036245568678
20849,9.0,8.998599718781117
19804,8.0,9.102919561818325
2838,9.0,9.609311545774412
16214,7.0,8.59554016081336
2619,9.0,9.037112613030054
13786,9.0,9.291765668897632
16313,6.0,7.707636394891507
7499,8.0,7.336402230989468
3606,7.0,7.112332597206199
449,11.0,10.811801194154915
21555,6.0,7.7422738064997425
3362,10.0,9.242445625645663
5332,9.0,8.831428099674053
14819,8.0,9.418117628014011
18889,7.0,8.729804730194509
9331,10.0,8.770194874299301
6619,8.0,9.070130308151477
21618,9.0,7.7993679840949
19897,8.0,8.489705353173818
1301,11.0,10.870794909573782
16207,10.0,8.158475853957276
8499,9.0,7.846522325163395
11041,10.0,8.719488693100269
1334,9.5,8.84631047787544
17810,9.0,8.368236276755587
8357,9.0,10.50739265249954
3316,9.0,9.837519521038669
9066,10.0,9.707701864883772
21785,9.0,9.332266458124542
20800,11.0,9.291395346669855
19663,10.0,10.497904928151765
7014,7.0,7.8908478879089525
2864,10.0,10.530664863444713
1211,7.0,8.114491083603445
876,9.0,8.374179163345667
20462,8.0,6.968212001385851
17632,11.0,9.339475892899927
19705,9.0,8.395859661788183
1991,9.0,9.72151765485127
14932,7.0,7.589519660227147
10647,9.0,9.198838813601485
7956,11.0,9.728140259906946
11128,9.0,7.718883939800447
2553,8.0,8.744023849925886
14357,6.0,7.380702069240945
12366,11.0,9.020690907909264
8889,11.0,7.048637145961259
10131,9.0,9.107752342168737
3609,9.0,8.850113209050631
1691,8.0,8.801855982857443
16322,6.0,7.707636394891507
