,y_test,prediction
612,8.0,8.165671789627845
767,9.0,9.27164834005718
3191,11.0,9.749558909673944
1017,11.0,9.633204844928889
2553,7.0,7.701902658657644
2328,11.0,10.929885294574492
695,9.0,7.941522455486982
332,10.0,8.761554085197341
168,8.0,8.129156263561162
1051,8.0,8.417116433273167
3627,9.0,9.495021511685387
872,7.0,8.908999399683047
111,9.0,8.958246390217067
1862,9.0,8.98885739708183
3741,8.0,7.424778410826358
151,11.0,10.13174289214976
1516,7.0,7.677338894068317
304,15.0,11.100380159920782
3758,8.0,8.201932500955303
2413,8.0,8.527733314602852
1619,6.0,6.474992782801679
1935,8.0,8.623376878681405
182,10.0,9.96578599823013
33,8.0,7.91906283123449
2855,11.0,10.292119625351857
2302,11.0,10.792533363038535
1625,9.0,9.368918229129644
2247,11.0,11.851335921679095
1044,11.0,7.995519506377835
3688,8.0,8.074488626402115
566,10.0,9.819995605360468
1766,7.0,7.399245515025994
3532,10.0,9.73737707224598
1035,9.0,9.007348565038674
1759,9.0,8.987149872254356
1281,8.0,8.074449549081756
232,9.0,9.191492203694386
3488,10.0,10.369636374505475
1183,10.0,9.808906663218483
3265,10.0,9.231403043064436
3667,8.0,8.965107672150578
3925,6.0,6.193463379433716
1192,9.0,10.069171525066192
3299,7.0,7.56912887999248
3286,9.0,9.559326823595892
98,9.0,9.089985991290046
512,7.0,7.372831903294607
1206,8.0,7.98489643659037
2467,8.7,8.75922799223338
3586,10.0,10.565172003735759
2975,6.0,6.413078522110009
1532,6.0,6.488073602252123
134,8.0,7.903872424537364
884,11.0,10.534379430083892
538,10.0,10.203868802480489
2055,9.0,8.809558154934436
2416,7.0,7.4466870680457085
3199,9.0,8.864895273561448
2518,9.0,9.06209284368542
312,8.0,8.148963720771052
1058,9.0,8.914543896149198
2444,9.0,9.711301895632062
315,9.0,8.569272985822465
2283,8.0,8.70104307993229
3991,10.0,9.56361344541712
2495,9.0,9.256357998335167
2237,9.0,9.126144864685383
817,7.0,7.689397170050546
3441,8.0,8.476000456760838
2970,6.0,6.827702232452934
2665,8.0,8.130744620070189
1912,6.0,6.826129860050186
199,10.0,9.568480232531664
373,8.0,7.91025481190335
2725,10.0,9.026015381557942
992,8.0,8.112347992383764
2391,9.0,9.235777446393488
2758,9.0,8.940428631761783
3081,9.0,9.9460249212025
2231,9.0,9.02487296812562
3911,8.0,7.996458854873552
1241,7.0,7.112532028855821
321,8.0,8.582217344185871
2972,9.0,8.731968236915147
187,6.0,6.458114358559341
3910,6.0,6.305612678638756
3913,7.0,7.594631048659709
471,8.0,7.551612558157772
3774,8.0,8.11710229293854
2611,8.0,8.013746085834489
1820,6.0,6.430277508107098
322,9.0,8.930527330058876
1129,10.0,10.911223058283271
1576,5.0,5.468187613399422
1531,11.0,7.8690990222076
896,7.0,7.117301867915851
1537,9.0,7.575146505906996
3423,8.0,7.0942928034426735
4137,7.0,7.3573047541498635
3874,11.0,9.920723901348504
2593,8.0,8.024933055974238
3998,11.0,10.899939650471218
1182,12.0,11.17286316949988
424,12.0,11.848228151178814
948,7.0,6.843028579132225
2811,11.0,10.636481268134645
1081,10.0,9.167011252756353
2113,8.0,7.7829221583665165
2998,7.0,7.4346163979198305
3221,10.0,10.303480353458847
71,10.0,9.55758066429332
2320,8.0,8.008594774520052
968,8.0,8.630792538295323
214,10.0,9.455627595100447
1283,7.0,6.744251565000272
1001,10.0,10.041097594887999
1792,11.0,10.364967136594899
4062,8.0,8.598241770124279
1318,8.0,8.566716036530481
14,9.0,9.045569846464515
894,8.0,7.858897651588883
1198,8.0,9.313621662328412
1133,10.0,9.275100404942018
1444,10.0,9.599605923467488
275,7.0,7.373885872812547
549,9.0,8.81546376129603
1369,10.0,9.125069867391815
8,8.0,8.33545755241744
1246,9.0,8.670377126066665
1944,7.0,7.449090008344482
3328,8.0,8.461859377867457
3122,11.0,10.120240886249592
833,8.0,8.356315667843923
1937,9.0,8.721353464624784
2383,10.0,9.564247185531725
2117,9.0,10.17191390042662
3865,8.0,8.532731182866934
1251,10.0,10.2257135228274
255,10.0,10.331229317923588
1877,7.0,7.414918244593537
2984,7.0,7.827310005905103
302,9.0,9.359169756316195
770,10.0,9.378430693116236
555,11.0,10.85147115202614
3079,10.0,9.231289309115281
4125,8.0,8.3824875325632
3001,9.0,9.509661501283858
2980,8.0,7.6978844201874095
4132,7.0,6.595637004069145
2769,10.0,9.350837932403751
2476,10.0,9.77019863697368
32,9.0,8.79435422322079
2417,11.0,9.745185008310562
1609,9.0,9.617560508021834
2548,9.0,8.577730267316767
2675,10.0,10.06582489880871
1637,10.0,9.472794792392737
4129,6.0,6.210661756634645
3084,9.0,8.536367342414135
3517,8.0,8.679714124409664
1196,10.0,10.628224344967425
1677,9.0,9.402519561037801
3742,9.0,8.362838152611902
580,10.0,9.355532847463204
3169,8.0,8.160702577761013
1871,9.0,8.86225133649862
3672,8.0,8.699926283651854
448,9.0,8.785188329127056
2690,9.0,9.14679232839604
2340,10.0,9.686332824018468
2402,10.0,10.586221066041368
3992,7.0,6.455503331778749
2329,10.0,9.98476358010408
2569,5.0,5.109445872738282
3941,8.0,7.97959879178599
481,7.0,7.161158804642627
922,9.0,8.970026282150197
1716,7.0,7.121376160334926
826,7.0,7.432000913143736
2356,7.0,7.429071512870272
1286,10.0,10.288318812892285
475,7.0,7.337175117950738
3546,8.0,8.072247075267597
3553,9.0,8.689372201661403
3238,9.0,9.31568960982352
325,9.0,8.533946701749878
733,8.0,8.752847533597924
3082,9.0,9.705559591050097
43,7.0,8.653067638465776
853,11.0,8.894550468746274
1534,7.0,7.401938665542175
1340,9.0,8.288606458572291
1296,7.0,7.32706832245683
3261,10.0,10.726240502587853
411,11.0,10.535004517449465
2742,6.0,7.901679583486151
2782,10.0,9.601835360276795
1889,7.0,8.052167062502882
2656,9.0,9.663630505397139
3893,7.0,7.390088899716966
3461,8.0,7.563694462913983
3947,8.0,8.478427215297835
1856,9.0,8.706009269197127
2544,7.0,7.359498441037676
1867,9.0,9.714319755221364
3315,7.0,6.740048597435142
2423,11.0,9.66283251132625
17,8.0,8.845992141294758
2909,8.0,7.547653140856621
609,9.0,8.253972404330282
4047,7.0,7.480126974138291
3217,12.0,11.643575121738822
1563,9.0,8.955893032235185
761,7.0,7.070760764067773
4084,7.0,7.380701924837425
1092,11.0,10.665848490429726
2864,8.0,8.016660565185825
693,7.0,7.209122435279461
3056,9.0,8.527253244635537
2212,9.0,8.606604708194293
467,9.0,9.022472246289931
2242,11.0,9.472660243201515
3509,10.0,9.690013376511224
3649,7.0,7.776285325260651
3437,9.0,9.518269500674212
2123,10.0,9.453372081185748
473,7.0,7.49723648461724
1745,9.0,11.425239542309216
1450,9.0,9.354269077004638
3578,11.0,10.080193751812589
3132,9.0,9.399929132033964
2473,7.0,6.747458018862131
3568,5.0,5.951644568610736
2465,13.0,11.795172517759521
668,10.0,9.393763702499477
1303,9.0,9.241876345370441
3539,9.0,8.74461881712823
208,8.0,8.27594251153306
2730,8.0,9.157158257482859
2693,7.0,7.062537522817424
918,7.0,7.297763050021831
3889,8.0,8.319195851730147
1953,8.0,7.8354552446914205
2361,8.0,7.485477678607289
1165,9.0,9.445174688220536
500,6.0,6.248500099617273
953,10.0,9.495067363899853
1508,10.0,9.270873984538106
1617,14.0,8.75756499005113
1022,6.0,6.927160963391718
2897,8.0,9.675390964572093
1591,10.0,9.953662734566867
980,8.0,8.491345279005944
3677,7.0,8.142523909569352
2326,7.0,7.092911944122095
3244,11.0,10.820621458513614
95,8.0,7.996585724995549
2452,10.0,9.73046885244259
23,11.0,10.54077239238713
1006,8.0,7.986428008649206
2484,9.0,8.660695155518143
3460,10.0,9.473651147732454
1773,6.0,6.582109156352805
1323,9.0,9.546269327187705
576,13.0,11.925362851149778
2107,11.0,11.414262920681765
3339,9.0,8.527222877543348
1442,8.0,8.396750368251558
4046,10.0,9.320957197835085
1898,10.0,9.57641387174025
3053,8.0,9.538470328889938
2555,8.0,8.206685525253178
1115,9.0,8.96955937578948
1233,9.0,8.108987498901595
1901,7.0,7.4383794480483765
1136,10.0,10.176492046312584
101,9.0,9.113446988126638
442,5.0,5.196843259561051
2162,10.0,8.909579130997198
3656,8.0,8.759808249453908
1313,9.0,7.082129227576288
4095,6.0,6.302803894173226
122,10.0,8.889430019138466
846,6.0,6.380412431346915
1527,9.0,9.54084760196778
158,9.0,9.01997589828645
2075,7.0,7.539068464574004
2370,8.0,8.190476002297173
1284,9.0,8.738181098589274
3558,7.0,6.87762026499314
3935,11.0,8.692101736445256
2248,9.0,9.067417714963188
2915,10.0,10.071064558280618
244,9.0,9.103512759164357
1085,9.0,6.403875994292795
1845,7.0,7.056416074018795
2183,7.0,7.889255685068514
1074,8.0,7.705826123269193
3030,6.0,6.603903649400012
2859,10.0,9.426658046199709
1570,8.0,8.392602643028784
3908,9.0,7.864367215942338
2759,7.0,7.317799990727371
3406,10.0,9.006206956440664
2778,6.0,6.2279518021519715
2369,8.0,8.520640227362774
1403,9.0,8.577819258579833
2046,9.0,8.836644184413986
903,9.0,9.20823676677131
607,8.0,7.93608298850088
3763,10.0,9.219110324330263
180,12.0,11.23113046542215
3457,10.0,9.462229065338438
2931,10.0,9.227331297219866
2272,7.0,6.571720620680786
51,8.0,7.8889538518552005
1608,7.0,7.053063583303387
2635,10.0,10.251638048742173
74,11.0,11.065541461464813
1248,9.0,8.71849551364554
2124,10.0,9.564530886565308
3394,9.0,9.799471803667652
1230,11.0,11.73179558054303
2448,10.0,10.859463894524293
4135,8.0,8.251468092063956
1292,11.0,4.159139963348543
2427,8.0,7.934284951686012
3591,8.0,8.872010827688472
1142,8.0,7.932903260313804
4031,7.0,6.799867680565258
159,9.0,8.642758209186162
1909,7.0,7.91796824719783
3784,10.0,10.673872825816098
545,12.0,12.150097442316955
52,11.0,10.22178534521531
4023,7.0,6.594814979499307
223,9.0,8.548021924337528
1317,13.0,11.04770233536464
26,9.0,8.396530853882494
1678,9.0,9.151194919689512
1974,9.0,8.464503967649769
217,9.0,9.048896054623428
2134,9.0,8.866069501903066
4064,8.0,8.62213000486246
3483,9.0,8.23724341158184
1402,7.0,7.478110125821921
3726,9.0,9.246926174293252
328,11.0,10.22189978636741
3368,7.0,7.549710261748368
3538,11.0,10.643648387101393
3867,7.0,6.87254859486179
1643,11.0,10.67446478513874
877,10.0,9.729438408092706
2034,9.0,8.390017174529952
2474,9.0,8.695767666593785
3832,7.0,7.689488919562412
3473,8.0,8.579648197866403
2568,7.0,7.222473721142335
44,8.0,8.03521535597109
746,10.0,9.980939299170624
506,9.0,8.405128584570138
1581,9.0,8.53680314495637
1046,7.0,7.012787541738462
2249,7.0,7.88602993985142
361,9.0,9.602918183423922
588,5.0,5.841747556083632
3263,10.0,10.358571429781062
4041,7.0,7.278120051079298
611,8.0,7.328029977774313
2205,9.0,9.63872490018648
2526,9.0,9.45183154707704
1526,7.0,6.923901820428592
3856,9.0,9.395452764945777
418,5.0,5.552473940855375
3317,10.0,10.43033023496339
2502,8.0,7.699958891032895
260,10.0,8.927720515139914
1669,6.0,6.638583920753478
776,7.0,5.408329435636585
4123,7.0,6.826898849764583
3222,9.0,9.203013377953784
3071,10.0,9.225554572054104
2229,8.0,8.055515743792206
1816,8.0,7.762672380416046
1178,8.0,8.231138165610027
1258,9.0,8.79993212387474
2392,10.0,10.104429734810967
2564,7.0,7.104373702161929
297,8.0,8.594810768318105
1982,7.0,7.26973321786585
1750,7.0,6.756708322611578
136,9.0,8.555705344086089
1783,7.0,7.509622508716254
3940,9.0,9.339351161305746
3724,9.0,9.072981132601043
2067,8.0,8.757110978344015
267,9.0,9.288072629266097
3989,8.0,8.322244310208443
1190,9.0,9.441813374060214
2515,9.0,8.955044669313626
1996,8.0,7.718840030384301
832,10.0,9.7643389328998
56,13.0,11.699978608407186
844,10.0,9.850473371646629
706,7.0,6.758296723968911
562,9.0,9.23015408688244
3035,10.0,9.528069875645668
1391,7.0,7.859619295248338
2936,9.0,9.081949034456265
1601,7.0,6.890936614461399
825,8.0,8.590606325400403
1779,9.0,8.694652057825216
1294,8.0,7.960245685440896
3588,8.0,8.456562688985317
402,8.0,8.485200146520585
2435,8.0,8.44946827346442
1715,8.0,8.3371805012154
172,9.0,9.014672137095124
655,9.0,8.941152931602492
2268,9.0,9.687787449044409
1981,9.0,9.043746337163208
3934,7.0,6.724709286288773
1805,7.0,7.203622946580089
2986,9.0,9.390751448858833
191,9.0,8.731369881430009
12,12.0,11.842374144472204
1986,5.0,5.339255438442644
329,11.0,9.862888479175716
3005,7.0,7.491048402528048
618,8.0,8.129839319600237
818,11.0,10.167603631910971
766,6.0,6.317380606862487
3380,10.0,11.23569378611428
3152,10.0,10.102769165796218
3180,9.0,9.718828234327821
689,8.0,8.129160686140814
3065,7.0,7.513182738774557
3815,10.0,9.5438646381736
2793,7.0,7.645922708575373
2194,9.0,8.456476830303368
2872,8.0,8.500707348969925
3066,10.0,8.884189259885858
3258,10.0,10.633576811407957
2512,10.0,9.573283132644857
4083,9.0,8.97887857388245
1763,9.0,8.931080493876273
242,8.0,8.460322230082763
177,8.0,8.457199948789391
3442,8.0,8.040520384562875
3206,10.0,10.3438741620821
2664,10.0,10.026445099736454
4015,6.0,5.722463125453557
3610,11.0,10.346060022338483
1835,7.0,7.488332093722361
1452,9.0,8.701871596027603
4130,7.0,7.331247732910185
4119,10.0,9.506984393417397
1355,8.0,8.003230107796352
420,9.0,9.326771585717985
1207,8.0,8.085855075023778
3739,9.0,8.817205725810764
2374,8.0,7.628149242557775
3029,6.0,6.796813954822042
1832,8.0,8.890308595820082
2285,8.0,7.8870524120602985
2625,10.0,9.941968243477362
230,8.0,8.005283838098233
3852,8.0,8.638947081204037
2041,10.0,9.809995512378968
2151,10.0,10.445383925575744
358,8.0,8.151166095333434
1479,7.0,7.5080972991428006
2031,7.0,6.995321337725932
2128,11.0,10.7903029202401
1363,8.0,6.77086566630433
1787,9.0,8.5513682542313
2863,8.0,7.931390659912361
3544,10.0,10.156578095894579
2001,10.0,9.538933569687407
70,8.0,8.836203548380656
1620,9.0,8.845439420940611
45,8.0,7.994686014975397
3984,9.0,10.06510915799364
3621,10.0,10.090732164467962
186,10.0,10.27903805308252
1220,8.0,8.566747318583912
2108,9.0,9.02073836728178
965,7.0,6.872993001653156
522,8.0,8.447178651295642
1253,10.0,9.950831908836768
2517,10.0,10.182161367025216
2868,9.0,8.416485254958607
1501,11.0,9.917762086227716
141,10.0,7.313820259385705
2410,9.0,9.41174413671453
2955,8.0,8.275172825325567
316,9.0,9.336421742584804
270,7.0,7.427544397315183
3043,7.0,7.341893531122217
2254,10.0,9.980125684281548
3325,9.0,9.518947176370693
64,10.0,10.113787900077545
2668,8.0,7.51222930091121
1381,11.0,11.253495371475205
1945,9.0,9.027974828370247
1432,6.0,7.133965455305024
146,10.0,10.274766167479555
4025,8.0,8.236919757664632
1049,9.0,9.722820701637872
964,8.0,7.933275064449415
2127,11.0,9.819925337974764
496,9.0,8.706506336258613
4055,8.0,8.054529522742847
3993,7.0,6.9280855016209495
3750,10.0,9.96020804957589
3744,6.0,6.352248012290813
3792,9.0,8.131359009101152
3626,9.0,9.023534053367802
3326,7.0,7.030633391577331
2718,9.0,8.839761874481752
3012,8.0,7.753247441488464
2364,10.0,9.33724826016945
284,9.0,9.463304586851926
3202,9.0,9.171837109281398
2632,8.0,8.44120683551752
365,9.0,9.140195605394617
4074,7.0,7.739493708624376
305,7.0,7.469734305213333
1091,10.0,10.002244212120361
2224,9.0,8.743779112102779
2207,10.0,10.218523463852751
2579,9.0,9.225316517040959
425,7.0,6.924275562379761
4087,8.0,7.939849790105852
2525,7.0,7.161771064822224
1069,7.0,7.010627137011505
2633,10.0,8.00144348177761
1454,11.0,9.8276043652461
3768,13.0,12.020599006966476
2296,7.0,6.891788995370205
3118,9.0,8.796144458239198
1577,9.0,8.096763072701112
1813,9.0,8.770520465963282
2878,6.0,6.670207819214621
4006,8.0,7.92723734864245
683,7.0,7.226177927951526
58,7.0,7.531276925773738
77,7.0,7.566526941945584
375,9.0,8.947292357330433
1042,10.0,10.000327040131008
759,8.0,8.020665405863161
1941,8.0,8.22348049063841
925,8.0,8.099134658923573
4110,10.0,8.858612162224098
720,10.0,10.408782444494555
1110,7.0,7.540988536862178
3136,8.0,8.926449541833446
2135,7.0,7.534288687951708
879,10.0,10.105506229077426
3157,8.0,8.52703869372365
126,10.0,8.315667243648672
2441,9.0,8.659990618790967
2375,11.0,10.514123250961688
2173,9.0,8.501245693972416
3654,12.0,11.067384998180211
1194,7.0,7.499743904547315
439,9.0,8.786603980339017
3969,6.0,6.343789549005222
3269,11.0,10.56164816848232
2103,10.0,9.302968457231525
3236,12.0,11.64517561346264
3599,10.0,9.005949468959528
3418,11.0,10.650158613969722
3617,10.0,10.548527431279972
395,8.0,8.249048774093211
30,8.0,8.319301289685043
3194,10.0,9.097871879415687
206,11.0,10.735878864798876
824,10.0,9.324095060255953
3990,9.0,8.953361873632403
805,7.0,7.553429472709899
3242,7.0,7.248779945057977
4001,9.0,8.904559271393644
2045,8.0,8.550195515800118
2767,11.0,10.424769741307038
488,7.0,6.979503132172173
1886,6.0,5.7818381876938485
2202,9.0,9.152316062048897
453,9.0,9.100661066679912
1776,7.0,7.7572344818702685
1423,10.0,9.849934178962709
1334,9.0,9.06651071332942
195,8.0,7.98897439600771
579,9.0,8.982000748833844
1324,9.0,9.557548535037771
3664,13.0,12.176633351691043
6,10.0,10.05112578511526
449,8.0,9.076360313495396
295,9.0,8.91106008887602
748,7.0,7.40866980632168
3323,7.0,7.52788145750577
3542,11.0,11.211573576118415
2727,9.0,9.037932834895297
1839,6.0,6.718164078482376
2278,10.0,9.644351246308295
858,11.0,9.330148632723365
3753,8.0,8.085468457799301
4044,9.0,9.254775642029013
994,9.0,9.377291943817408
197,9.0,9.001838721262452
460,9.0,8.633007225863597
2489,10.0,9.465182307916828
3761,8.0,8.351643556530924
29,9.0,9.198316698769933
857,6.0,6.223698090811281
3762,8.0,8.427703235164662
3894,8.0,7.629691420115117
2059,7.0,6.22816355963346
3098,9.0,8.99235269489058
3068,8.0,8.696990148180188
2731,8.0,8.17427531834225
1606,11.0,11.1917244477312
3829,9.0,9.531908732858502
1638,10.0,10.85908307539199
2621,9.0,8.592325714923708
2683,10.0,10.868749476658962
225,7.0,7.413897717165247
2852,10.0,9.80314600538064
735,7.0,7.749538335037055
585,12.0,8.021733322277079
3682,7.0,7.74349792940186
3502,8.0,7.929781527502222
2425,9.0,8.845110228898497
1589,9.0,10.175425517721214
1767,8.0,8.642825507371825
802,9.0,8.704339275086324
81,7.0,7.531385398813728
261,11.0,10.100886396075133
301,12.0,11.177139697262675
3309,10.0,9.699984936723286
1431,6.0,8.542564757353468
2997,7.0,7.133932979628611
827,6.0,6.824902889036934
2922,9.0,8.443693919556202
2394,7.0,7.426488456614123
3606,10.0,10.510979533098798
2133,11.0,10.808611883689839
1482,7.0,7.514930871634091
3257,8.0,8.480597709012448
2963,8.0,8.509536692763598
1193,8.0,7.601064756808903
1090,10.0,10.029993906581439
1594,8.0,8.05247499148504
1542,11.0,10.97843139028452
1263,10.0,9.272086769813528
2199,12.0,12.468331428127359
4136,8.0,8.729364669388756
667,8.0,8.76039903374855
2167,9.0,8.752264899062316
1034,6.0,7.576754315796753
2277,9.0,9.399968174851363
2290,9.0,8.892497831003887
421,10.0,8.873269290712946
2483,7.0,7.045260100118715
1059,7.0,7.353881142968662
1242,10.0,10.21825810180448
3007,10.0,9.771645348161567
3301,13.0,10.952744086603484
3611,9.0,8.644076637162076
670,11.0,11.141711540751354
3452,10.0,9.448626598239034
3796,9.0,8.9349422550281
791,7.0,6.8841791504700325
3166,8.0,8.04971104914938
154,9.0,8.879019504233781
2965,7.0,7.270882344418382
1689,11.0,10.33427235299317
2387,9.0,8.94181101509023
104,9.0,9.666758179941137
1674,8.0,8.544137741748678
1648,8.0,8.088032618470425
243,8.0,8.884748559246656
800,7.0,7.177889489131948
1654,8.0,7.708216845035589
1015,8.0,8.582419637003717
2719,8.0,8.618983916099006
2096,8.0,8.974621743224125
1072,10.0,9.79050285215406
2110,8.0,8.78961906972402
2510,9.0,9.676336312760128
3876,7.0,7.236458782142518
2898,8.0,8.899620903416386
4040,10.0,9.713652181474677
2651,8.0,8.129132613542346
822,10.0,9.112551097194181
339,6.0,6.587983585527624
1513,8.0,8.397137669948265
2390,7.0,7.289172174255272
3637,8.0,9.348471472145372
904,6.0,6.666351483153368
831,8.0,8.176442371528047
1224,11.0,10.717061561133468
1561,9.0,8.538769432712504
2728,11.0,10.753687061504952
2572,6.0,6.196105093853605
2165,8.0,8.494811704955387
1102,12.0,11.451952119723195
3013,9.0,8.374490727375697
4091,8.0,7.858762800016997
2371,8.0,8.312793675889678
3602,10.0,8.92026645996802
2384,9.0,8.528802132951608
3273,10.0,9.374657688736988
1640,7.0,6.96437679430395
1965,9.0,9.505986859633477
2145,9.0,9.11566549606348
565,6.0,6.784718290789603
1693,11.0,11.672157549630551
4133,10.0,11.215900462851968
908,8.0,7.80005316409411
2035,8.0,7.7897408044799175
3085,10.0,9.049741553172145
3318,9.0,8.894518813281614
2740,9.0,9.092516273724872
1446,7.0,7.097391664043738
2885,10.0,8.851922065125791
886,8.0,7.667097653911011
1756,9.0,8.552377782798931
2919,9.0,10.26141556437501
3097,8.0,8.129150324263804
1757,6.0,6.455560576365924
3841,8.0,7.518684869640765
1840,6.0,6.410501511005
4009,8.0,7.492637321279783
1437,10.0,9.442818637056883
2257,9.0,9.022750265025072
3092,8.0,8.477565380311592
744,7.0,7.023793564234231
1208,11.0,10.166480128098055
1123,9.0,9.029181548009555
736,8.0,8.065437827096861
1903,8.0,8.429467289593166
2377,8.0,8.473960731924961
1629,9.0,8.88141598751019
1522,11.0,10.668293222329105
1802,8.0,7.867947471187788
1641,7.0,7.819810097719742
353,10.0,9.618152090445395
2655,11.0,11.528805224029707
2715,7.0,7.448403070474663
1147,7.0,7.804960003137074
3812,8.0,8.080045977826655
3399,11.0,9.65100524544929
779,9.0,9.135508851666273
2244,7.0,7.419768626231594
1668,10.0,9.220784560943235
1841,9.0,8.422862459449187
1314,9.0,9.735784504984572
181,10.0,9.428303189273832
3731,9.0,8.78628445581281
3833,10.0,9.719304678567074
2892,7.0,7.3585880373737425
912,7.0,7.0565424807561286
3272,10.0,10.25148530989276
3459,6.0,6.68042319167032
3410,10.0,10.568268680188433
25,9.0,8.733050673191924
880,9.0,8.556853977122412
2262,10.0,10.2782403143589
3961,8.0,8.181911508461663
176,9.0,9.48227801300162
2840,10.0,9.689785803957573
3168,10.0,9.765672974017484
338,7.0,7.420856168852714
3587,9.0,8.851266569941295
440,9.0,9.513287415618816
2813,9.0,9.118896543249749
2099,8.0,6.560622908948494
2870,9.0,8.172968414992974
4112,9.0,9.490884914569648
489,9.0,9.003833918043098
1568,7.0,7.528105515207983
2083,6.0,6.737128707966353
813,9.0,8.939713439492465
3883,9.0,9.078151993826884
1135,12.0,7.025865212003902
927,8.0,7.864958543608715
3880,7.0,7.438533583691334
2960,9.0,8.810657422313326
1900,9.0,9.464534496459798
331,8.0,7.7772985056423405
1347,9.0,9.899627761135301
1386,9.0,8.317775692161977
478,8.0,8.539971511612709
573,8.0,8.035322489993526
1859,7.0,7.256188769952526
2089,8.0,7.995737866742287
1078,6.0,7.426708447034459
4086,9.0,9.338794551901891
1064,5.0,5.839903753444132
3526,10.0,9.496332235769174
3887,9.0,9.430905094014225
62,13.0,12.884902240105887
1361,9.0,8.662272288298169
3366,10.0,10.339790888272919
3518,12.0,10.549385511211781
258,11.0,9.811115895126662
2795,7.0,7.6166112036643785
1461,10.0,9.2830348881706
1127,7.0,7.357170674754853
3478,7.0,7.99495625961737
3795,9.0,8.409038605983849
2663,9.0,8.391100364538882
1445,8.0,7.953077329781305
68,7.0,8.072058096822087
1721,9.0,9.013486197364475
2457,9.0,8.375004307328716
224,7.0,7.448097089496506
