,y_test,prediction
8858,160.0,225.34693354950352
17321,160.0,225.34693354950352
14175,247.0,259.13868938351237
10873,318.0,225.34693354950352
9577,59.0,225.34693354950352
18045,75.0,225.34693354950352
9875,496.0,225.34693354950352
23499,148.0,225.34693354950352
9630,203.0,225.34693354950352
7789,231.0,225.34693354950352
21591,213.0,225.34693354950352
7943,204.0,263.02426305102523
10658,137.0,225.34693354950352
23352,331.0,225.34693354950352
22856,395.0,225.34693354950352
1016,223.0,225.34693354950352
13722,284.0,225.34693354950352
7186,204.0,225.34693354950352
1804,311.0,225.34693354950352
3361,359.0,225.34693354950352
13559,340.0,225.39810722503438
1729,270.0,232.10291989861508
12283,153.0,225.34693354950352
13247,189.0,223.7131901457434
23013,327.0,225.34693354950352
6143,183.0,225.34693354950352
11034,254.0,225.34693354950352
1091,51.0,225.34693354950352
13154,255.0,225.34693354950352
22850,195.0,225.34693354950352
4037,314.0,218.7412672027394
3679,89.0,225.34693354950352
20709,490.0,225.34693354950352
2999,562.0,225.34693354950352
9494,330.0,225.34693354950352
9135,144.0,225.34693354950352
22882,222.0,225.34693354950352
7019,137.0,225.34693354950352
22232,178.0,225.34693354950352
9900,275.0,225.34693354950352
10531,209.0,225.34693354950352
15510,486.0,225.34693354950352
6433,71.0,225.34693354950352
10841,363.0,225.34693354950352
16978,216.0,225.34693354950352
19039,1130.0,225.34693354950352
1762,183.0,190.3039667214502
13215,234.0,225.34693354950352
22433,672.0,225.34693354950352
21088,274.0,225.34693354950352
21851,270.0,225.34693354950352
12998,201.0,225.34693354950352
13852,103.0,225.34693354950352
14530,187.0,225.34693354950352
2201,101.0,225.34693354950352
15384,219.0,225.34693354950352
4463,252.0,225.34693354950352
16176,255.0,269.2765489613084
20557,309.0,239.25562965421494
11380,268.0,225.34693354950352
11177,275.0,225.34693354950352
17643,281.0,225.34693354950352
21785,139.0,239.00746110749077
23521,348.0,225.34693354950352
2324,194.0,262.8134333565465
11804,152.0,225.34693354950352
801,213.0,239.96005480558648
7772,216.0,225.34693354950352
1029,50.0,225.34693354950352
17578,61.0,225.34693354950352
18335,268.0,225.34693354950352
9803,201.0,225.34693354950352
9778,211.0,225.34693354950352
2370,296.0,225.34693354950352
19714,53.0,225.34693354950352
23828,225.0,225.34693354950352
12709,99.0,225.34693354950352
22585,208.0,225.34693354950352
5305,128.0,225.34693354950352
20560,73.0,225.34693354950352
6831,211.0,225.34693354950352
23117,260.0,225.34693354950352
6547,138.0,225.34693354950352
1502,215.0,229.17511497592383
6176,211.0,242.19922704332473
13696,236.0,233.97123881567427
10753,284.0,225.34693354950352
5205,207.0,225.34693354950352
23148,215.0,225.34693354950352
11916,87.0,225.34693354950352
8158,287.0,238.83030782401363
23529,204.0,225.34693354950352
4761,474.0,225.34693354950352
74,48.0,225.34693354950352
19186,122.0,225.34693354950352
14524,194.0,225.34693354950352
23253,270.0,225.34693354950352
14614,191.0,225.34693354950352
3199,655.0,225.34693354950352
5585,181.0,225.34693354950352
23269,136.0,225.34693354950352
6010,353.0,225.34693354950352
14571,215.0,225.34693354950352
23735,100.0,225.34693354950352
15721,162.0,225.34693354950352
21741,515.0,225.34693354950352
21680,227.0,225.34693354950352
1757,238.0,225.34693354950352
3028,27.0,225.34693354950352
4676,238.0,247.50571840837094
212,428.0,225.34693354950352
22214,201.0,225.34693354950352
16785,308.0,225.34693354950352
3202,639.0,225.34693354950352
12400,412.0,187.73910079182252
4391,394.0,225.34693354950352
17880,43.0,225.34693354950352
14902,41.0,225.34693354950352
7006,229.0,225.34693354950352
20658,407.0,225.34693354950352
16532,158.0,225.34693354950352
19455,15.0,225.34693354950352
3747,147.0,225.34693354950352
8985,34.0,225.34693354950352
16304,105.0,225.34693354950352
3098,228.0,225.34693354950352
18615,208.0,225.34693354950352
9161,191.0,225.34693354950352
4903,98.0,225.34693354950352
17252,264.0,225.34693354950352
16570,145.0,225.34693354950352
10731,162.0,225.34693354950352
9306,611.0,225.34693354950352
2356,478.0,225.34693354950352
15376,236.0,225.34693354950352
2152,177.0,288.21857711071675
16683,226.0,284.2461449220848
19017,20.0,225.34693354950352
10786,20.0,225.34693354950352
705,143.0,225.34693354950352
3283,144.0,225.34693354950352
13820,653.0,225.34693354950352
9011,306.0,225.34693354950352
21509,281.0,225.34693354950352
17356,307.0,225.34693354950352
11815,242.0,225.34693354950352
316,183.0,225.34693354950352
836,31.0,225.34693354950352
6290,172.0,225.34693354950352
18870,188.0,225.34693354950352
21949,454.0,225.34693354950352
19275,236.0,260.1948863400389
13727,330.0,225.34693354950352
9241,25.0,225.34693354950352
2027,268.0,260.3613219439279
6261,196.0,225.34693354950352
22114,247.0,225.34693354950352
23039,238.0,225.34693354950352
20157,10.0,225.34693354950352
1258,172.0,225.34693354950352
23768,155.0,225.34693354950352
22457,265.0,225.34693354950352
5497,419.0,225.34693354950352
13115,23.0,225.34693354950352
6744,262.0,225.34693354950352
7890,12.0,225.34693354950352
1448,228.0,225.34693354950352
742,40.0,225.34693354950352
14132,4.0,225.34693354950352
410,200.0,225.34693354950352
18008,219.0,225.34693354950352
13563,141.0,225.34693354950352
4803,315.0,225.34693354950352
137,185.0,225.34693354950352
12778,194.0,225.34693354950352
16028,209.0,225.34693354950352
20149,22.0,225.34693354950352
18855,206.0,225.34693354950352
7040,208.0,285.3128822560857
7104,240.0,225.34693354950352
11651,222.0,225.34693354950352
2650,279.0,225.34693354950352
17623,231.0,225.34693354950352
6893,132.0,225.34693354950352
9735,179.0,262.21358695361005
1641,190.0,225.34693354950352
18311,215.0,225.34693354950352
5862,195.0,225.34693354950352
9528,210.0,225.34693354950352
8217,485.0,225.34693354950352
20385,194.0,225.34693354950352
8124,252.0,225.34693354950352
8515,24.0,225.34693354950352
14992,214.0,225.34693354950352
302,26.0,225.34693354950352
17934,274.0,225.34693354950352
10532,206.0,225.34693354950352
19387,447.0,252.578361765245
12323,225.0,225.34693354950352
18948,74.0,225.34693354950352
13134,142.0,225.34693354950352
11792,390.0,225.34693354950352
11110,36.0,225.34693354950352
16329,111.0,225.34693354950352
11977,275.0,225.34693354950352
20963,24.0,225.34693354950352
9867,212.0,225.34693354950352
6663,172.0,225.34693354950352
7572,27.0,225.34693354950352
5161,249.0,222.92871335701489
15561,231.0,225.34693354950352
5790,355.0,249.1703691165629
22823,86.0,225.34693354950352
14190,238.0,225.34693354950352
4256,417.0,225.34693354950352
16265,253.0,225.34693354950352
19311,55.0,225.34693354950352
15552,164.0,225.34693354950352
23593,59.0,225.34693354950352
18559,266.0,225.34693354950352
3771,286.0,225.34693354950352
9872,391.0,225.34693354950352
9460,303.0,225.34693354950352
16276,247.0,225.34693354950352
4783,252.0,242.86621445952866
2359,361.0,225.34693354950352
8725,49.0,225.34693354950352
11404,223.0,225.34693354950352
11606,367.0,225.34693354950352
18337,248.0,225.34693354950352
8871,211.0,225.34693354950352
19143,186.0,225.34693354950352
23307,132.0,225.34693354950352
23746,205.0,225.34693354950352
18693,226.0,225.34693354950352
13728,295.0,225.34693354950352
19617,535.0,225.34693354950352
14628,35.0,225.34693354950352
21865,166.0,225.34693354950352
496,76.0,225.34693354950352
22851,254.0,225.34693354950352
6123,214.0,225.34693354950352
14569,203.0,225.34693354950352
6812,31.0,225.34693354950352
7894,4.0,225.34693354950352
7529,189.0,225.34693354950352
6365,192.0,278.55596138269294
6417,390.0,225.34693354950352
4182,210.0,225.34693354950352
19374,215.0,225.34693354950352
18228,96.0,225.34693354950352
2159,270.0,258.447962618421
22282,239.0,225.34693354950352
14769,161.0,225.34693354950352
6882,271.0,225.34693354950352
9522,231.0,225.34693354950352
19059,218.0,225.34693354950352
12677,159.0,225.34693354950352
10781,306.0,225.34693354950352
1032,262.0,254.36108664037664
20427,241.0,225.34693354950352
8269,257.0,225.34693354950352
6856,268.0,225.34693354950352
19966,29.0,225.34693354950352
7722,288.0,225.34693354950352
20730,176.0,225.34693354950352
2501,213.0,225.34693354950352
13912,401.0,225.34693354950352
22443,228.0,225.34693354950352
22210,188.0,225.34693354950352
15136,247.0,225.34693354950352
11165,237.0,225.34693354950352
4455,175.0,225.34693354950352
7091,350.0,225.34693354950352
20700,132.0,225.34693354950352
18577,200.0,225.34693354950352
21393,249.0,241.64821964616533
4356,117.0,225.34693354950352
13397,310.0,225.34693354950352
23439,234.0,225.34693354950352
7934,263.0,225.34693354950352
11680,440.0,225.34693354950352
3347,239.0,225.34693354950352
23034,214.0,225.34693354950352
1123,721.0,225.34693354950352
11409,235.0,225.34693354950352
4151,342.0,225.34693354950352
3132,220.0,233.09868352551527
11443,214.0,225.34693354950352
13016,292.0,225.34693354950352
21932,353.0,225.34693354950352
19540,311.0,225.34693354950352
7567,39.0,225.34693354950352
10393,193.0,246.93900241170405
1456,221.0,225.34693354950352
9366,444.0,225.34693354950352
21682,344.0,225.34693354950352
18489,207.0,225.34693354950352
12961,53.0,225.34693354950352
12077,197.0,225.34693354950352
14137,10.0,253.96296004108498
5066,177.0,233.37337129821913
23239,266.0,225.34693354950352
16327,142.0,225.34693354950352
9083,529.0,254.797972507986
21090,231.0,225.34693354950352
8261,146.0,225.34693354950352
20720,218.0,277.28004155431574
19215,213.0,235.08230303892822
14349,197.0,225.34693354950352
23261,246.0,225.34693354950352
7999,202.0,225.34693354950352
9379,179.0,225.34693354950352
15030,203.0,225.34693354950352
1586,354.0,225.34693354950352
1484,240.0,225.34693354950352
18317,224.0,225.34693354950352
4444,195.0,225.34693354950352
17167,142.0,225.34693354950352
20320,217.0,225.34693354950352
4435,214.0,222.40699333085666
6679,294.0,225.34693354950352
14832,203.0,225.34693354950352
8313,208.0,225.34693354950352
22203,268.0,233.754967273409
20138,125.0,225.34693354950352
23525,228.0,225.34693354950352
7009,179.0,225.34693354950352
5490,206.0,225.34693354950352
6253,132.0,225.34693354950352
23926,239.0,225.34693354950352
10087,231.0,225.34693354950352
3836,65.0,225.34693354950352
3255,357.0,243.2126416177183
10999,176.0,225.34693354950352
22296,189.0,225.34693354950352
726,239.0,225.34693354950352
13607,266.0,225.34693354950352
10941,312.0,225.34693354950352
2886,73.0,225.34693354950352
20089,32.0,225.34693354950352
19596,204.0,225.34693354950352
10992,230.0,225.34693354950352
123,283.0,225.34693354950352
2446,274.0,225.34693354950352
9884,274.0,225.34693354950352
6739,248.0,225.34693354950352
5701,179.0,225.34693354950352
5691,42.0,225.34693354950352
22042,131.0,225.34693354950352
2527,231.0,225.34693354950352
199,313.0,225.34693354950352
21894,217.0,250.78424997779507
21415,121.0,225.34693354950352
1681,238.0,225.34693354950352
22951,155.0,225.34693354950352
19730,90.0,225.34693354950352
23394,203.0,225.34693354950352
1775,152.0,225.34693354950352
8164,349.0,225.34693354950352
20471,371.0,225.34693354950352
1384,231.0,225.34693354950352
15846,268.0,225.34693354950352
23221,336.0,225.34693354950352
3384,343.0,225.34693354950352
1886,301.0,225.34693354950352
11196,199.0,225.34693354950352
8362,190.0,249.31723244774977
11999,95.0,225.34693354950352
16923,260.0,225.34693354950352
7597,169.0,225.34693354950352
7284,246.0,225.34693354950352
8698,404.0,225.34693354950352
13700,230.0,225.34693354950352
8125,281.0,225.34693354950352
20961,26.0,225.34693354950352
18773,679.0,225.34693354950352
18485,227.0,225.34693354950352
15024,345.0,225.34693354950352
21796,231.0,222.4112007712013
11234,281.0,225.34693354950352
12666,245.0,225.34693354950352
5688,46.0,225.34693354950352
265,376.0,225.34693354950352
5523,179.0,225.34693354950352
13604,204.0,225.34693354950352
5224,222.0,225.34693354950352
22684,342.0,225.34693354950352
10777,162.0,225.34693354950352
7696,182.0,225.34693354950352
4276,40.0,225.34693354950352
3955,312.0,225.34693354950352
23500,390.0,225.34693354950352
14382,276.0,225.34693354950352
12138,443.0,225.34693354950352
23028,288.0,225.34693354950352
6012,371.0,225.34693354950352
9646,181.0,225.34693354950352
13434,117.0,225.34693354950352
6262,172.0,225.34693354950352
7215,146.0,225.34693354950352
19191,111.0,225.34693354950352
9237,13.0,225.34693354950352
12416,269.0,225.34693354950352
15543,159.0,225.34693354950352
16043,243.0,225.34693354950352
18621,306.0,270.9447973300721
23869,307.0,225.34693354950352
23750,239.0,225.34693354950352
12468,257.0,225.34693354950352
23068,228.0,225.34693354950352
4776,641.0,225.34693354950352
10192,210.0,228.55829056565437
20328,151.0,225.34693354950352
15655,248.0,225.34693354950352
7951,315.0,225.34693354950352
23631,359.0,225.34693354950352
2413,194.0,225.34693354950352
11693,1409.0,184.89198285789712
12069,206.0,253.3982890461711
731,186.0,225.34693354950352
1139,275.0,225.34693354950352
4508,224.0,225.34693354950352
21275,337.0,225.34693354950352
4618,191.0,219.1948497589567
4980,324.0,225.34693354950352
526,326.0,225.34693354950352
22150,225.0,225.34693354950352
8816,344.0,225.34693354950352
14917,424.0,225.34693354950352
2979,74.0,225.34693354950352
4763,594.0,225.34693354950352
8241,265.0,235.3358936831996
21343,239.0,246.49159101339185
3344,181.0,225.34693354950352
1547,258.0,225.34693354950352
9523,207.0,225.34693354950352
11423,491.0,225.34693354950352
21915,105.0,225.34693354950352
23648,242.0,225.34693354950352
9543,225.0,225.34693354950352
21928,97.0,225.34693354950352
17427,261.0,225.34693354950352
9820,311.0,225.34693354950352
14200,191.0,225.34693354950352
17837,110.0,225.34693354950352
19666,274.0,225.34693354950352
7133,196.0,225.34693354950352
14413,312.0,225.34693354950352
8185,55.0,225.34693354950352
18803,28.0,225.34693354950352
1911,258.0,225.34693354950352
13950,133.0,225.34693354950352
21063,181.0,225.34693354950352
13128,174.0,225.34693354950352
18748,109.0,225.34693354950352
23124,252.0,225.34693354950352
9886,323.0,225.34693354950352
23096,241.0,225.34693354950352
15471,409.0,225.34693354950352
20942,515.0,225.34693354950352
23131,471.0,225.34693354950352
19020,27.0,225.34693354950352
10209,286.0,225.34693354950352
10839,352.0,225.34693354950352
12108,182.0,225.34693354950352
8392,192.0,225.34693354950352
9592,126.0,225.34693354950352
1618,253.0,225.34693354950352
2654,305.0,225.34693354950352
12181,102.0,225.34693354950352
15548,177.0,225.34693354950352
14267,101.0,225.34693354950352
4537,364.0,225.34693354950352
8662,287.0,225.34693354950352
11643,601.0,225.34693354950352
17945,301.0,225.34693354950352
20298,288.0,225.34693354950352
17450,34.0,225.34693354950352
17745,96.0,225.34693354950352
4150,280.0,221.4836908457503
16636,316.0,225.34693354950352
13425,639.0,225.34693354950352
9115,205.0,225.34693354950352
2342,181.0,225.34693354950352
21918,102.0,225.34693354950352
1089,53.0,225.34693354950352
14905,360.0,281.06716963862556
20426,180.0,225.34693354950352
20972,113.0,225.34693354950352
12638,251.0,225.34693354950352
23232,284.0,225.34693354950352
17887,120.0,225.34693354950352
5423,246.0,225.43685865269677
15515,278.0,225.34693354950352
5552,146.0,225.34693354950352
10291,428.0,225.34693354950352
23651,248.0,225.34693354950352
18899,72.0,225.34693354950352
18077,430.0,225.34693354950352
5089,294.0,225.34693354950352
17864,179.0,225.34693354950352
2247,290.0,225.34693354950352
12923,34.0,225.34693354950352
14667,269.0,249.3873097939593
23065,234.0,225.34693354950352
13810,908.0,225.34693354950352
13612,359.0,225.34693354950352
1304,183.0,225.34693354950352
14161,186.0,242.9942290832762
23952,105.0,225.34693354950352
12497,316.0,225.34693354950352
7183,304.0,231.3826431360497
21627,340.0,225.34693354950352
7015,34.0,225.34693354950352
4133,39.0,225.34693354950352
11694,1520.0,225.34693354950352
3102,294.0,225.34693354950352
2491,37.0,225.34693354950352
23789,267.0,225.34693354950352
8839,309.0,225.34693354950352
23187,314.0,225.34693354950352
15590,205.0,225.34693354950352
9090,124.0,225.34693354950352
13181,251.0,225.34693354950352
12592,294.0,225.34693354950352
17699,349.0,225.34693354950352
3262,313.0,225.34693354950352
7475,145.0,225.34693354950352
8971,14.0,225.34693354950352
13693,211.0,225.34693354950352
19904,314.0,264.13103518343297
15542,167.0,225.34693354950352
544,77.0,225.34693354950352
17311,7.0,225.34693354950352
16190,285.0,290.54811835877535
15335,354.0,225.34693354950352
22257,334.0,235.67817604308573
15961,269.0,225.34693354950352
23041,228.0,225.34693354950352
1071,251.0,225.34693354950352
13469,459.0,225.34693354950352
16795,159.0,225.34693354950352
10553,210.0,231.51117634876624
14491,251.0,225.34693354950352
19338,275.0,225.34693354950352
7707,207.0,225.34693354950352
6730,198.0,225.34693354950352
8278,66.0,225.34693354950352
3180,195.0,225.34693354950352
12706,140.0,225.34693354950352
5306,147.0,225.34693354950352
19825,284.0,225.34693354950352
17768,253.0,225.34693354950352
12277,191.0,225.34693354950352
19175,239.0,225.34693354950352
18589,420.0,225.34693354950352
556,95.0,225.34693354950352
13305,286.0,225.34693354950352
18880,260.0,225.34693354950352
22895,153.0,225.34693354950352
2075,199.0,225.34693354950352
1953,226.0,225.34693354950352
6877,130.0,225.34693354950352
17121,281.0,225.34693354950352
9243,22.0,225.34693354950352
8342,283.0,225.34693354950352
23692,256.0,225.34693354950352
14658,204.0,225.34693354950352
10427,265.0,225.34693354950352
22761,228.0,225.34693354950352
147,230.0,225.34693354950352
18801,33.0,225.34693354950352
22768,238.0,225.34693354950352
10938,291.0,225.34693354950352
683,276.0,225.34693354950352
563,78.0,225.34693354950352
18394,198.0,293.8204191653625
11432,250.0,225.34693354950352
23816,255.0,225.34693354950352
8938,273.0,225.34693354950352
14630,26.0,225.34693354950352
2142,22.0,225.34693354950352
6008,333.0,225.34693354950352
8604,310.0,225.34693354950352
282,180.0,225.34693354950352
3284,120.0,225.34693354950352
10972,145.0,225.34693354950352
16201,277.0,225.34693354950352
23017,279.0,225.34693354950352
5412,350.0,225.34693354950352
815,19.0,225.34693354950352
11541,208.0,225.34693354950352
13501,64.0,225.34693354950352
19768,239.0,225.34693354950352
10363,213.0,225.34693354950352
7993,212.0,225.34693354950352
19443,173.0,225.34693354950352
13751,163.0,225.34693354950352
3933,277.0,225.34693354950352
20342,80.0,225.34693354950352
17187,240.0,256.95906194172494
11613,278.0,225.34693354950352
1773,130.0,225.34693354950352
17878,40.0,225.34693354950352
13918,184.0,225.34693354950352
23628,393.0,225.34693354950352
7771,209.0,225.34693354950352
15323,278.0,229.16451034572196
2714,218.0,253.7046236667675
4135,24.0,225.34693354950352
2251,253.0,225.34693354950352
20242,222.0,215.28098975602683
1227,249.0,225.34693354950352
189,113.0,225.34693354950352
223,274.0,225.34693354950352
12176,241.0,225.34693354950352
8793,11.0,225.34693354950352
15142,160.0,225.34693354950352
23164,244.0,225.34693354950352
15084,309.0,225.34693354950352
13665,341.0,257.26904763986465
11602,95.0,225.34693354950352
23564,374.0,225.34693354950352
2234,197.0,225.34693354950352
1430,75.0,225.34693354950352
20938,485.0,259.2301208116565
18372,169.0,225.34693354950352
18235,94.0,225.34693354950352
2338,262.0,225.34693354950352
23847,254.0,225.34693354950352
14685,250.0,225.34693354950352
22948,273.0,225.34693354950352
3106,296.0,225.34693354950352
14873,264.0,225.34693354950352
19839,369.0,235.68327865971264
6991,220.0,225.34693354950352
61,252.0,225.34693354950352
17911,172.0,225.34693354950352
21180,234.0,225.34693354950352
21969,143.0,225.34693354950352
3152,278.0,225.34693354950352
22931,222.0,225.34693354950352
20661,389.0,225.34693354950352
10036,77.0,225.34693354950352
1515,223.0,225.34693354950352
6068,243.0,225.34693354950352
3285,106.0,225.34693354950352
9581,69.0,225.34693354950352
1489,257.0,225.34693354950352
12767,84.0,225.34693354950352
996,233.0,225.34693354950352
22868,245.0,225.34693354950352
10817,294.0,225.34693354950352
10108,298.0,225.34693354950352
3192,342.0,225.34693354950352
17799,584.0,225.34693354950352
16744,76.0,225.34693354950352
20488,281.0,225.34693354950352
16459,35.0,225.34693354950352
12765,107.0,225.34693354950352
20721,212.0,225.34693354950352
14022,197.0,247.55926685713567
21850,161.0,225.34693354950352
3183,272.0,225.34693354950352
17886,71.0,225.34693354950352
2059,305.0,225.34693354950352
15996,455.0,225.34693354950352
8429,140.0,225.34693354950352
13514,259.0,225.34693354950352
10254,199.0,225.34693354950352
4547,64.0,225.34693354950352
5096,402.0,225.34693354950352
8453,161.0,232.60851315414524
16666,207.0,225.34693354950352
4224,266.0,225.34693354950352
8680,165.0,252.51185487254168
12692,332.0,225.34693354950352
7229,204.0,225.34693354950352
9955,273.0,228.67881520897612
16373,195.0,225.34693354950352
12888,205.0,225.34693354950352
382,33.0,225.34693354950352
6135,29.0,225.34693354950352
23160,47.0,225.34693354950352
22938,229.0,225.34693354950352
3574,315.0,225.34693354950352
7318,196.0,225.34693354950352
22465,244.0,225.34693354950352
16750,210.0,225.34693354950352
11023,207.0,249.31464543364683
17757,261.0,225.34693354950352
14923,238.0,225.34693354950352
6719,208.0,225.34693354950352
7733,196.0,225.34693354950352
18965,91.0,225.34693354950352
22698,444.0,225.34693354950352
23286,255.0,225.34693354950352
8844,222.0,225.34693354950352
18600,245.0,225.34693354950352
14948,66.0,225.34693354950352
4957,275.0,225.34693354950352
13946,165.0,225.34693354950352
14147,41.0,225.34693354950352
15592,199.0,225.34693354950352
19908,434.0,225.34693354950352
19709,250.0,231.5146806327319
23904,82.0,225.34693354950352
23668,271.0,225.34693354950352
19942,234.0,225.50416137030192
23450,319.0,225.34693354950352
3060,202.0,225.34693354950352
7584,249.0,225.34693354950352
15641,278.0,255.93537872222396
12228,438.0,225.34693354950352
12169,189.0,225.34693354950352
20838,269.0,225.34693354950352
19944,241.0,244.13542461522798
11772,305.0,225.34693354950352
6436,122.0,225.34693354950352
10736,147.0,225.34693354950352
20502,281.0,242.37528047960282
5063,247.0,197.0162570116106
176,224.0,225.34693354950352
16963,232.0,225.34693354950352
769,240.0,225.34693354950352
13254,238.0,225.34693354950352
12172,214.0,225.34693354950352
15405,208.0,247.93880296772275
51,200.0,225.34693354950352
6874,154.0,225.34693354950352
13008,239.0,225.34693354950352
23781,233.0,225.34693354950352
5532,256.0,225.34693354950352
23981,251.0,225.34693354950352
19969,27.0,225.34693354950352
23419,26.0,225.34693354950352
3541,63.0,225.34693354950352
8992,16.0,225.34693354950352
9209,235.0,225.34693354950352
13891,18.0,225.34693354950352
3123,135.0,225.34693354950352
1041,257.0,225.34693354950352
7423,275.0,225.34693354950352
16482,182.0,225.34693354950352
15818,238.0,239.45170837938966
16443,210.0,225.34693354950352
7910,36.0,225.34693354950352
13346,403.0,225.34693354950352
5135,309.0,299.2197249369265
23734,97.0,225.34693354950352
20599,112.0,225.34693354950352
17788,321.0,225.34693354950352
15484,384.0,225.34693354950352
10869,285.0,225.34693354950352
5779,328.0,288.64584532557325
7760,270.0,225.34693354950352
12705,213.0,225.34693354950352
11164,254.0,225.34693354950352
21493,159.0,225.34693354950352
2683,222.0,225.34693354950352
20957,26.0,225.34693354950352
14708,215.0,225.34693354950352
15979,62.0,225.34693354950352
22160,196.0,225.34693354950352
17095,167.0,225.34693354950352
20282,269.0,225.34693354950352
23558,262.0,225.34693354950352
22984,364.0,225.34693354950352
4524,290.0,225.34693354950352
10580,269.0,232.1367649024213
22437,254.0,225.34693354950352
3276,599.0,225.34693354950352
19955,150.0,228.04257141336097
8941,233.0,225.34693354950352
3647,248.0,233.56229170859004
8987,22.0,225.34693354950352
1401,236.0,256.7154284840407
20671,168.0,225.34693354950352
10591,253.0,212.83588104453256
10698,286.0,225.34693354950352
14573,214.0,225.34693354950352
13436,121.0,225.34693354950352
9130,165.0,225.34693354950352
2810,30.0,225.34693354950352
3449,199.0,225.34693354950352
17906,110.0,225.34693354950352
20538,284.0,215.68487111696084
23800,215.0,225.34693354950352
23967,303.0,225.34693354950352
3391,384.0,225.34693354950352
6622,207.0,225.34693354950352
20454,334.0,225.34693354950352
3899,195.0,225.34693354950352
1546,258.0,225.34693354950352
12264,193.0,225.34693354950352
613,209.0,225.34693354950352
19500,236.0,225.34693354950352
10030,93.0,225.34693354950352
22699,477.0,225.34693354950352
16876,68.0,225.34693354950352
19269,153.0,225.34693354950352
9553,168.0,256.6391556166012
11337,178.0,225.34693354950352
3154,304.0,225.34693354950352
20335,167.0,225.34693354950352
15958,133.0,238.24320658762005
15644,333.0,225.34693354950352
22463,230.0,225.34693354950352
19976,42.0,225.34693354950352
9639,279.0,225.34693354950352
4117,249.0,225.34693354950352
2248,245.0,225.34693354950352
1146,254.0,225.34693354950352
12168,262.0,225.34693354950352
11945,37.0,225.34693354950352
168,151.0,225.34693354950352
2061,241.0,225.34693354950352
16070,151.0,225.34693354950352
542,250.0,225.34693354950352
4710,404.0,225.34693354950352
16614,110.0,225.34693354950352
2481,66.0,225.34693354950352
23285,314.0,225.34693354950352
13599,246.0,225.34693354950352
6051,247.0,225.34693354950352
20753,152.0,225.34693354950352
11873,162.0,225.34693354950352
7409,353.0,225.34693354950352
6232,178.0,225.34693354950352
293,224.0,225.34693354950352
23489,291.0,225.34693354950352
4394,388.0,225.34693354950352
18341,247.0,229.2512499956645
6336,202.0,225.34693354950352
22536,304.0,225.34693354950352
1715,234.0,225.34693354950352
3699,197.0,225.34693354950352
9307,627.0,225.34693354950352
5233,379.0,225.34693354950352
7848,158.0,225.34693354950352
13194,169.0,225.34693354950352
22455,301.0,225.34693354950352
13048,70.0,225.34693354950352
332,216.0,225.34693354950352
10762,261.0,225.34693354950352
10688,303.0,225.34693354950352
23459,249.0,225.34693354950352
10469,276.0,225.34693354950352
407,28.0,225.34693354950352
18747,120.0,225.34693354950352
15098,375.0,247.76905110763133
20885,301.0,225.34693354950352
4207,237.0,225.34693354950352
19200,266.0,225.34693354950352
19289,237.0,225.34693354950352
9634,212.0,225.34693354950352
21526,34.0,225.34693354950352
5892,259.0,225.34693354950352
14554,275.0,225.34693354950352
18549,241.0,260.9660750131473
23605,147.0,225.34693354950352
4249,206.0,225.34693354950352
3221,662.0,225.34693354950352
23656,236.0,225.34693354950352
2195,321.0,225.34693354950352
18042,70.0,225.34693354950352
6625,237.0,225.34693354950352
23974,281.0,225.34693354950352
517,18.0,225.34693354950352
299,26.0,225.34693354950352
1178,277.0,225.34693354950352
19795,267.0,225.34693354950352
14067,151.0,225.34693354950352
12284,173.0,225.34693354950352
21082,196.0,253.02487356117075
2586,219.0,225.34693354950352
4464,217.0,225.34693354950352
9056,220.0,225.34693354950352
4098,295.0,225.34693354950352
5471,230.0,225.34693354950352
10213,261.0,225.34693354950352
11335,428.0,225.34693354950352
14228,227.0,225.34693354950352
17921,253.0,225.34693354950352
18274,359.0,225.34693354950352
22859,176.0,225.34693354950352
14076,121.0,225.34693354950352
16316,173.0,225.34693354950352
21487,274.0,225.34693354950352
5009,60.0,225.34693354950352
21244,72.0,200.6552504635831
12584,312.0,225.34693354950352
18268,124.0,225.34693354950352
5464,184.0,225.34693354950352
17734,127.0,225.34693354950352
17344,229.0,225.34693354950352
7826,239.0,225.34693354950352
2908,283.0,225.34693354950352
23620,170.0,225.34693354950352
3727,199.0,225.34693354950352
1646,300.0,225.34693354950352
2486,37.0,225.34693354950352
20070,279.0,249.87118442587519
14624,239.0,225.34693354950352
14096,241.0,225.34693354950352
3709,255.0,225.34693354950352
11434,223.0,225.34693354950352
22400,230.0,225.34693354950352
23978,225.0,225.34693354950352
15608,164.0,225.34693354950352
20702,161.0,225.34693354950352
23248,307.0,225.34693354950352
14354,290.0,225.34693354950352
8127,295.0,225.34693354950352
10123,270.0,225.34693354950352
22310,434.0,225.34693354950352
17587,46.0,225.34693354950352
12248,66.0,225.34693354950352
22691,205.0,225.34693354950352
11957,215.0,225.34693354950352
19630,211.0,225.34693354950352
6423,144.0,225.34693354950352
11707,221.0,225.34693354950352
18032,193.0,225.34693354950352
23719,286.0,225.34693354950352
21376,220.0,225.34693354950352
18030,192.0,225.34693354950352
8358,237.0,234.55037664398188
4489,77.0,225.34693354950352
4965,293.0,225.34693354950352
20234,285.0,225.34693354950352
243,225.0,225.34693354950352
8488,220.0,225.34693354950352
3753,315.0,225.34693354950352
3297,397.0,225.34693354950352
7234,208.0,247.07689815813492
12930,242.0,225.34693354950352
7735,172.0,225.34693354950352
10145,202.0,225.34693354950352
20377,235.0,225.34693354950352
7071,102.0,225.34693354950352
23799,200.0,225.34693354950352
7152,96.0,225.34693354950352
18590,349.0,225.34693354950352
20198,355.0,225.34693354950352
553,73.0,225.34693354950352
3965,185.0,225.34693354950352
7614,41.0,225.34693354950352
10962,216.0,199.0044003973888
15716,197.0,225.34693354950352
13488,249.0,228.8570277997275
6197,45.0,225.34693354950352
4016,206.0,225.34693354950352
15858,283.0,225.34693354950352
115,282.0,225.34693354950352
12216,391.0,225.34693354950352
14090,212.0,225.34693354950352
9470,251.0,225.34693354950352
3720,160.0,225.34693354950352
9511,276.0,225.34693354950352
524,227.0,225.34693354950352
17551,255.0,225.34693354950352
4683,301.0,225.34693354950352
19505,229.0,225.34693354950352
12439,356.0,266.1406869656487
17633,220.0,225.34693354950352
17309,5.0,225.34693354950352
15185,170.0,225.34693354950352
18056,299.0,225.34693354950352
17795,684.0,225.34693354950352
3665,198.0,225.34693354950352
14318,287.0,225.34693354950352
17629,317.0,225.34693354950352
8371,170.0,240.4010334174956
5284,210.0,225.34693354950352
21207,126.0,225.34693354950352
16168,270.0,225.34693354950352
21293,287.0,225.34693354950352
6001,321.0,225.34693354950352
12351,220.0,225.34693354950352
2568,74.0,210.84846180662737
20591,139.0,225.34693354950352
15338,221.0,225.34693354950352
3247,235.0,225.34693354950352
14109,377.0,277.395440597997
19005,241.0,225.34693354950352
14496,326.0,225.34693354950352
15865,460.0,225.34693354950352
8468,251.0,225.34693354950352
8885,209.0,225.34693354950352
21905,243.0,225.34693354950352
96,361.0,225.34693354950352
9481,200.0,225.34693354950352
6199,43.0,225.34693354950352
5510,326.0,225.34693354950352
12900,234.0,225.34693354950352
4578,188.0,225.34693354950352
23579,198.0,225.34693354950352
14679,239.0,225.34693354950352
21332,261.0,225.34693354950352
4950,205.0,225.34693354950352
22052,36.0,225.34693354950352
3905,132.0,225.34693354950352
17396,332.0,225.4721318055586
22211,207.0,225.34693354950352
7926,305.0,225.34693354950352
1603,102.0,225.34693354950352
23749,277.0,225.34693354950352
1408,402.0,225.34693354950352
6077,234.0,225.34693354950352
23227,145.0,225.34693354950352
12503,474.0,225.34693354950352
8587,147.0,225.34693354950352
459,31.0,225.34693354950352
21135,354.0,225.34693354950352
19177,193.0,225.34693354950352
9187,161.0,225.34693354950352
270,438.0,225.34693354950352
23377,226.0,225.34693354950352
7764,327.0,225.34693354950352
12014,130.0,225.34693354950352
17724,336.0,225.34693354950352
17816,221.0,225.34693354950352
6642,459.0,225.34693354950352
3529,212.0,225.34693354950352
19702,232.0,225.34693354950352
11294,60.0,225.34693354950352
6251,104.0,225.34693354950352
19898,183.0,210.70425438865152
5327,273.0,225.34693354950352
5311,293.0,233.53172554809976
1730,144.0,236.97547265843792
11121,23.0,225.34693354950352
1907,156.0,225.34693354950352
11568,164.0,225.34693354950352
23175,238.0,225.34693354950352
3582,303.0,225.34693354950352
12732,394.0,225.34693354950352
13805,161.0,225.34693354950352
1558,244.0,225.34693354950352
15990,427.0,225.34693354950352
23152,293.0,225.34693354950352
12898,211.0,225.34693354950352
14889,32.0,225.34693354950352
6440,258.0,225.34693354950352
20787,344.0,225.34693354950352
2638,83.0,225.34693354950352
14892,99.0,225.34693354950352
15847,296.0,229.3842931052045
10073,128.0,225.34693354950352
22133,244.0,226.52022321139196
16937,175.0,225.34693354950352
1273,475.0,225.34693354950352
14146,49.0,225.34693354950352
13340,273.0,225.34693354950352
1290,281.0,225.34693354950352
11390,206.0,225.34693354950352
17414,159.0,225.34693354950352
11950,59.0,225.34693354950352
10931,345.0,225.34693354950352
22877,295.0,225.34693354950352
17999,273.0,225.34693354950352
18431,307.0,225.34693354950352
14330,192.0,232.86117636579007
1878,251.0,265.21254631601187
5122,266.0,225.34693354950352
3976,256.0,225.34693354950352
17718,140.0,225.34693354950352
16083,168.0,225.34693354950352
1737,336.0,225.34693354950352
6922,212.0,225.34693354950352
17143,435.0,225.34693354950352
14081,193.0,225.34693354950352
10387,306.0,225.34693354950352
20795,155.0,225.34693354950352
1505,203.0,231.2346957387016
13044,86.0,225.34693354950352
23639,232.0,225.34693354950352
2717,263.0,234.06221288543304
23046,205.0,225.34693354950352
22781,204.0,225.34693354950352
6085,319.0,225.34693354950352
1492,180.0,225.34693354950352
5275,224.0,225.34693354950352
5253,487.0,225.34693354950352
778,186.0,225.34693354950352
22595,202.0,225.34693354950352
18741,173.0,225.34693354950352
2680,179.0,225.34693354950352
2401,277.0,225.34693354950352
7955,302.0,225.34693354950352
4509,329.0,225.34693354950352
17702,377.0,225.34693354950352
16429,36.0,225.34693354950352
1367,349.0,225.34693354950352
20676,125.0,225.34693354950352
10069,144.0,225.34693354950352
19162,184.0,225.34693354950352
722,271.0,225.34693354950352
11012,234.0,225.34693354950352
3686,237.0,234.55286437385658
2194,180.0,225.34693354950352
3244,175.0,225.34693354950352
22434,247.0,225.34693354950352
6414,286.0,225.34693354950352
10860,221.0,225.34693354950352
11796,131.0,225.34693354950352
16343,257.0,225.34693354950352
11848,302.0,225.34693354950352
23666,271.0,225.34693354950352
23782,279.0,225.34693354950352
16946,200.0,225.34693354950352
10751,283.0,227.96290473008295
9266,266.0,225.34693354950352
192,82.0,225.34693354950352
8502,272.0,225.34693354950352
23245,231.0,225.34693354950352
23884,357.0,225.34693354950352
16427,35.0,225.34693354950352
305,20.0,225.34693354950352
12049,287.0,225.34693354950352
2986,217.0,225.34693354950352
14638,23.0,225.34693354950352
7671,233.0,225.34693354950352
2708,137.0,225.34693354950352
6167,251.0,225.34693354950352
495,95.0,225.34693354950352
14061,270.0,225.34693354950352
14082,107.0,225.34693354950352
1986,318.0,225.34693354950352
19674,245.0,225.34693354950352
6036,224.0,225.34693354950352
18422,303.0,225.34693354950352
1434,74.0,225.34693354950352
4186,192.0,225.34693354950352
7820,125.0,225.34693354950352
10857,218.0,225.34693354950352
1924,280.0,235.81710491669256
15295,388.0,225.34693354950352
9443,283.0,225.34693354950352
19534,204.0,225.34693354950352
15828,363.0,225.34693354950352
8276,65.0,225.34693354950352
20350,157.0,225.34693354950352
4536,393.0,225.34693354950352
2022,201.0,225.34693354950352
9943,101.0,225.34693354950352
7158,78.0,225.34693354950352
15929,181.0,225.34693354950352
22221,216.0,225.34693354950352
2390,166.0,225.34693354950352
5401,309.0,225.34693354950352
15378,197.0,225.34693354950352
12841,309.0,225.34693354950352
8119,269.0,225.34693354950352
19224,198.0,225.34693354950352
20331,138.0,225.34693354950352
23803,286.0,225.34693354950352
23879,276.0,225.34693354950352
17696,377.0,225.34693354950352
21237,561.0,225.34693354950352
8501,268.0,225.34693354950352
2414,210.0,225.34693354950352
18998,239.0,225.34693354950352
11416,136.0,225.34693354950352
6250,86.0,225.34693354950352
4878,89.0,225.34693354950352
4954,288.0,225.34693354950352
12585,348.0,225.34693354950352
18604,733.0,225.34693354950352
3197,583.0,225.34693354950352
8173,71.0,225.34693354950352
2382,263.0,225.34693354950352
1130,339.0,225.34693354950352
13475,247.0,225.34693354950352
19621,479.0,225.34693354950352
14272,235.0,225.34693354950352
18639,274.0,248.68691607498124
11441,331.0,225.34693354950352
5503,240.0,225.34693354950352
19272,157.0,225.34693354950352
1826,623.0,225.34693354950352
15822,166.0,225.34693354950352
13265,75.0,225.34693354950352
12701,148.0,225.34693354950352
6999,375.0,225.34693354950352
4484,289.0,225.34693354950352
22810,198.0,225.34693354950352
3265,286.0,225.34693354950352
6869,171.0,225.34693354950352
4144,201.0,225.34693354950352
1320,254.0,225.34693354950352
12381,257.0,225.34693354950352
22785,391.0,225.34693354950352
23570,217.0,225.34693354950352
11079,297.0,225.34693354950352
9589,78.0,225.34693354950352
18362,261.0,225.34693354950352
4066,244.0,225.34693354950352
5121,251.0,225.34693354950352
19991,11.0,225.34693354950352
6871,145.0,225.34693354950352
9206,173.0,225.34693354950352
2603,84.0,225.34693354950352
3593,185.0,215.1654518100202
21841,278.0,225.34693354950352
10216,263.0,225.34693354950352
20233,304.0,225.34693354950352
11118,36.0,225.34693354950352
4362,218.0,193.5158272649703
15158,278.0,225.34693354950352
6211,115.0,225.34693354950352
21653,189.0,225.34693354950352
8578,275.0,225.34693354950352
1215,265.0,257.2474584532338
15568,202.0,225.34693354950352
16655,20.0,225.34693354950352
13103,384.0,225.34693354950352
14576,317.0,225.34693354950352
23247,285.0,225.34693354950352
9391,172.0,225.34693354950352
6063,228.0,225.34693354950352
4094,243.0,276.60536220579365
6878,114.0,225.34693354950352
13532,43.0,225.34693354950352
6105,13.0,225.34693354950352
12238,104.0,225.34693354950352
9925,126.0,225.34693354950352
9785,230.0,225.34693354950352
17129,223.0,225.34693354950352
4145,242.0,225.34693354950352
20447,235.0,225.34693354950352
19678,591.0,225.34693354950352
14138,4.0,225.34693354950352
6118,325.0,225.34693354950352
14467,64.0,225.34693354950352
16652,32.0,225.34693354950352
3682,74.0,225.34693354950352
12494,384.0,225.34693354950352
16871,57.0,225.34693354950352
17741,122.0,225.34693354950352
5531,212.0,206.59224876004555
22646,214.0,225.34693354950352
13801,162.0,225.34693354950352
10951,285.0,225.34693354950352
1781,236.0,249.99041270352706
16038,219.0,225.34693354950352
14673,392.0,276.9498740140284
9808,173.0,225.34693354950352
4702,212.0,225.34693354950352
534,57.0,238.15715939016002
13594,336.0,225.34693354950352
4905,126.0,225.34693354950352
15426,142.0,225.34693354950352
18287,191.0,225.34693354950352
23437,32.0,225.34693354950352
8252,389.0,225.34693354950352
23971,291.0,225.34693354950352
22888,185.0,225.34693354950352
23900,176.0,225.34693354950352
8320,280.0,225.34693354950352
13225,95.0,225.34693354950352
20640,229.0,225.34693354950352
13498,81.0,225.34693354950352
3233,182.0,225.34693354950352
1054,253.0,225.34693354950352
12521,218.0,225.34693354950352
15366,195.0,225.34693354950352
8519,15.0,225.34693354950352
2759,476.0,225.34693354950352
21366,180.0,225.34693354950352
7062,391.0,225.34693354950352
1060,262.0,225.34693354950352
3813,176.0,225.34693354950352
12274,300.0,225.34693354950352
12210,581.0,225.34693354950352
14005,317.0,225.34693354950352
22572,248.0,225.34693354950352
16819,241.0,225.34693354950352
3542,70.0,225.34693354950352
4790,104.0,217.93321829963094
6409,296.0,225.34693354950352
20247,259.0,225.34693354950352
16359,183.0,225.34693354950352
21169,361.0,225.34693354950352
20313,329.0,225.34693354950352
644,196.0,225.34693354950352
23189,247.0,225.34693354950352
2369,287.0,225.34693354950352
11002,187.0,225.34693354950352
2498,214.0,225.34693354950352
283,199.0,225.34693354950352
2326,316.0,225.34693354950352
15652,291.0,225.34693354950352
14676,224.0,225.34693354950352
21178,273.0,225.34693354950352
3681,95.0,225.34693354950352
5686,35.0,225.34693354950352
21517,190.0,225.34693354950352
3612,227.0,225.34693354950352
612,230.0,225.34693354950352
12158,337.0,225.34693354950352
10602,205.0,228.77653983141624
3436,214.0,225.34693354950352
1783,237.0,250.60953047455274
8015,300.0,288.6749352503964
5995,55.0,225.34693354950352
20422,256.0,225.34693354950352
9452,237.0,225.34693354950352
9992,156.0,242.06326116774733
6133,31.0,225.34693354950352
21421,120.0,225.34693354950352
17892,364.0,225.34693354950352
11503,439.0,225.34693354950352
8924,277.0,225.34693354950352
12835,183.0,225.34693354950352
16618,100.0,225.34693354950352
15972,156.0,225.34693354950352
22600,263.0,225.34693354950352
20887,284.0,225.34693354950352
7899,20.0,225.34693354950352
2926,123.0,225.34693354950352
14178,280.0,225.34693354950352
8205,161.0,225.34693354950352
5015,31.0,225.34693354950352
8280,70.0,225.34693354950352
8978,19.0,225.34693354950352
15536,336.0,225.34693354950352
14680,197.0,225.34693354950352
10989,241.0,225.34693354950352
15382,243.0,225.34693354950352
11530,273.0,225.34693354950352
10423,223.0,225.34693354950352
10875,314.0,225.34693354950352
21099,264.0,225.34693354950352
2014,337.0,225.34693354950352
23856,295.0,225.34693354950352
23064,223.0,225.34693354950352
20876,742.0,225.34693354950352
4935,336.0,225.34693354950352
1520,330.0,216.63452477605398
5507,279.0,225.34693354950352
5762,272.0,237.98347044657714
17821,185.0,225.34693354950352
7474,152.0,225.34693354950352
20267,217.0,225.34693354950352
8182,75.0,225.34693354950352
3219,618.0,225.34693354950352
15991,398.0,225.34693354950352
910,373.0,225.34693354950352
1791,282.0,225.34693354950352
13888,12.0,225.34693354950352
20816,252.0,225.34693354950352
11658,154.0,273.29558573918723
21729,395.0,225.34693354950352
21548,185.0,225.34693354950352
5473,319.0,225.34693354950352
23324,380.0,225.34693354950352
9196,234.0,225.34693354950352
19968,29.0,225.34693354950352
10088,240.0,225.34693354950352
18704,168.0,225.34693354950352
8880,174.0,225.34693354950352
10882,235.0,225.34693354950352
23880,311.0,225.34693354950352
20173,257.0,225.34693354950352
21780,228.0,225.34693354950352
22547,325.0,225.34693354950352
4522,314.0,250.85661514727866
13756,337.0,225.34693354950352
12866,241.0,225.34693354950352
19320,92.0,225.34693354950352
16008,230.0,245.1678908718796
22208,210.0,225.34693354950352
2213,180.0,225.34693354950352
22212,201.0,225.34693354950352
14896,86.0,225.34693354950352
9170,204.0,225.34693354950352
23619,302.0,225.34693354950352
18028,278.0,225.34693354950352
7244,86.0,225.34693354950352
6431,80.0,225.34693354950352
21503,326.0,225.34693354950352
4570,314.0,225.34693354950352
2574,84.0,225.34693354950352
5727,208.0,225.34693354950352
22470,326.0,225.34693354950352
1789,245.0,225.34693354950352
3187,249.0,225.34693354950352
782,205.0,225.34693354950352
17137,200.0,225.34693354950352
21113,277.0,225.34693354950352
944,82.0,225.34693354950352
19926,131.0,225.34693354950352
4880,110.0,225.34693354950352
17653,256.0,225.34693354950352
11943,17.0,225.34693354950352
312,250.0,225.34693354950352
14625,24.0,225.34693354950352
16055,230.0,199.19944727133657
11740,491.0,225.34693354950352
9339,36.0,225.34693354950352
22834,28.0,225.34693354950352
1720,126.0,225.34693354950352
18120,203.0,225.34693354950352
13281,63.0,225.34693354950352
21230,218.0,225.34693354950352
4342,200.0,225.34693354950352
20354,235.0,225.34693354950352
1118,478.0,225.34693354950352
4991,242.0,225.34693354950352
7262,465.0,225.34693354950352
5170,158.0,225.34693354950352
2149,44.0,225.34693354950352
5879,292.0,225.34693354950352
22561,229.0,225.34693354950352
8668,256.0,225.34693354950352
14428,268.0,225.34693354950352
17960,194.0,225.34693354950352
8414,210.0,240.63925117245014
15508,460.0,225.34693354950352
9740,319.0,225.34693354950352
10227,194.0,225.34693354950352
20718,246.0,231.88483099619555
23180,249.0,225.34693354950352
3704,282.0,237.35963748924055
4363,348.0,225.34693354950352
17422,261.0,225.34693354950352
22799,301.0,225.34693354950352
5119,167.0,225.34693354950352
6791,380.0,225.34693354950352
5955,206.0,225.34693354950352
16440,225.0,225.34693354950352
19359,256.0,225.34693354950352
8733,231.0,225.34693354950352
20569,82.0,225.34693354950352
277,202.0,225.34693354950352
18177,249.0,225.34693354950352
8595,255.0,249.47218684907173
11145,219.0,225.34693354950352
5593,242.0,225.34693354950352
17588,46.0,225.34693354950352
1339,86.0,225.34693354950352
13013,263.0,225.34693354950352
11830,109.0,225.34693354950352
9975,250.0,225.34693354950352
17607,247.0,225.34693354950352
15276,230.0,225.34693354950352
8494,267.0,225.34693354950352
20135,193.0,225.34693354950352
18149,161.0,225.34693354950352
11230,225.0,222.26363797968565
20477,209.0,225.34693354950352
23316,366.0,225.34693354950352
23085,213.0,225.34693354950352
23846,357.0,225.34693354950352
3600,232.0,225.34693354950352
5301,183.0,225.34693354950352
6741,246.0,225.34693354950352
19239,182.0,225.34693354950352
19964,261.0,225.34693354950352
18770,205.0,225.34693354950352
6286,191.0,225.34693354950352
15269,221.0,225.34693354950352
19784,278.0,225.34693354950352
23100,189.0,225.34693354950352
13764,205.0,225.34693354950352
13544,35.0,287.92458156962533
22927,241.0,225.34693354950352
19046,858.0,225.34693354950352
15903,205.0,268.16619673925845
19079,309.0,225.34693354950352
12627,162.0,225.34693354950352
12997,185.0,225.34693354950352
17568,252.0,225.34693354950352
1198,236.0,270.90740908763456
13581,198.0,225.34693354950352
17937,217.0,225.34693354950352
7371,193.0,225.34693354950352
22818,244.0,225.34693354950352
13573,432.0,225.34693354950352
23173,233.0,225.34693354950352
21439,186.0,225.34693354950352
7480,188.0,225.34693354950352
6078,213.0,225.34693354950352
23391,238.0,225.34693354950352
14671,263.0,225.34693354950352
7343,201.0,225.34693354950352
20974,177.0,217.33887940889025
22661,308.0,225.34693354950352
4415,251.0,225.34693354950352
2532,149.0,225.34693354950352
20825,213.0,225.34693354950352
8162,233.0,225.34693354950352
21110,255.0,225.34693354950352
18947,90.0,225.34693354950352
8802,209.0,243.72684929231116
16838,240.0,240.3187273158129
21310,230.0,225.34693354950352
7737,230.0,225.34693354950352
7125,190.0,225.34693354950352
18602,271.0,225.34693354950352
10303,110.0,225.34693354950352
2855,344.0,225.34693354950352
1051,253.0,225.34693354950352
8953,221.0,225.34693354950352
11824,162.0,225.34693354950352
21042,78.0,225.34693354950352
10696,268.0,225.34693354950352
11955,214.0,225.34693354950352
13459,135.0,225.34693354950352
18002,260.0,225.34693354950352
21102,310.0,225.34693354950352
728,233.0,225.34693354950352
10995,260.0,225.34693354950352
5976,227.0,225.34693354950352
23418,7.0,225.34693354950352
3365,375.0,225.34693354950352
15197,267.0,225.34693354950352
3503,240.0,225.34693354950352
21679,228.0,225.34693354950352
20913,251.0,225.34693354950352
4629,164.0,225.34693354950352
23654,223.0,225.34693354950352
7140,139.0,225.34693354950352
13515,280.0,225.34693354950352
20034,225.0,225.34693354950352
9215,353.0,225.34693354950352
4565,245.0,225.34693354950352
6699,180.0,225.34693354950352
5120,217.0,225.34693354950352
20626,337.0,225.34693354950352
23582,151.0,225.34693354950352
18413,419.0,225.34693354950352
19001,246.0,225.34693354950352
14012,229.0,225.34693354950352
12245,84.0,225.34693354950352
4709,290.0,225.34693354950352
15622,153.0,225.34693354950352
21128,290.0,237.0550133442548
15390,237.0,225.34693354950352
11552,206.0,225.34693354950352
19723,31.0,225.34693354950352
21150,191.0,225.34693354950352
4802,215.0,281.3289117900413
840,16.0,225.34693354950352
0,372.0,275.7856490662948
4567,281.0,225.34693354950352
14237,222.0,225.34693354950352
15480,416.0,225.34693354950352
12752,316.0,225.34693354950352
18896,172.0,225.34693354950352
2591,498.0,225.34693354950352
45,265.0,225.34693354950352
11946,51.0,225.34693354950352
13121,255.0,225.34693354950352
4967,224.0,225.34693354950352
5622,165.0,225.34693354950352
27,196.0,225.34693354950352
5509,279.0,225.34693354950352
7802,224.0,225.34693354950352
7925,292.0,225.34693354950352
3237,151.0,225.34693354950352
9508,222.0,250.63947177922464
18742,168.0,225.34693354950352
11133,210.0,225.34693354950352
11638,417.0,225.34693354950352
19257,175.0,225.34693354950352
1103,89.0,225.34693354950352
387,43.0,225.34693354950352
18185,309.0,224.2154563178789
20473,513.0,225.34693354950352
3403,191.0,225.34693354950352
6686,305.0,225.34693354950352
4352,111.0,225.34693354950352
18691,329.0,225.34693354950352
4137,25.0,225.34693354950352
2017,244.0,257.8812559489667
4504,270.0,241.34393104023485
12344,233.0,225.34693354950352
23820,246.0,225.34693354950352
