,y_test,prediction
8858,160.0,225.3694930984898
17321,160.0,225.3694930984898
14175,247.0,238.13487623086232
10873,318.0,225.3694930984898
9577,59.0,225.3694930984898
18045,75.0,225.3694930984898
9875,496.0,225.3694930984898
23499,148.0,225.3694930984898
9630,203.0,225.3694930984898
7789,231.0,225.3694930984898
21591,213.0,225.3694930984898
7943,204.0,261.25311274708474
10658,137.0,225.3694930984898
23352,331.0,225.3694930984898
22856,395.0,225.3694930984898
1016,223.0,225.3694930984898
13722,284.0,225.3694930984898
7186,204.0,225.3694930984898
1804,311.0,225.3694930984898
3361,359.0,225.3694930984898
13559,340.0,240.4789404400093
1729,270.0,226.43902254311098
12283,153.0,225.3694930984898
13247,189.0,224.36247966722323
23013,327.0,225.3694930984898
6143,183.0,225.3694930984898
11034,254.0,225.3694930984898
1091,51.0,225.3694930984898
13154,255.0,225.3694930984898
22850,195.0,225.3694930984898
4037,314.0,243.12024188372607
3679,89.0,225.3694930984898
20709,490.0,225.3694930984898
2999,562.0,225.3694930984898
9494,330.0,225.3694930984898
9135,144.0,225.3694930984898
22882,222.0,225.3694930984898
7019,137.0,225.3694930984898
22232,178.0,225.3694930984898
9900,275.0,225.3694930984898
10531,209.0,225.3694930984898
15510,486.0,225.3694930984898
6433,71.0,225.3694930984898
10841,363.0,225.3694930984898
16978,216.0,225.3694930984898
19039,1130.0,225.3694930984898
1762,183.0,214.10495813971636
13215,234.0,225.3694930984898
22433,672.0,225.3694930984898
21088,274.0,225.3694930984898
21851,270.0,225.3694930984898
12998,201.0,225.3694930984898
13852,103.0,225.3694930984898
14530,187.0,225.3694930984898
2201,101.0,225.3694930984898
15384,219.0,225.3694930984898
4463,252.0,225.3694930984898
16176,255.0,240.15842330946413
20557,309.0,233.4001893309802
11380,268.0,225.3694930984898
11177,275.0,225.3694930984898
17643,281.0,225.3694930984898
21785,139.0,249.690197091487
23521,348.0,225.3694930984898
2324,194.0,237.77056354579037
11804,152.0,225.3694930984898
801,213.0,246.18551278844689
7772,216.0,225.3694930984898
1029,50.0,225.3694930984898
17578,61.0,225.3694930984898
18335,268.0,225.3694930984898
9803,201.0,225.3694930984898
9778,211.0,225.3694930984898
2370,296.0,225.3694930984898
19714,53.0,225.3694930984898
23828,225.0,225.3694930984898
12709,99.0,225.3694930984898
22585,208.0,225.3694930984898
5305,128.0,225.3694930984898
20560,73.0,225.3694930984898
6831,211.0,225.3694930984898
23117,260.0,225.3694930984898
6547,138.0,225.3694930984898
1502,215.0,239.68834183085585
6176,211.0,218.98709225257832
13696,236.0,248.2335954602378
10753,284.0,225.3694930984898
5205,207.0,225.3694930984898
23148,215.0,225.3694930984898
11916,87.0,225.3694930984898
8158,287.0,241.33574722870358
23529,204.0,225.3694930984898
4761,474.0,225.3694930984898
74,48.0,225.3694930984898
19186,122.0,225.3694930984898
14524,194.0,225.3694930984898
23253,270.0,225.3694930984898
14614,191.0,225.3694930984898
3199,655.0,225.3694930984898
5585,181.0,225.3694930984898
23269,136.0,225.3694930984898
6010,353.0,225.3694930984898
14571,215.0,225.3694930984898
23735,100.0,225.3694930984898
15721,162.0,225.3694930984898
21741,515.0,225.3694930984898
21680,227.0,225.3694930984898
1757,238.0,225.3694930984898
3028,27.0,225.3694930984898
4676,238.0,239.3958951829549
212,428.0,225.3694930984898
22214,201.0,225.3694930984898
16785,308.0,225.3694930984898
3202,639.0,225.3694930984898
12400,412.0,241.86313984641913
4391,394.0,225.3694930984898
17880,43.0,225.3694930984898
14902,41.0,225.3694930984898
7006,229.0,225.3694930984898
20658,407.0,225.3694930984898
16532,158.0,225.3694930984898
19455,15.0,225.3694930984898
3747,147.0,225.3694930984898
8985,34.0,225.3694930984898
16304,105.0,225.3694930984898
3098,228.0,225.3694930984898
18615,208.0,225.3694930984898
9161,191.0,225.3694930984898
4903,98.0,225.3694930984898
17252,264.0,225.3694930984898
16570,145.0,225.3694930984898
10731,162.0,225.3694930984898
9306,611.0,225.3694930984898
2356,478.0,225.3694930984898
15376,236.0,225.3694930984898
2152,177.0,268.48617251613825
16683,226.0,249.4842723604376
19017,20.0,225.3694930984898
10786,20.0,225.3694930984898
705,143.0,225.3694930984898
3283,144.0,225.3694930984898
13820,653.0,225.3694930984898
9011,306.0,225.3694930984898
21509,281.0,225.3694930984898
17356,307.0,225.3694930984898
11815,242.0,225.3694930984898
316,183.0,225.3694930984898
836,31.0,225.3694930984898
6290,172.0,225.3694930984898
18870,188.0,225.3694930984898
21949,454.0,225.3694930984898
19275,236.0,254.07589603596986
13727,330.0,225.3694930984898
9241,25.0,225.3694930984898
2027,268.0,252.22051917337535
6261,196.0,225.3694930984898
22114,247.0,225.3694930984898
23039,238.0,225.3694930984898
20157,10.0,225.3694930984898
1258,172.0,225.3694930984898
23768,155.0,225.3694930984898
22457,265.0,225.3694930984898
5497,419.0,225.3694930984898
13115,23.0,225.3694930984898
6744,262.0,225.3694930984898
7890,12.0,225.3694930984898
1448,228.0,225.3694930984898
742,40.0,225.3694930984898
14132,4.0,225.3694930984898
410,200.0,225.3694930984898
18008,219.0,225.3694930984898
13563,141.0,225.3694930984898
4803,315.0,225.3694930984898
137,185.0,225.3694930984898
12778,194.0,225.3694930984898
16028,209.0,225.3694930984898
20149,22.0,225.3694930984898
18855,206.0,225.3694930984898
7040,208.0,263.5378310216273
7104,240.0,225.3694930984898
11651,222.0,225.3694930984898
2650,279.0,225.3694930984898
17623,231.0,225.3694930984898
6893,132.0,225.3694930984898
9735,179.0,248.84916333210538
1641,190.0,225.3694930984898
18311,215.0,225.3694930984898
5862,195.0,225.3694930984898
9528,210.0,225.3694930984898
8217,485.0,225.3694930984898
20385,194.0,225.3694930984898
8124,252.0,225.3694930984898
8515,24.0,225.3694930984898
14992,214.0,225.3694930984898
302,26.0,225.3694930984898
17934,274.0,225.3694930984898
10532,206.0,225.3694930984898
19387,447.0,242.34730883649456
12323,225.0,225.3694930984898
18948,74.0,225.3694930984898
13134,142.0,225.3694930984898
11792,390.0,225.3694930984898
11110,36.0,225.3694930984898
16329,111.0,225.3694930984898
11977,275.0,225.3694930984898
20963,24.0,225.3694930984898
9867,212.0,225.3694930984898
6663,172.0,225.3694930984898
7572,27.0,225.3694930984898
5161,249.0,244.337390355749
15561,231.0,225.3694930984898
5790,355.0,236.89236590338214
22823,86.0,225.3694930984898
14190,238.0,225.3694930984898
4256,417.0,225.3694930984898
16265,253.0,225.3694930984898
19311,55.0,225.3694930984898
15552,164.0,225.3694930984898
23593,59.0,225.3694930984898
18559,266.0,225.3694930984898
3771,286.0,225.3694930984898
9872,391.0,225.3694930984898
9460,303.0,225.3694930984898
16276,247.0,225.3694930984898
4783,252.0,254.01721208017827
2359,361.0,225.3694930984898
8725,49.0,225.3694930984898
11404,223.0,225.3694930984898
11606,367.0,225.3694930984898
18337,248.0,225.3694930984898
8871,211.0,225.3694930984898
19143,186.0,225.3694930984898
23307,132.0,225.3694930984898
23746,205.0,225.3694930984898
18693,226.0,225.3694930984898
13728,295.0,225.3694930984898
19617,535.0,225.3694930984898
14628,35.0,225.3694930984898
21865,166.0,225.3694930984898
496,76.0,225.3694930984898
22851,254.0,225.3694930984898
6123,214.0,225.3694930984898
14569,203.0,225.3694930984898
6812,31.0,225.3694930984898
7894,4.0,225.3694930984898
7529,189.0,225.3694930984898
6365,192.0,264.6961301794793
6417,390.0,225.3694930984898
4182,210.0,225.3694930984898
19374,215.0,225.3694930984898
18228,96.0,225.3694930984898
2159,270.0,245.45289615223916
22282,239.0,225.3694930984898
14769,161.0,225.3694930984898
6882,271.0,225.3694930984898
9522,231.0,225.3694930984898
19059,218.0,225.3694930984898
12677,159.0,225.3694930984898
10781,306.0,225.3694930984898
1032,262.0,244.68265277665074
20427,241.0,225.3694930984898
8269,257.0,225.3694930984898
6856,268.0,225.3694930984898
19966,29.0,225.3694930984898
7722,288.0,225.3694930984898
20730,176.0,225.3694930984898
2501,213.0,225.3694930984898
13912,401.0,225.3694930984898
22443,228.0,225.3694930984898
22210,188.0,225.3694930984898
15136,247.0,225.3694930984898
11165,237.0,225.3694930984898
4455,175.0,225.3694930984898
7091,350.0,225.3694930984898
20700,132.0,225.3694930984898
18577,200.0,225.3694930984898
21393,249.0,251.8156856601691
4356,117.0,225.3694930984898
13397,310.0,225.3694930984898
23439,234.0,225.3694930984898
7934,263.0,225.3694930984898
11680,440.0,225.3694930984898
3347,239.0,225.3694930984898
23034,214.0,225.3694930984898
1123,721.0,225.3694930984898
11409,235.0,225.3694930984898
4151,342.0,225.3694930984898
3132,220.0,235.81540327704764
11443,214.0,225.3694930984898
13016,292.0,225.3694930984898
21932,353.0,225.3694930984898
19540,311.0,225.3694930984898
7567,39.0,225.3694930984898
10393,193.0,256.98875897132547
1456,221.0,225.3694930984898
9366,444.0,225.3694930984898
21682,344.0,225.3694930984898
18489,207.0,225.3694930984898
12961,53.0,225.3694930984898
12077,197.0,225.3694930984898
14137,10.0,250.13608642729358
5066,177.0,239.22082599244985
23239,266.0,225.3694930984898
16327,142.0,225.3694930984898
9083,529.0,250.9552922082612
21090,231.0,225.3694930984898
8261,146.0,225.3694930984898
20720,218.0,262.7267745029844
19215,213.0,235.5273312344127
14349,197.0,225.3694930984898
23261,246.0,225.3694930984898
7999,202.0,225.3694930984898
9379,179.0,225.3694930984898
15030,203.0,225.3694930984898
1586,354.0,225.3694930984898
1484,240.0,225.3694930984898
18317,224.0,225.3694930984898
4444,195.0,225.3694930984898
17167,142.0,225.3694930984898
20320,217.0,225.3694930984898
4435,214.0,222.2538944014467
6679,294.0,225.3694930984898
14832,203.0,225.3694930984898
8313,208.0,225.3694930984898
22203,268.0,231.86103024621332
20138,125.0,225.3694930984898
23525,228.0,225.3694930984898
7009,179.0,225.3694930984898
5490,206.0,225.3694930984898
6253,132.0,225.3694930984898
23926,239.0,225.3694930984898
10087,231.0,225.3694930984898
3836,65.0,225.3694930984898
3255,357.0,258.63552553412785
10999,176.0,225.3694930984898
22296,189.0,225.3694930984898
726,239.0,225.3694930984898
13607,266.0,225.3694930984898
10941,312.0,225.3694930984898
2886,73.0,225.3694930984898
20089,32.0,225.3694930984898
19596,204.0,225.3694930984898
10992,230.0,225.3694930984898
123,283.0,225.3694930984898
2446,274.0,225.3694930984898
9884,274.0,225.3694930984898
6739,248.0,225.3694930984898
5701,179.0,225.3694930984898
5691,42.0,225.3694930984898
22042,131.0,225.3694930984898
2527,231.0,225.3694930984898
199,313.0,225.3694930984898
21894,217.0,253.96613530459734
21415,121.0,225.3694930984898
1681,238.0,225.3694930984898
22951,155.0,225.3694930984898
19730,90.0,225.3694930984898
23394,203.0,225.3694930984898
1775,152.0,225.3694930984898
8164,349.0,225.3694930984898
20471,371.0,225.3694930984898
1384,231.0,225.3694930984898
15846,268.0,225.3694930984898
23221,336.0,225.3694930984898
3384,343.0,225.3694930984898
1886,301.0,225.3694930984898
11196,199.0,225.3694930984898
8362,190.0,239.20356716087042
11999,95.0,225.3694930984898
16923,260.0,225.3694930984898
7597,169.0,225.3694930984898
7284,246.0,225.3694930984898
8698,404.0,225.3694930984898
13700,230.0,225.3694930984898
8125,281.0,225.3694930984898
20961,26.0,225.3694930984898
18773,679.0,225.3694930984898
18485,227.0,225.3694930984898
15024,345.0,225.3694930984898
21796,231.0,231.42388442597928
11234,281.0,225.3694930984898
12666,245.0,225.3694930984898
5688,46.0,225.3694930984898
265,376.0,225.3694930984898
5523,179.0,225.3694930984898
13604,204.0,225.3694930984898
5224,222.0,225.3694930984898
22684,342.0,225.3694930984898
10777,162.0,225.3694930984898
7696,182.0,225.3694930984898
4276,40.0,225.3694930984898
3955,312.0,225.3694930984898
23500,390.0,225.3694930984898
14382,276.0,225.3694930984898
12138,443.0,225.3694930984898
23028,288.0,225.3694930984898
6012,371.0,225.3694930984898
9646,181.0,225.3694930984898
13434,117.0,225.3694930984898
6262,172.0,225.3694930984898
7215,146.0,225.3694930984898
19191,111.0,225.3694930984898
9237,13.0,225.3694930984898
12416,269.0,225.3694930984898
15543,159.0,225.3694930984898
16043,243.0,225.3694930984898
18621,306.0,263.5235384665341
23869,307.0,225.3694930984898
23750,239.0,225.3694930984898
12468,257.0,225.3694930984898
23068,228.0,225.3694930984898
4776,641.0,225.3694930984898
10192,210.0,233.4178442300269
20328,151.0,225.3694930984898
15655,248.0,225.3694930984898
7951,315.0,225.3694930984898
23631,359.0,225.3694930984898
2413,194.0,225.3694930984898
11693,1409.0,229.87976393751333
12069,206.0,247.29600476706582
731,186.0,225.3694930984898
1139,275.0,225.3694930984898
4508,224.0,225.3694930984898
21275,337.0,225.3694930984898
4618,191.0,220.67146814803618
4980,324.0,225.3694930984898
526,326.0,225.3694930984898
22150,225.0,225.3694930984898
8816,344.0,225.3694930984898
14917,424.0,225.3694930984898
2979,74.0,225.3694930984898
4763,594.0,225.3694930984898
8241,265.0,237.71926671225222
21343,239.0,235.00475334497426
3344,181.0,225.3694930984898
1547,258.0,225.3694930984898
9523,207.0,225.3694930984898
11423,491.0,225.3694930984898
21915,105.0,225.3694930984898
23648,242.0,225.3694930984898
9543,225.0,225.3694930984898
21928,97.0,225.3694930984898
17427,261.0,225.3694930984898
9820,311.0,225.3694930984898
14200,191.0,225.3694930984898
17837,110.0,225.3694930984898
19666,274.0,225.3694930984898
7133,196.0,225.3694930984898
14413,312.0,225.3694930984898
8185,55.0,225.3694930984898
18803,28.0,225.3694930984898
1911,258.0,225.3694930984898
13950,133.0,225.3694930984898
21063,181.0,225.3694930984898
13128,174.0,225.3694930984898
18748,109.0,225.3694930984898
23124,252.0,225.3694930984898
9886,323.0,225.3694930984898
23096,241.0,225.3694930984898
15471,409.0,225.3694930984898
20942,515.0,225.3694930984898
23131,471.0,225.3694930984898
19020,27.0,225.3694930984898
10209,286.0,225.3694930984898
10839,352.0,225.3694930984898
12108,182.0,225.3694930984898
8392,192.0,225.3694930984898
9592,126.0,225.3694930984898
1618,253.0,225.3694930984898
2654,305.0,225.3694930984898
12181,102.0,225.3694930984898
15548,177.0,225.3694930984898
14267,101.0,225.3694930984898
4537,364.0,225.3694930984898
8662,287.0,225.3694930984898
11643,601.0,225.3694930984898
17945,301.0,225.3694930984898
20298,288.0,225.3694930984898
17450,34.0,225.3694930984898
17745,96.0,225.3694930984898
4150,280.0,232.00594676363568
16636,316.0,225.3694930984898
13425,639.0,225.3694930984898
9115,205.0,225.3694930984898
2342,181.0,225.3694930984898
21918,102.0,225.3694930984898
1089,53.0,225.3694930984898
14905,360.0,257.02074455784134
20426,180.0,225.3694930984898
20972,113.0,225.3694930984898
12638,251.0,225.3694930984898
23232,284.0,225.3694930984898
17887,120.0,225.3694930984898
5423,246.0,222.27105102953215
15515,278.0,225.3694930984898
5552,146.0,225.3694930984898
10291,428.0,225.3694930984898
23651,248.0,225.3694930984898
18899,72.0,225.3694930984898
18077,430.0,225.3694930984898
5089,294.0,225.3694930984898
17864,179.0,225.3694930984898
2247,290.0,225.3694930984898
12923,34.0,225.3694930984898
14667,269.0,248.80298164585707
23065,234.0,225.3694930984898
13810,908.0,225.3694930984898
13612,359.0,225.3694930984898
1304,183.0,225.3694930984898
14161,186.0,238.2202617478808
23952,105.0,225.3694930984898
12497,316.0,225.3694930984898
7183,304.0,239.3787168565296
21627,340.0,225.3694930984898
7015,34.0,225.3694930984898
4133,39.0,225.3694930984898
11694,1520.0,225.3694930984898
3102,294.0,225.3694930984898
2491,37.0,225.3694930984898
23789,267.0,225.3694930984898
8839,309.0,225.3694930984898
23187,314.0,225.3694930984898
15590,205.0,225.3694930984898
9090,124.0,225.3694930984898
13181,251.0,225.3694930984898
12592,294.0,225.3694930984898
17699,349.0,225.3694930984898
3262,313.0,225.3694930984898
7475,145.0,225.3694930984898
8971,14.0,225.3694930984898
13693,211.0,225.3694930984898
19904,314.0,251.96408796496596
15542,167.0,225.3694930984898
544,77.0,225.3694930984898
17311,7.0,225.3694930984898
16190,285.0,271.9309846049532
15335,354.0,225.3694930984898
22257,334.0,243.22494782074702
15961,269.0,225.3694930984898
23041,228.0,225.3694930984898
1071,251.0,225.3694930984898
13469,459.0,225.3694930984898
16795,159.0,225.3694930984898
10553,210.0,240.1272149127989
14491,251.0,225.3694930984898
19338,275.0,225.3694930984898
7707,207.0,225.3694930984898
6730,198.0,225.3694930984898
8278,66.0,225.3694930984898
3180,195.0,225.3694930984898
12706,140.0,225.3694930984898
5306,147.0,225.3694930984898
19825,284.0,225.3694930984898
17768,253.0,225.3694930984898
12277,191.0,225.3694930984898
19175,239.0,225.3694930984898
18589,420.0,225.3694930984898
556,95.0,225.3694930984898
13305,286.0,225.3694930984898
18880,260.0,225.3694930984898
22895,153.0,225.3694930984898
2075,199.0,225.3694930984898
1953,226.0,225.3694930984898
6877,130.0,225.3694930984898
17121,281.0,225.3694930984898
9243,22.0,225.3694930984898
8342,283.0,225.3694930984898
23692,256.0,225.3694930984898
14658,204.0,225.3694930984898
10427,265.0,225.3694930984898
22761,228.0,225.3694930984898
147,230.0,225.3694930984898
18801,33.0,225.3694930984898
22768,238.0,225.3694930984898
10938,291.0,225.3694930984898
683,276.0,225.3694930984898
563,78.0,225.3694930984898
18394,198.0,267.2209827636686
11432,250.0,225.3694930984898
23816,255.0,225.3694930984898
8938,273.0,225.3694930984898
14630,26.0,225.3694930984898
2142,22.0,225.3694930984898
6008,333.0,225.3694930984898
8604,310.0,225.3694930984898
282,180.0,225.3694930984898
3284,120.0,225.3694930984898
10972,145.0,225.3694930984898
16201,277.0,225.3694930984898
23017,279.0,225.3694930984898
5412,350.0,225.3694930984898
815,19.0,225.3694930984898
11541,208.0,225.3694930984898
13501,64.0,225.3694930984898
19768,239.0,225.3694930984898
10363,213.0,225.3694930984898
7993,212.0,225.3694930984898
19443,173.0,225.3694930984898
13751,163.0,225.3694930984898
3933,277.0,225.3694930984898
20342,80.0,225.3694930984898
17187,240.0,245.06620403652607
11613,278.0,225.3694930984898
1773,130.0,225.3694930984898
17878,40.0,225.3694930984898
13918,184.0,225.3694930984898
23628,393.0,225.3694930984898
7771,209.0,225.3694930984898
15323,278.0,243.37594356471445
2714,218.0,248.99767986772474
4135,24.0,225.3694930984898
2251,253.0,225.3694930984898
20242,222.0,248.81100156354987
1227,249.0,225.3694930984898
189,113.0,225.3694930984898
223,274.0,225.3694930984898
12176,241.0,225.3694930984898
8793,11.0,225.3694930984898
15142,160.0,225.3694930984898
23164,244.0,225.3694930984898
15084,309.0,225.3694930984898
13665,341.0,245.75295245250572
11602,95.0,225.3694930984898
23564,374.0,225.3694930984898
2234,197.0,225.3694930984898
1430,75.0,225.3694930984898
20938,485.0,245.06382223612866
18372,169.0,225.3694930984898
18235,94.0,225.3694930984898
2338,262.0,225.3694930984898
23847,254.0,225.3694930984898
14685,250.0,225.3694930984898
22948,273.0,225.3694930984898
3106,296.0,225.3694930984898
14873,264.0,225.3694930984898
19839,369.0,243.44991220506984
6991,220.0,225.3694930984898
61,252.0,225.3694930984898
17911,172.0,225.3694930984898
21180,234.0,225.3694930984898
21969,143.0,225.3694930984898
3152,278.0,225.3694930984898
22931,222.0,225.3694930984898
20661,389.0,225.3694930984898
10036,77.0,225.3694930984898
1515,223.0,225.3694930984898
6068,243.0,225.3694930984898
3285,106.0,225.3694930984898
9581,69.0,225.3694930984898
1489,257.0,225.3694930984898
12767,84.0,225.3694930984898
996,233.0,225.3694930984898
22868,245.0,225.3694930984898
10817,294.0,225.3694930984898
10108,298.0,225.3694930984898
3192,342.0,225.3694930984898
17799,584.0,225.3694930984898
16744,76.0,225.3694930984898
20488,281.0,225.3694930984898
16459,35.0,225.3694930984898
12765,107.0,225.3694930984898
20721,212.0,225.3694930984898
14022,197.0,251.8185505500789
21850,161.0,225.3694930984898
3183,272.0,225.3694930984898
17886,71.0,225.3694930984898
2059,305.0,225.3694930984898
15996,455.0,225.3694930984898
8429,140.0,225.3694930984898
13514,259.0,225.3694930984898
10254,199.0,225.3694930984898
4547,64.0,225.3694930984898
5096,402.0,225.3694930984898
8453,161.0,226.91384998388895
16666,207.0,225.3694930984898
4224,266.0,225.3694930984898
8680,165.0,244.05418000275824
12692,332.0,225.3694930984898
7229,204.0,225.3694930984898
9955,273.0,242.19858738786053
16373,195.0,225.3694930984898
12888,205.0,225.3694930984898
382,33.0,225.3694930984898
6135,29.0,225.3694930984898
23160,47.0,225.3694930984898
22938,229.0,225.3694930984898
3574,315.0,225.3694930984898
7318,196.0,225.3694930984898
22465,244.0,225.3694930984898
16750,210.0,225.3694930984898
11023,207.0,254.99340287426674
17757,261.0,225.3694930984898
14923,238.0,225.3694930984898
6719,208.0,225.3694930984898
7733,196.0,225.3694930984898
18965,91.0,225.3694930984898
22698,444.0,225.3694930984898
23286,255.0,225.3694930984898
8844,222.0,225.3694930984898
18600,245.0,225.3694930984898
14948,66.0,225.3694930984898
4957,275.0,225.3694930984898
13946,165.0,225.3694930984898
14147,41.0,225.3694930984898
15592,199.0,225.3694930984898
19908,434.0,225.3694930984898
19709,250.0,234.00099498639682
23904,82.0,225.3694930984898
23668,271.0,225.3694930984898
19942,234.0,236.6709901705882
23450,319.0,225.3694930984898
3060,202.0,225.3694930984898
7584,249.0,225.3694930984898
15641,278.0,260.5898295016994
12228,438.0,225.3694930984898
12169,189.0,225.3694930984898
20838,269.0,225.3694930984898
19944,241.0,247.4204715091783
11772,305.0,225.3694930984898
6436,122.0,225.3694930984898
10736,147.0,225.3694930984898
20502,281.0,245.13086799327715
5063,247.0,271.36795384031956
176,224.0,225.3694930984898
16963,232.0,225.3694930984898
769,240.0,225.3694930984898
13254,238.0,225.3694930984898
12172,214.0,225.3694930984898
15405,208.0,257.3437986107674
51,200.0,225.3694930984898
6874,154.0,225.3694930984898
13008,239.0,225.3694930984898
23781,233.0,225.3694930984898
5532,256.0,225.3694930984898
23981,251.0,225.3694930984898
19969,27.0,225.3694930984898
23419,26.0,225.3694930984898
3541,63.0,225.3694930984898
8992,16.0,225.3694930984898
9209,235.0,225.3694930984898
13891,18.0,225.3694930984898
3123,135.0,225.3694930984898
1041,257.0,225.3694930984898
7423,275.0,225.3694930984898
16482,182.0,225.3694930984898
15818,238.0,226.4761698745944
16443,210.0,225.3694930984898
7910,36.0,225.3694930984898
13346,403.0,225.3694930984898
5135,309.0,274.87800892919586
23734,97.0,225.3694930984898
20599,112.0,225.3694930984898
17788,321.0,225.3694930984898
15484,384.0,225.3694930984898
10869,285.0,225.3694930984898
5779,328.0,269.28100259007687
7760,270.0,225.3694930984898
12705,213.0,225.3694930984898
11164,254.0,225.3694930984898
21493,159.0,225.3694930984898
2683,222.0,225.3694930984898
20957,26.0,225.3694930984898
14708,215.0,225.3694930984898
15979,62.0,225.3694930984898
22160,196.0,225.3694930984898
17095,167.0,225.3694930984898
20282,269.0,225.3694930984898
23558,262.0,225.3694930984898
22984,364.0,225.3694930984898
4524,290.0,225.3694930984898
10580,269.0,260.6936971986827
22437,254.0,225.3694930984898
3276,599.0,225.3694930984898
19955,150.0,232.63128899619534
8941,233.0,225.3694930984898
3647,248.0,249.2491286117662
8987,22.0,225.3694930984898
1401,236.0,246.8929382446267
20671,168.0,225.3694930984898
10591,253.0,255.44456943889588
10698,286.0,225.3694930984898
14573,214.0,225.3694930984898
13436,121.0,225.3694930984898
9130,165.0,225.3694930984898
2810,30.0,225.3694930984898
3449,199.0,225.3694930984898
17906,110.0,225.3694930984898
20538,284.0,232.10352817972566
23800,215.0,225.3694930984898
23967,303.0,225.3694930984898
3391,384.0,225.3694930984898
6622,207.0,225.3694930984898
20454,334.0,225.3694930984898
3899,195.0,225.3694930984898
1546,258.0,225.3694930984898
12264,193.0,225.3694930984898
613,209.0,225.3694930984898
19500,236.0,225.3694930984898
10030,93.0,225.3694930984898
22699,477.0,225.3694930984898
16876,68.0,225.3694930984898
19269,153.0,225.3694930984898
9553,168.0,230.52684290226915
11337,178.0,225.3694930984898
3154,304.0,225.3694930984898
20335,167.0,225.3694930984898
15958,133.0,235.3095275607891
15644,333.0,225.3694930984898
22463,230.0,225.3694930984898
19976,42.0,225.3694930984898
9639,279.0,225.3694930984898
4117,249.0,225.3694930984898
2248,245.0,225.3694930984898
1146,254.0,225.3694930984898
12168,262.0,225.3694930984898
11945,37.0,225.3694930984898
168,151.0,225.3694930984898
2061,241.0,225.3694930984898
16070,151.0,225.3694930984898
542,250.0,225.3694930984898
4710,404.0,225.3694930984898
16614,110.0,225.3694930984898
2481,66.0,225.3694930984898
23285,314.0,225.3694930984898
13599,246.0,225.3694930984898
6051,247.0,225.3694930984898
20753,152.0,225.3694930984898
11873,162.0,225.3694930984898
7409,353.0,225.3694930984898
6232,178.0,225.3694930984898
293,224.0,225.3694930984898
23489,291.0,225.3694930984898
4394,388.0,225.3694930984898
18341,247.0,246.72399938492327
6336,202.0,225.3694930984898
22536,304.0,225.3694930984898
1715,234.0,225.3694930984898
3699,197.0,225.3694930984898
9307,627.0,225.3694930984898
5233,379.0,225.3694930984898
7848,158.0,225.3694930984898
13194,169.0,225.3694930984898
22455,301.0,225.3694930984898
13048,70.0,225.3694930984898
332,216.0,225.3694930984898
10762,261.0,225.3694930984898
10688,303.0,225.3694930984898
23459,249.0,225.3694930984898
10469,276.0,225.3694930984898
407,28.0,225.3694930984898
18747,120.0,225.3694930984898
15098,375.0,255.4149881121889
20885,301.0,225.3694930984898
4207,237.0,225.3694930984898
19200,266.0,225.3694930984898
19289,237.0,225.3694930984898
9634,212.0,225.3694930984898
21526,34.0,225.3694930984898
5892,259.0,225.3694930984898
14554,275.0,225.3694930984898
18549,241.0,250.76062555059787
23605,147.0,225.3694930984898
4249,206.0,225.3694930984898
3221,662.0,225.3694930984898
23656,236.0,225.3694930984898
2195,321.0,225.3694930984898
18042,70.0,225.3694930984898
6625,237.0,225.3694930984898
23974,281.0,225.3694930984898
517,18.0,225.3694930984898
299,26.0,225.3694930984898
1178,277.0,225.3694930984898
19795,267.0,225.3694930984898
14067,151.0,225.3694930984898
12284,173.0,225.3694930984898
21082,196.0,247.56999658647152
2586,219.0,225.3694930984898
4464,217.0,225.3694930984898
9056,220.0,225.3694930984898
4098,295.0,225.3694930984898
5471,230.0,225.3694930984898
10213,261.0,225.3694930984898
11335,428.0,225.3694930984898
14228,227.0,225.3694930984898
17921,253.0,225.3694930984898
18274,359.0,225.3694930984898
22859,176.0,225.3694930984898
14076,121.0,225.3694930984898
16316,173.0,225.3694930984898
21487,274.0,225.3694930984898
5009,60.0,225.3694930984898
21244,72.0,222.6255123024174
12584,312.0,225.3694930984898
18268,124.0,225.3694930984898
5464,184.0,225.3694930984898
17734,127.0,225.3694930984898
17344,229.0,225.3694930984898
7826,239.0,225.3694930984898
2908,283.0,225.3694930984898
23620,170.0,225.3694930984898
3727,199.0,225.3694930984898
1646,300.0,225.3694930984898
2486,37.0,225.3694930984898
20070,279.0,251.29962186849554
14624,239.0,225.3694930984898
14096,241.0,225.3694930984898
3709,255.0,225.3694930984898
11434,223.0,225.3694930984898
22400,230.0,225.3694930984898
23978,225.0,225.3694930984898
15608,164.0,225.3694930984898
20702,161.0,225.3694930984898
23248,307.0,225.3694930984898
14354,290.0,225.3694930984898
8127,295.0,225.3694930984898
10123,270.0,225.3694930984898
22310,434.0,225.3694930984898
17587,46.0,225.3694930984898
12248,66.0,225.3694930984898
22691,205.0,225.3694930984898
11957,215.0,225.3694930984898
19630,211.0,225.3694930984898
6423,144.0,225.3694930984898
11707,221.0,225.3694930984898
18032,193.0,225.3694930984898
23719,286.0,225.3694930984898
21376,220.0,225.3694930984898
18030,192.0,225.3694930984898
8358,237.0,271.4091779603715
4489,77.0,225.3694930984898
4965,293.0,225.3694930984898
20234,285.0,225.3694930984898
243,225.0,225.3694930984898
8488,220.0,225.3694930984898
3753,315.0,225.3694930984898
3297,397.0,225.3694930984898
7234,208.0,257.5672589928107
12930,242.0,225.3694930984898
7735,172.0,225.3694930984898
10145,202.0,225.3694930984898
20377,235.0,225.3694930984898
7071,102.0,225.3694930984898
23799,200.0,225.3694930984898
7152,96.0,225.3694930984898
18590,349.0,225.3694930984898
20198,355.0,225.3694930984898
553,73.0,225.3694930984898
3965,185.0,225.3694930984898
7614,41.0,225.3694930984898
10962,216.0,236.27046813136081
15716,197.0,225.3694930984898
13488,249.0,259.4179518284729
6197,45.0,225.3694930984898
4016,206.0,225.3694930984898
15858,283.0,225.3694930984898
115,282.0,225.3694930984898
12216,391.0,225.3694930984898
14090,212.0,225.3694930984898
9470,251.0,225.3694930984898
3720,160.0,225.3694930984898
9511,276.0,225.3694930984898
524,227.0,225.3694930984898
17551,255.0,225.3694930984898
4683,301.0,225.3694930984898
19505,229.0,225.3694930984898
12439,356.0,254.20428033432376
17633,220.0,225.3694930984898
17309,5.0,225.3694930984898
15185,170.0,225.3694930984898
18056,299.0,225.3694930984898
17795,684.0,225.3694930984898
3665,198.0,225.3694930984898
14318,287.0,225.3694930984898
17629,317.0,225.3694930984898
8371,170.0,240.40102179544715
5284,210.0,225.3694930984898
21207,126.0,225.3694930984898
16168,270.0,225.3694930984898
21293,287.0,225.3694930984898
6001,321.0,225.3694930984898
12351,220.0,225.3694930984898
2568,74.0,249.2505979401932
20591,139.0,225.3694930984898
15338,221.0,225.3694930984898
3247,235.0,225.3694930984898
14109,377.0,251.8243428862511
19005,241.0,225.3694930984898
14496,326.0,225.3694930984898
15865,460.0,225.3694930984898
8468,251.0,225.3694930984898
8885,209.0,225.3694930984898
21905,243.0,225.3694930984898
96,361.0,225.3694930984898
9481,200.0,225.3694930984898
6199,43.0,225.3694930984898
5510,326.0,225.3694930984898
12900,234.0,225.3694930984898
4578,188.0,225.3694930984898
23579,198.0,225.3694930984898
14679,239.0,225.3694930984898
21332,261.0,225.3694930984898
4950,205.0,225.3694930984898
22052,36.0,225.3694930984898
3905,132.0,225.3694930984898
17396,332.0,251.3554593028587
22211,207.0,225.3694930984898
7926,305.0,225.3694930984898
1603,102.0,225.3694930984898
23749,277.0,225.3694930984898
1408,402.0,225.3694930984898
6077,234.0,225.3694930984898
23227,145.0,225.3694930984898
12503,474.0,225.3694930984898
8587,147.0,225.3694930984898
459,31.0,225.3694930984898
21135,354.0,225.3694930984898
19177,193.0,225.3694930984898
9187,161.0,225.3694930984898
270,438.0,225.3694930984898
23377,226.0,225.3694930984898
7764,327.0,225.3694930984898
12014,130.0,225.3694930984898
17724,336.0,225.3694930984898
17816,221.0,225.3694930984898
6642,459.0,225.3694930984898
3529,212.0,225.3694930984898
19702,232.0,225.3694930984898
11294,60.0,225.3694930984898
6251,104.0,225.3694930984898
19898,183.0,224.63775792699073
5327,273.0,225.3694930984898
5311,293.0,230.77841947734436
1730,144.0,241.33971868729586
11121,23.0,225.3694930984898
1907,156.0,225.3694930984898
11568,164.0,225.3694930984898
23175,238.0,225.3694930984898
3582,303.0,225.3694930984898
12732,394.0,225.3694930984898
13805,161.0,225.3694930984898
1558,244.0,225.3694930984898
15990,427.0,225.3694930984898
23152,293.0,225.3694930984898
12898,211.0,225.3694930984898
14889,32.0,225.3694930984898
6440,258.0,225.3694930984898
20787,344.0,225.3694930984898
2638,83.0,225.3694930984898
14892,99.0,225.3694930984898
15847,296.0,247.96563681014842
10073,128.0,225.3694930984898
22133,244.0,227.87117662002166
16937,175.0,225.3694930984898
1273,475.0,225.3694930984898
14146,49.0,225.3694930984898
13340,273.0,225.3694930984898
1290,281.0,225.3694930984898
11390,206.0,225.3694930984898
17414,159.0,225.3694930984898
11950,59.0,225.3694930984898
10931,345.0,225.3694930984898
22877,295.0,225.3694930984898
17999,273.0,225.3694930984898
18431,307.0,225.3694930984898
14330,192.0,221.5671770443774
1878,251.0,259.68641285110914
5122,266.0,225.3694930984898
3976,256.0,225.3694930984898
17718,140.0,225.3694930984898
16083,168.0,225.3694930984898
1737,336.0,225.3694930984898
6922,212.0,225.3694930984898
17143,435.0,225.3694930984898
14081,193.0,225.3694930984898
10387,306.0,225.3694930984898
20795,155.0,225.3694930984898
1505,203.0,238.94056746988468
13044,86.0,225.3694930984898
23639,232.0,225.3694930984898
2717,263.0,251.6125704017727
23046,205.0,225.3694930984898
22781,204.0,225.3694930984898
6085,319.0,225.3694930984898
1492,180.0,225.3694930984898
5275,224.0,225.3694930984898
5253,487.0,225.3694930984898
778,186.0,225.3694930984898
22595,202.0,225.3694930984898
18741,173.0,225.3694930984898
2680,179.0,225.3694930984898
2401,277.0,225.3694930984898
7955,302.0,225.3694930984898
4509,329.0,225.3694930984898
17702,377.0,225.3694930984898
16429,36.0,225.3694930984898
1367,349.0,225.3694930984898
20676,125.0,225.3694930984898
10069,144.0,225.3694930984898
19162,184.0,225.3694930984898
722,271.0,225.3694930984898
11012,234.0,225.3694930984898
3686,237.0,220.74789508510554
2194,180.0,225.3694930984898
3244,175.0,225.3694930984898
22434,247.0,225.3694930984898
6414,286.0,225.3694930984898
10860,221.0,225.3694930984898
11796,131.0,225.3694930984898
16343,257.0,225.3694930984898
11848,302.0,225.3694930984898
23666,271.0,225.3694930984898
23782,279.0,225.3694930984898
16946,200.0,225.3694930984898
10751,283.0,240.21548121232172
9266,266.0,225.3694930984898
192,82.0,225.3694930984898
8502,272.0,225.3694930984898
23245,231.0,225.3694930984898
23884,357.0,225.3694930984898
16427,35.0,225.3694930984898
305,20.0,225.3694930984898
12049,287.0,225.3694930984898
2986,217.0,225.3694930984898
14638,23.0,225.3694930984898
7671,233.0,225.3694930984898
2708,137.0,225.3694930984898
6167,251.0,225.3694930984898
495,95.0,225.3694930984898
14061,270.0,225.3694930984898
14082,107.0,225.3694930984898
1986,318.0,225.3694930984898
19674,245.0,225.3694930984898
6036,224.0,225.3694930984898
18422,303.0,225.3694930984898
1434,74.0,225.3694930984898
4186,192.0,225.3694930984898
7820,125.0,225.3694930984898
10857,218.0,225.3694930984898
1924,280.0,229.64307898027596
15295,388.0,225.3694930984898
9443,283.0,225.3694930984898
19534,204.0,225.3694930984898
15828,363.0,225.3694930984898
8276,65.0,225.3694930984898
20350,157.0,225.3694930984898
4536,393.0,225.3694930984898
2022,201.0,225.3694930984898
9943,101.0,225.3694930984898
7158,78.0,225.3694930984898
15929,181.0,225.3694930984898
22221,216.0,225.3694930984898
2390,166.0,225.3694930984898
5401,309.0,225.3694930984898
15378,197.0,225.3694930984898
12841,309.0,225.3694930984898
8119,269.0,225.3694930984898
19224,198.0,225.3694930984898
20331,138.0,225.3694930984898
23803,286.0,225.3694930984898
23879,276.0,225.3694930984898
17696,377.0,225.3694930984898
21237,561.0,225.3694930984898
8501,268.0,225.3694930984898
2414,210.0,225.3694930984898
18998,239.0,225.3694930984898
11416,136.0,225.3694930984898
6250,86.0,225.3694930984898
4878,89.0,225.3694930984898
4954,288.0,225.3694930984898
12585,348.0,225.3694930984898
18604,733.0,225.3694930984898
3197,583.0,225.3694930984898
8173,71.0,225.3694930984898
2382,263.0,225.3694930984898
1130,339.0,225.3694930984898
13475,247.0,225.3694930984898
19621,479.0,225.3694930984898
14272,235.0,225.3694930984898
18639,274.0,247.93416708983122
11441,331.0,225.3694930984898
5503,240.0,225.3694930984898
19272,157.0,225.3694930984898
1826,623.0,225.3694930984898
15822,166.0,225.3694930984898
13265,75.0,225.3694930984898
12701,148.0,225.3694930984898
6999,375.0,225.3694930984898
4484,289.0,225.3694930984898
22810,198.0,225.3694930984898
3265,286.0,225.3694930984898
6869,171.0,225.3694930984898
4144,201.0,225.3694930984898
1320,254.0,225.3694930984898
12381,257.0,225.3694930984898
22785,391.0,225.3694930984898
23570,217.0,225.3694930984898
11079,297.0,225.3694930984898
9589,78.0,225.3694930984898
18362,261.0,225.3694930984898
4066,244.0,225.3694930984898
5121,251.0,225.3694930984898
19991,11.0,225.3694930984898
6871,145.0,225.3694930984898
9206,173.0,225.3694930984898
2603,84.0,225.3694930984898
3593,185.0,249.21150658021077
21841,278.0,225.3694930984898
10216,263.0,225.3694930984898
20233,304.0,225.3694930984898
11118,36.0,225.3694930984898
4362,218.0,225.7775218219503
15158,278.0,225.3694930984898
6211,115.0,225.3694930984898
21653,189.0,225.3694930984898
8578,275.0,225.3694930984898
1215,265.0,255.29589859636178
15568,202.0,225.3694930984898
16655,20.0,225.3694930984898
13103,384.0,225.3694930984898
14576,317.0,225.3694930984898
23247,285.0,225.3694930984898
9391,172.0,225.3694930984898
6063,228.0,225.3694930984898
4094,243.0,263.4064642729262
6878,114.0,225.3694930984898
13532,43.0,225.3694930984898
6105,13.0,225.3694930984898
12238,104.0,225.3694930984898
9925,126.0,225.3694930984898
9785,230.0,225.3694930984898
17129,223.0,225.3694930984898
4145,242.0,225.3694930984898
20447,235.0,225.3694930984898
19678,591.0,225.3694930984898
14138,4.0,225.3694930984898
6118,325.0,225.3694930984898
14467,64.0,225.3694930984898
16652,32.0,225.3694930984898
3682,74.0,225.3694930984898
12494,384.0,225.3694930984898
16871,57.0,225.3694930984898
17741,122.0,225.3694930984898
5531,212.0,204.13228094639038
22646,214.0,225.3694930984898
13801,162.0,225.3694930984898
10951,285.0,225.3694930984898
1781,236.0,250.07895747362505
16038,219.0,225.3694930984898
14673,392.0,258.5739976154914
9808,173.0,225.3694930984898
4702,212.0,225.3694930984898
534,57.0,260.2731234623783
13594,336.0,225.3694930984898
4905,126.0,225.3694930984898
15426,142.0,225.3694930984898
18287,191.0,225.3694930984898
23437,32.0,225.3694930984898
8252,389.0,225.3694930984898
23971,291.0,225.3694930984898
22888,185.0,225.3694930984898
23900,176.0,225.3694930984898
8320,280.0,225.3694930984898
13225,95.0,225.3694930984898
20640,229.0,225.3694930984898
13498,81.0,225.3694930984898
3233,182.0,225.3694930984898
1054,253.0,225.3694930984898
12521,218.0,225.3694930984898
15366,195.0,225.3694930984898
8519,15.0,225.3694930984898
2759,476.0,225.3694930984898
21366,180.0,225.3694930984898
7062,391.0,225.3694930984898
1060,262.0,225.3694930984898
3813,176.0,225.3694930984898
12274,300.0,225.3694930984898
12210,581.0,225.3694930984898
14005,317.0,225.3694930984898
22572,248.0,225.3694930984898
16819,241.0,225.3694930984898
3542,70.0,225.3694930984898
4790,104.0,249.96524032051386
6409,296.0,225.3694930984898
20247,259.0,225.3694930984898
16359,183.0,225.3694930984898
21169,361.0,225.3694930984898
20313,329.0,225.3694930984898
644,196.0,225.3694930984898
23189,247.0,225.3694930984898
2369,287.0,225.3694930984898
11002,187.0,225.3694930984898
2498,214.0,225.3694930984898
283,199.0,225.3694930984898
2326,316.0,225.3694930984898
15652,291.0,225.3694930984898
14676,224.0,225.3694930984898
21178,273.0,225.3694930984898
3681,95.0,225.3694930984898
5686,35.0,225.3694930984898
21517,190.0,225.3694930984898
3612,227.0,225.3694930984898
612,230.0,225.3694930984898
12158,337.0,225.3694930984898
10602,205.0,230.1308632223736
3436,214.0,225.3694930984898
1783,237.0,248.58401486523633
8015,300.0,265.88989459569245
5995,55.0,225.3694930984898
20422,256.0,225.3694930984898
9452,237.0,225.3694930984898
9992,156.0,250.56125583882
6133,31.0,225.3694930984898
21421,120.0,225.3694930984898
17892,364.0,225.3694930984898
11503,439.0,225.3694930984898
8924,277.0,225.3694930984898
12835,183.0,225.3694930984898
16618,100.0,225.3694930984898
15972,156.0,225.3694930984898
22600,263.0,225.3694930984898
20887,284.0,225.3694930984898
7899,20.0,225.3694930984898
2926,123.0,225.3694930984898
14178,280.0,225.3694930984898
8205,161.0,225.3694930984898
5015,31.0,225.3694930984898
8280,70.0,225.3694930984898
8978,19.0,225.3694930984898
15536,336.0,225.3694930984898
14680,197.0,225.3694930984898
10989,241.0,225.3694930984898
15382,243.0,225.3694930984898
11530,273.0,225.3694930984898
10423,223.0,225.3694930984898
10875,314.0,225.3694930984898
21099,264.0,225.3694930984898
2014,337.0,225.3694930984898
23856,295.0,225.3694930984898
23064,223.0,225.3694930984898
20876,742.0,225.3694930984898
4935,336.0,225.3694930984898
1520,330.0,229.186491689869
5507,279.0,225.3694930984898
5762,272.0,238.8274940099227
17821,185.0,225.3694930984898
7474,152.0,225.3694930984898
20267,217.0,225.3694930984898
8182,75.0,225.3694930984898
3219,618.0,225.3694930984898
15991,398.0,225.3694930984898
910,373.0,225.3694930984898
1791,282.0,225.3694930984898
13888,12.0,225.3694930984898
20816,252.0,225.3694930984898
11658,154.0,256.3811501550296
21729,395.0,225.3694930984898
21548,185.0,225.3694930984898
5473,319.0,225.3694930984898
23324,380.0,225.3694930984898
9196,234.0,225.3694930984898
19968,29.0,225.3694930984898
10088,240.0,225.3694930984898
18704,168.0,225.3694930984898
8880,174.0,225.3694930984898
10882,235.0,225.3694930984898
23880,311.0,225.3694930984898
20173,257.0,225.3694930984898
21780,228.0,225.3694930984898
22547,325.0,225.3694930984898
4522,314.0,247.08409191608507
13756,337.0,225.3694930984898
12866,241.0,225.3694930984898
19320,92.0,225.3694930984898
16008,230.0,260.7203840653262
22208,210.0,225.3694930984898
2213,180.0,225.3694930984898
22212,201.0,225.3694930984898
14896,86.0,225.3694930984898
9170,204.0,225.3694930984898
23619,302.0,225.3694930984898
18028,278.0,225.3694930984898
7244,86.0,225.3694930984898
6431,80.0,225.3694930984898
21503,326.0,225.3694930984898
4570,314.0,225.3694930984898
2574,84.0,225.3694930984898
5727,208.0,225.3694930984898
22470,326.0,225.3694930984898
1789,245.0,225.3694930984898
3187,249.0,225.3694930984898
782,205.0,225.3694930984898
17137,200.0,225.3694930984898
21113,277.0,225.3694930984898
944,82.0,225.3694930984898
19926,131.0,225.3694930984898
4880,110.0,225.3694930984898
17653,256.0,225.3694930984898
11943,17.0,225.3694930984898
312,250.0,225.3694930984898
14625,24.0,225.3694930984898
16055,230.0,220.49739022953423
11740,491.0,225.3694930984898
9339,36.0,225.3694930984898
22834,28.0,225.3694930984898
1720,126.0,225.3694930984898
18120,203.0,225.3694930984898
13281,63.0,225.3694930984898
21230,218.0,225.3694930984898
4342,200.0,225.3694930984898
20354,235.0,225.3694930984898
1118,478.0,225.3694930984898
4991,242.0,225.3694930984898
7262,465.0,225.3694930984898
5170,158.0,225.3694930984898
2149,44.0,225.3694930984898
5879,292.0,225.3694930984898
22561,229.0,225.3694930984898
8668,256.0,225.3694930984898
14428,268.0,225.3694930984898
17960,194.0,225.3694930984898
8414,210.0,223.22191240104797
15508,460.0,225.3694930984898
9740,319.0,225.3694930984898
10227,194.0,225.3694930984898
20718,246.0,229.35789348232157
23180,249.0,225.3694930984898
3704,282.0,249.65036162775255
4363,348.0,225.3694930984898
17422,261.0,225.3694930984898
22799,301.0,225.3694930984898
5119,167.0,225.3694930984898
6791,380.0,225.3694930984898
5955,206.0,225.3694930984898
16440,225.0,225.3694930984898
19359,256.0,225.3694930984898
8733,231.0,225.3694930984898
20569,82.0,225.3694930984898
277,202.0,225.3694930984898
18177,249.0,225.3694930984898
8595,255.0,248.48953350761184
11145,219.0,225.3694930984898
5593,242.0,225.3694930984898
17588,46.0,225.3694930984898
1339,86.0,225.3694930984898
13013,263.0,225.3694930984898
11830,109.0,225.3694930984898
9975,250.0,225.3694930984898
17607,247.0,225.3694930984898
15276,230.0,225.3694930984898
8494,267.0,225.3694930984898
20135,193.0,225.3694930984898
18149,161.0,225.3694930984898
11230,225.0,230.0166271382525
20477,209.0,225.3694930984898
23316,366.0,225.3694930984898
23085,213.0,225.3694930984898
23846,357.0,225.3694930984898
3600,232.0,225.3694930984898
5301,183.0,225.3694930984898
6741,246.0,225.3694930984898
19239,182.0,225.3694930984898
19964,261.0,225.3694930984898
18770,205.0,225.3694930984898
6286,191.0,225.3694930984898
15269,221.0,225.3694930984898
19784,278.0,225.3694930984898
23100,189.0,225.3694930984898
13764,205.0,225.3694930984898
13544,35.0,263.9130821340341
22927,241.0,225.3694930984898
19046,858.0,225.3694930984898
15903,205.0,270.5089158000851
19079,309.0,225.3694930984898
12627,162.0,225.3694930984898
12997,185.0,225.3694930984898
17568,252.0,225.3694930984898
1198,236.0,255.52521776281338
13581,198.0,225.3694930984898
17937,217.0,225.3694930984898
7371,193.0,225.3694930984898
22818,244.0,225.3694930984898
13573,432.0,225.3694930984898
23173,233.0,225.3694930984898
21439,186.0,225.3694930984898
7480,188.0,225.3694930984898
6078,213.0,225.3694930984898
23391,238.0,225.3694930984898
14671,263.0,225.3694930984898
7343,201.0,225.3694930984898
20974,177.0,225.2744518037149
22661,308.0,225.3694930984898
4415,251.0,225.3694930984898
2532,149.0,225.3694930984898
20825,213.0,225.3694930984898
8162,233.0,225.3694930984898
21110,255.0,225.3694930984898
18947,90.0,225.3694930984898
8802,209.0,263.1768870129014
16838,240.0,234.23452743046667
21310,230.0,225.3694930984898
7737,230.0,225.3694930984898
7125,190.0,225.3694930984898
18602,271.0,225.3694930984898
10303,110.0,225.3694930984898
2855,344.0,225.3694930984898
1051,253.0,225.3694930984898
8953,221.0,225.3694930984898
11824,162.0,225.3694930984898
21042,78.0,225.3694930984898
10696,268.0,225.3694930984898
11955,214.0,225.3694930984898
13459,135.0,225.3694930984898
18002,260.0,225.3694930984898
21102,310.0,225.3694930984898
728,233.0,225.3694930984898
10995,260.0,225.3694930984898
5976,227.0,225.3694930984898
23418,7.0,225.3694930984898
3365,375.0,225.3694930984898
15197,267.0,225.3694930984898
3503,240.0,225.3694930984898
21679,228.0,225.3694930984898
20913,251.0,225.3694930984898
4629,164.0,225.3694930984898
23654,223.0,225.3694930984898
7140,139.0,225.3694930984898
13515,280.0,225.3694930984898
20034,225.0,225.3694930984898
9215,353.0,225.3694930984898
4565,245.0,225.3694930984898
6699,180.0,225.3694930984898
5120,217.0,225.3694930984898
20626,337.0,225.3694930984898
23582,151.0,225.3694930984898
18413,419.0,225.3694930984898
19001,246.0,225.3694930984898
14012,229.0,225.3694930984898
12245,84.0,225.3694930984898
4709,290.0,225.3694930984898
15622,153.0,225.3694930984898
21128,290.0,246.54523691626304
15390,237.0,225.3694930984898
11552,206.0,225.3694930984898
19723,31.0,225.3694930984898
21150,191.0,225.3694930984898
4802,215.0,266.86500870396736
840,16.0,225.3694930984898
0,372.0,261.5080164172193
4567,281.0,225.3694930984898
14237,222.0,225.3694930984898
15480,416.0,225.3694930984898
12752,316.0,225.3694930984898
18896,172.0,225.3694930984898
2591,498.0,225.3694930984898
45,265.0,225.3694930984898
11946,51.0,225.3694930984898
13121,255.0,225.3694930984898
4967,224.0,225.3694930984898
5622,165.0,225.3694930984898
27,196.0,225.3694930984898
5509,279.0,225.3694930984898
7802,224.0,225.3694930984898
7925,292.0,225.3694930984898
3237,151.0,225.3694930984898
9508,222.0,252.3573885175627
18742,168.0,225.3694930984898
11133,210.0,225.3694930984898
11638,417.0,225.3694930984898
19257,175.0,225.3694930984898
1103,89.0,225.3694930984898
387,43.0,225.3694930984898
18185,309.0,252.48233399798215
20473,513.0,225.3694930984898
3403,191.0,225.3694930984898
6686,305.0,225.3694930984898
4352,111.0,225.3694930984898
18691,329.0,225.3694930984898
4137,25.0,225.3694930984898
2017,244.0,256.0044215758028
4504,270.0,245.50257493698393
12344,233.0,225.3694930984898
23820,246.0,225.3694930984898
