,y_test,prediction
8858,160.0,225.27124064601244
17321,160.0,225.27124064601244
14175,247.0,244.58
10873,318.0,225.27124064601244
9577,59.0,225.27124064601244
18045,75.0,225.27124064601244
9875,496.0,225.27124064601244
23499,148.0,225.27124064601244
9630,203.0,225.27124064601244
7789,231.0,225.27124064601244
21591,213.0,225.27124064601244
7943,204.0,252.79
10658,137.0,225.27124064601244
23352,331.0,225.27124064601244
22856,395.0,225.27124064601244
1016,223.0,225.27124064601244
13722,284.0,225.27124064601244
7186,204.0,225.27124064601244
1804,311.0,225.27124064601244
3361,359.0,225.27124064601244
13559,340.0,206.98
1729,270.0,242.97053478712357
12283,153.0,225.27124064601244
13247,189.0,230.46
23013,327.0,225.27124064601244
6143,183.0,225.27124064601244
11034,254.0,225.27124064601244
1091,51.0,225.27124064601244
13154,255.0,225.27124064601244
22850,195.0,225.27124064601244
4037,314.0,276.05
3679,89.0,225.27124064601244
20709,490.0,225.27124064601244
2999,562.0,225.27124064601244
9494,330.0,225.27124064601244
9135,144.0,225.27124064601244
22882,222.0,225.27124064601244
7019,137.0,225.27124064601244
22232,178.0,225.27124064601244
9900,275.0,225.27124064601244
10531,209.0,225.27124064601244
15510,486.0,225.27124064601244
6433,71.0,225.27124064601244
10841,363.0,225.27124064601244
16978,216.0,225.27124064601244
19039,1130.0,225.27124064601244
1762,183.0,212.86833333333337
13215,234.0,225.27124064601244
22433,672.0,225.27124064601244
21088,274.0,225.27124064601244
21851,270.0,225.27124064601244
12998,201.0,225.27124064601244
13852,103.0,225.27124064601244
14530,187.0,225.27124064601244
2201,101.0,225.27124064601244
15384,219.0,225.27124064601244
4463,252.0,225.27124064601244
16176,255.0,279.87
20557,309.0,247.93
11380,268.0,225.27124064601244
11177,275.0,225.27124064601244
17643,281.0,225.27124064601244
21785,139.0,214.26
23521,348.0,225.27124064601244
2324,194.0,266.62
11804,152.0,225.27124064601244
801,213.0,244.49
7772,216.0,225.27124064601244
1029,50.0,225.27124064601244
17578,61.0,225.27124064601244
18335,268.0,225.27124064601244
9803,201.0,225.27124064601244
9778,211.0,225.27124064601244
2370,296.0,225.27124064601244
19714,53.0,225.27124064601244
23828,225.0,225.27124064601244
12709,99.0,225.27124064601244
22585,208.0,225.27124064601244
5305,128.0,225.27124064601244
20560,73.0,225.27124064601244
6831,211.0,225.27124064601244
23117,260.0,225.27124064601244
6547,138.0,225.27124064601244
1502,215.0,228.77
6176,211.0,254.46
13696,236.0,240.42
10753,284.0,225.27124064601244
5205,207.0,225.27124064601244
23148,215.0,225.27124064601244
11916,87.0,225.27124064601244
8158,287.0,235.55
23529,204.0,225.27124064601244
4761,474.0,225.27124064601244
74,48.0,225.27124064601244
19186,122.0,225.27124064601244
14524,194.0,225.27124064601244
23253,270.0,225.27124064601244
14614,191.0,225.27124064601244
3199,655.0,225.27124064601244
5585,181.0,225.27124064601244
23269,136.0,225.27124064601244
6010,353.0,225.27124064601244
14571,215.0,225.27124064601244
23735,100.0,225.27124064601244
15721,162.0,225.27124064601244
21741,515.0,225.27124064601244
21680,227.0,225.27124064601244
1757,238.0,225.27124064601244
3028,27.0,225.27124064601244
4676,238.0,267.05
212,428.0,225.27124064601244
22214,201.0,225.27124064601244
16785,308.0,225.27124064601244
3202,639.0,225.27124064601244
12400,412.0,255.62
4391,394.0,225.27124064601244
17880,43.0,225.27124064601244
14902,41.0,225.27124064601244
7006,229.0,225.27124064601244
20658,407.0,225.27124064601244
16532,158.0,225.27124064601244
19455,15.0,225.27124064601244
3747,147.0,225.27124064601244
8985,34.0,225.27124064601244
16304,105.0,225.27124064601244
3098,228.0,225.27124064601244
18615,208.0,225.27124064601244
9161,191.0,225.27124064601244
4903,98.0,225.27124064601244
17252,264.0,225.27124064601244
16570,145.0,225.27124064601244
10731,162.0,225.27124064601244
9306,611.0,225.27124064601244
2356,478.0,225.27124064601244
15376,236.0,225.27124064601244
2152,177.0,310.1
16683,226.0,299.3
19017,20.0,225.27124064601244
10786,20.0,225.27124064601244
705,143.0,225.27124064601244
3283,144.0,225.27124064601244
13820,653.0,225.27124064601244
9011,306.0,225.27124064601244
21509,281.0,225.27124064601244
17356,307.0,225.27124064601244
11815,242.0,225.27124064601244
316,183.0,225.27124064601244
836,31.0,225.27124064601244
6290,172.0,225.27124064601244
18870,188.0,225.27124064601244
21949,454.0,225.27124064601244
19275,236.0,273.93
13727,330.0,225.27124064601244
9241,25.0,225.27124064601244
2027,268.0,253.29
6261,196.0,225.27124064601244
22114,247.0,225.27124064601244
23039,238.0,225.27124064601244
20157,10.0,225.27124064601244
1258,172.0,225.27124064601244
23768,155.0,225.27124064601244
22457,265.0,225.27124064601244
5497,419.0,225.27124064601244
13115,23.0,225.27124064601244
6744,262.0,225.27124064601244
7890,12.0,225.27124064601244
1448,228.0,225.27124064601244
742,40.0,225.27124064601244
14132,4.0,225.27124064601244
410,200.0,225.27124064601244
18008,219.0,225.27124064601244
13563,141.0,225.27124064601244
4803,315.0,225.27124064601244
137,185.0,225.27124064601244
12778,194.0,225.27124064601244
16028,209.0,225.27124064601244
20149,22.0,225.27124064601244
18855,206.0,225.27124064601244
7040,208.0,240.82
7104,240.0,225.27124064601244
11651,222.0,225.27124064601244
2650,279.0,225.27124064601244
17623,231.0,225.27124064601244
6893,132.0,225.27124064601244
9735,179.0,269.3002226251769
1641,190.0,225.27124064601244
18311,215.0,225.27124064601244
5862,195.0,225.27124064601244
9528,210.0,225.27124064601244
8217,485.0,225.27124064601244
20385,194.0,225.27124064601244
8124,252.0,225.27124064601244
8515,24.0,225.27124064601244
14992,214.0,225.27124064601244
302,26.0,225.27124064601244
17934,274.0,225.27124064601244
10532,206.0,225.27124064601244
19387,447.0,245.138951460478
12323,225.0,225.27124064601244
18948,74.0,225.27124064601244
13134,142.0,225.27124064601244
11792,390.0,225.27124064601244
11110,36.0,225.27124064601244
16329,111.0,225.27124064601244
11977,275.0,225.27124064601244
20963,24.0,225.27124064601244
9867,212.0,225.27124064601244
6663,172.0,225.27124064601244
7572,27.0,225.27124064601244
5161,249.0,234.94
15561,231.0,225.27124064601244
5790,355.0,235.27
22823,86.0,225.27124064601244
14190,238.0,225.27124064601244
4256,417.0,225.27124064601244
16265,253.0,225.27124064601244
19311,55.0,225.27124064601244
15552,164.0,225.27124064601244
23593,59.0,225.27124064601244
18559,266.0,225.27124064601244
3771,286.0,225.27124064601244
9872,391.0,225.27124064601244
9460,303.0,225.27124064601244
16276,247.0,225.27124064601244
4783,252.0,234.48
2359,361.0,225.27124064601244
8725,49.0,225.27124064601244
11404,223.0,225.27124064601244
11606,367.0,225.27124064601244
18337,248.0,225.27124064601244
8871,211.0,225.27124064601244
19143,186.0,225.27124064601244
23307,132.0,225.27124064601244
23746,205.0,225.27124064601244
18693,226.0,225.27124064601244
13728,295.0,225.27124064601244
19617,535.0,225.27124064601244
14628,35.0,225.27124064601244
21865,166.0,225.27124064601244
496,76.0,225.27124064601244
22851,254.0,225.27124064601244
6123,214.0,225.27124064601244
14569,203.0,225.27124064601244
6812,31.0,225.27124064601244
7894,4.0,225.27124064601244
7529,189.0,225.27124064601244
6365,192.0,228.6667411255411
6417,390.0,225.27124064601244
4182,210.0,225.27124064601244
19374,215.0,225.27124064601244
18228,96.0,225.27124064601244
2159,270.0,270.03
22282,239.0,225.27124064601244
14769,161.0,225.27124064601244
6882,271.0,225.27124064601244
9522,231.0,225.27124064601244
19059,218.0,225.27124064601244
12677,159.0,225.27124064601244
10781,306.0,225.27124064601244
1032,262.0,268.51
20427,241.0,225.27124064601244
8269,257.0,225.27124064601244
6856,268.0,225.27124064601244
19966,29.0,225.27124064601244
7722,288.0,225.27124064601244
20730,176.0,225.27124064601244
2501,213.0,225.27124064601244
13912,401.0,225.27124064601244
22443,228.0,225.27124064601244
22210,188.0,225.27124064601244
15136,247.0,225.27124064601244
11165,237.0,225.27124064601244
4455,175.0,225.27124064601244
7091,350.0,225.27124064601244
20700,132.0,225.27124064601244
18577,200.0,225.27124064601244
21393,249.0,226.81
4356,117.0,225.27124064601244
13397,310.0,225.27124064601244
23439,234.0,225.27124064601244
7934,263.0,225.27124064601244
11680,440.0,225.27124064601244
3347,239.0,225.27124064601244
23034,214.0,225.27124064601244
1123,721.0,225.27124064601244
11409,235.0,225.27124064601244
4151,342.0,225.27124064601244
3132,220.0,228.31
11443,214.0,225.27124064601244
13016,292.0,225.27124064601244
21932,353.0,225.27124064601244
19540,311.0,225.27124064601244
7567,39.0,225.27124064601244
10393,193.0,231.66
1456,221.0,225.27124064601244
9366,444.0,225.27124064601244
21682,344.0,225.27124064601244
18489,207.0,225.27124064601244
12961,53.0,225.27124064601244
12077,197.0,225.27124064601244
14137,10.0,228.92624881287512
5066,177.0,248.23
23239,266.0,225.27124064601244
16327,142.0,225.27124064601244
9083,529.0,220.38
21090,231.0,225.27124064601244
8261,146.0,225.27124064601244
20720,218.0,269.07
19215,213.0,252.45
14349,197.0,225.27124064601244
23261,246.0,225.27124064601244
7999,202.0,225.27124064601244
9379,179.0,225.27124064601244
15030,203.0,225.27124064601244
1586,354.0,225.27124064601244
1484,240.0,225.27124064601244
18317,224.0,225.27124064601244
4444,195.0,225.27124064601244
17167,142.0,225.27124064601244
20320,217.0,225.27124064601244
4435,214.0,246.1
6679,294.0,225.27124064601244
14832,203.0,225.27124064601244
8313,208.0,225.27124064601244
22203,268.0,234.24
20138,125.0,225.27124064601244
23525,228.0,225.27124064601244
7009,179.0,225.27124064601244
5490,206.0,225.27124064601244
6253,132.0,225.27124064601244
23926,239.0,225.27124064601244
10087,231.0,225.27124064601244
3836,65.0,225.27124064601244
3255,357.0,269.1
10999,176.0,225.27124064601244
22296,189.0,225.27124064601244
726,239.0,225.27124064601244
13607,266.0,225.27124064601244
10941,312.0,225.27124064601244
2886,73.0,225.27124064601244
20089,32.0,225.27124064601244
19596,204.0,225.27124064601244
10992,230.0,225.27124064601244
123,283.0,225.27124064601244
2446,274.0,225.27124064601244
9884,274.0,225.27124064601244
6739,248.0,225.27124064601244
5701,179.0,225.27124064601244
5691,42.0,225.27124064601244
22042,131.0,225.27124064601244
2527,231.0,225.27124064601244
199,313.0,225.27124064601244
21894,217.0,253.07
21415,121.0,225.27124064601244
1681,238.0,225.27124064601244
22951,155.0,225.27124064601244
19730,90.0,225.27124064601244
23394,203.0,225.27124064601244
1775,152.0,225.27124064601244
8164,349.0,225.27124064601244
20471,371.0,225.27124064601244
1384,231.0,225.27124064601244
15846,268.0,225.27124064601244
23221,336.0,225.27124064601244
3384,343.0,225.27124064601244
1886,301.0,225.27124064601244
11196,199.0,225.27124064601244
8362,190.0,252.27
11999,95.0,225.27124064601244
16923,260.0,225.27124064601244
7597,169.0,225.27124064601244
7284,246.0,225.27124064601244
8698,404.0,225.27124064601244
13700,230.0,225.27124064601244
8125,281.0,225.27124064601244
20961,26.0,225.27124064601244
18773,679.0,225.27124064601244
18485,227.0,225.27124064601244
15024,345.0,225.27124064601244
21796,231.0,237.63
11234,281.0,225.27124064601244
12666,245.0,225.27124064601244
5688,46.0,225.27124064601244
265,376.0,225.27124064601244
5523,179.0,225.27124064601244
13604,204.0,225.27124064601244
5224,222.0,225.27124064601244
22684,342.0,225.27124064601244
10777,162.0,225.27124064601244
7696,182.0,225.27124064601244
4276,40.0,225.27124064601244
3955,312.0,225.27124064601244
23500,390.0,225.27124064601244
14382,276.0,225.27124064601244
12138,443.0,225.27124064601244
23028,288.0,225.27124064601244
6012,371.0,225.27124064601244
9646,181.0,225.27124064601244
13434,117.0,225.27124064601244
6262,172.0,225.27124064601244
7215,146.0,225.27124064601244
19191,111.0,225.27124064601244
9237,13.0,225.27124064601244
12416,269.0,225.27124064601244
15543,159.0,225.27124064601244
16043,243.0,225.27124064601244
18621,306.0,255.93
23869,307.0,225.27124064601244
23750,239.0,225.27124064601244
12468,257.0,225.27124064601244
23068,228.0,225.27124064601244
4776,641.0,225.27124064601244
10192,210.0,237.65
20328,151.0,225.27124064601244
15655,248.0,225.27124064601244
7951,315.0,225.27124064601244
23631,359.0,225.27124064601244
2413,194.0,225.27124064601244
11693,1409.0,236.7775
12069,206.0,236.44
731,186.0,225.27124064601244
1139,275.0,225.27124064601244
4508,224.0,225.27124064601244
21275,337.0,225.27124064601244
4618,191.0,244.24
4980,324.0,225.27124064601244
526,326.0,225.27124064601244
22150,225.0,225.27124064601244
8816,344.0,225.27124064601244
14917,424.0,225.27124064601244
2979,74.0,225.27124064601244
4763,594.0,225.27124064601244
8241,265.0,256.0633534795372
21343,239.0,241.27
3344,181.0,225.27124064601244
1547,258.0,225.27124064601244
9523,207.0,225.27124064601244
11423,491.0,225.27124064601244
21915,105.0,225.27124064601244
23648,242.0,225.27124064601244
9543,225.0,225.27124064601244
21928,97.0,225.27124064601244
17427,261.0,225.27124064601244
9820,311.0,225.27124064601244
14200,191.0,225.27124064601244
17837,110.0,225.27124064601244
19666,274.0,225.27124064601244
7133,196.0,225.27124064601244
14413,312.0,225.27124064601244
8185,55.0,225.27124064601244
18803,28.0,225.27124064601244
1911,258.0,225.27124064601244
13950,133.0,225.27124064601244
21063,181.0,225.27124064601244
13128,174.0,225.27124064601244
18748,109.0,225.27124064601244
23124,252.0,225.27124064601244
9886,323.0,225.27124064601244
23096,241.0,225.27124064601244
15471,409.0,225.27124064601244
20942,515.0,225.27124064601244
23131,471.0,225.27124064601244
19020,27.0,225.27124064601244
10209,286.0,225.27124064601244
10839,352.0,225.27124064601244
12108,182.0,225.27124064601244
8392,192.0,225.27124064601244
9592,126.0,225.27124064601244
1618,253.0,225.27124064601244
2654,305.0,225.27124064601244
12181,102.0,225.27124064601244
15548,177.0,225.27124064601244
14267,101.0,225.27124064601244
4537,364.0,225.27124064601244
8662,287.0,225.27124064601244
11643,601.0,225.27124064601244
17945,301.0,225.27124064601244
20298,288.0,225.27124064601244
17450,34.0,225.27124064601244
17745,96.0,225.27124064601244
4150,280.0,249.76
16636,316.0,225.27124064601244
13425,639.0,225.27124064601244
9115,205.0,225.27124064601244
2342,181.0,225.27124064601244
21918,102.0,225.27124064601244
1089,53.0,225.27124064601244
14905,360.0,250.85
20426,180.0,225.27124064601244
20972,113.0,225.27124064601244
12638,251.0,225.27124064601244
23232,284.0,225.27124064601244
17887,120.0,225.27124064601244
5423,246.0,219.94
15515,278.0,225.27124064601244
5552,146.0,225.27124064601244
10291,428.0,225.27124064601244
23651,248.0,225.27124064601244
18899,72.0,225.27124064601244
18077,430.0,225.27124064601244
5089,294.0,225.27124064601244
17864,179.0,225.27124064601244
2247,290.0,225.27124064601244
12923,34.0,225.27124064601244
14667,269.0,283.42
23065,234.0,225.27124064601244
13810,908.0,225.27124064601244
13612,359.0,225.27124064601244
1304,183.0,225.27124064601244
14161,186.0,252.69
23952,105.0,225.27124064601244
12497,316.0,225.27124064601244
7183,304.0,249.53
21627,340.0,225.27124064601244
7015,34.0,225.27124064601244
4133,39.0,225.27124064601244
11694,1520.0,225.27124064601244
3102,294.0,225.27124064601244
2491,37.0,225.27124064601244
23789,267.0,225.27124064601244
8839,309.0,225.27124064601244
23187,314.0,225.27124064601244
15590,205.0,225.27124064601244
9090,124.0,225.27124064601244
13181,251.0,225.27124064601244
12592,294.0,225.27124064601244
17699,349.0,225.27124064601244
3262,313.0,225.27124064601244
7475,145.0,225.27124064601244
8971,14.0,225.27124064601244
13693,211.0,225.27124064601244
19904,314.0,248.28
15542,167.0,225.27124064601244
544,77.0,225.27124064601244
17311,7.0,225.27124064601244
16190,285.0,287.29
15335,354.0,225.27124064601244
22257,334.0,230.25
15961,269.0,225.27124064601244
23041,228.0,225.27124064601244
1071,251.0,225.27124064601244
13469,459.0,225.27124064601244
16795,159.0,225.27124064601244
10553,210.0,220.26
14491,251.0,225.27124064601244
19338,275.0,225.27124064601244
7707,207.0,225.27124064601244
6730,198.0,225.27124064601244
8278,66.0,225.27124064601244
3180,195.0,225.27124064601244
12706,140.0,225.27124064601244
5306,147.0,225.27124064601244
19825,284.0,225.27124064601244
17768,253.0,225.27124064601244
12277,191.0,225.27124064601244
19175,239.0,225.27124064601244
18589,420.0,225.27124064601244
556,95.0,225.27124064601244
13305,286.0,225.27124064601244
18880,260.0,225.27124064601244
22895,153.0,225.27124064601244
2075,199.0,225.27124064601244
1953,226.0,225.27124064601244
6877,130.0,225.27124064601244
17121,281.0,225.27124064601244
9243,22.0,225.27124064601244
8342,283.0,225.27124064601244
23692,256.0,225.27124064601244
14658,204.0,225.27124064601244
10427,265.0,225.27124064601244
22761,228.0,225.27124064601244
147,230.0,225.27124064601244
18801,33.0,225.27124064601244
22768,238.0,225.27124064601244
10938,291.0,225.27124064601244
683,276.0,225.27124064601244
563,78.0,225.27124064601244
18394,198.0,249.44
11432,250.0,225.27124064601244
23816,255.0,225.27124064601244
8938,273.0,225.27124064601244
14630,26.0,225.27124064601244
2142,22.0,225.27124064601244
6008,333.0,225.27124064601244
8604,310.0,225.27124064601244
282,180.0,225.27124064601244
3284,120.0,225.27124064601244
10972,145.0,225.27124064601244
16201,277.0,225.27124064601244
23017,279.0,225.27124064601244
5412,350.0,225.27124064601244
815,19.0,225.27124064601244
11541,208.0,225.27124064601244
13501,64.0,225.27124064601244
19768,239.0,225.27124064601244
10363,213.0,225.27124064601244
7993,212.0,225.27124064601244
19443,173.0,225.27124064601244
13751,163.0,225.27124064601244
3933,277.0,225.27124064601244
20342,80.0,225.27124064601244
17187,240.0,241.46848286550713
11613,278.0,225.27124064601244
1773,130.0,225.27124064601244
17878,40.0,225.27124064601244
13918,184.0,225.27124064601244
23628,393.0,225.27124064601244
7771,209.0,225.27124064601244
15323,278.0,251.68
2714,218.0,253.68
4135,24.0,225.27124064601244
2251,253.0,225.27124064601244
20242,222.0,233.38
1227,249.0,225.27124064601244
189,113.0,225.27124064601244
223,274.0,225.27124064601244
12176,241.0,225.27124064601244
8793,11.0,225.27124064601244
15142,160.0,225.27124064601244
23164,244.0,225.27124064601244
15084,309.0,225.27124064601244
13665,341.0,238.24
11602,95.0,225.27124064601244
23564,374.0,225.27124064601244
2234,197.0,225.27124064601244
1430,75.0,225.27124064601244
20938,485.0,238.02
18372,169.0,225.27124064601244
18235,94.0,225.27124064601244
2338,262.0,225.27124064601244
23847,254.0,225.27124064601244
14685,250.0,225.27124064601244
22948,273.0,225.27124064601244
3106,296.0,225.27124064601244
14873,264.0,225.27124064601244
19839,369.0,245.01
6991,220.0,225.27124064601244
61,252.0,225.27124064601244
17911,172.0,225.27124064601244
21180,234.0,225.27124064601244
21969,143.0,225.27124064601244
3152,278.0,225.27124064601244
22931,222.0,225.27124064601244
20661,389.0,225.27124064601244
10036,77.0,225.27124064601244
1515,223.0,225.27124064601244
6068,243.0,225.27124064601244
3285,106.0,225.27124064601244
9581,69.0,225.27124064601244
1489,257.0,225.27124064601244
12767,84.0,225.27124064601244
996,233.0,225.27124064601244
22868,245.0,225.27124064601244
10817,294.0,225.27124064601244
10108,298.0,225.27124064601244
3192,342.0,225.27124064601244
17799,584.0,225.27124064601244
16744,76.0,225.27124064601244
20488,281.0,225.27124064601244
16459,35.0,225.27124064601244
12765,107.0,225.27124064601244
20721,212.0,225.27124064601244
14022,197.0,245.23
21850,161.0,225.27124064601244
3183,272.0,225.27124064601244
17886,71.0,225.27124064601244
2059,305.0,225.27124064601244
15996,455.0,225.27124064601244
8429,140.0,225.27124064601244
13514,259.0,225.27124064601244
10254,199.0,225.27124064601244
4547,64.0,225.27124064601244
5096,402.0,225.27124064601244
8453,161.0,221.25442753372536
16666,207.0,225.27124064601244
4224,266.0,225.27124064601244
8680,165.0,237.86
12692,332.0,225.27124064601244
7229,204.0,225.27124064601244
9955,273.0,231.1375
16373,195.0,225.27124064601244
12888,205.0,225.27124064601244
382,33.0,225.27124064601244
6135,29.0,225.27124064601244
23160,47.0,225.27124064601244
22938,229.0,225.27124064601244
3574,315.0,225.27124064601244
7318,196.0,225.27124064601244
22465,244.0,225.27124064601244
16750,210.0,225.27124064601244
11023,207.0,255.33
17757,261.0,225.27124064601244
14923,238.0,225.27124064601244
6719,208.0,225.27124064601244
7733,196.0,225.27124064601244
18965,91.0,225.27124064601244
22698,444.0,225.27124064601244
23286,255.0,225.27124064601244
8844,222.0,225.27124064601244
18600,245.0,225.27124064601244
14948,66.0,225.27124064601244
4957,275.0,225.27124064601244
13946,165.0,225.27124064601244
14147,41.0,225.27124064601244
15592,199.0,225.27124064601244
19908,434.0,225.27124064601244
19709,250.0,233.46
23904,82.0,225.27124064601244
23668,271.0,225.27124064601244
19942,234.0,214.82
23450,319.0,225.27124064601244
3060,202.0,225.27124064601244
7584,249.0,225.27124064601244
15641,278.0,273.03
12228,438.0,225.27124064601244
12169,189.0,225.27124064601244
20838,269.0,225.27124064601244
19944,241.0,230.39
11772,305.0,225.27124064601244
6436,122.0,225.27124064601244
10736,147.0,225.27124064601244
20502,281.0,241.34018162947584
5063,247.0,242.21440599173556
176,224.0,225.27124064601244
16963,232.0,225.27124064601244
769,240.0,225.27124064601244
13254,238.0,225.27124064601244
12172,214.0,225.27124064601244
15405,208.0,242.3364870017331
51,200.0,225.27124064601244
6874,154.0,225.27124064601244
13008,239.0,225.27124064601244
23781,233.0,225.27124064601244
5532,256.0,225.27124064601244
23981,251.0,225.27124064601244
19969,27.0,225.27124064601244
23419,26.0,225.27124064601244
3541,63.0,225.27124064601244
8992,16.0,225.27124064601244
9209,235.0,225.27124064601244
13891,18.0,225.27124064601244
3123,135.0,225.27124064601244
1041,257.0,225.27124064601244
7423,275.0,225.27124064601244
16482,182.0,225.27124064601244
15818,238.0,240.62
16443,210.0,225.27124064601244
7910,36.0,225.27124064601244
13346,403.0,225.27124064601244
5135,309.0,302.7866666666667
23734,97.0,225.27124064601244
20599,112.0,225.27124064601244
17788,321.0,225.27124064601244
15484,384.0,225.27124064601244
10869,285.0,225.27124064601244
5779,328.0,269.71
7760,270.0,225.27124064601244
12705,213.0,225.27124064601244
11164,254.0,225.27124064601244
21493,159.0,225.27124064601244
2683,222.0,225.27124064601244
20957,26.0,225.27124064601244
14708,215.0,225.27124064601244
15979,62.0,225.27124064601244
22160,196.0,225.27124064601244
17095,167.0,225.27124064601244
20282,269.0,225.27124064601244
23558,262.0,225.27124064601244
22984,364.0,225.27124064601244
4524,290.0,225.27124064601244
10580,269.0,244.31
22437,254.0,225.27124064601244
3276,599.0,225.27124064601244
19955,150.0,235.26
8941,233.0,225.27124064601244
3647,248.0,266.73
8987,22.0,225.27124064601244
1401,236.0,262.34
20671,168.0,225.27124064601244
10591,253.0,248.39
10698,286.0,225.27124064601244
14573,214.0,225.27124064601244
13436,121.0,225.27124064601244
9130,165.0,225.27124064601244
2810,30.0,225.27124064601244
3449,199.0,225.27124064601244
17906,110.0,225.27124064601244
20538,284.0,237.84
23800,215.0,225.27124064601244
23967,303.0,225.27124064601244
3391,384.0,225.27124064601244
6622,207.0,225.27124064601244
20454,334.0,225.27124064601244
3899,195.0,225.27124064601244
1546,258.0,225.27124064601244
12264,193.0,225.27124064601244
613,209.0,225.27124064601244
19500,236.0,225.27124064601244
10030,93.0,225.27124064601244
22699,477.0,225.27124064601244
16876,68.0,225.27124064601244
19269,153.0,225.27124064601244
9553,168.0,281.16327066517255
11337,178.0,225.27124064601244
3154,304.0,225.27124064601244
20335,167.0,225.27124064601244
15958,133.0,240.13
15644,333.0,225.27124064601244
22463,230.0,225.27124064601244
19976,42.0,225.27124064601244
9639,279.0,225.27124064601244
4117,249.0,225.27124064601244
2248,245.0,225.27124064601244
1146,254.0,225.27124064601244
12168,262.0,225.27124064601244
11945,37.0,225.27124064601244
168,151.0,225.27124064601244
2061,241.0,225.27124064601244
16070,151.0,225.27124064601244
542,250.0,225.27124064601244
4710,404.0,225.27124064601244
16614,110.0,225.27124064601244
2481,66.0,225.27124064601244
23285,314.0,225.27124064601244
13599,246.0,225.27124064601244
6051,247.0,225.27124064601244
20753,152.0,225.27124064601244
11873,162.0,225.27124064601244
7409,353.0,225.27124064601244
6232,178.0,225.27124064601244
293,224.0,225.27124064601244
23489,291.0,225.27124064601244
4394,388.0,225.27124064601244
18341,247.0,246.68
6336,202.0,225.27124064601244
22536,304.0,225.27124064601244
1715,234.0,225.27124064601244
3699,197.0,225.27124064601244
9307,627.0,225.27124064601244
5233,379.0,225.27124064601244
7848,158.0,225.27124064601244
13194,169.0,225.27124064601244
22455,301.0,225.27124064601244
13048,70.0,225.27124064601244
332,216.0,225.27124064601244
10762,261.0,225.27124064601244
10688,303.0,225.27124064601244
23459,249.0,225.27124064601244
10469,276.0,225.27124064601244
407,28.0,225.27124064601244
18747,120.0,225.27124064601244
15098,375.0,263.06
20885,301.0,225.27124064601244
4207,237.0,225.27124064601244
19200,266.0,225.27124064601244
19289,237.0,225.27124064601244
9634,212.0,225.27124064601244
21526,34.0,225.27124064601244
5892,259.0,225.27124064601244
14554,275.0,225.27124064601244
18549,241.0,263.16
23605,147.0,225.27124064601244
4249,206.0,225.27124064601244
3221,662.0,225.27124064601244
23656,236.0,225.27124064601244
2195,321.0,225.27124064601244
18042,70.0,225.27124064601244
6625,237.0,225.27124064601244
23974,281.0,225.27124064601244
517,18.0,225.27124064601244
299,26.0,225.27124064601244
1178,277.0,225.27124064601244
19795,267.0,225.27124064601244
14067,151.0,225.27124064601244
12284,173.0,225.27124064601244
21082,196.0,230.2096658008658
2586,219.0,225.27124064601244
4464,217.0,225.27124064601244
9056,220.0,225.27124064601244
4098,295.0,225.27124064601244
5471,230.0,225.27124064601244
10213,261.0,225.27124064601244
11335,428.0,225.27124064601244
14228,227.0,225.27124064601244
17921,253.0,225.27124064601244
18274,359.0,225.27124064601244
22859,176.0,225.27124064601244
14076,121.0,225.27124064601244
16316,173.0,225.27124064601244
21487,274.0,225.27124064601244
5009,60.0,225.27124064601244
21244,72.0,223.28833333333333
12584,312.0,225.27124064601244
18268,124.0,225.27124064601244
5464,184.0,225.27124064601244
17734,127.0,225.27124064601244
17344,229.0,225.27124064601244
7826,239.0,225.27124064601244
2908,283.0,225.27124064601244
23620,170.0,225.27124064601244
3727,199.0,225.27124064601244
1646,300.0,225.27124064601244
2486,37.0,225.27124064601244
20070,279.0,287.03
14624,239.0,225.27124064601244
14096,241.0,225.27124064601244
3709,255.0,225.27124064601244
11434,223.0,225.27124064601244
22400,230.0,225.27124064601244
23978,225.0,225.27124064601244
15608,164.0,225.27124064601244
20702,161.0,225.27124064601244
23248,307.0,225.27124064601244
14354,290.0,225.27124064601244
8127,295.0,225.27124064601244
10123,270.0,225.27124064601244
22310,434.0,225.27124064601244
17587,46.0,225.27124064601244
12248,66.0,225.27124064601244
22691,205.0,225.27124064601244
11957,215.0,225.27124064601244
19630,211.0,225.27124064601244
6423,144.0,225.27124064601244
11707,221.0,225.27124064601244
18032,193.0,225.27124064601244
23719,286.0,225.27124064601244
21376,220.0,225.27124064601244
18030,192.0,225.27124064601244
8358,237.0,227.8
4489,77.0,225.27124064601244
4965,293.0,225.27124064601244
20234,285.0,225.27124064601244
243,225.0,225.27124064601244
8488,220.0,225.27124064601244
3753,315.0,225.27124064601244
3297,397.0,225.27124064601244
7234,208.0,276.39
12930,242.0,225.27124064601244
7735,172.0,225.27124064601244
10145,202.0,225.27124064601244
20377,235.0,225.27124064601244
7071,102.0,225.27124064601244
23799,200.0,225.27124064601244
7152,96.0,225.27124064601244
18590,349.0,225.27124064601244
20198,355.0,225.27124064601244
553,73.0,225.27124064601244
3965,185.0,225.27124064601244
7614,41.0,225.27124064601244
10962,216.0,253.89
15716,197.0,225.27124064601244
13488,249.0,293.62
6197,45.0,225.27124064601244
4016,206.0,225.27124064601244
15858,283.0,225.27124064601244
115,282.0,225.27124064601244
12216,391.0,225.27124064601244
14090,212.0,225.27124064601244
9470,251.0,225.27124064601244
3720,160.0,225.27124064601244
9511,276.0,225.27124064601244
524,227.0,225.27124064601244
17551,255.0,225.27124064601244
4683,301.0,225.27124064601244
19505,229.0,225.27124064601244
12439,356.0,244.82
17633,220.0,225.27124064601244
17309,5.0,225.27124064601244
15185,170.0,225.27124064601244
18056,299.0,225.27124064601244
17795,684.0,225.27124064601244
3665,198.0,225.27124064601244
14318,287.0,225.27124064601244
17629,317.0,225.27124064601244
8371,170.0,243.59
5284,210.0,225.27124064601244
21207,126.0,225.27124064601244
16168,270.0,225.27124064601244
21293,287.0,225.27124064601244
6001,321.0,225.27124064601244
12351,220.0,225.27124064601244
2568,74.0,253.8491666666667
20591,139.0,225.27124064601244
15338,221.0,225.27124064601244
3247,235.0,225.27124064601244
14109,377.0,245.29
19005,241.0,225.27124064601244
14496,326.0,225.27124064601244
15865,460.0,225.27124064601244
8468,251.0,225.27124064601244
8885,209.0,225.27124064601244
21905,243.0,225.27124064601244
96,361.0,225.27124064601244
9481,200.0,225.27124064601244
6199,43.0,225.27124064601244
5510,326.0,225.27124064601244
12900,234.0,225.27124064601244
4578,188.0,225.27124064601244
23579,198.0,225.27124064601244
14679,239.0,225.27124064601244
21332,261.0,225.27124064601244
4950,205.0,225.27124064601244
22052,36.0,225.27124064601244
3905,132.0,225.27124064601244
17396,332.0,253.05
22211,207.0,225.27124064601244
7926,305.0,225.27124064601244
1603,102.0,225.27124064601244
23749,277.0,225.27124064601244
1408,402.0,225.27124064601244
6077,234.0,225.27124064601244
23227,145.0,225.27124064601244
12503,474.0,225.27124064601244
8587,147.0,225.27124064601244
459,31.0,225.27124064601244
21135,354.0,225.27124064601244
19177,193.0,225.27124064601244
9187,161.0,225.27124064601244
270,438.0,225.27124064601244
23377,226.0,225.27124064601244
7764,327.0,225.27124064601244
12014,130.0,225.27124064601244
17724,336.0,225.27124064601244
17816,221.0,225.27124064601244
6642,459.0,225.27124064601244
3529,212.0,225.27124064601244
19702,232.0,225.27124064601244
11294,60.0,225.27124064601244
6251,104.0,225.27124064601244
19898,183.0,248.28
5327,273.0,225.27124064601244
5311,293.0,202.4
1730,144.0,232.53140884697285
11121,23.0,225.27124064601244
1907,156.0,225.27124064601244
11568,164.0,225.27124064601244
23175,238.0,225.27124064601244
3582,303.0,225.27124064601244
12732,394.0,225.27124064601244
13805,161.0,225.27124064601244
1558,244.0,225.27124064601244
15990,427.0,225.27124064601244
23152,293.0,225.27124064601244
12898,211.0,225.27124064601244
14889,32.0,225.27124064601244
6440,258.0,225.27124064601244
20787,344.0,225.27124064601244
2638,83.0,225.27124064601244
14892,99.0,225.27124064601244
15847,296.0,274.3208333333333
10073,128.0,225.27124064601244
22133,244.0,225.23
16937,175.0,225.27124064601244
1273,475.0,225.27124064601244
14146,49.0,225.27124064601244
13340,273.0,225.27124064601244
1290,281.0,225.27124064601244
11390,206.0,225.27124064601244
17414,159.0,225.27124064601244
11950,59.0,225.27124064601244
10931,345.0,225.27124064601244
22877,295.0,225.27124064601244
17999,273.0,225.27124064601244
18431,307.0,225.27124064601244
14330,192.0,235.63166666666663
1878,251.0,292.44
5122,266.0,225.27124064601244
3976,256.0,225.27124064601244
17718,140.0,225.27124064601244
16083,168.0,225.27124064601244
1737,336.0,225.27124064601244
6922,212.0,225.27124064601244
17143,435.0,225.27124064601244
14081,193.0,225.27124064601244
10387,306.0,225.27124064601244
20795,155.0,225.27124064601244
1505,203.0,236.33
13044,86.0,225.27124064601244
23639,232.0,225.27124064601244
2717,263.0,225.64
23046,205.0,225.27124064601244
22781,204.0,225.27124064601244
6085,319.0,225.27124064601244
1492,180.0,225.27124064601244
5275,224.0,225.27124064601244
5253,487.0,225.27124064601244
778,186.0,225.27124064601244
22595,202.0,225.27124064601244
18741,173.0,225.27124064601244
2680,179.0,225.27124064601244
2401,277.0,225.27124064601244
7955,302.0,225.27124064601244
4509,329.0,225.27124064601244
17702,377.0,225.27124064601244
16429,36.0,225.27124064601244
1367,349.0,225.27124064601244
20676,125.0,225.27124064601244
10069,144.0,225.27124064601244
19162,184.0,225.27124064601244
722,271.0,225.27124064601244
11012,234.0,225.27124064601244
3686,237.0,225.2
2194,180.0,225.27124064601244
3244,175.0,225.27124064601244
22434,247.0,225.27124064601244
6414,286.0,225.27124064601244
10860,221.0,225.27124064601244
11796,131.0,225.27124064601244
16343,257.0,225.27124064601244
11848,302.0,225.27124064601244
23666,271.0,225.27124064601244
23782,279.0,225.27124064601244
16946,200.0,225.27124064601244
10751,283.0,235.56
9266,266.0,225.27124064601244
192,82.0,225.27124064601244
8502,272.0,225.27124064601244
23245,231.0,225.27124064601244
23884,357.0,225.27124064601244
16427,35.0,225.27124064601244
305,20.0,225.27124064601244
12049,287.0,225.27124064601244
2986,217.0,225.27124064601244
14638,23.0,225.27124064601244
7671,233.0,225.27124064601244
2708,137.0,225.27124064601244
6167,251.0,225.27124064601244
495,95.0,225.27124064601244
14061,270.0,225.27124064601244
14082,107.0,225.27124064601244
1986,318.0,225.27124064601244
19674,245.0,225.27124064601244
6036,224.0,225.27124064601244
18422,303.0,225.27124064601244
1434,74.0,225.27124064601244
4186,192.0,225.27124064601244
7820,125.0,225.27124064601244
10857,218.0,225.27124064601244
1924,280.0,242.94
15295,388.0,225.27124064601244
9443,283.0,225.27124064601244
19534,204.0,225.27124064601244
15828,363.0,225.27124064601244
8276,65.0,225.27124064601244
20350,157.0,225.27124064601244
4536,393.0,225.27124064601244
2022,201.0,225.27124064601244
9943,101.0,225.27124064601244
7158,78.0,225.27124064601244
15929,181.0,225.27124064601244
22221,216.0,225.27124064601244
2390,166.0,225.27124064601244
5401,309.0,225.27124064601244
15378,197.0,225.27124064601244
12841,309.0,225.27124064601244
8119,269.0,225.27124064601244
19224,198.0,225.27124064601244
20331,138.0,225.27124064601244
23803,286.0,225.27124064601244
23879,276.0,225.27124064601244
17696,377.0,225.27124064601244
21237,561.0,225.27124064601244
8501,268.0,225.27124064601244
2414,210.0,225.27124064601244
18998,239.0,225.27124064601244
11416,136.0,225.27124064601244
6250,86.0,225.27124064601244
4878,89.0,225.27124064601244
4954,288.0,225.27124064601244
12585,348.0,225.27124064601244
18604,733.0,225.27124064601244
3197,583.0,225.27124064601244
8173,71.0,225.27124064601244
2382,263.0,225.27124064601244
1130,339.0,225.27124064601244
13475,247.0,225.27124064601244
19621,479.0,225.27124064601244
14272,235.0,225.27124064601244
18639,274.0,239.33
11441,331.0,225.27124064601244
5503,240.0,225.27124064601244
19272,157.0,225.27124064601244
1826,623.0,225.27124064601244
15822,166.0,225.27124064601244
13265,75.0,225.27124064601244
12701,148.0,225.27124064601244
6999,375.0,225.27124064601244
4484,289.0,225.27124064601244
22810,198.0,225.27124064601244
3265,286.0,225.27124064601244
6869,171.0,225.27124064601244
4144,201.0,225.27124064601244
1320,254.0,225.27124064601244
12381,257.0,225.27124064601244
22785,391.0,225.27124064601244
23570,217.0,225.27124064601244
11079,297.0,225.27124064601244
9589,78.0,225.27124064601244
18362,261.0,225.27124064601244
4066,244.0,225.27124064601244
5121,251.0,225.27124064601244
19991,11.0,225.27124064601244
6871,145.0,225.27124064601244
9206,173.0,225.27124064601244
2603,84.0,225.27124064601244
3593,185.0,228.12
21841,278.0,225.27124064601244
10216,263.0,225.27124064601244
20233,304.0,225.27124064601244
11118,36.0,225.27124064601244
4362,218.0,202.73166666666668
15158,278.0,225.27124064601244
6211,115.0,225.27124064601244
21653,189.0,225.27124064601244
8578,275.0,225.27124064601244
1215,265.0,256.4105385151621
15568,202.0,225.27124064601244
16655,20.0,225.27124064601244
13103,384.0,225.27124064601244
14576,317.0,225.27124064601244
23247,285.0,225.27124064601244
9391,172.0,225.27124064601244
6063,228.0,225.27124064601244
4094,243.0,262.61
6878,114.0,225.27124064601244
13532,43.0,225.27124064601244
6105,13.0,225.27124064601244
12238,104.0,225.27124064601244
9925,126.0,225.27124064601244
9785,230.0,225.27124064601244
17129,223.0,225.27124064601244
4145,242.0,225.27124064601244
20447,235.0,225.27124064601244
19678,591.0,225.27124064601244
14138,4.0,225.27124064601244
6118,325.0,225.27124064601244
14467,64.0,225.27124064601244
16652,32.0,225.27124064601244
3682,74.0,225.27124064601244
12494,384.0,225.27124064601244
16871,57.0,225.27124064601244
17741,122.0,225.27124064601244
5531,212.0,230.53915719005008
22646,214.0,225.27124064601244
13801,162.0,225.27124064601244
10951,285.0,225.27124064601244
1781,236.0,239.2
16038,219.0,225.27124064601244
14673,392.0,290.76
9808,173.0,225.27124064601244
4702,212.0,225.27124064601244
534,57.0,237.64
13594,336.0,225.27124064601244
4905,126.0,225.27124064601244
15426,142.0,225.27124064601244
18287,191.0,225.27124064601244
23437,32.0,225.27124064601244
8252,389.0,225.27124064601244
23971,291.0,225.27124064601244
22888,185.0,225.27124064601244
23900,176.0,225.27124064601244
8320,280.0,225.27124064601244
13225,95.0,225.27124064601244
20640,229.0,225.27124064601244
13498,81.0,225.27124064601244
3233,182.0,225.27124064601244
1054,253.0,225.27124064601244
12521,218.0,225.27124064601244
15366,195.0,225.27124064601244
8519,15.0,225.27124064601244
2759,476.0,225.27124064601244
21366,180.0,225.27124064601244
7062,391.0,225.27124064601244
1060,262.0,225.27124064601244
3813,176.0,225.27124064601244
12274,300.0,225.27124064601244
12210,581.0,225.27124064601244
14005,317.0,225.27124064601244
22572,248.0,225.27124064601244
16819,241.0,225.27124064601244
3542,70.0,225.27124064601244
4790,104.0,237.25
6409,296.0,225.27124064601244
20247,259.0,225.27124064601244
16359,183.0,225.27124064601244
21169,361.0,225.27124064601244
20313,329.0,225.27124064601244
644,196.0,225.27124064601244
23189,247.0,225.27124064601244
2369,287.0,225.27124064601244
11002,187.0,225.27124064601244
2498,214.0,225.27124064601244
283,199.0,225.27124064601244
2326,316.0,225.27124064601244
15652,291.0,225.27124064601244
14676,224.0,225.27124064601244
21178,273.0,225.27124064601244
3681,95.0,225.27124064601244
5686,35.0,225.27124064601244
21517,190.0,225.27124064601244
3612,227.0,225.27124064601244
612,230.0,225.27124064601244
12158,337.0,225.27124064601244
10602,205.0,247.14
3436,214.0,225.27124064601244
1783,237.0,248.16339989581525
8015,300.0,271.5
5995,55.0,225.27124064601244
20422,256.0,225.27124064601244
9452,237.0,225.27124064601244
9992,156.0,248.07
6133,31.0,225.27124064601244
21421,120.0,225.27124064601244
17892,364.0,225.27124064601244
11503,439.0,225.27124064601244
8924,277.0,225.27124064601244
12835,183.0,225.27124064601244
16618,100.0,225.27124064601244
15972,156.0,225.27124064601244
22600,263.0,225.27124064601244
20887,284.0,225.27124064601244
7899,20.0,225.27124064601244
2926,123.0,225.27124064601244
14178,280.0,225.27124064601244
8205,161.0,225.27124064601244
5015,31.0,225.27124064601244
8280,70.0,225.27124064601244
8978,19.0,225.27124064601244
15536,336.0,225.27124064601244
14680,197.0,225.27124064601244
10989,241.0,225.27124064601244
15382,243.0,225.27124064601244
11530,273.0,225.27124064601244
10423,223.0,225.27124064601244
10875,314.0,225.27124064601244
21099,264.0,225.27124064601244
2014,337.0,225.27124064601244
23856,295.0,225.27124064601244
23064,223.0,225.27124064601244
20876,742.0,225.27124064601244
4935,336.0,225.27124064601244
1520,330.0,232.9684080290708
5507,279.0,225.27124064601244
5762,272.0,224.0873048423229
17821,185.0,225.27124064601244
7474,152.0,225.27124064601244
20267,217.0,225.27124064601244
8182,75.0,225.27124064601244
3219,618.0,225.27124064601244
15991,398.0,225.27124064601244
910,373.0,225.27124064601244
1791,282.0,225.27124064601244
13888,12.0,225.27124064601244
20816,252.0,225.27124064601244
11658,154.0,264.88
21729,395.0,225.27124064601244
21548,185.0,225.27124064601244
5473,319.0,225.27124064601244
23324,380.0,225.27124064601244
9196,234.0,225.27124064601244
19968,29.0,225.27124064601244
10088,240.0,225.27124064601244
18704,168.0,225.27124064601244
8880,174.0,225.27124064601244
10882,235.0,225.27124064601244
23880,311.0,225.27124064601244
20173,257.0,225.27124064601244
21780,228.0,225.27124064601244
22547,325.0,225.27124064601244
4522,314.0,236.58
13756,337.0,225.27124064601244
12866,241.0,225.27124064601244
19320,92.0,225.27124064601244
16008,230.0,281.68
22208,210.0,225.27124064601244
2213,180.0,225.27124064601244
22212,201.0,225.27124064601244
14896,86.0,225.27124064601244
9170,204.0,225.27124064601244
23619,302.0,225.27124064601244
18028,278.0,225.27124064601244
7244,86.0,225.27124064601244
6431,80.0,225.27124064601244
21503,326.0,225.27124064601244
4570,314.0,225.27124064601244
2574,84.0,225.27124064601244
5727,208.0,225.27124064601244
22470,326.0,225.27124064601244
1789,245.0,225.27124064601244
3187,249.0,225.27124064601244
782,205.0,225.27124064601244
17137,200.0,225.27124064601244
21113,277.0,225.27124064601244
944,82.0,225.27124064601244
19926,131.0,225.27124064601244
4880,110.0,225.27124064601244
17653,256.0,225.27124064601244
11943,17.0,225.27124064601244
312,250.0,225.27124064601244
14625,24.0,225.27124064601244
16055,230.0,224.55
11740,491.0,225.27124064601244
9339,36.0,225.27124064601244
22834,28.0,225.27124064601244
1720,126.0,225.27124064601244
18120,203.0,225.27124064601244
13281,63.0,225.27124064601244
21230,218.0,225.27124064601244
4342,200.0,225.27124064601244
20354,235.0,225.27124064601244
1118,478.0,225.27124064601244
4991,242.0,225.27124064601244
7262,465.0,225.27124064601244
5170,158.0,225.27124064601244
2149,44.0,225.27124064601244
5879,292.0,225.27124064601244
22561,229.0,225.27124064601244
8668,256.0,225.27124064601244
14428,268.0,225.27124064601244
17960,194.0,225.27124064601244
8414,210.0,221.32
15508,460.0,225.27124064601244
9740,319.0,225.27124064601244
10227,194.0,225.27124064601244
20718,246.0,219.12
23180,249.0,225.27124064601244
3704,282.0,247.29
4363,348.0,225.27124064601244
17422,261.0,225.27124064601244
22799,301.0,225.27124064601244
5119,167.0,225.27124064601244
6791,380.0,225.27124064601244
5955,206.0,225.27124064601244
16440,225.0,225.27124064601244
19359,256.0,225.27124064601244
8733,231.0,225.27124064601244
20569,82.0,225.27124064601244
277,202.0,225.27124064601244
18177,249.0,225.27124064601244
8595,255.0,233.08839896436788
11145,219.0,225.27124064601244
5593,242.0,225.27124064601244
17588,46.0,225.27124064601244
1339,86.0,225.27124064601244
13013,263.0,225.27124064601244
11830,109.0,225.27124064601244
9975,250.0,225.27124064601244
17607,247.0,225.27124064601244
15276,230.0,225.27124064601244
8494,267.0,225.27124064601244
20135,193.0,225.27124064601244
18149,161.0,225.27124064601244
11230,225.0,224.32666666666668
20477,209.0,225.27124064601244
23316,366.0,225.27124064601244
23085,213.0,225.27124064601244
23846,357.0,225.27124064601244
3600,232.0,225.27124064601244
5301,183.0,225.27124064601244
6741,246.0,225.27124064601244
19239,182.0,225.27124064601244
19964,261.0,225.27124064601244
18770,205.0,225.27124064601244
6286,191.0,225.27124064601244
15269,221.0,225.27124064601244
19784,278.0,225.27124064601244
23100,189.0,225.27124064601244
13764,205.0,225.27124064601244
13544,35.0,285.17
22927,241.0,225.27124064601244
19046,858.0,225.27124064601244
15903,205.0,256.46
19079,309.0,225.27124064601244
12627,162.0,225.27124064601244
12997,185.0,225.27124064601244
17568,252.0,225.27124064601244
1198,236.0,249.1
13581,198.0,225.27124064601244
17937,217.0,225.27124064601244
7371,193.0,225.27124064601244
22818,244.0,225.27124064601244
13573,432.0,225.27124064601244
23173,233.0,225.27124064601244
21439,186.0,225.27124064601244
7480,188.0,225.27124064601244
6078,213.0,225.27124064601244
23391,238.0,225.27124064601244
14671,263.0,225.27124064601244
7343,201.0,225.27124064601244
20974,177.0,234.86937090658392
22661,308.0,225.27124064601244
4415,251.0,225.27124064601244
2532,149.0,225.27124064601244
20825,213.0,225.27124064601244
8162,233.0,225.27124064601244
21110,255.0,225.27124064601244
18947,90.0,225.27124064601244
8802,209.0,271.64
16838,240.0,222.92
21310,230.0,225.27124064601244
7737,230.0,225.27124064601244
7125,190.0,225.27124064601244
18602,271.0,225.27124064601244
10303,110.0,225.27124064601244
2855,344.0,225.27124064601244
1051,253.0,225.27124064601244
8953,221.0,225.27124064601244
11824,162.0,225.27124064601244
21042,78.0,225.27124064601244
10696,268.0,225.27124064601244
11955,214.0,225.27124064601244
13459,135.0,225.27124064601244
18002,260.0,225.27124064601244
21102,310.0,225.27124064601244
728,233.0,225.27124064601244
10995,260.0,225.27124064601244
5976,227.0,225.27124064601244
23418,7.0,225.27124064601244
3365,375.0,225.27124064601244
15197,267.0,225.27124064601244
3503,240.0,225.27124064601244
21679,228.0,225.27124064601244
20913,251.0,225.27124064601244
4629,164.0,225.27124064601244
23654,223.0,225.27124064601244
7140,139.0,225.27124064601244
13515,280.0,225.27124064601244
20034,225.0,225.27124064601244
9215,353.0,225.27124064601244
4565,245.0,225.27124064601244
6699,180.0,225.27124064601244
5120,217.0,225.27124064601244
20626,337.0,225.27124064601244
23582,151.0,225.27124064601244
18413,419.0,225.27124064601244
19001,246.0,225.27124064601244
14012,229.0,225.27124064601244
12245,84.0,225.27124064601244
4709,290.0,225.27124064601244
15622,153.0,225.27124064601244
21128,290.0,215.17
15390,237.0,225.27124064601244
11552,206.0,225.27124064601244
19723,31.0,225.27124064601244
21150,191.0,225.27124064601244
4802,215.0,252.13
840,16.0,225.27124064601244
0,372.0,254.49
4567,281.0,225.27124064601244
14237,222.0,225.27124064601244
15480,416.0,225.27124064601244
12752,316.0,225.27124064601244
18896,172.0,225.27124064601244
2591,498.0,225.27124064601244
45,265.0,225.27124064601244
11946,51.0,225.27124064601244
13121,255.0,225.27124064601244
4967,224.0,225.27124064601244
5622,165.0,225.27124064601244
27,196.0,225.27124064601244
5509,279.0,225.27124064601244
7802,224.0,225.27124064601244
7925,292.0,225.27124064601244
3237,151.0,225.27124064601244
9508,222.0,246.87802965006034
18742,168.0,225.27124064601244
11133,210.0,225.27124064601244
11638,417.0,225.27124064601244
19257,175.0,225.27124064601244
1103,89.0,225.27124064601244
387,43.0,225.27124064601244
18185,309.0,241.81
20473,513.0,225.27124064601244
3403,191.0,225.27124064601244
6686,305.0,225.27124064601244
4352,111.0,225.27124064601244
18691,329.0,225.27124064601244
4137,25.0,225.27124064601244
2017,244.0,274.5
4504,270.0,281.57
12344,233.0,225.27124064601244
23820,246.0,225.27124064601244
