,y_test,prediction
16294,98.0,30.4657323792685
20834,16.0,39.45787602202071
6825,3.0,30.4657323792685
22784,17.0,30.4657323792685
4434,66.0,27.099368078347148
1994,24.0,30.4657323792685
11059,38.0,30.4657323792685
5046,43.0,30.4657323792685
20958,60.0,30.4657323792685
20048,38.0,30.4657323792685
3506,23.0,30.4657323792685
9048,21.0,30.4657323792685
21207,5.0,30.4657323792685
18676,26.0,30.4657323792685
21845,43.0,22.72
22324,18.0,30.4657323792685
4803,39.0,30.4657323792685
14868,13.0,30.4657323792685
22342,27.0,30.4657323792685
4965,16.0,30.4657323792685
10041,28.0,30.4657323792685
1132,22.0,30.4657323792685
5562,24.0,30.4657323792685
5664,31.0,21.75
6674,34.0,30.4657323792685
17906,56.0,30.4657323792685
4616,34.0,30.4657323792685
5255,39.0,30.4657323792685
12782,19.0,30.4657323792685
2458,27.0,30.4657323792685
9637,22.0,30.4657323792685
23965,35.0,30.4657323792685
4694,11.0,30.4657323792685
19923,17.0,30.4657323792685
8139,22.0,30.4657323792685
23014,52.0,30.4657323792685
22550,9.0,30.4657323792685
4944,14.0,30.4657323792685
21389,19.0,30.4657323792685
14629,77.0,30.4657323792685
14640,18.0,25.78
23853,27.0,30.4657323792685
6444,0.15,30.4657323792685
23589,20.0,30.4657323792685
14072,44.0,30.4657323792685
20974,8.0,26.087609836065575
5862,28.0,30.4657323792685
23828,30.0,30.4657323792685
5026,28.0,30.4657323792685
2153,24.0,16.583282312925167
7730,41.0,30.4657323792685
23363,42.0,30.4657323792685
16206,27.0,30.4657323792685
20034,21.0,30.4657323792685
1245,24.0,30.4657323792685
21790,33.0,30.4657323792685
1417,94.0,30.4657323792685
16497,9.0,30.4657323792685
7976,22.0,30.4657323792685
74,28.0,30.4657323792685
1676,34.0,30.4657323792685
16352,22.0,30.4657323792685
17108,31.0,30.4657323792685
3529,91.0,30.4657323792685
10895,14.0,30.4657323792685
23527,27.0,30.4657323792685
23094,79.0,30.4657323792685
14434,20.0,30.4657323792685
16222,16.0,18.63
21461,34.0,30.4657323792685
1778,20.0,30.4657323792685
20424,22.0,30.4657323792685
11260,15.0,30.4657323792685
16191,56.0,30.4657323792685
2647,23.0,30.4657323792685
10456,13.0,30.4657323792685
22408,13.0,30.4657323792685
13583,22.0,30.4657323792685
15723,110.0,30.4657323792685
16389,18.0,30.4657323792685
16397,15.0,28.402475257731957
1690,22.0,30.4657323792685
2966,17.0,30.4657323792685
23349,26.0,30.4657323792685
23856,28.0,30.4657323792685
23740,23.0,30.4657323792685
21067,23.0,30.4657323792685
3808,21.0,30.4657323792685
23374,48.0,30.4657323792685
