,y_test,prediction
7238,26.0,27.85138733862374
1994,33.0,27.85138733862374
11059,22.0,27.85138733862374
23349,29.0,27.85138733862374
9134,26.0,27.85138733862374
13264,22.0,27.85138733862374
21937,27.0,27.85138733862374
16482,29.0,27.85138733862374
13012,29.0,27.85138733862374
4616,28.0,27.85138733862374
23740,29.0,27.85138733862374
19957,29.0,31.17
4803,21.0,27.85138733862374
19600,29.0,32.42
14629,19.0,27.85138733862374
22363,31.0,27.85138733862374
11908,26.0,27.85138733862374
14676,29.0,27.85138733862374
23589,26.0,27.85138733862374
74,26.0,27.85138733862374
4332,34.0,27.85138733862374
15252,30.0,27.85138733862374
23177,30.0,27.85138733862374
2430,47.0,32.49
11818,29.0,27.85138733862374
17859,30.0,27.85138733862374
4405,29.0,31.87
5046,25.0,27.85138733862374
7297,33.0,32.75
1132,25.0,27.85138733862374
3330,27.0,27.85138733862374
13839,13.0,27.85138733862374
23853,31.0,27.85138733862374
16389,22.0,27.85138733862374
21318,16.0,27.85138733862374
18682,33.0,27.85138733862374
22021,33.0,27.85138733862374
14734,37.0,27.85138733862374
4738,36.0,27.85138733862374
18729,25.0,27.85138733862374
23014,26.0,27.85138733862374
21514,26.0,27.85138733862374
9864,25.0,27.85138733862374
4944,20.0,27.85138733862374
15950,33.0,27.85138733862374
23295,29.0,27.85138733862374
4694,24.0,27.85138733862374
14072,8.0,27.85138733862374
22784,31.0,27.85138733862374
4434,22.0,31.3
8101,31.0,27.85138733862374
5562,29.0,27.85138733862374
23094,24.0,27.85138733862374
23066,32.0,27.85138733862374
2153,34.0,28.26
11906,26.0,27.85138733862374
18646,29.0,27.85138733862374
21821,21.0,27.85138733862374
8011,27.0,31.462104184641934
1245,32.0,27.85138733862374
21853,30.0,27.85138733862374
1417,14.0,27.85138733862374
10200,37.0,27.85138733862374
15976,12.0,27.85138733862374
20384,30.0,27.85138733862374
1676,27.0,27.85138733862374
20958,19.0,27.85138733862374
17420,23.0,27.85138733862374
3475,22.0,27.85138733862374
10955,19.0,27.85138733862374
21454,26.0,34.73482200647249
21128,35.0,33.554565916398715
5428,32.0,34.27
6354,23.0,27.85138733862374
21526,29.0,27.85138733862374
1778,25.0,27.85138733862374
11019,33.0,27.85138733862374
11286,35.0,31.26
23031,33.0,27.85138733862374
2504,19.0,27.85138733862374
10544,12.0,27.85138733862374
23527,36.0,27.85138733862374
23714,30.0,27.85138733862374
20555,35.0,27.85138733862374
15652,32.0,27.85138733862374
16497,35.0,27.85138733862374
1690,25.0,27.85138733862374
16527,28.0,27.85138733862374
2773,38.0,27.85138733862374
5753,28.0,27.85138733862374
22324,8.0,27.85138733862374
9399,44.0,27.85138733862374
