,y_test,prediction
7238,26.0,27.850536799866937
1994,33.0,27.850536799866937
11059,22.0,27.850536799866937
23349,29.0,27.850536799866937
9134,26.0,27.850536799866937
13264,22.0,27.850536799866937
21937,27.0,27.850536799866937
16482,29.0,27.850536799866937
13012,29.0,27.850536799866937
4616,28.0,27.850536799866937
23740,29.0,27.850536799866937
19957,29.0,31.520518628204606
4803,21.0,27.850536799866937
19600,29.0,31.062776012385918
14629,19.0,27.850536799866937
22363,31.0,27.850536799866937
11908,26.0,27.850536799866937
14676,29.0,27.850536799866937
23589,26.0,27.850536799866937
74,26.0,27.850536799866937
4332,34.0,27.850536799866937
15252,30.0,27.850536799866937
23177,30.0,27.850536799866937
2430,47.0,37.11865257161421
11818,29.0,27.850536799866937
17859,30.0,27.850536799866937
4405,29.0,37.116676464135494
5046,25.0,27.850536799866937
7297,33.0,31.31381279922116
1132,25.0,27.850536799866937
3330,27.0,27.850536799866937
13839,13.0,27.850536799866937
23853,31.0,27.850536799866937
16389,22.0,27.850536799866937
21318,16.0,27.850536799866937
18682,33.0,27.850536799866937
22021,33.0,27.850536799866937
14734,37.0,27.850536799866937
4738,36.0,27.850536799866937
18729,25.0,27.850536799866937
23014,26.0,27.850536799866937
21514,26.0,27.850536799866937
9864,25.0,27.850536799866937
4944,20.0,27.850536799866937
15950,33.0,27.850536799866937
23295,29.0,27.850536799866937
4694,24.0,27.850536799866937
14072,8.0,27.850536799866937
22784,31.0,27.850536799866937
4434,22.0,31.433124285048088
8101,31.0,27.850536799866937
5562,29.0,27.850536799866937
23094,24.0,27.850536799866937
23066,32.0,27.850536799866937
2153,34.0,38.06259222563349
11906,26.0,27.850536799866937
18646,29.0,27.850536799866937
21821,21.0,27.850536799866937
8011,27.0,33.48909413007064
1245,32.0,27.850536799866937
21853,30.0,27.850536799866937
1417,14.0,27.850536799866937
10200,37.0,27.850536799866937
15976,12.0,27.850536799866937
20384,30.0,27.850536799866937
1676,27.0,27.850536799866937
20958,19.0,27.850536799866937
17420,23.0,27.850536799866937
3475,22.0,27.850536799866937
10955,19.0,27.850536799866937
21454,26.0,31.920126689739572
21128,35.0,32.27795880447689
5428,32.0,32.828320208576976
6354,23.0,27.850536799866937
21526,29.0,27.850536799866937
1778,25.0,27.850536799866937
11019,33.0,27.850536799866937
11286,35.0,24.53041098934245
23031,33.0,27.850536799866937
2504,19.0,27.850536799866937
10544,12.0,27.850536799866937
23527,36.0,27.850536799866937
23714,30.0,27.850536799866937
20555,35.0,27.850536799866937
15652,32.0,27.850536799866937
16497,35.0,27.850536799866937
1690,25.0,27.850536799866937
16527,28.0,27.850536799866937
2773,38.0,27.850536799866937
5753,28.0,27.850536799866937
22324,8.0,27.850536799866937
9399,44.0,27.850536799866937
