,y_test,prediction
16294,98.0,30.14039691553203
20834,16.0,29.73913857565752
6825,3.0,30.14039691553203
22784,17.0,30.14039691553203
4434,66.0,30.062801370497382
1994,24.0,30.14039691553203
11059,38.0,30.14039691553203
5046,43.0,30.14039691553203
20958,60.0,30.14039691553203
20048,38.0,30.14039691553203
3506,23.0,30.14039691553203
9048,21.0,30.14039691553203
21207,5.0,30.14039691553203
18676,26.0,30.14039691553203
21845,43.0,30.947207674041152
22324,18.0,30.14039691553203
4803,39.0,30.14039691553203
14868,13.0,30.14039691553203
22342,27.0,30.14039691553203
4965,16.0,30.14039691553203
10041,28.0,30.14039691553203
1132,22.0,30.14039691553203
5562,24.0,30.14039691553203
5664,31.0,22.733854264682336
6674,34.0,30.14039691553203
17906,56.0,30.14039691553203
4616,34.0,30.14039691553203
5255,39.0,30.14039691553203
12782,19.0,30.14039691553203
2458,27.0,30.14039691553203
9637,22.0,30.14039691553203
23965,35.0,30.14039691553203
4694,11.0,30.14039691553203
19923,17.0,30.14039691553203
8139,22.0,30.14039691553203
23014,52.0,30.14039691553203
22550,9.0,30.14039691553203
4944,14.0,30.14039691553203
21389,19.0,30.14039691553203
14629,77.0,30.14039691553203
14640,18.0,28.145100843723554
23853,27.0,30.14039691553203
6444,0.15,30.14039691553203
23589,20.0,30.14039691553203
14072,44.0,30.14039691553203
20974,8.0,25.440603554829465
5862,28.0,30.14039691553203
23828,30.0,30.14039691553203
5026,28.0,30.14039691553203
2153,24.0,20.14620731554256
7730,41.0,30.14039691553203
23363,42.0,30.14039691553203
16206,27.0,30.14039691553203
20034,21.0,30.14039691553203
1245,24.0,30.14039691553203
21790,33.0,30.14039691553203
1417,94.0,30.14039691553203
16497,9.0,30.14039691553203
7976,22.0,30.14039691553203
74,28.0,30.14039691553203
1676,34.0,30.14039691553203
16352,22.0,30.14039691553203
17108,31.0,30.14039691553203
3529,91.0,30.14039691553203
10895,14.0,30.14039691553203
23527,27.0,30.14039691553203
23094,79.0,30.14039691553203
14434,20.0,30.14039691553203
16222,16.0,18.555121120758145
21461,34.0,30.14039691553203
1778,20.0,30.14039691553203
20424,22.0,30.14039691553203
11260,15.0,30.14039691553203
16191,56.0,30.14039691553203
2647,23.0,30.14039691553203
10456,13.0,30.14039691553203
22408,13.0,30.14039691553203
13583,22.0,30.14039691553203
15723,110.0,30.14039691553203
16389,18.0,30.14039691553203
16397,15.0,30.60407393824162
1690,22.0,30.14039691553203
2966,17.0,30.14039691553203
23349,26.0,30.14039691553203
23856,28.0,30.14039691553203
23740,23.0,30.14039691553203
21067,23.0,30.14039691553203
3808,21.0,30.14039691553203
23374,48.0,30.14039691553203
