,y_test,prediction
8246,1,1
8055,1,1
22231,1,1
222,1,1
566,1,1
4177,1,1
6661,1,1
5904,1,1
615,1,1
1321,1,1
10141,1,1
458,1,1
11261,1,1
12288,1,1
16728,1,1
19626,1,1
13631,1,1
916,1,1
18258,1,1
2730,1,1
13291,1,1
11484,1,1
16469,1,1
16176,1,1
10261,1,1
4438,1,1
13770,1,1
13339,1,1
18952,1,1
16144,1,1
6649,1,1
621,1,1
13161,1,1
7047,1,1
11198,1,1
20805,1,1
22073,1,1
691,1,1
3554,1,1
10489,1,1
2822,1,1
13057,1,1
3926,1,1
16286,1,1
21473,1,1
9299,1,1
8292,1,1
9077,1,1
16054,1,1
9629,1,1
13019,1,1
18350,1,1
3333,1,1
4469,1,1
6493,1,1
14263,1,1
1865,1,1
6415,1,1
20537,1,1
2724,1,1
15038,1,1
13973,1,1
14485,1,1
5775,1,1
921,1,1
18405,1,1
12850,1,1
8995,1,1
5414,1,1
12011,1,1
14328,1,1
16446,1,1
8801,1,1
18098,1,1
13701,1,1
10225,1,1
4243,1,1
21039,1,1
2898,1,1
5105,1,1
16224,1,1
10604,1,1
10743,1,1
12643,1,1
9976,1,1
19738,1,1
20083,1,1
11718,1,1
19830,1,1
17922,1,1
763,1,1
5999,1,1
20304,1,1
7174,1,1
18954,1,1
6378,1,1
4573,1,1
15111,1,1
21287,1,1
4502,1,1
12348,1,1
17723,1,1
5059,1,1
22263,1,1
17119,1,1
7801,1,1
12743,1,1
18623,1,1
15736,1,1
1078,1,1
21532,1,1
248,1,1
10602,1,1
13745,1,1
1129,1,1
16591,1,1
19876,1,1
764,1,1
8862,1,1
21195,1,1
4877,1,1
7981,1,1
14989,1,1
8507,1,1
22125,1,1
5267,1,1
5158,1,1
7408,1,1
20928,1,1
18639,1,1
1512,1,1
19804,1,1
648,1,1
13734,1,1
18555,1,1
6621,1,1
8383,1,1
14844,1,1
12620,1,1
2190,1,1
20428,1,1
2782,1,1
4049,1,1
6542,1,1
21111,1,1
15856,1,1
10052,1,1
1807,1,1
18683,1,1
16310,1,1
16253,1,1
10026,1,1
10853,1,1
13503,1,1
1851,1,1
2944,1,1
3022,1,1
3803,1,1
8605,1,1
10210,1,1
9155,1,1
8341,1,1
14945,1,1
4992,1,1
15578,1,1
10946,1,1
10825,1,1
4730,1,1
1372,1,1
7362,1,1
2312,1,1
4180,1,1
13295,1,1
4477,1,1
22190,1,1
15489,1,1
21007,1,1
18953,1,1
10697,1,1
13786,1,1
2071,1,1
4208,1,1
5314,1,1
8338,1,1
21618,1,1
15092,1,1
18793,1,1
7270,1,1
19113,1,1
13335,1,1
13716,1,1
1222,1,1
18862,1,1
8388,1,1
19864,1,1
15827,1,1
11300,1,1
5488,1,1
18078,1,1
18134,1,1
5181,1,1
6087,1,1
14510,1,1
12190,1,1
12205,1,1
19584,1,1
1355,1,1
15413,1,1
10410,1,1
18866,1,1
19321,1,1
3530,1,1
20926,1,1
14484,1,1
4884,1,1
7581,1,1
19871,1,1
3298,1,1
12979,1,1
6483,1,1
21936,1,1
6771,1,1
17948,1,1
7329,1,1
8465,1,1
17071,1,1
8808,1,1
11793,1,1
19086,1,1
11176,1,1
12927,1,1
7235,1,1
2204,1,1
20285,1,1
18170,0,1
13640,1,1
1922,1,1
21570,1,1
20556,1,1
20595,1,1
2854,1,1
5806,1,1
10195,1,1
11278,1,1
8643,1,1
16624,1,1
14508,1,1
6,1,1
6619,1,1
16380,1,1
8057,1,1
4246,1,1
10445,1,1
20440,1,1
17105,1,1
17396,1,1
16291,1,1
13978,1,1
8650,1,1
2477,1,1
20485,1,1
12276,1,1
16711,1,1
15288,1,1
8257,1,1
1610,1,1
11475,1,1
14854,1,1
10229,1,1
14015,1,1
11581,1,1
2758,1,1
8572,1,1
17038,1,1
14057,1,1
21358,1,1
19665,1,1
17181,1,1
14270,1,1
17325,1,1
8804,1,1
14699,1,1
5674,1,1
9047,1,1
9518,1,1
11200,1,1
15015,1,1
12594,1,1
21485,1,1
22020,1,1
15879,1,1
12166,1,1
10217,1,1
17475,1,1
9368,1,1
16813,1,1
6145,1,1
21868,1,1
14778,1,1
8240,1,1
5897,1,1
19649,1,1
16252,1,1
3613,1,1
12949,1,1
4013,1,1
21502,1,1
1226,1,1
18093,1,1
8020,1,1
14726,1,1
15953,1,1
14643,1,1
10455,1,1
18557,1,1
17473,1,1
19764,1,1
19197,1,1
8348,1,1
2030,1,1
13182,1,1
12209,1,1
13309,1,1
14921,1,1
7253,1,1
19051,1,1
20549,1,1
22343,1,1
5778,1,1
16550,1,1
7942,1,1
9766,1,1
12345,1,1
20550,1,1
22300,1,1
19710,1,1
8750,1,1
16677,1,1
2098,1,1
18316,1,1
5134,1,1
4503,1,1
20559,1,1
1270,1,1
22080,1,1
11024,1,1
8138,1,1
14447,1,1
13685,1,1
1520,1,1
11425,1,1
9186,1,1
11632,1,1
15613,1,1
10336,1,1
9320,1,1
19033,1,1
20833,1,1
8925,1,1
9114,1,1
10571,1,1
7941,1,1
10342,1,1
17019,1,1
2384,1,1
8017,1,1
11653,1,1
18629,1,1
15292,1,1
1894,1,1
773,1,1
4736,1,1
6364,1,1
12389,1,1
9968,1,1
13169,1,1
13520,1,1
8866,1,1
4020,1,1
20355,1,1
18188,1,1
17849,1,1
8294,1,1
9351,1,1
3766,1,1
5450,1,1
3231,1,1
12116,1,1
1510,1,1
19413,1,1
7983,1,1
14323,1,1
13975,1,1
14022,1,1
11686,1,1
15939,1,1
21872,1,1
16154,1,1
21889,1,1
3182,1,1
5095,1,1
19415,1,1
6854,1,1
22374,1,1
21392,1,1
21326,1,1
19695,1,1
19555,1,1
12398,1,1
13300,1,1
12098,1,1
19708,1,1
20396,1,1
10852,1,1
1198,1,1
17132,1,1
21448,1,1
4387,1,1
5131,1,1
6442,1,1
5425,1,1
20981,1,1
11150,1,1
4471,1,1
1801,1,1
9617,1,1
7662,1,1
5024,1,1
7449,1,1
20085,1,1
14936,1,1
13755,1,1
17642,1,1
16537,1,1
19887,1,1
15445,1,1
6285,1,1
918,1,1
9407,1,1
22260,1,1
3374,1,1
8360,1,1
7216,1,1
11526,1,1
13968,1,1
4554,1,1
10949,0,1
1785,1,1
5353,1,1
21488,1,1
14176,1,1
4647,1,1
4688,1,1
9219,1,1
5891,1,1
2959,1,1
9508,1,1
8008,1,1
7747,1,1
18297,1,1
22083,1,1
3412,1,1
13153,1,1
17679,1,1
4113,1,1
14792,1,1
8656,1,1
12369,1,1
9070,1,1
11277,1,1
20745,1,1
19407,1,1
2282,1,1
8059,1,1
8061,1,1
13754,1,1
20857,1,1
21657,1,1
17538,1,1
15234,1,1
17857,1,1
11659,1,1
7036,1,1
10245,1,1
2343,1,1
3425,1,1
14056,1,1
18634,1,1
18089,1,1
2553,1,1
5782,1,1
21512,1,1
5298,1,1
16685,1,1
22227,1,1
10812,1,1
17164,1,1
10987,1,1
13445,1,1
4994,1,1
14974,1,1
9068,1,1
10967,1,1
20584,1,1
4392,1,1
3316,1,1
16526,1,1
20341,1,1
10911,1,1
13270,1,1
14872,1,1
14507,1,1
11693,1,1
10821,1,1
8386,1,1
8065,1,1
13863,1,1
9940,1,1
4871,1,1
14653,1,1
10413,1,1
3240,1,1
20047,1,1
4163,1,1
14942,1,1
19566,1,1
16284,1,1
9507,1,1
16820,1,1
11565,1,1
17635,1,1
15767,1,1
10352,1,1
17707,1,1
5766,1,1
20722,1,1
1972,1,1
18686,1,1
12457,1,1
16189,1,1
19838,1,1
6707,1,1
18097,1,1
2047,1,1
8007,1,1
20859,1,1
2526,1,1
19383,1,1
8654,1,1
12502,1,1
12337,1,1
19569,1,1
1504,1,1
19999,1,1
16398,1,1
17439,1,1
16924,1,1
10673,1,1
17904,1,1
18057,1,1
12180,1,1
20248,1,1
10527,1,1
8848,1,1
44,1,1
16884,1,1
10042,1,1
1115,1,1
19451,1,1
1529,1,1
545,1,1
12438,1,1
18221,1,1
3620,1,1
19808,1,1
7749,1,1
6100,1,1
3213,1,1
3761,1,1
19677,1,1
21697,1,1
5929,1,1
12431,1,1
2954,1,1
3898,1,1
17563,1,1
10729,1,1
15944,1,1
13961,1,1
2564,1,1
4675,1,1
11736,1,1
7598,1,1
20781,1,1
16588,1,1
20334,1,1
17686,1,1
10703,1,1
3959,1,1
884,1,1
19806,1,1
10831,1,1
2578,1,1
18279,1,1
19705,1,1
18269,1,1
19,1,1
11241,1,1
994,1,1
1843,1,1
22176,1,1
13089,1,1
4161,1,1
22053,1,1
7916,1,1
7352,1,1
19261,1,1
12932,1,1
10047,1,1
882,1,1
13970,1,1
5049,1,1
7275,1,1
10424,1,1
3628,1,1
16365,1,1
13467,1,1
6685,1,1
12664,1,1
12829,1,1
8033,1,1
15530,1,1
4405,1,1
1444,1,1
10242,1,1
17659,1,1
6618,1,1
19607,1,1
8638,1,1
20401,1,1
18341,1,1
19562,1,1
15899,1,1
13353,1,1
7012,1,1
4017,1,1
4948,1,1
1325,1,1
3598,1,1
21126,1,1
18366,1,1
10144,1,1
11570,1,1
15028,1,1
6662,1,1
19807,1,1
430,1,1
16395,1,1
8542,1,1
7405,1,1
13394,1,1
13473,1,1
22268,1,1
16126,1,1
6923,1,1
8609,1,1
21795,1,1
14920,1,1
6881,1,1
10647,1,1
9856,1,1
6289,1,1
2789,1,1
6095,1,1
11078,1,1
3754,1,1
18675,1,1
20869,1,1
20871,1,1
21153,1,1
3733,1,1
11828,1,1
20183,1,1
7295,1,1
14161,1,1
8168,1,1
10641,1,1
13730,1,1
15019,1,1
2521,1,1
19088,1,1
16477,1,1
18956,1,1
16587,1,1
10814,1,1
640,1,1
7359,1,1
1639,1,1
1085,1,1
22187,1,1
14986,1,1
17239,1,1
4269,1,1
678,1,1
253,1,1
3133,1,1
63,1,1
8015,1,1
5332,1,1
19211,1,1
5066,1,1
13041,1,1
2436,1,1
11658,1,1
16509,1,1
6166,1,1
15814,1,1
14264,1,1
2687,1,1
3462,1,1
18102,1,1
12118,1,1
21251,1,1
22357,1,1
2176,1,1
19053,1,1
10142,1,1
11230,1,1
19357,1,1
14242,1,1
20902,1,1
981,1,1
1881,1,1
11411,1,1
1187,1,1
19947,1,1
7416,1,1
21665,1,1
20072,1,1
10927,1,1
12092,1,1
5936,1,1
22206,1,1
5816,1,1
8648,1,1
6246,1,1
5894,1,1
4617,1,1
14332,1,1
11378,1,1
2347,1,1
12393,1,1
6116,1,1
3444,1,1
22254,1,1
12050,1,1
9979,1,1
20241,1,1
15987,1,1
3179,1,1
20758,1,1
22354,1,1
20521,1,1
18652,1,1
13077,1,1
4271,1,1
12121,1,1
13165,1,1
10675,1,1
17072,1,1
13666,1,1
6451,1,1
21074,1,1
13634,1,1
8553,1,1
6441,1,1
22177,1,1
2745,1,1
17166,1,1
13060,1,1
5145,1,1
8170,1,1
18927,1,1
2983,1,1
10818,1,1
8598,1,1
12662,1,1
11543,1,1
6859,1,1
21154,1,1
979,1,1
1781,1,1
13926,1,1
17390,1,1
20539,1,1
19260,1,1
1053,1,1
13915,1,1
1001,1,1
2939,1,1
11280,1,1
3752,1,1
16059,1,1
14322,1,1
16009,1,1
12805,1,1
14313,1,1
19394,1,1
9870,1,1
20997,1,1
11017,1,1
12520,1,1
13004,1,1
1923,1,1
20618,1,1
11477,1,1
9596,1,1
20988,1,1
224,1,1
7681,1,1
4442,1,1
3551,1,1
16001,1,1
7575,1,1
2837,1,1
1301,1,1
7411,1,1
12593,1,1
12982,1,1
5020,1,1
3728,1,1
5172,1,1
11088,1,1
20910,1,1
11128,1,1
10966,1,1
18618,1,1
21345,1,1
7293,1,1
3076,1,1
22261,1,1
22368,1,1
4501,1,1
21284,1,1
8322,1,1
16961,1,1
19943,1,1
14231,1,1
3223,1,1
20143,1,1
21615,1,1
4740,1,1
16394,1,1
16384,1,1
8842,1,1
11,1,1
2380,1,1
6114,1,1
19829,1,1
751,1,1
19619,1,1
3885,1,1
11862,1,1
8811,1,1
8282,1,1
7463,1,1
8860,1,1
11124,1,1
19287,1,1
18724,1,1
6540,1,1
18921,1,1
2689,1,1
20936,1,1
4183,1,1
2975,1,1
3226,1,1
20147,1,1
2134,1,1
12703,1,1
1568,1,1
18254,1,1
6626,1,1
18031,1,1
1493,1,1
4035,1,1
13713,1,1
9981,1,1
14953,1,1
3873,1,1
9963,1,1
5185,1,1
11402,1,1
9576,1,1
11512,1,1
541,1,1
124,1,1
3925,1,1
19125,1,1
1895,1,1
12254,1,1
11954,1,1
15348,1,1
18166,1,1
13655,1,1
19858,1,1
15312,1,1
1780,1,1
13218,1,1
11007,1,1
20069,1,1
3635,1,1
12608,1,1
18714,1,1
9645,1,1
9536,1,1
3096,1,1
13476,1,1
15697,1,1
21130,1,1
3859,1,1
19833,1,1
11886,1,1
13364,1,1
20270,1,1
13543,1,1
10723,1,1
13443,1,1
907,1,1
17839,1,1
19223,1,1
18560,1,1
12454,1,1
12010,1,1
21784,1,1
15308,1,1
15910,1,1
16706,1,1
21750,1,1
12789,1,1
4521,1,1
18508,1,1
21281,1,1
17690,1,1
17936,1,1
13396,1,1
7176,1,1
8374,1,1
9814,1,1
13508,1,1
15101,1,1
19389,1,1
6585,1,1
580,1,1
11720,1,1
20620,1,1
2186,1,1
10651,1,1
22153,1,1
8676,1,1
11556,1,1
8014,1,1
15866,1,1
12379,1,1
19490,1,1
4175,1,1
21709,1,1
8889,1,1
7040,1,1
20685,1,1
21080,1,1
1861,1,1
18419,1,1
12129,1,1
7300,1,1
11281,1,1
5130,1,1
16929,1,1
14118,1,1
9177,1,1
20305,1,1
22242,1,1
18473,1,1
12329,1,1
7378,1,1
11665,1,1
20993,1,1
19248,1,1
657,1,1
4465,1,1
11040,1,1
12845,1,1
9442,1,1
19798,1,1
9837,1,1
16207,1,1
14719,1,1
18982,1,1
3611,1,1
16111,1,1
13809,1,1
8366,1,1
22267,1,1
11174,1,1
22203,1,1
15325,1,1
11445,1,1
5733,1,1
4833,1,1
6843,1,1
2048,1,1
1735,1,1
18631,1,1
20167,1,1
19759,1,1
21701,1,1
7641,1,1
9792,1,1
3252,1,1
17287,1,1
325,1,1
14650,1,1
9016,1,1
21895,1,1
16506,1,1
6563,1,1
20070,1,1
21675,1,1
16386,1,1
10368,1,1
15845,1,1
9555,1,1
15189,1,1
8328,1,1
20450,1,1
8642,1,1
11003,1,1
1035,1,1
978,1,1
4888,1,1
10990,1,1
19279,1,1
7991,1,1
1416,1,1
13641,1,1
617,1,1
10457,1,1
12875,1,1
13093,1,1
16371,1,1
1974,1,1
4556,1,1
15848,1,1
20134,1,1
6287,1,1
18642,1,1
19214,1,1
3534,1,1
15167,1,1
3702,1,1
1868,1,1
7301,1,1
19082,1,1
12439,1,1
5797,1,1
16776,1,1
9838,1,1
19743,1,1
10094,1,1
12524,1,1
13885,1,1
13712,1,1
1033,1,1
11366,1,1
3688,1,1
1537,1,1
22353,1,1
9971,1,1
10813,1,1
14060,1,1
10856,1,1
15318,1,1
13732,1,1
21977,1,1
8305,1,1
16492,1,1
7629,1,1
3331,1,1
5256,1,1
20719,1,1
14239,1,1
10620,1,1
9315,1,1
7414,1,1
21844,1,1
19052,1,1
21979,1,1
10183,1,1
928,1,1
4869,1,1
1455,1,1
5872,1,1
3922,1,1
1921,1,1
9868,1,1
11611,1,1
6929,1,1
15636,1,1
20209,1,1
6418,1,1
11130,1,1
17727,1,1
10769,1,1
21716,1,1
5279,1,1
20007,1,1
7536,1,1
10829,1,1
20867,1,1
2644,1,1
13441,1,1
12728,1,1
13558,1,1
18574,1,1
1630,1,1
20240,1,1
6476,1,1
18774,1,1
13827,1,1
2215,1,1
1983,1,1
14713,1,1
2913,1,1
