,y_test,prediction
7190,288.0,234.07761307348036
1655,30.0,234.07761307348036
15340,153.0,234.07761307348036
16335,182.0,234.07761307348036
7700,100.0,234.07761307348036
20840,53.0,234.07761307348036
3006,11.0,234.07761307348036
9632,191.0,234.07761307348036
15473,148.0,234.07761307348036
4694,84.0,234.07761307348036
21307,2822.0,234.07761307348036
6575,6.0,234.07761307348036
16336,194.0,234.07761307348036
8941,83.0,234.07761307348036
12707,124.0,234.07761307348036
15426,28.0,234.07761307348036
8226,55.0,234.07761307348036
13691,161.0,234.07761307348036
22602,5.0,234.07761307348036
20755,7.0,234.07761307348036
6869,387.0,234.07761307348036
11990,12.0,234.07761307348036
10734,61.0,234.07761307348036
22580,4.0,234.07761307348036
23966,4.0,234.07761307348036
23647,3.0,234.07761307348036
14037,82.0,234.07761307348036
5505,13.0,234.07761307348036
18877,17.0,234.07761307348036
14297,193.0,234.07761307348036
12099,9.0,234.07761307348036
5644,6.0,234.07761307348036
9902,5.0,234.07761307348036
23873,37.0,234.07761307348036
16409,9.0,234.07761307348036
18533,9.0,234.07761307348036
4848,9.0,234.07761307348036
13684,44.0,234.07761307348036
15689,62.0,234.07761307348036
12036,73.0,234.07761307348036
22102,66.0,234.07761307348036
13512,14.0,234.07761307348036
23245,3.0,234.07761307348036
14603,4.0,234.07761307348036
7593,84.0,234.07761307348036
10083,32.0,234.07761307348036
23691,12.0,234.07761307348036
9172,5.0,234.07761307348036
13317,7.0,234.07761307348036
22578,4.0,234.07761307348036
14994,6.0,234.07761307348036
18148,416.0,234.07761307348036
20998,78.0,234.07761307348036
731,2047.0,234.07761307348036
19194,80.0,234.07761307348036
2574,9.0,234.07761307348036
19788,6.0,62.19
4144,10.0,234.07761307348036
2512,291.0,234.07761307348036
14821,8.0,234.07761307348036
3081,338.0,234.07761307348036
20701,15.0,234.07761307348036
11513,30.0,234.07761307348036
3065,248.0,234.07761307348036
16105,18.0,99.05
14878,13.0,234.07761307348036
16038,18.0,234.07761307348036
10827,7.0,112.54
16130,16.0,234.07761307348036
9969,17.0,9.88
9211,1089.0,234.07761307348036
23748,3.0,234.07761307348036
7452,782.0,234.07761307348036
10469,38.0,234.07761307348036
15268,11.0,234.07761307348036
4820,46.0,234.07761307348036
5968,536.0,234.07761307348036
1969,6.0,234.07761307348036
23003,6.0,234.07761307348036
20660,10.0,234.07761307348036
3503,23.0,234.07761307348036
8264,620.0,234.07761307348036
3015,61.0,234.07761307348036
20968,68.0,234.07761307348036
9589,227.0,234.07761307348036
2748,75.0,234.07761307348036
8227,74.0,234.07761307348036
4880,56.0,234.07761307348036
10127,5.0,234.07761307348036
3036,67.0,234.07761307348036
16157,2294.0,69.48
10772,138.0,234.07761307348036
17997,265.0,234.07761307348036
14184,36.0,234.07761307348036
559,9.0,234.07761307348036
3660,113.0,234.07761307348036
19724,55.0,234.07761307348036
22171,59.0,234.07761307348036
17603,16.0,234.07761307348036
9146,329.0,70.99
1498,31.0,234.07761307348036
11879,21.0,234.07761307348036
10986,67.0,234.07761307348036
13690,206.0,234.07761307348036
7898,42.0,234.07761307348036
6598,5.0,234.07761307348036
15032,52.0,234.07761307348036
14795,10.0,234.07761307348036
20447,4.0,234.07761307348036
20358,16.0,234.07761307348036
15788,146.0,234.07761307348036
20477,8.0,234.07761307348036
7841,35.0,234.07761307348036
15190,20.0,234.07761307348036
22387,5.0,234.07761307348036
4543,55.0,234.07761307348036
7386,6.0,234.07761307348036
18591,7.0,234.07761307348036
9043,4.0,234.07761307348036
18317,10.0,234.07761307348036
23868,4.0,234.07761307348036
16475,14.0,107.38
16534,7.0,234.07761307348036
7124,6280.0,234.07761307348036
2605,53.0,234.07761307348036
4920,1367.0,234.07761307348036
4598,4.0,234.07761307348036
4294,8.0,234.07761307348036
4847,9.0,234.07761307348036
8733,364.0,234.07761307348036
15804,4.0,234.07761307348036
4622,46.0,234.07761307348036
4570,6.0,234.07761307348036
4536,23.0,234.07761307348036
21800,5.0,234.07761307348036
3720,36.0,234.07761307348036
17916,116.0,234.07761307348036
3192,47.0,234.07761307348036
12584,11.0,234.07761307348036
8580,10.0,234.07761307348036
13763,198.0,234.07761307348036
16816,14.0,234.07761307348036
15400,7.0,234.07761307348036
13271,4626.0,234.07761307348036
8875,32.0,234.07761307348036
7743,12.0,234.07761307348036
2437,8.0,234.07761307348036
6546,10.0,6.97
9602,3.0,234.07761307348036
4548,67.0,234.07761307348036
4264,47.0,234.07761307348036
16493,11.0,234.07761307348036
6741,717.0,234.07761307348036
20965,51.0,234.07761307348036
22875,4.0,234.07761307348036
20939,29.0,234.07761307348036
11133,8.0,234.07761307348036
8930,12.0,20.01
23025,8.0,234.07761307348036
16521,5.0,234.07761307348036
17913,97.0,234.07761307348036
12467,6.0,234.07761307348036
15927,27.0,234.07761307348036
2464,86.0,234.07761307348036
11698,10.0,234.07761307348036
314,6.0,234.07761307348036
18934,14.0,234.07761307348036
9493,219.0,234.07761307348036
4890,4.0,234.07761307348036
20677,12.0,234.07761307348036
5586,1253.0,234.07761307348036
8340,397.0,234.07761307348036
4341,5.0,234.07761307348036
9559,4.0,234.07761307348036
22026,9.0,234.07761307348036
9215,177.0,234.07761307348036
22048,239.0,234.07761307348036
12724,8.0,234.07761307348036
22040,358.0,234.07761307348036
9061,7.0,234.07761307348036
18149,221.0,234.07761307348036
2895,3.0,234.07761307348036
22274,4.0,234.07761307348036
3201,34.0,234.07761307348036
18222,5.0,234.07761307348036
4827,84.0,234.07761307348036
23754,6.0,234.07761307348036
17229,454.0,234.07761307348036
14193,77.0,234.07761307348036
2669,11.0,234.07761307348036
1120,146.0,234.07761307348036
22689,5.0,234.07761307348036
18209,24.0,234.07761307348036
8649,3.0,104.08
16240,302.0,234.07761307348036
12316,21.0,234.07761307348036
3064,549.0,234.07761307348036
1447,7.0,234.07761307348036
19502,32.0,234.07761307348036
14998,5.0,234.07761307348036
2672,7.0,234.07761307348036
15024,5.0,234.07761307348036
21142,5.0,234.07761307348036
5323,40.0,234.07761307348036
4919,1546.0,234.07761307348036
3088,386.0,234.07761307348036
6719,347.0,234.07761307348036
10030,7.0,234.07761307348036
22450,32.0,234.07761307348036
14879,14.0,234.07761307348036
11328,96.0,234.07761307348036
21329,6.0,234.07761307348036
18147,327.0,234.07761307348036
19188,122.0,234.07761307348036
10470,23.0,234.07761307348036
18295,6.0,234.07761307348036
22312,252.0,234.07761307348036
3863,3.0,234.07761307348036
14909,8.0,234.07761307348036
4823,33.0,234.07761307348036
13451,17.0,234.07761307348036
3336,118.0,234.07761307348036
18502,45.0,234.07761307348036
20377,8.0,234.07761307348036
14039,51.0,234.07761307348036
13977,14.0,234.07761307348036
22589,6.0,234.07761307348036
15840,6.0,234.07761307348036
12580,15.0,234.07761307348036
8994,19.0,234.07761307348036
17346,10.0,234.07761307348036
16079,22.0,234.07761307348036
5428,5.0,7.68
3716,10.0,234.07761307348036
22862,3.0,234.07761307348036
23087,5.0,234.07761307348036
2199,130.0,234.07761307348036
2666,8.0,234.07761307348036
10717,71.0,234.07761307348036
12253,5.0,234.07761307348036
23406,14.0,234.07761307348036
14851,15.0,234.07761307348036
19927,606.0,234.07761307348036
15198,15.0,234.07761307348036
17720,950.0,234.07761307348036
6720,941.0,234.07761307348036
14316,6.0,234.07761307348036
4625,88.0,234.07761307348036
10866,9.0,234.07761307348036
6619,11.0,35.4
22391,7.0,46.58
2338,183.0,234.07761307348036
20255,17.0,234.07761307348036
14147,31.0,234.07761307348036
9254,11.0,234.07761307348036
13688,245.0,234.07761307348036
18367,46.0,234.07761307348036
7121,207.0,44.26
16274,8.0,234.07761307348036
12527,583.0,234.07761307348036
6760,6.0,234.07761307348036
718,632.0,234.07761307348036
1116,51.0,234.07761307348036
3556,46.0,234.07761307348036
666,17.0,234.07761307348036
23342,13.0,234.07761307348036
13700,10.0,234.07761307348036
11104,77.0,234.07761307348036
8344,706.0,234.07761307348036
1903,13.0,234.07761307348036
15136,14.0,234.07761307348036
5321,40.0,234.07761307348036
18894,193.0,234.07761307348036
22668,4.0,234.07761307348036
23885,6.0,234.07761307348036
19412,16.0,234.07761307348036
8873,50.0,234.07761307348036
19499,71.0,234.07761307348036
9781,8.0,234.07761307348036
9500,3.0,234.07761307348036
9142,298.0,234.07761307348036
14596,6.0,234.07761307348036
10466,12.0,234.07761307348036
23448,4.0,234.07761307348036
5967,328.0,234.07761307348036
22392,8.0,234.07761307348036
3016,42.0,234.07761307348036
1121,141.0,234.07761307348036
9831,9.0,234.07761307348036
22715,6.0,234.07761307348036
1167,18.0,234.07761307348036
17999,168.0,234.07761307348036
22534,104.0,234.07761307348036
4545,74.0,234.07761307348036
7675,1302.0,234.07761307348036
10098,5.0,234.07761307348036
5542,358.0,234.07761307348036
9977,9.0,234.07761307348036
2293,110.0,65.13
14899,617.0,234.07761307348036
19154,14.0,234.07761307348036
12997,77.0,234.07761307348036
20121,121.0,234.07761307348036
12625,15.0,234.07761307348036
12081,2700.0,234.07761307348036
4369,149.0,234.07761307348036
7055,12.0,234.07761307348036
723,1395.0,234.07761307348036
4298,8.0,234.07761307348036
10363,21.0,234.07761307348036
19859,8.0,234.07761307348036
14873,21.0,234.07761307348036
16433,18.0,234.07761307348036
12937,12.0,234.07761307348036
21907,4.0,234.07761307348036
3271,14.0,234.07761307348036
15651,7.0,234.07761307348036
8762,3.0,234.07761307348036
8450,23.0,234.07761307348036
21674,16.0,234.07761307348036
8271,11468.0,234.07761307348036
17012,5.0,234.07761307348036
8225,58.0,234.07761307348036
16939,216.0,234.07761307348036
18574,240.0,37.74
13456,20.0,234.07761307348036
3347,6.0,234.07761307348036
17753,113.0,234.07761307348036
4444,4.0,234.07761307348036
5030,71.0,234.07761307348036
11702,15.0,234.07761307348036
12314,35.0,234.07761307348036
13943,1743.0,234.07761307348036
2762,17.0,234.07761307348036
8180,77.0,234.07761307348036
17285,10.0,234.07761307348036
21968,118.0,234.07761307348036
22726,11.0,234.07761307348036
1300,936.0,234.07761307348036
21416,33.0,234.07761307348036
23194,3.0,234.07761307348036
20967,72.0,234.07761307348036
1653,24.0,234.07761307348036
16055,30.0,112.18
15501,70.0,234.07761307348036
3270,16.0,234.07761307348036
13287,1148.0,234.07761307348036
4879,70.0,234.07761307348036
5506,10.0,234.07761307348036
21582,11.0,234.07761307348036
3723,47.0,234.07761307348036
7043,5.0,234.07761307348036
11450,5.0,234.07761307348036
23471,5.0,234.07761307348036
6494,8.0,234.07761307348036
2686,7.0,234.07761307348036
16123,9.0,234.07761307348036
13288,1090.0,234.07761307348036
18224,8.0,234.07761307348036
4371,175.0,234.07761307348036
23910,9.0,234.07761307348036
10249,106.0,234.07761307348036
19497,38.0,234.07761307348036
15934,22.0,234.07761307348036
201,45.0,234.07761307348036
3913,6.0,234.07761307348036
13945,1753.0,234.07761307348036
6744,472.0,234.07761307348036
13056,8.0,234.07761307348036
7706,82.0,234.07761307348036
19583,7.0,234.07761307348036
1236,12.0,234.07761307348036
11180,10.0,234.07761307348036
4904,27.0,234.07761307348036
22088,3.0,234.07761307348036
10933,25.0,234.07761307348036
23181,5.0,234.07761307348036
2369,652.0,234.07761307348036
11515,33.0,234.07761307348036
12229,5.0,234.07761307348036
20589,2079.0,234.07761307348036
7701,75.0,234.07761307348036
2749,71.0,234.07761307348036
13938,783.0,234.07761307348036
5046,61.0,234.07761307348036
10606,47.0,234.07761307348036
3370,8.0,234.07761307348036
19324,22.0,234.07761307348036
11109,93.0,234.07761307348036
5327,46.0,234.07761307348036
20235,9.0,234.07761307348036
19848,5.0,234.07761307348036
16950,1450.0,234.07761307348036
9353,6.0,234.07761307348036
8350,63.0,234.07761307348036
8732,437.0,234.07761307348036
19270,798.0,234.07761307348036
3927,5.0,234.07761307348036
2912,9.0,234.07761307348036
16497,3.0,234.07761307348036
2008,47.0,234.07761307348036
262,9.0,234.07761307348036
20507,13.0,234.07761307348036
8692,11.0,234.07761307348036
9197,10.0,234.07761307348036
21885,10.0,234.07761307348036
19621,33.0,234.07761307348036
2518,350.0,234.07761307348036
3265,208.0,234.07761307348036
19694,41.0,234.07761307348036
21815,4.0,234.07761307348036
14009,90.0,234.07761307348036
17394,12.0,234.07761307348036
11745,279.0,234.07761307348036
14040,50.0,234.07761307348036
16067,9856.0,234.07761307348036
1920,6.0,64.28
20581,9.0,234.07761307348036
15408,14.0,234.07761307348036
5638,8.0,234.07761307348036
18412,347.0,234.07761307348036
2940,9.0,234.07761307348036
9994,5.0,234.07761307348036
3408,9.0,234.07761307348036
14041,62.0,234.07761307348036
10955,5.0,234.07761307348036
4122,597.0,234.07761307348036
23462,6.0,234.07761307348036
18676,7.0,234.07761307348036
22679,15.0,234.07761307348036
6477,7.0,234.07761307348036
17120,9.0,234.07761307348036
2462,65.0,234.07761307348036
4467,28.0,234.07761307348036
15826,16.0,234.07761307348036
6350,8.0,234.07761307348036
15466,5.0,234.07761307348036
2485,102.0,234.07761307348036
15560,5.0,234.07761307348036
7647,7.0,234.07761307348036
21912,16.0,234.07761307348036
16339,216.0,234.07761307348036
3340,27.0,234.07761307348036
22109,106.0,234.07761307348036
17170,176.0,234.07761307348036
14872,16.0,14.98
22009,162.0,234.07761307348036
6762,9.0,234.07761307348036
6877,84.0,234.07761307348036
12037,100.0,234.07761307348036
2463,93.0,234.07761307348036
13155,16.0,234.07761307348036
3509,13.0,234.07761307348036
22629,5.0,234.07761307348036
23274,12.0,234.07761307348036
14932,6.0,71.0
5859,1622.0,234.07761307348036
1773,115.0,234.07761307348036
12106,18.0,234.07761307348036
23953,21.0,234.07761307348036
3195,53.0,234.07761307348036
23540,10.0,234.07761307348036
5539,499.0,234.07761307348036
22350,3.0,234.07761307348036
5453,16.0,234.07761307348036
15528,205.0,234.07761307348036
6263,104.0,234.07761307348036
15267,11.0,234.07761307348036
5745,14.0,234.07761307348036
6075,59.0,234.07761307348036
18871,190.0,234.07761307348036
8185,80.0,234.07761307348036
16943,33.0,234.07761307348036
3912,4.0,234.07761307348036
12307,12.0,234.07761307348036
20104,8.0,234.07761307348036
542,8.0,234.07761307348036
21346,54.0,234.07761307348036
6467,6.0,234.07761307348036
23457,6.0,234.07761307348036
2618,14.0,234.07761307348036
