,y_test,prediction
7190,288.0,233.40562255261617
1655,30.0,233.40562255261617
15340,153.0,233.40562255261617
16335,182.0,233.40562255261617
7700,100.0,233.40562255261617
20840,53.0,233.40562255261617
3006,11.0,233.40562255261617
9632,191.0,233.40562255261617
15473,148.0,233.40562255261617
4694,84.0,233.40562255261617
21307,2822.0,233.40562255261617
6575,6.0,233.40562255261617
16336,194.0,233.40562255261617
8941,83.0,233.40562255261617
12707,124.0,233.40562255261617
15426,28.0,233.40562255261617
8226,55.0,233.40562255261617
13691,161.0,233.40562255261617
22602,5.0,233.40562255261617
20755,7.0,233.40562255261617
6869,387.0,233.40562255261617
11990,12.0,233.40562255261617
10734,61.0,233.40562255261617
22580,4.0,233.40562255261617
23966,4.0,233.40562255261617
23647,3.0,233.40562255261617
14037,82.0,233.40562255261617
5505,13.0,233.40562255261617
18877,17.0,233.40562255261617
14297,193.0,233.40562255261617
12099,9.0,233.40562255261617
5644,6.0,233.40562255261617
9902,5.0,233.40562255261617
23873,37.0,233.40562255261617
16409,9.0,233.40562255261617
18533,9.0,233.40562255261617
4848,9.0,233.40562255261617
13684,44.0,233.40562255261617
15689,62.0,233.40562255261617
12036,73.0,233.40562255261617
22102,66.0,233.40562255261617
13512,14.0,233.40562255261617
23245,3.0,233.40562255261617
14603,4.0,233.40562255261617
7593,84.0,233.40562255261617
10083,32.0,233.40562255261617
23691,12.0,233.40562255261617
9172,5.0,233.40562255261617
13317,7.0,233.40562255261617
22578,4.0,233.40562255261617
14994,6.0,233.40562255261617
18148,416.0,233.40562255261617
20998,78.0,233.40562255261617
731,2047.0,233.40562255261617
19194,80.0,233.40562255261617
2574,9.0,233.40562255261617
19788,6.0,52.50399443417192
4144,10.0,233.40562255261617
2512,291.0,233.40562255261617
14821,8.0,233.40562255261617
3081,338.0,233.40562255261617
20701,15.0,233.40562255261617
11513,30.0,233.40562255261617
3065,248.0,233.40562255261617
16105,18.0,83.25317190850555
14878,13.0,233.40562255261617
16038,18.0,233.40562255261617
10827,7.0,13.59489827319507
16130,16.0,233.40562255261617
9969,17.0,27.994813824997323
9211,1089.0,233.40562255261617
23748,3.0,233.40562255261617
7452,782.0,233.40562255261617
10469,38.0,233.40562255261617
15268,11.0,233.40562255261617
4820,46.0,233.40562255261617
5968,536.0,233.40562255261617
1969,6.0,233.40562255261617
23003,6.0,233.40562255261617
20660,10.0,233.40562255261617
3503,23.0,233.40562255261617
8264,620.0,233.40562255261617
3015,61.0,233.40562255261617
20968,68.0,233.40562255261617
9589,227.0,233.40562255261617
2748,75.0,233.40562255261617
8227,74.0,233.40562255261617
4880,56.0,233.40562255261617
10127,5.0,233.40562255261617
3036,67.0,233.40562255261617
16157,2294.0,37.24099034554111
10772,138.0,233.40562255261617
17997,265.0,233.40562255261617
14184,36.0,233.40562255261617
559,9.0,233.40562255261617
3660,113.0,233.40562255261617
19724,55.0,233.40562255261617
22171,59.0,233.40562255261617
17603,16.0,233.40562255261617
9146,329.0,51.5919347529459
1498,31.0,233.40562255261617
11879,21.0,233.40562255261617
10986,67.0,233.40562255261617
13690,206.0,233.40562255261617
7898,42.0,233.40562255261617
6598,5.0,233.40562255261617
15032,52.0,233.40562255261617
14795,10.0,233.40562255261617
20447,4.0,233.40562255261617
20358,16.0,233.40562255261617
15788,146.0,233.40562255261617
20477,8.0,233.40562255261617
7841,35.0,233.40562255261617
15190,20.0,233.40562255261617
22387,5.0,233.40562255261617
4543,55.0,233.40562255261617
7386,6.0,233.40562255261617
18591,7.0,233.40562255261617
9043,4.0,233.40562255261617
18317,10.0,233.40562255261617
23868,4.0,233.40562255261617
16475,14.0,59.47119723432787
16534,7.0,233.40562255261617
7124,6280.0,233.40562255261617
2605,53.0,233.40562255261617
4920,1367.0,233.40562255261617
4598,4.0,233.40562255261617
4294,8.0,233.40562255261617
4847,9.0,233.40562255261617
8733,364.0,233.40562255261617
15804,4.0,233.40562255261617
4622,46.0,233.40562255261617
4570,6.0,233.40562255261617
4536,23.0,233.40562255261617
21800,5.0,233.40562255261617
3720,36.0,233.40562255261617
17916,116.0,233.40562255261617
3192,47.0,233.40562255261617
12584,11.0,233.40562255261617
8580,10.0,233.40562255261617
13763,198.0,233.40562255261617
16816,14.0,233.40562255261617
15400,7.0,233.40562255261617
13271,4626.0,233.40562255261617
8875,32.0,233.40562255261617
7743,12.0,233.40562255261617
2437,8.0,233.40562255261617
6546,10.0,23.10805518502886
9602,3.0,233.40562255261617
4548,67.0,233.40562255261617
4264,47.0,233.40562255261617
16493,11.0,233.40562255261617
6741,717.0,233.40562255261617
20965,51.0,233.40562255261617
22875,4.0,233.40562255261617
20939,29.0,233.40562255261617
11133,8.0,233.40562255261617
8930,12.0,-35.15129677412037
23025,8.0,233.40562255261617
16521,5.0,233.40562255261617
17913,97.0,233.40562255261617
12467,6.0,233.40562255261617
15927,27.0,233.40562255261617
2464,86.0,233.40562255261617
11698,10.0,233.40562255261617
314,6.0,233.40562255261617
18934,14.0,233.40562255261617
9493,219.0,233.40562255261617
4890,4.0,233.40562255261617
20677,12.0,233.40562255261617
5586,1253.0,233.40562255261617
8340,397.0,233.40562255261617
4341,5.0,233.40562255261617
9559,4.0,233.40562255261617
22026,9.0,233.40562255261617
9215,177.0,233.40562255261617
22048,239.0,233.40562255261617
12724,8.0,233.40562255261617
22040,358.0,233.40562255261617
9061,7.0,233.40562255261617
18149,221.0,233.40562255261617
2895,3.0,233.40562255261617
22274,4.0,233.40562255261617
3201,34.0,233.40562255261617
18222,5.0,233.40562255261617
4827,84.0,233.40562255261617
23754,6.0,233.40562255261617
17229,454.0,233.40562255261617
14193,77.0,233.40562255261617
2669,11.0,233.40562255261617
1120,146.0,233.40562255261617
22689,5.0,233.40562255261617
18209,24.0,233.40562255261617
8649,3.0,54.97708623734034
16240,302.0,233.40562255261617
12316,21.0,233.40562255261617
3064,549.0,233.40562255261617
1447,7.0,233.40562255261617
19502,32.0,233.40562255261617
14998,5.0,233.40562255261617
2672,7.0,233.40562255261617
15024,5.0,233.40562255261617
21142,5.0,233.40562255261617
5323,40.0,233.40562255261617
4919,1546.0,233.40562255261617
3088,386.0,233.40562255261617
6719,347.0,233.40562255261617
10030,7.0,233.40562255261617
22450,32.0,233.40562255261617
14879,14.0,233.40562255261617
11328,96.0,233.40562255261617
21329,6.0,233.40562255261617
18147,327.0,233.40562255261617
19188,122.0,233.40562255261617
10470,23.0,233.40562255261617
18295,6.0,233.40562255261617
22312,252.0,233.40562255261617
3863,3.0,233.40562255261617
14909,8.0,233.40562255261617
4823,33.0,233.40562255261617
13451,17.0,233.40562255261617
3336,118.0,233.40562255261617
18502,45.0,233.40562255261617
20377,8.0,233.40562255261617
14039,51.0,233.40562255261617
13977,14.0,233.40562255261617
22589,6.0,233.40562255261617
15840,6.0,233.40562255261617
12580,15.0,233.40562255261617
8994,19.0,233.40562255261617
17346,10.0,233.40562255261617
16079,22.0,233.40562255261617
5428,5.0,-0.1801335391500487
3716,10.0,233.40562255261617
22862,3.0,233.40562255261617
23087,5.0,233.40562255261617
2199,130.0,233.40562255261617
2666,8.0,233.40562255261617
10717,71.0,233.40562255261617
12253,5.0,233.40562255261617
23406,14.0,233.40562255261617
14851,15.0,233.40562255261617
19927,606.0,233.40562255261617
15198,15.0,233.40562255261617
17720,950.0,233.40562255261617
6720,941.0,233.40562255261617
14316,6.0,233.40562255261617
4625,88.0,233.40562255261617
10866,9.0,233.40562255261617
6619,11.0,41.57161395249228
22391,7.0,20.1944154556966
2338,183.0,233.40562255261617
20255,17.0,233.40562255261617
14147,31.0,233.40562255261617
9254,11.0,233.40562255261617
13688,245.0,233.40562255261617
18367,46.0,233.40562255261617
7121,207.0,-5.1187882792958845
16274,8.0,233.40562255261617
12527,583.0,233.40562255261617
6760,6.0,233.40562255261617
718,632.0,233.40562255261617
1116,51.0,233.40562255261617
3556,46.0,233.40562255261617
666,17.0,233.40562255261617
23342,13.0,233.40562255261617
13700,10.0,233.40562255261617
11104,77.0,233.40562255261617
8344,706.0,233.40562255261617
1903,13.0,233.40562255261617
15136,14.0,233.40562255261617
5321,40.0,233.40562255261617
18894,193.0,233.40562255261617
22668,4.0,233.40562255261617
23885,6.0,233.40562255261617
19412,16.0,233.40562255261617
8873,50.0,233.40562255261617
19499,71.0,233.40562255261617
9781,8.0,233.40562255261617
9500,3.0,233.40562255261617
9142,298.0,233.40562255261617
14596,6.0,233.40562255261617
10466,12.0,233.40562255261617
23448,4.0,233.40562255261617
5967,328.0,233.40562255261617
22392,8.0,233.40562255261617
3016,42.0,233.40562255261617
1121,141.0,233.40562255261617
9831,9.0,233.40562255261617
22715,6.0,233.40562255261617
1167,18.0,233.40562255261617
17999,168.0,233.40562255261617
22534,104.0,233.40562255261617
4545,74.0,233.40562255261617
7675,1302.0,233.40562255261617
10098,5.0,233.40562255261617
5542,358.0,233.40562255261617
9977,9.0,233.40562255261617
2293,110.0,31.900997090712693
14899,617.0,233.40562255261617
19154,14.0,233.40562255261617
12997,77.0,233.40562255261617
20121,121.0,233.40562255261617
12625,15.0,233.40562255261617
12081,2700.0,233.40562255261617
4369,149.0,233.40562255261617
7055,12.0,233.40562255261617
723,1395.0,233.40562255261617
4298,8.0,233.40562255261617
10363,21.0,233.40562255261617
19859,8.0,233.40562255261617
14873,21.0,233.40562255261617
16433,18.0,233.40562255261617
12937,12.0,233.40562255261617
21907,4.0,233.40562255261617
3271,14.0,233.40562255261617
15651,7.0,233.40562255261617
8762,3.0,233.40562255261617
8450,23.0,233.40562255261617
21674,16.0,233.40562255261617
8271,11468.0,233.40562255261617
17012,5.0,233.40562255261617
8225,58.0,233.40562255261617
16939,216.0,233.40562255261617
18574,240.0,70.75092782405835
13456,20.0,233.40562255261617
3347,6.0,233.40562255261617
17753,113.0,233.40562255261617
4444,4.0,233.40562255261617
5030,71.0,233.40562255261617
11702,15.0,233.40562255261617
12314,35.0,233.40562255261617
13943,1743.0,233.40562255261617
2762,17.0,233.40562255261617
8180,77.0,233.40562255261617
17285,10.0,233.40562255261617
21968,118.0,233.40562255261617
22726,11.0,233.40562255261617
1300,936.0,233.40562255261617
21416,33.0,233.40562255261617
23194,3.0,233.40562255261617
20967,72.0,233.40562255261617
1653,24.0,233.40562255261617
16055,30.0,51.45332648995694
15501,70.0,233.40562255261617
3270,16.0,233.40562255261617
13287,1148.0,233.40562255261617
4879,70.0,233.40562255261617
5506,10.0,233.40562255261617
21582,11.0,233.40562255261617
3723,47.0,233.40562255261617
7043,5.0,233.40562255261617
11450,5.0,233.40562255261617
23471,5.0,233.40562255261617
6494,8.0,233.40562255261617
2686,7.0,233.40562255261617
16123,9.0,233.40562255261617
13288,1090.0,233.40562255261617
18224,8.0,233.40562255261617
4371,175.0,233.40562255261617
23910,9.0,233.40562255261617
10249,106.0,233.40562255261617
19497,38.0,233.40562255261617
15934,22.0,233.40562255261617
201,45.0,233.40562255261617
3913,6.0,233.40562255261617
13945,1753.0,233.40562255261617
6744,472.0,233.40562255261617
13056,8.0,233.40562255261617
7706,82.0,233.40562255261617
19583,7.0,233.40562255261617
1236,12.0,233.40562255261617
11180,10.0,233.40562255261617
4904,27.0,233.40562255261617
22088,3.0,233.40562255261617
10933,25.0,233.40562255261617
23181,5.0,233.40562255261617
2369,652.0,233.40562255261617
11515,33.0,233.40562255261617
12229,5.0,233.40562255261617
20589,2079.0,233.40562255261617
7701,75.0,233.40562255261617
2749,71.0,233.40562255261617
13938,783.0,233.40562255261617
5046,61.0,233.40562255261617
10606,47.0,233.40562255261617
3370,8.0,233.40562255261617
19324,22.0,233.40562255261617
11109,93.0,233.40562255261617
5327,46.0,233.40562255261617
20235,9.0,233.40562255261617
19848,5.0,233.40562255261617
16950,1450.0,233.40562255261617
9353,6.0,233.40562255261617
8350,63.0,233.40562255261617
8732,437.0,233.40562255261617
19270,798.0,233.40562255261617
3927,5.0,233.40562255261617
2912,9.0,233.40562255261617
16497,3.0,233.40562255261617
2008,47.0,233.40562255261617
262,9.0,233.40562255261617
20507,13.0,233.40562255261617
8692,11.0,233.40562255261617
9197,10.0,233.40562255261617
21885,10.0,233.40562255261617
19621,33.0,233.40562255261617
2518,350.0,233.40562255261617
3265,208.0,233.40562255261617
19694,41.0,233.40562255261617
21815,4.0,233.40562255261617
14009,90.0,233.40562255261617
17394,12.0,233.40562255261617
11745,279.0,233.40562255261617
14040,50.0,233.40562255261617
16067,9856.0,233.40562255261617
1920,6.0,12.664202699416592
20581,9.0,233.40562255261617
15408,14.0,233.40562255261617
5638,8.0,233.40562255261617
18412,347.0,233.40562255261617
2940,9.0,233.40562255261617
9994,5.0,233.40562255261617
3408,9.0,233.40562255261617
14041,62.0,233.40562255261617
10955,5.0,233.40562255261617
4122,597.0,233.40562255261617
23462,6.0,233.40562255261617
18676,7.0,233.40562255261617
22679,15.0,233.40562255261617
6477,7.0,233.40562255261617
17120,9.0,233.40562255261617
2462,65.0,233.40562255261617
4467,28.0,233.40562255261617
15826,16.0,233.40562255261617
6350,8.0,233.40562255261617
15466,5.0,233.40562255261617
2485,102.0,233.40562255261617
15560,5.0,233.40562255261617
7647,7.0,233.40562255261617
21912,16.0,233.40562255261617
16339,216.0,233.40562255261617
3340,27.0,233.40562255261617
22109,106.0,233.40562255261617
17170,176.0,233.40562255261617
14872,16.0,16.671311895831792
22009,162.0,233.40562255261617
6762,9.0,233.40562255261617
6877,84.0,233.40562255261617
12037,100.0,233.40562255261617
2463,93.0,233.40562255261617
13155,16.0,233.40562255261617
3509,13.0,233.40562255261617
22629,5.0,233.40562255261617
23274,12.0,233.40562255261617
14932,6.0,44.85047102448701
5859,1622.0,233.40562255261617
1773,115.0,233.40562255261617
12106,18.0,233.40562255261617
23953,21.0,233.40562255261617
3195,53.0,233.40562255261617
23540,10.0,233.40562255261617
5539,499.0,233.40562255261617
22350,3.0,233.40562255261617
5453,16.0,233.40562255261617
15528,205.0,233.40562255261617
6263,104.0,233.40562255261617
15267,11.0,233.40562255261617
5745,14.0,233.40562255261617
6075,59.0,233.40562255261617
18871,190.0,233.40562255261617
8185,80.0,233.40562255261617
16943,33.0,233.40562255261617
3912,4.0,233.40562255261617
12307,12.0,233.40562255261617
20104,8.0,233.40562255261617
542,8.0,233.40562255261617
21346,54.0,233.40562255261617
6467,6.0,233.40562255261617
23457,6.0,233.40562255261617
2618,14.0,233.40562255261617
