,y_test,prediction
8600,1.58,1.7941948442241815
22895,1.44,2.0328589009790554
6450,3.21,2.0328589009790554
3582,1.91,2.0328589009790554
9227,0.7,2.0328589009790554
5153,3.31,2.0328589009790554
5147,0.38,2.0328589009790554
11633,2.92,1.8059654141501686
1216,1.67,2.0219068287557325
18328,1.13,2.0328589009790554
16691,2.01,2.0328589009790554
18703,1.45,2.0328589009790554
3232,0.83,1.8588453410284693
23113,2.57,2.0328589009790554
12024,2.18,2.0328589009790554
21899,2.42,1.9909871087516737
21801,1.75,2.0328589009790554
20539,1.09,1.793289972183545
4085,1.87,2.0328589009790554
6187,1.09,2.0328589009790554
22033,1.87,2.0328589009790554
22389,1.74,2.0328589009790554
4184,1.19,2.0328589009790554
3387,4.45,2.0328589009790554
14607,4.44,2.0328589009790554
1239,2.39,2.0328589009790554
6533,3.02,2.0328589009790554
23173,1.4,2.0328589009790554
8759,2.85,2.0328589009790554
23832,1.2,2.0328589009790554
6635,3.4,2.0328589009790554
22367,2.85,1.8373920194097593
4412,0.87,2.0328589009790554
2755,2.2,2.0328589009790554
11565,1.64,1.9728179833247323
23493,5.52,2.0328589009790554
1814,0.99,1.9180514247249827
1631,2.08,2.0328589009790554
13090,0.53,2.0328589009790554
23641,2.6,2.0328589009790554
19348,3.05,2.0328589009790554
14628,2.53,2.0328589009790554
10654,0.55,2.0328589009790554
14230,2.39,1.7315272646764972
2458,1.44,2.0328589009790554
21785,1.85,1.9973141325921833
15519,0.79,2.0328589009790554
23100,2.17,2.0328589009790554
5627,1.39,2.0328589009790554
8385,0.94,2.0328589009790554
10743,3.07,2.015612519816506
9847,0.8,2.0328589009790554
11128,1.46,1.9966238243280048
18994,2.59,2.0328589009790554
22816,1.48,2.0328589009790554
16705,0.29,2.0328589009790554
6669,1.47,2.0328589009790554
3652,2.1,2.0328589009790554
23257,2.05,2.0328589009790554
5118,0.73,2.0328589009790554
96,1.14,2.0328589009790554
11850,1.39,2.0328589009790554
20032,2.79,2.0328589009790554
19511,1.28,1.7639281318923752
935,1.6,1.8289447542259951
20182,2.39,2.0328589009790554
20927,1.47,2.0601198591862215
8056,0.99,1.9374958549636758
20613,2.49,2.0328589009790554
5148,1.84,2.0328589009790554
22960,2.13,2.0328589009790554
13950,1.85,2.0328589009790554
22898,1.59,2.0328589009790554
4123,0.35,2.0328589009790554
14413,0.9,2.0328589009790554
2616,1.22,2.007803096836991
11861,2.5,2.0328589009790554
7925,1.44,2.0328589009790554
23651,2.59,2.0328589009790554
13003,1.1,2.0328589009790554
23711,1.95,2.0328589009790554
1926,2.13,2.0328589009790554
15639,1.4,1.829351891785271
23342,2.71,2.0328589009790554
2348,4.19,2.0328589009790554
2857,2.66,1.9593500570792826
13442,0.95,2.0328589009790554
12122,1.84,2.0328589009790554
19780,2.55,1.9947815267746005
1506,1.7,2.0328589009790554
16276,0.69,2.0328589009790554
16294,2.55,2.0328589009790554
2049,2.31,2.0328589009790554
2440,3.49,2.0328589009790554
8543,1.59,2.0328589009790554
23524,2.86,2.0328589009790554
285,0.8,2.0328589009790554
22597,1.51,2.0328589009790554
16683,2.4,2.034090448530299
23491,1.42,2.0328589009790554
14776,1.16,2.0442246748400223
1615,2.93,2.0328589009790554
14766,1.76,2.0328589009790554
22889,2.32,2.0328589009790554
20336,0.97,2.0328589009790554
4543,0.68,2.0328589009790554
5664,1.98,1.9177480986091031
16153,0.67,2.0328589009790554
7336,2.94,2.0328589009790554
22350,2.32,2.0328589009790554
1711,1.72,2.0328589009790554
2373,1.53,2.0328589009790554
21515,1.42,2.0328589009790554
20838,1.81,2.0328589009790554
1880,1.59,1.6458105720086968
2727,2.0,2.0328589009790554
9285,2.62,2.0328589009790554
23795,1.07,2.0328589009790554
22970,2.4,2.0328589009790554
3797,2.11,2.0328589009790554
11965,2.77,2.0328589009790554
5064,5.31,2.0328589009790554
12432,1.37,2.0328589009790554
17189,2.82,2.0328589009790554
20129,1.02,2.0328589009790554
5744,1.17,1.9585727800800037
23076,1.0,2.0328589009790554
22419,7.88,2.0328589009790554
5384,1.15,2.0328589009790554
21813,1.59,2.0328589009790554
21580,3.19,2.0328589009790554
9906,0.8,2.0328589009790554
22867,1.52,2.0328589009790554
9254,4.43,2.0328589009790554
6401,4.43,2.0328589009790554
14350,0.89,2.0328589009790554
15891,2.85,2.0328589009790554
18257,0.95,2.0328589009790554
9390,1.7,2.0328589009790554
1460,1.4,2.0328589009790554
410,0.79,2.0328589009790554
2720,7.54,2.0328589009790554
398,1.51,2.0328589009790554
5875,1.11,1.9935819004969213
526,1.03,2.0328589009790554
14618,2.66,2.0328589009790554
23413,1.87,2.0328589009790554
6679,2.74,2.0328589009790554
15603,3.0,2.0328589009790554
6995,4.54,2.0328589009790554
22612,1.17,2.0328589009790554
1054,1.54,2.0328589009790554
22268,1.01,1.9731674257083682
13771,1.17,2.0328589009790554
7746,1.26,2.0328589009790554
3860,2.34,2.0328589009790554
616,3.41,2.0328589009790554
14966,3.96,2.0328589009790554
15893,9.91,2.0328589009790554
2053,5.39,2.0328589009790554
9300,1.57,2.0328589009790554
7145,1.78,2.0328589009790554
23286,0.94,2.0328589009790554
10412,0.18,2.0328589009790554
23647,1.36,2.0328589009790554
20141,2.03,2.086665190931091
7346,1.5,2.0328589009790554
2177,1.49,2.0328589009790554
15958,0.8,2.0016382446047167
16254,1.53,1.8317985092466296
9827,1.11,2.0048698054630143
2042,0.57,2.0328589009790554
17187,0.96,1.956173810013521
4348,3.19,1.9313453861986245
14920,1.65,1.8763265137845737
14909,1.98,2.0328589009790554
4294,1.75,2.0328589009790554
19966,1.62,2.0328589009790554
23612,1.1,2.0328589009790554
3976,2.23,2.0328589009790554
4398,0.59,2.0328589009790554
11755,2.92,2.0328589009790554
10456,1.61,2.0328589009790554
2101,1.21,2.0328589009790554
21443,1.98,2.0328589009790554
680,2.09,2.0328589009790554
3081,1.68,2.0328589009790554
11717,2.73,2.0328589009790554
5467,2.95,2.0328589009790554
1258,1.6,2.0328589009790554
8931,2.08,2.0328589009790554
297,0.94,1.8538284949183623
22840,2.6,2.0328589009790554
18729,1.16,2.0328589009790554
5785,1.83,2.0328589009790554
2022,1.25,2.0328589009790554
3899,2.84,2.0328589009790554
7004,2.79,2.0328589009790554
23069,3.84,2.0328589009790554
1799,0.65,1.8542537413639688
1315,0.96,2.0328589009790554
19400,1.42,2.0328589009790554
16614,2.5,2.0328589009790554
23328,2.17,2.0328589009790554
21215,0.94,2.0328589009790554
9222,2.13,2.0328589009790554
23606,1.4,2.0328589009790554
16508,3.95,2.0328589009790554
1,2.5,2.012393736619018
22514,0.99,2.0328589009790554
10337,1.17,1.9634473328440003
22962,1.08,2.0328589009790554
6645,0.76,2.0328589009790554
16587,2.58,2.049417611993923
11294,1.52,2.0328589009790554
21999,3.67,2.0328589009790554
18185,4.1,2.0312545543539953
2823,2.96,2.0328589009790554
6288,1.16,2.0328589009790554
23014,1.63,2.0328589009790554
3790,0.96,2.0328589009790554
1781,0.77,2.0632017365032356
210,4.82,2.0328589009790554
7257,2.33,1.9844405276073214
21653,1.79,2.0328589009790554
70,4.14,2.0306124399929995
855,10.81,2.0328589009790554
19219,1.55,2.0328589009790554
17522,3.65,2.0328589009790554
11804,1.64,2.0328589009790554
23617,0.94,2.0328589009790554
1287,1.14,2.0328589009790554
19845,0.32,2.0328589009790554
22864,3.03,2.0328589009790554
16341,108.0,2.0328589009790554
1547,2.59,2.0328589009790554
5820,1.71,2.043369710207741
11026,1.51,2.009308619575272
3568,0.57,2.0328589009790554
1483,0.41,2.0328589009790554
14333,0.84,2.0328589009790554
23331,2.01,2.0328589009790554
23050,3.78,2.0328589009790554
9437,6.42,2.0328589009790554
23185,0.72,2.0328589009790554
9922,1.28,2.0328589009790554
9030,0.59,2.0328589009790554
23417,1.73,2.0328589009790554
14728,1.03,2.0328589009790554
23953,0.9,2.0328589009790554
23790,1.04,2.0328589009790554
23160,3.82,2.0328589009790554
1924,1.96,1.8852325616587389
4961,1.36,2.0328589009790554
23740,0.52,2.0328589009790554
9279,1.47,1.7929093971274237
23824,1.58,2.0328589009790554
8164,3.58,2.0328589009790554
20858,1.35,2.0328589009790554
7817,0.14,2.0328589009790554
4010,0.57,2.0328589009790554
11245,1.3,1.9297130020956184
22884,1.25,2.0328589009790554
15291,2.35,2.0328589009790554
1562,1.75,2.0328589009790554
22966,1.8,2.0328589009790554
23700,1.79,2.0328589009790554
2974,1.75,2.0328589009790554
3967,1.06,2.0328589009790554
11474,3.25,2.0328589009790554
7502,1.47,2.0328589009790554
12747,1.22,2.0328589009790554
1988,2.0,2.0328589009790554
22447,1.91,2.0328589009790554
15841,3.56,2.0328589009790554
21978,1.97,1.8636554280615507
16926,0.68,2.0328589009790554
8309,1.62,2.0328589009790554
22605,1.6,2.0328589009790554
21853,0.96,2.0328589009790554
11009,1.14,2.0328589009790554
4648,1.69,2.0328589009790554
6844,1.27,2.0328589009790554
3580,3.31,1.9224755149731094
15044,0.54,1.8083382195936624
13121,0.99,2.0328589009790554
19742,3.26,2.0328589009790554
22752,1.4,2.0328589009790554
22291,2.45,2.082456953973216
11464,2.07,2.0328589009790554
21564,0.66,2.0328589009790554
7490,2.96,2.0328589009790554
4954,0.66,2.0328589009790554
1484,1.48,2.0328589009790554
14763,1.22,2.0328589009790554
2662,0.55,2.0328589009790554
4149,0.99,1.8006634604494782
18918,1.96,2.0328589009790554
22078,2.61,1.8105392158572338
14957,3.3,2.0328589009790554
17443,1.72,2.0328589009790554
14330,1.0,1.8205225117870871
21263,2.16,1.6817430578088337
12501,1.28,2.0328589009790554
22518,2.64,2.0328589009790554
22115,1.91,2.0328589009790554
5120,3.53,2.0328589009790554
22691,1.52,2.0328589009790554
12948,2.88,2.0328589009790554
4721,1.61,2.0328589009790554
12034,0.48,2.0328589009790554
9674,1.15,2.0328589009790554
20837,1.42,2.0328589009790554
18018,1.48,2.0328589009790554
6023,2.75,2.0328589009790554
5068,1.99,1.7751988765548576
16344,152.0,2.0328589009790554
2124,1.46,2.0328589009790554
11273,1.83,1.9607608980533349
1664,1.21,2.0328589009790554
22997,1.44,2.0328589009790554
802,2.03,2.0328589009790554
13446,3.12,1.8467416304779045
16352,1.7,2.0328589009790554
10575,1.42,1.9407513063130284
13567,6.53,2.0328589009790554
22683,1.54,2.0328589009790554
14937,2.77,2.0328589009790554
14613,2.1,2.0328589009790554
11038,1.41,2.0328589009790554
10923,0.84,2.074431659656194
18697,0.5,2.0328589009790554
137,3.37,2.0328589009790554
23066,4.89,2.0328589009790554
8658,0.69,2.0328589009790554
16356,1.02,2.0328589009790554
17349,8.02,2.0328589009790554
19798,2.65,2.0133451776020532
20275,2.33,2.0328589009790554
18572,3.56,2.0328589009790554
6368,0.78,2.0328589009790554
4040,1.17,2.0328589009790554
15057,0.75,2.0328589009790554
8080,1.25,2.0328589009790554
11893,0.64,2.0328589009790554
567,1.48,2.0328589009790554
7845,0.06,2.0328589009790554
18278,2.68,2.0328589009790554
17645,0.88,2.0328589009790554
204,2.79,2.0328589009790554
16668,3.09,2.0328589009790554
4671,1.08,2.0328589009790554
19549,2.68,2.0328589009790554
14327,2.72,2.0328589009790554
14546,1.23,2.0328589009790554
13469,1.18,2.0328589009790554
16827,1.79,2.0328589009790554
23249,1.29,2.0328589009790554
2940,1.47,2.0328589009790554
23188,3.35,2.0328589009790554
9978,2.54,2.0328589009790554
1419,2.48,2.0328589009790554
1113,2.43,2.0328589009790554
21993,1.44,2.0328589009790554
6730,1.43,2.0328589009790554
5651,1.57,2.0328589009790554
23518,1.66,2.0328589009790554
4839,1.27,2.0328589009790554
13711,9.65,2.0328589009790554
23382,4.65,2.0328589009790554
22538,2.09,2.0328589009790554
22642,1.49,2.0328589009790554
23749,6.86,2.0328589009790554
15693,0.25,2.0328589009790554
6617,1.97,2.0328589009790554
20138,0.71,2.0328589009790554
16196,1.34,2.0834383884046828
16105,2.78,1.9846181512181815
6122,2.99,2.0327111614613145
1492,0.33,2.0328589009790554
9023,2.01,2.0328589009790554
23241,1.22,2.0328589009790554
7035,1.85,2.0328589009790554
14467,4.57,2.0328589009790554
8606,1.79,2.0328589009790554
13141,4.12,2.0328589009790554
14624,1.07,2.0328589009790554
23355,3.2,2.0328589009790554
749,1.0,2.0328589009790554
23374,0.73,2.0328589009790554
14016,0.41,2.0328589009790554
17680,2.9,2.0328589009790554
11985,2.68,2.0328589009790554
3727,1.69,2.0328589009790554
9321,2.03,2.0328589009790554
23557,1.18,2.0328589009790554
4512,7.44,2.0328589009790554
17244,0.36,2.0328589009790554
3607,1.55,2.0328589009790554
8113,0.15,2.0064703855973907
22948,0.13,2.0328589009790554
3251,2.51,2.0328589009790554
23144,1.39,2.0328589009790554
17931,2.05,2.0328589009790554
14354,1.2,2.0328589009790554
20939,0.79,2.0328589009790554
22020,1.47,1.8737965162378893
9567,1.25,2.0328589009790554
13375,2.17,2.0328589009790554
4595,1.81,1.9824139848790079
10617,1.13,2.0328589009790554
12990,1.51,2.0328589009790554
16373,1.85,2.0328589009790554
1245,1.19,2.0328589009790554
10263,2.1,2.0328589009790554
22789,1.67,2.0328589009790554
23046,2.25,2.0328589009790554
12388,1.04,2.0328589009790554
23361,1.28,2.0328589009790554
7970,2.85,2.0328589009790554
19339,2.07,2.0328589009790554
9349,0.84,2.0328589009790554
16428,0.08,2.0328589009790554
7851,0.88,2.0328589009790554
20785,3.03,2.0328589009790554
18192,6.15,2.0328589009790554
3893,1.2,2.0328589009790554
14585,1.57,2.0328589009790554
3614,0.97,2.0328589009790554
1504,2.78,1.921634118124466
18972,5.17,2.0328589009790554
14629,3.36,2.0328589009790554
18985,2.66,2.0328589009790554
15426,1.6,2.0328589009790554
6562,1.51,2.0328589009790554
10353,1.29,2.0328589009790554
20135,1.58,2.0328589009790554
1531,0.71,2.0328589009790554
10047,4.59,2.1629753704865493
13860,1.45,1.8252670280336531
11289,1.54,2.0328589009790554
8375,2.02,2.0328589009790554
4207,3.28,2.0328589009790554
20478,1.31,2.0328589009790554
19080,2.84,2.0328589009790554
15151,3.1,1.818618928460695
12909,1.95,2.0328589009790554
21014,4.35,2.0328589009790554
4732,1.65,2.0328589009790554
3427,1.25,2.0328589009790554
17662,1.14,2.0328589009790554
16991,1.12,2.0328589009790554
21259,1.78,2.0328589009790554
3857,3.98,2.0328589009790554
1401,2.81,2.0350137415502703
12497,2.72,2.0328589009790554
15026,2.3,1.9519252957178823
10811,0.15,2.0328589009790554
8371,1.96,1.9777071295368607
15195,1.4,2.0328589009790554
8158,2.69,1.882610888981732
11939,0.34,1.840257464608234
8648,2.23,1.734802015426736
22598,0.62,2.0328589009790554
8882,1.37,2.0328589009790554
9121,1.77,2.0328589009790554
22618,1.49,2.0328589009790554
187,2.71,2.0328589009790554
23508,1.84,2.0328589009790554
9441,2.22,2.0328589009790554
22493,2.08,2.0328589009790554
23084,1.18,2.0328589009790554
1474,0.94,2.0328589009790554
22907,0.98,2.0328589009790554
2430,2.76,1.8247992266805688
2757,1.56,2.0328589009790554
23152,1.36,2.0328589009790554
10630,0.93,1.5595036957554131
2292,3.06,2.0328589009790554
13250,0.63,2.0328589009790554
23349,1.89,2.0328589009790554
13507,1.24,1.98546290880769
5056,2.1,2.0328589009790554
21894,0.79,2.005397937713221
22738,1.22,2.0328589009790554
9336,0.87,2.0328589009790554
4933,1.01,2.0328589009790554
13365,0.8,2.0328589009790554
5131,0.97,2.0360293189648564
16218,1.0,2.0328589009790554
644,1.62,2.0328589009790554
4817,1.3,2.0328589009790554
368,2.14,2.0328589009790554
19495,2.36,2.0328589009790554
7249,2.0,2.0328589009790554
12926,1.28,2.0328589009790554
12312,2.71,2.0328589009790554
20384,2.61,2.0328589009790554
11817,2.69,2.0328589009790554
11507,1.3,2.0089897022363266
22125,2.62,1.8972851662647316
11185,0.61,2.0328589009790554
14483,2.13,2.0328589009790554
3509,1.37,2.0328589009790554
14905,0.54,2.1298625276795375
9490,2.34,2.0328589009790554
13211,1.87,2.0328589009790554
4389,0.86,2.0328589009790554
22082,1.02,2.0328589009790554
4739,1.05,2.0328589009790554
21179,2.27,2.0328589009790554
4517,4.6,2.0328589009790554
17939,1.46,2.0328589009790554
9097,1.38,2.0328589009790554
21839,0.68,2.0328589009790554
23253,2.32,2.0328589009790554
5992,0.46,2.0328589009790554
15952,2.22,2.0328589009790554
15366,2.11,2.0328589009790554
16527,4.06,2.0328589009790554
23575,0.79,2.0328589009790554
18776,1.64,2.0328589009790554
20946,1.15,2.120329982222951
15511,2.32,2.0328589009790554
23457,1.53,2.0328589009790554
10516,1.05,1.9662866607304996
13078,2.41,2.0875443805013862
21063,1.87,2.0328589009790554
19442,6.21,2.038123640230189
10119,1.24,2.0328589009790554
21008,1.29,2.0328589009790554
16674,1.2,2.0328589009790554
9076,1.13,2.0328589009790554
19465,2.5,2.0328589009790554
22405,2.83,2.0328589009790554
23229,1.33,2.0328589009790554
10192,1.56,1.732052081143673
9958,2.61,2.0328589009790554
14673,2.57,1.7936960837431268
6665,0.74,2.0328589009790554
11148,1.17,2.0328589009790554
10389,1.88,2.0328589009790554
13439,1.13,1.878386842281299
23448,1.23,2.0328589009790554
973,6.85,2.0328589009790554
15876,2.02,2.0328589009790554
22854,6.93,2.0328589009790554
2714,0.96,2.0104689314278117
11462,2.57,2.0328589009790554
4797,1.41,1.9016924382649814
22573,1.53,2.0328589009790554
23719,1.27,2.0328589009790554
6185,1.65,2.0328589009790554
13059,1.64,2.0328589009790554
8488,2.26,2.0328589009790554
22779,2.03,2.0328589009790554
15992,0.49,2.0328589009790554
23262,0.77,2.0328589009790554
18654,1.22,2.1457676938587222
11110,2.21,2.0328589009790554
5713,1.61,2.0328589009790554
5573,1.17,2.0328589009790554
4872,2.45,2.0328589009790554
467,2.17,2.0328589009790554
22141,0.99,1.841819786915585
13826,1.96,2.0328589009790554
21031,4.6,2.0328589009790554
5060,0.49,2.0328589009790554
4065,1.92,2.0328589009790554
15916,2.29,2.0328589009790554
11620,0.51,2.0328589009790554
4583,2.97,2.088629085585588
15024,2.44,2.0328589009790554
10626,1.24,2.0328589009790554
23920,1.52,2.0328589009790554
18773,2.89,2.0328589009790554
8362,1.06,1.7994456435855617
21402,1.29,2.0328589009790554
592,3.93,2.0328589009790554
22728,2.13,2.0328589009790554
14832,2.52,2.0328589009790554
3827,1.16,2.0328589009790554
22173,0.85,2.0328589009790554
10830,1.24,2.0328589009790554
1760,1.83,1.7905470879954382
10233,6.51,2.0328589009790554
4802,1.54,2.053816070398585
2647,3.1,2.0328589009790554
1911,3.23,2.0328589009790554
21471,1.63,2.0328589009790554
6222,2.76,2.0328589009790554
10079,0.15,2.0328589009790554
982,5.89,2.0520514320062224
10746,1.61,2.0328589009790554
6885,0.88,2.0328589009790554
14863,1.28,2.0328589009790554
6660,2.15,2.0328589009790554
22931,2.28,2.0328589009790554
4094,1.41,1.9786926801735203
21141,0.44,2.0328589009790554
23423,2.89,2.0328589009790554
5911,1.27,2.0328589009790554
17811,1.73,2.0328589009790554
21275,1.53,2.0328589009790554
5224,2.21,2.0328589009790554
21207,0.15,2.0328589009790554
16084,1.83,2.0328589009790554
9124,1.44,2.0328589009790554
10995,1.62,2.0328589009790554
3173,2.35,2.0328589009790554
1217,1.66,2.0328589009790554
11558,1.58,2.0328589009790554
19519,1.3,2.0328589009790554
7401,2.76,2.0328589009790554
20351,1.2,2.0328589009790554
3224,0.94,1.9973244586687986
23843,3.77,2.0328589009790554
176,2.1,2.0328589009790554
22264,0.65,1.8604933236318748
120,1.5,2.0328589009790554
9977,3.86,2.0328589009790554
21795,1.74,1.911750632286518
23426,3.19,2.0328589009790554
3635,1.64,1.8794092080822464
13016,2.35,2.0328589009790554
4025,1.8,1.9731318407428888
272,2.95,1.8597035366978774
793,2.4,2.0328589009790554
23637,0.8,2.0328589009790554
11623,0.42,2.0328589009790554
11977,2.36,2.0328589009790554
4789,1.98,2.0328589009790554
2316,0.9,2.041651357823772
22009,1.91,2.0328589009790554
5753,1.63,2.0328589009790554
10550,1.48,1.8020807777401782
23468,2.35,2.0328589009790554
