,y_test,prediction
8600,1.58,1.555057562722245
22895,1.44,2.03670865764044
6450,3.21,2.03670865764044
3582,1.91,2.03670865764044
9227,0.7,2.03670865764044
5153,3.31,2.03670865764044
5147,0.38,2.03670865764044
11633,2.92,1.7998250649658205
1216,1.67,2.033694058194511
18328,1.13,2.03670865764044
16691,2.01,2.03670865764044
18703,1.45,2.03670865764044
3232,0.83,1.7546957963151721
23113,2.57,2.03670865764044
12024,2.18,2.03670865764044
21899,2.42,1.9756195829560594
21801,1.75,2.03670865764044
20539,1.09,1.686652922906926
4085,1.87,2.03670865764044
6187,1.09,2.03670865764044
22033,1.87,2.03670865764044
22389,1.74,2.03670865764044
4184,1.19,2.03670865764044
3387,4.45,2.03670865764044
14607,4.44,2.03670865764044
1239,2.39,2.03670865764044
6533,3.02,2.03670865764044
23173,1.4,2.03670865764044
8759,2.85,2.03670865764044
23832,1.2,2.03670865764044
6635,3.4,2.03670865764044
22367,2.85,1.7949018566352652
4412,0.87,2.03670865764044
2755,2.2,2.03670865764044
11565,1.64,1.9137317462576657
23493,5.52,2.03670865764044
1814,0.99,1.8397031170758036
1631,2.08,2.03670865764044
13090,0.53,2.03670865764044
23641,2.6,2.03670865764044
19348,3.05,2.03670865764044
14628,2.53,2.03670865764044
10654,0.55,2.03670865764044
14230,2.39,1.8358023292804853
2458,1.44,2.03670865764044
21785,1.85,2.0429471433665833
15519,0.79,2.03670865764044
23100,2.17,2.03670865764044
5627,1.39,2.03670865764044
8385,0.94,2.03670865764044
10743,3.07,2.0266762637361113
9847,0.8,2.03670865764044
11128,1.46,1.9820530898912347
18994,2.59,2.03670865764044
22816,1.48,2.03670865764044
16705,0.29,2.03670865764044
6669,1.47,2.03670865764044
3652,2.1,2.03670865764044
23257,2.05,2.03670865764044
5118,0.73,2.03670865764044
96,1.14,2.03670865764044
11850,1.39,2.03670865764044
20032,2.79,2.03670865764044
19511,1.28,1.7694367289826913
935,1.6,1.8155222373123787
20182,2.39,2.03670865764044
20927,1.47,2.0361159619413236
8056,0.99,1.9089977756219914
20613,2.49,2.03670865764044
5148,1.84,2.03670865764044
22960,2.13,2.03670865764044
13950,1.85,2.03670865764044
22898,1.59,2.03670865764044
4123,0.35,2.03670865764044
14413,0.9,2.03670865764044
2616,1.22,2.0535754093981153
11861,2.5,2.03670865764044
7925,1.44,2.03670865764044
23651,2.59,2.03670865764044
13003,1.1,2.03670865764044
23711,1.95,2.03670865764044
1926,2.13,2.03670865764044
15639,1.4,1.835704201534476
23342,2.71,2.03670865764044
2348,4.19,2.03670865764044
2857,2.66,2.0108398560936216
13442,0.95,2.03670865764044
12122,1.84,2.03670865764044
19780,2.55,1.9540995273318675
1506,1.7,2.03670865764044
16276,0.69,2.03670865764044
16294,2.55,2.03670865764044
2049,2.31,2.03670865764044
2440,3.49,2.03670865764044
8543,1.59,2.03670865764044
23524,2.86,2.03670865764044
285,0.8,2.03670865764044
22597,1.51,2.03670865764044
16683,2.4,1.9784427723131306
23491,1.42,2.03670865764044
14776,1.16,2.0270246309120017
1615,2.93,2.03670865764044
14766,1.76,2.03670865764044
22889,2.32,2.03670865764044
20336,0.97,2.03670865764044
4543,0.68,2.03670865764044
5664,1.98,1.9678703733900924
16153,0.67,2.03670865764044
7336,2.94,2.03670865764044
22350,2.32,2.03670865764044
1711,1.72,2.03670865764044
2373,1.53,2.03670865764044
21515,1.42,2.03670865764044
20838,1.81,2.03670865764044
1880,1.59,1.6286083352362197
2727,2.0,2.03670865764044
9285,2.62,2.03670865764044
23795,1.07,2.03670865764044
22970,2.4,2.03670865764044
3797,2.11,2.03670865764044
11965,2.77,2.03670865764044
5064,5.31,2.03670865764044
12432,1.37,2.03670865764044
17189,2.82,2.03670865764044
20129,1.02,2.03670865764044
5744,1.17,1.8581452215638548
23076,1.0,2.03670865764044
22419,7.88,2.03670865764044
5384,1.15,2.03670865764044
21813,1.59,2.03670865764044
21580,3.19,2.03670865764044
9906,0.8,2.03670865764044
22867,1.52,2.03670865764044
9254,4.43,2.03670865764044
6401,4.43,2.03670865764044
14350,0.89,2.03670865764044
15891,2.85,2.03670865764044
18257,0.95,2.03670865764044
9390,1.7,2.03670865764044
1460,1.4,2.03670865764044
410,0.79,2.03670865764044
2720,7.54,2.03670865764044
398,1.51,2.03670865764044
5875,1.11,1.9755709809213102
526,1.03,2.03670865764044
14618,2.66,2.03670865764044
23413,1.87,2.03670865764044
6679,2.74,2.03670865764044
15603,3.0,2.03670865764044
6995,4.54,2.03670865764044
22612,1.17,2.03670865764044
1054,1.54,2.03670865764044
22268,1.01,1.9689704375226507
13771,1.17,2.03670865764044
7746,1.26,2.03670865764044
3860,2.34,2.03670865764044
616,3.41,2.03670865764044
14966,3.96,2.03670865764044
15893,9.91,2.03670865764044
2053,5.39,2.03670865764044
9300,1.57,2.03670865764044
7145,1.78,2.03670865764044
23286,0.94,2.03670865764044
10412,0.18,2.03670865764044
23647,1.36,2.03670865764044
20141,2.03,2.0424603961923924
7346,1.5,2.03670865764044
2177,1.49,2.03670865764044
15958,0.8,1.9207066915716733
16254,1.53,1.7497605409210384
9827,1.11,2.0382223529440218
2042,0.57,2.03670865764044
17187,0.96,1.9426898588134947
4348,3.19,1.8964223930220765
14920,1.65,1.790761633967669
14909,1.98,2.03670865764044
4294,1.75,2.03670865764044
19966,1.62,2.03670865764044
23612,1.1,2.03670865764044
3976,2.23,2.03670865764044
4398,0.59,2.03670865764044
11755,2.92,2.03670865764044
10456,1.61,2.03670865764044
2101,1.21,2.03670865764044
21443,1.98,2.03670865764044
680,2.09,2.03670865764044
3081,1.68,2.03670865764044
11717,2.73,2.03670865764044
5467,2.95,2.03670865764044
1258,1.6,2.03670865764044
8931,2.08,2.03670865764044
297,0.94,1.8527732453363401
22840,2.6,2.03670865764044
18729,1.16,2.03670865764044
5785,1.83,2.03670865764044
2022,1.25,2.03670865764044
3899,2.84,2.03670865764044
7004,2.79,2.03670865764044
23069,3.84,2.03670865764044
1799,0.65,1.852037475188631
1315,0.96,2.03670865764044
19400,1.42,2.03670865764044
16614,2.5,2.03670865764044
23328,2.17,2.03670865764044
21215,0.94,2.03670865764044
9222,2.13,2.03670865764044
23606,1.4,2.03670865764044
16508,3.95,2.03670865764044
1,2.5,1.9718254427144677
22514,0.99,2.03670865764044
10337,1.17,1.9446548541645472
22962,1.08,2.03670865764044
6645,0.76,2.03670865764044
16587,2.58,1.9816510066771122
11294,1.52,2.03670865764044
21999,3.67,2.03670865764044
18185,4.1,2.130404821228488
2823,2.96,2.03670865764044
6288,1.16,2.03670865764044
23014,1.63,2.03670865764044
3790,0.96,2.03670865764044
1781,0.77,2.131476342177955
210,4.82,2.03670865764044
7257,2.33,1.9783154919221384
21653,1.79,2.03670865764044
70,4.14,1.9815822296999985
855,10.81,2.03670865764044
19219,1.55,2.03670865764044
17522,3.65,2.03670865764044
11804,1.64,2.03670865764044
23617,0.94,2.03670865764044
1287,1.14,2.03670865764044
19845,0.32,2.03670865764044
22864,3.03,2.03670865764044
16341,108.0,2.03670865764044
1547,2.59,2.03670865764044
5820,1.71,2.0640218236648904
11026,1.51,2.037331287081349
3568,0.57,2.03670865764044
1483,0.41,2.03670865764044
14333,0.84,2.03670865764044
23331,2.01,2.03670865764044
23050,3.78,2.03670865764044
9437,6.42,2.03670865764044
23185,0.72,2.03670865764044
9922,1.28,2.03670865764044
9030,0.59,2.03670865764044
23417,1.73,2.03670865764044
14728,1.03,2.03670865764044
23953,0.9,2.03670865764044
23790,1.04,2.03670865764044
23160,3.82,2.03670865764044
1924,1.96,1.8895495525933792
4961,1.36,2.03670865764044
23740,0.52,2.03670865764044
9279,1.47,1.7833426085053496
23824,1.58,2.03670865764044
8164,3.58,2.03670865764044
20858,1.35,2.03670865764044
7817,0.14,2.03670865764044
4010,0.57,2.03670865764044
11245,1.3,1.9333431850374048
22884,1.25,2.03670865764044
15291,2.35,2.03670865764044
1562,1.75,2.03670865764044
22966,1.8,2.03670865764044
23700,1.79,2.03670865764044
2974,1.75,2.03670865764044
3967,1.06,2.03670865764044
11474,3.25,2.03670865764044
7502,1.47,2.03670865764044
12747,1.22,2.03670865764044
1988,2.0,2.03670865764044
22447,1.91,2.03670865764044
15841,3.56,2.03670865764044
21978,1.97,1.8117853801696644
16926,0.68,2.03670865764044
8309,1.62,2.03670865764044
22605,1.6,2.03670865764044
21853,0.96,2.03670865764044
11009,1.14,2.03670865764044
4648,1.69,2.03670865764044
6844,1.27,2.03670865764044
3580,3.31,1.878074657723086
15044,0.54,1.7615832505705151
13121,0.99,2.03670865764044
19742,3.26,2.03670865764044
22752,1.4,2.03670865764044
22291,2.45,2.0545925952308646
11464,2.07,2.03670865764044
21564,0.66,2.03670865764044
7490,2.96,2.03670865764044
4954,0.66,2.03670865764044
1484,1.48,2.03670865764044
14763,1.22,2.03670865764044
2662,0.55,2.03670865764044
4149,0.99,1.7184089340785134
18918,1.96,2.03670865764044
22078,2.61,1.8429475705641798
14957,3.3,2.03670865764044
17443,1.72,2.03670865764044
14330,1.0,1.9058822750928595
21263,2.16,1.5936825451252934
12501,1.28,2.03670865764044
22518,2.64,2.03670865764044
22115,1.91,2.03670865764044
5120,3.53,2.03670865764044
22691,1.52,2.03670865764044
12948,2.88,2.03670865764044
4721,1.61,2.03670865764044
12034,0.48,2.03670865764044
9674,1.15,2.03670865764044
20837,1.42,2.03670865764044
18018,1.48,2.03670865764044
6023,2.75,2.03670865764044
5068,1.99,1.6839342088304305
16344,152.0,2.03670865764044
2124,1.46,2.03670865764044
11273,1.83,1.9336613816347448
1664,1.21,2.03670865764044
22997,1.44,2.03670865764044
802,2.03,2.03670865764044
13446,3.12,1.8357844698853425
16352,1.7,2.03670865764044
10575,1.42,1.9260415300995
13567,6.53,2.03670865764044
22683,1.54,2.03670865764044
14937,2.77,2.03670865764044
14613,2.1,2.03670865764044
11038,1.41,2.03670865764044
10923,0.84,2.1074361517487485
18697,0.5,2.03670865764044
137,3.37,2.03670865764044
23066,4.89,2.03670865764044
8658,0.69,2.03670865764044
16356,1.02,2.03670865764044
17349,8.02,2.03670865764044
19798,2.65,1.9800775875066274
20275,2.33,2.03670865764044
18572,3.56,2.03670865764044
6368,0.78,2.03670865764044
4040,1.17,2.03670865764044
15057,0.75,2.03670865764044
8080,1.25,2.03670865764044
11893,0.64,2.03670865764044
567,1.48,2.03670865764044
7845,0.06,2.03670865764044
18278,2.68,2.03670865764044
17645,0.88,2.03670865764044
204,2.79,2.03670865764044
16668,3.09,2.03670865764044
4671,1.08,2.03670865764044
19549,2.68,2.03670865764044
14327,2.72,2.03670865764044
14546,1.23,2.03670865764044
13469,1.18,2.03670865764044
16827,1.79,2.03670865764044
23249,1.29,2.03670865764044
2940,1.47,2.03670865764044
23188,3.35,2.03670865764044
9978,2.54,2.03670865764044
1419,2.48,2.03670865764044
1113,2.43,2.03670865764044
21993,1.44,2.03670865764044
6730,1.43,2.03670865764044
5651,1.57,2.03670865764044
23518,1.66,2.03670865764044
4839,1.27,2.03670865764044
13711,9.65,2.03670865764044
23382,4.65,2.03670865764044
22538,2.09,2.03670865764044
22642,1.49,2.03670865764044
23749,6.86,2.03670865764044
15693,0.25,2.03670865764044
6617,1.97,2.03670865764044
20138,0.71,2.03670865764044
16196,1.34,2.198809041036675
16105,2.78,1.9240714447827951
6122,2.99,2.0666607072141763
1492,0.33,2.03670865764044
9023,2.01,2.03670865764044
23241,1.22,2.03670865764044
7035,1.85,2.03670865764044
14467,4.57,2.03670865764044
8606,1.79,2.03670865764044
13141,4.12,2.03670865764044
14624,1.07,2.03670865764044
23355,3.2,2.03670865764044
749,1.0,2.03670865764044
23374,0.73,2.03670865764044
14016,0.41,2.03670865764044
17680,2.9,2.03670865764044
11985,2.68,2.03670865764044
3727,1.69,2.03670865764044
9321,2.03,2.03670865764044
23557,1.18,2.03670865764044
4512,7.44,2.03670865764044
17244,0.36,2.03670865764044
3607,1.55,2.03670865764044
8113,0.15,2.014041223733843
22948,0.13,2.03670865764044
3251,2.51,2.03670865764044
23144,1.39,2.03670865764044
17931,2.05,2.03670865764044
14354,1.2,2.03670865764044
20939,0.79,2.03670865764044
22020,1.47,1.8552087436577471
9567,1.25,2.03670865764044
13375,2.17,2.03670865764044
4595,1.81,2.0361418493386454
10617,1.13,2.03670865764044
12990,1.51,2.03670865764044
16373,1.85,2.03670865764044
1245,1.19,2.03670865764044
10263,2.1,2.03670865764044
22789,1.67,2.03670865764044
23046,2.25,2.03670865764044
12388,1.04,2.03670865764044
23361,1.28,2.03670865764044
7970,2.85,2.03670865764044
19339,2.07,2.03670865764044
9349,0.84,2.03670865764044
16428,0.08,2.03670865764044
7851,0.88,2.03670865764044
20785,3.03,2.03670865764044
18192,6.15,2.03670865764044
3893,1.2,2.03670865764044
14585,1.57,2.03670865764044
3614,0.97,2.03670865764044
1504,2.78,1.8518182459134023
18972,5.17,2.03670865764044
14629,3.36,2.03670865764044
18985,2.66,2.03670865764044
15426,1.6,2.03670865764044
6562,1.51,2.03670865764044
10353,1.29,2.03670865764044
20135,1.58,2.03670865764044
1531,0.71,2.03670865764044
10047,4.59,2.140911221763105
13860,1.45,1.8216957574941186
11289,1.54,2.03670865764044
8375,2.02,2.03670865764044
4207,3.28,2.03670865764044
20478,1.31,2.03670865764044
19080,2.84,2.03670865764044
15151,3.1,1.8349888737134963
12909,1.95,2.03670865764044
21014,4.35,2.03670865764044
4732,1.65,2.03670865764044
3427,1.25,2.03670865764044
17662,1.14,2.03670865764044
16991,1.12,2.03670865764044
21259,1.78,2.03670865764044
3857,3.98,2.03670865764044
1401,2.81,2.0925782484028232
12497,2.72,2.03670865764044
15026,2.3,2.050795202790563
10811,0.15,2.03670865764044
8371,1.96,2.0184132618751716
15195,1.4,2.03670865764044
8158,2.69,1.8614818802853303
11939,0.34,1.6119448314499933
8648,2.23,1.754615429072811
22598,0.62,2.03670865764044
8882,1.37,2.03670865764044
9121,1.77,2.03670865764044
22618,1.49,2.03670865764044
187,2.71,2.03670865764044
23508,1.84,2.03670865764044
9441,2.22,2.03670865764044
22493,2.08,2.03670865764044
23084,1.18,2.03670865764044
1474,0.94,2.03670865764044
22907,0.98,2.03670865764044
2430,2.76,1.8244961466484924
2757,1.56,2.03670865764044
23152,1.36,2.03670865764044
10630,0.93,1.200073286339264
2292,3.06,2.03670865764044
13250,0.63,2.03670865764044
23349,1.89,2.03670865764044
13507,1.24,2.0421296188067983
5056,2.1,2.03670865764044
21894,0.79,1.9653941542914977
22738,1.22,2.03670865764044
9336,0.87,2.03670865764044
4933,1.01,2.03670865764044
13365,0.8,2.03670865764044
5131,0.97,2.114084651519036
16218,1.0,2.03670865764044
644,1.62,2.03670865764044
4817,1.3,2.03670865764044
368,2.14,2.03670865764044
19495,2.36,2.03670865764044
7249,2.0,2.03670865764044
12926,1.28,2.03670865764044
12312,2.71,2.03670865764044
20384,2.61,2.03670865764044
11817,2.69,2.03670865764044
11507,1.3,2.116466800847329
22125,2.62,1.8891479977069274
11185,0.61,2.03670865764044
14483,2.13,2.03670865764044
3509,1.37,2.03670865764044
14905,0.54,2.1792264567943014
9490,2.34,2.03670865764044
13211,1.87,2.03670865764044
4389,0.86,2.03670865764044
22082,1.02,2.03670865764044
4739,1.05,2.03670865764044
21179,2.27,2.03670865764044
4517,4.6,2.03670865764044
17939,1.46,2.03670865764044
9097,1.38,2.03670865764044
21839,0.68,2.03670865764044
23253,2.32,2.03670865764044
5992,0.46,2.03670865764044
15952,2.22,2.03670865764044
15366,2.11,2.03670865764044
16527,4.06,2.03670865764044
23575,0.79,2.03670865764044
18776,1.64,2.03670865764044
20946,1.15,2.1950505498029096
15511,2.32,2.03670865764044
23457,1.53,2.03670865764044
10516,1.05,1.9800144805410116
13078,2.41,2.0935777463552565
21063,1.87,2.03670865764044
19442,6.21,2.090138729821648
10119,1.24,2.03670865764044
21008,1.29,2.03670865764044
16674,1.2,2.03670865764044
9076,1.13,2.03670865764044
19465,2.5,2.03670865764044
22405,2.83,2.03670865764044
23229,1.33,2.03670865764044
10192,1.56,1.6141996771152296
9958,2.61,2.03670865764044
14673,2.57,1.7994519133170592
6665,0.74,2.03670865764044
11148,1.17,2.03670865764044
10389,1.88,2.03670865764044
13439,1.13,1.816202524012101
23448,1.23,2.03670865764044
973,6.85,2.03670865764044
15876,2.02,2.03670865764044
22854,6.93,2.03670865764044
2714,0.96,2.031139909516691
11462,2.57,2.03670865764044
4797,1.41,1.9012683777088961
22573,1.53,2.03670865764044
23719,1.27,2.03670865764044
6185,1.65,2.03670865764044
13059,1.64,2.03670865764044
8488,2.26,2.03670865764044
22779,2.03,2.03670865764044
15992,0.49,2.03670865764044
23262,0.77,2.03670865764044
18654,1.22,2.222245794984599
11110,2.21,2.03670865764044
5713,1.61,2.03670865764044
5573,1.17,2.03670865764044
4872,2.45,2.03670865764044
467,2.17,2.03670865764044
22141,0.99,1.8039064906556739
13826,1.96,2.03670865764044
21031,4.6,2.03670865764044
5060,0.49,2.03670865764044
4065,1.92,2.03670865764044
15916,2.29,2.03670865764044
11620,0.51,2.03670865764044
4583,2.97,2.0525139543252857
15024,2.44,2.03670865764044
10626,1.24,2.03670865764044
23920,1.52,2.03670865764044
18773,2.89,2.03670865764044
8362,1.06,1.8215932970793967
21402,1.29,2.03670865764044
592,3.93,2.03670865764044
22728,2.13,2.03670865764044
14832,2.52,2.03670865764044
3827,1.16,2.03670865764044
22173,0.85,2.03670865764044
10830,1.24,2.03670865764044
1760,1.83,1.7886913973279235
10233,6.51,2.03670865764044
4802,1.54,2.0741634561544045
2647,3.1,2.03670865764044
1911,3.23,2.03670865764044
21471,1.63,2.03670865764044
6222,2.76,2.03670865764044
10079,0.15,2.03670865764044
982,5.89,1.9877159748334412
10746,1.61,2.03670865764044
6885,0.88,2.03670865764044
14863,1.28,2.03670865764044
6660,2.15,2.03670865764044
22931,2.28,2.03670865764044
4094,1.41,1.9154138654086084
21141,0.44,2.03670865764044
23423,2.89,2.03670865764044
5911,1.27,2.03670865764044
17811,1.73,2.03670865764044
21275,1.53,2.03670865764044
5224,2.21,2.03670865764044
21207,0.15,2.03670865764044
16084,1.83,2.03670865764044
9124,1.44,2.03670865764044
10995,1.62,2.03670865764044
3173,2.35,2.03670865764044
1217,1.66,2.03670865764044
11558,1.58,2.03670865764044
19519,1.3,2.03670865764044
7401,2.76,2.03670865764044
20351,1.2,2.03670865764044
3224,0.94,2.084524605181124
23843,3.77,2.03670865764044
176,2.1,2.03670865764044
22264,0.65,1.826077437707447
120,1.5,2.03670865764044
9977,3.86,2.03670865764044
21795,1.74,1.8833416075405394
23426,3.19,2.03670865764044
3635,1.64,1.8730029379117559
13016,2.35,2.03670865764044
4025,1.8,1.9742202004972673
272,2.95,1.7001125352379272
793,2.4,2.03670865764044
23637,0.8,2.03670865764044
11623,0.42,2.03670865764044
11977,2.36,2.03670865764044
4789,1.98,2.03670865764044
2316,0.9,2.0123553731973876
22009,1.91,2.03670865764044
5753,1.63,2.03670865764044
10550,1.48,1.8237297379852921
23468,2.35,2.03670865764044
