,y_test,prediction
8600,1.58,1.9755000000000005
22895,1.44,2.0575744470017185
6450,3.21,2.0575744470017185
3582,1.91,2.0575744470017185
9227,0.7,2.0575744470017185
5153,3.31,2.0575744470017185
5147,0.38,2.0575744470017185
11633,2.92,2.3691000000000004
1216,1.67,1.7219999999999995
18328,1.13,2.0575744470017185
16691,2.01,2.0575744470017185
18703,1.45,2.0575744470017185
3232,0.83,1.7844000000000002
23113,2.57,2.0575744470017185
12024,2.18,2.0575744470017185
21899,2.42,1.8059000000000012
21801,1.75,2.0575744470017185
20539,1.09,1.6793000000000007
4085,1.87,2.0575744470017185
6187,1.09,2.0575744470017185
22033,1.87,2.0575744470017185
22389,1.74,2.0575744470017185
4184,1.19,2.0575744470017185
3387,4.45,2.0575744470017185
14607,4.44,2.0575744470017185
1239,2.39,2.0575744470017185
6533,3.02,2.0575744470017185
23173,1.4,2.0575744470017185
8759,2.85,2.0575744470017185
23832,1.2,2.0575744470017185
6635,3.4,2.0575744470017185
22367,2.85,1.3663000000000005
4412,0.87,2.0575744470017185
2755,2.2,2.0575744470017185
11565,1.64,2.1171999999999986
23493,5.52,2.0575744470017185
1814,0.99,1.7319
1631,2.08,2.0575744470017185
13090,0.53,2.0575744470017185
23641,2.6,2.0575744470017185
19348,3.05,2.0575744470017185
14628,2.53,2.0575744470017185
10654,0.55,2.0575744470017185
14230,2.39,1.7963999999999993
2458,1.44,2.0575744470017185
21785,1.85,1.6466000000000007
15519,0.79,2.0575744470017185
23100,2.17,2.0575744470017185
5627,1.39,2.0575744470017185
8385,0.94,2.0575744470017185
10743,3.07,1.755199999999999
9847,0.8,2.0575744470017185
11128,1.46,1.8951228011472272
18994,2.59,2.0575744470017185
22816,1.48,2.0575744470017185
16705,0.29,2.0575744470017185
6669,1.47,2.0575744470017185
3652,2.1,2.0575744470017185
23257,2.05,2.0575744470017185
5118,0.73,2.0575744470017185
96,1.14,2.0575744470017185
11850,1.39,2.0575744470017185
20032,2.79,2.0575744470017185
19511,1.28,1.7048999999999999
935,1.6,1.8289999999999995
20182,2.39,2.0575744470017185
20927,1.47,2.901699999999999
8056,0.99,1.758822801147228
20613,2.49,2.0575744470017185
5148,1.84,2.0575744470017185
22960,2.13,2.0575744470017185
13950,1.85,2.0575744470017185
22898,1.59,2.0575744470017185
4123,0.35,2.0575744470017185
14413,0.9,2.0575744470017185
2616,1.22,2.1287
11861,2.5,2.0575744470017185
7925,1.44,2.0575744470017185
23651,2.59,2.0575744470017185
13003,1.1,2.0575744470017185
23711,1.95,2.0575744470017185
1926,2.13,2.0575744470017185
15639,1.4,1.5775
23342,2.71,2.0575744470017185
2348,4.19,2.0575744470017185
2857,2.66,1.7671809751434033
13442,0.95,2.0575744470017185
12122,1.84,2.0575744470017185
19780,2.55,1.4879999999999995
1506,1.7,2.0575744470017185
16276,0.69,2.0575744470017185
16294,2.55,2.0575744470017185
2049,2.31,2.0575744470017185
2440,3.49,2.0575744470017185
8543,1.59,2.0575744470017185
23524,2.86,2.0575744470017185
285,0.8,2.0575744470017185
22597,1.51,2.0575744470017185
16683,2.4,3.326299999999999
23491,1.42,2.0575744470017185
14776,1.16,4.499399999999999
1615,2.93,2.0575744470017185
14766,1.76,2.0575744470017185
22889,2.32,2.0575744470017185
20336,0.97,2.0575744470017185
4543,0.68,2.0575744470017185
5664,1.98,2.076
16153,0.67,2.0575744470017185
7336,2.94,2.0575744470017185
22350,2.32,2.0575744470017185
1711,1.72,2.0575744470017185
2373,1.53,2.0575744470017185
21515,1.42,2.0575744470017185
20838,1.81,2.0575744470017185
1880,1.59,1.494
2727,2.0,2.0575744470017185
9285,2.62,2.0575744470017185
23795,1.07,2.0575744470017185
22970,2.4,2.0575744470017185
3797,2.11,2.0575744470017185
11965,2.77,2.0575744470017185
5064,5.31,2.0575744470017185
12432,1.37,2.0575744470017185
17189,2.82,2.0575744470017185
20129,1.02,2.0575744470017185
5744,1.17,1.6701000000000001
23076,1.0,2.0575744470017185
22419,7.88,2.0575744470017185
5384,1.15,2.0575744470017185
21813,1.59,2.0575744470017185
21580,3.19,2.0575744470017185
9906,0.8,2.0575744470017185
22867,1.52,2.0575744470017185
9254,4.43,2.0575744470017185
6401,4.43,2.0575744470017185
14350,0.89,2.0575744470017185
15891,2.85,2.0575744470017185
18257,0.95,2.0575744470017185
9390,1.7,2.0575744470017185
1460,1.4,2.0575744470017185
410,0.79,2.0575744470017185
2720,7.54,2.0575744470017185
398,1.51,2.0575744470017185
5875,1.11,1.5709999999999997
526,1.03,2.0575744470017185
14618,2.66,2.0575744470017185
23413,1.87,2.0575744470017185
6679,2.74,2.0575744470017185
15603,3.0,2.0575744470017185
6995,4.54,2.0575744470017185
22612,1.17,2.0575744470017185
1054,1.54,2.0575744470017185
22268,1.01,1.5842999999999996
13771,1.17,2.0575744470017185
7746,1.26,2.0575744470017185
3860,2.34,2.0575744470017185
616,3.41,2.0575744470017185
14966,3.96,2.0575744470017185
15893,9.91,2.0575744470017185
2053,5.39,2.0575744470017185
9300,1.57,2.0575744470017185
7145,1.78,2.0575744470017185
23286,0.94,2.0575744470017185
10412,0.18,2.0575744470017185
23647,1.36,2.0575744470017185
20141,2.03,2.2325
7346,1.5,2.0575744470017185
2177,1.49,2.0575744470017185
15958,0.8,2.3583999999999996
16254,1.53,1.4235999999999998
9827,1.11,1.6124
2042,0.57,2.0575744470017185
17187,0.96,1.8692999999999997
4348,3.19,1.4771
14920,1.65,1.4322
14909,1.98,2.0575744470017185
4294,1.75,2.0575744470017185
19966,1.62,2.0575744470017185
23612,1.1,2.0575744470017185
3976,2.23,2.0575744470017185
4398,0.59,2.0575744470017185
11755,2.92,2.0575744470017185
10456,1.61,2.0575744470017185
2101,1.21,2.0575744470017185
21443,1.98,2.0575744470017185
680,2.09,2.0575744470017185
3081,1.68,2.0575744470017185
11717,2.73,2.0575744470017185
5467,2.95,2.0575744470017185
1258,1.6,2.0575744470017185
8931,2.08,2.0575744470017185
297,0.94,2.3895000000000017
22840,2.6,2.0575744470017185
18729,1.16,2.0575744470017185
5785,1.83,2.0575744470017185
2022,1.25,2.0575744470017185
3899,2.84,2.0575744470017185
7004,2.79,2.0575744470017185
23069,3.84,2.0575744470017185
1799,0.65,1.4440000000000006
1315,0.96,2.0575744470017185
19400,1.42,2.0575744470017185
16614,2.5,2.0575744470017185
23328,2.17,2.0575744470017185
21215,0.94,2.0575744470017185
9222,2.13,2.0575744470017185
23606,1.4,2.0575744470017185
16508,3.95,2.0575744470017185
1,2.5,3.5761000000000003
22514,0.99,2.0575744470017185
10337,1.17,1.9773999999999992
22962,1.08,2.0575744470017185
6645,0.76,2.0575744470017185
16587,2.58,2.8941
11294,1.52,2.0575744470017185
21999,3.67,2.0575744470017185
18185,4.1,1.6543999999999996
2823,2.96,2.0575744470017185
6288,1.16,2.0575744470017185
23014,1.63,2.0575744470017185
3790,0.96,2.0575744470017185
1781,0.77,2.3730999999999995
210,4.82,2.0575744470017185
7257,2.33,1.6739000000000006
21653,1.79,2.0575744470017185
70,4.14,1.6429
855,10.81,2.0575744470017185
19219,1.55,2.0575744470017185
17522,3.65,2.0575744470017185
11804,1.64,2.0575744470017185
23617,0.94,2.0575744470017185
1287,1.14,2.0575744470017185
19845,0.32,2.0575744470017185
22864,3.03,2.0575744470017185
16341,108.0,2.0575744470017185
1547,2.59,2.0575744470017185
5820,1.71,1.5291
11026,1.51,2.0750999999999995
3568,0.57,2.0575744470017185
1483,0.41,2.0575744470017185
14333,0.84,2.0575744470017185
23331,2.01,2.0575744470017185
23050,3.78,2.0575744470017185
9437,6.42,2.0575744470017185
23185,0.72,2.0575744470017185
9922,1.28,2.0575744470017185
9030,0.59,2.0575744470017185
23417,1.73,2.0575744470017185
14728,1.03,2.0575744470017185
23953,0.9,2.0575744470017185
23790,1.04,2.0575744470017185
23160,3.82,2.0575744470017185
1924,1.96,1.8991000000000011
4961,1.36,2.0575744470017185
23740,0.52,2.0575744470017185
9279,1.47,1.6497
23824,1.58,2.0575744470017185
8164,3.58,2.0575744470017185
20858,1.35,2.0575744470017185
7817,0.14,2.0575744470017185
4010,0.57,2.0575744470017185
11245,1.3,1.5510999999999995
22884,1.25,2.0575744470017185
15291,2.35,2.0575744470017185
1562,1.75,2.0575744470017185
22966,1.8,2.0575744470017185
23700,1.79,2.0575744470017185
2974,1.75,2.0575744470017185
3967,1.06,2.0575744470017185
11474,3.25,2.0575744470017185
7502,1.47,2.0575744470017185
12747,1.22,2.0575744470017185
1988,2.0,2.0575744470017185
22447,1.91,2.0575744470017185
15841,3.56,2.0575744470017185
21978,1.97,1.6481999999999997
16926,0.68,2.0575744470017185
8309,1.62,2.0575744470017185
22605,1.6,2.0575744470017185
21853,0.96,2.0575744470017185
11009,1.14,2.0575744470017185
4648,1.69,2.0575744470017185
6844,1.27,2.0575744470017185
3580,3.31,1.5073999999999999
15044,0.54,2.5182999999999995
13121,0.99,2.0575744470017185
19742,3.26,2.0575744470017185
22752,1.4,2.0575744470017185
22291,2.45,2.5937443056222973
11464,2.07,2.0575744470017185
21564,0.66,2.0575744470017185
7490,2.96,2.0575744470017185
4954,0.66,2.0575744470017185
1484,1.48,2.0575744470017185
14763,1.22,2.0575744470017185
2662,0.55,2.0575744470017185
4149,0.99,1.7404
18918,1.96,2.0575744470017185
22078,2.61,2.1782999999999992
14957,3.3,2.0575744470017185
17443,1.72,2.0575744470017185
14330,1.0,1.9043
21263,2.16,1.7181000000000008
12501,1.28,2.0575744470017185
22518,2.64,2.0575744470017185
22115,1.91,2.0575744470017185
5120,3.53,2.0575744470017185
22691,1.52,2.0575744470017185
12948,2.88,2.0575744470017185
4721,1.61,2.0575744470017185
12034,0.48,2.0575744470017185
9674,1.15,2.0575744470017185
20837,1.42,2.0575744470017185
18018,1.48,2.0575744470017185
6023,2.75,2.0575744470017185
5068,1.99,1.5833000000000002
16344,152.0,2.0575744470017185
2124,1.46,2.0575744470017185
11273,1.83,1.3487
1664,1.21,2.0575744470017185
22997,1.44,2.0575744470017185
802,2.03,2.0575744470017185
13446,3.12,1.5642000000000007
16352,1.7,2.0575744470017185
10575,1.42,1.7287000000000001
13567,6.53,2.0575744470017185
22683,1.54,2.0575744470017185
14937,2.77,2.0575744470017185
14613,2.1,2.0575744470017185
11038,1.41,2.0575744470017185
10923,0.84,2.1012999999999997
18697,0.5,2.0575744470017185
137,3.37,2.0575744470017185
23066,4.89,2.0575744470017185
8658,0.69,2.0575744470017185
16356,1.02,2.0575744470017185
17349,8.02,2.0575744470017185
19798,2.65,1.5739999999999994
20275,2.33,2.0575744470017185
18572,3.56,2.0575744470017185
6368,0.78,2.0575744470017185
4040,1.17,2.0575744470017185
15057,0.75,2.0575744470017185
8080,1.25,2.0575744470017185
11893,0.64,2.0575744470017185
567,1.48,2.0575744470017185
7845,0.06,2.0575744470017185
18278,2.68,2.0575744470017185
17645,0.88,2.0575744470017185
204,2.79,2.0575744470017185
16668,3.09,2.0575744470017185
4671,1.08,2.0575744470017185
19549,2.68,2.0575744470017185
14327,2.72,2.0575744470017185
14546,1.23,2.0575744470017185
13469,1.18,2.0575744470017185
16827,1.79,2.0575744470017185
23249,1.29,2.0575744470017185
2940,1.47,2.0575744470017185
23188,3.35,2.0575744470017185
9978,2.54,2.0575744470017185
1419,2.48,2.0575744470017185
1113,2.43,2.0575744470017185
21993,1.44,2.0575744470017185
6730,1.43,2.0575744470017185
5651,1.57,2.0575744470017185
23518,1.66,2.0575744470017185
4839,1.27,2.0575744470017185
13711,9.65,2.0575744470017185
23382,4.65,2.0575744470017185
22538,2.09,2.0575744470017185
22642,1.49,2.0575744470017185
23749,6.86,2.0575744470017185
15693,0.25,2.0575744470017185
6617,1.97,2.0575744470017185
20138,0.71,2.0575744470017185
16196,1.34,1.6442
16105,2.78,2.215800000000001
6122,2.99,1.49
1492,0.33,2.0575744470017185
9023,2.01,2.0575744470017185
23241,1.22,2.0575744470017185
7035,1.85,2.0575744470017185
14467,4.57,2.0575744470017185
8606,1.79,2.0575744470017185
13141,4.12,2.0575744470017185
14624,1.07,2.0575744470017185
23355,3.2,2.0575744470017185
749,1.0,2.0575744470017185
23374,0.73,2.0575744470017185
14016,0.41,2.0575744470017185
17680,2.9,2.0575744470017185
11985,2.68,2.0575744470017185
3727,1.69,2.0575744470017185
9321,2.03,2.0575744470017185
23557,1.18,2.0575744470017185
4512,7.44,2.0575744470017185
17244,0.36,2.0575744470017185
3607,1.55,2.0575744470017185
8113,0.15,2.104739176245211
22948,0.13,2.0575744470017185
3251,2.51,2.0575744470017185
23144,1.39,2.0575744470017185
17931,2.05,2.0575744470017185
14354,1.2,2.0575744470017185
20939,0.79,2.0575744470017185
22020,1.47,1.5603
9567,1.25,2.0575744470017185
13375,2.17,2.0575744470017185
4595,1.81,1.5398999999999996
10617,1.13,2.0575744470017185
12990,1.51,2.0575744470017185
16373,1.85,2.0575744470017185
1245,1.19,2.0575744470017185
10263,2.1,2.0575744470017185
22789,1.67,2.0575744470017185
23046,2.25,2.0575744470017185
12388,1.04,2.0575744470017185
23361,1.28,2.0575744470017185
7970,2.85,2.0575744470017185
19339,2.07,2.0575744470017185
9349,0.84,2.0575744470017185
16428,0.08,2.0575744470017185
7851,0.88,2.0575744470017185
20785,3.03,2.0575744470017185
18192,6.15,2.0575744470017185
3893,1.2,2.0575744470017185
14585,1.57,2.0575744470017185
3614,0.97,2.0575744470017185
1504,2.78,1.8734000000000004
18972,5.17,2.0575744470017185
14629,3.36,2.0575744470017185
18985,2.66,2.0575744470017185
15426,1.6,2.0575744470017185
6562,1.51,2.0575744470017185
10353,1.29,2.0575744470017185
20135,1.58,2.0575744470017185
1531,0.71,2.0575744470017185
10047,4.59,2.389100000000001
13860,1.45,1.6288
11289,1.54,2.0575744470017185
8375,2.02,2.0575744470017185
4207,3.28,2.0575744470017185
20478,1.31,2.0575744470017185
19080,2.84,2.0575744470017185
15151,3.1,1.6341999999999999
12909,1.95,2.0575744470017185
21014,4.35,2.0575744470017185
4732,1.65,2.0575744470017185
3427,1.25,2.0575744470017185
17662,1.14,2.0575744470017185
16991,1.12,2.0575744470017185
21259,1.78,2.0575744470017185
3857,3.98,2.0575744470017185
1401,2.81,1.9983796650717702
12497,2.72,2.0575744470017185
15026,2.3,1.7008999999999994
10811,0.15,2.0575744470017185
8371,1.96,2.019
15195,1.4,2.0575744470017185
8158,2.69,1.7760999999999996
11939,0.34,1.6294000000000002
8648,2.23,2.002799999999999
22598,0.62,2.0575744470017185
8882,1.37,2.0575744470017185
9121,1.77,2.0575744470017185
22618,1.49,2.0575744470017185
187,2.71,2.0575744470017185
23508,1.84,2.0575744470017185
9441,2.22,2.0575744470017185
22493,2.08,2.0575744470017185
23084,1.18,2.0575744470017185
1474,0.94,2.0575744470017185
22907,0.98,2.0575744470017185
2430,2.76,2.5654000000000003
2757,1.56,2.0575744470017185
23152,1.36,2.0575744470017185
10630,0.93,1.9507999999999999
2292,3.06,2.0575744470017185
13250,0.63,2.0575744470017185
23349,1.89,2.0575744470017185
13507,1.24,1.8711999999999998
5056,2.1,2.0575744470017185
21894,0.79,1.4672999999999998
22738,1.22,2.0575744470017185
9336,0.87,2.0575744470017185
4933,1.01,2.0575744470017185
13365,0.8,2.0575744470017185
5131,0.97,1.8644000000000003
16218,1.0,2.0575744470017185
644,1.62,2.0575744470017185
4817,1.3,2.0575744470017185
368,2.14,2.0575744470017185
19495,2.36,2.0575744470017185
7249,2.0,2.0575744470017185
12926,1.28,2.0575744470017185
12312,2.71,2.0575744470017185
20384,2.61,2.0575744470017185
11817,2.69,2.0575744470017185
11507,1.3,1.7164
22125,2.62,1.5177
11185,0.61,2.0575744470017185
14483,2.13,2.0575744470017185
3509,1.37,2.0575744470017185
14905,0.54,2.5934337142857156
9490,2.34,2.0575744470017185
13211,1.87,2.0575744470017185
4389,0.86,2.0575744470017185
22082,1.02,2.0575744470017185
4739,1.05,2.0575744470017185
21179,2.27,2.0575744470017185
4517,4.6,2.0575744470017185
17939,1.46,2.0575744470017185
9097,1.38,2.0575744470017185
21839,0.68,2.0575744470017185
23253,2.32,2.0575744470017185
5992,0.46,2.0575744470017185
15952,2.22,2.0575744470017185
15366,2.11,2.0575744470017185
16527,4.06,2.0575744470017185
23575,0.79,2.0575744470017185
18776,1.64,2.0575744470017185
20946,1.15,2.018399999999999
15511,2.32,2.0575744470017185
23457,1.53,2.0575744470017185
10516,1.05,1.5835
13078,2.41,1.8407999999999998
21063,1.87,2.0575744470017185
19442,6.21,2.1015
10119,1.24,2.0575744470017185
21008,1.29,2.0575744470017185
16674,1.2,2.0575744470017185
9076,1.13,2.0575744470017185
19465,2.5,2.0575744470017185
22405,2.83,2.0575744470017185
23229,1.33,2.0575744470017185
10192,1.56,1.4827000000000004
9958,2.61,2.0575744470017185
14673,2.57,2.3448999999999978
6665,0.74,2.0575744470017185
11148,1.17,2.0575744470017185
10389,1.88,2.0575744470017185
13439,1.13,1.9101000000000006
23448,1.23,2.0575744470017185
973,6.85,2.0575744470017185
15876,2.02,2.0575744470017185
22854,6.93,2.0575744470017185
2714,0.96,1.9824999999999995
11462,2.57,2.0575744470017185
4797,1.41,1.5614999999999994
22573,1.53,2.0575744470017185
23719,1.27,2.0575744470017185
6185,1.65,2.0575744470017185
13059,1.64,2.0575744470017185
8488,2.26,2.0575744470017185
22779,2.03,2.0575744470017185
15992,0.49,2.0575744470017185
23262,0.77,2.0575744470017185
18654,1.22,2.256193240651965
11110,2.21,2.0575744470017185
5713,1.61,2.0575744470017185
5573,1.17,2.0575744470017185
4872,2.45,2.0575744470017185
467,2.17,2.0575744470017185
22141,0.99,1.9633999999999991
13826,1.96,2.0575744470017185
21031,4.6,2.0575744470017185
5060,0.49,2.0575744470017185
4065,1.92,2.0575744470017185
15916,2.29,2.0575744470017185
11620,0.51,2.0575744470017185
4583,2.97,1.642099999999999
15024,2.44,2.0575744470017185
10626,1.24,2.0575744470017185
23920,1.52,2.0575744470017185
18773,2.89,2.0575744470017185
8362,1.06,1.4958
21402,1.29,2.0575744470017185
592,3.93,2.0575744470017185
22728,2.13,2.0575744470017185
14832,2.52,2.0575744470017185
3827,1.16,2.0575744470017185
22173,0.85,2.0575744470017185
10830,1.24,2.0575744470017185
1760,1.83,1.824599999999999
10233,6.51,2.0575744470017185
4802,1.54,1.5181000000000007
2647,3.1,2.0575744470017185
1911,3.23,2.0575744470017185
21471,1.63,2.0575744470017185
6222,2.76,2.0575744470017185
10079,0.15,2.0575744470017185
982,5.89,1.533095169082126
10746,1.61,2.0575744470017185
6885,0.88,2.0575744470017185
14863,1.28,2.0575744470017185
6660,2.15,2.0575744470017185
22931,2.28,2.0575744470017185
4094,1.41,2.0644000000000005
21141,0.44,2.0575744470017185
23423,2.89,2.0575744470017185
5911,1.27,2.0575744470017185
17811,1.73,2.0575744470017185
21275,1.53,2.0575744470017185
5224,2.21,2.0575744470017185
21207,0.15,2.0575744470017185
16084,1.83,2.0575744470017185
9124,1.44,2.0575744470017185
10995,1.62,2.0575744470017185
3173,2.35,2.0575744470017185
1217,1.66,2.0575744470017185
11558,1.58,2.0575744470017185
19519,1.3,2.0575744470017185
7401,2.76,2.0575744470017185
20351,1.2,2.0575744470017185
3224,0.94,1.9967999999999997
23843,3.77,2.0575744470017185
176,2.1,2.0575744470017185
22264,0.65,1.4988000000000006
120,1.5,2.0575744470017185
9977,3.86,2.0575744470017185
21795,1.74,1.9182333489901366
23426,3.19,2.0575744470017185
3635,1.64,2.7716999999999996
13016,2.35,2.0575744470017185
4025,1.8,1.6203000000000003
272,2.95,2.947
793,2.4,2.0575744470017185
23637,0.8,2.0575744470017185
11623,0.42,2.0575744470017185
11977,2.36,2.0575744470017185
4789,1.98,2.0575744470017185
2316,0.9,1.5407999999999995
22009,1.91,2.0575744470017185
5753,1.63,2.0575744470017185
10550,1.48,2.244299999999998
23468,2.35,2.0575744470017185
