,y_test,prediction
16154,1,1
9959,1,0
21570,1,1
22159,1,1
5809,1,0
15894,1,0
21192,1,1
16452,1,1
15797,1,1
11152,1,1
5469,0,0
21456,1,0
21331,1,0
9993,1,1
22383,0,1
22256,1,1
15322,1,1
10054,1,0
5756,1,1
4992,1,1
21365,1,1
22022,1,1
4753,1,1
5790,1,1
15902,1,1
22283,1,0
3984,1,0
21576,1,1
4442,1,1
10594,0,1
11131,1,1
10076,1,1
15939,1,1
10826,1,1
5806,1,1
10747,1,1
16074,1,1
4676,1,1
21244,1,1
22290,1,1
10614,1,1
21253,1,0
21602,1,0
5470,1,1
16007,1,1
11044,1,1
4692,1,1
4657,1,1
5092,1,1
21058,1,1
10825,1,1
21650,1,0
21869,1,1
21195,1,0
21453,1,0
5230,1,0
5752,1,0
9881,1,0
22177,1,0
10077,1,0
21794,1,0
3995,1,1
22144,1,1
21281,1,1
11267,1,0
10265,1,1
10489,1,0
21863,1,0
21334,0,0
15640,1,1
11017,1,1
16139,1,1
4955,1,1
15076,1,1
20718,1,0
5793,1,1
4469,1,1
15398,1,1
5048,1,1
15290,1,1
15903,1,1
15323,1,1
21284,1,0
16310,1,0
20618,1,0
4966,1,0
21933,1,0
10958,1,1
21733,1,1
14945,1,1
21265,1,1
22303,1,1
4595,1,1
11085,1,1
15187,1,0
5474,1,1
21840,1,1
10243,1,1
5775,1,1
16226,1,1
10732,1,1
4168,1,1
10120,1,0
9916,1,1
9685,1,1
21604,1,1
22340,1,0
16233,1,1
21429,1,1
5776,1,1
21637,1,1
21875,1,1
5383,1,1
5155,1,1
11198,1,1
21488,1,0
15667,1,0
22254,1,1
4730,1,0
4736,1,1
10598,1,1
11200,1,1
21713,1,0
20722,1,0
5791,1,1
4932,1,0
15443,1,0
21814,1,1
15842,1,0
21392,1,0
11204,1,1
10923,1,1
10591,1,1
21979,1,0
20620,1,0
14953,1,1
22090,1,0
4996,1,1
10889,0,0
15910,1,0
4152,1,1
5339,1,0
10743,1,1
20978,1,1
4556,1,0
15167,1,1
16142,1,1
10355,1,1
4062,1,1
16499,0,0
16357,1,1
5312,1,1
11233,1,1
21267,1,1
15137,1,0
5612,1,1
22266,1,1
16188,1,1
9908,1,1
21398,1,1
9954,1,1
4617,1,0
9997,1,1
11130,1,1
15899,1,1
11211,1,1
4427,1,0
5567,1,1
10013,1,1
16078,1,1
21657,1,1
15169,1,1
11065,1,1
9868,1,1
4751,1,1
20995,1,0
15491,1,1
11023,1,1
15834,1,0
10298,1,0
16386,1,1
21262,1,0
10274,1,1
4435,1,0
10548,1,1
10395,1,1
5782,1,1
21770,1,1
5298,1,1
4328,1,1
21521,1,1
21895,1,1
21899,1,0
4962,1,1
4833,1,1
10460,1,1
4871,1,1
16112,1,1
22141,1,0
21810,1,1
15908,1,0
4099,1,0
21705,1,1
16394,1,1
10455,1,1
10297,1,0
22127,1,1
10854,1,1
11157,0,0
5070,1,1
10569,1,1
10932,1,1
11277,1,1
22357,1,0
11261,0,1
21490,1,0
15810,1,1
22178,1,0
21719,1,1
10592,1,1
21685,1,1
5830,1,1
2134,1,1
10295,1,1
5397,1,1
5265,1,0
4705,1,1
16072,1,1
4888,1,1
16037,1,1
4711,1,1
20808,1,1
16353,1,0
10647,1,0
21867,1,0
11020,1,1
16295,1,1
15255,1,1
5042,1,1
10300,1,1
10555,1,1
10622,1,1
22164,1,1
21603,1,1
22125,1,1
22083,1,1
3987,1,0
10045,1,1
16380,1,1
10653,1,0
5767,1,1
10620,1,1
22261,1,0
10557,1,1
9976,1,1
11140,1,1
20910,1,0
10590,1,1
4883,1,1
15958,1,1
22187,1,1
10225,1,1
22262,1,0
10142,1,0
19774,1,0
10131,1,1
15755,1,1
4994,1,1
22094,1,0
5788,1,1
4886,1,1
15512,1,1
10320,1,1
15143,1,0
15514,1,1
15682,1,0
10996,1,0
4707,1,1
10831,1,1
16402,1,1
16093,1,0
14672,1,1
15692,1,1
3593,1,0
5065,1,1
15919,1,0
5152,1,0
10201,1,1
15664,1,1
5172,1,0
11184,1,0
16055,1,0
16477,1,1
5135,1,1
16285,1,0
9766,1,0
4261,1,0
3968,1,0
22263,1,0
15909,1,0
5410,1,0
5174,1,1
22192,1,1
10408,1,1
16400,1,1
10436,1,1
21763,1,1
20617,1,0
16446,1,1
15684,1,1
9966,1,0
10644,1,1
21689,1,1
15668,1,0
22339,1,0
21889,1,1
15296,0,0
10751,1,1
20552,1,1
